6907777822948_camera0-11.jpg 105 1410.42 1070.84 1257.39 827.42 306.05 486.83
6907777822948_camera0-10.jpg 105 1414.52 1076.25 1255.15 830.45 318.74 491.59
6907777822948_camera0-12.jpg 105 1412.79 1070.31 1250.06 823.94 325.46 492.74
6907777822948_camera0-13.jpg 105 1407.11 1067.33 1240.07 826.63 334.08 481.4
6907777822948_camera0-14.jpg 105 1409.75 1071.28 1232.18 824.0 355.13 494.55
6907777822948_camera0-26.jpg 105 1392.38 1073.61 1222.87 824.29 339.03 498.64
6907777822948_camera0-27.jpg 105 1393.16 1075.84 1219.18 824.24 347.96 503.19
6907777822948_camera0-29.jpg 105 1395.53 1073.9 1227.76 826.33 335.53 495.15
6907777822948_camera0-31.jpg 105 1403.18 1075.37 1244.74 828.61 316.89 493.52
6907777822948_camera0-6.jpg 105 1426.74 1075.9 1261.99 825.65 329.51 500.5
6907777822948_camera0-9.jpg 105 1418.86 1074.86 1255.52 826.69 326.67 496.34
6907777822948_camera0-8.jpg 105 1422.72 1071.48 1251.61 823.29 342.23 496.38
6907777822948_camera1-10.jpg 105 1267.59 993.14 1110.8 770.72 313.58 444.85
6907777822948_camera1-11.jpg 105 1266.42 991.22 1105.21 768.48 322.43 445.47
6907777822948_camera3-10.jpg 105 1381.8 1226.77 1223.6 969.17 316.41 515.2
6907777822948_camera3-11.jpg 105 1383.71 1228.47 1224.0 974.98 319.42 506.99
6907777822948_camera3-13.jpg 105 1372.91 1223.85 1195.35 960.79 355.13 526.12
6907777822948_camera3-12.jpg 105 1382.66 1227.15 1217.39 970.51 330.54 513.29
6907777822948_camera3-25.jpg 105 1369.22 1240.72 1200.67 972.95 337.09 535.54
6907777822948_camera3-29.jpg 105 1370.29 1244.9 1197.98 976.58 344.61 536.64
6907777822948_camera3-31.jpg 105 1379.76 1240.59 1211.96 975.64 335.59 529.89
6907777822948_camera3-6.jpg 105 1392.34 1235.08 1221.58 962.85 341.52 544.46
6907777822948_camera3-7.jpg 105 1387.18 1231.63 1225.43 972.02 323.5 519.22
6907777822948_camera3-8.jpg 105 1385.64 1227.27 1227.29 968.33 316.7 517.87
