6907992504476_camera0-12.jpg 107 1444.33 1068.41 1285.75 813.9 317.15 509.03
6907992504476_camera0-15.jpg 107 1445.26 1071.28 1274.27 810.85 341.98 520.86
6907992504476_camera0-1.jpg 107 1376.17 1075.98 1264.86 818.61 222.63 514.74
6907992504476_camera0-25.jpg 107 1409.86 1069.25 1258.42 821.08 302.88 496.34
6907992504476_camera0-26.jpg 107 1405.22 1068.45 1241.13 818.07 328.17 500.76
6907992504476_camera0-22.jpg 107 1428.57 1070.58 1317.79 824.56 221.55 492.04
6907992504476_camera0-21.jpg 107 1434.03 1066.31 1331.53 807.9 205.0 516.82
6907992504476_camera0-32.jpg 107 1375.15 1067.85 1215.51 821.35 319.29 492.99
6907992504476_camera0-34.jpg 107 1374.2 1071.26 1207.69 823.2 333.01 496.12
6907992504476_camera0-5.jpg 107 1409.57 1076.35 1252.17 818.27 314.8 516.15
6907992504476_camera0-7.jpg 107 1416.32 1076.54 1242.7 816.11 347.24 520.86
6907992504476_camera0-6.jpg 107 1416.77 1076.35 1247.21 818.07 339.11 516.56
6907992504476_camera1-10.jpg 107 1294.52 1014.42 1143.87 786.87 301.3 455.11
6907992504476_camera1-13.jpg 107 1303.2 1006.83 1134.85 752.98 336.71 507.7
6907992504476_camera1-19.jpg 107 1288.18 983.88 1177.17 725.4 222.01 516.96
6907992504476_camera1-1.jpg 107 1243.57 1022.07 1128.94 749.27 229.25 545.6
6907992504476_camera1-16.jpg 107 1296.63 993.67 1132.22 726.67 328.82 534.01
6907992504476_camera1-22.jpg 107 1279.57 978.25 1146.75 709.73 265.63 537.04
6907992504476_camera1-25.jpg 107 1253.23 976.58 1095.39 713.52 315.67 526.12
6907992504476_camera1-27.jpg 107 1247.8 978.25 1077.45 721.28 340.7 513.94
6907992504476_camera1-28.jpg 107 1238.76 981.83 1071.72 731.93 334.08 499.81
6907992504476_camera1-31.jpg 107 1234.9 990.19 1076.51 759.68 316.78 461.02
6907992504476_camera1-32.jpg 107 1232.84 992.42 1070.41 751.16 324.86 482.53
6907992504476_camera1-2.jpg 107 1255.53 1018.49 1121.7 742.45 267.66 552.07
6907992504476_camera1-33.jpg 107 1232.34 997.26 1065.74 745.03 333.2 504.47
6907992504476_camera1-34.jpg 107 1232.18 1002.88 1061.19 742.45 341.98 520.86
6907992504476_camera1-35.jpg 107 1232.78 1006.95 1067.86 742.13 329.84 529.65
6907992504476_camera1-37.jpg 107 1230.6 1014.67 1083.91 743.51 293.37 542.33
6907992504476_camera1-3.jpg 107 1262.09 1030.11 1121.0 752.89 282.18 554.44
6907992504476_camera1-7.jpg 107 1287.06 1024.82 1116.3 760.72 341.52 528.2
6907992504476_camera1-40.jpg 107 1234.82 1017.36 1116.44 752.98 236.75 528.75
6907992504476_camera1-5.jpg 107 1275.65 1030.49 1116.62 759.32 318.06 542.33
6907992504476_camera1-6.jpg 107 1278.21 1033.13 1103.28 763.5 349.87 539.27
6907992504476_camera2-25.jpg 107 1223.87 851.55 1066.46 691.03 314.81 321.05
6907992504476_camera2-4.jpg 107 1296.46 842.84 1140.83 706.91 311.26 271.85
6907992504476_camera3-11.jpg 107 1417.69 1240.37 1258.32 976.34 318.74 528.06
6907992504476_camera3-10.jpg 107 1414.03 1239.72 1249.45 977.39 329.15 524.66
6907992504476_camera3-13.jpg 107 1417.74 1235.62 1245.21 959.86 345.06 551.53
6907992504476_camera3-14.jpg 107 1411.37 1234.38 1248.33 958.62 326.07 551.53
6907992504476_camera3-16.jpg 107 1409.92 1231.55 1268.95 960.68 281.94 541.75
6907992504476_camera3-15.jpg 107 1409.26 1236.43 1252.99 961.37 312.53 550.12
6907992504476_camera3-1.jpg 107 1366.9 1248.82 1244.8 973.69 244.21 550.26
6907992504476_camera3-20.jpg 107 1400.92 1226.6 1284.72 956.14 232.4 540.92
6907992504476_camera3-21.jpg 107 1394.67 1225.58 1265.23 956.97 258.89 537.22
6907992504476_camera3-25.jpg 107 1368.66 1225.31 1201.38 958.63 334.55 533.35
6907992504476_camera3-23.jpg 107 1380.88 1225.99 1230.0 957.55 301.75 536.89
6907992504476_camera3-27.jpg 107 1354.47 1224.26 1189.72 962.63 329.5 523.25
6907992504476_camera3-24.jpg 107 1374.99 1224.94 1212.63 956.23 324.72 537.42
6907992504476_camera3-28.jpg 107 1351.82 1223.48 1189.99 961.66 323.65 523.65
6907992504476_camera3-31.jpg 107 1348.86 1227.22 1184.11 959.94 329.5 534.56
6907992504476_camera3-32.jpg 107 1342.67 1232.07 1174.18 961.15 336.98 541.83
6907992504476_camera3-33.jpg 107 1339.71 1234.67 1177.17 961.92 325.08 545.5
6907992504476_camera3-34.jpg 107 1341.31 1237.67 1174.64 961.91 333.34 551.53
6907992504476_camera3-37.jpg 107 1346.33 1245.24 1217.2 967.28 258.25 555.92
6907992504476_camera3-35.jpg 107 1340.09 1239.38 1179.85 960.74 320.47 557.28
6907992504476_camera3-36.jpg 107 1345.65 1243.88 1200.89 964.56 289.52 558.64
6907992504476_camera3-3.jpg 107 1379.93 1249.87 1225.37 967.68 309.13 564.37
6907992504476_camera3-40.jpg 107 1365.07 1248.09 1242.57 963.48 245.01 569.21
6907992504476_camera3-39.jpg 107 1357.97 1242.94 1256.71 968.38 202.52 549.13
6907992504476_camera3-38.jpg 107 1346.59 1244.09 1229.69 968.84 233.79 550.49
6907992504476_camera3-5.jpg 107 1395.67 1247.82 1218.1 961.98 355.14 571.68
6907992504476_camera3-6.jpg 107 1399.18 1243.11 1224.71 962.22 348.95 561.78
6907992504476_camera3-7.jpg 107 1404.54 1245.09 1240.41 974.71 328.25 540.75
6907992504476_camera3-8.jpg 107 1404.39 1239.08 1242.74 971.07 323.3 536.01
6907992504476_camera3-9.jpg 107 1407.51 1233.24 1249.83 970.91 315.36 524.66
