4800009004827_camera0-10.jpg 111 1376.87 1056.8 1176.94 776.65 399.85 560.31
4800009004827_camera0-13.jpg 111 1407.12 1061.58 1204.09 774.9 406.07 573.35
4800009004827_camera0-15.jpg 111 1424.03 1065.93 1225.02 781.29 398.03 569.29
4800009004827_camera0-14.jpg 111 1420.27 1067.33 1213.77 779.28 413.0 576.1
4800009004827_camera0-16.jpg 111 1434.03 1062.7 1233.56 777.68 400.94 570.04
4800009004827_camera0-17.jpg 111 1444.51 1062.12 1244.5 777.87 400.01 568.5
4800009004827_camera0-3.jpg 111 1348.02 1058.87 1156.93 784.53 382.17 548.67
4800009004827_camera1-6.jpg 111 1215.21 1013.03 1012.78 706.96 404.86 612.14
4800009004827_camera2-22.jpg 111 1264.25 783.67 1078.57 589.97 371.36 387.4
4800009004827_camera2-34.jpg 111 1205.66 851.57 1020.43 667.11 370.46 368.92
4800009004827_camera3-10.jpg 111 1371.37 1242.5 1175.4 934.04 391.94 616.92
4800009004827_camera3-39.jpg 111 1321.24 1218.36 1127.9 920.77 386.68 595.17
4800009004827_camera3-40.jpg 111 1317.03 1221.87 1126.47 922.16 381.11 599.42
4800009004827_camera3-6.jpg 111 1333.66 1236.1 1139.41 932.42 388.51 607.35
4800009004827_camera3-7.jpg 111 1341.84 1240.63 1146.79 931.41 390.1 618.45
