038900004095_camera0-13.jpg 112 1383.88 1195.38 1188.4 1052.45 390.96 285.87
038900004095_camera0-18.jpg 112 1411.07 1194.56 1214.89 1053.72 392.36 281.67
038900004095_camera0-10.jpg 112 1371.61 1189.65 1171.68 1047.6 399.85 284.1
038900004095_camera0-24.jpg 112 1445.26 1184.39 1253.23 1050.23 384.06 268.32
038900004095_camera0-22.jpg 112 1433.42 1185.7 1237.44 1042.34 391.96 286.73
038900004095_camera0-23.jpg 112 1439.85 1194.44 1244.43 1057.8 390.83 273.28
038900004095_camera0-12.jpg 112 1378.18 1185.7 1182.2 1044.97 391.96 281.47
038900004095_camera0-14.jpg 112 1389.95 1196.6 1193.99 1055.27 391.92 282.65
038900004095_camera0-28.jpg 112 1443.94 1184.39 1245.33 1050.23 397.22 268.32
038900004095_camera0-35.jpg 112 1415.11 1187.24 1227.06 1053.89 376.09 266.7
038900004095_camera0-36.jpg 112 1407.12 1184.39 1216.4 1044.97 381.43 278.84
038900004095_camera0-27.jpg 112 1437.37 1190.96 1242.7 1058.12 389.33 265.69
038900004095_camera0-40.jpg 112 1384.56 1188.48 1196.68 1055.01 375.75 266.95
038900004095_camera0-29.jpg 112 1441.28 1191.01 1248.03 1054.27 386.51 273.47
038900004095_camera0-26.jpg 112 1446.58 1192.28 1253.23 1055.49 386.7 273.58
038900004095_camera0-34.jpg 112 1420.27 1189.65 1232.18 1050.23 376.17 278.84
038900004095_camera0-38.jpg 112 1397.16 1188.39 1210.4 1054.04 373.51 268.71
038900004095_camera0-39.jpg 112 1392.64 1184.39 1197.98 1047.6 389.33 273.58
038900004095_camera0-8.jpg 112 1368.98 1192.28 1171.68 1058.12 394.59 268.32
038900004095_camera1-12.jpg 112 1240.07 1104.16 1053.3 900.29 373.54 407.74
038900004095_camera1-11.jpg 112 1236.12 1097.59 1050.67 889.77 370.91 415.63
038900004095_camera1-18.jpg 112 1276.9 1113.37 1079.61 900.29 394.59 426.15
038900004095_camera1-14.jpg 112 1244.01 1102.85 1053.3 897.66 381.43 410.37
038900004095_camera1-16.jpg 112 1269.01 1113.37 1082.24 908.18 373.54 410.37
038900004095_camera1-17.jpg 112 1262.43 1104.16 1074.35 884.51 376.17 439.31
038900004095_camera1-30.jpg 112 1283.47 1068.64 1098.02 863.46 370.91 410.37
038900004095_camera1-20.jpg 112 1289.51 1106.85 1105.55 900.36 367.93 412.97
038900004095_camera1-25.jpg 112 1304.52 1085.75 1119.07 881.88 370.91 407.74
038900004095_camera1-26.jpg 112 1301.88 1081.8 1111.17 876.61 381.43 410.37
038900004095_camera1-29.jpg 112 1292.68 1071.28 1105.91 868.72 373.54 405.11
038900004095_camera1-33.jpg 112 1277.19 1061.59 1096.66 859.3 361.06 404.57
038900004095_camera1-32.jpg 112 1281.11 1065.69 1102.22 866.79 357.78 397.8
038900004095_camera1-3.jpg 112 1230.51 1076.88 1045.57 874.27 369.88 405.21
038900004095_camera1-36.jpg 112 1261.64 1059.5 1081.54 856.3 360.2 406.41
038900004095_camera1-8.jpg 112 1220.35 1096.27 1037.52 884.51 365.65 423.52
038900004095_camera1-38.jpg 112 1246.64 1058.12 1063.82 852.94 365.65 410.37
038900004095_camera1-7.jpg 112 1225.61 1077.85 1045.41 871.35 360.39 413.0
038900004095_camera2-17.jpg 112 1302.99 853.57 1139.71 687.3 326.55 332.54
038900004095_camera2-20.jpg 112 1297.94 842.42 1129.59 676.69 336.71 331.45
038900004095_camera2-18.jpg 112 1303.21 842.42 1132.22 671.43 341.98 341.98
038900004095_camera2-24.jpg 112 1277.11 827.28 1114.0 658.93 326.21 336.7
038900004095_camera2-21.jpg 112 1288.74 831.9 1121.7 658.28 334.08 347.24
038900004095_camera2-26.jpg 112 1266.04 824.96 1102.35 655.44 327.38 339.03
038900004095_camera2-22.jpg 112 1284.79 831.89 1124.33 666.17 320.93 331.45
038900004095_camera2-25.jpg 112 1269.01 822.68 1100.65 650.38 336.71 344.61
038900004095_camera2-2.jpg 112 1247.92 888.36 1083.15 722.59 329.54 331.54
038900004095_camera2-31.jpg 112 1244.02 835.85 1074.35 663.54 339.34 344.61
038900004095_camera2-29.jpg 112 1248.72 828.55 1083.08 659.34 331.29 338.41
038900004095_camera2-28.jpg 112 1255.86 827.95 1084.87 655.65 341.98 344.61
038900004095_camera2-34.jpg 112 1230.86 847.68 1063.82 676.69 334.08 341.98
038900004095_camera2-33.jpg 112 1235.59 846.67 1071.81 680.4 327.55 332.54
038900004095_camera2-30.jpg 112 1244.28 834.19 1079.52 667.21 329.51 333.96
038900004095_camera2-35.jpg 112 1233.24 853.92 1065.81 687.38 334.86 333.08
038900004095_camera2-32.jpg 112 1238.75 842.42 1063.82 671.43 349.87 341.98
038900004095_camera2-36.jpg 112 1232.18 862.14 1061.19 689.84 341.98 344.61
038900004095_camera2-38.jpg 112 1232.17 866.09 1063.82 689.84 336.71 352.5
038900004095_camera2-3.jpg 112 1252.12 887.88 1084.19 722.23 335.87 331.29
038900004095_camera2-40.jpg 112 1240.99 879.71 1077.88 713.69 326.21 332.04
038900004095_camera3-14.jpg 112 1371.61 1368.53 1179.57 1187.02 384.07 363.02
038900004095_camera3-17.jpg 112 1392.64 1361.95 1190.09 1187.02 405.11 349.87
038900004095_camera3-16.jpg 112 1385.46 1362.19 1195.17 1187.53 380.58 349.32
038900004095_camera3-34.jpg 112 1384.21 1336.43 1198.0 1169.25 372.43 334.37
