6926892562003_camera2-1.jpg 117 1253.22 826.63 1103.28 674.06 299.89 305.15
6926892562003_camera2-18.jpg 117 1269.02 867.41 1121.7 718.78 294.63 297.26
6926892562003_camera2-20.jpg 117 1279.91 859.92 1132.69 717.4 294.44 285.04
6926892562003_camera2-29.jpg 117 1280.85 826.63 1129.59 681.95 302.52 289.36
6926892562003_camera2-2.jpg 117 1248.28 826.62 1105.94 679.08 284.68 295.07
6926892562003_camera2-30.jpg 117 1283.47 827.95 1137.48 679.32 291.99 297.26
6926892562003_camera2-34.jpg 117 1271.64 816.12 1121.7 668.8 299.89 294.63
6926892562003_camera2-31.jpg 117 1282.05 822.98 1139.19 680.12 285.72 285.72
6926892562003_camera2-35.jpg 117 1268.94 816.07 1123.29 673.55 291.3 285.04
6926892562003_camera2-36.jpg 117 1265.7 816.41 1121.38 671.17 288.63 290.48
6926892562003_camera2-37.jpg 117 1263.76 814.8 1116.44 666.17 294.63 297.26
6926892562003_camera2-39.jpg 117 1254.76 822.04 1110.51 674.08 288.49 295.92
6926892562003_camera2-40.jpg 117 1246.64 817.43 1103.28 668.8 286.73 297.26
