6924743913738_camera1-20.jpg 11 1367.55 1075.85 822.04 795.17 1091.01 561.36
6924743913738_camera1-19.jpg 11 1316.36 1098.9 779.72 752.98 1073.28 691.84
6924743913738_camera1-1.jpg 11 1255.91 1103.98 725.25 812.38 1061.32 583.2
6924743913738_camera1-22.jpg 11 1406.19 1103.09 843.58 740.94 1125.22 724.3
6924743913738_camera1-21.jpg 11 1396.6 1085.74 850.75 771.39 1091.69 628.71
6924743913738_camera1-28.jpg 11 1238.76 1108.1 732.37 645.12 1012.77 925.96
6924743913738_camera1-31.jpg 11 1288.19 1073.62 873.28 670.32 829.83 806.61
6924743913738_camera1-39.jpg 11 1197.98 1104.16 642.93 726.67 1110.11 754.98
6924743913738_camera2-14.jpg 11 1308.47 820.06 748.15 326.82 1120.63 986.47
6924743913738_camera2-10.jpg 11 1314.21 849.7 857.06 484.94 914.31 729.52
6924743913738_camera3-14.jpg 11 1483.14 1372.03 865.85 1124.55 1234.58 494.96
