9556041603720_camera0-12.jpg 121 1397.91 1189.65 1219.03 1042.34 357.76 294.63
9556041603720_camera0-11.jpg 121 1406.11 1183.65 1237.29 1047.81 337.63 271.69
9556041603720_camera0-10.jpg 121 1402.14 1194.21 1234.65 1053.09 334.99 282.24
9556041603720_camera0-13.jpg 121 1400.54 1187.02 1229.55 1044.97 341.98 284.1
9556041603720_camera0-14.jpg 121 1403.47 1187.61 1234.65 1039.9 337.63 295.42
9556041603720_camera0-16.jpg 121 1392.91 1186.3 1216.19 1042.54 353.45 287.51
9556041603720_camera0-17.jpg 121 1406.1 1191.57 1234.65 1050.45 342.9 282.24
9556041603720_camera0-18.jpg 121 1404.48 1187.02 1224.29 1042.34 360.39 289.36
9556041603720_camera0-1.jpg 121 1404.79 1190.25 1234.65 1050.45 340.27 279.6
9556041603720_camera0-20.jpg 121 1403.46 1191.57 1226.74 1047.81 353.45 287.51
9556041603720_camera0-19.jpg 121 1402.14 1192.88 1232.01 1050.45 340.27 284.87
9556041603720_camera0-24.jpg 121 1420.27 1184.39 1237.44 1039.71 365.65 289.36
9556041603720_camera0-25.jpg 121 1410.06 1187.62 1232.01 1042.54 356.09 290.15
9556041603720_camera0-26.jpg 121 1409.75 1183.07 1232.18 1037.08 355.13 291.99
9556041603720_camera0-29.jpg 121 1414.01 1187.61 1242.56 1047.81 342.9 279.6
9556041603720_camera0-27.jpg 121 1407.12 1184.39 1232.18 1044.97 349.87 278.84
9556041603720_camera0-2.jpg 121 1402.14 1191.57 1232.01 1050.45 340.27 282.24
9556041603720_camera0-30.jpg 121 1407.43 1190.25 1239.93 1053.09 334.99 274.32
9556041603720_camera0-32.jpg 121 1412.38 1187.02 1242.7 1047.6 339.35 278.84
9556041603720_camera0-33.jpg 121 1412.69 1188.93 1242.56 1053.09 340.27 271.69
9556041603720_camera0-35.jpg 121 1404.79 1186.3 1226.74 1050.45 356.09 271.69
9556041603720_camera0-36.jpg 121 1404.48 1187.02 1229.55 1044.97 349.87 284.1
9556041603720_camera0-34.jpg 121 1410.06 1190.26 1237.29 1045.18 345.54 290.15
9556041603720_camera0-37.jpg 121 1403.17 1184.39 1232.18 1039.71 341.98 289.36
9556041603720_camera0-39.jpg 121 1408.43 1190.97 1232.18 1044.97 352.5 291.99
9556041603720_camera0-5.jpg 121 1397.91 1185.7 1226.92 1044.97 341.98 281.47
9556041603720_camera0-8.jpg 121 1397.91 1187.03 1224.29 1039.71 347.24 294.63
9556041603720_camera0-9.jpg 121 1400.83 1184.97 1234.65 1047.81 332.35 274.32
9556041603720_camera3-11.jpg 121 1370.49 1348.51 1197.72 1174.42 345.54 348.18
9556041603720_camera3-13.jpg 121 1377.08 1352.47 1200.36 1182.34 353.45 340.27
9556041603720_camera3-12.jpg 121 1370.49 1351.15 1200.36 1177.06 340.27 348.18
9556041603720_camera3-14.jpg 121 1376.86 1344.86 1197.98 1168.61 357.76 352.5
9556041603720_camera3-18.jpg 121 1375.78 1349.83 1205.64 1174.42 340.27 350.82
9556041603720_camera3-1.jpg 121 1375.54 1342.23 1200.61 1168.61 349.87 347.24
9556041603720_camera3-26.jpg 121 1385.0 1343.24 1213.55 1179.7 342.9 327.08
9556041603720_camera3-34.jpg 121 1378.17 1348.81 1203.24 1176.5 349.87 344.61
9556041603720_camera3-33.jpg 121 1379.5 1340.91 1205.88 1168.61 347.24 344.61
9556041603720_camera3-35.jpg 121 1374.23 1339.6 1203.24 1171.24 341.98 336.71
9556041603720_camera3-36.jpg 121 1370.49 1344.56 1200.36 1174.42 340.27 340.27
9556041603720_camera3-38.jpg 121 1375.54 1340.91 1195.35 1165.98 360.39 349.87
9556041603720_camera3-40.jpg 121 1373.13 1347.19 1203.0 1177.06 340.27 340.27
