6914973604056~A~back_camera1-29.jpg 123 1094.78 753.3 956.06 596.11 277.44 314.38
6914973604056~A~back_camera1-34.jpg 123 1139.81 745.31 981.64 586.16 316.33 318.3
6914973604056~A~back_camera1-38.jpg 123 1144.07 722.59 926.34 614.11 435.46 216.95
6914973604056~A~back_camera1-28.jpg 123 1086.42 751.95 921.4 597.19 330.05 309.52
6914973604056~A~back_camera2-3.jpg 123 827.08 868.64 568.14 745.54 517.87 246.2
6914973604056~A~back_camera2-2.jpg 123 821.58 862.75 566.86 774.17 509.44 177.17
6914973604056~A~back_camera2-29.jpg 123 871.55 791.71 688.62 529.5 365.86 524.43
6914973604056~A~back_camera2-17.jpg 123 919.53 857.64 678.24 627.16 482.58 460.96
6914973604056~A~back_camera2-28.jpg 123 879.67 792.83 669.65 537.42 420.05 510.82
6914973604056~A~back_camera2-22.jpg 123 918.11 822.18 660.54 726.54 515.14 191.29
6914973604056~A~back_camera2-26.jpg 123 895.12 798.98 646.08 576.89 498.09 444.17
