6914973608306_camera0-10.jpg 124 1423.03 1278.53 1079.76 1226.42 686.55 104.22
6914973608306_camera0-11.jpg 124 1421.15 1275.58 1079.41 1226.66 683.48 97.84
6914973608306_camera0-12.jpg 124 1424.39 1276.38 1080.75 1229.1 687.29 94.55
6914973608306_camera0-7.jpg 124 1413.69 1269.88 1074.35 1192.28 678.69 155.2
6914973608306_camera0-9.jpg 124 1417.95 1279.88 1071.07 1232.71 693.77 94.35
6914973608306_camera1-17.jpg 124 1274.27 1167.29 1045.41 921.33 457.72 491.92
6914973608306_camera1-18.jpg 124 1278.4 1160.01 1096.19 911.86 364.43 496.3
6914973608306_camera1-23.jpg 124 1292.61 1151.24 1069.77 913.63 445.68 475.22
6914973608306_camera1-5.jpg 124 1268.9 1185.01 993.66 971.61 550.49 426.8
6914973608306_camera1-4.jpg 124 1267.11 1183.63 1018.27 955.57 497.68 456.12
6914973608306_camera2-16.jpg 124 1278.38 847.67 1021.48 616.6 513.79 462.14
6914973608306_camera2-18.jpg 124 1263.39 845.1 980.5 665.6 565.78 358.99
6914973608306_camera2-17.jpg 124 1267.52 845.4 989.64 634.64 555.76 421.52
6914973608306_camera2-1.jpg 124 1291.12 893.04 1011.8 759.83 558.64 266.41
6914973608306_camera2-22.jpg 124 1254.6 854.84 975.2 702.11 558.8 305.46
6914973608306_camera2-25.jpg 124 1237.07 869.64 976.51 622.59 521.12 494.1
6914973608306_camera2-24.jpg 124 1249.67 858.83 983.69 642.72 531.96 432.22
6914973608306_camera2-2.jpg 124 1290.7 888.11 1005.32 730.12 570.75 315.98
6914973608306_camera2-31.jpg 124 1249.34 888.11 1127.74 609.35 243.19 557.51
6914973608306_camera2-34.jpg 124 1262.94 899.35 1039.56 632.85 446.77 533.0
6914973608306_camera2-33.jpg 124 1256.78 897.21 1061.57 619.28 390.42 555.86
6914973608306_camera2-35.jpg 124 1266.81 899.32 1022.83 653.3 487.96 492.04
6914973608306_camera2-36.jpg 124 1271.66 902.99 1002.01 670.56 539.31 464.87
6914973608306_camera2-37.jpg 124 1271.8 902.61 1004.6 702.01 534.4 401.2
6914973608306_camera2-39.jpg 124 1281.47 898.63 999.56 763.94 563.82 269.38
6914973608306_camera2-3.jpg 124 1293.3 890.81 1012.58 706.96 561.43 367.69
6914973608306_camera2-38.jpg 124 1278.28 900.52 995.39 728.47 565.78 344.1
6914973608306_camera2-4.jpg 124 1298.99 884.78 1024.91 661.87 548.15 445.83
6914973608306_camera2-5.jpg 124 1296.62 880.5 1040.86 639.28 511.53 482.44
6914973608306_camera3-14.jpg 124 1369.96 1355.71 1095.66 1227.91 548.59 255.59
6914973608306_camera3-12.jpg 124 1374.84 1350.29 1064.03 1243.91 621.62 212.76
6914973608306_camera3-15.jpg 124 1373.56 1355.74 1124.72 1223.46 497.67 264.56
6914973608306_camera3-16.jpg 124 1372.91 1358.01 1153.26 1213.33 439.31 289.36
6914973608306_camera3-18.jpg 124 1388.95 1355.16 1255.96 1218.02 265.98 274.29
6914973608306_camera3-17.jpg 124 1384.97 1356.29 1225.6 1219.12 318.74 274.34
6914973608306_camera3-2.jpg 124 1398.23 1345.77 1165.67 1208.22 465.11 275.09
6914973608306_camera3-34.jpg 124 1388.58 1350.2 1126.15 1228.38 524.86 243.64
6914973608306_camera3-35.jpg 124 1387.38 1344.86 1150.63 1213.33 473.5 263.06
6914973608306_camera3-4.jpg 124 1384.78 1347.54 1109.65 1230.19 550.26 234.69
6914973608306_camera3-38.jpg 124 1379.95 1340.49 1249.74 1202.22 260.43 276.54
6914973608306_camera3-3.jpg 124 1395.39 1347.16 1134.01 1216.47 522.77 261.39
6914973608306_camera3-5.jpg 124 1388.25 1350.84 1070.32 1236.51 635.86 228.66
6914973608306_camera3-7.jpg 124 1372.51 1349.73 1056.94 1264.89 631.13 169.68
6914973608306~A_camera0-14.jpg 124 1110.89 1101.9 863.4 1044.38 494.99 115.04
6914973608306~A_camera0-12.jpg 124 1120.2 1098.63 925.35 1033.41 389.71 130.44
6914973608306~A_camera0-11.jpg 124 1123.14 1097.32 962.28 1029.58 321.73 135.49
6914973608306~A_camera0-21.jpg 124 1098.09 1098.88 802.56 1041.3 591.05 115.17
6914973608306~A_camera0-26.jpg 124 1099.9 1104.55 898.34 1030.24 403.13 148.62
6914973608306~A_camera1-9.jpg 124 1124.21 698.2 1039.35 546.92 169.72 302.56
6914973608306~A_camera1-23.jpg 124 1113.51 719.92 893.0 579.85 441.02 280.14
6914973608306~A_camera1-16.jpg 124 1106.4 712.17 874.42 619.12 463.97 186.11
6914973608306~A_camera1-11.jpg 124 1120.55 703.2 973.16 551.1 294.78 304.19
6914973608306~A_camera1-25.jpg 124 1120.32 728.54 939.92 568.32 360.8 320.44
6914973608306~A_camera1-22.jpg 124 1112.88 718.99 881.23 591.38 463.3 255.22
6914973608306~A_camera1-40.jpg 124 1154.83 688.64 917.61 587.96 474.43 201.36
6914973608306~A_camera1-14.jpg 124 1113.56 707.0 903.31 582.74 420.5 248.52
6914973608306~A_camera1-19.jpg 124 1112.24 713.85 878.18 635.17 468.12 157.36
6914973608306~A_camera1-28.jpg 124 1136.59 728.6 1048.95 566.89 175.27 323.42
6914973608306~A_camera1-10.jpg 124 1122.65 700.61 1005.32 546.82 234.67 307.57
6914973608306~A_camera1-31.jpg 124 1164.7 725.73 1008.25 561.93 312.91 327.6
6914973608306~A_camera1-29.jpg 124 1154.92 729.71 1060.37 564.77 189.11 329.88
6914973608306~A_camera1-3.jpg 124 1137.71 687.21 918.47 548.5 438.48 277.42
6914973608306~A_camera1-6.jpg 124 1121.59 688.54 966.64 533.78 309.9 309.52
6914973608306~A_camera2-15.jpg 124 929.63 821.61 659.17 600.38 540.92 442.46
6914973608306~A_camera2-19.jpg 124 923.65 807.29 643.27 709.0 560.77 196.58
6914973608306~A_camera2-2.jpg 124 875.87 852.74 591.1 651.56 569.54 402.37
6914973608306~A_camera2-25.jpg 124 901.18 788.48 678.92 518.84 444.52 539.27
6914973608306~A_camera2-22.jpg 124 914.15 796.16 630.73 589.92 566.84 412.49
6914973608306~A_camera2-24.jpg 124 905.77 789.97 656.78 535.68 497.98 508.59
6914973608306~A_camera0-35.jpg 124 1172.24 1097.19 897.25 1037.01 549.97 120.36
6914973608306~A_camera0-27.jpg 124 1107.43 1104.85 945.1 1029.02 324.67 151.66
6914973608306~A_camera1-27.jpg 124 1128.94 731.64 1007.87 567.8 242.14 327.68
6914973608306~A_camera3-14.jpg 124 1048.72 879.22 804.26 776.63 488.92 205.18
6914973608306~A_camera2-5.jpg 124 891.08 857.89 663.93 590.64 454.3 534.5
6914973608306~A_camera3-39.jpg 124 1101.07 861.24 828.22 785.63 545.7 151.21
6914973608306~A_camera3-17.jpg 124 1034.72 885.65 760.52 819.95 548.41 131.4
6914973608306~A~back_camera0-1.jpg 124 1087.77 1090.59 819.74 1044.64 536.06 91.89
6914973608306~A~back_camera1-16.jpg 124 1353.9 1052.5 1166.89 912.56 374.02 279.88
6914973608306~A_camera2-16.jpg 124 929.53 817.46 649.98 625.44 559.09 384.03
6914973608306~A~back_camera0-18.jpg 124 1105.8 1100.91 849.36 1040.49 512.87 120.85
6914973608306~A~back_camera3-19.jpg 124 1029.88 1090.26 775.34 1002.46 509.07 175.59
6914973608306~A~back_camera0-27.jpg 124 1085.9 1098.63 858.94 1049.1 453.93 99.07
6914973608306~A~back_camera0-37.jpg 124 1106.37 1096.57 861.3 1033.3 490.14 126.54
6914973608306~A~back_camera0-24.jpg 124 1095.11 1097.04 824.8 1060.59 540.61 72.91
6914973608306~A_camera3-19.jpg 124 1041.97 881.04 765.33 809.53 553.28 143.02
6914973608306~A_camera0-16.jpg 124 1097.35 1101.97 818.45 1053.91 557.79 96.12
6914973608306~A_camera1-17.jpg 124 1104.59 715.45 870.48 640.51 468.22 149.89
6914973608306~A_camera0-34.jpg 124 1176.89 1098.19 914.17 1031.46 525.44 133.46
6914973608306~A_camera0-17.jpg 124 1091.89 1102.66 806.09 1062.38 571.61 80.56
6914973608306~A_camera1-30.jpg 124 1160.18 728.48 1032.63 562.16 255.1 332.65
6914973608306~A_camera1-5.jpg 124 1126.0 687.86 945.43 535.91 361.14 303.9
6914973608306~A_camera0-37.jpg 124 1158.98 1092.34 875.19 1042.44 567.57 99.79
6914973608306~A_camera1-39.jpg 124 1160.2 691.07 926.34 608.98 467.73 164.17
6914973608306~A_camera1-4.jpg 124 1130.61 687.44 929.28 540.8 402.66 293.29
6914973608306~A_camera2-27.jpg 124 892.04 787.22 738.43 506.66 307.22 561.12
6914973608306~A_camera2-38.jpg 124 861.86 831.32 578.81 721.91 566.09 218.82
6914973608306~A_camera2-12.jpg 124 926.64 839.49 719.7 559.55 413.89 559.89
6914973608306~A_camera2-36.jpg 124 858.63 820.76 573.69 634.7 569.88 372.12
6914973608306~A_camera2-3.jpg 124 881.14 855.38 609.98 627.55 542.33 455.65
6914973608306~A_camera3-1.jpg 124 1089.14 860.52 813.99 764.45 550.3 192.13
6914973608306~A_camera2-6.jpg 124 897.41 857.16 701.56 579.39 391.71 555.55
6914973608306~A_camera3-37.jpg 124 1099.47 872.89 828.39 806.29 542.16 133.21
6914973608306~A_camera3-8.jpg 124 1044.87 866.49 931.68 742.01 226.38 248.96
6914973608306~A_camera3-36.jpg 124 1103.7 875.47 833.82 793.56 539.76 163.83
6914973608306~A~back_camera0-26.jpg 124 1086.85 1098.3 839.96 1052.27 493.77 92.06
6914973608306~A_camera3-16.jpg 124 1039.33 882.8 770.57 803.29 537.51 159.02
6914973608306~A~back_camera0-22.jpg 124 1101.3 1094.27 831.28 1054.83 540.03 78.88
6914973608306~A_camera0-5.jpg 124 1110.24 1090.5 879.14 1019.73 462.21 141.54
6914973608306~A_camera1-15.jpg 124 1109.92 709.1 887.62 599.48 444.6 219.24
6914973608306~A_camera2-13.jpg 124 927.7 833.92 694.64 568.17 466.13 531.51
6914973608306~A_camera1-32.jpg 124 1167.91 722.61 986.29 566.47 363.25 312.28
6914973608306~A_camera2-4.jpg 124 886.38 857.12 633.74 606.35 505.27 501.53
6914973608306~A_camera2-14.jpg 124 928.85 829.37 674.2 581.47 509.3 495.8
6914973608306~A_camera2-18.jpg 124 926.35 808.45 647.25 692.97 558.2 230.95
6914973608306~A_camera2-32.jpg 124 866.38 802.52 653.8 523.33 425.17 558.37
6914973608306~A_camera1-37.jpg 124 1159.06 702.42 927.58 628.32 462.95 148.2
6914973608306~A_camera1-26.jpg 124 1121.99 730.66 970.55 567.72 302.88 325.89
6914973608306~A_camera3-2.jpg 124 1078.14 859.75 810.61 753.75 535.06 212.0
6914973608306~A_camera2-7.jpg 124 903.53 855.13 743.04 574.38 320.99 561.51
6914973608306~A_camera1-34.jpg 124 1168.09 714.2 951.13 583.39 433.91 261.63
6914973608306~A_camera2-23.jpg 124 909.63 793.4 640.89 561.47 537.49 463.87
6914973608306~A_camera3-23.jpg 124 1039.65 888.93 777.93 768.63 523.44 240.6
6914973608306~A_camera2-40.jpg 124 869.73 844.88 581.09 700.67 577.28 288.42
6914973608306~A_camera3-26.jpg 124 1050.68 895.37 867.05 758.71 367.26 273.31
6914973608306~A_camera3-7.jpg 124 1046.91 864.78 897.07 736.31 299.69 256.95
6914973608306~A~back_camera0-23.jpg 124 1099.09 1093.72 827.24 1059.3 543.69 68.84
6914973608306~A~back_camera0-36.jpg 124 1109.66 1098.07 884.18 1032.17 450.97 131.79
6914973608306~A~back_camera0-35.jpg 124 1111.47 1099.44 911.02 1032.03 400.9 134.82
6914973608306~A~back_camera0-39.jpg 124 1094.89 1093.32 828.25 1038.6 533.29 109.44
6914973608306~A~back_camera0-17.jpg 124 1109.58 1101.66 867.25 1037.75 484.66 127.82
6914973608306~A_camera3-32.jpg 124 1115.69 887.32 905.1 759.31 421.19 256.03
6914973608306~A~back_camera1-30.jpg 124 1345.58 1043.45 1236.68 899.23 217.8 288.44
6914973608306~A~back_camera1-29.jpg 124 1343.77 1043.31 1204.84 901.21 277.87 284.19
6914973608306~A~back_camera1-32.jpg 124 1361.27 1038.73 1267.47 887.75 187.6 301.96
6914973608306~A~back_camera3-40.jpg 124 1020.66 1073.07 763.58 1004.56 514.16 137.02
6914973608306~A~back_camera3-32.jpg 124 1050.32 1091.66 945.42 967.2 209.8 248.92
6914973608306~A_camera0-25.jpg 124 1095.18 1103.9 860.41 1029.94 469.54 147.92
6914973608306~A_camera0-15.jpg 124 1102.39 1102.09 834.61 1048.96 535.57 106.26
6914973608306~A_camera1-38.jpg 124 1158.39 695.15 927.24 630.75 462.3 128.81
6914973608306~A_camera1-7.jpg 124 1118.84 690.36 993.34 535.32 251.0 310.07
6914973608306~A_camera3-25.jpg 124 1045.38 891.59 830.18 759.82 430.39 263.54
6914973608306~A_camera2-33.jpg 124 862.56 806.22 623.31 541.68 478.51 529.08
6914973608306~A_camera3-15.jpg 124 1043.67 881.49 784.56 789.51 518.22 183.95
6914973608306~A_camera3-35.jpg 124 1109.8 878.04 845.3 782.63 529.0 190.83
6914973608306~A~back_camera0-25.jpg 124 1091.55 1097.33 829.55 1055.74 523.99 83.17
6914973608306~A_camera3-27.jpg 124 1056.94 896.2 911.42 758.69 291.04 275.01
6914973608306~A~back_camera0-19.jpg 124 1100.51 1099.55 835.76 1043.25 529.51 112.59
6914973608306~A_camera3-4.jpg 124 1060.84 860.45 825.05 737.82 471.57 245.26
6914973608306~A~back_camera0-20.jpg 124 1093.63 1097.87 826.65 1046.89 533.96 101.95
6914973608306~A~back_camera3-20.jpg 124 1026.12 1086.65 770.65 1012.57 510.94 148.16
6914973608306~A~back_camera1-9.jpg 124 1318.95 1044.07 1174.21 895.26 289.48 297.62
