6914973105386_camera1-12.jpg 125 1276.17 1171.26 964.23 1033.98 623.89 274.56
6914973105386_camera1-19.jpg 125 1282.88 1167.22 1072.93 923.19 419.89 488.05
6914973105386_camera1-24.jpg 125 1305.58 1155.04 1052.66 913.25 505.84 483.58
6914973105386_camera1-21.jpg 125 1310.95 1160.61 1155.99 925.05 309.92 471.11
6914973105386_camera1-33.jpg 125 1248.23 1122.75 934.14 955.43 628.18 334.65
6914973105386_camera1-32.jpg 125 1259.26 1116.86 953.8 974.52 610.93 284.68
6914973105386_camera2-18.jpg 125 1286.2 849.31 1002.21 625.67 567.97 447.28
6914973105386_camera2-14.jpg 125 1299.06 858.79 1070.56 576.81 457.0 563.96
6914973105386_camera2-17.jpg 125 1287.93 849.87 1010.2 605.57 555.45 488.6
6914973105386_camera2-24.jpg 125 1255.22 850.64 973.36 627.0 563.71 447.28
6914973105386_camera2-3.jpg 125 1282.01 900.62 998.25 712.85 567.51 375.55
