6914973607101-back_camera0-15.jpg 129 1387.64 1278.95 1064.0 1228.04 647.29 101.82
6914973607101-back_camera0-10.jpg 129 1399.23 1279.09 1045.41 1231.74 707.63 94.7
6914973607101-back_camera0-11.jpg 129 1404.12 1279.15 1055.48 1239.74 697.28 78.83
6914973607101-back_camera0-32.jpg 129 1411.13 1273.3 1061.09 1232.59 700.09 81.43
6914973607101-back_camera1-11.jpg 129 1263.27 1152.0 942.94 1067.16 640.65 169.68
6914973607101-back_camera1-14.jpg 129 1255.57 1163.22 951.23 981.92 608.67 362.61
6914973607101-back_camera1-15.jpg 129 1251.56 1167.08 977.26 949.93 548.59 434.3
6914973607101-back_camera1-16.jpg 129 1240.07 1172.56 998.06 931.86 484.03 481.4
6914973607101-back_camera1-17.jpg 129 1252.57 1171.38 1036.9 928.76 431.33 485.24
6914973607101-back_camera1-20.jpg 129 1261.12 1172.55 1163.79 918.7 194.66 507.7
6914973607101-back_camera1-19.jpg 129 1258.01 1171.8 1123.46 918.28 269.1 507.03
6914973607101-back_camera1-18.jpg 129 1255.99 1173.09 1082.01 922.31 347.96 501.55
6914973607101-back_camera1-21.jpg 129 1281.97 1170.97 1162.03 915.38 239.88 511.19
6914973607101-back_camera1-22.jpg 129 1284.29 1168.68 1130.73 912.44 307.11 512.47
6914973607101-back_camera1-23.jpg 129 1287.42 1171.24 1087.5 916.07 399.85 510.33
6914973607101-back_camera1-24.jpg 129 1292.77 1166.08 1058.99 926.07 467.55 480.01
6914973607101-back_camera1-25.jpg 129 1289.97 1159.86 1025.52 938.36 528.91 443.0
6914973607101-back_camera1-27.jpg 129 1281.32 1149.19 982.4 974.76 597.83 348.87
6914973607101-back_camera1-29.jpg 129 1262.43 1140.98 942.82 1042.34 639.23 197.29
6914973607101-back_camera1-28.jpg 129 1276.28 1147.28 961.02 1010.58 630.52 273.4
6914973607101-back_camera1-30.jpg 129 1267.39 1141.71 954.09 1067.63 626.6 148.16
6914973607101-back_camera1-2.jpg 129 1262.64 1169.11 1110.92 923.08 303.45 492.05
6914973607101-back_camera1-34.jpg 129 1238.76 1146.24 940.19 958.16 597.14 376.17
6914973607101-back_camera1-35.jpg 129 1242.53 1147.88 968.98 954.41 547.09 386.93
6914973607101-back_camera1-31.jpg 129 1265.05 1137.91 943.69 1047.2 642.71 181.43
6914973607101-back_camera1-33.jpg 129 1253.23 1146.25 937.56 992.36 631.34 307.78
6914973607101-back_camera1-36.jpg 129 1240.39 1151.35 994.15 935.76 492.48 431.18
6914973607101-back_camera1-38.jpg 129 1242.16 1159.28 1064.96 919.94 354.4 478.67
6914973607101-back_camera1-39.jpg 129 1241.38 1165.98 1105.91 918.7 270.95 494.55
6914973607101-back_camera1-40.jpg 129 1245.08 1164.27 1155.74 921.79 178.67 484.96
6914973607101-back_camera1-3.jpg 129 1263.15 1169.45 1069.45 931.67 387.4 475.56
6914973607101-back_camera1-5.jpg 129 1263.87 1165.05 1004.6 952.56 518.54 424.98
6914973607101-back_camera1-4.jpg 129 1261.38 1169.94 1028.12 937.39 466.52 465.11
6914973607101-back_camera1-6.jpg 129 1262.03 1163.02 975.91 970.69 572.23 384.66
6914973607101-back_camera1-9.jpg 129 1249.28 1156.77 919.14 1042.34 660.28 228.86
6914973607101-back_camera2-11.jpg 129 1282.48 874.35 1191.05 588.63 182.86 571.44
6914973607101-back_camera1-8.jpg 129 1257.43 1156.54 939.09 1019.7 636.68 273.67
6914973607101-back_camera2-12.jpg 129 1282.16 875.3 1145.37 579.36 273.58 591.88
6914973607101-back_camera2-16.jpg 129 1283.95 870.02 1026.33 654.38 515.25 431.29
6914973607101-back_camera2-14.jpg 129 1286.19 871.44 1084.84 598.48 402.71 545.93
6914973607101-back_camera2-1.jpg 129 1272.11 880.59 988.53 787.08 567.16 187.02
6914973607101-back_camera2-19.jpg 129 1274.28 864.77 982.28 726.67 583.99 276.21
6914973607101-back_camera2-17.jpg 129 1284.07 868.73 1017.66 668.13 532.82 401.2
6914973607101-back_camera2-21.jpg 129 1272.72 861.21 987.1 767.02 571.25 188.39
6914973607101-back_camera2-26.jpg 129 1262.43 856.88 1027.0 597.77 470.87 518.22
6914973607101-back_camera2-22.jpg 129 1274.05 859.61 986.25 724.02 575.6 271.18
6914973607101-back_camera2-20.jpg 129 1280.47 867.05 995.34 776.54 570.26 181.03
6914973607101-back_camera2-23.jpg 129 1272.02 860.82 988.42 693.49 567.2 334.65
6914973607101-back_camera2-25.jpg 129 1265.06 856.89 1008.58 618.82 512.96 476.14
6914973607101-back_camera2-28.jpg 129 1261.12 867.41 1090.13 574.1 341.98 586.62
6914973607101-back_camera2-31.jpg 129 1265.07 872.16 1167.46 583.48 195.21 577.36
6914973607101-back_camera2-32.jpg 129 1259.81 873.99 1121.7 576.73 276.21 594.51
6914973607101-back_camera2-35.jpg 129 1264.25 874.92 1030.89 621.2 466.71 507.43
6914973607101-back_camera2-37.jpg 129 1253.22 880.56 977.01 674.06 552.42 413.0
6914973607101-back_camera2-39.jpg 129 1266.28 878.18 981.72 752.72 569.11 250.92
6914973607101-back_camera2-3.jpg 129 1275.21 884.3 990.17 715.16 570.08 338.29
6914973607101-back_camera2-38.jpg 129 1262.43 875.3 974.38 708.26 576.1 334.08
6914973607101-back_camera2-6.jpg 129 1276.18 884.07 1046.42 631.59 459.53 504.95
6914973607101-back_camera2-5.jpg 129 1273.03 886.14 1017.79 654.6 510.48 463.08
6914973607101-back_camera2-4.jpg 129 1272.65 884.22 1003.87 683.62 537.57 401.2
6914973607101-back_camera2-40.jpg 129 1266.38 880.56 982.28 789.81 568.21 181.51
6914973607101-back_camera2-7.jpg 129 1281.41 878.09 1081.22 604.87 400.38 546.44
6914973607101-back_camera3-13.jpg 129 1364.78 1442.18 1040.62 1333.61 648.33 217.15
6914973607101-back_camera3-12.jpg 129 1359.77 1434.3 1024.37 1336.97 670.8 194.66
6914973607101-back_camera3-14.jpg 129 1362.0 1442.69 1057.66 1321.82 608.67 241.74
6914973607101-back_camera3-16.jpg 129 1357.49 1448.22 1140.77 1303.46 433.44 289.51
6914973607101-back_camera3-21.jpg 129 1408.59 1445.23 1231.89 1299.8 353.4 290.87
6914973607101-back_camera3-18.jpg 129 1366.35 1446.14 1219.03 1294.88 294.63 302.52
6914973607101-back_camera3-22.jpg 129 1414.62 1452.92 1195.54 1308.29 438.16 289.27
6914973607101-back_camera3-23.jpg 129 1414.68 1447.19 1162.45 1312.05 504.47 270.29
6914973607101-back_camera3-26.jpg 129 1400.54 1435.61 1061.19 1326.44 678.69 218.34
6914973607101-back_camera3-24.jpg 129 1411.56 1447.56 1119.25 1317.51 584.62 260.1
6914973607101-back_camera3-25.jpg 129 1410.84 1440.82 1095.56 1328.05 630.55 225.53
6914973607101-back_camera3-27.jpg 129 1399.07 1434.58 1058.13 1350.53 681.88 168.09
6914973607101-back_camera3-2.jpg 129 1387.34 1449.66 1179.6 1321.22 415.47 256.89
6914973607101-back_camera3-34.jpg 129 1351.87 1438.25 1055.93 1331.71 591.88 213.08
6914973607101-back_camera3-31.jpg 129 1373.48 1430.33 1027.08 1363.48 692.8 133.7
6914973607101-back_camera3-32.jpg 129 1366.86 1429.84 1030.67 1354.14 672.38 151.4
6914973607101-back_camera3-33.jpg 129 1362.39 1435.62 1040.15 1336.97 644.49 197.29
6914973607101-back_camera3-38.jpg 129 1348.59 1443.61 1205.37 1315.99 286.44 255.24
6914973607101-back_camera3-3.jpg 129 1382.12 1446.13 1132.22 1313.29 499.81 265.69
6914973607101-back_camera3-37.jpg 129 1347.74 1443.64 1161.41 1322.33 372.65 242.62
6914973607101-back_camera3-40.jpg 129 1377.29 1449.38 1251.66 1322.45 251.25 253.87
6914973607101-back_camera3-4.jpg 129 1387.86 1447.46 1102.5 1327.8 570.72 239.33
6914973607101-back_camera3-5.jpg 129 1379.74 1442.9 1067.07 1332.3 625.34 221.21
6914973607101-back_camera3-6.jpg 129 1378.18 1439.57 1042.78 1336.97 670.8 205.19
6914973607101_camera0-11.jpg 129 1377.25 1279.82 1018.46 1247.1 717.57 65.44
6914973607101_camera0-10.jpg 129 1380.35 1278.53 1023.65 1238.26 713.4 80.54
6914973607101_camera0-30.jpg 129 1427.12 1274.95 1074.74 1227.97 704.77 93.97
6914973607101_camera0-31.jpg 129 1425.31 1274.94 1077.99 1237.54 694.64 74.81
6914973607101_camera1-15.jpg 129 1245.94 1167.38 976.36 954.09 539.16 426.57
6914973607101_camera1-14.jpg 129 1241.39 1165.97 945.45 966.05 591.88 399.85
6914973607101_camera1-24.jpg 129 1301.09 1157.98 1052.59 918.62 496.99 478.72
6914973607101_camera1-23.jpg 129 1294.83 1166.31 1086.3 920.51 417.06 491.59
6914973607101_camera1-26.jpg 129 1295.32 1151.51 990.17 942.38 610.3 418.26
6914973607101_camera1-27.jpg 129 1292.41 1142.05 980.81 977.93 623.21 328.25
6914973607101_camera1-25.jpg 129 1299.51 1154.51 1025.74 937.36 547.55 434.3
6914973607101_camera1-28.jpg 129 1272.96 1130.46 942.82 1000.25 660.28 260.43
6914973607101_camera1-34.jpg 129 1252.04 1130.72 967.28 947.22 569.52 366.99
6914973607101_camera1-37.jpg 129 1240.26 1137.69 1034.87 901.43 410.78 472.53
6914973607101_camera1-35.jpg 129 1245.4 1131.57 974.82 920.09 541.17 422.95
6914973607101_camera1-33.jpg 129 1259.13 1127.49 955.01 972.08 608.25 310.81
6914973607101_camera1-3.jpg 129 1251.01 1153.77 1051.99 924.62 398.03 458.29
6914973607101_camera1-36.jpg 129 1244.09 1131.56 1006.34 906.95 475.49 449.22
6914973607101_camera1-7.jpg 129 1237.44 1148.88 911.25 989.73 652.38 318.3
6914973607101_camera1-6.jpg 129 1253.22 1154.13 955.97 966.05 594.51 376.17
6914973607101_camera2-14.jpg 129 1292.68 880.56 1079.61 610.93 426.15 539.27
6914973607101_camera2-26.jpg 129 1267.36 852.98 1047.16 598.12 440.39 509.71
6914973607101_camera2-28.jpg 129 1261.16 854.41 1116.68 562.81 288.97 583.2
6914973607101_camera2-34.jpg 129 1251.23 872.86 1037.2 613.63 428.06 518.46
6914973607101_camera2-5.jpg 129 1272.99 892.5 1024.73 646.88 496.51 491.25
6914973607101_camera2-8.jpg 129 1281.27 894.85 1142.48 609.99 277.58 569.71
6914973607101_camera2-7.jpg 129 1278.14 892.97 1099.74 612.29 356.8 561.36
6914973607101_camera3-15.jpg 129 1359.24 1448.7 1099.17 1318.66 520.13 260.07
6914973607101_camera3-17.jpg 129 1367.61 1452.19 1190.46 1307.25 354.3 289.88
6914973607101_camera3-1.jpg 129 1375.54 1434.3 1190.09 1310.66 370.91 247.27
6914973607101_camera3-19.jpg 129 1392.54 1448.18 1298.98 1299.91 187.12 296.54
6914973607101_camera3-21.jpg 129 1412.38 1448.77 1219.03 1305.4 386.7 286.73
6914973607101_camera3-18.jpg 129 1369.96 1454.92 1234.52 1307.29 270.88 295.27
6914973607101_camera3-22.jpg 129 1420.26 1446.14 1184.83 1292.25 470.87 307.78
6914973607101_camera3-23.jpg 129 1423.51 1443.75 1155.52 1308.16 535.99 271.17
6914973607101_camera3-24.jpg 129 1426.41 1443.64 1122.64 1314.44 607.54 258.4
6914973607101_camera3-35.jpg 129 1340.04 1434.3 1076.98 1313.29 526.12 242.01
6914973607101_camera3-3.jpg 129 1374.12 1442.87 1108.79 1316.77 530.66 252.19
6914973607101_camera3-40.jpg 129 1365.03 1438.25 1221.66 1300.14 286.73 276.21
