6909409012802-back_camera0-10.jpg 12 1340.03 1160.72 869.16 971.32 941.75 378.8
6909409012802-back_camera0-11.jpg 12 1354.44 1155.09 947.76 972.52 813.36 365.13
6909409012802-back_camera0-13.jpg 12 1492.61 1156.76 1090.13 968.68 804.96 376.17
6909409012802-back_camera0-22.jpg 12 1494.65 1152.26 1003.01 977.84 983.28 348.83
6909409012802-back_camera0-21.jpg 12 1451.84 1152.83 958.6 976.58 986.47 352.5
6909409012802-back_camera0-1.jpg 12 1335.26 1152.74 835.51 955.59 999.51 394.3
6909409012802-back_camera0-23.jpg 12 1528.12 1146.24 1032.26 963.42 991.73 365.65
6909409012802-back_camera0-24.jpg 12 1517.6 1155.46 1000.69 971.32 1033.82 368.28
6909409012802-back_camera0-27.jpg 12 1462.76 1152.56 933.86 972.96 1057.81 359.2
6909409012802-back_camera0-26.jpg 12 1477.83 1155.08 945.24 980.07 1065.17 350.02
6909409012802-back_camera0-29.jpg 12 1412.38 1154.14 934.93 958.16 954.9 391.96
6909409012802-back_camera0-2.jpg 12 1350.88 1149.66 843.95 971.7 1013.87 355.92
6909409012802-back_camera0-3.jpg 12 1397.9 1156.78 882.31 981.84 1031.19 349.87
6909409012802-back_camera0-5.jpg 12 1409.84 1146.27 879.77 970.0 1060.13 352.54
6909409012802-back_camera0-39.jpg 12 1352.8 1156.69 830.26 972.35 1045.07 368.68
6909409012802-back_camera0-4.jpg 12 1413.39 1145.43 896.33 961.85 1034.13 367.17
6909409012802-back_camera0-6.jpg 12 1391.33 1152.83 832.33 973.95 1118.0 357.76
6909409012802-back_camera0-7.jpg 12 1385.91 1150.05 844.51 972.52 1082.8 355.06
6909409012802-back_camera0-8.jpg 12 1369.94 1157.7 838.19 976.19 1063.5 363.01
6909409012802-back_camera0-9.jpg 12 1364.18 1160.3 857.22 971.67 1013.92 377.27
6909409012802-back_camera1-1.jpg 12 1204.56 1063.38 737.63 768.76 933.86 589.25
6909409012802-back_camera1-2.jpg 12 1233.5 1067.34 761.31 802.96 944.38 528.75
6909409012802-back_camera1-3.jpg 12 1253.23 1108.11 763.94 810.85 978.58 594.51
6909409012802-back_camera1-38.jpg 12 1225.78 1070.85 717.61 665.66 1016.33 810.37
6909409012802-back_camera1-40.jpg 12 1192.01 1071.98 723.64 735.81 936.75 672.34
6909409012802-back_camera2-10.jpg 12 1325.47 883.12 897.39 541.92 856.17 682.41
6909409012802-back_camera1-9.jpg 12 1227.27 1161.38 794.15 783.66 866.24 755.44
6909409012802-back_camera2-14.jpg 12 1322.87 830.59 871.63 437.09 902.48 786.99
6909409012802-back_camera2-13.jpg 12 1322.93 839.79 882.31 482.03 881.25 715.52
6909409012802-back_camera2-15.jpg 12 1317.1 827.57 853.21 394.47 927.78 866.19
6909409012802-back_camera2-31.jpg 12 1190.09 847.68 774.46 534.64 831.26 626.08
6909409012802-back_camera2-30.jpg 12 1192.61 835.29 753.03 470.86 879.16 728.85
6909409012802-back_camera2-39.jpg 12 1220.34 933.17 824.44 487.29 791.8 891.77
6909409012802-back_camera3-11.jpg 12 1459.53 1353.2 1063.32 1134.0 792.43 438.4
6909409012802-back_camera3-13.jpg 12 1483.4 1348.81 992.8 1123.89 981.21 449.83
6909409012802-back_camera3-14.jpg 12 1472.88 1348.81 948.08 1123.89 1049.6 449.83
6909409012802-back_camera3-17.jpg 12 1445.26 1355.38 905.99 1152.83 1078.54 405.11
6909409012802-back_camera3-1.jpg 12 1360.74 1308.69 854.59 1111.02 1012.29 395.35
6909409012802-back_camera3-16.jpg 12 1461.22 1352.38 918.6 1143.94 1085.25 416.89
6909409012802-back_camera3-23.jpg 12 1471.53 1321.28 942.72 1100.94 1057.62 440.67
6909409012802-back_camera3-21.jpg 12 1496.16 1315.73 1012.54 1115.07 967.24 401.33
6909409012802-back_camera3-22.jpg 12 1492.62 1318.55 979.65 1102.84 1025.93 431.42
6909409012802-back_camera3-25.jpg 12 1432.5 1327.57 907.47 1088.35 1050.06 478.45
6909409012802-back_camera3-24.jpg 12 1451.2 1326.96 918.5 1099.49 1065.39 454.94
6909409012802-back_camera3-31.jpg 12 1436.28 1317.5 1078.7 1073.24 715.15 488.52
6909409012802-back_camera3-2.jpg 12 1384.75 1319.87 874.42 1121.26 1020.67 397.22
6909409012802-back_camera3-6.jpg 12 1341.85 1351.5 809.26 1133.68 1065.17 435.64
6909409012802-back_camera3-5.jpg 12 1346.88 1346.46 809.26 1128.64 1075.24 435.64
6909409012802-back_camera3-8.jpg 12 1322.05 1355.38 845.23 1127.69 953.63 455.37
6909409012802_camera0-11.jpg 12 1365.03 1179.13 958.6 989.73 812.85 378.8
6909409012802_camera0-13.jpg 12 1492.93 1168.93 1051.0 985.11 883.87 367.65
6909409012802_camera0-15.jpg 12 1487.3 1177.12 955.21 987.79 1064.17 378.65
6909409012802_camera0-16.jpg 12 1476.43 1172.57 919.59 993.56 1113.67 358.02
6909409012802_camera0-18.jpg 12 1452.64 1167.67 899.91 987.63 1105.46 360.09
6909409012802_camera0-19.jpg 12 1434.86 1166.16 899.27 984.26 1071.18 363.8
6909409012802_camera0-1.jpg 12 1361.99 1158.86 887.32 985.11 949.34 347.5
6909409012802_camera0-22.jpg 12 1525.34 1164.56 997.38 992.97 1055.92 343.17
6909409012802_camera0-20.jpg 12 1451.57 1167.58 927.61 988.91 1047.91 357.34
6909409012802_camera0-23.jpg 12 1553.37 1162.64 1028.34 985.11 1050.06 355.06
6909409012802_camera0-21.jpg 12 1491.55 1164.59 956.99 989.7 1069.12 349.77
6909409012802_camera0-24.jpg 12 1548.42 1160.59 1017.88 987.11 1061.08 346.96
6909409012802_camera0-25.jpg 12 1526.93 1155.08 998.12 977.55 1057.62 355.06
6909409012802_camera0-2.jpg 12 1378.36 1157.61 894.88 990.15 966.96 334.91
6909409012802_camera0-40.jpg 12 1347.49 1159.98 846.23 985.44 1002.53 349.07
6909409012802_camera0-39.jpg 12 1359.77 1159.4 845.49 976.58 1028.56 365.65
6909409012802_camera0-4.jpg 12 1377.24 1156.43 852.58 986.73 1049.32 339.4
6909409012802_camera0-6.jpg 12 1340.03 1163.35 792.87 981.84 1094.32 363.02
6909409012802_camera0-9.jpg 12 1321.8 1173.04 833.36 989.45 976.87 367.17
6909409012802_camera0-7.jpg 12 1336.59 1168.79 799.2 991.31 1074.78 354.96
6909409012802_camera3-11.jpg 12 1434.74 1346.17 987.54 1089.69 894.4 512.96
6909409012802_camera3-16.jpg 12 1421.3 1354.57 871.27 1117.81 1100.06 473.52
6909409012802_camera3-10.jpg 12 1452.64 1343.94 1053.52 1108.5 798.25 470.89
6909409012802_camera3-15.jpg 12 1436.97 1355.21 881.17 1112.68 1111.61 485.06
6909409012802_camera3-14.jpg 12 1453.11 1366.85 904.52 1122.67 1097.17 488.36
6909409012802_camera3-19.jpg 12 1466.49 1321.28 952.79 1123.61 1027.4 395.35
6909409012802_camera3-1.jpg 12 1355.01 1324.82 857.93 1135.32 994.17 379.0
6909409012802_camera3-17.jpg 12 1412.35 1343.94 884.8 1131.16 1055.1 425.56
6909409012802_camera3-21.jpg 12 1517.16 1325.64 1005.15 1105.01 1024.02 441.27
6909409012802_camera3-18.jpg 12 1418.95 1333.02 895.47 1126.52 1046.97 413.0
6909409012802_camera3-20.jpg 12 1496.7 1321.28 990.56 1121.09 1012.29 400.38
6909409012802_camera3-24.jpg 12 1471.03 1326.8 951.32 1091.0 1039.42 471.59
6909409012802_camera3-28.jpg 12 1393.96 1319.87 992.8 1079.17 802.33 481.4
6909409012802_camera3-2.jpg 12 1347.43 1327.52 835.42 1122.04 1024.02 410.96
6909409012802_camera3-38.jpg 12 1308.47 1311.97 808.66 1100.21 999.62 423.52
6909409012802_camera3-35.jpg 12 1383.43 1327.76 840.22 1087.06 1086.43 481.4
6909409012802_camera3-39.jpg 12 1317.68 1309.34 845.49 1105.47 944.38 407.74
6909409012802_camera3-3.jpg 12 1332.41 1338.48 802.19 1133.34 1060.43 410.28
6909409012802_camera3-6.jpg 12 1296.51 1345.2 806.74 1118.57 979.55 453.26
6909409012802_camera3-40.jpg 12 1334.78 1313.29 853.38 1108.11 962.79 410.37
6909409012802_camera3-4.jpg 12 1315.05 1342.23 782.35 1116.0 1065.39 452.46
6909409012802_camera3-9.jpg 12 1332.41 1341.93 931.49 1110.94 801.84 461.97
