6914973607637-back_camera0-27.jpg 133 1406.21 1248.09 1117.53 1182.74 577.36 130.69
6914973607637-back_camera1-13.jpg 133 1320.0 1146.4 1029.69 1014.28 580.62 264.25
6914973607637-back_camera1-14.jpg 133 1314.56 1138.71 1033.88 979.34 561.36 318.74
6914973607637-back_camera1-15.jpg 133 1315.24 1134.06 1053.71 946.84 523.05 374.43
6914973607637-back_camera1-18.jpg 133 1306.38 1120.87 1119.49 913.71 373.79 414.32
6914973607637-back_camera1-19.jpg 133 1304.33 1108.89 1161.61 909.09 285.44 399.61
6914973607637-back_camera1-21.jpg 133 1310.4 1099.32 1192.67 883.15 235.47 432.33
6914973607637-back_camera1-20.jpg 133 1294.84 1096.66 1197.31 893.68 195.05 405.96
6914973607637-back_camera1-1.jpg 133 1226.15 1176.03 1114.63 934.2 223.04 483.65
6914973607637-back_camera1-24.jpg 133 1286.74 1087.67 1069.94 883.11 433.59 409.13
6914973607637-back_camera1-29.jpg 133 1227.49 1088.11 939.4 982.13 576.19 211.95
6914973607637-back_camera1-25.jpg 133 1279.2 1086.51 1034.07 892.25 490.27 388.51
6914973607637-back_camera1-23.jpg 133 1297.52 1089.34 1108.72 876.94 377.6 424.8
6914973607637-back_camera1-27.jpg 133 1254.3 1083.59 974.98 924.56 558.64 318.06
6914973607637-back_camera1-30.jpg 133 1216.32 1085.96 923.59 997.02 585.45 177.89
6914973607637-back_camera1-2.jpg 133 1244.72 1186.7 1084.55 930.14 320.34 513.12
6914973607637-back_camera1-28.jpg 133 1240.09 1082.59 955.44 950.97 569.29 263.24
6914973607637-back_camera1-31.jpg 133 1214.87 1094.06 924.99 988.97 579.76 210.17
6914973607637-back_camera1-37.jpg 133 1184.94 1152.39 955.27 904.38 459.35 496.03
6914973607637-back_camera1-32.jpg 133 1197.99 1102.85 890.21 955.53 615.56 294.63
6914973607637-back_camera1-34.jpg 133 1189.99 1121.65 903.23 932.02 573.52 379.26
6914973607637-back_camera1-33.jpg 133 1199.3 1110.73 898.1 942.38 602.4 336.71
6914973607637-back_camera1-36.jpg 133 1183.01 1141.68 927.85 914.4 510.32 454.56
6914973607637-back_camera1-35.jpg 133 1186.76 1133.13 914.24 920.41 545.05 425.44
6914973607637-back_camera1-38.jpg 133 1190.49 1157.88 994.09 904.77 392.79 506.23
6914973607637-back_camera1-39.jpg 133 1200.11 1160.3 1045.78 909.92 308.65 500.75
6914973607637-back_camera2-10.jpg 133 1309.6 836.0 1206.79 580.05 205.61 511.9
6914973607637-back_camera2-13.jpg 133 1293.49 818.86 1126.06 556.15 334.86 525.42
6914973607637-back_camera2-15.jpg 133 1275.25 813.42 1047.96 576.98 454.57 472.89
6914973607637-back_camera2-11.jpg 133 1304.52 826.63 1187.46 553.05 234.12 547.16
6914973607637-back_camera2-14.jpg 133 1281.59 816.98 1074.8 561.38 413.58 511.19
6914973607637-back_camera2-12.jpg 133 1304.56 819.21 1159.46 555.18 290.19 528.06
6914973607637-back_camera2-16.jpg 133 1278.22 817.42 1040.15 589.88 476.14 455.09
6914973607637-back_camera2-17.jpg 133 1261.12 814.79 1003.32 597.77 515.59 434.05
6914973607637-back_camera2-18.jpg 133 1251.09 818.04 993.93 645.98 514.32 344.11
6914973607637-back_camera2-19.jpg 133 1245.09 820.4 984.17 679.31 521.83 282.18
6914973607637-back_camera2-20.jpg 133 1237.62 825.86 985.09 725.95 505.07 199.81
6914973607637-back_camera2-21.jpg 133 1227.83 834.34 967.27 733.43 521.12 201.83
6914973607637-back_camera2-22.jpg 133 1222.97 827.95 955.97 681.95 534.01 291.99
6914973607637-back_camera2-25.jpg 133 1207.19 868.72 963.86 642.49 486.66 452.46
6914973607637-back_camera2-26.jpg 133 1213.88 873.58 985.58 626.84 456.6 493.47
6914973607637-back_camera2-24.jpg 133 1213.84 855.15 955.36 658.52 516.96 393.27
6914973607637-back_camera2-27.jpg 133 1214.87 882.19 1009.32 622.59 411.1 519.19
6914973607637-back_camera2-31.jpg 133 1236.75 916.14 1141.47 659.91 190.56 512.47
6914973607637-back_camera2-32.jpg 133 1244.05 923.22 1112.43 656.02 263.24 534.4
6914973607637-back_camera2-30.jpg 133 1233.12 906.22 1138.42 646.28 189.4 519.89
6914973607637-back_camera2-36.jpg 133 1278.23 925.34 1032.61 694.16 491.25 462.36
6914973607637-back_camera2-34.jpg 133 1261.11 927.26 1062.21 667.28 397.8 519.96
6914973607637-back_camera2-33.jpg 133 1249.83 923.79 1086.72 657.38 326.21 532.82
6914973607637-back_camera2-38.jpg 133 1289.18 922.71 1024.76 744.18 528.84 357.06
6914973607637-back_camera2-39.jpg 133 1298.93 916.46 1031.65 773.45 534.56 286.02
6914973607637-back_camera2-4.jpg 133 1327.3 883.58 1066.44 694.08 521.72 379.0
6914973607637-back_camera2-6.jpg 133 1333.46 870.04 1100.65 618.82 465.61 502.44
6914973607637-back_camera2-9.jpg 133 1311.1 841.11 1169.05 571.47 284.1 539.27
6914973607637-back_camera2-7.jpg 133 1327.08 859.99 1121.12 604.39 411.93 511.19
6914973607637-back_camera2-5.jpg 133 1328.74 874.88 1078.11 657.33 501.26 435.09
6914973607637-back_camera3-37.jpg 133 1379.49 1336.97 1213.77 1215.96 331.45 242.01
6914973607637_camera1-24.jpg 133 1268.89 1138.86 1049.26 938.26 439.26 401.2
6914973607637_camera1-23.jpg 133 1272.52 1141.85 1084.74 932.79 375.56 418.11
6914973607637_camera1-29.jpg 133 1249.42 1132.13 951.97 1024.37 594.9 215.52
6914973607637_camera1-35.jpg 133 1243.27 1154.03 971.14 957.06 544.26 393.95
6914973607637_camera1-37.jpg 133 1239.34 1159.77 1015.74 936.85 447.19 445.83
6914973607637_camera2-14.jpg 133 1269.84 863.26 1066.34 611.65 407.01 503.22
6914973607637_camera2-15.jpg 133 1269.01 873.99 1048.04 624.08 441.94 499.81
6914973607637_camera2-16.jpg 133 1269.02 868.72 1029.63 634.6 478.77 468.24
6914973607637_camera2-17.jpg 133 1263.99 870.06 1005.7 666.67 516.57 406.79
6914973607637_camera2-23.jpg 133 1261.23 877.85 999.58 716.89 523.3 321.91
6914973607637_camera2-24.jpg 133 1267.7 881.88 1000.69 684.58 534.01 394.59
6914973607637_camera2-26.jpg 133 1265.45 880.4 1036.31 640.16 458.29 480.49
6914973607637_camera2-29.jpg 133 1265.32 883.97 1117.32 616.64 296.01 534.67
6914973607637_camera2-27.jpg 133 1265.92 881.92 1062.88 623.73 406.07 516.38
6914973607637_camera2-34.jpg 133 1279.23 882.75 1084.58 619.63 389.3 526.23
6914973607637_camera2-35.jpg 133 1279.97 885.07 1057.97 638.48 444.01 493.17
6914973607637_camera2-33.jpg 133 1275.63 884.6 1113.09 622.15 325.08 524.89
6914973607637_camera2-37.jpg 133 1284.65 879.16 1026.83 673.44 515.64 411.44
6914973607637_camera2-40.jpg 133 1280.85 876.62 1011.21 758.24 539.27 236.75
6914973607637_camera2-3.jpg 133 1283.52 868.85 1019.83 713.22 527.38 311.26
6914973607637_camera2-5.jpg 133 1275.59 867.4 1032.26 642.49 486.66 449.83
6914973607637_camera2-39.jpg 133 1279.45 872.42 1011.57 726.36 535.77 292.13
6914973607637_camera2-4.jpg 133 1280.85 870.04 1016.47 674.06 528.75 391.96
6914973607637_camera2-7.jpg 133 1276.34 864.65 1073.13 611.16 406.41 506.99
6914973607637_camera2-6.jpg 133 1279.53 868.73 1058.56 621.45 441.94 494.55
6914973607637_camera2-8.jpg 133 1277.02 866.37 1098.84 602.72 356.37 527.29
6914973607637_camera2-9.jpg 133 1270.4 862.39 1142.75 592.02 255.31 540.75
6914973607637_camera3-27.jpg 133 1365.98 1404.96 1044.8 1320.01 642.36 169.9
6914973607637_camera3-28.jpg 133 1364.61 1404.21 1044.0 1327.62 641.21 153.18
