6954432710249-back_camera1-10.jpg 138 1271.97 1148.15 1111.35 1049.24 321.24 197.82
6954432710249-back_camera2-15.jpg 138 1272.49 858.33 1104.58 690.42 335.83 335.83
6954432710249-back_camera2-17.jpg 138 1266.74 857.17 1100.24 708.9 333.01 296.54
6954432710249-back_camera2-16.jpg 138 1271.8 859.02 1105.82 697.86 331.97 322.32
6954432710249-back_camera2-23.jpg 138 1259.13 868.15 1094.29 722.75 329.69 290.81
6954432710249-back_camera2-22.jpg 138 1265.06 860.83 1105.91 718.78 318.3 284.1
6954432710249-back_camera2-2.jpg 138 1289.17 879.28 1127.05 744.18 324.25 270.21
6954432710249-back_camera2-3.jpg 138 1286.88 871.38 1123.16 726.4 327.44 289.96
6954432710249-back_camera2-40.jpg 138 1283.09 877.87 1145.81 779.32 274.56 197.09
6954432710249-back_camera3-10.jpg 138 1399.22 1430.36 1203.24 1339.6 391.96 181.51
6954432710249-back_camera3-12.jpg 138 1396.29 1430.32 1194.6 1342.5 403.38 175.64
6954432710249-back_camera3-14.jpg 138 1386.07 1419.83 1171.68 1313.29 428.78 213.08
6954432710249-back_camera3-13.jpg 138 1393.39 1430.32 1188.81 1338.64 409.17 183.36
6954432710249-back_camera3-16.jpg 138 1396.6 1432.98 1205.88 1329.07 381.43 207.82
6954432710249-back_camera3-21.jpg 138 1388.43 1423.9 1229.86 1334.31 317.15 179.19
6954432710249-back_camera3-9.jpg 138 1395.47 1427.78 1223.53 1361.86 343.88 131.84
6954432710249_camera3-11.jpg 138 1346.32 1437.48 1162.83 1361.75 366.99 151.46
6954432710249_camera3-10.jpg 138 1334.77 1431.67 1153.26 1355.38 363.02 152.57
6954432710249_camera3-16.jpg 138 1362.06 1448.58 1164.25 1347.19 395.62 202.77
6954432710249_camera3-1.jpg 138 1364.42 1414.11 1225.36 1325.34 278.13 177.53
6954432710249_camera3-2.jpg 138 1356.8 1420.12 1195.75 1323.49 322.09 193.25
6954432710249_camera3-39.jpg 138 1361.17 1415.16 1227.97 1326.13 266.41 178.06
6954432710249_camera3-40.jpg 138 1368.31 1414.88 1235.13 1323.2 266.35 183.36
6954432710249_camera3-9.jpg 138 1331.72 1427.75 1146.47 1347.2 370.51 161.09
