6940188803618-back_camera0-10.jpg 13 1365.95 1252.75 864.12 1083.32 1003.66 338.87
6940188803618-back_camera0-17.jpg 13 1567.3 1247.48 962.62 1068.47 1209.36 358.02
6940188803618-back_camera0-12.jpg 13 1477.24 1245.77 992.18 1075.36 970.13 340.82
6940188803618-back_camera0-20.jpg 13 1539.2 1241.63 959.6 1090.19 1159.19 302.88
6940188803618-back_camera0-19.jpg 13 1550.33 1245.75 951.7 1087.96 1197.25 315.57
6940188803618-back_camera0-28.jpg 13 1435.25 1245.58 911.3 1122.92 1047.9 245.31
6940188803618-back_camera0-29.jpg 13 1406.18 1249.41 917.77 1131.01 976.83 236.81
6940188803618-back_camera0-27.jpg 13 1462.55 1237.77 915.46 1118.16 1094.18 239.22
6940188803618-back_camera0-21.jpg 13 1528.45 1234.98 969.65 1091.94 1117.61 286.07
6940188803618-back_camera0-31.jpg 13 1368.98 1253.98 949.66 1132.09 838.65 243.78
6940188803618-back_camera0-4.jpg 13 1357.42 1234.16 766.72 1102.29 1181.4 263.75
6940188803618-back_camera0-3.jpg 13 1326.49 1226.69 731.83 1105.38 1189.32 242.62
6940188803618-back_camera0-5.jpg 13 1367.36 1245.21 774.82 1103.09 1185.08 284.25
6940188803618-back_camera1-10.jpg 13 1264.87 1254.91 852.61 783.3 824.51 943.22
6940188803618-back_camera1-13.jpg 13 1386.5 1238.84 916.83 782.65 939.33 912.38
6940188803618-back_camera1-14.jpg 13 1390.71 1236.72 894.92 773.93 991.58 925.58
6940188803618-back_camera1-18.jpg 13 1391.49 1196.63 849.42 793.32 1084.13 806.63
6940188803618-back_camera1-1.jpg 13 1169.42 1158.31 639.81 871.23 1059.22 574.16
6940188803618-back_camera1-20.jpg 13 1383.62 1159.3 869.85 828.64 1027.55 661.31
6940188803618-back_camera1-15.jpg 13 1394.74 1233.38 870.08 772.24 1049.32 922.28
6940188803618-back_camera1-24.jpg 13 1362.06 1117.01 843.07 771.22 1037.98 691.58
6940188803618-back_camera1-21.jpg 13 1378.36 1136.19 882.28 849.13 992.15 574.13
6940188803618-back_camera1-23.jpg 13 1377.26 1113.53 862.5 780.25 1029.52 666.55
6940188803618-back_camera1-28.jpg 13 1279.97 1101.66 813.76 723.94 932.43 755.44
6940188803618-back_camera1-22.jpg 13 1395.67 1122.28 898.23 822.82 994.88 598.91
6940188803618-back_camera1-25.jpg 13 1344.05 1114.59 823.65 751.58 1040.81 726.02
6940188803618-back_camera1-29.jpg 13 1258.85 1101.35 832.41 725.79 852.88 751.12
6940188803618-back_camera1-26.jpg 13 1319.12 1110.3 810.36 733.81 1017.53 752.97
6940188803618-back_camera1-30.jpg 13 1249.39 1101.66 854.41 728.26 789.97 746.81
6940188803618-back_camera1-27.jpg 13 1303.21 1104.01 811.17 723.27 984.09 761.47
6940188803618-back_camera1-33.jpg 13 1266.21 1122.03 835.68 751.76 861.07 740.55
6940188803618-back_camera1-31.jpg 13 1264.22 1100.45 883.49 734.61 761.47 731.69
6940188803618-back_camera1-34.jpg 13 1245.12 1139.12 778.48 753.85 933.29 770.54
6940188803618-back_camera1-2.jpg 13 1203.12 1198.49 666.08 876.77 1074.07 643.45
6940188803618-back_camera1-36.jpg 13 1206.94 1147.35 679.68 775.49 1054.53 743.72
6940188803618-back_camera1-37.jpg 13 1196.76 1148.01 662.1 780.78 1069.33 734.47
6940188803618-back_camera1-38.jpg 13 1179.47 1160.88 637.62 805.75 1083.7 710.27
6940188803618-back_camera1-39.jpg 13 1166.23 1158.25 638.17 828.64 1056.12 659.22
6940188803618-back_camera1-6.jpg 13 1228.06 1255.02 687.8 801.26 1080.52 907.52
6940188803618-back_camera1-4.jpg 13 1229.77 1229.46 696.95 830.78 1065.63 797.37
6940188803618-back_camera1-5.jpg 13 1230.38 1248.19 677.94 827.61 1104.87 841.16
6940188803618-back_camera1-8.jpg 13 1237.16 1262.31 736.7 779.17 1000.93 966.28
6940188803618-back_camera2-12.jpg 13 1343.95 830.45 901.52 472.07 884.86 716.77
6940188803618-back_camera2-10.jpg 13 1363.89 862.23 897.68 499.62 932.43 725.22
6940188803618-back_camera2-15.jpg 13 1313.72 794.57 834.2 339.82 959.05 909.49
6940188803618-back_camera1-7.jpg 13 1221.01 1262.68 680.93 792.22 1080.17 940.93
6940188803618-back_camera2-16.jpg 13 1305.1 792.39 832.41 313.23 945.38 958.33
6940188803618-back_camera2-1.jpg 13 1280.12 970.0 950.81 516.74 658.62 906.53
6940188803618-back_camera2-19.jpg 13 1269.93 768.86 851.28 296.3 837.31 945.11
6940188803618-back_camera2-11.jpg 13 1364.12 847.9 911.23 512.98 905.78 669.85
6940188803618-back_camera2-17.jpg 13 1293.79 782.99 834.05 299.2 919.48 967.58
6940188803618-back_camera2-20.jpg 13 1249.73 765.0 872.46 304.0 754.54 922.01
6940188803618-back_camera2-30.jpg 13 1158.08 872.97 694.39 506.52 927.37 732.91
6940188803618-back_camera2-24.jpg 13 1201.92 806.07 768.51 325.49 866.83 961.15
6940188803618-back_camera2-29.jpg 13 1163.12 857.39 681.9 459.91 962.43 794.97
6940188803618-back_camera2-27.jpg 13 1175.83 839.04 690.94 383.62 969.77 910.83
6940188803618-back_camera2-31.jpg 13 1161.18 878.43 708.29 550.93 905.78 655.0
6940188803618-back_camera2-2.jpg 13 1302.32 944.11 939.71 494.54 725.22 899.13
6940188803618-back_camera2-28.jpg 13 1171.91 849.56 681.9 418.94 980.03 861.24
6940188803618-back_camera2-37.jpg 13 1230.19 955.12 770.05 468.03 920.28 974.17
6940188803618-back_camera2-34.jpg 13 1206.12 922.82 730.66 481.58 950.93 882.48
6940188803618-back_camera2-38.jpg 13 1241.07 954.6 801.24 459.91 879.66 989.38
6940188803618-back_camera2-39.jpg 13 1256.23 971.08 852.61 492.99 807.24 956.17
6940188803618-back_camera2-40.jpg 13 1271.38 969.3 907.93 503.32 726.89 931.95
6940188803618-back_camera2-4.jpg 13 1328.54 928.4 893.62 449.83 869.84 957.15
6940188803618-back_camera2-5.jpg 13 1336.07 922.15 879.88 443.69 912.38 956.93
6940188803618-back_camera3-11.jpg 13 1508.25 1453.41 1031.67 1164.21 953.16 578.4
6940188803618-back_camera2-8.jpg 13 1353.52 889.03 862.72 449.78 981.59 878.51
6940188803618-back_camera2-9.jpg 13 1355.51 870.3 871.16 463.72 968.71 813.15
6940188803618-back_camera3-12.jpg 13 1523.51 1458.77 1004.57 1161.84 1037.88 593.87
6940188803618-back_camera3-13.jpg 13 1526.76 1465.43 973.22 1164.33 1107.07 602.21
6940188803618-back_camera2-7.jpg 13 1354.22 901.53 860.08 433.79 988.28 935.48
6940188803618-back_camera3-10.jpg 13 1454.9 1450.24 984.99 1158.86 939.83 582.77
6940188803618-back_camera3-15.jpg 13 1530.8 1456.15 937.55 1174.73 1186.5 562.84
6940188803618-back_camera3-14.jpg 13 1530.97 1459.94 955.47 1165.2 1151.01 589.48
6940188803618-back_camera3-16.jpg 13 1525.72 1449.99 932.78 1178.95 1185.89 542.07
6940188803618-back_camera3-17.jpg 13 1512.71 1442.18 922.29 1191.17 1180.84 502.03
6940188803618-back_camera3-28.jpg 13 1354.38 1421.74 905.38 1219.51 898.01 404.46
6940188803618-back_camera3-18.jpg 13 1505.22 1431.9 929.85 1205.27 1150.74 453.26
6940188803618-back_camera3-27.jpg 13 1375.11 1419.1 878.02 1218.28 994.17 401.63
6940188803618-back_camera3-2.jpg 13 1322.63 1435.9 741.71 1210.2 1161.84 451.41
6940188803618-back_camera3-32.jpg 13 1380.24 1433.75 906.62 1233.94 947.23 399.61
6940188803618-back_camera3-33.jpg 13 1361.53 1431.94 863.27 1234.78 996.53 394.32
6940188803618-back_camera3-35.jpg 13 1317.55 1428.21 761.86 1239.35 1111.37 377.73
6940188803618-back_camera3-4.jpg 13 1329.97 1458.52 742.89 1189.8 1174.17 537.44
6940188803618-back_camera3-3.jpg 13 1335.58 1448.91 756.51 1201.93 1158.14 493.97
6940188803618-back_camera3-8.jpg 13 1332.83 1470.56 824.43 1163.68 1016.8 613.75
6940188803618-back_camera3-7.jpg 13 1325.93 1471.98 784.3 1166.52 1083.26 610.93
6940188803618-back_camera3-40.jpg 13 1274.64 1417.89 687.76 1234.76 1173.77 366.27
6940188803618-back_camera3-6.jpg 13 1323.14 1471.11 753.32 1172.17 1139.64 597.88
