6923450605981-back_camera0-15.jpg 140 1431.35 1072.46 1241.08 1003.78 380.54 137.36
6923450605981-back_camera0-16.jpg 140 1422.35 1073.26 1240.92 1000.88 362.85 144.75
6923450605981-back_camera0-17.jpg 140 1422.23 1070.04 1250.4 997.55 343.66 144.98
6923450605981-back_camera0-1.jpg 140 1446.72 1068.88 1352.93 991.4 187.57 154.95
6923450605981-back_camera0-28.jpg 140 1424.5 1074.42 1238.17 1012.58 372.65 123.69
6923450605981-back_camera0-29.jpg 140 1423.31 1070.36 1231.27 1002.81 384.08 135.1
6923450605981-back_camera0-34.jpg 140 1429.64 1068.47 1240.4 998.12 378.49 140.71
6923450605981-back_camera0-31.jpg 140 1426.52 1075.85 1247.98 1016.78 357.08 118.13
6923450605981-back_camera0-2.jpg 140 1445.94 1068.28 1329.1 991.38 233.68 153.79
6923450605981-back_camera0-30.jpg 140 1420.52 1075.02 1244.19 1018.47 352.66 113.1
6923450605981-back_camera0-32.jpg 140 1433.33 1070.46 1247.21 1003.46 372.23 134.0
6923450605981-back_camera0-35.jpg 140 1429.47 1067.33 1229.55 992.36 399.85 149.94
6923450605981-back_camera0-36.jpg 140 1429.66 1071.74 1248.51 993.16 362.3 157.16
6923450605981-back_camera0-37.jpg 140 1429.11 1070.36 1257.88 990.95 342.45 158.82
6923450605981-back_camera0-4.jpg 140 1445.23 1067.42 1294.44 990.53 301.58 153.79
6923450605981-back_camera0-5.jpg 140 1446.26 1068.72 1277.42 992.36 337.67 152.73
6923450605981-back_camera0-39.jpg 140 1430.8 1064.7 1303.21 979.21 255.17 170.99
6923450605981-back_camera0-40.jpg 140 1432.51 1070.99 1331.25 993.52 202.52 154.95
6923450605981-back_camera1-10.jpg 140 1262.75 1136.4 1099.78 1045.57 325.95 181.67
6923450605981-back_camera1-11.jpg 140 1267.53 1135.43 1097.96 1037.83 339.14 195.21
6923450605981-back_camera1-13.jpg 140 1261.12 1137.04 1076.98 1008.14 368.28 257.8
6923450605981-back_camera1-16.jpg 140 1269.19 1135.43 1107.89 978.27 322.6 314.32
6923450605981-back_camera1-15.jpg 140 1269.67 1136.62 1098.96 986.27 341.42 300.7
6923450605981-back_camera1-1.jpg 140 1254.43 1129.56 1156.0 969.36 196.87 320.39
6923450605981-back_camera1-24.jpg 140 1276.92 1125.0 1119.3 964.75 315.24 320.5
6923450605981-back_camera1-25.jpg 140 1274.55 1120.32 1109.4 973.52 330.29 293.59
6923450605981-back_camera1-31.jpg 140 1261.78 1116.89 1093.98 1013.53 335.6 206.73
6923450605981-back_camera1-30.jpg 140 1259.15 1116.63 1097.96 1028.91 322.38 175.44
6923450605981-back_camera1-36.jpg 140 1246.71 1124.99 1082.52 962.12 328.38 325.75
6923450605981-back_camera1-35.jpg 140 1249.35 1124.99 1079.9 967.37 338.89 315.24
6923450605981-back_camera1-8.jpg 140 1251.97 1134.19 1069.39 1006.78 365.16 254.82
6923450605981-back_camera2-1.jpg 140 1276.06 877.63 1132.17 793.67 287.78 167.93
6923450605981-back_camera2-2.jpg 140 1277.02 878.25 1126.14 776.99 301.75 202.52
6923450605981-back_camera2-3.jpg 140 1278.38 876.89 1126.14 757.96 304.47 237.86
6923450605981-back_camera3-11.jpg 140 1385.2 1409.09 1191.55 1319.02 387.3 180.14
6923450605981-back_camera3-12.jpg 140 1385.05 1410.05 1193.99 1316.21 382.11 187.67
6923450605981-back_camera3-13.jpg 140 1386.07 1411.94 1190.09 1308.03 391.96 207.82
6923450605981-back_camera3-1.jpg 140 1367.65 1407.98 1232.18 1284.35 270.95 247.27
6923450605981-back_camera3-26.jpg 140 1385.95 1402.15 1195.49 1298.38 380.92 207.54
6923450605981-back_camera3-25.jpg 140 1388.18 1403.57 1201.78 1301.0 372.81 205.14
6923450605981-back_camera3-28.jpg 140 1377.31 1398.95 1189.29 1310.01 376.04 177.89
6923450605981-back_camera3-33.jpg 140 1363.71 1402.74 1174.31 1294.88 378.8 215.71
6923450605981-back_camera3-3.jpg 140 1371.99 1407.99 1202.85 1292.54 338.29 230.9
6923450605981-back_camera3-37.jpg 140 1355.76 1404.26 1211.97 1284.6 287.58 239.33
6923450605981-back_camera3-40.jpg 140 1372.92 1400.1 1253.23 1281.72 239.38 236.75
6923450605981-back_camera3-34.jpg 140 1364.5 1402.77 1182.11 1292.75 364.78 220.03
6923450605981-back_camera3-38.jpg 140 1356.14 1404.14 1235.32 1290.04 241.64 228.21
6923450605981-back_camera3-39.jpg 140 1358.61 1406.57 1257.28 1287.87 202.66 237.4
6923450605981-back_camera3-4.jpg 140 1370.93 1406.75 1192.26 1292.6 357.34 228.3
6923450605981-back_camera3-6.jpg 140 1370.87 1407.63 1181.5 1303.09 378.73 209.09
6923450605981-back_camera3-7.jpg 140 1375.06 1407.58 1185.64 1309.14 378.84 196.87
6923450605981_camera0-17.jpg 140 1372.16 1066.5 1194.6 987.37 355.13 158.26
6923450605981_camera0-14.jpg 140 1393.96 1064.7 1197.98 987.1 391.96 155.2
6923450605981_camera0-16.jpg 140 1375.93 1066.55 1194.46 992.58 362.95 147.94
6923450605981_camera0-18.jpg 140 1367.74 1069.27 1213.88 994.11 307.71 150.31
6923450605981_camera0-19.jpg 140 1367.66 1067.34 1219.03 981.84 297.26 170.99
6923450605981_camera0-21.jpg 140 1375.89 1068.51 1278.08 990.97 195.63 155.07
6923450605981_camera0-23.jpg 140 1395.45 1071.16 1259.53 992.68 271.84 156.96
6923450605981_camera0-24.jpg 140 1404.48 1071.28 1237.44 984.47 334.08 173.62
6923450605981_camera0-25.jpg 140 1406.49 1075.88 1230.31 996.47 352.37 158.82
6923450605981_camera0-33.jpg 140 1471.57 1071.28 1274.27 994.99 394.59 152.57
6923450605981_camera0-35.jpg 140 1481.23 1072.22 1290.88 1003.18 380.7 138.08
6923450605981_camera0-34.jpg 140 1477.73 1072.59 1283.14 1003.57 389.18 138.04
6923450605981_camera0-36.jpg 140 1482.09 1075.22 1295.32 1002.88 373.54 144.68
6923450605981_camera0-37.jpg 140 1481.89 1077.06 1310.31 1005.45 343.16 143.22
6923450605981_camera0-38.jpg 140 1479.45 1075.22 1313.73 992.36 331.45 165.73
6923450605981_camera0-5.jpg 140 1464.16 1065.71 1294.71 989.85 338.9 151.73
6923450605981_camera0-8.jpg 140 1435.97 1062.55 1250.29 993.53 371.36 138.04
6923450605981_camera0-4.jpg 140 1475.76 1065.54 1322.62 991.81 306.29 147.47
6923450605981_camera1-22.jpg 140 1276.18 1129.62 1139.26 971.82 273.85 315.59
6923450605981_camera1-21.jpg 140 1278.22 1133.1 1163.79 976.58 228.86 313.04
6923450605981_camera1-24.jpg 140 1273.83 1126.19 1105.35 974.72 336.96 302.94
6923450605981_camera1-31.jpg 140 1267.74 1119.74 1090.41 1006.78 354.65 225.92
6923450605981_camera1-30.jpg 140 1269.18 1121.37 1106.23 1031.21 325.9 180.32
6923450605981_camera1-32.jpg 140 1263.53 1120.51 1086.0 998.21 355.06 244.59
6923450605981_camera1-33.jpg 140 1261.74 1118.07 1083.07 984.89 357.34 266.35
6923450605981_camera1-35.jpg 140 1254.3 1120.54 1091.06 973.98 326.49 293.12
6923450605981_camera1-36.jpg 140 1251.71 1125.95 1098.1 970.62 307.22 310.67
6923450605981_camera1-5.jpg 140 1252.98 1132.54 1086.92 986.6 332.11 291.88
6923450605981_camera1-7.jpg 140 1251.46 1130.94 1073.5 1002.61 355.92 256.66
6923450605981_camera1-6.jpg 140 1254.55 1131.78 1076.98 994.99 355.13 273.58
6923450605981_camera2-1.jpg 140 1267.69 877.92 1111.17 779.28 313.04 197.29
6923450605981_camera2-20.jpg 140 1280.85 867.4 1126.96 779.28 307.78 176.25
6923450605981_camera2-21.jpg 140 1276.63 856.67 1122.78 758.24 307.71 196.87
6923450605981_camera2-39.jpg 140 1265.88 871.57 1116.16 781.41 299.44 180.32
6923450605981_camera3-13.jpg 140 1377.65 1417.28 1190.46 1310.43 374.39 213.7
6923450605981_camera3-14.jpg 140 1375.71 1415.21 1191.39 1299.4 368.64 231.61
6923450605981_camera3-10.jpg 140 1376.53 1411.39 1192.29 1325.51 368.49 171.76
6923450605981_camera3-12.jpg 140 1374.8 1409.12 1184.15 1300.14 381.29 217.97
6923450605981_camera3-16.jpg 140 1377.59 1415.84 1229.65 1298.34 295.88 235.01
6923450605981_camera3-18.jpg 140 1379.38 1416.6 1266.42 1295.75 225.92 241.69
6923450605981_camera3-17.jpg 140 1378.06 1417.91 1242.77 1298.38 270.58 239.06
6923450605981_camera3-21.jpg 140 1395.2 1411.48 1245.48 1296.51 299.44 229.95
6923450605981_camera3-23.jpg 140 1393.57 1413.44 1218.95 1304.86 349.23 217.17
6923450605981_camera3-26.jpg 140 1383.59 1408.44 1192.51 1310.01 382.15 196.87
6923450605981_camera3-24.jpg 140 1391.57 1411.19 1198.57 1301.17 386.01 220.03
6923450605981_camera3-30.jpg 140 1383.19 1403.28 1194.6 1313.94 377.19 178.67
6923450605981_camera3-28.jpg 140 1379.1 1404.54 1202.95 1322.75 352.29 163.58
6923450605981_camera3-27.jpg 140 1384.84 1404.71 1196.24 1312.89 377.19 183.63
6923450605981_camera3-25.jpg 140 1387.39 1410.7 1194.39 1305.51 386.01 210.38
6923450605981_camera3-29.jpg 140 1387.49 1403.31 1211.14 1328.12 352.7 150.39
6923450605981_camera3-31.jpg 140 1380.91 1408.04 1190.34 1316.01 381.14 184.05
6923450605981_camera3-32.jpg 140 1376.03 1409.11 1189.86 1314.52 372.34 189.17
6923450605981_camera3-3.jpg 140 1372.47 1416.66 1193.93 1306.58 357.08 220.16
6923450605981_camera3-9.jpg 140 1377.01 1413.48 1196.03 1332.0 361.97 162.96
6923450605981_camera3-8.jpg 140 1365.84 1408.41 1184.34 1326.16 363.01 164.49
