69019388-back_camera1-13.jpg 141 1271.46 1147.31 1116.29 1060.92 310.34 172.78
69019388-back_camera1-14.jpg 141 1271.61 1148.5 1119.15 1046.86 304.92 203.28
69019388-back_camera1-16.jpg 141 1273.12 1144.15 1145.46 1022.84 255.31 242.62
69019388-back_camera1-19.jpg 141 1273.8 1143.53 1198.27 1010.7 151.06 265.66
69019388-back_camera1-17.jpg 141 1271.7 1147.24 1158.21 1021.51 226.99 251.46
69019388-back_camera1-22.jpg 141 1279.27 1139.46 1198.39 1008.3 161.75 262.33
69019388-back_camera1-24.jpg 141 1273.29 1137.9 1153.88 1011.23 238.81 253.35
69019388-back_camera1-23.jpg 141 1275.97 1138.67 1165.37 1009.07 221.2 259.2
69019388-back_camera1-26.jpg 141 1265.53 1133.91 1116.29 1030.38 298.48 207.06
69019388-back_camera1-28.jpg 141 1262.38 1131.87 1103.05 1043.15 318.66 177.44
69019388-back_camera1-2.jpg 141 1254.4 1151.35 1178.67 1016.2 151.46 270.29
69019388-back_camera1-31.jpg 141 1256.31 1127.51 1097.83 1069.53 316.96 115.96
69019388-back_camera1-29.jpg 141 1258.91 1131.15 1101.56 1063.11 314.71 136.09
69019388-back_camera1-30.jpg 141 1255.88 1131.53 1102.09 1079.11 307.57 104.85
69019388-back_camera1-35.jpg 141 1248.02 1138.5 1104.8 1022.77 286.44 231.46
69019388-back_camera1-32.jpg 141 1254.27 1131.61 1095.84 1060.1 316.86 143.01
69019388-back_camera1-38.jpg 141 1245.95 1151.39 1152.36 1013.9 187.19 274.99
69019388-back_camera1-36.jpg 141 1245.39 1140.07 1116.95 1019.1 256.89 241.94
69019388-back_camera1-5.jpg 141 1262.64 1153.65 1124.14 1032.38 276.99 242.53
69019388-back_camera1-7.jpg 141 1264.82 1152.63 1111.3 1049.63 307.04 206.0
69019388-back_camera2-12.jpg 141 1282.96 862.15 1219.53 724.19 126.86 275.92
69019388-back_camera2-10.jpg 141 1284.0 866.02 1230.42 725.82 107.16 280.39
69019388-back_camera2-16.jpg 141 1275.21 858.63 1147.03 740.58 256.37 236.11
69019388-back_camera2-14.jpg 141 1280.01 858.63 1181.42 719.89 197.17 277.49
69019388-back_camera2-17.jpg 141 1274.83 864.02 1141.8 750.16 266.06 227.73
69019388-back_camera2-18.jpg 141 1270.64 859.44 1131.0 771.11 279.29 176.66
69019388-back_camera2-19.jpg 141 1270.29 858.74 1129.32 790.0 281.94 137.48
69019388-back_camera2-22.jpg 141 1261.69 863.14 1122.54 788.6 278.3 149.09
69019388-back_camera2-24.jpg 141 1261.42 860.27 1123.38 756.96 276.07 206.61
69019388-back_camera2-26.jpg 141 1255.08 865.63 1140.77 732.28 228.61 266.71
69019388-back_camera2-25.jpg 141 1260.8 869.23 1139.63 749.81 242.33 238.84
69019388-back_camera2-29.jpg 141 1258.62 870.19 1186.11 729.73 145.03 280.91
69019388-back_camera2-27.jpg 141 1259.93 870.12 1161.2 735.02 197.47 270.19
69019388-back_camera2-28.jpg 141 1265.6 868.92 1167.2 721.33 196.79 295.18
69019388-back_camera2-2.jpg 141 1281.68 881.63 1139.78 812.84 283.8 137.58
69019388-back_camera2-32.jpg 141 1264.58 877.12 1201.24 736.74 126.68 280.75
69019388-back_camera2-31.jpg 141 1262.04 876.13 1216.61 738.32 90.87 275.62
69019388-back_camera2-35.jpg 141 1267.9 880.78 1153.73 753.19 228.35 255.17
69019388-back_camera2-37.jpg 141 1271.79 882.56 1136.83 778.24 269.92 208.63
69019388-back_camera2-36.jpg 141 1271.55 881.98 1146.5 765.76 250.1 232.43
69019388-back_camera2-39.jpg 141 1276.51 882.68 1134.06 812.86 284.9 139.64
69019388-back_camera2-38.jpg 141 1274.66 882.19 1131.99 794.69 285.35 175.0
69019388-back_camera2-4.jpg 141 1282.93 877.38 1152.45 770.78 260.97 213.2
69019388-back_camera2-6.jpg 141 1283.62 873.23 1163.74 748.32 239.76 249.81
69019388-back_camera2-40.jpg 141 1277.66 881.06 1139.42 829.7 276.47 102.71
69019388-back_camera2-5.jpg 141 1281.86 874.57 1155.17 752.98 253.38 243.17
69019388-back_camera2-8.jpg 141 1283.79 867.5 1193.66 725.34 180.25 284.33
69019388-back_camera3-16.jpg 141 1386.84 1426.96 1263.46 1345.64 246.76 162.64
69019388-back_camera3-17.jpg 141 1388.81 1428.82 1285.97 1345.17 205.67 167.3
69019388-back_camera3-22.jpg 141 1394.5 1422.24 1283.37 1336.24 222.26 172.01
69019388-back_camera3-27.jpg 141 1378.04 1419.12 1205.78 1360.15 344.52 117.95
69019388-back_camera3-25.jpg 141 1382.46 1421.81 1222.27 1354.82 320.39 133.98
69019388-back_camera3-31.jpg 141 1368.3 1417.07 1199.95 1361.15 336.7 111.84
69019388-back_camera3-28.jpg 141 1373.73 1420.31 1204.07 1367.18 339.33 106.26
69019388-back_camera3-33.jpg 141 1361.61 1422.89 1199.35 1352.86 324.53 140.07
69019388-back_camera3-32.jpg 141 1364.4 1417.27 1195.43 1351.84 337.94 130.87
69019388-back_camera3-34.jpg 141 1360.33 1422.62 1210.62 1345.73 299.42 153.79
69019388-back_camera3-35.jpg 141 1352.95 1426.11 1217.66 1345.9 270.57 160.41
69019388-back_camera3-36.jpg 141 1358.41 1426.12 1238.12 1343.89 240.58 164.47
69019388-back_camera3-37.jpg 141 1355.93 1427.05 1253.7 1335.77 204.47 182.56
69019388-back_camera3-5.jpg 141 1381.9 1432.57 1220.4 1356.79 323.0 151.55
69019388-back_camera3-6.jpg 141 1379.89 1432.18 1217.37 1361.7 325.05 140.97
69019388-back_camera3-7.jpg 141 1380.14 1428.05 1207.03 1361.78 346.22 132.53
69019388-back_camera3-8.jpg 141 1381.6 1429.65 1209.54 1373.36 344.11 112.59
69019388_camera1-10.jpg 141 1217.81 1158.05 1057.3 1100.85 321.02 114.4
69019388_camera1-11.jpg 141 1221.97 1158.41 1064.66 1101.81 314.62 113.21
69019388_camera1-12.jpg 141 1223.76 1163.51 1065.98 1091.61 315.56 143.8
69019388_camera1-1.jpg 141 1236.67 1113.94 1178.28 984.17 116.79 259.54
69019388_camera1-26.jpg 141 1309.16 1147.61 1163.53 1037.51 291.26 220.19
69019388_camera1-27.jpg 141 1308.86 1143.7 1157.78 1047.84 302.15 191.73
69019388_camera1-28.jpg 141 1305.59 1136.2 1148.08 1048.27 315.03 175.87
69019388_camera1-31.jpg 141 1301.89 1118.72 1147.52 1062.8 308.74 111.84
69019388_camera1-32.jpg 141 1298.47 1115.54 1139.48 1038.34 317.99 154.41
69019388_camera1-35.jpg 141 1274.77 1108.07 1138.46 994.48 272.62 227.18
69019388_camera1-4.jpg 141 1223.62 1122.57 1104.29 992.9 238.65 259.34
69019388_camera1-3.jpg 141 1226.05 1124.65 1123.43 994.17 205.24 260.97
69019388_camera2-13.jpg 141 1305.59 898.17 1220.03 759.11 171.11 278.12
69019388_camera2-14.jpg 141 1311.65 893.94 1208.2 758.84 206.9 270.19
69019388_camera2-1.jpg 141 1233.65 891.2 1091.66 840.08 283.98 102.23
69019388_camera2-15.jpg 141 1314.49 885.02 1194.39 755.87 240.2 258.31
69019388_camera2-16.jpg 141 1313.88 879.61 1185.31 763.8 257.14 231.62
69019388_camera2-20.jpg 141 1310.15 853.55 1171.52 806.08 277.27 94.93
69019388_camera2-21.jpg 141 1308.12 846.75 1171.17 790.25 273.91 112.99
69019388_camera2-18.jpg 141 1314.69 866.55 1174.12 775.88 281.14 181.34
69019388_camera2-19.jpg 141 1312.82 858.82 1170.84 792.08 283.96 133.48
69019388_camera2-22.jpg 141 1303.56 844.86 1164.25 774.2 278.61 141.31
69019388_camera2-24.jpg 141 1293.98 834.85 1157.86 726.66 272.25 216.38
69019388_camera2-23.jpg 141 1298.45 839.23 1162.14 751.27 272.62 175.92
69019388_camera2-26.jpg 141 1284.07 829.42 1166.92 700.92 234.29 257.01
69019388_camera2-25.jpg 141 1288.11 831.32 1159.87 714.85 256.48 232.93
69019388_camera2-2.jpg 141 1241.77 899.11 1101.41 827.64 280.71 142.94
69019388_camera2-31.jpg 141 1250.06 834.71 1199.43 695.68 101.26 278.07
69019388_camera2-32.jpg 141 1245.22 839.62 1178.81 697.81 132.82 283.61
69019388_camera2-35.jpg 141 1234.7 855.09 1114.98 728.53 239.44 253.12
69019388_camera2-36.jpg 141 1230.79 860.64 1101.57 746.47 258.45 228.35
69019388_camera2-39.jpg 141 1232.06 881.26 1091.41 813.95 281.29 134.62
69019388_camera2-38.jpg 141 1231.52 877.71 1091.66 793.22 279.72 168.97
69019388_camera2-3.jpg 141 1244.95 901.09 1102.81 806.83 284.29 188.51
69019388_camera2-4.jpg 141 1249.28 905.39 1115.92 798.54 266.71 213.7
69019388_camera2-6.jpg 141 1263.97 909.9 1151.15 784.17 225.63 251.46
69019388_camera2-8.jpg 141 1273.41 913.91 1186.8 770.5 173.23 286.82
69019388_camera2-9.jpg 141 1283.11 910.85 1213.79 766.52 138.64 288.66
69019388_camera2-7.jpg 141 1271.39 910.92 1172.36 777.52 198.06 266.8
69019388_camera3-12.jpg 141 1340.85 1443.52 1164.45 1380.41 352.8 126.22
69019388_camera3-16.jpg 141 1369.08 1451.41 1244.29 1367.57 249.57 167.69
69019388_camera3-18.jpg 141 1384.76 1449.29 1301.6 1357.63 166.32 183.31
69019388_camera3-15.jpg 141 1362.83 1450.64 1221.27 1369.09 283.11 163.11
69019388_camera3-17.jpg 141 1380.97 1451.24 1283.37 1361.37 195.2 179.74
69019388_camera3-23.jpg 141 1428.76 1440.87 1294.19 1355.92 269.13 169.9
69019388_camera3-27.jpg 141 1430.3 1430.58 1258.45 1369.99 343.69 121.17
69019388_camera3-37.jpg 141 1367.12 1415.14 1271.99 1332.79 190.27 164.71
69019388_camera3-36.jpg 141 1374.77 1415.29 1257.43 1334.9 234.67 160.78
69019388_camera3-6.jpg 141 1325.95 1432.89 1159.82 1362.61 332.26 140.57
