6913102210618-back_camera0-12.jpg 155 1438.25 1081.01 1002.68 994.04 871.14 173.94
6913102210618-back_camera0-10.jpg 155 1461.56 1082.44 1023.36 995.17 876.39 174.55
6913102210618-back_camera0-29.jpg 155 1466.64 1070.49 1038.85 980.69 855.58 179.6
6913102210618-back_camera0-2.jpg 155 1416.14 1055.89 994.01 977.41 844.27 156.97
6913102210618-back_camera0-39.jpg 155 1449.1 1050.93 1006.01 983.41 886.18 135.05
6913102210618-back_camera0-40.jpg 155 1436.71 1048.5 987.15 981.1 899.13 134.79
6913102210618-back_camera1-10.jpg 155 1284.64 1182.62 997.56 921.71 574.16 521.83
6913102210618-back_camera0-7.jpg 155 1489.08 1076.74 1108.89 999.96 760.37 153.55
6913102210618-back_camera0-8.jpg 155 1490.05 1081.52 1085.35 999.5 809.4 164.04
6913102210618-back_camera1-11.jpg 155 1301.71 1196.85 988.37 913.81 626.68 566.08
6913102210618-back_camera1-12.jpg 155 1300.47 1193.86 947.11 890.45 706.72 606.82
6913102210618-back_camera0-9.jpg 155 1473.72 1083.76 1042.39 992.55 862.65 182.43
6913102210618-back_camera1-13.jpg 155 1293.54 1191.86 915.2 876.42 756.67 630.87
6913102210618-back_camera1-14.jpg 155 1286.9 1190.1 891.45 877.0 790.9 626.19
6913102210618-back_camera1-20.jpg 155 1272.34 1151.94 923.24 942.85 698.2 418.19
6913102210618-back_camera1-17.jpg 155 1258.49 1175.18 858.64 871.35 799.7 607.66
6913102210618-back_camera1-18.jpg 155 1249.93 1167.67 872.21 904.53 755.44 526.29
6913102210618-back_camera1-19.jpg 155 1248.67 1155.09 897.39 917.12 702.56 475.93
6913102210618-back_camera1-25.jpg 155 1244.02 1175.18 840.22 858.2 807.59 633.97
6913102210618-back_camera1-24.jpg 155 1256.22 1175.22 847.03 874.31 818.39 601.83
6913102210618-back_camera1-26.jpg 155 1236.19 1181.8 839.21 870.28 793.96 623.05
6913102210618-back_camera1-39.jpg 155 1223.49 1192.86 869.69 957.41 707.6 470.89
6913102210618-back_camera1-37.jpg 155 1227.28 1195.38 826.89 902.01 800.77 586.73
6913102210618-back_camera1-38.jpg 155 1225.28 1196.51 839.91 926.4 770.73 540.22
6913102210618-back_camera1-5.jpg 155 1256.22 1201.67 857.1 881.87 798.25 639.61
6913102210618-back_camera1-8.jpg 155 1250.11 1196.39 905.75 891.64 688.71 609.51
6913102210618-back_camera1-7.jpg 155 1257.48 1205.44 882.28 886.9 750.4 637.09
6913102210618-back_camera2-10.jpg 155 1283.39 858.28 992.78 624.94 581.23 466.68
6913102210618-back_camera2-13.jpg 155 1274.2 861.11 913.59 525.95 721.23 670.32
6913102210618-back_camera2-11.jpg 155 1285.19 859.2 972.94 594.8 624.5 528.81
6913102210618-back_camera2-15.jpg 155 1267.84 863.93 905.1 507.56 725.48 712.75
6913102210618-back_camera2-14.jpg 155 1274.43 864.17 908.16 519.11 732.55 690.12
6913102210618-back_camera2-24.jpg 155 1259.12 881.38 911.94 521.47 694.36 719.82
6913102210618-back_camera2-26.jpg 155 1258.14 889.17 894.73 536.09 726.83 706.17
6913102210618-back_camera2-30.jpg 155 1262.53 889.43 972.94 652.72 579.17 473.41
6913102210618-back_camera2-33.jpg 155 1276.37 895.72 925.09 567.1 702.56 657.23
6913102210618-back_camera2-32.jpg 155 1273.44 894.14 933.12 589.98 680.64 608.32
6913102210618-back_camera2-9.jpg 155 1284.74 859.92 973.01 592.59 623.47 534.67
6913102210618-back_camera3-11.jpg 155 1368.97 1410.62 950.71 1255.42 836.52 310.41
6913102210618-back_camera3-12.jpg 155 1380.95 1404.76 1004.47 1266.01 752.97 277.51
6913102210618-back_camera3-16.jpg 155 1427.45 1367.98 1009.26 1211.01 836.39 313.95
6913102210618-back_camera3-17.jpg 155 1413.69 1367.22 990.17 1200.18 847.05 334.08
6913102210618-back_camera3-19.jpg 155 1388.7 1372.48 966.49 1194.91 844.42 355.13
6913102210618-back_camera3-15.jpg 155 1430.11 1364.85 1023.53 1216.36 813.15 296.98
6913102210618-back_camera3-1.jpg 155 1361.42 1379.27 986.79 1227.57 749.27 303.41
6913102210618-back_camera3-20.jpg 155 1382.13 1375.06 983.91 1207.78 796.45 334.55
6913102210618-back_camera3-24.jpg 155 1433.76 1394.3 1121.51 1234.4 624.5 319.8
6913102210618-back_camera3-27.jpg 155 1413.61 1420.75 1008.19 1244.48 810.84 352.54
6913102210618-back_camera3-28.jpg 155 1408.57 1411.93 993.08 1234.4 830.98 355.06
6913102210618-back_camera3-39.jpg 155 1374.57 1377.81 951.53 1224.47 846.08 306.68
6913102210618-back_camera3-38.jpg 155 1392.21 1376.68 960.35 1226.85 863.72 299.66
6913102210618-back_camera3-4.jpg 155 1431.87 1405.99 1117.07 1249.3 629.59 313.38
6913102210618-back_camera3-40.jpg 155 1359.77 1376.42 953.34 1213.33 812.85 326.19
6913102210618-back_camera3-8.jpg 155 1411.03 1422.8 987.99 1247.64 846.08 350.31
6913102210618_camera0-16.jpg 155 1400.54 1276.46 958.6 1192.28 883.88 168.36
6913102210618_camera0-19.jpg 155 1330.83 1275.14 900.73 1192.28 860.2 165.73
6913102210618_camera0-18.jpg 155 1355.74 1276.0 924.22 1201.45 863.05 149.1
6913102210618_camera0-17.jpg 155 1372.91 1272.51 921.77 1192.28 902.29 160.47
6913102210618_camera0-20.jpg 155 1328.79 1277.45 934.23 1208.97 789.11 136.97
6913102210618_camera0-22.jpg 155 1383.44 1275.15 984.91 1197.55 797.07 155.2
6913102210618_camera1-11.jpg 155 1290.72 1129.64 987.38 854.58 606.68 550.12
6913102210618_camera1-12.jpg 155 1280.38 1128.28 946.45 835.97 667.87 584.62
6913102210618_camera1-18.jpg 155 1203.65 1133.07 815.16 862.76 776.99 540.62
6913102210618_camera1-13.jpg 155 1269.47 1132.66 905.22 822.35 728.51 620.62
6913102210618_camera1-17.jpg 155 1218.1 1136.91 819.87 842.29 796.45 589.24
6913102210618_camera1-16.jpg 155 1226.57 1138.62 819.56 832.43 814.03 612.37
6913102210618_camera1-1.jpg 155 1332.87 1153.53 972.86 919.58 720.02 467.89
6913102210618_camera1-20.jpg 155 1202.9 1137.99 855.72 920.92 694.36 434.15
6913102210618_camera1-21.jpg 155 1227.65 1140.82 877.07 910.49 701.17 460.66
6913102210618_camera1-22.jpg 155 1225.6 1151.87 849.11 889.16 752.97 525.42
6913102210618_camera1-23.jpg 155 1215.59 1157.01 815.58 870.33 800.02 573.35
6913102210618_camera1-24.jpg 155 1210.18 1165.7 797.93 864.6 824.51 602.19
6913102210618_camera1-27.jpg 155 1200.54 1187.34 809.52 868.91 782.04 636.85
6913102210618_camera1-28.jpg 155 1201.18 1182.61 843.97 880.43 714.43 604.35
6913102210618_camera1-26.jpg 155 1198.11 1180.29 788.67 851.4 818.87 657.78
6913102210618_camera1-2.jpg 155 1330.42 1147.42 939.4 878.02 782.04 538.8
6913102210618_camera1-6.jpg 155 1293.17 1147.28 895.25 814.03 795.84 666.51
6913102210618_camera1-5.jpg 155 1301.95 1146.33 898.91 830.96 806.08 630.73
6913102210618_camera1-4.jpg 155 1310.6 1146.68 906.36 843.27 808.48 606.82
6913102210618_camera1-8.jpg 155 1272.07 1140.19 915.77 831.4 712.6 617.59
6913102210618_camera2-12.jpg 155 1232.26 868.53 892.85 568.72 678.81 599.61
6913102210618_camera1-9.jpg 155 1266.72 1126.17 956.83 844.04 619.77 564.27
6913102210618_camera2-10.jpg 155 1230.56 852.63 935.82 611.37 589.48 482.53
6913102210618_camera2-11.jpg 155 1232.19 867.74 922.18 602.92 620.03 529.65
6913102210618_camera2-14.jpg 155 1230.89 887.24 869.34 545.39 723.11 683.69
6913102210618_camera2-15.jpg 155 1229.76 894.85 866.11 538.47 727.29 712.75
6913102210618_camera2-22.jpg 155 1276.22 921.12 978.03 587.77 596.38 666.69
6913102210618_camera2-1.jpg 155 1284.45 831.65 1021.92 522.93 525.07 617.44
6913102210618_camera2-17.jpg 155 1233.26 902.57 894.7 549.21 677.12 706.72
6913102210618_camera2-18.jpg 155 1235.28 907.45 922.88 564.93 624.79 685.05
6913102210618_camera2-27.jpg 155 1302.82 914.09 943.66 574.98 718.32 678.21
6913102210618_camera2-25.jpg 155 1290.47 919.09 930.56 555.64 719.82 726.89
6913102210618_camera2-29.jpg 155 1306.05 899.02 978.59 618.34 654.92 561.36
6913102210618_camera2-30.jpg 155 1309.07 898.28 1016.32 657.63 585.49 481.31
6913102210618_camera2-31.jpg 155 1321.88 882.12 1010.36 620.9 623.05 522.44
6913102210618_camera2-32.jpg 155 1320.83 871.95 985.97 574.09 669.72 595.72
6913102210618_camera2-5.jpg 155 1252.75 832.45 890.72 466.89 724.06 731.13
6913102210618_camera2-4.jpg 155 1264.76 834.01 922.5 468.63 684.52 730.77
6913102210618_camera2-8.jpg 155 1238.96 843.12 894.85 529.53 688.22 627.17
6913102210618_camera2-7.jpg 155 1242.95 841.16 883.79 499.63 718.32 683.07
6913102210618_camera3-10.jpg 155 1398.99 1459.6 1030.83 1299.57 736.32 320.06
6913102210618_camera3-12.jpg 155 1384.06 1465.27 957.38 1288.3 853.36 353.95
6913102210618_camera3-11.jpg 155 1393.67 1457.46 987.41 1283.76 812.52 347.41
6913102210618_camera3-15.jpg 155 1348.36 1463.23 894.3 1282.04 908.11 362.39
6913102210618_camera3-14.jpg 155 1365.95 1468.4 916.95 1294.46 898.01 347.89
6913102210618_camera3-16.jpg 155 1342.51 1459.55 916.07 1302.29 852.88 314.51
6913102210618_camera3-17.jpg 155 1333.88 1451.7 928.62 1307.93 810.52 287.54
6913102210618_camera3-19.jpg 155 1394.42 1436.08 1006.53 1302.74 775.78 266.67
6913102210618_camera3-20.jpg 155 1394.83 1438.34 977.59 1291.67 834.48 293.34
6913102210618_camera3-22.jpg 155 1372.12 1439.72 930.48 1276.38 883.27 326.67
6913102210618_camera3-23.jpg 155 1364.94 1442.52 915.23 1255.92 899.42 373.19
6913102210618_camera3-21.jpg 155 1382.64 1438.48 951.58 1282.15 862.13 312.66
6913102210618_camera3-24.jpg 155 1354.28 1438.29 919.15 1264.48 870.25 347.61
6913102210618_camera3-2.jpg 155 1384.14 1432.57 946.6 1273.46 875.08 318.21
6913102210618_camera3-3.jpg 155 1375.74 1432.84 930.49 1259.85 890.51 345.99
6913102210618_camera3-4.jpg 155 1362.4 1433.96 933.19 1261.9 858.43 344.11
6913102210618_camera3-7.jpg 155 1333.72 1434.08 983.74 1266.69 699.97 334.77
6913102210618_camera3-5.jpg 155 1351.56 1435.99 933.96 1259.45 835.2 353.08
6913102210618_camera3-6.jpg 155 1342.82 1435.39 958.93 1265.19 767.77 340.41
6913102210618_camera3-9.jpg 155 1401.83 1452.07 1077.54 1299.84 648.58 304.47
