6907777820708_camera1-17.jpg 156 1280.51 1201.45 959.61 976.39 641.8 450.12
6907777820708_camera1-15.jpg 156 1281.4 1204.69 979.13 959.13 604.54 491.13
6907777820708_camera1-16.jpg 156 1279.2 1200.83 965.62 963.3 627.16 475.06
6907777820708_camera1-6.jpg 156 1212.36 1187.24 914.17 945.15 596.37 484.19
6907777820708_camera1-7.jpg 156 1213.74 1188.47 932.38 944.49 562.72 487.96
6907777820708_camera2-8.jpg 156 1296.91 903.02 1023.13 674.08 547.57 457.87
6907777820708_camera3-11.jpg 156 1396.34 1479.31 1150.62 1355.67 491.44 247.28
6907777820708_camera3-13.jpg 156 1404.11 1474.91 1095.14 1340.07 617.94 269.68
6907777820708_camera3-10.jpg 156 1387.42 1472.62 1175.6 1354.44 423.65 236.37
6907777820708_camera3-12.jpg 156 1399.45 1473.11 1118.67 1338.54 561.55 269.13
6907777820708_camera3-15.jpg 156 1403.97 1476.46 1058.2 1343.88 691.54 265.16
6907777820708_camera3-16.jpg 156 1401.21 1468.84 1058.76 1349.18 684.91 239.32
6907777820708_camera3-19.jpg 156 1404.79 1455.09 1095.17 1369.89 619.24 170.39
6907777820708_camera3-17.jpg 156 1399.07 1465.84 1066.06 1355.06 666.02 221.55
6907777820708_camera3-5.jpg 156 1323.82 1466.27 1000.79 1339.89 646.06 252.75
6907777820708_camera3-8.jpg 156 1327.76 1464.22 1080.86 1332.43 493.81 263.57
6907777820708_camera3-6.jpg 156 1322.16 1457.86 1013.21 1322.02 617.9 271.68
