6901844710114-back_camera1-29.jpg 158 1246.8 1148.91 1049.66 941.01 394.27 415.8
6901844710114-back_camera2-24.jpg 158 1262.55 868.63 1016.14 601.84 492.82 533.59
6901844710114-back_camera3-13.jpg 158 1393.11 1459.21 1080.71 1312.53 624.79 293.37
6901844710114-back_camera3-19.jpg 158 1401.82 1435.73 1095.99 1345.34 611.65 180.78
6901844710114_camera0-28.jpg 158 1413.88 1280.08 1117.57 1232.5 592.62 95.15
6901844710114_camera2-17.jpg 158 1298.4 833.56 1046.58 565.67 503.64 535.78
6901844710114_camera3-12.jpg 158 1424.8 1470.73 1158.09 1334.89 533.42 271.68
6901844710114_camera3-11.jpg 158 1420.41 1466.12 1196.82 1334.27 447.19 263.69
6901844710114_camera3-10.jpg 158 1393.01 1461.77 1189.88 1328.26 406.25 267.02
6901844710114_camera3-28.jpg 158 1365.71 1428.54 1124.02 1313.42 483.39 230.24
6901844710114_camera3-31.jpg 158 1379.51 1436.61 1168.83 1319.03 421.36 235.15
6901844710114_camera3-33.jpg 158 1361.48 1440.68 1082.51 1312.37 557.94 256.63
6901844710114_camera3-8.jpg 158 1343.65 1462.35 1087.82 1315.45 511.67 293.79
6901844710114_camera3-7.jpg 158 1338.19 1465.22 1051.37 1315.22 573.64 299.99
6901844710114_camera3-9.jpg 158 1353.13 1463.56 1142.45 1324.24 421.36 278.64
