6907777800519-back_camera1-10.jpg 15 1268.82 1274.69 839.48 849.13 858.68 851.13
6907777800519-back_camera2-15.jpg 15 1322.26 790.75 779.27 259.78 1085.98 1061.93
6907777800519-back_camera2-13.jpg 15 1330.83 801.64 787.61 329.45 1086.43 944.38
6907777800519-back_camera2-14.jpg 15 1345.3 797.69 813.92 274.21 1062.76 1046.97
6907777800519-back_camera2-16.jpg 15 1310.81 783.75 780.51 236.17 1060.6 1095.17
6907777800519-back_camera2-32.jpg 15 1186.26 927.97 673.29 497.77 1025.95 860.41
6907777800519-back_camera2-40.jpg 15 1271.82 965.13 901.72 482.0 740.2 966.27
6907777800519-back_camera2-4.jpg 15 1330.89 939.85 835.24 398.0 991.3 1083.7
6907777800519-back_camera3-12.jpg 15 1550.85 1506.36 972.94 1236.92 1155.82 538.88
6907777800519-back_camera2-9.jpg 15 1364.51 888.16 854.59 453.78 1019.84 868.76
6907777800519_camera2-23.jpg 15 1206.42 753.61 745.42 222.35 922.01 1062.52
6907777800519_camera3-35.jpg 15 1329.06 1378.16 716.72 1141.99 1224.68 472.34
