6925843403303_camera0-13.jpg 163 1384.63 906.95 1255.91 484.0 257.45 845.9
6925843403303_camera0-18.jpg 163 1415.26 902.36 1289.05 484.94 252.43 834.84
6925843403303_camera0-16.jpg 163 1403.15 906.18 1281.97 492.69 242.36 826.98
6925843403303_camera0-21.jpg 163 1425.53 913.44 1292.68 492.55 265.69 841.79
6925843403303_camera0-22.jpg 163 1433.27 908.24 1302.7 484.62 261.13 847.24
6925843403303_camera0-20.jpg 163 1430.46 906.37 1305.31 492.01 250.31 828.71
6925843403303_camera0-2.jpg 163 1378.14 914.04 1250.48 502.03 255.33 824.02
6925843403303_camera0-37.jpg 163 1402.18 905.65 1278.44 499.08 247.48 813.15
6925843403303_camera0-39.jpg 163 1385.95 903.01 1261.16 497.14 249.57 811.75
6925843403303_camera0-3.jpg 163 1370.28 905.55 1240.07 497.81 260.43 815.48
6925843403303_camera0-5.jpg 163 1364.93 905.63 1237.52 491.88 254.82 827.51
6925843403303_camera0-4.jpg 163 1365.03 904.24 1221.66 487.29 286.73 833.89
6925843403303_camera0-8.jpg 163 1366.59 903.18 1241.2 491.54 250.78 823.29
6925843403303_camera0-9.jpg 163 1371.6 913.44 1240.07 495.18 263.06 836.53
6925843403303_camera1-12.jpg 163 1242.77 893.81 1119.3 536.54 246.94 714.55
6925843403303_camera1-10.jpg 163 1234.53 892.29 1120.36 538.67 228.35 707.25
6925843403303_camera1-14.jpg 163 1262.65 899.05 1143.86 542.68 237.58 712.75
6925843403303_camera1-13.jpg 163 1253.28 900.38 1129.81 536.54 246.94 727.69
6925843403303_camera1-19.jpg 163 1284.49 894.67 1169.52 543.43 229.94 702.49
6925843403303_camera1-1.jpg 163 1230.95 858.35 1111.42 499.76 239.06 717.18
6925843403303_camera1-15.jpg 163 1265.12 898.23 1152.11 542.68 226.03 711.1
6925843403303_camera1-18.jpg 163 1275.61 897.76 1153.45 539.17 244.31 717.18
6925843403303_camera1-20.jpg 163 1290.05 896.35 1169.05 532.01 242.01 728.67
6925843403303_camera1-22.jpg 163 1298.62 889.52 1183.92 533.39 229.41 712.27
6925843403303_camera1-27.jpg 163 1305.55 866.06 1190.06 511.88 230.98 708.35
6925843403303_camera1-2.jpg 163 1228.33 861.77 1115.47 514.89 225.71 693.77
6925843403303_camera1-30.jpg 163 1291.38 858.2 1163.79 503.07 255.17 710.26
6925843403303_camera1-34.jpg 163 1270.36 847.85 1148.2 494.51 244.31 706.67
6925843403303_camera1-36.jpg 163 1260.7 847.1 1147.32 497.44 226.76 699.32
6925843403303_camera1-31.jpg 163 1287.43 855.72 1163.96 499.76 246.94 711.92
6925843403303_camera1-37.jpg 163 1260.17 849.56 1150.46 498.13 219.43 702.85
6925843403303_camera1-3.jpg 163 1228.22 858.02 1109.45 507.2 237.53 701.64
6925843403303_camera1-5.jpg 163 1219.13 874.12 1095.66 512.9 246.94 722.43
6925843403303_camera1-6.jpg 163 1229.52 875.68 1111.14 519.58 236.76 712.2
6925843403303_camera1-8.jpg 163 1230.87 885.83 1098.02 529.38 265.69 712.89
6925843403303_camera3-10.jpg 163 1351.64 1072.18 1220.64 647.75 261.99 848.86
6925843403303_camera3-12.jpg 163 1365.34 1084.61 1243.71 665.93 243.26 837.36
6925843403303_camera3-14.jpg 163 1378.69 1080.68 1249.73 656.25 257.93 848.86
6925843403303_camera3-11.jpg 163 1358.45 1073.9 1226.92 637.23 263.06 873.35
6925843403303_camera3-1.jpg 163 1346.62 1071.28 1221.66 658.28 249.91 826.0
6925843403303_camera3-21.jpg 163 1414.44 1076.41 1289.05 654.87 250.78 843.09
6925843403303_camera3-26.jpg 163 1420.27 1067.33 1287.42 639.86 265.69 854.94
6925843403303_camera3-31.jpg 163 1395.98 1061.91 1275.11 650.2 241.74 823.43
6925843403303_camera3-30.jpg 163 1402.08 1064.58 1279.52 649.61 245.12 829.93
6925843403303_camera3-29.jpg 163 1405.91 1059.53 1276.59 649.18 258.65 820.71
6925843403303_camera3-34.jpg 163 1377.64 1061.92 1253.9 650.28 247.48 823.29
6925843403303_camera3-32.jpg 163 1389.74 1059.94 1262.08 647.93 255.33 824.02
6925843403303_camera3-35.jpg 163 1375.36 1061.58 1258.8 653.64 233.11 815.88
6925843403303_camera3-36.jpg 163 1369.39 1061.75 1243.31 652.72 252.16 818.06
6925843403303_camera3-7.jpg 163 1343.33 1080.25 1209.86 647.93 266.94 864.64
6925843403303_camera3-8.jpg 163 1346.88 1075.76 1227.27 655.23 239.22 841.06
6925843403303_camera3-9.jpg 163 1351.19 1076.69 1224.98 656.8 252.43 839.79
