6903148232965_camera0-26.jpg 165 1442.83 1022.79 1348.37 732.59 188.93 580.39
6903148232965_camera0-37.jpg 165 1396.98 1020.69 1302.33 730.36 189.3 580.67
6903148232965_camera0-38.jpg 165 1391.85 1022.52 1306.74 733.91 170.21 577.22
6903148232965_camera0-3.jpg 165 1376.59 1023.15 1288.52 723.71 176.14 598.89
6903148232965_camera1-24.jpg 165 1300.11 964.88 1210.37 704.58 179.49 520.6
6903148232965_camera1-27.jpg 165 1296.67 954.48 1190.65 710.5 212.04 487.96
6903148232965_camera1-29.jpg 165 1290.45 947.99 1174.02 706.6 232.87 482.77
6903148232965_camera1-30.jpg 165 1287.03 947.57 1178.4 711.29 217.25 472.56
6903148232965_camera1-33.jpg 165 1272.99 944.75 1166.75 704.51 212.49 480.49
6903148232965_camera3-21.jpg 165 1411.82 1189.7 1323.75 877.44 176.14 624.51
6903148232965_camera3-23.jpg 165 1412.12 1184.04 1322.41 885.01 179.42 598.06
6903148232965_camera3-2.jpg 165 1347.67 1182.77 1264.4 882.65 166.54 600.24
6903148232965_camera3-35.jpg 165 1371.86 1173.76 1279.92 873.09 183.88 601.34
6903148232965_camera3-37.jpg 165 1360.6 1178.41 1279.92 879.42 161.35 597.99
