6920354818585-back_camera1-14.jpg 169 1245.69 1176.79 871.98 780.88 747.42 791.82
6920354818585-back_camera1-18.jpg 169 1249.28 1163.35 745.52 913.44 1007.51 499.81
6920354818585-back_camera1-19.jpg 169 1261.42 1155.36 764.68 963.88 993.48 382.96
6920354818585-back_camera1-16.jpg 169 1256.77 1174.16 797.16 831.93 919.22 684.46
6920354818585-back_camera1-17.jpg 169 1251.91 1168.61 758.68 868.72 986.47 599.77
6920354818585-back_camera1-22.jpg 169 1288.66 1159.83 792.05 905.75 993.23 508.16
6920354818585-back_camera1-23.jpg 169 1288.74 1162.03 811.29 871.35 954.9 581.36
6920354818585-back_camera1-24.jpg 169 1290.4 1164.77 836.69 821.59 907.43 686.35
6920354818585-back_camera1-25.jpg 169 1291.48 1161.38 887.32 793.73 808.32 735.3
6920354818585-back_camera1-28.jpg 169 1310.03 1150.78 1073.28 720.57 473.51 860.41
6920354818585-back_camera1-29.jpg 169 1318.99 1142.3 1148.0 718.78 341.98 847.05
6920354818585-back_camera1-27.jpg 169 1299.26 1158.08 992.8 742.45 612.93 831.26
6920354818585-back_camera1-37.jpg 169 1297.56 1063.57 827.97 782.18 939.17 562.77
6920354818585-back_camera1-38.jpg 169 1270.32 1059.44 790.24 813.48 960.16 491.92
6920354818585-back_camera1-8.jpg 169 1161.16 1134.41 892.84 716.15 536.64 836.52
6920354818585-back_camera1-6.jpg 169 1161.8 1113.54 791.63 733.3 740.33 760.48
6920354818585-back_camera1-7.jpg 169 1158.87 1124.31 835.56 718.93 646.62 810.76
6920354818585-back_camera2-10.jpg 169 1285.19 929.71 854.59 823.95 861.2 211.52
6920354818585-back_camera2-11.jpg 169 1291.38 931.86 842.86 760.87 897.03 341.98
6920354818585-back_camera2-12.jpg 169 1302.82 920.9 864.66 703.08 876.31 435.64
6920354818585-back_camera2-13.jpg 169 1313.07 918.7 878.2 633.05 869.74 571.3
6920354818585-back_camera2-16.jpg 169 1330.83 894.18 985.49 487.03 690.67 814.31
6920354818585-back_camera2-17.jpg 169 1330.52 883.12 1043.45 466.37 574.13 833.5
6920354818585-back_camera2-26.jpg 169 1307.15 800.33 898.1 453.09 818.11 694.47
6920354818585-back_camera2-23.jpg 169 1330.51 828.98 1061.07 400.9 538.88 856.17
6920354818585-back_camera2-24.jpg 169 1325.57 822.68 987.54 413.63 676.06 818.11
6920354818585-back_camera2-27.jpg 169 1290.05 806.9 869.16 510.96 841.79 591.88
6920354818585-back_camera2-28.jpg 169 1281.41 801.28 847.03 572.13 868.76 458.3
6920354818585-back_camera2-32.jpg 169 1238.76 812.17 798.14 571.47 881.25 481.4
6920354818585-back_camera2-35.jpg 169 1213.42 821.43 839.48 461.34 747.89 720.19
6920354818585-back_camera2-39.jpg 169 1203.34 866.76 1030.85 433.64 344.98 866.24
6920354818585-back_camera2-38.jpg 169 1197.99 860.83 958.6 418.89 478.77 883.88
6920354818585-back_camera2-7.jpg 169 1247.96 933.17 816.55 629.34 862.83 607.66
6920354818585-back_camera3-10.jpg 169 1395.27 1325.12 1184.83 1050.23 420.89 549.79
6920354818585-back_camera3-13.jpg 169 1394.73 1327.57 1003.16 1090.87 783.14 473.41
6920354818585-back_camera3-14.jpg 169 1389.68 1323.8 952.79 1098.42 873.79 450.75
6920354818585-back_camera3-37.jpg 169 1436.05 1296.19 927.03 1129.15 1018.03 334.08
6920354818585-back_camera3-8.jpg 169 1338.15 1323.92 1162.39 1069.37 351.52 509.11
6920354818585-back_camera3-9.jpg 169 1382.14 1323.8 1242.38 1068.21 279.51 511.18
6920354818585_camera0-12.jpg 169 1433.39 1229.55 1156.18 1063.54 554.42 332.02
6920354818585_camera0-29.jpg 169 1399.4 1233.33 1182.48 1075.76 433.84 315.13
6920354818585_camera1-12.jpg 169 1276.97 1164.74 969.33 753.24 615.28 823.01
6920354818585_camera1-10.jpg 169 1257.17 1162.03 1074.35 734.56 365.65 854.94
6920354818585_camera1-11.jpg 169 1271.0 1165.82 1020.22 738.5 501.56 854.64
6920354818585_camera1-15.jpg 169 1284.06 1151.34 842.13 799.91 883.86 702.85
6920354818585_camera1-24.jpg 169 1261.12 1130.46 819.18 784.54 883.88 691.84
6920354818585_camera1-16.jpg 169 1278.89 1143.75 809.26 849.13 939.26 589.24
6920354818585_camera1-26.jpg 169 1261.12 1155.45 937.56 726.67 647.12 857.57
6920354818585_camera1-25.jpg 169 1258.75 1136.2 892.36 758.48 732.78 755.44
6920354818585_camera1-29.jpg 169 1271.34 1131.15 1131.58 720.7 279.51 820.91
6920354818585_camera1-36.jpg 169 1285.19 1102.2 836.96 793.73 896.46 616.94
6920354818585_camera1-37.jpg 169 1263.78 1088.35 791.63 821.43 944.3 533.84
6920354818585_camera1-3.jpg 169 1212.99 1103.86 747.72 809.0 930.53 589.71
6920354818585_camera1-4.jpg 169 1201.93 1121.26 753.42 776.65 897.03 689.21
6920354818585_camera1-9.jpg 169 1215.94 1155.09 1083.74 740.85 264.4 828.47
6920354818585_camera1-6.jpg 169 1189.43 1138.65 830.58 736.08 717.7 805.14
6920354818585_camera1-8.jpg 169 1199.3 1155.45 969.12 729.3 460.35 852.31
6920354818585_camera2-15.jpg 169 1297.95 870.04 940.19 476.77 715.52 786.54
6920354818585_camera2-14.jpg 169 1302.81 871.8 925.09 514.22 755.44 715.15
6920354818585_camera2-16.jpg 169 1300.78 863.18 999.3 442.93 602.97 840.5
6920354818585_camera2-11.jpg 169 1293.99 881.87 857.1 670.34 873.79 423.05
6920354818585_camera2-17.jpg 169 1297.78 861.72 1043.45 431.12 508.66 861.2
6920354818585_camera2-23.jpg 169 1291.38 837.15 979.65 421.52 623.45 831.26
6920354818585_camera2-24.jpg 169 1284.11 840.6 944.7 442.51 678.81 796.18
6920354818585_camera2-27.jpg 169 1263.75 831.89 827.07 576.73 873.35 510.33
6920354818585_camera2-25.jpg 169 1278.88 837.8 882.28 501.63 793.21 672.34
6920354818585_camera2-26.jpg 169 1275.55 837.72 851.64 539.89 847.81 595.66
6920354818585_camera2-40.jpg 169 1249.93 883.12 1126.54 451.26 246.78 863.72
6920354818585_camera2-6.jpg 169 1271.64 895.03 856.01 560.94 831.26 668.17
6920354818585_camera2-3.jpg 169 1262.43 898.97 963.86 466.24 597.14 865.46
6920354818585_camera2-5.jpg 169 1267.69 896.35 884.94 534.64 765.5 723.41
6920354818585_camera3-14.jpg 169 1417.38 1399.34 940.2 1171.45 954.37 455.78
6920354818585_camera3-12.jpg 169 1423.5 1415.41 1026.12 1151.66 794.77 527.49
6920354818585_camera3-13.jpg 169 1424.09 1404.02 981.09 1154.33 886.0 499.38
6920354818585_camera3-15.jpg 169 1416.84 1396.65 914.1 1177.39 1005.47 438.52
6920354818585_camera3-4.jpg 169 1296.16 1393.2 876.2 1156.39 839.93 473.61
6920354818585_camera3-6.jpg 169 1292.68 1405.36 971.75 1139.67 641.86 531.38
6920354818585_camera3-3.jpg 169 1307.62 1383.46 848.01 1158.61 919.22 449.71
6920354818585_camera3-5.jpg 169 1283.47 1397.47 921.77 1137.04 723.41 520.86
6920354818585_camera3-9.jpg 169 1387.02 1416.64 1197.39 1148.38 379.26 536.52
6920354818585_camera3-8.jpg 169 1313.72 1410.62 1153.26 1137.04 320.93 547.16
6920354818585_camera3-7.jpg 169 1299.5 1405.02 1044.19 1140.46 510.62 529.12
