6920354808388-back_camera0-36.jpg 170 1471.0 1221.6 1015.46 1064.92 911.07 313.36
6920354808388-back_camera0-37.jpg 170 1452.24 1217.86 976.37 1072.9 951.74 289.91
6920354808388-back_camera0-4.jpg 170 1326.8 1209.81 827.98 1081.9 997.64 255.81
6920354808388-back_camera1-39.jpg 170 1237.43 1054.85 755.2 855.45 964.47 398.8
6920354808388_camera1-19.jpg 170 1279.99 1127.52 789.99 926.13 980.0 402.78
6920354808388_camera1-22.jpg 170 1282.66 1123.61 801.7 881.87 961.93 483.48
6920354808388_camera1-21.jpg 170 1293.67 1124.28 802.95 916.39 981.44 415.77
6920354808388_camera1-23.jpg 170 1281.57 1128.44 801.93 838.53 959.27 579.82
6920354808388_camera1-25.jpg 170 1268.28 1133.61 844.26 776.41 848.04 714.4
6920354808388_camera1-29.jpg 170 1277.63 1128.64 1126.54 715.67 302.18 825.95
6920354808388_camera1-24.jpg 170 1275.12 1127.38 824.37 808.84 901.49 637.09
6920354808388_camera1-27.jpg 170 1271.62 1132.61 978.15 714.79 586.93 835.63
6920354808388_camera1-30.jpg 170 1313.5 1123.07 1173.26 713.07 280.48 819.99
6920354808388_camera1-31.jpg 170 1316.62 1122.03 1129.95 709.79 373.34 824.47
6920354808388_camera1-34.jpg 170 1308.7 1110.91 955.34 726.1 706.72 769.62
6920354808388_camera1-38.jpg 170 1255.7 1081.21 778.72 827.87 953.97 506.68
6920354808388_camera1-7.jpg 170 1185.72 1145.01 852.07 745.89 667.31 798.25
6920354808388_camera2-13.jpg 170 1299.81 879.22 864.58 606.48 870.45 545.48
6920354808388_camera2-15.jpg 170 1303.2 875.29 919.14 510.96 768.13 728.67
6920354808388_camera2-17.jpg 170 1304.02 861.31 1013.56 444.12 580.92 834.38
6920354808388_camera2-18.jpg 170 1301.55 859.2 1061.07 428.6 480.96 861.2
6920354808388_camera2-24.jpg 170 1289.84 836.5 972.69 428.17 634.3 816.65
6920354808388_camera2-28.jpg 170 1262.55 830.32 825.01 616.64 875.08 427.36
6920354808388_camera2-25.jpg 170 1288.2 836.12 922.61 441.51 731.18 789.21
6920354808388_camera2-27.jpg 170 1267.01 834.75 841.81 569.26 850.41 530.97
6920354808388_camera2-26.jpg 170 1271.75 829.96 867.51 513.6 808.48 632.72
6920354808388_camera2-32.jpg 170 1246.92 841.92 806.55 621.41 880.75 441.03
6920354808388_camera2-37.jpg 170 1232.3 875.57 937.68 458.82 589.24 833.5
6920354808388_camera2-6.jpg 170 1275.24 901.76 886.73 558.57 777.02 686.37
6920354808388_camera2-4.jpg 170 1265.62 898.16 956.4 492.21 618.45 811.91
6920354808388_camera3-10.jpg 170 1397.55 1336.18 1154.79 1063.67 485.51 545.02
