6914068016115-back_camera0-1.jpg 175 1417.37 1119.9 942.74 893.83 949.25 452.14
6914068016115-back_camera0-22.jpg 175 1399.64 1115.92 923.18 899.5 952.93 432.84
6914068016115-back_camera0-26.jpg 175 1389.91 1130.81 906.26 893.22 967.3 475.17
6914068016115-back_camera0-3.jpg 175 1445.02 1112.51 972.82 893.43 944.39 438.16
6914068016115-back_camera0-5.jpg 175 1412.4 1116.76 927.45 889.17 969.91 455.18
6914068016115-back_camera0-6.jpg 175 1394.91 1119.72 919.29 888.94 951.24 461.56
6914068016115-back_camera1-10.jpg 175 1236.1 1059.11 957.2 625.81 557.79 866.6
6914068016115-back_camera1-12.jpg 175 1289.87 1069.26 987.12 642.44 605.49 853.64
6914068016115-back_camera1-15.jpg 175 1279.49 1076.53 838.47 641.3 882.05 870.45
6914068016115-back_camera1-28.jpg 175 1241.02 1099.21 860.96 646.07 760.11 906.28
6914068016115-back_camera1-25.jpg 175 1253.92 1090.57 786.16 677.62 935.52 825.89
6914068016115-back_camera1-27.jpg 175 1243.67 1103.54 826.49 663.02 834.37 881.04
6914068016115-back_camera1-29.jpg 175 1242.95 1099.04 914.68 659.46 656.54 879.16
6914068016115-back_camera1-30.jpg 175 1250.74 1091.95 978.49 660.88 544.51 862.15
6914068016115-back_camera1-32.jpg 175 1315.51 1078.36 1008.63 642.44 613.76 871.84
6914068016115-back_camera1-8.jpg 175 1240.13 1060.92 862.31 624.53 755.64 872.79
6914068016115-back_camera2-10.jpg 175 1145.51 784.04 712.77 518.88 865.48 530.32
6914068016115-back_camera2-14.jpg 175 1174.39 792.47 731.2 426.08 886.38 732.78
6914068016115-back_camera2-25.jpg 175 1194.74 780.58 788.6 338.04 812.28 885.07
6914068016115-back_camera2-29.jpg 175 1193.28 769.81 753.86 458.82 878.83 621.98
6914068016115-back_camera2-30.jpg 175 1193.28 767.29 766.45 509.18 853.65 516.22
6914068016115-back_camera2-2.jpg 175 1164.27 765.01 886.54 324.66 555.46 880.7
6914068016115-back_camera2-34.jpg 175 1179.13 758.42 729.08 385.72 900.11 745.41
6914068016115-back_camera2-36.jpg 175 1176.91 755.96 758.9 325.36 836.02 861.2
6914068016115-back_camera2-40.jpg 175 1171.87 750.92 915.02 320.32 513.7 861.2
6914068016115-back_camera3-7.jpg 175 1381.77 1214.62 915.56 971.8 932.43 485.64
6914068016115-back_camera3-8.jpg 175 1376.22 1211.45 915.77 962.95 920.9 496.99
6914068016115_camera0-19.jpg 175 1401.85 1117.32 919.14 884.51 965.42 465.61
6914068016115_camera0-22.jpg 175 1437.37 1109.42 958.6 881.88 957.53 455.09
6914068016115_camera0-21.jpg 175 1412.37 1108.11 927.03 887.14 970.68 441.94
6914068016115_camera0-37.jpg 175 1411.05 1134.41 927.03 892.4 968.05 484.03
6914068016115_camera0-3.jpg 175 1422.78 1110.3 940.38 893.38 964.81 433.84
6914068016115_camera0-39.jpg 175 1387.38 1117.32 903.36 881.88 968.05 470.87
6914068016115_camera0-40.jpg 175 1400.45 1118.17 923.64 890.49 953.63 455.37
6914068016115_camera1-1.jpg 175 1288.96 1036.73 841.99 766.03 893.94 541.4
6914068016115_camera1-18.jpg 175 1267.69 1052.87 806.03 705.63 923.33 694.47
6914068016115_camera1-17.jpg 175 1275.11 1059.39 804.22 685.45 941.78 747.89
6914068016115_camera1-20.jpg 175 1282.16 1047.6 832.33 781.91 899.66 531.38
6914068016115_camera1-21.jpg 175 1290.22 1054.36 839.48 758.48 901.49 591.76
6914068016115_camera1-16.jpg 175 1282.66 1059.39 819.33 670.34 926.67 778.1
6914068016115_camera1-19.jpg 175 1262.53 1048.07 814.3 755.96 896.46 584.21
6914068016115_camera1-23.jpg 175 1272.83 1071.06 797.39 694.75 950.88 752.62
6914068016115_camera1-27.jpg 175 1247.14 1073.03 863.34 636.29 767.61 873.49
6914068016115_camera1-26.jpg 175 1251.55 1076.3 829.04 643.2 845.01 866.19
6914068016115_camera1-31.jpg 175 1309.11 1073.24 1018.26 635.09 581.69 876.31
6914068016115_camera1-38.jpg 175 1261.94 1041.82 798.9 709.08 926.09 665.47
6914068016115_camera1-37.jpg 175 1267.56 1049.32 801.7 680.41 931.71 737.81
6914068016115_camera1-40.jpg 175 1276.37 1031.69 831.92 778.62 888.9 506.15
6914068016115_camera1-5.jpg 175 1254.38 1070.53 792.0 664.39 924.77 812.28
6914068016115_camera1-4.jpg 175 1264.73 1065.11 790.78 687.52 947.91 755.17
6914068016115_camera1-3.jpg 175 1272.6 1058.14 809.26 718.19 926.67 679.9
6914068016115_camera2-14.jpg 175 1174.74 776.96 731.39 379.58 886.69 794.77
6914068016115_camera2-11.jpg 175 1179.42 786.18 751.34 516.74 856.17 538.88
6914068016115_camera2-10.jpg 175 1172.97 777.26 751.74 521.5 842.45 511.53
6914068016115_camera2-13.jpg 175 1179.43 786.17 733.72 410.97 891.42 750.4
6914068016115_camera2-21.jpg 175 1179.61 769.55 909.03 336.45 541.16 866.19
6914068016115_camera2-28.jpg 175 1168.1 772.33 728.68 448.75 878.83 647.16
6914068016115_camera2-31.jpg 175 1176.9 782.4 751.34 509.18 851.13 546.44
6914068016115_camera2-39.jpg 175 1166.83 778.62 899.91 353.06 533.84 851.13
6914068016115_camera2-9.jpg 175 1176.52 777.31 744.03 478.11 864.98 598.4
6914068016115_camera3-17.jpg 175 1373.32 1287.29 897.39 1025.4 951.85 523.77
6914068016115_camera3-16.jpg 175 1382.14 1291.07 894.88 1015.33 974.52 551.47
6914068016115_camera3-23.jpg 175 1374.58 1301.13 897.39 1010.29 954.37 581.69
6914068016115_camera3-1.jpg 175 1394.73 1279.73 920.06 1025.4 949.34 508.66
6914068016115_camera3-39.jpg 175 1370.29 1263.32 895.47 1023.93 949.64 478.77
