6922266457616-back_camera0-20.jpg 179 1347.9 1120.13 853.21 908.4 989.38 423.47
6922266457616-back_camera0-29.jpg 179 1368.45 1147.96 1019.62 900.52 697.66 494.88
6922266457616-back_camera0-27.jpg 179 1356.43 1144.28 908.14 899.62 896.59 489.31
6922266457616-back_camera0-31.jpg 179 1483.45 1154.23 1178.23 903.6 610.45 501.26
6922266457616-back_camera0-32.jpg 179 1495.36 1153.63 1128.8 900.52 733.11 506.23
6922266457616-back_camera0-33.jpg 179 1502.28 1151.67 1090.76 902.07 823.05 499.21
6922266457616-back_camera0-37.jpg 179 1468.53 1139.74 965.61 900.69 1005.84 478.1
6922266457616-back_camera0-36.jpg 179 1483.63 1141.03 994.29 903.3 978.68 475.46
6922266457616-back_camera0-38.jpg 179 1456.42 1136.2 960.35 904.53 992.15 463.34
6922266457616-back_camera0-3.jpg 179 1450.32 1118.49 949.37 896.79 1001.9 443.4
6922266457616-back_camera0-4.jpg 179 1418.97 1124.51 924.88 899.66 988.19 449.7
6922266457616-back_camera0-7.jpg 179 1373.76 1130.13 949.17 903.5 849.18 453.26
6922266457616-back_camera0-5.jpg 179 1401.85 1122.58 921.77 897.66 960.16 449.83
6922266457616-back_camera0-6.jpg 179 1379.69 1131.19 927.63 895.26 904.13 471.87
6922266457616-back_camera1-12.jpg 179 1275.51 1050.8 898.26 598.1 754.49 905.39
6922266457616-back_camera1-11.jpg 179 1280.15 1044.29 960.35 602.35 639.61 883.87
6922266457616-back_camera1-14.jpg 179 1257.22 1060.82 804.62 611.6 905.2 898.44
6922266457616-back_camera1-10.jpg 179 1277.63 1039.25 1013.23 614.94 528.81 848.61
6922266457616-back_camera1-13.jpg 179 1261.12 1054.17 840.22 595.14 841.79 918.07
6922266457616-back_camera1-16.jpg 179 1228.83 1064.6 739.64 652.13 978.38 824.94
6922266457616-back_camera1-15.jpg 179 1239.96 1064.58 765.97 627.74 947.98 873.67
6922266457616-back_camera1-18.jpg 179 1209.64 1065.7 718.61 718.19 982.07 695.01
6922266457616-back_camera1-1.jpg 179 1340.03 1025.24 856.01 718.78 968.05 612.93
6922266457616-back_camera1-22.jpg 179 1228.78 1082.17 728.16 705.29 1001.24 753.76
6922266457616-back_camera1-21.jpg 179 1236.13 1069.96 756.05 731.93 960.16 676.06
6922266457616-back_camera1-24.jpg 179 1223.07 1102.66 733.13 660.01 979.88 885.31
6922266457616-back_camera1-30.jpg 179 1325.57 1108.11 1048.04 655.65 555.05 904.92
6922266457616-back_camera1-27.jpg 179 1227.02 1107.92 825.08 636.37 803.87 943.1
6922266457616-back_camera1-25.jpg 179 1222.24 1113.53 753.86 662.79 936.75 901.49
6922266457616-back_camera1-26.jpg 179 1220.44 1117.12 780.42 644.25 880.05 945.73
6922266457616-back_camera1-28.jpg 179 1235.97 1111.34 884.89 641.3 702.16 940.08
6922266457616-back_camera1-33.jpg 179 1339.97 1102.66 917.02 638.99 845.9 927.34
6922266457616-back_camera1-34.jpg 179 1330.51 1083.32 864.66 647.68 931.71 871.27
6922266457616-back_camera1-35.jpg 179 1331.66 1082.62 843.5 654.14 976.32 856.95
6922266457616-back_camera1-36.jpg 179 1328.15 1065.89 832.96 662.64 990.39 806.5
6922266457616-back_camera1-38.jpg 179 1309.78 1041.03 829.7 703.0 960.16 676.06
6922266457616-back_camera1-3.jpg 179 1301.88 1039.62 809.31 662.64 985.14 753.96
6922266457616-back_camera1-6.jpg 179 1252.45 1044.16 839.57 609.14 825.76 870.04
6922266457616-back_camera1-40.jpg 179 1336.09 1027.88 861.27 752.98 949.64 549.79
6922266457616-back_camera1-7.jpg 179 1242.85 1046.24 858.77 603.29 768.16 885.9
6922266457616-back_camera1-5.jpg 179 1260.84 1046.72 808.92 609.72 903.84 874.0
6922266457616-back_camera1-8.jpg 179 1238.61 1048.05 907.47 612.42 662.27 871.27
6922266457616-back_camera1-9.jpg 179 1233.2 1046.24 953.34 609.08 559.72 874.32
6922266457616-back_camera2-11.jpg 179 1127.06 800.15 673.49 493.27 907.13 613.76
6922266457616-back_camera2-10.jpg 179 1121.51 789.95 690.91 549.47 861.2 480.96
6922266457616-back_camera2-15.jpg 179 1140.11 816.11 687.65 355.76 904.92 920.7
6922266457616-back_camera2-16.jpg 179 1150.08 825.25 734.01 356.24 832.13 938.01
6922266457616-back_camera2-21.jpg 179 1196.39 826.9 896.13 367.82 600.52 918.16
6922266457616-back_camera2-23.jpg 179 1208.38 812.62 816.81 340.47 783.14 944.3
6922266457616-back_camera2-25.jpg 179 1214.87 798.8 759.92 354.61 909.89 888.38
6922266457616-back_camera2-30.jpg 179 1223.6 757.65 791.61 520.85 863.98 473.61
6922266457616-back_camera2-27.jpg 179 1223.81 782.62 750.57 408.05 946.48 749.14
6922266457616-back_camera2-26.jpg 179 1218.09 790.61 749.08 376.61 938.01 828.0
6922266457616-back_camera2-28.jpg 179 1218.93 776.14 751.19 450.29 935.48 651.7
6922266457616-back_camera2-29.jpg 179 1215.05 766.83 773.82 489.65 882.45 554.36
6922266457616-back_camera2-35.jpg 179 1189.55 736.22 745.62 269.08 887.86 934.28
6922266457616-back_camera2-32.jpg 179 1212.16 748.4 751.34 393.35 921.64 710.11
6922266457616-back_camera2-33.jpg 179 1206.43 746.72 741.57 344.42 929.71 804.59
6922266457616-back_camera2-31.jpg 179 1219.37 757.06 760.98 453.07 916.78 607.97
6922266457616-back_camera2-36.jpg 179 1186.97 728.26 776.52 267.44 820.91 921.64
6922266457616-back_camera2-38.jpg 179 1172.14 730.42 844.27 263.28 655.74 934.28
6922266457616-back_camera2-4.jpg 179 1135.36 744.62 698.46 290.1 873.79 909.05
6922266457616-back_camera2-5.jpg 179 1128.5 755.89 667.45 321.12 922.09 869.55
6922266457616-back_camera2-7.jpg 179 1119.65 766.59 648.72 390.23 941.87 752.72
6922266457616-back_camera2-9.jpg 179 1124.34 779.72 677.22 503.36 894.23 552.71
6922266457616-back_camera2-6.jpg 179 1125.28 763.51 658.17 363.13 934.23 800.77
6922266457616-back_camera3-11.jpg 179 1387.07 1302.13 999.77 976.76 774.6 650.75
6922266457616-back_camera3-13.jpg 179 1369.54 1301.14 909.98 990.15 919.12 621.98
6922266457616-back_camera3-12.jpg 179 1381.36 1304.99 948.32 979.75 866.08 650.48
6922266457616-back_camera3-14.jpg 179 1354.26 1303.43 867.06 992.42 974.41 622.03
6922266457616-back_camera3-15.jpg 179 1344.36 1301.14 847.03 1002.74 994.66 596.8
6922266457616-back_camera3-1.jpg 179 1418.19 1284.07 913.62 1013.58 1009.15 540.97
6922266457616-back_camera3-24.jpg 179 1321.62 1334.34 829.7 1000.25 983.84 668.17
6922266457616-back_camera3-26.jpg 179 1327.01 1336.2 920.87 992.1 812.28 688.2
6922266457616-back_camera3-25.jpg 179 1325.05 1335.05 876.28 995.18 897.53 679.75
6922266457616-back_camera3-28.jpg 179 1359.76 1333.02 1053.3 992.36 612.93 681.32
6922266457616-back_camera3-30.jpg 179 1463.97 1335.12 1113.95 992.66 700.04 684.93
6922266457616-back_camera3-31.jpg 179 1466.5 1337.65 1068.63 1002.74 795.73 669.82
6922266457616-back_camera3-38.jpg 179 1425.84 1277.41 935.6 1027.47 980.47 499.89
6922266457616-back_camera3-36.jpg 179 1424.94 1303.65 927.61 1020.36 994.66 566.58
6922266457616-back_camera3-35.jpg 179 1428.15 1310.66 924.4 1002.88 1007.51 615.56
6922266457616-back_camera3-37.jpg 179 1411.1 1287.28 932.65 1017.84 956.89 538.88
6922266457616_camera0-14.jpg 179 1455.16 1143.75 1013.23 896.97 883.87 493.55
6922266457616-back_camera3-40.jpg 179 1433.66 1283.69 930.88 1025.06 1005.56 517.26
6922266457616-back_camera3-6.jpg 179 1336.81 1302.39 965.38 982.59 742.85 639.61
6922266457616_camera0-18.jpg 179 1442.01 1131.9 921.72 887.06 1040.58 489.68
6922266457616-back_camera3-9.jpg 179 1382.84 1298.64 1097.19 981.15 571.3 634.99
6922266457616-back_camera3-8.jpg 179 1321.7 1302.39 1040.93 985.11 561.54 634.57
6922266457616-back_camera3-7.jpg 179 1321.59 1303.63 980.07 980.51 683.03 646.25
6922266457616-back_camera3-5.jpg 179 1341.85 1304.91 935.17 995.18 813.36 619.46
6922266457616_camera0-26.jpg 179 1439.8 1131.57 969.56 891.19 940.48 480.75
6922266457616_camera0-29.jpg 179 1405.65 1135.5 1061.51 888.56 688.28 493.88
6922266457616_camera0-24.jpg 179 1463.67 1127.84 958.6 884.51 1010.14 486.66
6922266457616_camera0-25.jpg 179 1447.61 1141.23 970.42 904.53 954.37 473.41
6922266457616_camera0-28.jpg 179 1411.06 1131.78 1011.21 876.61 799.7 510.33
6922266457616_camera0-36.jpg 179 1418.65 1122.35 947.76 902.01 941.78 440.67
6922266457616_camera0-35.jpg 179 1438.76 1131.16 986.16 894.73 905.2 472.86
6922266457616_camera1-18.jpg 179 1299.78 1097.64 812.24 735.49 975.08 724.3
6922266457616_camera1-23.jpg 179 1323.91 1076.15 835.61 678.56 976.61 795.19
6922266457616_camera1-22.jpg 179 1334.3 1075.76 852.07 715.67 964.45 720.19
6922266457616_camera1-36.jpg 179 1254.41 1028.69 775.0 637.67 958.82 782.04
6922266457616_camera1-35.jpg 179 1271.25 1038.68 809.52 616.55 923.46 844.27
6922266457616_camera1-37.jpg 179 1232.26 1027.8 746.26 654.76 972.0 746.08
6922266457616_camera1-38.jpg 179 1218.46 1027.91 743.79 698.04 949.34 659.75
6922266457616_camera2-17.jpg 179 1207.19 746.4 824.44 279.47 765.5 933.86
6922266457616_camera2-23.jpg 179 1169.75 720.04 788.63 251.24 762.24 937.6
6922266457616_camera2-2.jpg 179 1168.55 832.0 835.61 369.75 665.87 924.5
6922266457616_camera3-11.jpg 179 1416.72 1337.03 1027.17 994.77 779.1 684.53
6922266457616_camera3-16.jpg 179 1418.65 1322.54 902.43 1015.33 1032.44 614.42
6922266457616_camera3-15.jpg 179 1415.22 1332.9 899.57 1007.53 1031.3 650.75
6922266457616_camera3-17.jpg 179 1411.1 1314.99 904.95 1027.92 1012.29 574.13
6922266457616_camera3-24.jpg 179 1408.58 1312.46 947.76 992.66 921.64 639.61
6922266457616_camera3-21.jpg 179 1450.33 1306.98 950.41 1019.9 999.83 574.16
6922266457616_camera3-23.jpg 179 1417.1 1317.51 925.09 1002.27 984.01 630.49
6922266457616_camera3-22.jpg 179 1435.02 1309.95 942.72 1010.29 984.59 599.32
6922266457616_camera3-25.jpg 179 1383.95 1320.25 960.33 983.68 847.24 673.15
6922266457616_camera3-26.jpg 179 1378.18 1315.92 984.91 981.84 786.54 668.17
6922266457616_camera3-27.jpg 179 1368.89 1301.99 1022.42 978.14 692.95 647.7
6922266457616_camera3-30.jpg 179 1441.31 1285.66 1111.17 963.42 660.28 644.49
6922266457616_camera3-31.jpg 179 1435.01 1289.81 1058.55 972.52 752.92 634.57
6922266457616_camera3-32.jpg 179 1420.27 1286.99 1005.95 971.32 828.63 631.34
6922266457616_camera3-36.jpg 179 1344.36 1277.22 859.62 997.7 969.48 559.03
6922266457616_camera3-35.jpg 179 1365.76 1283.51 882.28 985.11 966.96 596.8
6922266457616_camera3-4.jpg 179 1287.71 1317.51 811.78 1000.22 951.86 634.57
6922266457616_camera3-5.jpg 179 1279.53 1314.61 813.92 987.1 931.23 655.01
6922266457616_camera3-7.jpg 179 1280.72 1328.39 904.55 991.82 752.34 673.15
6922266457616_camera3-6.jpg 179 1273.15 1324.09 840.42 983.01 865.47 682.15
6922266457616_camera3-9.jpg 179 1352.91 1332.15 1052.31 992.14 601.21 680.02
