6922868290932-back_camera0-12.jpg 192 1434.73 1231.74 1279.53 1134.41 310.41 194.66
6922868290932-back_camera0-11.jpg 192 1421.38 1233.87 1288.21 1143.71 266.35 180.32
6922868290932-back_camera0-17.jpg 192 1442.0 1231.93 1233.7 1142.4 416.6 179.06
6922868290932-back_camera0-1.jpg 192 1376.86 1233.06 1192.72 1144.93 368.28 176.25
6922868290932-back_camera0-18.jpg 192 1436.24 1230.56 1231.65 1139.85 409.17 181.43
6922868290932-back_camera0-14.jpg 192 1445.26 1231.74 1253.23 1134.41 384.06 194.66
6922868290932-back_camera0-15.jpg 192 1444.93 1233.28 1252.53 1147.25 384.81 172.06
6922868290932-back_camera0-20.jpg 192 1432.33 1230.44 1247.04 1145.24 370.57 170.4
6922868290932-back_camera0-21.jpg 192 1434.74 1223.85 1250.6 1131.78 368.28 184.14
6922868290932-back_camera0-22.jpg 192 1436.25 1226.86 1255.87 1147.3 360.76 159.11
6922868290932-back_camera0-23.jpg 192 1432.75 1226.09 1236.98 1138.38 391.54 175.41
6922868290932-back_camera0-24.jpg 192 1426.96 1229.49 1226.79 1141.81 400.35 175.36
6922868290932-back_camera0-26.jpg 192 1404.48 1231.74 1195.35 1137.04 418.26 189.4
6922868290932-back_camera0-28.jpg 192 1397.07 1228.43 1220.74 1142.05 352.66 172.77
6922868290932-back_camera0-25.jpg 192 1415.64 1231.65 1215.84 1146.7 399.61 169.9
6922868290932-back_camera0-31.jpg 192 1388.86 1229.03 1257.34 1138.04 263.04 181.98
6922868290932-back_camera0-29.jpg 192 1393.26 1230.44 1228.77 1139.69 328.98 181.5
6922868290932-back_camera0-33.jpg 192 1391.08 1226.9 1223.89 1139.91 334.37 173.98
6922868290932-back_camera0-32.jpg 192 1395.27 1227.8 1245.33 1129.15 299.89 197.29
6922868290932-back_camera0-36.jpg 192 1388.7 1231.74 1184.83 1139.67 407.74 184.14
6922868290932-back_camera0-35.jpg 192 1383.55 1231.52 1187.78 1135.98 391.54 191.07
6922868290932-back_camera0-34.jpg 192 1387.83 1232.58 1208.55 1141.42 358.55 182.31
6922868290932-back_camera0-37.jpg 192 1379.78 1231.92 1176.8 1145.5 405.96 172.85
6922868290932-back_camera0-39.jpg 192 1372.92 1231.74 1171.68 1137.04 402.48 189.4
6922868290932-back_camera0-4.jpg 192 1396.14 1233.38 1197.13 1152.5 398.03 161.75
6922868290932-back_camera0-5.jpg 192 1397.37 1232.92 1189.07 1143.65 416.6 178.54
6922868290932-back_camera0-40.jpg 192 1371.61 1232.02 1190.33 1145.55 362.55 172.94
6922868290932-back_camera0-3.jpg 192 1392.79 1232.16 1200.12 1151.29 385.34 161.75
6922868290932-back_camera0-6.jpg 192 1400.43 1236.09 1196.24 1143.71 408.39 184.75
6922868290932-back_camera1-11.jpg 192 1294.94 1138.87 1165.7 981.88 258.48 313.98
6922868290932-back_camera0-8.jpg 192 1407.36 1233.92 1222.11 1138.61 370.51 190.62
6922868290932-back_camera1-12.jpg 192 1295.37 1140.56 1142.64 974.49 305.46 332.13
6922868290932-back_camera1-13.jpg 192 1297.93 1141.28 1132.22 967.64 331.42 347.28
6922868290932-back_camera1-14.jpg 192 1301.57 1132.15 1119.89 956.74 363.35 350.82
6922868290932-back_camera1-16.jpg 192 1298.65 1126.99 1109.05 955.62 379.21 342.75
6922868290932-back_camera1-17.jpg 192 1299.42 1121.5 1110.11 963.49 378.62 316.02
6922868290932-back_camera1-19.jpg 192 1295.32 1116.0 1121.7 971.32 347.24 289.36
6922868290932-back_camera1-23.jpg 192 1286.69 1105.45 1104.33 955.6 364.73 299.71
6922868290932-back_camera1-20.jpg 192 1292.66 1110.57 1131.57 984.38 322.18 252.37
6922868290932-back_camera1-27.jpg 192 1262.74 1101.85 1098.95 934.66 327.57 334.37
6922868290932-back_camera1-21.jpg 192 1297.33 1108.57 1132.13 983.0 330.4 251.14
6922868290932-back_camera1-24.jpg 192 1275.59 1105.47 1074.35 937.12 402.48 336.71
6922868290932-back_camera1-2.jpg 192 1256.38 1135.27 1076.49 989.42 359.77 291.7
6922868290932-back_camera1-29.jpg 192 1257.98 1103.34 1115.68 940.91 284.59 324.86
6922868290932-back_camera1-33.jpg 192 1247.97 1112.06 1069.09 931.86 357.76 360.39
6922868290932-back_camera1-34.jpg 192 1254.54 1112.06 1069.09 934.49 370.91 355.13
6922868290932-back_camera1-35.jpg 192 1245.34 1119.94 1045.41 952.9 399.85 334.08
6922868290932-back_camera1-38.jpg 192 1239.36 1126.54 1052.18 976.94 374.35 299.2
6922868290932-back_camera1-37.jpg 192 1246.65 1119.94 1053.3 958.16 386.7 323.56
6922868290932-back_camera1-7.jpg 192 1270.17 1143.84 1104.98 968.71 330.39 350.25
6922868290932-back_camera1-3.jpg 192 1259.8 1138.36 1063.82 973.95 391.96 328.82
6922868290932-back_camera1-36.jpg 192 1242.88 1122.65 1053.28 952.49 379.21 340.32
6922868290932-back_camera1-40.jpg 192 1250.32 1133.48 1088.01 1009.21 324.62 248.54
6922868290932-back_camera2-11.jpg 192 1200.62 776.65 1042.78 642.49 315.67 268.32
6922868290932-back_camera2-10.jpg 192 1204.06 777.36 1053.95 662.5 300.21 229.72
6922868290932-back_camera2-14.jpg 192 1197.56 765.89 1024.83 603.46 345.46 324.86
6922868290932-back_camera2-12.jpg 192 1199.13 770.55 1035.36 630.94 327.55 279.22
6922868290932-back_camera2-16.jpg 192 1178.26 763.5 1005.95 581.99 344.61 363.02
6922868290932-back_camera2-15.jpg 192 1188.18 764.22 1014.83 592.46 346.7 343.51
6922868290932-back_camera2-22.jpg 192 1165.34 769.43 1030.95 604.31 268.78 330.25
6922868290932-back_camera2-30.jpg 192 1158.51 799.0 1008.16 686.51 300.7 224.97
6922868290932-back_camera2-6.jpg 192 1200.25 790.18 1026.59 623.65 347.32 333.07
6922868290932-back_camera2-5.jpg 192 1203.25 794.16 1032.38 619.75 341.74 348.83
6922868290932-back_camera2-4.jpg 192 1200.62 792.43 1029.63 605.66 341.98 373.54
6922868290932-back_camera2-7.jpg 192 1204.04 787.61 1031.58 631.27 344.93 312.67
6922868290932-back_camera3-11.jpg 192 1413.69 1389.58 1240.07 1260.68 347.24 257.8
6922868290932-back_camera3-15.jpg 192 1410.6 1386.04 1209.43 1265.07 402.33 241.94
6922868290932-back_camera3-10.jpg 192 1403.38 1386.43 1265.42 1269.09 275.92 234.69
6922868290932-back_camera3-13.jpg 192 1412.73 1390.82 1220.77 1261.95 383.93 257.74
6922868290932-back_camera3-1.jpg 192 1367.66 1390.89 1158.53 1273.83 418.26 234.12
6922868290932-back_camera3-21.jpg 192 1405.31 1379.21 1214.96 1265.79 380.7 226.84
6922868290932-back_camera3-22.jpg 192 1402.06 1374.78 1204.97 1261.29 394.18 226.99
6922868290932-back_camera3-20.jpg 192 1408.71 1374.94 1230.56 1271.8 356.3 206.28
6922868290932-back_camera3-24.jpg 192 1384.52 1372.99 1189.47 1252.47 390.1 241.04
6922868290932-back_camera3-26.jpg 192 1367.65 1373.8 1192.72 1244.9 349.87 257.8
6922868290932-back_camera3-25.jpg 192 1378.67 1374.11 1185.82 1249.32 385.7 249.57
6922868290932-back_camera3-27.jpg 192 1361.5 1374.92 1206.1 1251.34 310.8 247.17
6922868290932-back_camera3-2.jpg 192 1358.44 1392.2 1153.26 1273.83 410.37 236.75
6922868290932-back_camera3-29.jpg 192 1357.4 1376.42 1227.53 1258.5 259.75 235.85
6922868290932-back_camera3-31.jpg 192 1363.48 1379.13 1202.54 1255.06 321.89 248.15
6922868290932-back_camera3-30.jpg 192 1362.39 1375.12 1221.66 1247.53 281.47 255.17
6922868290932-back_camera3-32.jpg 192 1357.5 1380.43 1182.69 1257.15 349.61 246.56
6922868290932-back_camera3-35.jpg 192 1347.6 1385.49 1146.53 1262.04 402.13 246.91
6922868290932-back_camera3-33.jpg 192 1351.87 1383.0 1150.63 1258.05 402.48 249.91
6922868290932-back_camera3-36.jpg 192 1345.48 1385.28 1145.45 1265.62 400.05 239.32
6922868290932-back_camera3-39.jpg 192 1358.18 1388.53 1179.81 1285.39 356.75 206.27
6922868290932-back_camera3-40.jpg 192 1363.52 1388.76 1174.82 1282.51 377.41 212.49
6922868290932-back_camera3-8.jpg 192 1383.52 1391.72 1239.83 1269.72 287.39 244.01
6922868290932-back_camera3-7.jpg 192 1381.04 1394.19 1228.01 1273.67 306.05 241.04
6922868290932-back_camera3-9.jpg 192 1393.03 1391.19 1257.91 1271.85 270.24 238.68
6922868290932_camera0-12.jpg 192 1403.17 1235.68 1258.49 1137.04 289.36 197.29
6922868290932_camera0-11.jpg 192 1378.46 1236.29 1246.84 1150.66 263.24 171.26
6922868290932_camera0-15.jpg 192 1404.48 1237.0 1197.98 1142.3 413.0 189.4
6922868290932_camera0-16.jpg 192 1411.68 1240.33 1209.17 1147.13 405.03 186.4
6922868290932_camera0-20.jpg 192 1422.15 1239.25 1231.06 1151.74 382.19 175.02
6922868290932_camera0-18.jpg 192 1412.65 1235.74 1202.68 1144.79 419.94 181.9
6922868290932_camera0-22.jpg 192 1441.08 1236.13 1260.77 1151.28 360.62 169.7
6922868290932_camera0-23.jpg 192 1437.37 1231.74 1232.18 1139.67 410.37 184.14
6922868290932_camera0-26.jpg 192 1441.31 1237.0 1232.18 1139.67 418.26 194.66
6922868290932_camera0-24.jpg 192 1441.75 1234.84 1239.05 1144.9 405.41 179.88
6922868290932_camera0-25.jpg 192 1441.88 1238.61 1238.72 1150.61 406.32 176.0
6922868290932_camera0-29.jpg 192 1427.7 1235.71 1260.49 1146.12 334.42 179.19
6922868290932_camera0-28.jpg 192 1430.07 1234.79 1241.87 1143.43 376.4 182.72
6922868290932_camera0-27.jpg 192 1436.42 1237.17 1240.04 1145.49 392.76 183.36
6922868290932_camera0-30.jpg 192 1422.72 1233.47 1272.7 1144.39 300.04 178.15
6922868290932_camera0-34.jpg 192 1421.44 1229.36 1249.5 1143.05 343.88 172.62
6922868290932_camera0-33.jpg 192 1431.7 1233.63 1272.91 1142.9 317.58 181.47
6922868290932_camera0-36.jpg 192 1409.88 1234.56 1212.98 1142.18 393.8 184.75
6922868290932_camera0-39.jpg 192 1390.02 1229.11 1192.72 1134.41 394.59 189.4
6922868290932_camera0-38.jpg 192 1396.76 1234.16 1199.0 1152.61 395.53 163.11
6922868290932_camera0-37.jpg 192 1397.9 1237.0 1184.83 1137.04 426.15 199.92
6922868290932_camera0-3.jpg 192 1382.56 1231.08 1198.61 1157.34 367.9 147.48
6922868290932_camera0-5.jpg 192 1375.56 1238.32 1158.53 1144.93 434.05 186.77
6922868290932_camera0-6.jpg 192 1372.92 1229.11 1161.16 1129.15 423.52 199.92
6922868290932_camera0-8.jpg 192 1373.14 1235.25 1183.35 1147.94 379.58 174.61
6922868290932_camera0-9.jpg 192 1372.39 1233.89 1199.77 1147.58 345.24 172.62
6922868290932_camera1-14.jpg 192 1268.54 1152.17 1093.2 979.55 350.68 345.24
6922868290932_camera1-22.jpg 192 1300.12 1135.14 1130.21 998.54 339.81 273.2
6922868290932_camera1-23.jpg 192 1296.63 1131.79 1100.65 973.95 391.96 315.67
6922868290932_camera1-26.jpg 192 1295.64 1125.82 1116.19 953.76 358.91 344.11
6922868290932_camera1-27.jpg 192 1296.54 1121.69 1123.77 948.92 345.54 345.54
6922868290932_camera1-25.jpg 192 1302.89 1127.57 1114.33 958.8 377.13 337.54
6922868290932_camera1-2.jpg 192 1248.18 1121.47 1077.63 985.21 341.09 272.51
6922868290932_camera1-33.jpg 192 1288.03 1107.07 1130.16 947.46 315.73 319.22
6922868290932_camera1-32.jpg 192 1289.66 1110.49 1145.89 950.06 287.54 320.87
6922868290932_camera1-35.jpg 192 1275.59 1104.77 1087.65 934.06 375.88 341.42
6922868290932_camera1-31.jpg 192 1293.35 1110.16 1175.21 964.27 236.28 291.78
6922868290932_camera1-34.jpg 192 1278.97 1108.31 1102.9 935.37 352.13 345.88
6922868290932_camera1-36.jpg 192 1270.09 1108.68 1087.72 943.76 364.73 329.84
6922868290932_camera1-3.jpg 192 1242.6 1119.77 1061.03 973.88 363.14 291.78
6922868290932_camera1-39.jpg 192 1251.71 1105.81 1073.17 961.72 357.08 288.17
6922868290932_camera1-40.jpg 192 1245.85 1111.07 1083.31 984.21 325.08 253.72
6922868290932_camera1-4.jpg 192 1245.33 1125.2 1055.93 963.42 378.8 323.56
6922868290932_camera1-7.jpg 192 1235.58 1138.39 1056.08 961.19 359.0 354.4
6922868290932_camera2-11.jpg 192 1203.74 805.91 1053.28 695.18 300.93 221.46
6922868290932_camera2-12.jpg 192 1200.78 803.57 1044.58 676.71 312.4 253.72
6922868290932_camera2-10.jpg 192 1194.04 808.22 1037.52 684.58 313.04 247.27
6922868290932_camera2-29.jpg 192 1169.05 766.13 1008.58 639.86 320.93 252.54
6922868290932_camera2-30.jpg 192 1163.51 768.16 1014.68 658.74 297.67 218.84
6922868290932_camera2-32.jpg 192 1158.26 774.83 997.53 641.26 321.47 267.13
6922868290932_camera2-31.jpg 192 1161.52 771.97 1018.8 665.72 285.44 212.49
6922868290932_camera2-37.jpg 192 1156.86 796.49 998.41 624.02 316.89 344.94
6922868290932_camera2-5.jpg 192 1175.87 812.22 1009.36 638.58 333.01 347.28
6922868290932_camera2-6.jpg 192 1171.68 820.06 995.43 645.12 352.5 349.87
6922868290932_camera2-7.jpg 192 1187.89 815.73 1009.54 651.19 356.7 329.08
6922868290932_camera3-10.jpg 192 1366.32 1401.95 1234.67 1280.25 263.3 243.4
6922868290932_camera3-12.jpg 192 1377.25 1410.05 1201.23 1283.98 352.04 252.14
6922868290932_camera3-14.jpg 192 1380.96 1408.55 1174.23 1276.99 413.46 263.11
6922868290932_camera3-18.jpg 192 1391.37 1404.14 1204.47 1293.37 373.79 221.55
6922868290932_camera3-22.jpg 192 1415.74 1399.48 1219.33 1283.94 392.82 231.07
6922868290932_camera3-21.jpg 192 1415.01 1397.47 1219.03 1281.72 391.96 231.49
6922868290932_camera3-24.jpg 192 1409.39 1399.17 1205.73 1272.6 407.33 253.14
6922868290932_camera3-28.jpg 192 1396.59 1394.84 1234.81 1260.68 323.56 268.32
6922868290932_camera3-27.jpg 192 1400.79 1390.48 1230.24 1266.69 341.09 247.58
6922868290932_camera3-29.jpg 192 1393.96 1388.27 1255.86 1260.68 276.21 255.17
6922868290932_camera3-31.jpg 192 1399.62 1386.51 1245.8 1267.58 307.64 237.86
6922868290932_camera3-36.jpg 192 1369.84 1388.23 1171.2 1269.39 397.28 237.67
6922868290932_camera3-33.jpg 192 1389.71 1388.81 1201.34 1259.61 376.75 258.4
6922868290932_camera3-35.jpg 192 1376.26 1387.56 1174.67 1265.15 403.18 244.82
6922868290932_camera3-37.jpg 192 1364.96 1387.15 1174.67 1272.98 380.58 228.35
6922868290932_camera3-3.jpg 192 1350.41 1393.07 1148.23 1279.69 404.37 226.76
6922868290932_camera3-4.jpg 192 1340.03 1392.21 1134.85 1260.68 410.37 263.06
6922868290932_camera3-9.jpg 192 1349.26 1401.88 1212.88 1282.95 272.75 237.86
