6922266426001-back_camera0-1.jpg 193 1445.26 1052.86 1250.6 960.79 389.33 184.14
6922266426001-back_camera0-13.jpg 193 1427.37 1053.38 1245.02 957.28 364.69 192.21
6922266426001-back_camera0-22.jpg 193 1429.94 1054.99 1231.42 971.33 397.04 167.32
6922266426001-back_camera0-19.jpg 193 1418.37 1052.91 1218.56 968.64 399.61 168.54
6922266426001-back_camera0-20.jpg 193 1419.18 1056.06 1228.11 965.22 382.14 181.67
6922266426001-back_camera0-21.jpg 193 1431.26 1051.72 1242.56 971.64 377.41 160.16
6922266426001-back_camera0-29.jpg 193 1435.23 1062.6 1274.28 978.55 321.91 168.09
6922266426001-back_camera0-27.jpg 193 1429.32 1060.73 1234.27 980.54 390.1 160.39
6922266426001-back_camera0-32.jpg 193 1449.44 1059.91 1286.57 969.97 325.74 179.88
6922266426001-back_camera0-31.jpg 193 1454.0 1061.44 1319.43 973.09 269.13 176.7
6922266426001-back_camera0-35.jpg 193 1451.33 1059.24 1245.16 968.41 412.33 181.67
6922266426001-back_camera0-36.jpg 193 1445.02 1059.23 1237.22 967.8 415.6 182.86
6922266426001-back_camera0-37.jpg 193 1441.4 1057.77 1228.09 964.79 426.62 185.96
6922266426001-back_camera0-2.jpg 193 1447.48 1049.42 1242.32 958.59 410.33 181.67
6922266426001-back_camera0-39.jpg 193 1439.83 1057.74 1236.79 968.65 406.07 178.19
6922266426001-back_camera0-3.jpg 193 1442.78 1051.33 1242.18 965.7 401.2 171.26
6922266426001-back_camera0-40.jpg 193 1438.83 1052.56 1250.47 965.73 376.71 173.66
6922266426001-back_camera0-6.jpg 193 1428.01 1051.24 1222.25 956.95 411.51 188.57
6922266426001-back_camera0-4.jpg 193 1434.82 1050.89 1224.2 962.28 421.24 177.22
6922266426001-back_camera0-7.jpg 193 1422.33 1051.16 1223.87 954.8 396.93 192.73
6922266426001-back_camera0-8.jpg 193 1413.34 1053.55 1225.95 954.92 374.78 197.25
6922266426001-back_camera0-9.jpg 193 1415.84 1050.42 1250.13 952.9 331.42 195.05
6922266426001-back_camera1-17.jpg 193 1255.26 1131.75 1064.97 978.16 380.58 307.19
6922266426001-back_camera1-15.jpg 193 1253.91 1133.22 1060.05 956.38 387.72 353.69
6922266426001-back_camera1-16.jpg 193 1255.72 1136.03 1062.26 972.69 386.93 326.67
6922266426001-back_camera1-24.jpg 193 1257.17 1146.24 1058.56 968.68 397.22 355.13
6922266426001-back_camera1-26.jpg 193 1262.29 1143.39 1081.91 968.56 360.76 349.66
6922266426001-back_camera1-25.jpg 193 1267.69 1148.88 1076.98 973.95 381.43 349.87
6922266426001-back_camera1-2.jpg 193 1276.37 1119.01 1091.51 972.9 369.71 292.23
6922266426001-back_camera1-27.jpg 193 1265.07 1148.88 1092.76 966.05 344.61 365.65
6922266426001-back_camera1-30.jpg 193 1281.02 1141.42 1157.05 978.9 247.95 325.04
6922266426001-back_camera1-33.jpg 193 1280.85 1137.04 1100.65 955.53 360.39 363.02
6922266426001-back_camera1-32.jpg 193 1283.28 1138.5 1120.75 963.06 325.06 350.88
6922266426001-back_camera1-31.jpg 193 1282.07 1138.33 1142.75 972.5 278.64 331.65
6922266426001-back_camera1-35.jpg 193 1282.16 1129.15 1082.24 952.9 399.85 352.5
6922266426001-back_camera1-39.jpg 193 1275.06 1119.4 1099.4 990.81 351.32 257.18
6922266426001-back_camera2-10.jpg 193 1205.16 789.21 1042.56 661.42 325.2 255.59
6922266426001-back_camera2-15.jpg 193 1191.4 763.5 1016.47 587.25 349.87 352.5
6922266426001-back_camera2-14.jpg 193 1202.99 770.8 1020.8 605.8 364.39 330.0
6922266426001-back_camera2-11.jpg 193 1200.62 776.65 1042.78 658.28 315.67 236.75
6922266426001-back_camera2-21.jpg 193 1172.82 760.96 1064.99 611.9 215.66 298.12
6922266426001-back_camera2-17.jpg 193 1186.43 762.16 1018.7 577.42 335.46 369.49
6922266426001-back_camera2-19.jpg 193 1181.18 759.32 1044.58 590.78 273.2 337.09
6922266426001-back_camera2-23.jpg 193 1166.77 769.07 1018.67 595.7 296.21 346.73
6922266426001-back_camera3-10.jpg 193 1399.33 1323.47 1266.18 1203.14 266.29 240.65
6922266426001-back_camera2-7.jpg 193 1206.56 794.98 1030.51 628.12 352.09 333.72
6922266426001-back_camera3-11.jpg 193 1402.99 1322.86 1248.14 1202.53 309.69 240.65
6922266426001-back_camera3-13.jpg 193 1393.97 1329.08 1205.88 1205.44 376.17 247.27
6922266426001-back_camera3-15.jpg 193 1394.14 1328.49 1195.92 1216.69 396.44 223.59
6922266426001-back_camera3-18.jpg 193 1386.0 1328.22 1192.11 1227.46 387.78 201.52
6922266426001-back_camera3-21.jpg 193 1393.96 1333.02 1200.61 1221.22 386.7 223.6
6922266426001-back_camera3-17.jpg 193 1388.66 1327.34 1183.06 1214.57 411.21 225.53
6922266426001-back_camera3-23.jpg 193 1393.12 1337.52 1188.29 1227.98 409.66 219.08
6922266426001-back_camera3-24.jpg 193 1382.12 1335.65 1169.05 1213.33 426.15 244.64
6922266426001-back_camera3-22.jpg 193 1390.73 1335.86 1198.06 1233.58 385.34 204.56
6922266426001-back_camera3-26.jpg 193 1383.43 1338.28 1192.72 1213.33 381.43 249.91
6922266426001-back_camera3-27.jpg 193 1383.45 1334.34 1205.88 1210.7 355.13 247.27
6922266426001-back_camera3-29.jpg 193 1391.28 1332.1 1254.26 1215.31 274.04 233.58
6922266426001-back_camera3-30.jpg 193 1408.43 1334.34 1271.64 1205.44 273.58 257.8
6922266426001-back_camera3-32.jpg 193 1408.05 1331.16 1236.79 1206.79 342.53 248.74
6922266426001-back_camera3-34.jpg 193 1409.29 1330.84 1209.08 1204.6 400.42 252.48
6922266426001-back_camera3-37.jpg 193 1402.65 1327.08 1204.86 1211.88 395.59 230.39
6922266426001-back_camera3-39.jpg 193 1401.86 1326.44 1219.03 1215.96 365.65 220.97
6922266426001-back_camera3-2.jpg 193 1405.51 1323.47 1210.47 1212.6 390.07 221.75
6922266426001-back_camera3-31.jpg 193 1408.34 1333.03 1255.42 1210.7 305.83 244.66
6922266426001-back_camera3-35.jpg 193 1409.62 1330.0 1211.17 1210.39 396.89 239.22
6922266426001-back_camera3-36.jpg 193 1406.77 1327.88 1203.72 1210.32 406.1 235.11
6922266426001-back_camera3-3.jpg 193 1404.48 1322.5 1195.35 1200.18 418.26 244.64
6922266426001-back_camera3-38.jpg 193 1399.45 1325.21 1213.52 1219.76 371.86 210.91
6922266426001-back_camera3-5.jpg 193 1392.64 1322.5 1192.72 1197.55 399.85 249.91
6922266426001-back_camera3-7.jpg 193 1391.3 1320.72 1219.36 1197.03 343.88 247.38
6922266426001-back_camera3-9.jpg 193 1391.34 1322.49 1250.6 1192.28 281.47 260.43
6922266426001-back_camera3-8.jpg 193 1387.91 1322.05 1230.75 1199.26 314.33 245.57
6922266426001_camera0-14.jpg 193 1405.31 1233.92 1234.72 1141.5 341.17 184.85
6922266426001_camera0-15.jpg 193 1404.87 1235.32 1216.76 1143.72 376.22 183.2
6922266426001_camera0-13.jpg 193 1401.67 1233.76 1240.91 1138.09 321.52 191.34
6922266426001_camera0-16.jpg 193 1407.29 1234.1 1212.24 1139.74 390.1 188.71
6922266426001_camera0-19.jpg 193 1411.06 1231.74 1197.98 1142.3 426.15 178.88
6922266426001_camera0-1.jpg 193 1386.26 1232.65 1200.05 1149.06 372.43 167.19
6922266426001_camera0-20.jpg 193 1414.61 1235.53 1213.41 1147.86 402.39 175.35
6922266426001_camera0-21.jpg 193 1422.9 1233.06 1226.92 1139.67 391.96 186.77
6922266426001_camera0-23.jpg 193 1433.92 1233.02 1237.02 1148.19 393.8 169.66
6922266426001_camera0-24.jpg 193 1432.11 1235.68 1221.66 1147.56 420.89 176.25
6922266426001_camera0-27.jpg 193 1431.95 1240.63 1233.51 1155.68 396.89 169.9
6922266426001_camera0-29.jpg 193 1426.84 1237.0 1245.33 1144.93 363.02 184.14
6922266426001_camera0-28.jpg 193 1432.68 1236.91 1239.67 1150.6 386.02 172.62
6922266426001_camera0-30.jpg 193 1429.47 1239.63 1261.12 1147.56 336.71 184.14
6922266426001_camera0-31.jpg 193 1423.52 1235.88 1274.63 1144.72 297.78 182.31
6922266426001_camera0-32.jpg 193 1432.64 1236.51 1304.4 1150.26 256.48 172.51
6922266426001_camera0-33.jpg 193 1433.16 1232.04 1278.21 1145.73 309.9 172.62
6922266426001_camera0-34.jpg 193 1427.49 1234.77 1254.26 1146.81 346.47 175.92
6922266426001_camera0-35.jpg 193 1424.29 1231.02 1234.92 1140.29 378.73 181.47
6922266426001_camera0-37.jpg 193 1416.01 1233.18 1212.81 1148.23 406.41 169.9
6922266426001_camera0-3.jpg 193 1392.77 1227.29 1205.75 1144.91 374.04 164.75
6922266426001_camera0-40.jpg 193 1393.96 1230.43 1190.09 1139.67 407.74 181.51
6922266426001_camera0-39.jpg 193 1399.88 1232.0 1191.0 1145.53 417.76 172.94
6922266426001_camera0-4.jpg 193 1387.38 1234.37 1182.2 1142.3 410.37 184.14
6922266426001_camera0-5.jpg 193 1384.38 1228.26 1183.22 1146.7 402.33 163.11
6922266426001_camera0-38.jpg 193 1406.7 1230.95 1200.09 1142.79 413.22 176.33
6922266426001_camera0-7.jpg 193 1376.87 1222.54 1176.94 1126.52 399.85 192.03
6922266426001_camera0-9.jpg 193 1370.89 1229.22 1188.56 1141.26 364.66 175.92
6922266426001_camera1-14.jpg 193 1263.75 1147.57 1087.5 976.58 352.5 341.98
6922266426001_camera1-15.jpg 193 1269.07 1147.62 1085.91 975.56 366.31 344.11
6922266426001_camera1-13.jpg 193 1267.69 1152.83 1105.91 971.32 323.56 363.02
6922266426001_camera1-20.jpg 193 1281.92 1142.75 1099.35 1007.17 365.14 271.17
6922266426001_camera1-21.jpg 193 1282.11 1144.02 1114.9 1021.09 334.42 245.86
6922266426001_camera1-24.jpg 193 1294.0 1137.03 1098.02 968.68 391.96 336.71
6922266426001_camera1-23.jpg 193 1292.99 1139.7 1110.15 990.2 365.67 299.0
6922266426001_camera1-28.jpg 193 1292.45 1130.37 1119.46 955.3 345.98 350.14
6922266426001_camera1-25.jpg 193 1295.28 1137.36 1100.81 965.37 388.94 343.97
6922266426001_camera1-29.jpg 193 1288.74 1123.89 1134.85 947.64 307.78 352.5
6922266426001_camera1-27.jpg 193 1288.85 1130.17 1107.17 948.5 363.35 363.35
6922266426001_camera1-30.jpg 193 1286.77 1121.99 1152.38 959.47 268.78 325.04
6922266426001_camera1-32.jpg 193 1294.0 1119.94 1158.53 945.01 270.95 349.87
6922266426001_camera1-31.jpg 193 1293.06 1120.93 1174.71 962.85 236.7 316.17
6922266426001_camera1-33.jpg 193 1292.69 1114.68 1119.07 937.12 347.24 355.13
6922266426001_camera1-34.jpg 193 1283.03 1113.51 1111.15 942.07 343.76 342.87
6922266426001_camera1-37.jpg 193 1268.82 1110.74 1079.89 946.95 377.86 327.57
6922266426001_camera1-40.jpg 193 1256.23 1108.54 1077.69 973.85 357.08 269.38
6922266426001_camera1-39.jpg 193 1259.1 1109.75 1076.96 969.07 364.27 281.36
6922266426001_camera1-8.jpg 193 1240.07 1134.41 1063.82 955.53 352.5 357.76
6922266426001_camera2-5.jpg 193 1178.26 816.11 1005.95 634.6 344.61 363.02
6922266426001_camera3-12.jpg 193 1397.91 1323.81 1213.77 1187.02 368.28 273.58
6922266426001_camera3-19.jpg 193 1378.17 1322.5 1187.46 1210.7 381.43 223.6
6922266426001_camera3-20.jpg 193 1397.56 1318.84 1225.5 1226.34 344.11 185.01
6922266426001_camera3-21.jpg 193 1399.22 1321.18 1200.61 1210.7 397.22 220.97
6922266426001_camera3-27.jpg 193 1392.65 1322.5 1221.66 1200.18 341.98 244.64
6922266426001_camera3-29.jpg 193 1395.28 1327.76 1258.49 1210.7 273.58 234.12
6922266426001_camera3-30.jpg 193 1404.49 1325.13 1266.38 1205.44 276.21 239.38
6922266426001_camera3-31.jpg 193 1407.11 1327.76 1242.7 1208.07 328.82 239.38
6922266426001_camera3-32.jpg 193 1402.16 1325.52 1234.3 1212.7 335.73 225.63
6922266426001_camera3-34.jpg 193 1405.81 1319.87 1205.88 1200.18 399.85 239.38
6922266426001_camera3-35.jpg 193 1396.89 1325.38 1202.64 1219.93 388.51 210.91
6922266426001_camera3-39.jpg 193 1391.34 1319.87 1216.4 1215.96 349.87 207.82
6922266426001_camera3-3.jpg 193 1397.27 1319.01 1201.54 1200.08 391.46 237.86
6922266426001_camera3-8.jpg 193 1385.82 1318.69 1236.23 1194.42 299.17 248.54
6922266426001_camera3-6.jpg 193 1386.61 1319.5 1210.85 1195.55 351.51 247.91
6922266426001_camera3-7.jpg 193 1386.07 1323.81 1219.03 1189.65 334.08 268.32
6922266426001_camera3-9.jpg 193 1382.2 1316.59 1258.51 1196.07 247.38 241.04
