6951384903194-back_camera0-1.jpg 196 1464.99 1262.0 898.1 1039.71 1133.78 444.57
6951384903194-back_camera0-23.jpg 196 1418.11 1173.96 872.03 1019.64 1092.15 308.65
6951384903194-back_camera0-25.jpg 196 1349.24 1118.62 790.24 1010.77 1118.0 215.71
6951384903194-back_camera0-26.jpg 196 1362.19 1120.42 848.8 1010.34 1026.78 220.16
6951384903194-back_camera0-29.jpg 196 1339.33 1127.56 960.53 1007.77 757.6 239.58
6951384903194-back_camera0-2.jpg 196 1493.93 1276.46 950.71 1042.34 1086.43 468.24
6951384903194-back_camera0-32.jpg 196 1468.98 1172.02 1074.92 1016.61 788.12 310.81
6951384903194-back_camera0-30.jpg 196 1363.72 1162.03 1034.89 1010.77 657.65 302.52
6951384903194-back_camera0-34.jpg 196 1478.34 1187.23 981.6 1021.65 993.48 331.16
6951384903194-back_camera0-35.jpg 196 1462.36 1183.08 921.77 1010.77 1081.17 344.61
6951384903194-back_camera0-31.jpg 196 1453.59 1160.67 1117.01 1001.09 673.15 319.16
6951384903194-back_camera0-37.jpg 196 1455.88 1213.9 895.77 1022.88 1120.21 382.04
6951384903194-back_camera0-39.jpg 196 1484.71 1242.27 877.05 1026.56 1215.33 431.42
6951384903194-back_camera0-38.jpg 196 1438.87 1229.06 885.7 1028.33 1106.33 401.46
6951384903194-back_camera0-4.jpg 196 1463.74 1303.21 915.2 1048.83 1097.08 508.77
6951384903194-back_camera0-40.jpg 196 1459.1 1262.86 906.98 1032.63 1104.23 460.45
6951384903194-back_camera1-14.jpg 196 1299.26 1176.5 827.07 789.81 944.38 773.39
6951384903194-back_camera1-13.jpg 196 1307.85 1182.78 877.25 791.21 861.2 783.14
6951384903194-back_camera1-18.jpg 196 1230.87 1152.82 732.37 876.61 996.99 552.42
6951384903194-back_camera1-20.jpg 196 1249.28 1148.88 753.42 921.33 991.73 455.09
6951384903194-back_camera1-27.jpg 196 1200.84 1223.08 799.19 811.36 803.29 823.43
6951384903194-back_camera1-32.jpg 196 1286.56 1232.92 886.94 828.68 799.23 808.48
6951384903194-back_camera1-33.jpg 196 1286.11 1235.68 834.96 824.0 902.29 823.37
6951384903194-back_camera1-6.jpg 196 1265.07 1277.78 819.18 813.48 891.77 928.6
6951384903194-back_camera2-12.jpg 196 1245.63 1009.64 811.13 695.66 869.0 627.96
6951384903194-back_camera2-10.jpg 196 1237.06 1006.49 821.72 764.13 830.68 484.72
6951384903194-back_camera2-15.jpg 196 1235.47 1031.46 800.7 609.65 869.53 843.63
6951384903194-back_camera2-1.jpg 196 1296.22 1017.95 1047.38 602.61 497.67 830.68
6951384903194-back_camera2-23.jpg 196 1259.18 1078.72 898.57 598.73 721.23 959.98
6951384903194-back_camera2-29.jpg 196 1295.18 1055.01 836.87 752.31 916.63 605.41
6951384903194-back_camera2-2.jpg 196 1289.38 1016.25 987.82 579.64 603.12 873.23
6951384903194-back_camera2-31.jpg 196 1323.85 1061.31 858.78 782.76 930.14 557.09
6951384903194-back_camera2-30.jpg 196 1280.14 1056.88 869.69 813.88 820.91 486.0
6951384903194-back_camera2-32.jpg 196 1317.76 1049.88 842.69 730.12 950.13 639.51
6951384903194-back_camera2-37.jpg 196 1283.98 1029.05 904.72 578.56 758.52 900.98
6951384903194-back_camera2-33.jpg 196 1304.51 1050.12 832.96 681.03 943.1 738.19
6951384903194-back_camera2-38.jpg 196 1285.18 1026.66 940.2 579.69 689.97 893.94
6951384903194-back_camera2-7.jpg 196 1253.7 1002.73 804.22 612.42 898.97 780.62
6951384903194-back_camera3-16.jpg 196 1374.19 1404.62 849.79 1198.15 1048.8 412.94
6951384903194-back_camera3-18.jpg 196 1359.76 1396.15 834.96 1226.48 1049.6 339.35
6951384903194-back_camera3-17.jpg 196 1353.18 1400.1 832.33 1213.33 1041.71 373.54
6951384903194-back_camera3-19.jpg 196 1336.09 1368.54 774.46 1221.22 1123.26 294.63
6951384903194-back_camera3-30.jpg 196 1422.9 1457.97 1042.78 1181.76 760.24 552.42
6951384903194-back_camera3-29.jpg 196 1411.88 1406.41 1098.3 1198.28 627.17 416.26
6951384903194-back_camera3-33.jpg 196 1426.85 1436.93 911.25 1197.55 1031.19 478.77
6951384903194-back_camera3-34.jpg 196 1426.28 1415.87 904.56 1206.81 1043.43 418.11
6951384903194-back_camera3-3.jpg 196 1414.84 1568.96 888.12 1203.81 1053.44 730.31
6951384903194-back_camera3-5.jpg 196 1386.07 1535.58 932.29 1181.76 907.55 707.63
6951384903194_camera0-12.jpg 196 1461.33 1303.78 1061.71 1201.1 799.23 205.36
6951384903194_camera0-13.jpg 196 1463.44 1301.0 1003.71 1188.04 919.46 225.92
6951384903194_camera0-11.jpg 196 1438.68 1351.43 1095.39 1189.65 686.58 323.56
6951384903194_camera0-1.jpg 196 1374.47 1443.61 839.81 1212.36 1069.33 462.51
6951384903194_camera0-19.jpg 196 1480.77 1351.43 866.53 1187.02 1228.48 328.82
6951384903194_camera0-2.jpg 196 1329.3 1441.68 723.89 1217.85 1210.81 447.66
6951384903194_camera0-31.jpg 196 1471.45 1459.44 1121.79 1193.03 699.32 532.82
6951384903194_camera0-32.jpg 196 1487.68 1460.88 1092.7 1189.85 789.97 542.07
6951384903194_camera0-39.jpg 196 1344.21 1457.95 817.87 1198.94 1052.68 518.02
6951384903194_camera1-12.jpg 196 1300.57 1211.69 909.14 804.5 782.85 814.38
6951384903194_camera1-14.jpg 196 1287.17 1203.2 823.73 811.92 926.88 782.57
6951384903194_camera1-13.jpg 196 1296.63 1200.18 866.53 797.7 860.2 804.96
6951384903194_camera1-19.jpg 196 1247.13 1159.53 767.97 931.97 958.33 455.11
6951384903194_camera1-25.jpg 196 1249.18 1214.51 771.87 821.38 954.63 786.27
6951384903194_camera1-32.jpg 196 1309.46 1268.58 925.27 798.05 768.39 941.06
6951384903194_camera1-35.jpg 196 1284.8 1268.17 785.67 804.5 998.27 927.34
6951384903194_camera1-4.jpg 196 1247.41 1195.38 756.38 839.06 982.07 712.63
6951384903194_camera2-12.jpg 196 1229.61 805.61 768.79 448.39 921.64 714.43
6951384903194_camera2-10.jpg 196 1226.91 805.59 790.24 545.16 873.35 520.86
6951384903194_camera2-14.jpg 196 1228.47 791.98 773.36 361.84 910.23 860.28
6951384903194_camera2-1.jpg 196 1173.15 860.98 864.48 384.17 617.35 953.61
6951384903194_camera2-17.jpg 196 1217.2 776.11 852.07 312.77 730.26 926.67
6951384903194_camera2-21.jpg 196 1199.43 734.88 877.62 260.7 643.62 948.36
6951384903194_camera2-29.jpg 196 1104.85 783.48 625.42 512.9 958.86 541.17
6951384903194_camera2-30.jpg 196 1140.23 774.85 698.13 501.63 884.2 546.44
6951384903194_camera2-31.jpg 196 1123.24 780.86 651.69 460.36 943.1 640.99
6951384903194_camera2-35.jpg 196 1163.78 821.37 745.52 368.91 836.53 904.92
6951384903194_camera2-38.jpg 196 1159.84 859.52 837.59 368.91 644.49 981.21
6951384903194_camera2-3.jpg 196 1178.41 842.59 772.54 373.66 811.75 937.85
6951384903194_camera3-18.jpg 196 1446.57 1431.67 861.27 1297.51 1170.61 268.32
6951384903194_camera3-19.jpg 196 1445.75 1451.99 900.91 1325.26 1089.68 253.46
6951384903194_camera3-24.jpg 196 1387.38 1498.74 884.94 1218.59 1004.88 560.31
6951384903194_camera3-35.jpg 196 1346.62 1581.61 800.77 1239.63 1091.69 683.95
6951384903194_camera3-40.jpg 196 1349.55 1544.55 821.36 1301.26 1056.38 486.57
6951384903194_camera3-9.jpg 196 1407.26 1477.74 1083.5 1259.43 647.52 436.61
6951384903194_camera3-8.jpg 196 1321.58 1492.78 987.95 1264.23 667.26 457.1
6951384903194~A_camera0-2.jpg 196 1096.87 1118.64 601.24 1026.84 991.25 183.6
6951384903194~A_camera0-17.jpg 196 1150.0 1100.29 625.47 1029.35 1049.06 141.89
6951384903194~A_camera0-19.jpg 196 1138.87 1100.58 655.6 1027.4 966.53 146.36
6951384903194~A_camera2-38.jpg 196 776.98 810.76 292.67 566.66 968.61 488.2
6951384903194~A_camera0-16.jpg 196 1161.34 1105.86 632.83 1023.95 1057.02 163.81
6951384903194~A_camera0-21.jpg 196 1125.33 1108.41 655.14 1015.81 940.37 185.2
6951384903194~A_camera0-7.jpg 196 1086.07 1122.25 762.63 1018.89 646.88 206.73
6951384903194~A_camera3-2.jpg 196 1017.33 927.72 563.08 717.86 908.5 419.71
6951384903194~A_camera0-14.jpg 196 1185.92 1114.25 677.88 1013.47 1016.08 201.56
6951384903194~A_camera0-1.jpg 196 1093.44 1116.21 574.89 1031.26 1037.1 169.9
6951384903194~A_camera0-18.jpg 196 1143.68 1099.38 633.34 1038.02 1020.69 122.72
6951384903194~A_camera0-20.jpg 196 1146.53 1106.18 682.96 1021.48 927.14 169.4
6951384903194~A_camera0-15.jpg 196 1174.06 1109.46 649.89 1017.77 1048.34 183.39
6951384903194~A_camera0-27.jpg 196 1045.12 1111.01 738.71 999.27 612.83 223.49
6951384903194~A_camera0-31.jpg 196 1176.06 1125.17 774.08 1015.64 803.95 219.07
6951384903194~A_camera0-3.jpg 196 1099.22 1121.26 634.43 1024.43 929.58 193.65
6951384903194~A_camera0-32.jpg 196 1168.18 1132.02 730.47 1024.23 875.42 215.58
6951384903194~A_camera1-1.jpg 196 1139.71 740.05 742.63 511.05 794.16 458.0
6951384903194~A_camera0-37.jpg 196 1070.01 1121.7 567.65 1052.74 1004.73 137.92
6951384903194~A_camera0-33.jpg 196 1155.9 1128.96 691.99 1028.69 927.82 200.54
6951384903194~A_camera0-39.jpg 196 1081.96 1114.77 546.51 1042.3 1070.9 144.94
6951384903194~A_camera0-38.jpg 196 1076.8 1114.01 550.88 1049.39 1051.84 129.24
6951384903194~A_camera0-9.jpg 196 1200.13 1122.08 908.35 1011.85 583.57 220.45
6951384903194~A_camera0-5.jpg 196 1076.24 1122.44 665.88 1019.82 820.73 205.24
6951384903194~A_camera1-17.jpg 196 1176.11 709.93 763.62 569.04 824.97 281.79
6951384903194~A_camera1-15.jpg 196 1181.51 723.94 760.15 520.85 842.73 406.18
6951384903194~A_camera1-20.jpg 196 1156.28 723.8 775.55 508.83 761.45 429.94
6951384903194~A_camera1-29.jpg 196 1164.19 735.75 907.56 466.23 513.27 539.04
6951384903194~A_camera1-25.jpg 196 1111.02 731.8 805.45 446.32 611.13 570.95
6951384903194~A_camera1-24.jpg 196 1116.38 734.01 779.01 452.46 674.73 563.11
6951384903194~A_camera1-13.jpg 196 1178.82 737.46 791.91 489.52 773.81 495.88
6951384903194~A_camera1-32.jpg 196 1163.71 753.28 801.93 497.0 723.56 512.56
6951384903194~A_camera1-27.jpg 196 1106.63 719.6 884.58 448.36 444.11 542.47
6951384903194~A_camera1-9.jpg 196 1186.77 756.32 937.85 481.88 497.84 548.88
6951384903194~A_camera1-7.jpg 196 1140.65 775.27 904.92 498.78 471.47 552.99
6951384903194~A_camera3-1.jpg 196 1007.79 919.97 526.09 727.13 963.39 385.68
6951384903194~A_camera3-22.jpg 196 1011.02 918.63 569.08 701.27 883.87 434.73
6951384903194~A_camera3-21.jpg 196 1027.44 913.4 579.24 710.95 896.4 404.9
6951384903194~A_camera3-13.jpg 196 1083.63 916.09 626.98 710.36 913.31 411.45
6951384903194~A_camera3-17.jpg 196 1058.48 884.65 567.76 769.84 981.44 229.63
6951384903194~A_camera3-26.jpg 196 969.66 911.82 645.87 678.7 647.59 466.24
6951384903194~A_camera2-40.jpg 196 740.57 837.44 255.73 498.18 969.68 678.52
6951384903194~A_camera1-23.jpg 196 1125.26 737.03 764.58 464.61 721.35 544.84
6951384903194~A_camera3-3.jpg 196 1010.75 931.15 576.24 712.34 869.01 437.62
6951384903194~A_camera3-36.jpg 196 988.69 919.69 517.0 776.88 943.38 285.62
6951384903194~A_camera3-39.jpg 196 997.17 909.7 498.41 750.28 997.52 318.84
6951384903194~A_camera3-32.jpg 196 1063.48 935.83 640.48 721.04 846.0 429.58
6951384903194~A_camera3-5.jpg 196 996.63 944.19 621.72 710.77 749.82 466.85
6951384903194~A_camera3-28.jpg 196 1027.57 912.8 749.1 688.87 556.94 447.86
6951384903194~B_camera0-16.jpg 196 1247.92 1110.16 725.12 1011.63 1045.6 197.07
6951384903194~A_camera3-40.jpg 196 1003.51 917.45 511.78 736.6 983.47 361.7
6951384903194~B_camera0-12.jpg 196 1183.08 1142.41 857.69 1012.64 650.78 259.55
6951384903194~B_camera0-15.jpg 196 1261.7 1112.02 781.64 1008.19 960.12 207.66
6951384903194~B_camera0-21.jpg 196 1106.71 1102.54 548.18 1040.84 1117.07 123.4
6951384903194~B_camera0-2.jpg 196 1136.28 1123.35 467.9 1056.58 1336.77 133.54
6951384903194~B_camera0-11.jpg 196 1097.6 1152.26 803.44 1016.64 588.31 271.24
6951384903194~B_camera0-23.jpg 196 1012.44 1107.96 471.22 1031.55 1082.43 152.82
6951384903194~B_camera0-25.jpg 196 984.93 1121.84 436.17 1019.23 1097.53 205.22
6951384903194~B_camera0-31.jpg 196 1026.78 1155.08 710.16 1014.72 633.25 280.71
6951384903194~B_camera0-28.jpg 196 987.96 1133.46 510.81 1009.52 954.31 247.88
6951384903194~B_camera0-20.jpg 196 1137.47 1105.25 562.95 1033.07 1149.05 144.37
6951384903194~B_camera0-10.jpg 196 1102.12 1155.19 761.09 1016.04 682.05 278.31
6951384903194~B_camera0-32.jpg 196 1113.44 1161.45 800.76 1019.29 625.37 284.33
6951384903194~B_camera0-36.jpg 196 1165.17 1155.25 645.56 1034.41 1039.23 241.68
6951384903194~B_camera0-34.jpg 196 1182.3 1167.06 770.74 1032.07 823.11 269.98
6951384903194~B_camera0-26.jpg 196 978.0 1125.54 437.37 1014.7 1081.26 221.67
6951384903194~B_camera0-4.jpg 196 1131.91 1136.59 525.8 1036.21 1212.23 200.76
6951384903194~B_camera0-5.jpg 196 1140.95 1141.85 591.23 1029.13 1099.44 225.44
6951384903194~B_camera0-6.jpg 196 1161.97 1147.51 679.84 1023.85 964.26 247.31
6951384903194~B_camera0-33.jpg 196 1177.61 1164.83 836.36 1025.24 682.49 279.18
6951384903194~B_camera1-1.jpg 196 1164.26 739.42 648.92 594.97 1030.68 288.9
6951384903194~B_camera0-39.jpg 196 1146.33 1135.87 504.58 1045.64 1283.5 180.46
6951384903194~B_camera0-18.jpg 196 1200.62 1108.58 628.48 1019.27 1144.29 178.61
6951384903194~B_camera1-12.jpg 196 1201.72 742.0 966.46 424.66 470.52 634.68
6951384903194~B_camera0-8.jpg 196 1134.2 1154.24 713.84 1017.54 840.73 273.41
6951384903194~B_camera0-38.jpg 196 1149.35 1137.47 543.21 1040.69 1212.27 193.55
6951384903194~B_camera1-16.jpg 196 1216.68 711.08 790.73 462.53 851.91 497.1
6951384903194~B_camera1-13.jpg 196 1220.03 723.6 930.68 425.2 578.7 596.8
6951384903194~B_camera1-14.jpg 196 1223.99 703.84 878.84 432.19 690.31 543.29
6951384903194~B_camera1-23.jpg 196 1069.98 711.78 632.45 505.2 875.06 413.16
6951384903194~B_camera1-15.jpg 196 1222.88 705.32 832.6 445.86 780.55 518.91
6951384903194~B_camera1-2.jpg 196 1174.2 745.38 666.16 578.34 1016.08 334.07
6951384903194~B_camera1-11.jpg 196 1141.66 759.85 922.56 429.29 438.21 661.12
6951384903194~B_camera1-25.jpg 196 1051.76 728.96 627.44 458.04 848.63 541.83
6951384903194~B_camera1-18.jpg 196 1194.57 713.01 728.82 493.78 931.49 438.46
6951384903194~B_camera1-30.jpg 196 1089.28 780.62 817.03 441.66 544.5 677.93
6951384903194~B_camera1-10.jpg 196 1148.65 775.52 885.02 436.86 527.26 677.32
6951384903194~B_camera1-20.jpg 196 1163.13 714.21 698.87 546.92 928.53 334.59
6951384903194~B_camera0-9.jpg 196 1115.71 1156.49 731.33 1015.2 768.76 282.57
6951384903194~B_camera1-33.jpg 196 1159.35 821.39 870.62 495.78 577.45 651.23
6951384903194~B_camera1-24.jpg 196 1050.28 720.34 622.04 478.77 856.48 483.14
6951384903194~B_camera0-7.jpg 196 1156.07 1153.34 710.17 1019.36 891.81 267.95
6951384903194~B_camera1-36.jpg 196 1152.17 795.44 726.66 521.5 851.02 547.89
6951384903194~B_camera1-21.jpg 196 1131.19 711.02 667.76 574.43 926.87 273.18
6951384903194~B_camera1-27.jpg 196 1068.71 743.52 687.38 433.78 762.67 619.48
6951384903194~B_camera1-6.jpg 196 1196.48 781.63 818.86 475.95 755.24 611.37
6951384903194~B_camera1-37.jpg 196 1144.08 780.73 692.01 530.6 904.14 500.26
6951384903194~B_camera1-34.jpg 196 1159.83 824.68 817.28 515.63 685.1 618.11
6951384903194~B_camera1-3.jpg 196 1183.16 754.21 695.03 544.79 976.27 418.85
6951384903194~B_camera1-40.jpg 196 1157.6 746.68 644.85 580.57 1025.5 332.22
6951384903194~B_camera2-11.jpg 196 704.11 849.0 399.76 251.92 608.7 1194.15
6951384903194~B_camera1-38.jpg 196 1143.24 770.71 664.99 543.0 956.5 455.42
6951384903194~B_camera1-5.jpg 196 1207.17 772.89 798.98 494.51 816.38 556.76
6951384903194~B_camera1-4.jpg 196 1193.76 764.75 739.28 516.91 908.95 495.69
6951384903194~B_camera2-14.jpg 196 695.6 923.46 310.57 374.38 770.05 1098.15
6951384903194~B_camera2-1.jpg 196 717.45 802.35 116.85 499.9 1201.19 604.9
6951384903194~B_camera2-13.jpg 196 699.0 895.49 387.61 320.53 622.77 1149.91
6951384903194~B_camera2-12.jpg 196 716.94 874.24 471.38 278.74 491.12 1190.99
6951384903194~B_camera2-16.jpg 196 691.58 927.72 189.4 445.67 1004.36 964.09
6951384903194~B_camera2-19.jpg 196 688.2 882.63 106.75 494.58 1162.9 776.1
6951384903194~B_camera2-10.jpg 196 692.04 829.51 333.25 238.11 717.57 1182.8
6951384903194~B_camera2-22.jpg 196 757.12 869.35 163.15 623.82 1187.94 491.05
6951384903194~B_camera2-21.jpg 196 729.62 862.2 129.23 573.21 1200.78 577.98
6951384903194~B_camera2-25.jpg 196 831.53 890.12 327.58 445.56 1007.9 889.12
6951384903194~B_camera2-20.jpg 196 706.76 873.11 109.46 529.56 1194.61 687.1
6951384903194~B_camera2-2.jpg 196 693.58 814.44 96.11 570.84 1194.94 487.2
6951384903194~B_camera2-26.jpg 196 815.02 888.83 328.34 394.43 973.37 988.8
6951384903194~B_camera2-3.jpg 196 667.55 816.54 82.54 520.58 1170.03 591.91
6951384903194~B_camera2-35.jpg 196 768.18 735.82 313.77 233.77 908.82 1004.09
6951384903194~B_camera2-34.jpg 196 771.2 744.47 377.52 214.67 787.36 1059.6
6951384903194~B_camera2-28.jpg 196 787.42 881.34 359.3 323.8 856.24 1115.07
6951384903194~B_camera2-32.jpg 196 772.53 803.88 526.33 228.36 492.4 1151.03
6951384903194~B_camera2-9.jpg 196 679.68 810.19 274.63 240.66 810.11 1139.06
6951384903194~B_camera2-4.jpg 196 641.73 815.8 85.15 448.72 1113.16 734.15
6951384903194~B_camera2-39.jpg 196 755.56 787.24 175.59 401.85 1159.94 770.78
6951384903194~B_camera2-27.jpg 196 796.25 885.62 338.31 352.84 915.88 1065.55
6951384903194~B_camera2-6.jpg 196 637.15 813.88 137.49 328.9 999.33 969.97
6951384903194~B_camera2-5.jpg 196 620.53 816.58 103.45 383.28 1034.15 866.6
6951384903194~B_camera3-21.jpg 196 1008.31 885.6 474.41 771.26 1067.8 228.68
6951384903194~B_camera3-11.jpg 196 1025.38 953.85 750.89 673.46 548.97 560.77
6951384903194~B_camera2-29.jpg 196 781.07 876.92 389.26 307.46 783.61 1138.93
6951384903194~B_camera3-12.jpg 196 1102.38 935.28 804.52 672.02 595.73 526.52
6951384903194~B_camera2-37.jpg 196 762.22 768.75 218.64 313.12 1087.16 911.25
6951384903194~B_camera3-10.jpg 196 1020.14 965.71 707.33 678.86 625.62 573.7
6951384903194~B_camera3-14.jpg 196 1149.05 894.86 742.29 678.35 813.52 433.01
6951384903194~B_camera2-8.jpg 196 669.0 810.96 226.2 255.38 885.6 1111.15
6951384903194~B_camera3-18.jpg 196 1092.16 897.51 547.71 720.27 1088.91 354.49
6951384903194~B_camera2-38.jpg 196 759.06 778.99 191.52 357.05 1135.08 843.87
6951384903194~B_camera3-17.jpg 196 1115.12 898.69 587.62 705.34 1054.99 386.7
6951384903194~B_camera3-15.jpg 196 1144.72 897.32 686.37 688.13 916.71 418.38
6951384903194~B_camera3-20.jpg 196 1041.51 890.83 498.5 758.43 1086.01 264.8
6951384903194~B_camera3-16.jpg 196 1132.79 898.9 634.38 696.49 996.82 404.83
6951384903194~B_camera3-2.jpg 196 1045.03 924.89 428.3 775.47 1233.46 298.85
6951384903194~B_camera0-27.jpg 196 979.0 1133.25 462.52 1011.04 1032.95 244.42
6951384903194~B_camera3-28.jpg 196 924.36 942.4 493.04 674.93 862.64 534.94
6951384903194~B_camera1-28.jpg 196 1079.52 749.66 732.91 430.88 693.22 637.56
6951384903194~B_camera3-22.jpg 196 965.73 888.45 437.95 744.57 1055.56 287.76
6951384903194~B_camera3-31.jpg 196 958.35 987.58 678.21 693.07 560.28 589.01
6951384903194~B_camera3-27.jpg 196 912.03 937.75 440.7 676.41 942.67 522.68
6951384903194~B_camera3-29.jpg 196 935.26 959.96 551.15 677.9 768.23 564.13
6951384903194~B_camera1-39.jpg 196 1151.15 758.91 650.54 560.04 1001.22 397.75
6951384903194~B_camera3-3.jpg 196 1047.86 935.13 454.17 751.49 1187.38 367.29
6951384903194~B_camera3-25.jpg 196 905.2 920.5 391.46 691.2 1027.49 458.6
6951384903194~B_camera3-36.jpg 196 1054.29 970.23 553.0 740.76 1002.58 458.93
6951384903194~B_camera3-33.jpg 196 1072.39 1005.95 737.18 723.19 670.42 565.52
6951384903194~B_camera3-30.jpg 196 943.06 974.8 606.31 683.68 673.5 582.24
6951384903194~B_camera3-40.jpg 196 1041.62 920.39 419.26 786.78 1244.71 267.22
6951384903194~B_camera3-39.jpg 196 1041.47 934.32 436.72 771.92 1209.5 324.81
6951384903194~B_camera3-34.jpg 196 1073.45 1003.16 672.86 734.92 801.19 536.48
6951384903194~B_camera3-37.jpg 196 1037.91 957.14 503.64 747.86 1068.54 418.57
6951384903194~B_camera3-38.jpg 196 1041.97 945.66 464.25 758.12 1155.45 375.08
6951384903194~B_camera3-9.jpg 196 1031.42 976.5 673.83 685.38 715.18 582.25
6951384903194~B_camera3-4.jpg 196 1055.55 948.69 502.96 731.06 1105.17 435.27
6951384903194~B_camera3-35.jpg 196 1067.61 989.05 613.37 736.39 908.48 505.33
6951384903194~B_camera3-5.jpg 196 1066.99 960.44 571.13 715.66 991.73 489.56
6951384903194~B_camera3-6.jpg 196 1083.38 970.5 644.93 704.63 876.91 531.75
