6933093050208_camera0-12.jpg 198 1397.9 1022.61 1318.99 724.04 157.83 597.14
6933093050208_camera0-39.jpg 198 1393.96 1023.92 1318.99 726.67 149.94 594.51
6933093050208_camera0-4.jpg 198 1382.01 1027.79 1308.45 728.31 147.11 598.96
6933093050208_camera0-8.jpg 198 1385.94 1027.79 1316.33 728.31 139.23 598.96
6933093050208_camera0-5.jpg 198 1383.32 1023.86 1308.45 725.69 149.74 596.34
6933093050208_camera0-6.jpg 198 1383.44 1025.24 1313.73 734.56 139.42 581.36
6933093050208_camera3-24.jpg 198 1404.34 1186.73 1337.35 891.19 133.98 591.08
6933093050208_camera3-22.jpg 198 1406.96 1186.74 1332.09 893.82 149.74 585.83
6933093050208_camera3-23.jpg 198 1403.05 1183.28 1335.5 892.8 135.1 580.95
6933093050208_camera3-2.jpg 198 1353.83 1188.1 1283.38 894.73 140.89 586.74
