6939789303252-back_camera1-11.jpg 199 1199.05 1223.69 971.49 935.88 455.11 575.63
6939789303252-back_camera1-12.jpg 199 1229.63 1244.53 961.68 917.46 535.91 654.13
6939789303252-back_camera1-16.jpg 199 1259.85 1256.35 853.97 925.34 811.75 662.01
6939789303252-back_camera1-15.jpg 199 1250.65 1258.97 864.48 917.46 772.35 683.03
6939789303252-back_camera1-17.jpg 199 1269.2 1258.12 861.66 953.66 815.08 608.93
6939789303252-back_camera1-1.jpg 199 1215.18 1109.23 843.46 941.1 743.45 336.26
6939789303252-back_camera1-20.jpg 199 1283.47 1231.33 900.51 1034.69 765.92 393.27
6939789303252-back_camera1-18.jpg 199 1274.03 1251.51 860.94 971.62 826.18 559.77
6939789303252-back_camera1-21.jpg 199 1317.64 1220.88 930.16 1040.93 774.97 359.9
6939789303252-back_camera1-22.jpg 199 1338.35 1216.98 946.14 1000.53 784.42 432.91
6939789303252-back_camera1-24.jpg 199 1333.4 1206.43 924.9 917.46 817.01 577.95
6939789303252-back_camera1-23.jpg 199 1339.58 1218.32 941.82 975.96 795.52 484.72
6939789303252-back_camera1-25.jpg 199 1337.16 1204.18 944.03 909.1 786.27 590.17
6939789303252-back_camera1-26.jpg 199 1332.09 1198.55 951.17 875.43 761.84 646.25
6939789303252-back_camera1-27.jpg 199 1325.72 1194.39 969.71 878.03 712.01 632.72
6939789303252-back_camera1-28.jpg 199 1320.27 1181.48 985.32 857.04 669.89 648.88
6939789303252-back_camera1-30.jpg 199 1315.04 1167.3 1066.45 858.2 497.18 618.19
6939789303252-back_camera1-2.jpg 199 1227.5 1123.45 859.34 942.15 736.32 362.61
6939789303252-back_camera1-29.jpg 199 1316.33 1167.03 1035.24 854.41 562.18 625.23
6939789303252-back_camera1-31.jpg 199 1339.07 1151.59 1116.15 873.86 445.83 555.46
6939789303252-back_camera1-33.jpg 199 1334.72 1144.69 1029.98 843.9 609.47 601.59
6939789303252-back_camera1-34.jpg 199 1324.25 1142.31 987.54 834.53 673.43 615.56
6939789303252-back_camera1-35.jpg 199 1309.86 1134.92 949.1 839.97 721.52 589.9
6939789303252-back_camera1-36.jpg 199 1286.11 1131.78 903.36 834.53 765.5 594.51
6939789303252-back_camera1-37.jpg 199 1274.3 1124.99 874.99 846.53 798.62 556.93
6939789303252-back_camera1-40.jpg 199 1219.03 1118.62 845.49 918.7 747.08 399.85
6939789303252-back_camera1-5.jpg 199 1188.04 1164.19 780.58 882.81 814.92 562.77
6939789303252-back_camera1-38.jpg 199 1254.63 1120.78 861.5 872.87 786.27 495.82
6939789303252-back_camera1-7.jpg 199 1162.46 1184.39 795.5 866.09 733.93 636.6
6939789303252-back_camera1-8.jpg 199 1155.9 1202.81 798.14 884.51 715.52 636.6
6939789303252-back_camera2-13.jpg 199 1243.12 836.8 884.21 566.69 717.82 540.22
6939789303252-back_camera2-12.jpg 199 1238.83 842.6 882.87 602.22 711.92 480.75
6939789303252-back_camera2-14.jpg 199 1249.91 827.44 881.75 508.31 736.32 638.27
6939789303252-back_camera2-18.jpg 199 1255.9 783.49 932.78 397.31 646.25 772.35
6939789303252-back_camera2-17.jpg 199 1251.91 796.38 903.36 424.15 697.1 744.45
6939789303252-back_camera2-19.jpg 199 1255.86 777.97 971.75 400.48 568.21 754.98
6939789303252-back_camera2-24.jpg 199 1215.09 733.25 890.21 353.13 649.75 760.24
6939789303252-back_camera2-26.jpg 199 1191.32 721.16 825.01 370.58 732.62 701.17
6939789303252-back_camera2-28.jpg 199 1176.94 724.04 800.77 408.37 752.35 631.34
6939789303252-back_camera2-2.jpg 199 1129.81 841.27 893.38 489.25 472.86 704.04
6939789303252-back_camera2-30.jpg 199 1153.26 726.67 795.5 476.77 715.52 499.81
6939789303252-back_camera2-33.jpg 199 1122.82 750.73 745.62 460.58 754.39 580.3
6939789303252-back_camera2-40.jpg 199 1114.05 824.19 867.11 462.98 493.88 722.43
6939789303252-back_camera2-34.jpg 199 1119.68 762.38 751.52 450.65 736.32 623.47
6939789303252-back_camera2-3.jpg 199 1136.38 853.1 853.97 486.63 564.81 732.94
6939789303252-back_camera2-38.jpg 199 1107.22 810.85 795.5 424.15 623.45 773.39
6939789303252-back_camera2-6.jpg 199 1166.59 874.12 801.43 505.02 730.31 738.19
6939789303252-back_camera2-7.jpg 199 1180.85 868.86 803.65 517.78 754.39 702.16
6939789303252-back_camera2-9.jpg 199 1200.45 866.13 833.34 589.42 734.21 553.43
6939789303252-back_camera3-16.jpg 199 1386.07 1505.32 929.66 1326.44 912.81 357.76
6939789303252_camera1-13.jpg 199 1349.13 1259.33 1000.95 919.85 696.36 678.95
6939789303252_camera1-15.jpg 199 1359.76 1240.95 966.49 918.7 786.54 644.49
6939789303252_camera1-14.jpg 199 1346.54 1244.52 969.56 914.83 753.96 659.38
6939789303252_camera1-16.jpg 199 1357.95 1217.97 952.32 901.87 811.27 632.2
6939789303252_camera1-18.jpg 199 1347.93 1189.66 940.19 926.6 815.48 526.12
6939789303252_camera1-20.jpg 199 1351.79 1155.2 969.56 977.88 764.46 354.65
6939789303252_camera1-24.jpg 199 1325.53 1130.25 922.28 849.16 806.5 562.18
6939789303252_camera1-25.jpg 199 1308.43 1129.36 924.55 838.9 767.77 580.92
6939789303252_camera1-28.jpg 199 1253.22 1118.62 961.23 813.48 583.99 610.29
6939789303252_camera1-27.jpg 199 1271.67 1126.31 930.16 809.75 683.03 633.11
6939789303252_camera1-2.jpg 199 1196.67 1200.18 800.77 973.95 791.8 452.46
6939789303252_camera1-26.jpg 199 1292.69 1126.31 922.28 820.26 740.82 612.1
6939789303252_camera1-32.jpg 199 1237.44 1129.15 937.56 818.74 599.77 620.82
6939789303252_camera1-33.jpg 199 1234.32 1135.67 916.69 826.57 635.25 618.2
6939789303252_camera1-34.jpg 199 1216.39 1150.19 866.53 829.26 699.73 641.86
6939789303252_camera1-35.jpg 199 1201.81 1148.11 825.98 847.61 751.65 601.0
6939789303252_camera1-36.jpg 199 1186.3 1153.89 780.42 862.29 811.75 583.2
6939789303252_camera1-37.jpg 199 1179.57 1165.98 771.83 902.92 815.48 526.12
6939789303252_camera1-38.jpg 199 1167.46 1165.34 766.26 923.51 802.4 483.66
6939789303252_camera1-5.jpg 199 1190.09 1242.27 771.83 926.6 836.52 631.34
6939789303252_camera1-3.jpg 199 1201.92 1213.33 790.24 955.53 823.37 515.59
6939789303252_camera1-6.jpg 199 1198.08 1252.9 801.58 924.62 793.0 656.57
6939789303252_camera1-40.jpg 199 1168.51 1175.51 789.51 1014.56 758.0 321.91
6939789303252_camera1-7.jpg 199 1213.77 1252.79 848.12 921.33 731.3 662.91
6939789303252_camera2-1.jpg 199 1207.19 875.3 995.43 529.38 423.52 691.84
6939789303252_camera2-29.jpg 199 1100.67 793.33 745.46 548.19 710.42 490.27
6939789303252_camera2-27.jpg 199 1098.28 763.78 719.99 431.46 756.58 664.64
6939789303252_camera2-28.jpg 199 1095.39 781.91 719.22 500.44 752.35 562.94
6939789303252_camera2-32.jpg 199 1114.93 829.31 739.4 560.71 751.07 537.19
6939789303252_camera2-36.jpg 199 1146.02 869.7 792.04 489.6 707.96 760.19
6939789303252_camera2-40.jpg 199 1196.67 873.98 995.43 545.16 402.48 657.65
