6940737300148-back_camera0-10.jpg 22 1369.56 1230.64 646.91 1021.74 1445.3 417.81
6940737300148-back_camera0-11.jpg 22 1482.51 1228.64 772.39 1034.39 1420.23 388.51
6940737300148-back_camera0-13.jpg 22 1676.16 1216.33 935.04 1027.32 1482.25 378.02
6940737300148-back_camera0-12.jpg 22 1588.23 1226.13 869.74 1022.54 1436.98 407.19
6940737300148-back_camera0-18.jpg 22 1527.11 1198.43 677.78 1036.55 1698.66 323.76
6940737300148-back_camera0-14.jpg 22 1643.87 1206.75 832.33 1016.04 1623.07 381.43
6940737300148-back_camera0-15.jpg 22 1634.2 1213.0 788.3 1022.54 1691.81 380.92
6940737300148-back_camera0-17.jpg 22 1550.48 1197.54 685.02 1013.4 1730.92 368.28
6940737300148-back_camera0-16.jpg 22 1622.38 1209.05 769.91 1027.79 1704.94 362.53
6940737300148-back_camera0-1.jpg 22 1301.89 1189.66 424.59 1018.67 1754.6 341.98
6940737300148-back_camera0-19.jpg 22 1481.6 1197.89 658.17 1032.95 1646.86 329.88
6940737300148-back_camera0-23.jpg 22 1600.05 1205.12 788.3 1027.79 1623.5 354.65
6940737300148-back_camera0-21.jpg 22 1532.07 1192.29 695.54 1029.19 1673.05 326.19
6940737300148-back_camera0-22.jpg 22 1587.37 1191.6 758.9 1025.4 1656.93 332.39
6940737300148-back_camera0-24.jpg 22 1522.86 1215.96 685.02 1023.93 1675.68 384.06
6940737300148-back_camera0-25.jpg 22 1505.48 1222.19 672.71 1027.79 1665.54 388.8
6940737300148-back_camera0-28.jpg 22 1355.82 1234.37 608.73 1008.14 1494.17 452.46
6940737300148-back_camera0-30.jpg 22 1300.57 1250.16 658.71 1018.67 1283.72 462.98
6940737300148-back_camera0-31.jpg 22 1383.32 1245.84 746.26 1025.17 1274.11 441.34
6940737300148-back_camera0-36.jpg 22 1438.68 1223.85 635.04 997.62 1607.29 452.46
6940737300148-back_camera0-34.jpg 22 1492.61 1231.74 761.31 1013.4 1462.6 436.68
6940737300148-back_camera0-33.jpg 22 1526.49 1248.46 877.62 1019.91 1297.75 457.1
6940737300148-back_camera0-37.jpg 22 1368.62 1227.94 545.42 1021.52 1646.39 412.84
6940737300148-back_camera0-32.jpg 22 1474.19 1225.16 834.96 994.99 1278.46 460.35
6940737300148-back_camera0-35.jpg 22 1464.75 1241.89 693.72 1019.91 1542.06 443.97
6940737300148-back_camera0-39.jpg 22 1278.22 1213.33 443.01 1010.77 1670.42 405.11
6940737300148-back_camera0-4.jpg 22 1418.65 1184.04 565.0 1025.4 1707.3 317.28
6940737300148-back_camera0-3.jpg 22 1404.34 1186.73 538.73 1025.17 1731.21 323.12
6940737300148-back_camera0-38.jpg 22 1337.4 1227.8 508.77 1023.93 1657.27 407.74
6940737300148-back_camera0-5.jpg 22 1376.75 1205.12 507.21 1022.54 1739.09 365.16
6940737300148-back_camera0-6.jpg 22 1340.59 1207.97 474.35 1027.92 1732.48 360.09
6940737300148-back_camera0-9.jpg 22 1270.79 1230.31 496.09 1018.5 1549.4 423.62
6940737300148-back_camera0-7.jpg 22 1308.45 1226.14 452.04 1025.17 1712.82 401.94
6940737300148-back_camera0-8.jpg 22 1280.85 1233.07 445.64 1016.04 1670.42 434.05
6940737300148-back_camera1-10.jpg 22 1318.95 1239.28 712.11 628.49 1213.69 1221.57
6940737300148-back_camera1-11.jpg 22 1408.43 1242.26 800.77 626.71 1215.33 1231.11
6940737300148-back_camera1-15.jpg 22 1419.93 1273.98 632.47 619.69 1574.93 1308.58
6940737300148-back_camera1-18.jpg 22 1324.26 1192.28 542.97 653.01 1562.57 1078.54
6940737300148-back_camera1-16.jpg 22 1404.49 1258.05 592.95 624.08 1623.07 1267.94
6940737300148-back_camera1-1.jpg 22 1218.56 1172.27 443.86 780.57 1549.4 783.4
6940737300148-back_camera1-20.jpg 22 1383.32 1135.5 625.42 723.06 1515.79 824.89
6940737300148-back_camera1-21.jpg 22 1407.16 1128.76 664.38 710.94 1485.56 835.63
6940737300148-back_camera1-23.jpg 22 1395.33 1145.63 606.66 638.99 1577.34 1013.28
6940737300148-back_camera1-25.jpg 22 1331.78 1168.93 542.34 587.24 1578.87 1163.38
6940737300148-back_camera1-29.jpg 22 1209.86 1151.97 646.97 594.88 1125.78 1114.17
6940737300148-back_camera1-30.jpg 22 1220.44 1151.26 667.45 607.47 1105.98 1087.59
6940737300148-back_camera1-34.jpg 22 1285.19 1168.93 570.04 559.54 1430.3 1218.78
6940737300148-back_camera1-37.jpg 22 1169.35 1166.41 386.21 619.98 1566.28 1092.87
6940737300148-back_camera1-33.jpg 22 1316.66 1158.87 668.24 569.62 1296.84 1178.49
6940737300148-back_camera1-4.jpg 22 1236.08 1286.03 423.98 693.01 1624.2 1186.04
6940737300148-back_camera1-39.jpg 22 1144.17 1151.3 378.66 680.41 1531.03 941.78
6940737300148-back_camera1-40.jpg 22 1169.53 1141.59 403.3 739.05 1532.46 805.08
6940737300148-back_camera1-6.jpg 22 1193.61 1295.57 386.36 658.89 1614.5 1273.36
6940737300148-back_camera1-7.jpg 22 1185.72 1304.65 421.47 665.31 1528.51 1278.69
6940737300148-back_camera1-8.jpg 22 1180.64 1304.65 471.74 665.31 1417.8 1278.69
6940737300148-back_camera2-10.jpg 22 1340.42 857.49 701.27 412.32 1278.31 890.34
6940737300148-back_camera2-11.jpg 22 1336.09 805.59 685.02 313.67 1302.14 983.84
6940737300148-back_camera2-12.jpg 22 1346.22 808.76 652.77 263.28 1386.91 1090.96
6940737300148-back_camera1-9.jpg 22 1183.12 1290.47 548.23 647.75 1269.77 1285.44
6940737300148-back_camera2-13.jpg 22 1340.42 811.66 617.95 199.45 1444.94 1224.43
6940737300148-back_camera2-14.jpg 22 1329.47 803.19 586.02 134.61 1486.9 1337.16
6940737300148-back_camera2-16.jpg 22 1306.59 801.29 590.18 93.69 1432.82 1415.19
6940737300148-back_camera2-1.jpg 22 1305.61 940.15 838.47 287.32 934.28 1305.67
6940737300148-back_camera2-18.jpg 22 1270.08 787.43 653.13 86.13 1233.89 1402.6
6940737300148-back_camera2-21.jpg 22 1236.09 789.96 774.01 151.61 924.16 1276.69
6940737300148-back_camera2-20.jpg 22 1252.44 794.99 776.52 171.75 951.85 1246.48
6940737300148-back_camera2-22.jpg 22 1227.26 802.54 680.83 118.87 1092.87 1367.35
6940737300148-back_camera2-23.jpg 22 1215.93 801.29 615.36 93.69 1201.15 1415.19
6940737300148-back_camera2-28.jpg 22 1164.32 855.43 469.31 247.3 1390.01 1216.26
6940737300148-back_camera2-27.jpg 22 1172.14 846.89 449.67 179.55 1444.94 1334.69
6940737300148-back_camera2-31.jpg 22 1195.8 900.75 557.45 443.71 1276.69 914.08
6940737300148-back_camera2-29.jpg 22 1177.94 873.01 513.5 347.84 1328.88 1050.34
6940737300148-back_camera2-34.jpg 22 1208.38 939.78 474.35 272.48 1468.07 1334.61
6940737300148-back_camera2-32.jpg 22 1198.25 921.92 501.89 361.93 1392.72 1119.98
6940737300148-back_camera2-36.jpg 22 1224.36 939.33 501.89 228.46 1444.94 1421.73
6940737300148-back_camera2-33.jpg 22 1199.57 927.19 486.94 322.84 1425.26 1208.7
6940737300148-back_camera2-35.jpg 22 1212.16 953.63 481.9 254.85 1460.52 1397.56
6940737300148-back_camera2-38.jpg 22 1233.07 962.53 594.74 251.67 1276.66 1421.73
6940737300148-back_camera2-37.jpg 22 1232.31 975.03 577.59 254.85 1309.43 1440.37
6940737300148-back_camera2-40.jpg 22 1257.48 951.12 779.04 310.25 956.89 1281.73
6940737300148-back_camera2-39.jpg 22 1252.45 975.03 700.98 292.62 1102.94 1364.83
6940737300148-back_camera2-4.jpg 22 1340.42 942.23 670.18 199.45 1340.49 1485.56
6940737300148-back_camera2-5.jpg 22 1348.14 932.23 650.62 194.41 1395.05 1475.63
6940737300148-back_camera2-8.jpg 22 1351.91 895.71 643.06 269.96 1417.71 1251.51
6940737300148-back_camera2-7.jpg 22 1357.83 916.12 617.95 228.46 1479.76 1375.31
6940737300148-back_camera3-10.jpg 22 1589.95 1439.21 896.5 1070.72 1386.91 736.98
6940737300148-back_camera3-11.jpg 22 1620.1 1437.11 887.32 1085.83 1465.55 702.56
6940737300148-back_camera3-12.jpg 22 1611.29 1442.15 834.44 1088.35 1553.69 707.6
6940737300148-back_camera3-15.jpg 22 1531.92 1433.41 652.77 1093.94 1758.3 678.95
6940737300148-back_camera3-13.jpg 22 1587.05 1445.01 763.03 1082.33 1648.05 725.37
6940737300148-back_camera3-17.jpg 22 1452.64 1398.09 632.99 1136.2 1639.31 523.77
6940737300148-back_camera3-16.jpg 22 1496.71 1419.48 648.1 1113.53 1697.22 611.91
6940737300148-back_camera3-18.jpg 22 1476.8 1395.69 629.56 1140.36 1694.47 510.66
6940737300148-back_camera3-20.jpg 22 1547.07 1365.35 723.64 1148.79 1646.86 433.12
6940737300148-back_camera3-1.jpg 22 1357.83 1407.3 478.68 1128.75 1758.3 557.09
6940737300148-back_camera3-22.jpg 22 1530.26 1405.34 699.61 1109.39 1661.31 591.9
6940737300148-back_camera3-25.jpg 22 1369.55 1432.08 582.63 1105.98 1573.83 652.2
6940737300148-back_camera3-26.jpg 22 1336.8 1434.6 587.66 1108.5 1498.29 652.2
6940737300148-back_camera3-29.jpg 22 1389.34 1444.31 750.18 1113.54 1278.31 661.54
6940737300148-back_camera3-28.jpg 22 1272.59 1448.44 658.17 1113.53 1228.85 669.82
6940737300148-back_camera3-27.jpg 22 1287.43 1444.17 601.78 1101.35 1371.31 685.65
6940737300148-back_camera3-2.jpg 22 1379.62 1442.14 534.78 1141.23 1689.67 601.83
6940737300148-back_camera3-31.jpg 22 1471.57 1440.87 819.18 1094.95 1304.77 691.84
6940737300148-back_camera3-33.jpg 22 1431.24 1433.34 680.83 1108.5 1500.81 649.68
6940737300148-back_camera3-36.jpg 22 1320.12 1404.39 507.7 1111.34 1624.84 586.1
6940737300148-back_camera3-32.jpg 22 1458.94 1440.89 753.86 1105.98 1410.16 669.82
6940737300148-back_camera3-37.jpg 22 1224.76 1384.24 406.36 1138.72 1636.79 491.04
6940737300148-back_camera3-34.jpg 22 1400.53 1427.72 606.1 1105.47 1588.87 644.49
6940737300148-back_camera3-38.jpg 22 1230.17 1384.08 391.64 1128.75 1677.06 510.66
6940737300148-back_camera3-39.jpg 22 1275.12 1366.61 403.84 1138.72 1742.55 455.78
6940737300148-back_camera3-3.jpg 22 1326.88 1455.34 443.01 1105.47 1767.75 699.73
6940737300148-back_camera3-40.jpg 22 1329.25 1380.45 466.79 1141.23 1724.92 478.45
6940737300148-back_camera3-6.jpg 22 1258.49 1488.23 437.75 1089.69 1641.48 797.07
6940737300148-back_camera3-7.jpg 22 1242.99 1488.63 469.29 1089.82 1547.4 797.63
6940737300148-back_camera3-4.jpg 22 1315.41 1482.44 449.17 1128.64 1732.48 707.6
6940737300148-back_camera3-9.jpg 22 1399.22 1450.08 669.24 1081.8 1459.97 736.56
6940737300148_camera0-15.jpg 22 1655.21 1226.13 790.92 1014.66 1728.58 422.95
6940737300148_camera0-14.jpg 22 1667.94 1219.3 826.89 1030.44 1682.11 377.72
6940737300148_camera0-18.jpg 22 1538.64 1218.59 669.24 1005.51 1738.81 426.15
6940737300148_camera0-16.jpg 22 1598.69 1223.07 726.16 1022.88 1745.07 400.38
6940737300148_camera0-17.jpg 22 1582.33 1225.59 716.09 1025.4 1732.48 400.38
6940737300148_camera0-21.jpg 22 1602.67 1202.49 712.11 1019.91 1781.12 365.16
6940737300148_camera0-20.jpg 22 1566.26 1210.7 685.02 1016.04 1762.49 389.33
6940737300148_camera0-23.jpg 22 1676.99 1208.04 838.88 1031.46 1676.23 353.15
6940737300148_camera0-1.jpg 22 1229.64 1198.56 365.35 1035.68 1728.58 325.75
6940737300148_camera0-27.jpg 22 1476.83 1227.8 677.13 1029.19 1599.39 397.22
6940737300148_camera0-28.jpg 22 1409.59 1232.7 651.69 1030.42 1515.79 404.56
6940737300148_camera0-24.jpg 22 1626.76 1204.12 784.98 1023.93 1683.57 360.39
6940737300148_camera0-25.jpg 22 1582.97 1216.94 751.52 1033.05 1662.91 367.78
6940737300148_camera0-29.jpg 22 1373.32 1233.14 690.91 1035.47 1364.83 395.35
6940737300148_camera0-31.jpg 22 1385.94 1236.64 764.65 1025.17 1242.58 422.95
6940737300148_camera0-2.jpg 22 1277.63 1195.38 401.32 1037.99 1752.62 314.77
6940737300148_camera0-30.jpg 22 1343.92 1237.96 727.88 1025.17 1232.08 425.58
6940737300148_camera0-32.jpg 22 1474.2 1223.85 853.38 1005.51 1241.63 436.68
6940737300148_camera0-34.jpg 22 1504.45 1230.42 811.29 1010.77 1386.32 439.31
6940737300148_camera0-35.jpg 22 1454.24 1222.2 696.35 1025.17 1515.79 394.05
6940737300148_camera0-39.jpg 22 1234.89 1199.86 391.62 1019.91 1686.55 359.9
6940737300148_camera0-3.jpg 22 1324.25 1194.92 456.16 1023.93 1736.18 341.98
6940737300148_camera0-36.jpg 22 1405.65 1215.63 617.54 1025.17 1576.22 380.92
6940737300148_camera0-40.jpg 22 1195.36 1194.92 356.2 1023.93 1678.31 341.98
6940737300148_camera0-4.jpg 22 1371.5 1194.61 533.48 1027.79 1676.04 333.63
6940737300148_camera0-6.jpg 22 1351.92 1202.93 527.23 1037.99 1649.38 329.88
6940737300148_camera0-5.jpg 22 1372.34 1204.19 519.3 1030.1 1706.08 348.18
6940737300148_camera0-7.jpg 22 1347.85 1201.17 554.49 1019.91 1586.72 362.53
6940737300148_camera0-9.jpg 22 1224.75 1205.44 429.02 1037.99 1591.46 334.91
6940737300148_camera1-10.jpg 22 1219.03 1290.93 595.58 658.28 1246.9 1265.31
6940737300148_camera1-14.jpg 22 1441.31 1283.51 673.28 625.02 1536.06 1316.98
6940737300148_camera1-12.jpg 22 1446.55 1282.8 787.92 632.61 1317.27 1300.38
6940737300148_camera1-11.jpg 22 1350.56 1265.94 721.85 637.23 1257.42 1257.42
6940737300148_camera1-13.jpg 22 1454.41 1284.09 738.16 625.58 1432.51 1317.01
6940737300148_camera1-17.jpg 22 1395.28 1258.05 561.38 629.34 1667.79 1257.42
6940737300148_camera1-1.jpg 22 1152.14 1155.21 367.97 770.35 1568.34 769.72
6940737300148_camera1-16.jpg 22 1422.42 1282.25 607.81 635.09 1629.23 1294.32
6940737300148_camera1-23.jpg 22 1455.57 1151.27 672.71 628.49 1565.71 1045.56
6940737300148_camera1-19.jpg 22 1378.36 1184.03 622.92 680.41 1510.88 1007.25
6940737300148_camera1-25.jpg 22 1376.87 1154.14 592.95 560.94 1567.83 1186.39
6940737300148_camera1-22.jpg 22 1472.88 1146.25 706.06 668.8 1533.63 954.9
6940737300148_camera1-27.jpg 22 1300.76 1152.39 579.64 537.67 1442.24 1229.45
6940737300148_camera1-29.jpg 22 1241.12 1122.35 650.62 551.99 1181.0 1140.71
6940737300148_camera1-32.jpg 22 1332.14 1101.53 750.78 550.42 1162.72 1102.21
6940737300148_camera1-35.jpg 22 1238.27 1128.74 485.06 544.42 1506.41 1168.65
6940737300148_camera1-39.jpg 22 1099.6 1117.14 322.0 664.51 1555.2 905.27
6940737300148_camera1-4.jpg 22 1184.46 1298.62 363.55 708.11 1641.82 1181.01
6940737300148_camera1-36.jpg 22 1177.47 1125.37 380.36 561.31 1594.23 1128.12
6940737300148_camera1-5.jpg 22 1167.35 1312.82 326.32 686.28 1682.05 1253.09
6940737300148_camera1-6.jpg 22 1156.8 1309.12 328.63 674.23 1656.34 1269.77
6940737300148_camera1-7.jpg 22 1137.45 1314.59 352.55 685.17 1569.81 1258.83
6940737300148_camera2-10.jpg 22 1378.18 876.61 716.59 374.17 1323.18 1004.88
6940737300148_camera2-11.jpg 22 1383.33 852.75 741.24 404.22 1284.18 897.06
6940737300148_camera2-12.jpg 22 1392.64 837.36 699.19 294.78 1386.91 1085.16
6940737300148_camera2-17.jpg 22 1315.71 770.24 623.06 31.99 1385.3 1476.5
6940737300148_camera2-20.jpg 22 1259.18 749.9 780.44 111.57 957.49 1276.66
6940737300148_camera2-21.jpg 22 1243.34 758.89 785.67 118.84 915.33 1280.11
6940737300148_camera2-32.jpg 22 1153.83 897.38 471.55 368.79 1364.55 1057.19
6940737300148_camera2-33.jpg 22 1162.28 929.47 437.78 304.61 1448.99 1249.71
6940737300148_camera2-35.jpg 22 1169.03 970.0 431.02 253.95 1476.01 1432.1
6940737300148_camera2-37.jpg 22 1195.35 992.38 501.89 252.5 1386.91 1479.76
6940737300148_camera2-34.jpg 22 1158.89 946.36 427.64 287.72 1462.5 1317.27
6940737300148_camera2-36.jpg 22 1187.61 997.02 478.31 264.08 1418.59 1465.88
6940737300148_camera2-4.jpg 22 1346.23 989.89 670.18 238.41 1352.1 1502.97
6940737300148_camera2-6.jpg 22 1380.12 961.56 640.43 240.44 1479.39 1442.24
6940737300148_camera2-5.jpg 22 1366.54 974.14 664.38 234.26 1404.32 1479.76
6940737300148_camera2-9.jpg 22 1388.57 902.45 684.34 311.37 1408.46 1182.16
6940737300148_camera3-13.jpg 22 1643.58 1471.58 751.89 1067.95 1783.38 807.25
6940737300148_camera3-12.jpg 22 1621.87 1462.01 809.45 1073.21 1624.84 777.6
6940737300148_camera2-8.jpg 22 1398.7 926.1 670.83 270.84 1455.75 1310.51
6940737300148_camera3-10.jpg 22 1504.54 1425.42 756.4 1069.08 1496.28 712.68
6940737300148_camera3-16.jpg 22 1504.92 1442.72 622.75 1090.97 1764.35 703.51
6940737300148_camera3-18.jpg 22 1524.42 1421.66 644.56 1119.37 1759.73 604.59
6940737300148_camera3-19.jpg 22 1561.01 1393.52 685.02 1134.41 1751.97 518.22
6940737300148_camera3-20.jpg 22 1613.16 1396.22 732.77 1154.98 1760.79 482.48
6940737300148_camera3-23.jpg 22 1535.68 1419.22 696.35 1117.11 1678.67 604.22
6940737300148_camera3-24.jpg 22 1484.71 1431.66 642.93 1100.21 1683.57 662.91
6940737300148_camera3-2.jpg 22 1324.78 1440.99 468.55 1150.51 1712.45 580.95
6940737300148_camera3-32.jpg 22 1468.93 1408.0 774.46 1079.17 1388.95 657.65
6940737300148_camera3-33.jpg 22 1403.02 1412.65 625.42 1090.84 1555.2 643.62
6940737300148_camera3-35.jpg 22 1325.91 1407.3 484.48 1105.54 1682.87 603.51
6940737300148_camera3-36.jpg 22 1234.89 1389.01 388.99 1124.99 1691.81 528.03
6940737300148_camera3-39.jpg 22 1212.93 1385.45 343.2 1179.41 1739.47 412.07
6940737300148_camera3-4.jpg 22 1257.17 1488.22 356.2 1092.32 1801.95 791.81
6940737300148_camera3-40.jpg 22 1256.37 1388.34 374.81 1175.55 1763.11 425.58
6940737300148_camera3-38.jpg 22 1182.36 1379.81 339.08 1151.26 1686.55 457.1
6940737300148_camera3-6.jpg 22 1201.12 1501.97 339.83 1101.73 1722.58 800.49
6940737300148_camera3-9.jpg 22 1358.17 1459.76 640.43 1074.71 1435.48 770.09
