6959619480205_camera0-12.jpg 35 1442.26 949.02 1222.63 750.01 439.26 398.03
6959619480205_camera0-11.jpg 35 1441.48 950.87 1216.31 744.83 450.35 412.07
6959619480205_camera0-16.jpg 35 1444.35 947.62 1220.39 745.59 447.92 404.07
6959619480205_camera0-13.jpg 35 1446.24 948.6 1228.19 749.58 436.09 398.03
6959619480205_camera0-15.jpg 35 1441.32 947.63 1221.66 739.82 439.31 415.63
6959619480205_camera0-19.jpg 35 1441.98 945.97 1227.27 745.76 429.42 400.41
6959619480205_camera0-20.jpg 35 1440.0 946.32 1211.14 742.45 457.72 407.74
6959619480205_camera0-18.jpg 35 1441.98 948.86 1215.66 751.56 452.63 394.6
6959619480205_camera0-24.jpg 35 1439.73 948.49 1219.31 751.85 440.84 393.27
6959619480205_camera0-25.jpg 35 1438.64 947.32 1216.72 745.96 443.84 402.71
6959619480205_camera0-36.jpg 35 1426.2 945.87 1204.25 740.32 443.91 411.1
6959619480205_camera0-34.jpg 35 1429.85 943.62 1216.19 739.2 427.31 408.85
6959619480205_camera0-37.jpg 35 1422.89 943.69 1197.98 731.93 449.83 423.52
6959619480205_camera1-12.jpg 35 1279.53 1066.02 1055.93 810.85 447.2 510.33
6959619480205_camera1-11.jpg 35 1276.86 1059.68 1063.2 807.78 427.31 503.8
6959619480205_camera1-14.jpg 35 1300.8 1059.71 1081.28 812.33 439.03 494.76
6959619480205_camera1-10.jpg 35 1271.64 1046.29 1050.67 795.07 441.94 502.44
6959619480205_camera1-15.jpg 35 1306.43 1055.01 1089.05 809.87 434.76 490.27
6959619480205_camera1-18.jpg 35 1322.94 1051.55 1090.13 795.07 465.61 512.96
6959619480205_camera1-17.jpg 35 1323.01 1053.09 1094.85 805.14 456.33 495.89
6959619480205_camera1-22.jpg 35 1345.43 1033.31 1115.95 789.32 458.96 487.98
6959619480205_camera1-1.jpg 35 1262.44 1009.46 1034.89 758.24 455.09 502.44
6959619480205_camera1-21.jpg 35 1344.12 1038.59 1118.59 789.32 451.05 498.53
6959619480205_camera1-23.jpg 35 1344.85 1029.22 1128.39 781.84 432.91 494.76
6959619480205_camera1-25.jpg 35 1349.38 1020.12 1126.5 773.49 445.77 493.25
6959619480205_camera1-26.jpg 35 1339.63 1017.17 1123.18 774.55 432.91 485.24
6959619480205_camera1-27.jpg 35 1338.85 1009.57 1110.68 765.58 456.33 487.98
6959619480205_camera1-28.jpg 35 1335.23 1008.05 1121.94 762.26 426.57 491.59
6959619480205_camera1-29.jpg 35 1334.78 1002.88 1113.81 760.87 441.94 484.03
6959619480205_camera1-31.jpg 35 1320.06 998.95 1101.96 753.83 436.19 490.24
6959619480205_camera1-33.jpg 35 1310.65 995.9 1095.12 755.39 431.06 481.02
6959619480205_camera1-30.jpg 35 1329.61 999.01 1108.04 749.75 443.14 498.53
6959619480205_camera1-34.jpg 35 1301.45 994.81 1084.73 749.97 433.44 489.68
6959619480205_camera1-39.jpg 35 1261.12 1008.14 1037.52 750.35 447.2 515.59
6959619480205_camera1-3.jpg 35 1258.43 1019.62 1040.06 773.13 436.75 492.99
6959619480205_camera1-36.jpg 35 1288.45 993.12 1074.77 749.84 427.36 486.57
6959619480205_camera1-6.jpg 35 1261.02 1033.3 1036.82 786.68 448.41 493.25
6959619480205_camera1-40.jpg 35 1266.27 1007.62 1050.61 767.37 431.33 480.49
6959619480205_camera1-38.jpg 35 1274.27 1006.83 1048.04 758.24 452.46 497.18
6959619480205_camera1-5.jpg 35 1260.07 1027.37 1036.18 782.25 447.77 490.24
6959619480205_camera1-4.jpg 35 1257.08 1020.12 1028.91 773.49 456.33 493.25
6959619480205_camera1-8.jpg 35 1271.58 1041.22 1050.01 794.59 443.14 493.25
6959619480205_camera2-11.jpg 35 1297.21 866.39 1099.78 667.38 394.86 398.03
6959619480205_camera2-14.jpg 35 1305.87 855.25 1097.49 652.15 416.76 406.21
6959619480205_camera2-15.jpg 35 1298.9 848.59 1095.92 647.99 405.96 401.2
6959619480205_camera2-12.jpg 35 1297.95 867.12 1092.21 665.34 411.48 403.57
6959619480205_camera2-10.jpg 35 1288.74 879.24 1076.98 674.06 423.52 410.37
6959619480205_camera2-17.jpg 35 1297.77 836.54 1098.84 635.09 397.87 402.9
6959619480205_camera2-16.jpg 35 1301.91 835.48 1094.85 628.42 414.12 414.12
6959619480205_camera2-13.jpg 35 1299.55 855.03 1101.33 656.02 396.44 398.03
6959619480205_camera2-19.jpg 35 1292.68 828.88 1094.85 625.78 395.66 406.21
6959619480205_camera2-20.jpg 35 1282.16 821.38 1076.98 613.56 410.37 415.63
6959619480205_camera2-21.jpg 35 1279.23 821.02 1082.6 624.39 393.27 393.27
6959619480205_camera2-1.jpg 35 1239.92 886.91 1036.82 678.53 406.21 416.76
6959619480205_camera2-22.jpg 35 1274.28 816.11 1071.72 603.03 405.11 426.15
6959619480205_camera2-23.jpg 35 1263.41 813.69 1063.61 616.6 399.61 394.18
6959619480205_camera2-24.jpg 35 1268.94 809.1 1057.92 596.76 422.04 424.67
6959619480205_camera2-28.jpg 35 1238.61 820.97 1031.55 617.86 414.12 406.21
6959619480205_camera2-27.jpg 35 1249.15 813.06 1036.82 602.04 424.67 422.04
6959619480205_camera2-31.jpg 35 1220.56 833.43 1022.34 633.63 396.44 399.61
6959619480205_camera2-32.jpg 35 1224.29 846.37 1021.73 624.08 405.11 444.57
6959619480205_camera2-2.jpg 35 1242.34 889.12 1044.58 687.28 395.53 403.69
6959619480205_camera2-30.jpg 35 1229.38 830.2 1018.36 617.86 422.04 424.67
6959619480205_camera2-35.jpg 35 1217.5 863.18 1005.17 660.07 424.67 406.21
6959619480205_camera2-34.jpg 35 1217.59 849.88 1017.78 650.87 399.61 398.03
6959619480205_camera2-39.jpg 35 1229.55 883.19 1021.73 671.43 415.63 423.52
6959619480205_camera2-3.jpg 35 1246.52 892.19 1042.1 694.36 408.85 395.66
6959619480205_camera2-5.jpg 35 1261.38 887.76 1063.61 688.64 395.53 398.25
6959619480205_camera2-38.jpg 35 1229.55 871.36 1024.37 660.91 410.37 420.89
6959619480205_camera2-40.jpg 35 1235.97 886.91 1028.91 678.53 414.12 416.76
6959619480205_camera2-7.jpg 35 1272.24 887.48 1074.02 683.71 396.44 407.54
6959619480205_camera2-6.jpg 35 1274.26 887.13 1063.82 681.95 420.89 410.37
6959619480205_camera3-12.jpg 35 1395.55 1293.12 1163.43 1047.81 464.24 490.62
6959619480205_camera3-10.jpg 35 1381.22 1298.25 1158.42 1063.56 445.6 469.39
6959619480205_camera2-9.jpg 35 1291.36 879.0 1084.3 675.89 414.12 406.21
6959619480205_camera3-11.jpg 35 1389.48 1297.84 1165.21 1064.73 448.54 466.21
6959619480205_camera2-8.jpg 35 1282.16 883.19 1071.72 671.43 420.89 423.52
6959619480205_camera3-13.jpg 35 1408.74 1301.03 1176.62 1061.0 464.24 480.06
6959619480205_camera3-14.jpg 35 1408.88 1298.2 1183.7 1061.92 450.36 472.56
6959619480205_camera3-15.jpg 35 1418.95 1292.24 1187.46 1047.6 462.98 489.29
6959619480205_camera3-16.jpg 35 1420.27 1296.19 1171.68 1052.86 497.18 486.66
6959619480205_camera3-21.jpg 35 1453.15 1286.98 1213.77 1047.6 478.77 478.77
6959619480205_camera3-26.jpg 35 1446.99 1275.98 1226.74 1031.99 440.5 487.98
6959619480205_camera3-24.jpg 35 1443.04 1273.34 1216.19 1026.71 453.69 493.25
6959619480205_camera3-28.jpg 35 1435.12 1279.93 1216.19 1045.18 437.86 469.51
6959619480205_camera3-29.jpg 35 1429.85 1274.66 1205.64 1045.18 448.41 458.96
6959619480205_camera3-2.jpg 35 1354.51 1280.4 1126.96 1044.97 455.09 470.87
6959619480205_camera3-30.jpg 35 1427.21 1268.06 1205.64 1029.35 443.14 477.43
6959619480205_camera3-31.jpg 35 1413.07 1264.67 1197.54 1037.12 431.06 455.11
6959619480205_camera3-33.jpg 35 1398.19 1268.07 1171.35 1031.99 453.69 472.15
6959619480205_camera3-35.jpg 35 1389.12 1269.48 1171.87 1044.3 434.5 450.36
6959619480205_camera3-38.jpg 35 1378.41 1277.3 1152.88 1042.54 451.05 469.51
6959619480205_camera3-37.jpg 35 1378.18 1265.94 1150.63 1029.19 455.09 473.5
6959619480205_camera3-39.jpg 35 1369.17 1273.34 1139.69 1039.9 458.96 466.88
6959619480205_camera3-3.jpg 35 1357.72 1282.35 1136.64 1052.94 442.16 458.81
6959619480205_camera3-5.jpg 35 1360.6 1286.93 1135.82 1055.67 449.56 462.51
6959619480205_camera3-8.jpg 35 1371.82 1291.81 1134.42 1045.18 474.79 493.25
6959619480205_camera3-6.jpg 35 1366.35 1288.59 1145.93 1057.86 440.84 461.46
6959619480205_camera3-9.jpg 35 1373.13 1290.49 1152.88 1039.9 440.5 501.17
