6950361040808-back_camera1-10.jpg 37 1349.4 1274.7 834.44 823.95 1029.92 901.49
6950361040808-back_camera1-11.jpg 37 1427.98 1266.85 909.14 791.36 1037.68 950.98
6950361040808-back_camera1-12.jpg 37 1453.14 1271.2 879.68 758.24 1146.93 1025.93
6950361040808-back_camera1-13.jpg 37 1460.82 1273.42 830.33 738.82 1260.97 1069.2
6950361040808-back_camera1-1.jpg 37 1195.49 1178.85 528.22 828.14 1334.53 701.42
6950361040808-back_camera1-29.jpg 37 1212.76 1089.38 710.8 564.21 1003.92 1050.34
6950361040808-back_camera1-2.jpg 37 1236.09 1225.6 580.11 851.65 1311.95 747.89
6950361040808-back_camera1-30.jpg 37 1213.76 1081.8 742.89 600.4 941.75 962.79
6950361040808-back_camera1-37.jpg 37 1146.69 1159.4 453.53 645.12 1386.32 1028.56
6950361040808-back_camera1-39.jpg 37 1106.16 1160.47 454.66 725.69 1303.01 869.55
6950361040808-back_camera2-13.jpg 37 1363.63 779.75 739.81 245.87 1247.64 1067.75
6950361040808-back_camera1-9.jpg 37 1239.86 1279.74 728.68 811.36 1022.36 936.75
6950361040808-back_camera1-7.jpg 37 1205.99 1306.26 538.73 775.6 1334.53 1061.32
6950361040808-back_camera1-40.jpg 37 1132.84 1155.08 479.38 776.1 1306.91 757.96
6950361040808-back_camera1-8.jpg 37 1208.62 1304.95 586.02 783.48 1245.21 1042.93
6950361040808-back_camera2-15.jpg 37 1333.78 766.61 700.67 143.08 1266.23 1247.05
6950361040808-back_camera2-27.jpg 37 1140.32 854.41 517.71 289.6 1245.21 1129.62
6950361040808-back_camera2-31.jpg 37 1166.34 921.92 612.15 512.81 1108.37 818.22
6950361040808-back_camera2-34.jpg 37 1194.03 980.53 556.12 387.33 1275.83 1186.39
6950361040808-back_camera2-33.jpg 37 1183.74 971.24 554.12 419.96 1259.25 1102.57
6950361040808-back_camera2-38.jpg 37 1248.03 1002.84 709.49 384.17 1077.08 1237.33
6950361040808-back_camera2-39.jpg 37 1269.05 996.27 804.06 420.95 929.97 1150.64
6950361040808-back_camera2-36.jpg 37 1217.19 998.96 605.29 375.72 1223.81 1246.48
6950361040808-back_camera2-35.jpg 37 1208.62 994.95 575.51 376.29 1266.23 1237.33
6950361040808-back_camera2-3.jpg 37 1361.99 959.93 829.4 342.98 1065.17 1233.89
6950361040808-back_camera3-16.jpg 37 1408.58 1393.05 716.09 1146.27 1384.97 493.55
