6953787800124-back_camera1-13.jpg 40 1315.75 1173.88 1022.83 926.5 585.83 494.76
6953787800124-back_camera1-10.jpg 40 1317.23 1167.61 1113.52 949.41 407.43 436.39
6953787800124-back_camera1-16.jpg 40 1299.23 1156.49 994.29 935.7 609.89 441.57
6953787800124-back_camera1-14.jpg 40 1309.16 1168.99 1003.7 921.71 610.93 494.56
6953787800124-back_camera1-19.jpg 40 1311.98 1136.7 1041.11 986.41 541.75 300.58
6953787800124-back_camera1-22.jpg 40 1311.35 1136.48 1001.73 942.71 619.24 387.54
6953787800124-back_camera1-21.jpg 40 1315.31 1138.42 1020.36 962.4 589.9 352.04
6953787800124-back_camera1-24.jpg 40 1296.07 1139.85 986.97 919.84 618.2 440.01
6953787800124-back_camera1-23.jpg 40 1302.19 1138.03 992.2 929.46 619.98 417.14
6953787800124-back_camera1-26.jpg 40 1282.98 1138.32 1005.27 913.74 555.43 449.16
6953787800124-back_camera1-34.jpg 40 1285.3 1162.59 985.59 924.04 599.42 477.09
6953787800124-back_camera1-2.jpg 40 1281.84 1158.41 976.89 940.22 609.89 436.38
6953787800124-back_camera1-33.jpg 40 1287.34 1159.19 995.78 917.93 583.11 482.53
6953787800124-back_camera1-3.jpg 40 1280.89 1161.87 969.2 923.94 623.39 475.86
6953787800124-back_camera1-7.jpg 40 1281.04 1161.88 1016.09 909.93 529.89 503.91
6953787800124-back_camera2-14.jpg 40 1274.15 856.38 999.41 586.98 549.48 538.79
6953787800124-back_camera2-13.jpg 40 1278.58 857.35 1000.46 599.21 556.23 516.28
6953787800124-back_camera2-22.jpg 40 1255.27 859.03 1017.3 583.1 475.95 551.86
6953787800124-back_camera2-23.jpg 40 1252.76 862.83 992.49 582.31 520.53 561.05
6953787800124-back_camera2-17.jpg 40 1263.24 857.61 1034.77 592.78 456.95 529.66
6953787800124-back_camera2-16.jpg 40 1266.64 855.54 1018.32 583.32 496.64 544.43
6953787800124-back_camera2-18.jpg 40 1260.7 856.5 1055.46 605.73 410.49 501.55
6953787800124-back_camera2-27.jpg 40 1250.85 871.48 982.57 639.18 536.55 464.6
6953787800124-back_camera2-29.jpg 40 1252.1 875.89 1016.55 705.45 471.09 340.89
6953787800124-back_camera2-26.jpg 40 1250.95 868.03 977.07 616.57 547.77 502.91
6953787800124-back_camera2-28.jpg 40 1251.92 876.32 1004.12 682.55 495.6 387.54
6953787800124-back_camera2-30.jpg 40 1250.34 879.03 993.74 677.25 513.2 403.56
6953787800124-back_camera2-31.jpg 40 1252.54 879.61 988.85 664.17 527.38 430.87
6953787800124-back_camera2-37.jpg 40 1265.92 884.18 1045.06 621.47 441.72 525.43
6953787800124-back_camera2-34.jpg 40 1257.98 879.61 979.34 609.8 557.28 539.61
6953787800124-back_camera2-2.jpg 40 1276.52 884.37 1040.6 612.33 471.85 544.08
6953787800124-back_camera2-36.jpg 40 1262.17 882.32 1011.16 607.97 502.03 548.7
6953787800124-back_camera2-35.jpg 40 1259.34 882.33 990.21 604.37 538.25 555.92
6953787800124-back_camera2-33.jpg 40 1255.82 885.75 976.42 623.32 558.8 524.86
6953787800124-back_camera2-3.jpg 40 1274.97 883.58 1014.11 600.52 521.72 566.12
6953787800124-back_camera2-40.jpg 40 1275.23 884.92 1079.09 632.07 392.28 505.69
6953787800124-back_camera2-5.jpg 40 1277.03 876.66 1000.66 612.41 552.74 528.5
6953787800124-back_camera2-7.jpg 40 1275.36 872.72 1004.48 637.96 541.75 469.52
6953787800124-back_camera2-9.jpg 40 1275.68 863.83 1037.3 685.79 476.77 356.08
6953787800124-back_camera3-13.jpg 40 1428.57 1377.22 1116.33 1235.09 624.47 284.27
6953787800124_camera2-10.jpg 40 1307.16 858.47 1069.23 680.81 475.86 355.33
6953787800124_camera2-5.jpg 40 1303.4 897.09 1019.01 630.67 568.78 532.83
6953787800124_camera3-27.jpg 40 1385.62 1389.62 1138.05 1257.81 495.15 263.61
