6901845042993-back_camera0-14.jpg 62 1451.24 1257.49 1118.9 1142.24 664.67 230.51
6901845042993-back_camera1-13.jpg 62 1294.08 1160.59 993.69 838.45 600.78 644.27
6901845042993-back_camera1-15.jpg 62 1288.22 1154.03 925.48 842.2 725.48 623.65
6901845042993-back_camera0-9.jpg 62 1371.91 1252.98 1048.87 1137.83 646.08 230.31
6901845042993-back_camera1-18.jpg 62 1275.82 1139.88 900.05 880.48 751.54 518.8
6901845042993-back_camera1-1.jpg 62 1248.06 1136.02 890.47 925.11 715.18 421.81
6901845042993-back_camera1-17.jpg 62 1281.67 1144.37 901.4 859.16 760.54 570.41
6901845042993-back_camera1-20.jpg 62 1280.74 1120.08 928.91 938.36 703.66 363.44
6901845042993-back_camera1-26.jpg 62 1254.22 1129.11 906.41 816.45 695.62 625.32
6901845042993-back_camera1-29.jpg 62 1238.88 1122.75 982.51 814.86 512.74 615.78
6901845042993-back_camera1-2.jpg 62 1250.89 1140.48 879.12 902.96 743.54 475.04
6901845042993-back_camera1-30.jpg 62 1238.81 1121.35 1033.45 834.59 410.71 573.52
6901845042993-back_camera1-28.jpg 62 1243.7 1129.02 948.54 815.68 590.32 626.68
6901845042993-back_camera1-31.jpg 62 1273.12 1124.97 1050.7 832.66 444.85 584.62
6901845042993-back_camera1-33.jpg 62 1269.16 1130.05 964.18 815.41 609.96 629.27
6901845042993-back_camera1-32.jpg 62 1267.89 1129.22 1002.73 821.64 530.32 615.17
6901845042993-back_camera1-35.jpg 62 1254.12 1135.38 898.01 827.51 712.23 615.73
6901845042993-back_camera1-34.jpg 62 1264.11 1129.81 919.73 816.74 688.75 626.14
6901845042993-back_camera1-37.jpg 62 1236.42 1136.51 856.41 858.93 760.02 555.17
6901845042993-back_camera1-3.jpg 62 1243.82 1146.21 863.56 889.41 760.51 513.61
6901845042993-back_camera1-40.jpg 62 1226.38 1124.44 871.04 937.42 710.67 374.04
6901845042993-back_camera1-39.jpg 62 1224.36 1129.8 857.64 905.81 733.43 447.97
6901845042993-back_camera1-7.jpg 62 1232.6 1164.09 896.35 835.5 672.5 657.17
6901845042993-back_camera1-6.jpg 62 1232.94 1162.64 876.21 845.41 713.46 634.46
6901845042993-back_camera1-8.jpg 62 1235.97 1165.43 934.45 845.0 603.03 640.87
6901845042993-back_camera2-15.jpg 62 1274.2 848.38 943.28 530.19 661.84 636.38
6901845042993-back_camera2-18.jpg 62 1274.54 845.07 994.27 497.71 560.54 694.71
6901845042993-back_camera2-16.jpg 62 1278.48 849.13 963.05 516.12 630.87 666.02
6901845042993-back_camera2-24.jpg 62 1254.93 851.75 960.62 511.61 588.62 680.29
6901845042993-back_camera2-26.jpg 62 1256.64 855.5 910.78 530.51 691.73 649.99
6901845042993-back_camera2-23.jpg 62 1256.53 847.44 988.54 505.21 535.97 684.46
6901845042993-back_camera2-27.jpg 62 1249.43 858.29 912.45 565.71 673.95 585.15
6901845042993-back_camera2-28.jpg 62 1244.02 859.51 903.36 589.88 681.32 539.27
6901845042993-back_camera2-29.jpg 62 1244.72 862.96 904.82 619.96 679.8 486.0
6901845042993-back_camera2-33.jpg 62 1250.1 876.4 912.16 613.01 675.88 526.79
6901845042993-back_camera2-2.jpg 62 1279.01 886.81 1036.01 551.38 486.0 670.86
6901845042993-back_camera2-35.jpg 62 1251.4 876.28 912.75 553.25 677.3 646.06
6901845042993-back_camera2-36.jpg 62 1255.94 885.73 938.56 554.08 634.76 663.3
6901845042993-back_camera2-38.jpg 62 1262.61 882.34 991.28 536.47 542.65 691.73
6901845042993-back_camera2-3.jpg 62 1279.87 881.29 1019.01 541.81 521.72 678.97
6901845042993-back_camera2-5.jpg 62 1285.51 880.9 968.74 548.57 633.55 664.67
6901845042993-back_camera2-6.jpg 62 1286.46 880.85 949.54 551.38 673.84 658.93
6901845042993-back_camera2-8.jpg 62 1290.93 867.42 943.58 593.12 694.71 548.61
6901845042993-back_camera2-7.jpg 62 1285.4 875.17 949.22 579.43 672.36 591.49
6901845042993-back_camera3-13.jpg 62 1421.55 1417.28 1064.56 1202.75 713.98 429.05
6901845042993-back_camera3-17.jpg 62 1397.8 1412.0 994.76 1242.3 806.08 339.4
6901845042993-back_camera3-15.jpg 62 1410.7 1424.62 1011.77 1233.65 797.87 381.94
6901845042993-back_camera3-20.jpg 62 1424.01 1400.63 1040.37 1259.42 767.29 282.43
6901845042993-back_camera3-21.jpg 62 1414.77 1402.93 1023.08 1253.87 783.37 298.12
6901845042993-back_camera3-19.jpg 62 1398.36 1394.09 1021.49 1252.45 753.74 283.27
6901845042993-back_camera3-1.jpg 62 1367.5 1415.2 968.49 1254.77 798.02 320.87
6901845042993-back_camera3-24.jpg 62 1378.09 1410.12 989.58 1226.17 777.02 367.9
6901845042993-back_camera3-25.jpg 62 1360.26 1411.47 994.99 1219.31 730.55 384.33
6901845042993-back_camera3-22.jpg 62 1399.6 1406.74 994.43 1237.04 810.33 339.4
6901845042993-back_camera3-23.jpg 62 1386.35 1404.12 982.34 1225.22 808.01 357.79
6901845042993-back_camera3-30.jpg 62 1399.2 1407.33 1155.68 1224.28 487.03 366.1
6901845042993-back_camera3-2.jpg 62 1361.08 1407.99 955.97 1239.63 810.22 336.71
6901845042993-back_camera3-31.jpg 62 1398.36 1410.51 1111.34 1222.46 574.03 376.09
6901845042993-back_camera3-34.jpg 62 1380.49 1411.18 998.06 1221.48 764.87 379.4
6901845042993-back_camera3-36.jpg 62 1356.38 1411.29 954.77 1237.83 803.23 346.92
6901845042993_camera0-27.jpg 62 1372.17 1086.33 1016.17 970.57 712.01 231.52
6901845042993_camera0-28.jpg 62 1373.31 1086.88 1051.91 967.08 642.79 239.61
6901845042993_camera0-26.jpg 62 1370.91 1083.46 983.85 968.39 774.12 230.14
6901845042993_camera1-15.jpg 62 1237.44 1190.97 882.31 860.83 710.26 660.28
6901845042993_camera1-18.jpg 62 1256.43 1183.92 873.57 915.31 765.72 537.22
6901845042993_camera1-13.jpg 62 1227.48 1175.18 938.87 844.86 577.22 660.65
6901845042993_camera1-17.jpg 62 1251.64 1190.9 862.17 890.75 778.95 600.3
6901845042993_camera1-14.jpg 62 1240.73 1188.92 914.76 858.71 651.94 660.42
6901845042993_camera1-19.jpg 62 1258.48 1168.61 879.68 921.33 757.61 494.55
6901845042993_camera1-1.jpg 62 1228.23 1087.06 882.31 900.29 691.84 373.54
6901845042993_camera1-26.jpg 62 1307.15 1158.09 945.45 845.05 723.41 626.08
6901845042993_camera1-27.jpg 62 1303.06 1155.96 967.67 837.22 670.78 637.48
6901845042993_camera1-30.jpg 62 1298.96 1127.38 1074.5 830.02 448.93 594.71
6901845042993_camera1-28.jpg 62 1302.52 1147.04 996.23 827.99 612.58 638.1
6901845042993_camera1-2.jpg 62 1229.55 1088.38 879.68 868.72 699.73 439.31
6901845042993_camera1-33.jpg 62 1321.87 1114.9 1036.4 807.62 570.93 614.56
6901845042993_camera1-34.jpg 62 1309.73 1109.97 991.67 803.51 636.13 612.93
6901845042993_camera1-39.jpg 62 1234.93 1086.1 874.99 865.24 719.88 441.72
6901845042993_camera1-37.jpg 62 1272.79 1091.22 900.05 816.06 745.48 550.32
6901845042993_camera1-6.jpg 62 1182.2 1119.94 819.18 813.48 726.04 612.93
6901845042993_camera1-4.jpg 62 1208.05 1109.54 834.05 847.0 748.01 525.07
6901845042993_camera1-3.jpg 62 1221.84 1096.6 853.95 861.44 735.78 470.32
6901845042993_camera1-7.jpg 62 1179.97 1132.35 836.92 820.22 686.1 624.25
6901845042993_camera1-9.jpg 62 1174.39 1154.85 890.99 840.87 566.8 627.96
6901845042993_camera2-15.jpg 62 1318.74 891.59 977.22 582.59 683.05 618.0
6901845042993_camera2-16.jpg 62 1321.59 883.19 990.86 554.88 661.46 656.63
6901845042993_camera2-14.jpg 62 1314.39 899.0 975.51 616.38 677.76 565.25
6901845042993_camera2-26.jpg 62 1285.85 817.09 956.57 490.87 658.55 652.43
6901845042993_camera2-24.jpg 62 1304.62 822.38 1021.25 484.84 566.74 675.09
6901845042993_camera2-25.jpg 62 1295.21 816.28 984.55 479.13 621.32 674.3
6901845042993_camera2-23.jpg 62 1306.67 825.92 1048.19 490.53 516.96 670.78
6901845042993_camera2-29.jpg 62 1258.14 812.27 922.71 563.31 670.86 497.93
6901845042993_camera2-32.jpg 62 1233.12 820.05 905.05 587.81 656.14 464.49
6901845042993_camera2-33.jpg 62 1231.19 823.12 898.77 572.84 664.84 500.56
6901845042993_camera2-30.jpg 62 1251.04 813.62 934.68 607.34 632.72 412.56
6901845042993_camera2-28.jpg 62 1268.58 815.25 919.73 524.55 697.69 581.41
6901845042993_camera2-27.jpg 62 1273.05 812.27 925.69 494.73 694.71 635.08
6901845042993_camera2-34.jpg 62 1219.89 833.51 880.41 552.3 678.97 562.42
6901845042993_camera2-6.jpg 62 1250.93 920.3 927.07 588.16 647.72 664.29
6901845042993_camera3-17.jpg 62 1376.66 1444.37 965.95 1264.38 821.43 359.97
6901845042993_camera3-19.jpg 62 1383.49 1431.19 990.3 1281.09 786.38 300.21
6901845042993_camera3-18.jpg 62 1378.49 1433.84 976.77 1273.98 803.44 319.72
6901845042993_camera3-36.jpg 62 1390.5 1394.39 997.74 1222.5 785.52 343.79
