6921168509256_camera0-14.jpg 71 1431.62 804.47 1270.9 278.98 321.45 1050.97
6921168509256_camera0-33.jpg 71 1392.17 805.42 1242.03 294.37 300.28 1022.1
6921168509256_camera0-36.jpg 71 1381.04 813.9 1224.36 290.14 313.36 1047.52
6921168509256_camera1-18.jpg 71 1299.81 789.28 1131.52 322.14 336.57 934.28
6921168509256_camera1-19.jpg 71 1305.33 779.88 1144.17 322.84 322.32 914.08
6921168509256_camera1-16.jpg 71 1299.13 793.56 1134.56 327.74 329.15 931.63
6921168509256_camera1-1.jpg 71 1234.81 791.12 1074.35 326.82 320.93 928.6
6921168509256_camera1-17.jpg 71 1306.59 788.69 1146.69 332.91 319.8 911.56
6921168509256_camera1-24.jpg 71 1294.0 765.64 1127.82 305.28 332.36 920.72
6921168509256_camera1-29.jpg 71 1262.52 759.74 1103.88 297.66 317.28 924.16
6921168509256_camera1-32.jpg 71 1256.29 774.78 1090.9 298.93 330.77 951.69
6921168509256_camera1-39.jpg 71 1240.11 784.25 1076.49 327.1 327.23 914.31
6921168509256_camera1-40.jpg 71 1233.07 795.09 1061.88 322.14 342.38 945.89
6921168509256_camera1-9.jpg 71 1272.6 805.06 1111.44 342.98 322.32 924.16
6921168509256_camera1-8.jpg 71 1264.16 805.43 1099.59 338.65 329.15 933.56
6921168509256_camera3-10.jpg 71 1392.65 983.68 1235.97 438.2 313.36 1090.96
6921168509256_camera3-12.jpg 71 1402.28 973.78 1252.45 443.71 299.66 1060.13
6921168509256_camera3-11.jpg 71 1395.56 980.78 1230.17 438.2 330.77 1085.16
6921168509256_camera3-16.jpg 71 1407.57 973.85 1253.58 446.44 307.98 1054.82
6921168509256_camera3-18.jpg 71 1411.1 970.0 1260.01 448.75 302.18 1042.51
6921168509256_camera3-15.jpg 71 1408.42 977.89 1242.7 439.94 331.45 1075.91
6921168509256_camera3-19.jpg 71 1408.58 968.75 1257.49 446.23 302.18 1045.03
6921168509256_camera3-17.jpg 71 1411.42 971.92 1257.43 448.36 307.98 1047.12
6921168509256_camera3-21.jpg 71 1404.26 972.07 1241.77 444.0 324.97 1056.14
6921168509256_camera3-22.jpg 71 1403.54 967.48 1257.49 441.19 292.1 1052.58
6921168509256_camera3-1.jpg 71 1351.87 981.84 1195.35 447.83 313.04 1068.02
6921168509256_camera3-23.jpg 71 1400.29 964.38 1245.34 443.39 309.9 1041.99
6921168509256_camera3-20.jpg 71 1407.16 974.97 1253.38 449.8 307.56 1050.34
6921168509256_camera3-29.jpg 71 1368.28 966.22 1222.23 451.26 292.1 1029.92
6921168509256_camera3-24.jpg 71 1395.11 966.26 1242.08 447.51 306.05 1037.5
6921168509256_camera3-28.jpg 71 1371.61 970.0 1211.14 453.09 320.93 1033.82
6921168509256_camera3-35.jpg 71 1347.9 968.08 1197.76 446.44 300.28 1043.27
6921168509256_camera3-37.jpg 71 1345.01 974.81 1193.91 448.36 302.2 1052.9
6921168509256_camera3-3.jpg 71 1357.13 980.53 1195.35 442.57 323.56 1075.91
6921168509256_camera3-8.jpg 71 1380.81 981.84 1213.77 450.46 334.08 1062.76
6921168509256_camera3-9.jpg 71 1386.84 989.48 1224.36 449.8 324.97 1079.36
