6901285991219_camera0-11.jpg 72 1392.25 803.63 1225.88 273.09 332.73 1061.08
6901285991219_camera0-12.jpg 72 1397.95 809.32 1237.76 279.52 320.39 1059.6
6901285991219_camera0-13.jpg 72 1403.54 807.58 1244.9 282.55 317.28 1050.06
6901285991219_camera0-15.jpg 72 1414.18 807.91 1254.79 284.41 318.79 1047.01
6901285991219_camera0-17.jpg 72 1432.99 810.8 1269.35 287.15 327.28 1047.3
6901285991219_camera0-20.jpg 72 1438.05 811.19 1279.79 290.08 316.53 1042.23
6901285991219_camera0-18.jpg 72 1432.11 806.07 1273.79 280.58 316.64 1050.97
6901285991219_camera0-22.jpg 72 1443.83 811.36 1287.7 292.62 312.25 1037.47
6901285991219_camera0-23.jpg 72 1446.57 810.86 1287.42 300.52 318.3 1020.67
6901285991219_camera0-24.jpg 72 1445.0 813.33 1290.3 300.76 309.41 1025.13
6901285991219_camera0-25.jpg 72 1450.12 811.36 1292.74 292.62 314.77 1037.47
6901285991219_camera0-28.jpg 72 1441.31 814.8 1284.79 308.41 313.04 1012.77
6901285991219_camera0-27.jpg 72 1440.05 813.87 1290.22 302.69 299.66 1022.36
6901285991219_camera0-29.jpg 72 1427.18 813.67 1274.98 304.96 304.4 1017.42
6901285991219_camera0-31.jpg 72 1418.96 809.53 1266.38 305.78 305.15 1007.51
6901285991219_camera0-30.jpg 72 1429.99 813.88 1285.19 305.21 289.59 1017.33
6901285991219_camera0-33.jpg 72 1408.41 816.14 1255.27 304.07 306.29 1024.15
6901285991219_camera0-34.jpg 72 1399.23 812.17 1250.6 303.15 297.26 1018.04
6901285991219_camera0-37.jpg 72 1390.25 813.12 1238.18 305.92 304.13 1014.4
6901285991219_camera0-36.jpg 72 1393.46 811.36 1247.41 302.69 292.1 1017.33
6901285991219_camera0-3.jpg 72 1365.03 799.01 1208.51 289.99 313.04 1018.04
6901285991219_camera0-38.jpg 72 1381.31 810.97 1229.99 305.04 302.64 1011.85
6901285991219_camera0-39.jpg 72 1373.73 807.19 1222.14 296.3 303.17 1021.78
6901285991219_camera0-4.jpg 72 1361.99 808.84 1212.16 290.1 299.66 1037.47
6901285991219_camera0-8.jpg 72 1377.1 807.59 1224.75 285.07 304.69 1045.03
6901285991219_camera0-6.jpg 72 1370.29 809.53 1216.4 284.73 307.78 1049.6
6901285991219_camera0-7.jpg 72 1368.29 805.07 1217.2 282.55 302.18 1045.03
6901285991219_camera0-9.jpg 72 1387.38 805.59 1234.81 284.73 305.15 1041.71
6901285991219_camera1-18.jpg 72 1298.95 803.37 1135.61 338.1 326.68 930.53
6901285991219_camera1-15.jpg 72 1291.37 804.28 1129.59 339.98 323.56 928.6
6901285991219_camera1-19.jpg 72 1305.84 801.64 1148.0 332.08 315.67 939.12
6901285991219_camera1-1.jpg 72 1222.78 776.55 1066.87 317.47 311.83 918.16
6901285991219_camera1-21.jpg 72 1305.83 795.07 1140.11 324.19 331.45 941.75
6901285991219_camera1-24.jpg 72 1307.47 774.62 1150.28 305.28 314.39 938.69
6901285991219_camera1-25.jpg 72 1305.34 764.77 1151.73 295.14 307.21 939.26
6901285991219_camera1-26.jpg 72 1301.56 766.04 1149.21 300.18 304.69 931.71
6901285991219_camera1-27.jpg 72 1296.52 758.48 1139.13 292.62 314.77 931.71
6901285991219_camera1-28.jpg 72 1290.05 758.25 1134.85 292.63 310.41 931.23
6901285991219_camera1-30.jpg 72 1278.88 757.22 1126.54 295.14 304.69 924.16
6901285991219_camera1-32.jpg 72 1263.74 762.19 1108.54 292.63 310.41 939.12
6901285991219_camera1-33.jpg 72 1257.17 751.66 1100.65 292.63 313.04 918.07
6901285991219_camera1-34.jpg 72 1253.7 755.96 1098.84 297.66 309.73 916.6
6901285991219_camera1-35.jpg 72 1254.54 758.25 1098.02 292.63 313.04 931.23
6901285991219_camera1-3.jpg 72 1216.39 791.12 1058.56 332.08 315.67 918.07
6901285991219_camera1-4.jpg 72 1223.74 796.76 1064.94 336.72 317.6 920.08
6901285991219_camera1-5.jpg 72 1223.49 801.28 1066.11 342.98 314.77 916.6
6901285991219_camera1-6.jpg 72 1223.5 795.0 1068.63 327.88 309.73 934.23
6901285991219_camera1-9.jpg 72 1248.77 810.24 1089.97 344.42 317.6 931.63
6901285991219_camera1-8.jpg 72 1241.39 804.28 1082.24 342.61 318.3 923.33
6901285991219_camera3-16.jpg 72 1406.29 982.35 1244.6 451.25 323.38 1062.2
6901285991219_camera3-14.jpg 72 1392.2 983.86 1239.86 448.75 304.69 1070.21
6901285991219_camera3-15.jpg 72 1400.66 982.36 1240.1 449.01 321.13 1066.69
6901285991219_camera3-11.jpg 72 1379.62 982.6 1224.75 448.75 309.73 1067.69
6901285991219_camera3-12.jpg 72 1380.62 980.72 1223.06 450.29 315.13 1060.87
6901285991219_camera3-13.jpg 72 1388.42 981.33 1234.82 451.26 307.21 1060.13
6901285991219_camera3-18.jpg 72 1411.1 982.59 1260.01 453.78 302.18 1057.62
6901285991219_camera3-1.jpg 72 1329.52 983.15 1166.42 450.46 326.19 1065.39
6901285991219_camera3-21.jpg 72 1419.9 980.07 1262.52 453.78 314.77 1052.58
6901285991219_camera3-20.jpg 72 1417.64 980.52 1258.49 455.72 318.3 1049.6
6901285991219_camera3-23.jpg 72 1417.39 975.03 1267.56 451.26 299.66 1047.54
6901285991219_camera3-24.jpg 72 1417.24 974.12 1269.99 453.44 294.5 1041.35
6901285991219_camera3-25.jpg 72 1416.32 973.94 1261.12 447.83 310.41 1052.23
6901285991219_camera3-22.jpg 72 1414.87 971.26 1267.56 446.23 294.62 1050.06
6901285991219_camera3-26.jpg 72 1411.07 979.21 1253.23 455.72 315.67 1046.97
6901285991219_camera3-27.jpg 72 1400.83 969.99 1253.58 452.21 294.5 1035.57
6901285991219_camera3-30.jpg 72 1382.13 971.26 1234.82 456.3 294.62 1029.92
6901285991219_camera3-31.jpg 72 1378.18 970.0 1224.29 450.46 307.78 1039.08
6901285991219_camera3-2.jpg 72 1335.55 973.77 1186.98 451.26 297.14 1045.03
6901285991219_camera3-32.jpg 72 1370.8 968.74 1224.75 456.3 292.1 1024.88
6901285991219_camera3-36.jpg 72 1350.66 963.71 1204.61 448.75 292.1 1029.92
6901285991219_camera3-37.jpg 72 1348.14 970.0 1197.05 453.78 302.18 1032.44
6901285991219_camera3-3.jpg 72 1336.37 979.03 1183.75 452.72 305.23 1052.62
6901285991219_camera3-4.jpg 72 1334.78 977.89 1176.94 450.46 315.67 1054.86
6901285991219_camera3-40.jpg 72 1338.72 970.0 1184.83 450.46 307.78 1039.08
6901285991219_camera3-9.jpg 72 1359.76 981.84 1197.98 445.2 323.56 1073.28
6901285991219_camera3-8.jpg 72 1355.78 983.47 1198.62 455.74 314.33 1055.46
