6928804010220_camera0-11.jpg 78 1424.22 764.82 1276.9 205.82 294.63 1118.0
6928804010220_camera0-12.jpg 78 1434.74 763.5 1282.16 208.45 305.15 1110.11
6928804010220_camera0-10.jpg 78 1420.1 769.03 1269.04 195.03 302.11 1148.01
6928804010220_camera0-13.jpg 78 1440.05 764.77 1290.22 204.49 299.66 1120.57
6928804010220_camera0-17.jpg 78 1450.3 769.03 1295.31 208.16 309.99 1121.74
6928804010220_camera0-18.jpg 78 1453.9 769.81 1307.85 217.08 292.1 1105.46
6928804010220_camera0-16.jpg 78 1450.52 767.44 1295.32 200.55 310.41 1133.78
6928804010220_camera0-1.jpg 78 1360.32 771.87 1211.1 204.83 298.44 1134.07
6928804010220_camera0-19.jpg 78 1455.16 766.03 1307.85 214.56 294.62 1102.94
6928804010220_camera0-26.jpg 78 1413.69 771.39 1253.23 226.86 320.93 1089.06
6928804010220_camera0-22.jpg 78 1447.61 773.58 1300.3 227.15 294.62 1092.87
6928804010220_camera0-23.jpg 78 1438.68 768.76 1284.79 224.23 307.78 1089.06
6928804010220_camera0-25.jpg 78 1427.47 775.61 1273.69 224.32 307.56 1102.57
6928804010220_camera0-21.jpg 78 1447.88 764.82 1292.68 211.08 310.41 1107.47
6928804010220_camera0-24.jpg 78 1433.23 771.65 1284.81 223.92 296.85 1095.47
6928804010220_camera0-27.jpg 78 1414.88 772.32 1272.6 227.15 284.55 1090.35
6928804010220_camera0-28.jpg 78 1404.49 771.39 1255.86 224.23 297.26 1094.32
6928804010220_camera0-29.jpg 78 1402.0 769.8 1256.28 230.12 291.44 1079.36
6928804010220_camera0-2.jpg 78 1362.4 762.19 1205.88 205.82 313.04 1112.74
6928804010220_camera0-30.jpg 78 1393.83 776.91 1248.03 229.18 291.6 1095.47
6928804010220_camera0-32.jpg 78 1378.36 771.07 1239.86 229.67 276.99 1082.8
6928804010220_camera0-31.jpg 78 1386.07 772.71 1242.7 229.49 286.73 1086.43
6928804010220_camera0-34.jpg 78 1365.03 775.34 1213.77 221.6 302.52 1107.48
6928804010220_camera0-33.jpg 78 1371.5 771.65 1224.38 223.92 294.23 1095.47
6928804010220_camera0-35.jpg 78 1362.0 764.77 1219.72 224.63 284.55 1080.28
6928804010220_camera0-4.jpg 78 1375.55 770.08 1221.66 203.19 307.78 1133.78
6928804010220_camera0-3.jpg 78 1366.54 761.09 1215.66 201.1 301.76 1119.98
6928804010220_camera0-38.jpg 78 1350.56 766.13 1197.98 211.08 305.15 1110.11
6928804010220_camera0-36.jpg 78 1362.31 774.28 1211.25 216.04 302.11 1116.49
6928804010220_camera0-5.jpg 78 1384.75 768.77 1224.29 203.19 320.93 1131.15
6928804010220_camera0-37.jpg 78 1360.74 768.56 1219.72 219.6 282.03 1097.91
6928804010220_camera0-7.jpg 78 1400.39 763.78 1242.77 192.4 315.24 1142.76
6928804010220_camera0-6.jpg 78 1388.43 766.03 1247.41 201.97 282.03 1128.12
6928804010220_camera0-40.jpg 78 1360.73 768.14 1204.05 205.25 313.36 1125.78
6928804010220_camera0-39.jpg 78 1356.96 762.25 1214.68 209.52 284.55 1105.46
6928804010220_camera0-8.jpg 78 1405.65 769.03 1253.28 197.65 304.74 1142.76
6928804010220_camera0-9.jpg 78 1413.53 765.09 1255.91 192.4 315.24 1145.38
6928804010220_camera1-11.jpg 78 1302.82 768.56 1144.17 272.48 317.29 992.15
6928804010220_camera1-10.jpg 78 1296.89 768.14 1128.61 263.28 336.57 1009.72
6928804010220_camera1-13.jpg 78 1313.7 763.78 1150.83 255.45 325.75 1016.66
6928804010220_camera1-14.jpg 78 1315.4 752.18 1156.76 257.37 317.28 989.63
6928804010220_camera1-12.jpg 78 1301.88 767.72 1137.69 258.08 328.38 1019.29
6928804010220_camera1-19.jpg 78 1320.12 730.42 1151.83 228.46 336.57 1003.92
6928804010220_camera1-1.jpg 78 1218.45 754.7 1061.07 254.85 314.77 999.7
6928804010220_camera1-15.jpg 78 1320.12 744.92 1157.63 245.87 324.97 998.11
6928804010220_camera1-17.jpg 78 1317.67 742.45 1148.0 234.75 339.34 1015.4
6928804010220_camera1-16.jpg 78 1321.59 742.76 1158.71 242.31 325.75 1000.9
6928804010220_camera1-18.jpg 78 1316.36 739.82 1150.63 237.38 331.45 1004.88
6928804010220_camera1-22.jpg 78 1310.37 714.41 1154.24 219.6 312.25 989.63
6928804010220_camera1-25.jpg 78 1291.1 698.5 1122.81 199.45 336.57 998.11
6928804010220_camera1-24.jpg 78 1295.26 705.6 1144.17 214.56 302.18 982.07
6928804010220_camera1-27.jpg 78 1276.93 703.36 1116.68 200.28 320.5 1006.15
6928804010220_camera1-31.jpg 78 1236.2 709.93 1077.27 205.54 317.87 1008.78
6928804010220_camera1-33.jpg 78 1222.24 716.93 1071.15 219.6 302.18 994.66
6928804010220_camera1-36.jpg 78 1215.19 734.88 1053.63 229.18 323.12 1011.41
6928804010220_camera1-38.jpg 78 1215.09 743.76 1042.78 237.38 344.61 1012.77
6928804010220_camera1-39.jpg 78 1212.15 743.38 1058.55 247.3 307.21 992.15
6928804010220_camera1-40.jpg 78 1209.83 747.71 1034.89 245.27 349.87 1004.88
6928804010220_camera1-4.jpg 78 1235.97 765.24 1064.78 257.48 342.38 1015.52
6928804010220_camera3-11.jpg 78 1414.87 930.09 1265.45 357.32 298.84 1145.54
6928804010220_camera3-13.jpg 78 1420.56 931.53 1262.98 352.1 315.15 1158.86
6928804010220_camera3-10.jpg 78 1407.16 927.71 1250.48 350.32 313.36 1154.79
6928804010220_camera3-15.jpg 78 1421.59 929.23 1266.38 361.02 310.41 1136.41
6928804010220_camera3-18.jpg 78 1422.73 927.97 1271.67 357.9 302.11 1140.13
6928804010220_camera3-16.jpg 78 1421.59 927.91 1271.64 358.39 299.89 1139.04
6928804010220_camera3-22.jpg 78 1399.22 920.02 1247.96 358.39 302.52 1123.26
6928804010220_camera3-24.jpg 78 1391.21 921.4 1240.15 352.65 302.11 1137.5
6928804010220_camera3-23.jpg 78 1401.35 919.02 1244.67 356.13 313.36 1125.78
6928804010220_camera3-27.jpg 78 1374.23 918.71 1219.03 353.13 310.41 1131.15
6928804010220_camera3-26.jpg 78 1380.68 925.34 1232.26 357.9 296.85 1134.88
6928804010220_camera3-29.jpg 78 1356.6 920.36 1214.14 361.33 284.91 1118.05
6928804010220_camera3-28.jpg 78 1362.31 922.71 1211.25 357.9 302.11 1129.62
6928804010220_camera3-34.jpg 78 1328.82 924.83 1169.24 356.13 319.16 1137.39
6928804010220_camera3-31.jpg 78 1338.72 922.65 1187.46 353.13 302.52 1139.04
6928804010220_camera3-30.jpg 78 1349.24 914.76 1200.61 358.39 297.26 1112.74
6928804010220_camera3-36.jpg 78 1325.92 933.52 1169.24 356.13 313.36 1154.79
6928804010220_camera3-38.jpg 78 1328.15 924.02 1169.22 350.02 317.87 1148.01
6928804010220_camera3-35.jpg 78 1324.22 927.19 1179.42 360.61 289.59 1133.16
6928804010220_camera3-37.jpg 78 1322.9 929.28 1166.59 352.65 312.62 1153.26
6928804010220_camera3-39.jpg 78 1332.29 926.88 1187.06 357.99 290.46 1137.79
6928804010220_camera3-3.jpg 78 1349.16 933.23 1190.23 352.65 317.87 1161.15
6928804010220_camera3-40.jpg 78 1334.51 932.55 1181.02 352.72 306.97 1159.65
6928804010220_camera3-4.jpg 78 1354.42 930.6 1200.74 344.77 307.36 1171.65
6928804010220_camera3-7.jpg 78 1382.8 932.08 1233.87 357.63 297.86 1148.89
6928804010220_camera3-6.jpg 78 1373.14 927.91 1223.13 354.86 300.02 1146.11
6928804010220_camera3-8.jpg 78 1391.49 934.38 1242.56 358.09 297.86 1152.59
