6907992510446_camera0-11.jpg 97 1424.02 1109.31 1305.68 903.59 236.67 411.43
6907992510446_camera0-10.jpg 97 1417.46 1110.75 1295.12 899.57 244.68 422.35
6907992510446_camera0-13.jpg 97 1438.85 1111.25 1306.12 902.76 265.46 416.98
6907992510446_camera0-16.jpg 97 1441.71 1108.57 1318.02 899.25 247.38 418.64
6907992510446_camera0-24.jpg 97 1431.47 1105.61 1313.22 901.04 236.51 409.13
6907992510446_camera0-29.jpg 97 1399.3 1104.44 1280.37 900.56 237.86 407.77
6907992510446_camera0-30.jpg 97 1397.33 1103.99 1275.75 897.04 243.15 413.91
6907992510446_camera0-31.jpg 97 1396.41 1100.99 1278.86 897.94 235.11 406.1
6907992510446_camera0-28.jpg 97 1407.39 1104.3 1284.48 902.74 245.83 403.11
6907992510446_camera0-32.jpg 97 1386.49 1104.2 1266.65 903.48 239.67 401.44
6907992510446_camera0-3.jpg 97 1377.03 1113.59 1272.09 903.19 209.88 420.79
6907992510446_camera0-7.jpg 97 1396.94 1110.64 1265.51 898.69 262.86 423.91
6907992510446_camera1-13.jpg 97 1298.46 1048.72 1172.63 848.92 251.65 399.61
6907992510446_camera0-9.jpg 97 1412.23 1112.27 1287.03 903.95 250.4 416.64
6907992510446_camera1-27.jpg 97 1270.52 1005.75 1147.19 809.52 246.66 392.46
6907992510446_camera1-6.jpg 97 1250.5 1055.29 1121.84 848.49 257.32 413.59
6907992510446_camera1-7.jpg 97 1255.86 1060.76 1121.7 855.57 268.32 410.37
6907992510446_camera3-24.jpg 97 1392.46 1261.17 1265.6 1045.51 253.72 431.33
6907992510446_camera3-27.jpg 97 1372.92 1259.11 1249.28 1048.19 247.28 421.83
6907992510446_camera3-2.jpg 97 1348.73 1280.74 1237.04 1055.28 223.38 450.92
6907992510446_camera3-7.jpg 97 1370.15 1277.74 1239.23 1062.32 261.85 430.84
