6902083881085_camera0-11.jpg 99 1420.99 984.1 1298.34 647.32 245.31 673.55
6902083881085_camera0-10.jpg 99 1415.4 980.65 1287.61 649.81 255.59 661.68
6902083881085_camera0-12.jpg 99 1425.51 982.53 1301.27 648.58 248.49 667.9
6902083881085_camera0-13.jpg 99 1424.63 982.78 1301.81 649.81 245.65 665.94
6902083881085_camera0-14.jpg 99 1424.81 981.7 1303.04 649.89 243.54 663.63
6902083881085_camera0-19.jpg 99 1422.94 983.51 1298.87 649.57 248.15 667.88
6902083881085_camera0-17.jpg 99 1434.57 987.04 1314.59 654.07 239.97 665.94
6902083881085_camera0-1.jpg 99 1394.09 984.21 1273.32 646.72 241.53 674.97
6902083881085_camera0-22.jpg 99 1422.38 977.45 1304.77 644.48 235.23 665.94
6902083881085_camera0-25.jpg 99 1409.85 978.83 1286.73 651.03 246.24 655.6
6902083881085_camera0-26.jpg 99 1407.33 980.3 1285.51 651.2 243.64 658.2
6902083881085_camera0-21.jpg 99 1417.64 981.84 1295.32 650.38 244.64 662.91
6902083881085_camera0-24.jpg 99 1416.32 980.52 1295.32 650.38 242.01 660.28
6902083881085_camera0-18.jpg 99 1426.23 979.19 1303.9 641.91 244.65 674.56
6902083881085_camera0-28.jpg 99 1403.16 985.78 1282.16 647.75 242.01 676.06
6902083881085_camera0-27.jpg 99 1403.71 982.12 1280.67 651.2 246.07 661.84
6902083881085_camera0-29.jpg 99 1399.88 979.74 1281.22 654.17 237.33 651.14
6902083881085_camera0-30.jpg 99 1406.12 980.3 1285.51 648.78 241.22 663.05
6902083881085_camera0-34.jpg 99 1389.54 983.38 1272.7 651.73 233.68 663.31
6902083881085_camera0-33.jpg 99 1392.37 981.14 1272.96 647.04 238.82 668.2
6902083881085_camera0-36.jpg 99 1392.64 981.84 1269.01 647.75 247.27 668.17
6902083881085_camera0-35.jpg 99 1394.0 983.34 1273.39 647.57 241.22 671.53
6902083881085_camera0-37.jpg 99 1388.7 984.46 1269.01 653.01 239.38 662.91
6902083881085_camera0-38.jpg 99 1392.45 982.15 1270.3 647.91 244.3 668.49
6902083881085_camera0-3.jpg 99 1400.85 984.08 1284.89 651.11 231.92 665.94
6902083881085_camera0-39.jpg 99 1389.84 983.53 1261.31 650.95 257.05 665.16
6902083881085_camera0-5.jpg 99 1409.47 982.76 1289.14 647.3 240.66 670.92
6902083881085_camera0-4.jpg 99 1407.94 985.76 1286.73 648.78 242.43 673.96
6902083881085_camera0-6.jpg 99 1409.92 983.29 1289.21 648.82 241.42 668.94
6902083881085_camera0-7.jpg 99 1414.61 983.33 1292.79 646.35 243.64 673.96
6902083881085_camera0-8.jpg 99 1418.68 983.5 1297.12 647.91 243.12 671.19
6902083881085_camera1-12.jpg 99 1283.48 950.27 1163.79 658.28 239.38 583.99
6902083881085_camera0-9.jpg 99 1419.08 983.42 1295.11 647.96 247.95 670.92
6902083881085_camera1-15.jpg 99 1284.16 940.29 1163.63 656.69 241.06 567.2
6902083881085_camera1-14.jpg 99 1285.99 942.39 1168.43 660.97 235.11 562.84
6902083881085_camera1-17.jpg 99 1283.48 937.12 1166.42 639.86 234.12 594.51
6902083881085_camera1-19.jpg 99 1283.92 933.71 1164.12 650.86 239.61 565.7
6902083881085_camera1-20.jpg 99 1284.8 934.49 1169.05 645.12 231.49 578.73
6902083881085_camera1-16.jpg 99 1288.35 936.06 1165.31 651.81 246.07 568.5
6902083881085_camera1-1.jpg 99 1253.22 948.96 1132.22 658.28 242.01 581.36
6902083881085_camera1-18.jpg 99 1283.87 934.95 1163.54 651.15 240.66 567.61
6902083881085_camera1-22.jpg 99 1276.89 937.12 1155.89 650.38 242.01 573.47
6902083881085_camera1-21.jpg 99 1280.7 929.06 1161.59 646.7 238.22 564.72
6902083881085_camera1-23.jpg 99 1272.95 933.17 1145.37 650.38 255.17 565.58
6902083881085_camera1-27.jpg 99 1258.48 927.91 1140.11 639.86 236.75 576.1
6902083881085_camera1-26.jpg 99 1262.84 926.88 1144.39 639.6 236.89 574.56
6902083881085_camera1-24.jpg 99 1272.95 930.54 1153.26 647.75 239.38 565.58
6902083881085_camera1-29.jpg 99 1258.14 930.5 1140.25 643.05 235.79 574.9
6902083881085_camera1-28.jpg 99 1258.48 927.91 1140.11 642.49 236.75 570.84
6902083881085_camera1-2.jpg 99 1257.63 952.42 1132.78 666.96 249.7 570.93
6902083881085_camera1-30.jpg 99 1255.0 933.13 1135.89 642.44 238.22 581.38
6902083881085_camera1-32.jpg 99 1250.6 935.8 1132.22 653.01 236.75 565.58
6902083881085_camera1-34.jpg 99 1247.24 937.79 1128.8 647.91 236.89 579.76
6902083881085_camera1-31.jpg 99 1251.81 930.91 1133.32 643.68 236.98 574.47
6902083881085_camera1-35.jpg 99 1246.65 941.07 1124.33 655.65 244.64 570.84
6902083881085_camera1-36.jpg 99 1247.58 942.29 1130.0 656.18 235.15 572.23
6902083881085_camera1-38.jpg 99 1247.33 943.34 1125.51 654.84 243.64 576.99
6902083881085_camera1-39.jpg 99 1249.29 948.96 1116.44 660.91 265.69 576.1
6902083881085_camera1-3.jpg 99 1265.33 953.46 1143.46 667.81 243.74 571.3
6902083881085_camera1-7.jpg 99 1273.99 951.23 1153.35 669.1 241.29 564.26
6902083881085_camera1-4.jpg 99 1266.43 953.95 1145.5 668.93 241.87 570.04
6902083881085_camera1-6.jpg 99 1271.63 956.85 1148.0 668.8 247.27 576.1
6902083881085_camera1-8.jpg 99 1277.6 951.96 1152.21 666.53 250.78 570.86
6902083881085_camera1-9.jpg 99 1272.73 949.7 1148.08 673.33 249.31 552.74
6902083881085_camera3-11.jpg 99 1398.13 1149.18 1274.49 807.96 247.28 682.44
6902083881085_camera3-10.jpg 99 1398.05 1148.61 1271.38 806.78 253.34 683.66
6902083881085_camera3-17.jpg 99 1394.98 1146.54 1274.37 808.35 241.22 676.38
6902083881085_camera3-16.jpg 99 1398.65 1144.21 1278.04 805.42 241.22 677.59
6902083881085_camera3-19.jpg 99 1394.0 1146.03 1267.33 807.84 253.34 676.38
6902083881085_camera3-23.jpg 99 1383.29 1143.3 1262.08 805.11 242.43 676.38
6902083881085_camera3-22.jpg 99 1388.59 1143.62 1261.31 807.04 254.55 673.15
6902083881085_camera3-1.jpg 99 1366.34 1152.83 1242.7 810.85 247.27 683.95
6902083881085_camera3-26.jpg 99 1372.1 1144.65 1253.53 804.58 237.13 680.14
6902083881085_camera3-25.jpg 99 1365.02 1142.31 1240.07 800.33 249.91 683.95
6902083881085_camera3-2.jpg 99 1375.02 1152.02 1251.98 807.77 246.07 688.5
6902083881085_camera3-34.jpg 99 1362.38 1148.74 1243.59 807.22 237.58 683.05
6902083881085_camera3-32.jpg 99 1359.52 1147.51 1239.87 806.87 239.31 681.28
6902083881085_camera3-38.jpg 99 1368.63 1148.51 1245.51 806.17 246.24 684.69
6902083881085_camera3-37.jpg 99 1363.17 1149.34 1238.32 806.3 249.7 686.08
6902083881085_camera3-35.jpg 99 1366.34 1150.2 1240.07 805.59 252.54 689.21
6902083881085_camera3-4.jpg 99 1382.85 1151.35 1261.75 807.52 242.2 687.65
6902083881085_camera3-3.jpg 99 1378.73 1152.17 1253.16 807.52 251.14 689.3
6902083881085_camera3-40.jpg 99 1365.03 1155.45 1232.18 808.22 265.69 694.47
6902083881085_camera3-39.jpg 99 1370.29 1150.2 1250.6 808.22 239.38 683.95
6902083881085_camera3-5.jpg 99 1382.61 1152.54 1262.0 810.1 241.22 684.87
6902083881085_camera3-6.jpg 99 1390.01 1152.83 1269.01 808.22 242.01 689.21
6902083881085_camera3-8.jpg 99 1392.7 1150.82 1273.22 811.07 238.97 679.5
6902083881085_camera3-9.jpg 99 1393.97 1152.83 1266.38 802.96 255.17 699.73
