6926265301130-back_camera1-11.jpg 9 1375.22 1135.01 946.94 797.19 856.56 675.63
6926265301130-back_camera1-12.jpg 9 1405.02 1135.09 919.35 768.53 971.33 733.11
6926265301130-back_camera1-15.jpg 9 1393.52 1130.2 833.41 731.03 1120.22 798.34
6926265301130-back_camera1-8.jpg 9 1262.32 1165.68 769.56 743.12 985.51 845.13
6926265301130-back_camera2-27.jpg 9 1182.84 853.23 667.46 365.92 1030.76 974.62
6926265301130-back_camera2-3.jpg 9 1329.97 902.38 869.15 421.05 921.64 962.65
6926265301130-back_camera3-38.jpg 9 1265.98 1332.67 719.32 1074.74 1093.32 515.86
6926265301130-back_camera3-4.jpg 9 1375.28 1349.04 782.42 1114.2 1185.71 469.67
6926265301130_camera0-18.jpg 9 1483.55 1148.32 905.13 950.06 1156.84 396.52
6926265301130_camera0-17.jpg 9 1501.36 1143.49 905.75 952.93 1191.21 381.12
