6951481302241_camera3-9.jpg 185 1274.3 1301.01 1019.48 1030.42 509.64 541.17
6954432710249-back_camera2-18.jpg 138 1265.88 859.15 1101.27 715.23 329.21 287.85
6922266457616-back_camera2-4.jpg 179 1135.36 744.62 698.46 290.1 873.79 909.05
6933631504811-back_camera3-5.jpg 197 1372.77 1291.65 1069.89 1194.92 605.76 193.46
6920152439005-back_camera3-21.jpg 53 1461.04 1392.21 1011.21 1189.65 899.66 405.11
6914973607101-back_camera3-27.jpg 129 1399.07 1434.58 1058.13 1350.53 681.88 168.09
6936986841044-back_camera2-8.jpg 52 1241.45 904.32 861.85 533.91 759.21 740.82
6901073808347_camera2-17.jpg 120 1279.75 849.33 1026.83 652.96 505.84 392.74
6954432710621-back_camera2-5.jpg 137 1308.89 896.27 1144.4 731.78 328.98 328.98
6901687353417_camera0-11.jpg 194 1483.68 1123.24 1096.04 1025.5 775.28 195.48
6940737300148-back_camera1-11.jpg 22 1408.43 1242.26 800.77 626.71 1215.33 1231.11
6924743921436-back_camera1-19.jpg 39 1358.09 1123.61 1033.4 903.45 649.37 440.31
6901687353417_camera0-26.jpg 194 1358.03 1120.87 788.54 1010.55 1138.97 220.64
6914973608306~A_camera3-21.jpg 124 1042.41 885.49 761.66 785.65 561.5 199.68
6934848931155-back_camera1-23.jpg 26 1342.6 1169.65 607.03 660.01 1471.14 1019.29
6914973608306~A_camera2-28.jpg 124 887.99 789.26 774.38 511.72 227.21 555.08
6902227014843_camera3-38.jpg 59 1347.97 1359.83 1033.99 1217.11 627.96 285.44
6940477401396~B_camera0-19.jpg 173 1145.81 1100.67 792.49 996.6 706.64 208.14
9556041603720_camera0-20.jpg 121 1403.46 1191.57 1226.74 1047.81 353.45 287.51
6920152439005_camera2-3.jpg 53 1279.54 825.32 903.36 442.57 752.35 765.5
6951384903194-back_camera3-17.jpg 196 1353.18 1400.1 832.33 1213.33 1041.71 373.54
6951384903194-back_camera1-13.jpg 196 1307.85 1182.78 877.25 791.21 861.2 783.14
6922266457616_camera3-26.jpg 179 1378.18 1315.92 984.91 981.84 786.54 668.17
6914973607101_camera2-34.jpg 129 1251.23 872.86 1037.2 613.63 428.06 518.46
6921168509256_camera3-23.jpg 71 1400.29 964.38 1245.34 443.39 309.9 1041.99
6939789303252-back_camera1-5.jpg 199 1188.04 1164.19 780.58 882.81 814.92 562.77
6902227014829_camera1-16.jpg 58 1247.86 1099.22 932.63 872.74 630.45 452.96
6906151601353_camera3-29.jpg 90 1322.94 1188.35 1150.63 881.88 344.61 612.93
6920152485095-back_camera3-30.jpg 51 1418.95 1372.48 1003.32 1152.83 831.26 439.31
6922266457616-back_camera0-33.jpg 179 1502.28 1151.67 1090.76 902.07 823.05 499.21
6951481302241-back_camera1-24.jpg 185 1288.74 1064.57 951.17 730.94 675.15 667.26
6953787800124_camera2-27.jpg 40 1219.45 853.03 936.41 611.2 566.08 483.65
6959619480205_camera1-19.jpg 35 1332.99 1050.17 1114.15 802.0 437.67 496.34
6922266426001-back_camera1-13.jpg 193 1259.44 1129.1 1083.77 957.02 351.35 344.16
6902083881085_camera3-6.jpg 99 1390.01 1152.83 1269.01 808.22 242.01 689.21
6930114504085-back_camera2-10.jpg 195 1190.09 814.79 1013.84 739.82 352.5 149.94
6907777830523_camera1-34.jpg 17 1244.02 1114.68 763.94 737.19 960.16 754.98
6926892568081_camera2-26.jpg 116 1212.93 808.7 1071.49 655.68 282.89 306.05
6923523998019_camera2-24.jpg 110 1245.33 826.63 1061.19 631.97 368.28 389.33
6902227014829_camera2-23.jpg 58 1287.65 875.64 1082.3 576.73 410.71 597.83
6907992504476_camera3-7.jpg 107 1404.54 1245.09 1240.41 974.71 328.25 540.75
6920354818585-back_camera1-16.jpg 169 1256.77 1174.16 797.16 831.93 919.22 684.46
6914973603394~A_camera2-35.jpg 131 697.38 796.88 408.55 643.86 577.66 306.03
6907992632483-back_camera2-1.jpg 149 1288.55 908.75 1109.05 591.6 358.99 634.3
6902227014843_camera2-23.jpg 59 1255.72 851.95 1043.55 575.44 424.34 553.02
6959619480205_camera1-11.jpg 35 1276.86 1059.68 1063.2 807.78 427.31 503.8
69019388_camera2-18.jpg 141 1314.69 866.55 1174.12 775.88 281.14 181.34
6907777830523_camera2-37.jpg 17 1211.98 955.82 792.02 498.85 839.93 913.93
6907777830523_camera2-5.jpg 17 1329.57 946.84 877.93 486.93 903.27 919.81
6906151601353_camera0-17.jpg 90 1412.38 1023.92 1282.16 729.3 260.43 589.25
6914973608351_camera2-19.jpg 122 1273.43 842.38 1001.18 672.22 544.51 340.32
6902227014843-back_camera2-24.jpg 59 1250.59 810.85 1021.73 534.64 457.72 552.42
6913102210618_camera0-16.jpg 155 1400.54 1276.46 958.6 1192.28 883.88 168.36
6933631504811~C_camera1-27.jpg 197 1147.2 744.43 959.59 600.93 375.22 287.0
6920152485095-back_camera2-34.jpg 51 1294.97 890.87 874.21 481.69 841.51 818.35
6930114504085-back_camera3-24.jpg 195 1393.96 1397.47 1208.51 1268.57 370.91 257.8
6920912342002_camera1-16.jpg 6 1352.04 1176.54 742.72 756.24 1218.63 840.6
6914973603394~A_camera2-16.jpg 131 777.9 880.22 491.84 759.58 572.13 241.27
6922266457616-back_camera0-35.jpg 179 1491.34 1146.2 1003.48 897.7 975.71 496.99
6939789303252-back_camera1-11.jpg 199 1199.05 1223.69 971.49 935.88 455.11 575.63
6909409012802_camera0-40.jpg 12 1347.49 1159.98 846.23 985.44 1002.53 349.07
6922266426001-back_camera0-7.jpg 193 1422.33 1051.16 1223.87 954.8 396.93 192.73
6923523998019_camera2-29.jpg 110 1236.37 841.76 1055.58 657.86 361.57 367.8
6920152485095-back_camera3-33.jpg 51 1450.12 1385.49 950.27 1148.79 999.7 473.41
6922868290932-back_camera2-25.jpg 192 1157.22 778.78 984.05 602.93 346.34 351.71
6926892501033_camera2-27.jpg 115 1250.14 857.91 1101.36 713.82 297.57 288.17
6924187829428_camera3-12.jpg 29 1441.32 1347.6 989.4 1108.85 903.84 477.5
6909409012024-back_camera3-11.jpg 3 1432.7 1328.45 943.36 1100.89 978.68 455.11
6940737300148-back_camera2-13.jpg 22 1340.42 811.66 617.95 199.45 1444.94 1224.43
6924743921436-back_camera1-10.jpg 39 1335.88 1173.47 995.74 878.52 680.29 589.9
6914973608306~A_camera3-17.jpg 124 1034.72 885.65 760.52 819.95 548.41 131.4
6901073808347_camera3-6.jpg 120 1375.28 1392.93 1069.82 1235.01 610.93 315.85
6951384903194~B_camera3-7.jpg 196 1063.82 977.94 644.08 697.56 839.47 560.77
6933631504811-back_camera1-31.jpg 197 1279.13 1092.91 1058.71 901.04 440.84 383.75
6901073808347_camera1-33.jpg 120 1241.22 1104.35 959.74 898.99 562.95 410.71
6907777822948_camera3-29.jpg 105 1370.29 1244.9 1197.98 976.58 344.61 536.64
6953631801604-back_camera3-13.jpg 176 1391.2 1256.35 1043.12 998.9 696.16 514.9
6909409012031-back_camera1-36.jpg 1 1307.85 1118.58 781.56 718.19 1052.58 800.77
6959619480205_camera2-16.jpg 35 1301.91 835.48 1094.85 628.42 414.12 414.12
6934848931155_camera3-40.jpg 26 1407.11 1377.74 585.06 1139.67 1644.11 476.14
6922266426001-back_camera0-5.jpg 193 1433.32 1049.51 1224.0 956.41 418.64 186.21
6920152485095-back_camera0-21.jpg 51 1349.5 1042.48 881.32 918.41 936.35 248.15
6920152485095-back_camera3-24.jpg 51 1276.37 1365.35 779.04 1141.23 994.66 448.23
6902227014843_camera3-24.jpg 59 1379.8 1361.04 1083.55 1181.69 592.49 358.7
69019388_camera3-5.jpg 141 1331.93 1429.97 1174.65 1357.15 314.56 145.63
6918717002160-back_camera0-31.jpg 180 1419.9 1102.2 1171.87 871.79 496.07 460.82
6920354808388-back_camera0-4.jpg 170 1326.8 1209.81 827.98 1081.9 997.64 255.81
6930114504085-back_camera2-18.jpg 195 1208.74 794.59 1095.45 611.87 226.57 365.44
6914973608306~A_camera1-27.jpg 124 1128.94 731.64 1007.87 567.8 242.14 327.68
6922266426001_camera0-10.jpg 193 1373.24 1231.96 1197.4 1139.08 351.67 185.76
6901285991219_camera0-13.jpg 72 1403.54 807.58 1244.9 282.55 317.28 1050.06
6902227014843_camera2-8.jpg 59 1282.16 871.35 998.06 689.84 568.21 363.02
6922266457616-back_camera3-9.jpg 179 1382.84 1298.64 1097.19 981.15 571.3 634.99
6951384903194-back_camera2-40.jpg 196 1269.02 979.21 1029.63 532.01 478.77 894.4
6901236378823-back_camera0-8.jpg 177 1443.7 942.12 1032.17 710.6 823.05 463.04
6902227014843-back_camera3-24.jpg 59 1378.34 1306.08 1082.6 1137.19 591.49 337.77
6951384903194-back_camera0-37.jpg 196 1455.88 1213.9 895.77 1022.88 1120.21 382.04
6907777830523_camera3-28.jpg 17 1368.87 1387.84 1004.61 1226.01 728.51 323.65
69019388-back_camera2-38.jpg 141 1274.66 882.19 1131.99 794.69 285.35 175.0
6920912342002_camera2-15.jpg 6 1348.86 824.67 822.41 294.37 1052.9 1060.6
6913102210618-back_camera0-39.jpg 155 1449.1 1050.93 1006.01 983.41 886.18 135.05
6922907011511-back_camera0-13.jpg 57 1463.15 1024.57 1123.4 868.72 679.5 311.7
6923523998019_camera2-4.jpg 110 1279.28 860.8 1103.26 680.03 352.04 361.55
6934848931155_camera3-4.jpg 26 1317.64 1402.14 483.56 1130.25 1668.16 543.79
6920354818585-back_camera3-14.jpg 169 1389.68 1323.8 952.79 1098.42 873.79 450.75
6940737300148-back_camera0-27.jpg 22 1400.39 1239.27 614.91 1030.42 1570.96 417.7
6948960100009_camera1-9.jpg 80 1262.53 684.19 1081.22 91.17 362.61 1186.04
6920152439005-back_camera2-26.jpg 53 1291.76 834.06 904.17 426.25 775.18 815.62
6914973607637-back_camera2-16.jpg 133 1278.22 817.42 1040.15 589.88 476.14 455.09
6936986841044-back_camera3-13.jpg 52 1363.42 1432.41 904.61 1246.48 917.63 371.86
6924187829428_camera3-13.jpg 29 1416.32 1344.86 927.03 1113.37 978.58 462.98
6934848931155_camera2-12.jpg 26 1324.21 860.46 640.54 322.84 1367.35 1075.24
6914973608306~A_camera0-13.jpg 124 1115.9 1099.95 892.0 1037.93 447.81 124.03
6902227014843-back_camera3-9.jpg 59 1406.09 1305.32 1240.85 1139.11 330.49 332.42
6936986841044-back_camera0-2.jpg 52 1415.01 1197.55 979.65 1044.97 870.72 305.15
6922868290932_camera0-15.jpg 192 1404.48 1237.0 1197.98 1142.3 413.0 189.4
6936986841044-back_camera1-32.jpg 52 1353.12 1123.68 966.94 775.6 772.35 696.16
6934848931155_camera3-13.jpg 26 1502.9 1444.06 714.53 1150.6 1576.75 586.93
6928804010220_camera0-22.jpg 78 1447.61 773.58 1300.3 227.15 294.62 1092.87
6920354818585-back_camera2-35.jpg 169 1213.42 821.43 839.48 461.34 747.89 720.19
6902227014829_camera1-29.jpg 58 1257.88 1112.66 1070.86 857.52 374.04 510.29
6924743921436-back_camera1-28.jpg 39 1286.45 1105.9 992.86 893.28 587.19 425.24
6951384903194~B_camera0-18.jpg 196 1200.62 1108.58 628.48 1019.27 1144.29 178.61
6909409012031_camera3-18.jpg 1 1475.12 1336.33 943.03 1137.52 1064.17 397.62
6951481302241-back_camera1-27.jpg 185 1291.38 1065.88 972.19 712.55 638.37 706.67
6951481302241-back_camera1-19.jpg 185 1248.06 1064.46 933.55 794.35 629.02 540.22
6939789303252-back_camera1-7.jpg 199 1162.46 1184.39 795.5 866.09 733.93 636.6
6940477401396~B_camera1-8.jpg 173 1154.26 725.84 830.62 539.99 647.29 371.69
6940477401396~B~back_camera0-34.jpg 173 1106.97 1070.05 636.77 989.45 940.41 161.19
6925792550042_camera0-4.jpg 200 1402.11 1076.94 1337.0 848.79 130.22 456.31
6901844710114_camera3-11.jpg 158 1420.41 1466.12 1196.82 1334.27 447.19 263.69
6926892568081_camera1-35.jpg 116 1225.66 973.46 1076.6 726.08 298.12 494.76
6923523998019_camera2-30.jpg 110 1234.9 846.71 1061.6 667.29 346.6 358.84
6934848931155-back_camera3-1.jpg 26 1389.69 1515.18 580.11 1179.01 1619.16 672.34
6902227014843_camera3-9.jpg 59 1381.4 1381.86 1224.47 1207.31 313.86 349.09
6959619480205_camera3-26.jpg 35 1446.99 1275.98 1226.74 1031.99 440.5 487.98
6920152485095_camera3-15.jpg 51 1427.47 1418.9 911.0 1204.19 1032.93 429.42
6901845042993-back_camera3-15.jpg 62 1410.7 1424.62 1011.77 1233.65 797.87 381.94
6922266457616-back_camera0-7.jpg 179 1373.76 1130.13 949.17 903.5 849.18 453.26
6914068016115_camera1-16.jpg 175 1282.66 1059.39 819.33 670.34 926.67 778.1
6934848931155-back_camera1-6.jpg 26 1208.93 1282.53 496.09 623.89 1425.68 1317.28
6901236344033_camera1-1.jpg 188 1436.05 879.76 973.07 490.44 925.96 778.65
6940737300148-back_camera1-18.jpg 22 1324.26 1192.28 542.97 653.01 1562.57 1078.54
6934848931155-back_camera2-27.jpg 26 1187.47 870.04 492.99 292.63 1388.95 1154.83
6907777815186-back_camera0-5.jpg 28 1473.4 1058.18 762.06 923.13 1422.69 270.11
6924187829428_camera2-33.jpg 29 1236.12 867.41 790.24 518.86 891.77 697.1
6901687353417_camera2-37.jpg 194 1125.64 787.17 721.85 332.08 807.59 910.18
6924743921436-back_camera2-7.jpg 39 1296.38 876.43 972.88 564.04 646.99 624.79
6920152439005_camera0-14.jpg 53 1462.75 1229.35 1017.94 1110.42 889.61 237.86
69019388_camera2-7.jpg 141 1271.39 910.92 1172.36 777.52 198.06 266.8
6936986841044-back_camera0-6.jpg 52 1363.62 1218.25 867.11 1059.32 993.02 317.87
6914973608306~A~back_camera1-9.jpg 124 1318.95 1044.07 1174.21 895.26 289.48 297.62
6930114504085_camera3-21.jpg 195 1425.35 1398.21 1216.5 1301.01 417.7 194.4
6951384903194~B_camera3-13.jpg 196 1144.52 913.74 802.91 672.89 683.22 481.7
6940477401396_camera2-14.jpg 173 1360.66 854.24 977.28 554.2 766.76 600.08
6907777815186_camera3-15.jpg 28 1518.11 1546.65 819.33 1176.49 1397.56 740.33
6940737300148-back_camera0-13.jpg 22 1676.16 1216.33 935.04 1027.32 1482.25 378.02
6914973603394~A_camera2-26.jpg 131 777.87 801.26 658.35 519.86 239.03 562.8
6920152439005-back_camera3-25.jpg 53 1409.74 1390.89 929.66 1171.24 960.16 439.31
6913102210618_camera1-8.jpg 155 1272.07 1140.19 915.77 831.4 712.6 617.59
6922266426001-back_camera1-27.jpg 193 1265.07 1148.88 1092.76 966.05 344.61 365.65
6901236378823_camera3-1.jpg 177 1404.8 1259.59 1066.11 962.45 677.38 594.28
6907376820598_camera0-38.jpg 164 1421.77 891.16 1336.82 653.3 169.9 475.73
6907777808584_camera2-4.jpg 25 1365.36 1032.44 596.46 220.73 1537.79 1623.43
6901236378823_camera3-32.jpg 177 1350.56 1226.48 955.97 947.64 789.17 557.68
6911988005397-back_camera0-39.jpg 69 1423.08 1041.75 1204.89 950.46 436.38 182.57
6902227014843_camera2-26.jpg 59 1244.39 860.64 965.93 614.87 556.93 491.54
6907777815186_camera1-7.jpg 28 1254.97 1316.24 683.35 758.48 1143.23 1115.53
6907992504476_camera3-23.jpg 107 1380.88 1225.99 1230.0 957.55 301.75 536.89
6914973105379-back_camera1-4.jpg 126 1334.73 1189.5 1065.11 942.74 539.24 493.52
6909409012031-back_camera3-32.jpg 1 1447.55 1331.63 930.48 1090.78 1034.13 481.7
6901236344033_camera2-5.jpg 188 1351.87 994.2 952.02 600.93 799.7 786.54
4800009004827_camera0-15.jpg 111 1424.03 1065.93 1225.02 781.29 398.03 569.29
6922266426001-back_camera0-19.jpg 193 1418.37 1052.91 1218.56 968.64 399.61 168.54
6922868290932_camera0-12.jpg 192 1403.17 1235.68 1258.49 1137.04 289.36 197.29
6930114504085_camera0-21.jpg 195 1450.16 1239.92 1247.44 1171.77 405.44 136.31
6951481302241_camera1-15.jpg 185 1228.32 1115.8 898.63 765.09 659.38 701.42
6922868290932_camera0-29.jpg 192 1427.7 1235.71 1260.49 1146.12 334.42 179.19
6920152485095-back_camera3-18.jpg 51 1284.55 1312.71 842.62 1150.08 883.86 325.26
6924743921436-back_camera0-20.jpg 39 1512.54 1252.0 1143.65 1157.19 737.77 189.61
6928804010114_camera3-8.jpg 73 1382.13 930.97 1234.82 353.06 294.62 1155.82
4800009004827_camera3-39.jpg 111 1321.24 1218.36 1127.9 920.77 386.68 595.17
6909409012031-back_camera1-34.jpg 1 1322.96 1134.93 814.3 708.11 1017.33 853.65
6934848931155_camera2-20.jpg 26 1277.63 825.21 839.48 207.01 876.31 1236.4
6914973608306~A_camera3-39.jpg 124 1101.07 861.24 828.22 785.63 545.7 151.21
6920152439005_camera1-9.jpg 53 1268.51 1137.41 939.01 804.37 659.01 666.08
6914973608351_camera1-33.jpg 122 1232.17 1123.89 929.66 989.73 605.03 268.32
6951384903194~A_camera0-20.jpg 196 1146.53 1106.18 682.96 1021.48 927.14 169.4
6933631504811~C_camera2-22.jpg 197 749.22 819.16 469.47 561.13 559.49 516.06
6920152439005_camera1-5.jpg 53 1307.43 1156.32 881.06 782.97 852.75 746.69
6922907011511_camera0-31.jpg 57 1383.69 1197.26 997.68 1056.37 772.02 281.79
9556041603720_camera0-6.jpg 121 1402.14 1187.62 1232.01 1045.18 340.27 284.87
6914973607101-back_camera3-21.jpg 129 1408.59 1445.23 1231.89 1299.8 353.4 290.87
6907992511559_camera3-22.jpg 98 1386.07 1254.11 1250.6 1031.82 270.95 444.57
6907376820598_camera0-39.jpg 164 1417.64 893.71 1332.14 642.49 170.99 502.44
6928804010220_camera0-31.jpg 78 1386.07 772.71 1242.7 229.49 286.73 1086.43
6902227014843_camera3-29.jpg 59 1378.61 1351.29 1227.55 1182.0 302.12 338.58
6953787800124-back_camera2-9.jpg 40 1275.68 863.83 1037.3 685.79 476.77 356.08
6951481302241_camera0-12.jpg 185 1341.35 1112.05 1090.13 871.35 502.44 481.4
6920152439005_camera1-4.jpg 53 1311.99 1157.14 881.37 790.87 861.24 732.55
6928804010220_camera1-27.jpg 78 1276.93 703.36 1116.68 200.28 320.5 1006.15
6936986841044-back_camera2-4.jpg 52 1226.47 913.58 849.06 505.64 754.82 815.88
6913102210618-back_camera1-4.jpg 155 1258.74 1206.7 847.03 889.42 823.43 634.57
6920354818585-back_camera1-11.jpg 169 1216.3 1166.64 1037.9 743.24 356.8 846.8
6953631801604_camera3-5.jpg 176 1434.74 1248.84 1076.98 994.99 715.52 507.7
6902227014829_camera0-3.jpg 58 1418.95 1212.01 1071.72 1094.95 694.47 234.12
6926892501033_camera2-7.jpg 115 1279.09 822.61 1137.16 681.47 283.85 282.27
6920152485095-back_camera1-29.jpg 51 1213.12 1126.55 831.54 789.74 763.15 673.62
6907777830523_camera1-33.jpg 17 1271.09 1108.13 825.22 744.6 891.73 727.07
6940477401396_camera2-21.jpg 173 1293.89 777.04 1142.19 358.92 303.41 836.23
69019388_camera2-5.jpg 141 1256.99 907.75 1131.68 792.29 250.61 230.93
6930114504085-back_camera1-3.jpg 195 1250.66 1124.99 1058.88 1004.15 383.55 241.69
6901236378823-back_camera3-3.jpg 177 1381.29 1288.42 979.46 1021.75 803.66 533.35
6940737300148_camera1-19.jpg 22 1378.36 1184.03 622.92 680.41 1510.88 1007.25
6922266426001-back_camera3-38.jpg 193 1399.45 1325.21 1213.52 1219.76 371.86 210.91
6934848931155-back_camera2-19.jpg 26 1243.64 803.81 811.78 201.97 863.72 1203.67
6907992100272_camera3-12.jpg 102 1391.4 1230.81 1221.44 966.5 339.93 528.61
6934848931155-back_camera1-3.jpg 26 1246.71 1289.18 483.56 675.77 1526.3 1226.82
6920152485095_camera1-20.jpg 51 1341.85 1116.05 942.72 871.79 798.25 488.52
6901073808347_camera1-21.jpg 120 1283.36 1124.24 1120.76 848.39 325.2 551.7
6951384903194~A_camera0-36.jpg 196 1088.28 1122.67 596.93 1043.51 982.71 158.33
6930114504085_camera0-13.jpg 195 1412.89 1250.49 1300.08 1164.18 225.63 172.62
6914973105379-back_camera1-15.jpg 126 1270.45 1102.49 975.5 894.76 589.9 415.47
69019388-back_camera2-13.jpg 141 1282.35 859.9 1202.54 720.68 159.61 278.45
6940188803618-back_camera2-3.jpg 13 1315.17 931.5 914.8 461.84 800.74 939.33
6914973608351_camera2-25.jpg 122 1241.54 846.63 974.24 633.93 534.59 425.4
6907777830523_camera3-37.jpg 17 1258.01 1411.61 734.06 1247.56 1047.91 328.09
6914973608306~A~back_camera0-23.jpg 124 1099.09 1093.72 827.24 1059.3 543.69 68.84
6951384903194~B_camera2-15.jpg 196 693.32 941.47 244.4 440.19 897.83 1002.56
6928804010114_camera1-2.jpg 73 1238.87 747.83 1070.58 240.07 336.57 1015.52
6914973608351-back_camera2-3.jpg 122 1312.2 869.91 1031.79 693.73 560.82 352.37
6901073808347_camera1-31.jpg 120 1252.1 1099.26 951.98 934.95 600.24 328.62
6909409012031_camera1-5.jpg 1 1212.13 1148.25 673.73 731.68 1076.8 833.14
6953631801604-back_camera3-21.jpg 176 1344.2 1267.07 990.25 1019.62 707.9 494.9
6922868290932-back_camera1-28.jpg 192 1257.17 1101.26 1104.44 934.5 305.46 333.52
6902227014843-back_camera0-7.jpg 59 1321.15 1215.04 1031.75 1084.21 578.8 261.65
6933631504811~C_camera3-15.jpg 197 1004.38 907.42 731.52 778.25 545.72 258.35
6934848931155_camera1-33.jpg 26 1358.36 1157.83 670.08 526.03 1376.56 1263.6
6907777830523_camera1-16.jpg 17 1380.81 1234.37 863.9 829.26 1033.82 810.22
6909409012802_camera3-17.jpg 12 1412.35 1343.94 884.8 1131.16 1055.1 425.56
6902227014843_camera0-19.jpg 59 1425.9 1207.88 1094.45 1081.61 662.91 252.54
6902227014843-back_camera1-23.jpg 59 1320.93 1098.89 1019.64 889.57 602.59 418.64
6920152439005-back_camera0-1.jpg 53 1364.12 1218.67 958.96 1099.88 810.33 237.58
6921168509256_camera3-22.jpg 71 1403.54 967.48 1257.49 441.19 292.1 1052.58
6924187829428-back_camera2-28.jpg 29 1275.59 810.85 811.29 426.78 928.6 768.13
6951481302241-back_camera0-36.jpg 185 1443.94 1125.2 1095.39 897.66 697.1 455.09
6934848931155-back_camera0-36.jpg 26 1368.61 1272.45 545.77 1095.52 1645.68 353.86
6902227014843-back_camera3-26.jpg 59 1376.0 1312.08 1142.42 1138.14 467.15 347.88
6907992504476_camera1-40.jpg 107 1234.82 1017.36 1116.44 752.98 236.75 528.75
6902227014829_camera3-38.jpg 58 1375.55 1360.64 1027.0 1210.7 697.1 299.89
6902227014829_camera1-33.jpg 58 1297.72 1112.73 1061.22 866.71 473.01 492.04
6902227014843_camera1-5.jpg 59 1237.28 1109.63 942.64 874.24 589.29 470.79
6951384903194~B_camera0-5.jpg 196 1140.95 1141.85 591.23 1029.13 1099.44 225.44
6954432710621_camera1-5.jpg 137 1249.03 1160.22 1066.11 1001.6 365.84 317.23
6923450605981-back_camera0-5.jpg 140 1446.26 1068.72 1277.42 992.36 337.67 152.73
6939789303252-back_camera1-30.jpg 199 1315.04 1167.3 1066.45 858.2 497.18 618.19
6934848931155_camera3-37.jpg 26 1308.45 1362.74 515.09 1085.59 1586.72 554.3
6901073808347_camera2-22.jpg 120 1266.38 846.36 990.17 679.32 552.42 334.08
6951384903194~A_camera1-13.jpg 196 1178.82 737.46 791.91 489.52 773.81 495.88
69019388-back_camera1-27.jpg 141 1264.55 1135.12 1111.63 1042.7 305.83 184.85
6914973608351_camera2-3.jpg 122 1288.74 895.03 1008.58 739.82 560.31 310.41
6953631801604_camera1-7.jpg 176 1265.04 1088.35 930.13 753.44 669.82 669.82
6920152485095-back_camera0-34.jpg 51 1482.08 1068.64 974.38 916.07 1015.4 305.15
6959619480205_camera2-40.jpg 35 1235.97 886.91 1028.91 678.53 414.12 416.76
6920152485095_camera3-29.jpg 51 1405.34 1391.11 1038.07 1204.99 734.53 372.23
6914973608351_camera2-33.jpg 122 1249.34 893.42 1096.19 612.66 306.29 561.53
6924743921436-back_camera2-18.jpg 39 1262.28 838.96 985.76 549.53 553.04 578.87
6934848931155-back_camera2-35.jpg 26 1244.09 948.98 599.15 247.57 1289.87 1402.83
6914973608306~A_camera1-2.jpg 124 1142.86 686.93 911.85 561.2 462.01 251.46
6922266457616-back_camera0-38.jpg 179 1456.42 1136.2 960.35 904.53 992.15 463.34
6922266426001-back_camera1-28.jpg 193 1268.11 1143.9 1116.18 975.57 303.86 336.67
6902227014829-back_camera0-17.jpg 58 1414.7 1212.85 1063.44 1092.26 702.53 241.17
6914973608306_camera1-7.jpg 124 1270.74 1176.35 957.95 1007.2 625.57 338.29
6940477401396~B_camera1-2.jpg 173 1197.99 726.91 835.26 609.56 725.47 234.7
6940737300148-back_camera1-10.jpg 22 1318.95 1239.28 712.11 628.49 1213.69 1221.57
6909409012031_camera2-16.jpg 1 1310.27 805.4 855.32 319.85 909.89 971.1
6913102210618-back_camera2-10.jpg 155 1283.39 858.28 992.78 624.94 581.23 466.68
6920152439005_camera0-35.jpg 53 1418.76 1225.84 943.03 1091.85 951.46 267.99
4800009004827_camera3-7.jpg 111 1341.84 1240.63 1146.79 931.41 390.1 618.45
6914973608306_camera0-7.jpg 124 1413.69 1269.88 1074.35 1192.28 678.69 155.2
6922868290932_camera0-35.jpg 192 1419.17 1231.69 1232.85 1144.48 372.65 174.43
6934848931155_camera1-11.jpg 26 1363.63 1221.6 792.04 676.12 1143.19 1090.96
6928804010114_camera3-18.jpg 73 1405.8 916.08 1250.6 345.24 310.41 1141.67
6907376820598_camera0-19.jpg 164 1433.32 895.92 1349.05 656.02 168.54 479.81
6951384903194~A_camera3-16.jpg 196 1064.49 892.01 566.27 749.64 996.44 284.75
6914068016115_camera1-21.jpg 175 1290.22 1054.36 839.48 758.48 901.49 591.76
6920912342002-back_camera0-12.jpg 6 1508.61 1161.48 1008.17 955.2 1000.88 412.56
6909409012031_camera0-24.jpg 1 1534.22 1167.07 975.53 999.6 1117.38 334.93
6959619480205_camera2-12.jpg 35 1297.95 867.12 1092.21 665.34 411.48 403.57
6914973608306~A_camera3-40.jpg 124 1094.84 860.18 819.44 771.41 550.8 177.55
6914973603394~B_camera3-21.jpg 131 1007.1 859.56 763.12 745.17 487.95 228.78
6930114504085_camera1-21.jpg 195 1315.02 1143.38 1121.93 1059.32 386.17 168.13
69019388-back_camera3-36.jpg 141 1358.41 1426.12 1238.12 1343.89 240.58 164.47
6923450605981_camera0-14.jpg 140 1393.96 1064.7 1197.98 987.1 391.96 155.2
6922868290932_camera1-26.jpg 192 1295.64 1125.82 1116.19 953.76 358.91 344.11
6930114504085-back_camera1-14.jpg 195 1255.78 1150.81 1102.87 986.34 305.83 328.93
6907992510446_camera0-26.jpg 97 1419.98 1106.62 1293.12 902.05 253.72 409.13
6942836705916-back_camera3-36.jpg 127 1308.37 1460.66 1009.21 1327.49 598.32 266.35
6924743921436-back_camera0-15.jpg 39 1472.62 1264.69 1030.19 1148.33 884.87 232.73
6935145301030_camera0-21.jpg 88 1431.24 832.75 1295.26 342.98 271.96 979.55
6920912342002_camera2-6.jpg 6 1322.05 948.55 785.84 437.09 1072.42 1022.92
6922266426001-back_camera1-14.jpg 193 1256.81 1129.76 1066.18 951.22 381.25 357.08
6901285991219_camera0-2.jpg 72 1368.97 808.22 1213.77 289.99 310.41 1036.45
6951384903194~A_camera3-40.jpg 196 1003.51 917.45 511.78 736.6 983.47 361.7
6914973607637-back_camera1-24.jpg 133 1286.74 1087.67 1069.94 883.11 433.59 409.13
6923450605981_camera3-29.jpg 140 1387.49 1403.31 1211.14 1328.12 352.7 150.39
6933631504811~C_camera2-26.jpg 197 728.31 813.66 462.87 537.01 530.88 553.31
6939789303252-back_camera1-9.jpg 199 1156.08 1210.38 848.72 899.07 614.72 622.61
6922266426001_camera0-26.jpg 193 1434.46 1238.4 1224.54 1150.37 419.84 176.06
6953631801604-back_camera1-26.jpg 176 1241.12 1075.76 897.39 723.22 687.45 705.08
6954432710621_camera1-31.jpg 137 1264.65 1130.4 1097.35 1014.64 334.6 231.52
6914973608351_camera1-25.jpg 122 1300.58 1131.79 1053.3 887.14 494.55 489.29
6914068018171_camera3-22.jpg 187 1437.31 1322.1 1062.95 1070.4 748.71 503.39
6922266426001_camera3-20.jpg 193 1397.56 1318.84 1225.5 1226.34 344.11 185.01
6934848931155-back_camera3-38.jpg 26 1270.36 1442.87 420.51 1201.18 1699.69 483.37
6940477401396_camera3-29.jpg 173 1419.29 1437.36 1262.5 1245.67 313.58 383.38
6914973603394~A_camera1-1.jpg 131 1177.89 711.27 974.24 584.47 407.31 253.6
6953631801604_camera0-20.jpg 176 1360.74 956.14 1013.23 760.99 695.01 390.31
6951384903194~B_camera1-35.jpg 196 1158.57 811.18 769.18 516.74 778.78 588.89
6933631504811-back_camera1-9.jpg 197 1259.73 1113.68 991.12 907.06 537.22 413.25
6902227014843-back_camera2-29.jpg 59 1208.27 836.19 934.8 675.63 546.94 321.13
6950361040808-back_camera1-4.jpg 37 1223.49 1268.39 509.6 801.28 1427.78 934.23
6914973105379-back_camera1-5.jpg 126 1333.7 1180.1 1036.75 943.53 593.91 473.14
6909409012031-back_camera3-20.jpg 1 1501.82 1343.55 955.97 1121.26 1091.69 444.57
6920181360936_camera3-37.jpg 159 1273.43 1395.36 818.77 1239.09 909.32 312.53
6939789303252-back_camera1-29.jpg 199 1316.33 1167.03 1035.24 854.41 562.18 625.23
6951384903194~B_camera2-17.jpg 196 687.57 907.02 145.45 451.88 1084.24 910.28
6923450605981-back_camera1-7.jpg 140 1257.75 1136.46 1077.87 998.19 359.77 276.54
6901236378823_camera2-34.jpg 177 1215.94 832.76 849.55 461.34 732.78 742.85
6922907011511_camera0-40.jpg 57 1326.92 1211.92 1020.87 1057.24 612.1 309.36
6901285991219_camera0-22.jpg 72 1443.83 811.36 1287.7 292.62 312.25 1037.47
6914973608351-back_camera3-34.jpg 122 1314.81 1435.24 1003.2 1329.79 623.21 210.91
6920152439005_camera2-25.jpg 53 1266.42 914.85 858.43 524.53 815.98 780.63
6907992100272_camera3-34.jpg 102 1370.41 1239.38 1205.57 964.18 329.68 550.41
6925843403303_camera1-15.jpg 163 1265.12 898.23 1152.11 542.68 226.03 711.1
6907992632483-back_camera1-25.jpg 149 1272.83 1126.1 939.14 883.48 667.38 485.24
6934848931155_camera2-28.jpg 26 1212.76 831.98 496.09 222.66 1433.34 1218.63
6959619480205_camera3-8.jpg 35 1371.82 1291.81 1134.42 1045.18 474.79 493.25
6924743921436-back_camera2-27.jpg 39 1227.53 862.32 904.49 549.58 646.08 625.47
6914068018171_camera2-22.jpg 187 1207.12 737.07 937.68 416.01 538.88 642.12
6951384903194_camera2-37.jpg 196 1146.88 850.47 775.16 352.65 743.45 995.64
6924743921436_camera3-31.jpg 39 1431.25 1361.61 1027.6 1211.3 807.3 300.61
6940737300148-back_camera2-11.jpg 22 1336.09 805.59 685.02 313.67 1302.14 983.84
69019388_camera1-31.jpg 141 1301.89 1118.72 1147.52 1062.8 308.74 111.84
6920181360936_camera3-12.jpg 159 1441.32 1454.03 995.43 1271.2 891.77 365.65
6928804010114_camera0-37.jpg 73 1401.71 759.84 1245.4 202.91 312.62 1113.86
6907992100272_camera1-31.jpg 102 1256.73 1003.13 1097.7 770.38 318.06 465.5
6940737300148-back_camera2-12.jpg 22 1346.22 808.76 652.77 263.28 1386.91 1090.96
8993175540629-back_camera2-23.jpg 65 1284.77 836.79 1028.91 559.83 511.72 553.92
6925843403303_camera0-10.jpg 163 1371.92 906.28 1242.6 485.98 258.65 840.6
6914973105379-back_camera1-21.jpg 126 1233.23 1130.43 1084.34 894.64 297.78 471.59
6914973607637_camera2-23.jpg 133 1261.23 877.85 999.58 716.89 523.3 321.91
6907992632483-back_camera2-6.jpg 149 1314.71 889.65 999.96 619.63 629.5 540.04
6950361040808-back_camera1-39.jpg 37 1106.16 1160.47 454.66 725.69 1303.01 869.55
6954432710621_camera1-21.jpg 137 1289.24 1141.95 1162.83 1006.7 252.82 270.49
6914068018171_camera3-17.jpg 187 1381.04 1327.53 1011.94 1070.15 738.2 514.76
6923450605981_camera0-17.jpg 140 1372.16 1066.5 1194.6 987.37 355.13 158.26
6914973607637-back_camera1-8.jpg 133 1291.37 1175.18 995.43 1010.77 591.88 328.82
6920912342002_camera2-31.jpg 6 1169.85 867.01 708.84 452.21 922.01 829.61
6920354818585_camera1-37.jpg 169 1263.78 1088.35 791.63 821.43 944.3 533.84
6953631801604_camera3-30.jpg 176 1401.86 1279.1 1129.59 1018.67 544.53 520.86
6940737300148_camera3-35.jpg 22 1325.91 1407.3 484.48 1105.54 1682.87 603.51
6914973603394~A_camera2-17.jpg 131 781.53 877.01 498.65 793.82 565.76 166.38
038900004095_camera2-33.jpg 112 1235.59 846.67 1071.81 680.4 327.55 332.54
6906151601353_camera0-36.jpg 90 1374.23 1026.56 1219.03 718.78 310.41 615.56
6923450605981_camera2-5.jpg 140 1271.67 875.08 1123.4 723.09 296.54 303.98
6951384903194-back_camera3-3.jpg 196 1414.84 1568.96 888.12 1203.81 1053.44 730.31
6902227014829_camera2-21.jpg 58 1283.48 870.04 1126.96 574.1 313.04 591.88
6920354818585_camera2-13.jpg 169 1299.26 883.18 877.05 555.68 844.42 655.01
6922868290932_camera2-16.jpg 192 1203.74 788.9 1031.91 619.2 343.65 339.4
6924743921436-back_camera3-31.jpg 39 1391.62 1406.12 982.5 1284.02 818.25 244.21
6951384903194~A_camera0-15.jpg 196 1174.06 1109.46 649.89 1017.77 1048.34 183.39
6928804010220_camera3-35.jpg 78 1324.22 927.19 1179.42 360.61 289.59 1133.16
6940188803618-back_camera1-36.jpg 13 1206.94 1147.35 679.68 775.49 1054.53 743.72
6914068016535_camera0-35.jpg 189 1433.37 1235.56 1253.66 1148.57 359.42 173.98
6909409012802-back_camera0-13.jpg 12 1492.61 1156.76 1090.13 968.68 804.96 376.17
6924187829428_camera1-10.jpg 29 1251.97 1184.11 922.28 793.99 659.38 780.23
6907777830523_camera2-32.jpg 17 1177.09 895.98 739.23 529.19 875.72 733.58
6901285991219_camera3-20.jpg 72 1417.64 980.52 1258.49 455.72 318.3 1049.6
6901845042993_camera2-24.jpg 62 1304.62 822.38 1021.25 484.84 566.74 675.09
6920152439005-back_camera3-3.jpg 53 1340.04 1415.88 850.75 1226.48 978.58 378.8
69019388-back_camera1-22.jpg 141 1279.27 1139.46 1198.39 1008.3 161.75 262.33
6951481302241-back_camera2-39.jpg 185 1137.47 756.92 879.68 450.46 515.59 612.93
6901285991219_camera1-3.jpg 72 1216.39 791.12 1058.56 332.08 315.67 918.07
6920181360936_camera2-3.jpg 159 1288.96 951.12 950.27 557.03 677.38 788.18
6907777820708_camera3-11.jpg 156 1396.34 1479.31 1150.62 1355.67 491.44 247.28
6926892501033_camera2-16.jpg 115 1249.28 824.0 1098.02 671.43 302.52 305.15
6901285991219_camera3-33.jpg 72 1365.03 968.68 1211.14 453.09 307.78 1031.19
6922266426001_camera3-28.jpg 193 1390.42 1323.5 1247.02 1210.68 286.8 225.63
6953631801604_camera3-31.jpg 176 1412.22 1282.62 1116.68 1022.54 591.08 520.15
6920152439005-back_camera3-37.jpg 53 1375.4 1379.07 930.46 1213.49 889.88 331.16
6926892568081_camera1-36.jpg 116 1215.54 978.3 1066.48 730.92 298.12 494.76
6914973608351_camera1-20.jpg 122 1278.24 1146.76 1137.5 893.44 281.47 506.64
6909409012031_camera1-12.jpg 1 1350.56 1204.12 905.99 795.07 889.14 818.11
6913102210618_camera3-12.jpg 155 1384.06 1465.27 957.38 1288.3 853.36 353.95
6922266426001-back_camera0-32.jpg 193 1449.44 1059.91 1286.57 969.97 325.74 179.88
6922868290932-back_camera3-26.jpg 192 1367.65 1373.8 1192.72 1244.9 349.87 257.8
6907992510446_camera0-7.jpg 97 1396.94 1110.64 1265.51 898.69 262.86 423.91
6909409012802_camera3-6.jpg 12 1296.51 1345.2 806.74 1118.57 979.55 453.26
6920152439005-back_camera1-28.jpg 53 1277.26 1142.43 866.15 797.5 822.21 689.86
6909409012802_camera0-9.jpg 12 1321.8 1173.04 833.36 989.45 976.87 367.17
6924743913738_camera2-31.jpg 11 1192.55 885.82 727.42 549.11 930.27 673.42
6914973607101-back_camera3-3.jpg 129 1382.12 1446.13 1132.22 1313.29 499.81 265.69
6902227014829-back_camera1-17.jpg 58 1322.83 1129.36 991.98 919.51 661.69 419.7
6959619480205_camera0-20.jpg 35 1440.0 946.32 1211.14 742.45 457.72 407.74
6914973607637-back_camera2-24.jpg 133 1213.84 855.15 955.36 658.52 516.96 393.27
6901236378823-back_camera0-12.jpg 177 1447.62 925.34 1065.79 712.0 763.66 426.68
6914973105379-back_camera1-18.jpg 126 1233.83 1107.72 1008.01 870.74 451.63 473.97
6907777830523_camera2-4.jpg 17 1321.9 952.68 887.85 492.64 868.11 920.08
6921555510568-back_camera1-19.jpg 43 1327.09 1102.35 927.56 826.07 799.05 552.55
6924743921436_camera1-9.jpg 39 1271.53 1177.25 907.93 878.22 727.19 598.06
6902227014829-back_camera3-23.jpg 58 1419.84 1361.04 1086.76 1200.91 666.15 320.26
6902227014843-back_camera2-1.jpg 59 1247.97 926.6 1113.81 658.28 268.32 536.64
6922868290932-back_camera0-10.jpg 192 1411.77 1232.43 1259.04 1142.73 305.46 179.4
6920152439005_camera1-7.jpg 53 1281.84 1148.17 885.87 782.72 791.94 730.9
6951384903194-back_camera0-1.jpg 196 1464.99 1262.0 898.1 1039.71 1133.78 444.57
6936986841044-back_camera1-8.jpg 52 1206.61 1131.4 801.58 758.35 810.05 746.1
6907777830523_camera3-26.jpg 17 1415.32 1390.24 942.76 1214.22 945.12 352.04
6902083881085_camera3-16.jpg 99 1398.65 1144.21 1278.04 805.42 241.22 677.59
6951384903194_camera0-2.jpg 196 1329.3 1441.68 723.89 1217.85 1210.81 447.66
6924743913738_camera2-10.jpg 11 1314.21 849.7 857.06 484.94 914.31 729.52
6951481302241_camera0-25.jpg 185 1462.36 1115.99 1105.91 879.24 712.89 473.5
6907992504476_camera0-34.jpg 107 1374.2 1071.26 1207.69 823.2 333.01 496.12
6901687353417_camera1-27.jpg 194 1281.19 1216.03 852.22 815.93 857.94 800.19
6953631801604_camera0-25.jpg 176 1374.13 959.5 993.21 759.84 761.84 399.31
6951384903194~B_camera2-24.jpg 196 811.05 889.13 271.62 507.4 1078.86 763.46
6902227014829-back_camera1-25.jpg 58 1297.34 1090.1 1011.87 859.79 570.93 460.62
6914068018171_camera2-21.jpg 187 1210.14 743.92 967.66 442.5 484.96 602.85
6951384903194~B_camera1-13.jpg 196 1220.03 723.6 930.68 425.2 578.7 596.8
6920152439005_camera3-24.jpg 53 1365.03 1377.74 871.79 1179.13 986.47 397.22
6940737300148-back_camera0-18.jpg 22 1527.11 1198.43 677.78 1036.55 1698.66 323.76
6914973105379-back_camera1-25.jpg 126 1208.02 1155.29 924.96 922.97 566.12 464.63
6953787800124-back_camera2-17.jpg 40 1263.24 857.61 1034.77 592.78 456.95 529.66
6923450605981_camera2-21.jpg 140 1276.63 856.67 1122.78 758.24 307.71 196.87
6909409012031_camera3-38.jpg 1 1251.91 1336.96 716.59 1137.04 1070.65 399.85
6920152485095-back_camera2-6.jpg 51 1281.6 832.69 856.43 424.07 850.33 817.24
6933631504811~C_camera2-4.jpg 197 732.78 870.09 442.59 590.44 580.38 559.3
6914973607637_camera1-38.jpg 133 1243.18 1160.69 1048.63 930.38 389.1 460.62
6914973608351-back_camera2-8.jpg 122 1294.0 841.11 1105.91 566.21 376.17 549.79
6913102210618-back_camera2-12.jpg 155 1281.4 866.75 940.2 559.54 682.41 614.43
6909409012802_camera0-20.jpg 12 1451.57 1167.58 927.61 988.91 1047.91 357.34
6920152485095-back_camera1-9.jpg 51 1290.68 1134.0 910.5 785.29 760.37 697.42
6959619480205_camera3-28.jpg 35 1435.12 1279.93 1216.19 1045.18 437.86 469.51
6923450605981-back_camera3-37.jpg 140 1355.76 1404.26 1211.97 1284.6 287.58 239.33
6921168509256_camera1-8.jpg 71 1264.16 805.43 1099.59 338.65 329.15 933.56
6901845042993-back_camera3-24.jpg 62 1378.09 1410.12 989.58 1226.17 777.02 367.9
6951384903194~B_camera1-18.jpg 196 1194.57 713.01 728.82 493.78 931.49 438.46
6914068016115_camera0-37.jpg 175 1411.05 1134.41 927.03 892.4 968.05 484.03
6902227014843_camera2-10.jpg 59 1285.32 863.03 1016.3 733.32 538.04 259.41
6924743921436-back_camera1-6.jpg 39 1261.92 1178.31 891.65 858.78 740.55 639.06
6922266457616-back_camera2-28.jpg 179 1218.93 776.14 751.19 450.29 935.48 651.7
6928804010220_camera3-4.jpg 78 1354.42 930.6 1200.74 344.77 307.36 1171.65
6902227014843-back_camera3-18.jpg 59 1390.44 1295.93 1052.89 1167.79 675.09 256.28
6926892501033_camera2-12.jpg 115 1263.87 815.39 1120.36 675.05 287.02 280.68
6954432710621_camera3-24.jpg 137 1397.9 1425.1 1195.35 1331.71 405.11 186.77
6902227014829_camera3-6.jpg 58 1346.61 1364.59 1063.82 1192.28 565.58 344.61
6920181360936_camera1-4.jpg 159 1180.88 1185.71 724.48 842.42 912.81 686.58
6933631504811-back_camera1-10.jpg 197 1257.35 1105.49 1025.6 916.56 463.5 377.86
6901236378823-back_camera1-19.jpg 177 1222.88 1064.32 851.56 784.16 742.63 560.31
6914068016115_camera2-21.jpg 175 1179.61 769.55 909.03 336.45 541.16 866.19
6902227014829-back_camera2-32.jpg 58 1206.11 885.21 911.35 690.65 589.52 389.13
6933631504811_camera0-26.jpg 197 1427.22 1075.38 1097.71 989.27 659.01 172.22
6951384903194~A_camera1-25.jpg 196 1111.02 731.8 805.45 446.32 611.13 570.95
6953631801604_camera0-37.jpg 176 1474.2 980.52 1090.13 771.39 768.13 418.26
6923450605981-back_camera3-40.jpg 140 1372.92 1400.1 1253.23 1281.72 239.38 236.75
6914068018171_camera3-24.jpg 187 1427.8 1316.77 1056.58 1056.56 742.45 520.42
6907777815186_camera3-36.jpg 28 1293.63 1411.39 613.74 1203.11 1359.79 416.57
6940737300148_camera2-20.jpg 22 1259.18 749.9 780.44 111.57 957.49 1276.66
6939789303252_camera1-36.jpg 199 1186.3 1153.89 780.42 862.29 811.75 583.2
6922266426001_camera0-29.jpg 193 1426.84 1237.0 1245.33 1144.93 363.02 184.14
6940477401396_camera1-30.jpg 173 1288.63 1107.76 1149.34 757.05 278.59 701.43
6940737300148_camera0-7.jpg 22 1347.85 1201.17 554.49 1019.91 1586.72 362.53
6922868290932_camera1-28.jpg 192 1290.06 1113.37 1119.07 942.38 341.98 341.98
6901845042993_camera0-27.jpg 62 1372.17 1086.33 1016.17 970.57 712.01 231.52
6914068016115-back_camera1-8.jpg 175 1240.13 1060.92 862.31 624.53 755.64 872.79
6940477401396_camera2-35.jpg 173 1194.1 914.5 841.66 574.09 704.87 680.82
6920152485095_camera3-2.jpg 51 1363.28 1426.05 853.8 1204.35 1018.96 443.4
6902227014843-back_camera0-1.jpg 59 1332.91 1194.83 1015.91 1076.06 634.01 237.53
6914973607637-back_camera1-5.jpg 133 1268.5 1187.32 1021.12 960.56 494.76 453.53
6909409012031-back_camera1-3.jpg 1 1298.13 1108.96 773.71 779.75 1048.85 658.43
6914973607101_camera3-35.jpg 129 1340.04 1434.3 1076.98 1313.29 526.12 242.01
6953631801604-back_camera3-35.jpg 176 1424.94 1282.25 1053.52 1050.58 742.85 463.34
6933093050208_camera0-6.jpg 198 1383.44 1025.24 1313.73 734.56 139.42 581.36
6933631504811~C_camera2-20.jpg 197 755.09 823.1 503.5 611.08 503.17 424.03
6920152439005-back_camera3-6.jpg 53 1310.94 1420.21 837.16 1223.84 947.56 392.74
6901687353417_camera1-19.jpg 194 1262.43 1215.96 792.87 945.01 939.12 541.9
6951384903194~B_camera3-14.jpg 196 1149.05 894.86 742.29 678.35 813.52 433.01
6922266457616-back_camera1-34.jpg 179 1330.51 1083.32 864.66 647.68 931.71 871.27
6901845042993-back_camera1-38.jpg 62 1230.03 1133.26 854.99 881.13 750.07 504.27
6954432710621-back_camera3-32.jpg 137 1344.58 1413.53 1150.79 1327.94 387.57 171.17
6951481302241_camera3-31.jpg 185 1469.88 1276.48 1209.82 1010.07 520.13 532.82
6940477401396~B~back_camera0-39.jpg 173 1098.91 1070.17 778.1 955.56 641.63 229.23
038900004095_camera2-32.jpg 112 1238.75 842.42 1063.82 671.43 349.87 341.98
6902227014843-back_camera1-32.jpg 59 1278.22 1071.28 1084.87 821.37 386.7 499.81
6933631504811~C_camera1-38.jpg 197 1158.83 703.8 965.69 587.9 386.27 231.8
6923589421131-back_camera2-21.jpg 181 1226.6 770.99 983.98 407.05 485.24 727.87
6922868290932_camera0-5.jpg 192 1375.56 1238.32 1158.53 1144.93 434.05 186.77
6951481302241_camera0-4.jpg 185 1375.55 1102.84 1050.67 873.98 649.75 457.72
6953631801604-back_camera0-18.jpg 176 1403.02 1143.38 1032.61 941.1 740.82 404.56
6951481302241_camera3-26.jpg 185 1439.8 1302.32 1108.79 1022.54 662.01 559.56
6922266457616-back_camera1-23.jpg 179 1224.38 1096.1 719.99 678.4 1008.78 835.39
6920152439005-back_camera3-12.jpg 53 1385.0 1418.26 987.3 1210.42 795.4 415.67
6950361040808-back_camera1-10.jpg 37 1349.4 1274.7 834.44 823.95 1029.92 901.49
6914068018171_camera0-40.jpg 187 1367.8 1136.35 1038.49 948.57 658.62 375.56
6914973608306_camera2-35.jpg 124 1266.81 899.32 1022.83 653.3 487.96 492.04
6934848931155_camera3-31.jpg 26 1539.63 1382.44 867.11 1048.81 1345.04 667.26
6936986841044-back_camera0-14.jpg 52 1404.34 1215.62 964.31 1072.45 880.05 286.35
6922907011511_camera0-29.jpg 57 1393.96 1205.43 984.91 1055.49 818.11 299.89
6901845042993_camera3-19.jpg 62 1383.49 1431.19 990.3 1281.09 786.38 300.21
6922868290932-back_camera0-6.jpg 192 1400.43 1236.09 1196.24 1143.71 408.39 184.75
6920152439005_camera2-31.jpg 53 1298.49 879.0 946.86 572.3 703.27 613.4
6902227014829-back_camera3-40.jpg 58 1304.76 1370.06 958.54 1220.97 692.45 298.18
6920354818585-back_camera1-24.jpg 169 1290.4 1164.77 836.69 821.59 907.43 686.35
6951481302241-back_camera0-31.jpg 185 1420.27 1130.46 1166.42 897.66 507.7 465.61
6902227014843-back_camera1-29.jpg 59 1278.91 1076.0 1105.97 822.99 345.88 506.02
6922266426001_camera3-5.jpg 193 1384.76 1323.81 1187.46 1189.65 394.59 268.32
6951384903194~A_camera1-8.jpg 196 1173.4 767.64 960.98 490.39 424.85 554.51
6907777815186-back_camera0-17.jpg 28 1393.97 1047.6 716.59 868.72 1354.75 357.76
6914973608306_camera2-34.jpg 124 1262.94 899.35 1039.56 632.85 446.77 533.0
6934848931155-back_camera3-30.jpg 26 1483.14 1465.19 853.97 1146.01 1258.35 638.37
6914973608306~A_camera0-14.jpg 124 1110.89 1101.9 863.4 1044.38 494.99 115.04
9556041603720_camera0-25.jpg 121 1410.06 1187.62 1232.01 1042.54 356.09 290.15
6907992632483-back_camera1-13.jpg 149 1307.12 1187.01 1008.93 883.97 596.38 606.08
6928804010220_camera1-10.jpg 78 1296.89 768.14 1128.61 263.28 336.57 1009.72
6902227014843_camera0-31.jpg 59 1412.06 1204.16 1260.51 1076.72 303.1 254.88
6940477401396~B_camera1-4.jpg 173 1194.64 719.64 825.86 646.27 737.56 146.75
6923450605981-back_camera3-8.jpg 140 1371.6 1409.31 1184.83 1313.29 373.54 192.03
6914973607101_camera3-26.jpg 129 1417.64 1432.98 1076.98 1323.81 681.32 218.34
6922266426001-back_camera1-2.jpg 193 1276.37 1119.01 1091.51 972.9 369.71 292.23
8993175540629-back_camera2-26.jpg 65 1257.07 836.8 955.05 570.39 604.04 532.82
6914068016115_camera3-16.jpg 175 1382.14 1291.07 894.88 1015.33 974.52 551.47
6934848931155-back_camera3-12.jpg 26 1591.07 1556.06 782.27 1173.2 1617.59 765.72
6920152497029_camera3-13.jpg 49 1389.95 1262.82 1063.22 946.84 653.46 631.96
6920912342002_camera3-13.jpg 6 1476.58 1362.52 864.94 1124.23 1223.27 476.58
6902227014843-back_camera2-35.jpg 59 1212.32 894.52 954.25 643.59 516.14 501.85
6902227014829_camera0-12.jpg 58 1406.08 1208.82 1238.2 1085.14 335.76 247.35
6901687353417_camera1-40.jpg 194 1252.88 1124.45 802.47 898.18 900.83 452.54
6914973607101_camera3-22.jpg 129 1420.26 1446.14 1184.83 1292.25 470.87 307.78
6914973608351_camera3-12.jpg 122 1399.67 1417.11 1051.99 1305.91 695.37 222.39
6902227014843-back_camera2-9.jpg 59 1322.99 899.46 1049.52 733.25 546.95 332.42
6940737300148_camera1-12.jpg 22 1446.55 1282.8 787.92 632.61 1317.27 1300.38
6920152439005-back_camera2-22.jpg 53 1294.88 831.94 994.29 466.7 601.17 730.49
6914973603394~B_camera2-11.jpg 131 709.03 855.11 508.1 590.43 401.85 529.35
6914973608306_camera2-33.jpg 124 1256.78 897.21 1061.57 619.28 390.42 555.86
6939789303252_camera1-1.jpg 199 1185.24 1188.88 805.45 1016.03 759.58 345.7
6940188803618-back_camera2-17.jpg 13 1293.79 782.99 834.05 299.2 919.48 967.58
6928804011173_camera0-39.jpg 74 1365.95 771.43 1227.81 230.75 276.28 1081.36
6954432710249_camera3-8.jpg 138 1332.06 1427.42 1137.67 1337.26 388.77 180.32
6926892568081_camera3-29.jpg 116 1384.76 1214.64 1232.18 945.01 305.15 539.27
6907376820598_camera0-33.jpg 164 1430.37 888.18 1310.97 653.63 238.79 469.1
6922266426001-back_camera3-22.jpg 193 1390.73 1335.86 1198.06 1233.58 385.34 204.56
6920152485095-back_camera3-29.jpg 51 1373.64 1373.0 981.91 1164.41 783.46 417.18
6928804011173_camera1-37.jpg 74 1219.02 729.3 1053.3 221.6 331.45 1015.4
6940188803618-back_camera2-22.jpg 13 1227.96 791.93 866.37 349.52 723.18 884.83
6902083881085_camera3-39.jpg 99 1370.29 1150.2 1250.6 808.22 239.38 683.95
6902227014843-back_camera3-22.jpg 59 1390.69 1304.44 1057.68 1142.69 666.02 323.5
6901236378823_camera2-1.jpg 177 1239.86 778.62 967.9 413.49 543.92 730.26
6901687353417_camera0-30.jpg 194 1342.14 1122.04 946.52 1026.02 791.25 192.04
6920152439005-back_camera0-35.jpg 53 1458.99 1215.6 1020.71 1091.79 876.56 247.62
6920152439005_camera3-14.jpg 53 1342.67 1359.33 842.86 1139.67 999.62 439.31
6909409012802-back_camera0-8.jpg 12 1369.94 1157.7 838.19 976.19 1063.5 363.01
6920152485095_camera2-17.jpg 51 1284.07 829.38 901.09 422.41 765.96 813.93
6901073808347_camera0-4.jpg 120 1398.59 1232.63 1172.38 1109.73 452.41 245.8
6914973603394~A_camera2-24.jpg 131 782.61 818.87 594.12 552.48 376.98 532.78
6901073808347_camera0-7.jpg 120 1403.56 1230.22 1102.11 1114.0 602.91 232.44
6907777820708_camera1-17.jpg 156 1280.51 1201.45 959.61 976.39 641.8 450.12
6907777815186_camera1-36.jpg 28 1220.8 1181.3 590.41 727.04 1260.78 908.53
6922868290932-back_camera1-19.jpg 192 1295.32 1116.0 1121.7 971.32 347.24 289.36
6911988005397_camera0-7.jpg 69 1449.33 1038.39 1160.23 931.72 578.2 213.34
6901236378823_camera0-23.jpg 177 1392.65 1109.41 979.65 879.24 826.0 460.35
6922868290932_camera1-40.jpg 192 1245.85 1111.07 1083.31 984.21 325.08 253.72
6909409012802-back_camera1-3.jpg 12 1253.23 1108.11 763.94 810.85 978.58 594.51
69019388-back_camera3-29.jpg 141 1371.17 1415.81 1201.88 1367.88 338.58 95.85
6920152485095_camera3-12.jpg 51 1443.26 1430.37 967.5 1211.31 951.52 438.12
6959619480205_camera2-11.jpg 35 1297.21 866.39 1099.78 667.38 394.86 398.03
6935145301030_camera0-22.jpg 88 1435.02 834.02 1297.78 342.98 274.48 982.07
6901844710114_camera2-17.jpg 158 1298.4 833.56 1046.58 565.67 503.64 535.78
9556041603720_camera0-18.jpg 121 1404.48 1187.02 1224.29 1042.34 360.39 289.36
6901236378823-back_camera3-18.jpg 177 1319.95 1286.0 939.77 1040.87 760.37 490.27
6902227014829-back_camera3-5.jpg 58 1303.94 1391.01 1005.05 1210.68 597.79 360.66
6902227014829-back_camera1-5.jpg 58 1192.7 1151.19 894.58 900.64 596.25 501.1
6928804010114_camera3-5.jpg 73 1367.02 926.83 1220.25 349.46 293.54 1154.74
6920354808388_camera1-25.jpg 170 1268.28 1133.61 844.26 776.41 848.04 714.4
6901236378823-back_camera3-38.jpg 177 1408.72 1280.55 1026.9 1029.99 763.64 501.11
6934848931155-back_camera0-17.jpg 26 1527.89 1369.21 673.08 1109.14 1709.63 520.14
6940737300148_camera1-22.jpg 22 1472.88 1146.25 706.06 668.8 1533.63 954.9
6920152439005-back_camera1-5.jpg 53 1218.13 1135.91 760.12 801.26 916.03 669.3
6907777800519-back_camera2-13.jpg 15 1330.83 801.64 787.61 329.45 1086.43 944.38
6951481302241-back_camera2-5.jpg 185 1140.33 786.11 825.08 460.36 630.49 651.5
6922266426001_camera3-11.jpg 193 1398.79 1316.13 1236.55 1191.86 324.48 248.54
6954432710621-back_camera1-3.jpg 137 1290.44 1157.22 1117.85 1000.73 345.19 312.98
6914973608306~A_camera3-15.jpg 124 1043.67 881.49 784.56 789.51 518.22 183.95
6934848931155_camera0-36.jpg 26 1477.89 1198.55 662.2 1014.66 1631.38 367.78
6907777815186_camera3-3.jpg 28 1383.61 1518.43 698.36 1197.94 1370.5 640.98
6914973608351_camera1-13.jpg 122 1282.16 1148.88 963.86 981.84 636.6 334.08
6901073808347_camera2-15.jpg 120 1284.13 850.86 1062.31 615.53 443.65 470.66
6922868290932_camera1-22.jpg 192 1300.12 1135.14 1130.21 998.54 339.81 273.2
6940477401396~B~back_camera0-36.jpg 173 1095.72 1067.13 657.13 973.58 877.18 187.11
6940477401396~B_camera1-17.jpg 173 1155.0 732.75 931.22 503.16 447.56 459.19
6907777815186_camera1-17.jpg 28 1384.95 1227.93 730.98 705.33 1307.94 1045.2
6901687353417_camera3-7.jpg 194 1370.34 1404.85 937.42 1183.56 865.84 442.58
6924743921436-back_camera1-24.jpg 39 1309.76 1122.03 926.01 831.04 767.51 581.98
6939789303252-back_camera1-6.jpg 199 1173.16 1173.59 777.79 870.17 790.74 606.84
4800009004827_camera0-16.jpg 111 1434.03 1062.7 1233.56 777.68 400.94 570.04
6923589421131-back_camera2-16.jpg 181 1219.69 812.69 856.84 419.93 725.7 785.53
6926892568081_camera2-28.jpg 116 1203.24 824.0 1053.3 671.43 299.89 305.15
6920912342002_camera0-21.jpg 6 1545.22 1143.62 969.12 937.12 1152.19 413.0
6920152497029_camera1-19.jpg 49 1349.82 1022.55 1027.22 673.48 645.19 698.13
6914973607101-back_camera1-34.jpg 129 1238.76 1146.24 940.19 958.16 597.14 376.17
6934848931155_camera1-10.jpg 26 1234.82 1172.71 668.24 677.9 1133.16 989.63
6907777815186_camera3-37.jpg 28 1260.71 1407.35 580.96 1214.31 1359.5 386.07
6902227014843_camera3-6.jpg 59 1351.15 1382.6 1113.29 1210.54 475.73 344.11
6920152439005-back_camera3-8.jpg 53 1300.82 1419.54 876.2 1224.61 849.23 389.87
6926892568081_camera3-36.jpg 116 1325.03 1230.05 1169.41 959.32 311.23 541.45
6920354808388_camera2-14.jpg 170 1304.53 875.29 892.84 547.79 823.37 655.01
6907777830523_camera1-23.jpg 17 1389.69 1118.93 891.1 786.54 997.18 664.79
6940737300148_camera0-40.jpg 22 1195.36 1194.92 356.2 1023.93 1678.31 341.98
6954432710621-back_camera2-18.jpg 137 1272.95 831.89 1108.54 695.1 328.82 273.58
6902227014843-back_camera2-4.jpg 59 1282.45 927.32 1059.2 654.52 446.49 545.6
6909409012802-back_camera3-25.jpg 12 1432.5 1327.57 907.47 1088.35 1050.06 478.45
6953787800124-back_camera2-40.jpg 40 1275.23 884.92 1079.09 632.07 392.28 505.69
6913102210618_camera2-4.jpg 155 1264.76 834.01 922.5 468.63 684.52 730.77
6922868290932_camera0-20.jpg 192 1422.15 1239.25 1231.06 1151.74 382.19 175.02
6902227014843_camera2-6.jpg 59 1285.85 872.14 1009.24 639.71 553.21 464.86
6925843403303_camera3-35.jpg 163 1375.36 1061.58 1258.8 653.64 233.11 815.88
6902227014843_camera1-32.jpg 59 1263.35 1080.16 1041.37 844.93 443.96 470.47
6909409012031_camera0-17.jpg 1 1528.12 1171.24 929.66 1000.25 1196.91 341.98
69019388-back_camera1-5.jpg 141 1262.64 1153.65 1124.14 1032.38 276.99 242.53
6901236378823_camera0-7.jpg 177 1427.66 1124.47 1052.1 889.52 751.12 469.91
6920152439005-back_camera1-37.jpg 53 1280.85 1108.11 856.01 776.65 849.68 662.91
038900004095_camera3-15.jpg 112 1380.81 1356.7 1182.2 1179.13 397.22 355.13
6922266457616-back_camera3-14.jpg 179 1354.26 1303.43 867.06 992.42 974.41 622.03
6914973608306~A_camera1-1.jpg 124 1150.67 688.34 914.92 576.76 471.51 223.15
6914973607637_camera2-7.jpg 133 1276.34 864.65 1073.13 611.16 406.41 506.99
6913102210618_camera1-2.jpg 155 1330.42 1147.42 939.4 878.02 782.04 538.8
6909409012031-back_camera0-36.jpg 1 1403.17 1162.04 848.12 987.1 1110.11 349.87
6920354818585-back_camera2-13.jpg 169 1313.07 918.7 878.2 633.05 869.74 571.3
6933631504811~C_camera2-8.jpg 197 751.63 862.77 527.85 613.37 447.57 498.81
6914068018171_camera0-19.jpg 187 1417.6 1150.3 1049.91 940.29 735.37 420.01
6925843403303_camera3-7.jpg 163 1343.33 1080.25 1209.86 647.93 266.94 864.64
6914973608306~A~back_camera3-40.jpg 124 1020.66 1073.07 763.58 1004.56 514.16 137.02
6922868290932_camera2-24.jpg 192 1190.92 766.22 1036.31 594.17 309.22 344.11
6928804010220_camera3-28.jpg 78 1362.31 922.71 1211.25 357.9 302.11 1129.62
6914973608351_camera2-14.jpg 122 1295.7 848.24 1114.13 576.28 363.14 543.92
6933631504811~C_camera2-17.jpg 197 762.72 829.54 490.44 588.75 544.56 481.58
6940737300148-back_camera0-32.jpg 22 1474.19 1225.16 834.96 994.99 1278.46 460.35
6907777820708_camera3-13.jpg 156 1404.11 1474.91 1095.14 1340.07 617.94 269.68
6901236378823_camera0-6.jpg 177 1422.89 1135.73 1013.84 897.66 818.11 476.14
6923450605981-back_camera3-10.jpg 140 1383.27 1406.9 1199.68 1330.19 367.17 153.43
6951384903194~A_camera3-17.jpg 196 1058.48 884.65 567.76 769.84 981.44 229.63
038900004095_camera1-25.jpg 112 1304.52 1085.75 1119.07 881.88 370.91 407.74
6918717002160_camera0-32.jpg 180 1413.61 1126.12 1106.4 889.42 614.42 473.41
6901236378823_camera2-39.jpg 177 1234.99 784.62 1020.9 451.24 428.18 666.75
6951384903194-back_camera1-14.jpg 196 1299.26 1176.5 827.07 789.81 944.38 773.39
6907777830523_camera2-11.jpg 17 1362.64 855.83 967.11 555.44 791.07 600.78
038900004095_camera1-9.jpg 112 1233.49 1091.01 1042.78 884.51 381.43 413.0
6914973603394~A_camera2-4.jpg 131 688.4 867.64 491.24 600.95 394.32 533.39
6906151601353_camera3-23.jpg 90 1343.89 1187.59 1222.68 882.73 242.43 609.71
6914973608351_camera0-37.jpg 122 1350.66 1274.73 1054.55 1219.96 592.22 109.54
038900004095_camera2-17.jpg 112 1302.99 853.57 1139.71 687.3 326.55 332.54
6923589421131-back_camera1-18.jpg 181 1249.83 1150.23 833.23 856.06 833.19 588.35
6940737300148_camera3-17.jpg 22 1497.11 1442.53 629.56 1103.05 1735.09 678.95
6951384903194~A_camera3-13.jpg 196 1083.63 916.09 626.98 710.36 913.31 411.45
6901845042993-back_camera1-9.jpg 62 1237.48 1161.43 977.38 848.46 520.2 625.95
6922868290932-back_camera2-11.jpg 192 1200.62 776.65 1042.78 642.49 315.67 268.32
6902227014843-back_camera1-4.jpg 59 1189.45 1114.29 885.78 903.38 607.35 421.81
6939789303252-back_camera1-37.jpg 199 1274.3 1124.99 874.99 846.53 798.62 556.93
6940477401396~B~back_camera1-30.jpg 173 1140.82 733.73 783.75 614.78 714.14 237.9
6922907011511_camera0-20.jpg 57 1419.18 1216.51 1126.45 1056.51 585.47 320.01
6907992504476_camera0-7.jpg 107 1416.32 1076.54 1242.7 816.11 347.24 520.86
6934848931155_camera2-33.jpg 26 1212.57 885.94 486.19 258.08 1452.75 1255.72
6940737300148_camera0-26.jpg 22 1536.89 1222.96 711.21 1019.03 1651.36 407.87
69019388-back_camera1-31.jpg 141 1256.31 1127.51 1097.83 1069.53 316.96 115.96
6907777830523_camera2-18.jpg 17 1290.06 781.91 892.84 329.45 794.44 904.92
6939789303252_camera1-14.jpg 199 1346.54 1244.52 969.56 914.83 753.96 659.38
6923589421131-back_camera3-36.jpg 181 1367.65 1323.82 1000.69 1071.28 733.93 505.07
6902227014843-back_camera3-21.jpg 59 1395.44 1304.55 1052.1 1148.28 686.69 312.54
6922868290932_camera0-33.jpg 192 1431.7 1233.63 1272.91 1142.9 317.58 181.47
6926892562003_camera2-18.jpg 117 1269.02 867.41 1121.7 718.78 294.63 297.26
6914068018171_camera0-21.jpg 187 1439.43 1144.53 1099.32 950.08 680.22 388.9
6953631801604_camera0-22.jpg 176 1368.28 958.66 1033.37 766.03 669.82 385.27
6923589421131-back_camera1-19.jpg 181 1259.8 1150.2 840.22 887.14 839.16 526.12
6920152485095_camera2-19.jpg 51 1267.89 832.8 957.43 467.21 620.92 731.18
6925843403303_camera1-36.jpg 163 1260.7 847.1 1147.32 497.44 226.76 699.32
6951481302241-back_camera0-33.jpg 185 1458.82 1127.61 1183.69 910.36 550.26 434.5
6914973607637_camera2-9.jpg 133 1270.4 862.39 1142.75 592.02 255.31 540.75
6940737300148-back_camera1-29.jpg 22 1209.86 1151.97 646.97 594.88 1125.78 1114.17
6902227014843_camera3-28.jpg 59 1359.16 1352.78 1194.7 1180.84 328.93 343.88
6922266457616-back_camera2-24.jpg 179 1212.76 798.76 777.53 338.66 870.45 920.19
6902227014843_camera3-31.jpg 59 1381.81 1362.61 1155.68 1177.9 452.25 369.42
6940737300148_camera0-20.jpg 22 1566.26 1210.7 685.02 1016.04 1762.49 389.33
6907992504476_camera1-25.jpg 107 1253.23 976.58 1095.39 713.52 315.67 526.12
6902227014829_camera0-21.jpg 58 1396.6 1208.07 1045.41 1084.43 702.37 247.27
6901687353417_camera2-34.jpg 194 1141.65 771.07 670.76 332.91 941.78 876.31
6902227014843_camera3-32.jpg 59 1383.24 1356.44 1121.59 1187.56 523.3 337.77
6922266426001-back_camera1-39.jpg 193 1275.06 1119.4 1099.4 990.81 351.32 257.18
9556041603720_camera3-26.jpg 121 1385.0 1343.24 1213.55 1179.7 342.9 327.08
6940188803618-back_camera2-1.jpg 13 1280.12 970.0 950.81 516.74 658.62 906.53
6902227014843_camera1-35.jpg 59 1251.62 1089.34 963.01 861.78 577.22 455.11
6922266457616-back_camera3-26.jpg 179 1327.01 1336.2 920.87 992.1 812.28 688.2
6902083881085_camera0-35.jpg 99 1394.0 983.34 1273.39 647.57 241.22 671.53
6902083881085_camera0-39.jpg 99 1389.84 983.53 1261.31 650.95 257.05 665.16
6924743913738_camera1-31.jpg 11 1288.19 1073.62 873.28 670.32 829.83 806.61
6922266426001_camera1-39.jpg 193 1259.1 1109.75 1076.96 969.07 364.27 281.36
6920152439005_camera0-34.jpg 53 1422.45 1219.9 971.3 1091.46 902.3 256.89
9556041603720_camera3-18.jpg 121 1375.78 1349.83 1205.64 1174.42 340.27 350.82
6901845042993_camera1-4.jpg 62 1208.05 1109.54 834.05 847.0 748.01 525.07
6920152485095-back_camera2-26.jpg 51 1256.28 909.48 818.16 500.37 876.25 818.22
6907992510446_camera0-16.jpg 97 1441.71 1108.57 1318.02 899.25 247.38 418.64
6951384903194~B_camera2-7.jpg 196 657.2 812.24 186.51 285.69 941.39 1053.11
6914973607101-back_camera2-5.jpg 129 1273.03 886.14 1017.79 654.6 510.48 463.08
6925792550042_camera3-23.jpg 200 1361.43 1235.99 1295.28 1003.67 132.31 464.64
6939789303252_camera1-39.jpg 199 1156.18 1168.45 763.07 955.46 786.21 425.99
6951481302241-back_camera1-3.jpg 185 1274.3 1036.99 948.55 746.7 651.5 580.57
6920181360936-back_camera3-31.jpg 159 1392.65 1426.41 1027.0 1252.79 731.3 347.24
6907777830523_camera1-37.jpg 17 1185.06 1127.72 678.41 786.78 1013.3 681.88
6940477401396~B_camera1-10.jpg 173 1135.44 728.89 866.74 506.54 537.41 444.7
6954432710621-back_camera2-14.jpg 137 1303.93 840.96 1145.94 672.22 315.98 337.48
6925792550042_camera1-24.jpg 200 1253.89 1023.13 1188.26 843.94 131.27 358.38
6930114504085-back_camera2-30.jpg 195 1174.31 767.44 995.43 695.1 357.76 144.68
6959619480205_camera0-24.jpg 35 1439.73 948.49 1219.31 751.85 440.84 393.27
6923450605981_camera2-40.jpg 140 1266.35 875.7 1118.88 791.33 294.94 168.74
6909409012031_camera3-30.jpg 1 1458.5 1319.51 1066.24 1084.4 784.52 470.22
6954432710249-back_camera3-9.jpg 138 1395.47 1427.78 1223.53 1361.86 343.88 131.84
9556041603720_camera0-12.jpg 121 1397.91 1189.65 1219.03 1042.34 357.76 294.63
6936986841044-back_camera2-33.jpg 52 1227.02 820.26 825.08 441.97 803.87 756.58
6922266426001_camera1-15.jpg 193 1269.07 1147.62 1085.91 975.56 366.31 344.11
6907992510446_camera3-27.jpg 97 1372.92 1259.11 1249.28 1048.19 247.28 421.83
6902227014829_camera3-10.jpg 58 1373.39 1365.84 1202.05 1184.89 342.68 361.9
6934848931155_camera1-15.jpg 26 1361.09 1234.38 574.54 613.56 1573.09 1241.63
6940477401396_camera2-19.jpg 173 1311.63 791.21 1134.1 370.68 355.06 841.06
6926475203170_camera0-26.jpg 33 1491.69 1033.13 1288.76 750.18 405.87 565.91
6914973607637-back_camera2-38.jpg 133 1289.18 922.71 1024.76 744.18 528.84 357.06
6909409012802_camera3-11.jpg 12 1434.74 1346.17 987.54 1089.69 894.4 512.96
6914973607101_camera2-5.jpg 129 1272.99 892.5 1024.73 646.88 496.51 491.25
6902227014829-back_camera3-8.jpg 58 1341.75 1401.88 1162.71 1221.5 358.08 360.76
6933631504811~C_camera3-36.jpg 197 1050.46 882.0 791.26 764.29 518.41 235.42
6902227014843-back_camera3-19.jpg 59 1402.33 1296.17 1067.02 1155.6 670.61 281.14
6951481302241-back_camera0-32.jpg 185 1458.79 1132.06 1217.75 915.6 482.07 432.91
6920354818585_camera1-4.jpg 169 1201.93 1121.26 753.42 776.65 897.03 689.21
6951384903194~A_camera3-36.jpg 196 988.69 919.69 517.0 776.88 943.38 285.62
6933631504811_camera0-39.jpg 197 1416.27 1067.58 1115.05 980.91 602.44 173.34
6901236378823-back_camera0-32.jpg 177 1463.67 948.95 1069.09 726.67 789.17 444.57
6907992504476_camera1-1.jpg 107 1243.57 1022.07 1128.94 749.27 229.25 545.6
6928804011173_camera0-8.jpg 74 1391.33 774.02 1232.18 216.34 318.3 1115.37
6920152439005-back_camera0-39.jpg 53 1404.63 1218.78 962.75 1100.44 883.77 236.67
6922868290932-back_camera1-9.jpg 192 1278.21 1143.62 1134.85 973.95 286.73 339.35
6913102210618-back_camera1-25.jpg 155 1244.02 1175.18 840.22 858.2 807.59 633.97
6940477401396~B_camera0-21.jpg 173 1118.87 1093.89 705.43 1004.29 826.87 179.21
6901285991219_camera3-8.jpg 72 1355.78 983.47 1198.62 455.74 314.33 1055.46
6920152485095-back_camera1-26.jpg 51 1228.53 1119.83 779.04 763.51 898.97 712.63
6922266457616_camera3-5.jpg 179 1279.53 1314.61 813.92 987.1 931.23 655.01
6920152439005_camera1-17.jpg 53 1249.28 1097.59 803.4 810.85 891.77 573.47
6902227014829-back_camera2-1.jpg 58 1274.58 934.78 1124.39 643.95 300.37 581.66
6920152485095-back_camera3-4.jpg 51 1470.26 1326.32 980.49 1136.2 979.55 380.24
6940737300148-back_camera3-16.jpg 22 1496.71 1419.48 648.1 1113.53 1697.22 611.91
6940737300148_camera2-16.jpg 22 1331.15 769.03 626.92 34.4 1408.46 1469.26
6922266457616-back_camera0-27.jpg 179 1356.43 1144.28 908.14 899.62 896.59 489.31
6940477401396-back_camera0-30.jpg 173 1315.83 1195.68 1010.0 1052.28 611.65 286.8
6909409012031_camera2-23.jpg 1 1246.64 789.81 832.33 313.67 828.63 952.27
6920354818585-back_camera1-38.jpg 169 1270.32 1059.44 790.24 813.48 960.16 491.92
6922868290932_camera3-12.jpg 192 1377.25 1410.05 1201.23 1283.98 352.04 252.14
6909409012802_camera0-14.jpg 12 1491.73 1174.74 996.77 996.56 989.93 356.37
6928804010220_camera3-13.jpg 78 1420.56 931.53 1262.98 352.1 315.15 1158.86
6920152439005-back_camera3-22.jpg 53 1450.48 1388.73 981.03 1193.39 938.9 390.67
6936986841044-back_camera2-25.jpg 52 1306.03 833.14 911.96 429.83 788.13 806.63
6928804010220_camera0-11.jpg 78 1424.22 764.82 1276.9 205.82 294.63 1118.0
6907777815186-back_camera0-26.jpg 28 1329.51 1084.43 606.1 845.05 1446.82 478.77
038900004095_camera2-39.jpg 112 1234.78 873.97 1069.13 704.32 331.29 339.3
6924743921436-back_camera3-12.jpg 39 1449.3 1439.74 1016.56 1237.31 865.48 404.86
6951384903194_camera1-14.jpg 196 1287.17 1203.2 823.73 811.92 926.88 782.57
6959619480205_camera0-36.jpg 35 1426.2 945.87 1204.25 740.32 443.91 411.1
6901236378823-back_camera2-22.jpg 177 1196.68 802.95 887.58 421.52 618.19 762.87
6902227014829-back_camera1-2.jpg 58 1190.84 1112.84 852.96 912.67 675.76 400.33
6939789303252-back_camera1-24.jpg 199 1333.4 1206.43 924.9 917.46 817.01 577.95
6921168509256_camera1-26.jpg 71 1283.89 767.89 1125.57 305.28 316.64 925.22
6914973603394~A_camera2-18.jpg 131 781.44 876.18 502.43 776.47 558.03 199.42
6901285991219_camera0-31.jpg 72 1418.96 809.53 1266.38 305.78 305.15 1007.51
6909409012031_camera0-20.jpg 1 1508.39 1169.92 955.97 994.99 1104.84 349.87
6926892501033_camera2-39.jpg 115 1284.8 847.67 1132.22 697.73 305.15 299.89
6933631504811-back_camera1-2.jpg 197 1276.67 1108.14 1002.68 949.27 547.99 317.75
6920152439005_camera1-23.jpg 53 1217.27 1115.22 790.45 813.31 853.64 603.83
6940188803618-back_camera2-35.jpg 13 1216.45 946.08 734.69 481.64 963.53 928.88
6933631504811~C_camera2-29.jpg 197 719.82 823.88 526.2 596.56 387.23 454.64
6914973607637-back_camera1-39.jpg 133 1200.11 1160.3 1045.78 909.92 308.65 500.75
6901845042993_camera1-7.jpg 62 1179.97 1132.35 836.92 820.22 686.1 624.25
6922266457616_camera0-22.jpg 179 1491.03 1123.68 993.21 888.56 995.64 470.24
6934848931155-back_camera1-26.jpg 26 1242.2 1172.89 578.49 624.66 1327.42 1096.47
6914973608306~A_camera3-8.jpg 124 1044.87 866.49 931.68 742.01 226.38 248.96
6922266426001-back_camera1-12.jpg 193 1260.97 1128.14 1097.19 957.27 327.56 341.74
6954432710621-back_camera3-25.jpg 137 1392.32 1411.7 1198.07 1325.28 388.51 172.85
6926892568081_camera1-31.jpg 116 1262.43 960.8 1103.28 700.37 318.3 520.85
6940737300148_camera1-17.jpg 22 1395.28 1258.05 561.38 629.34 1667.79 1257.42
6954432710621-back_camera1-25.jpg 137 1247.97 1156.77 1050.67 1000.25 394.59 313.04
6940737300148_camera0-25.jpg 22 1582.97 1216.94 751.52 1033.05 1662.91 367.78
6922266457616-back_camera3-29.jpg 179 1447.61 1337.65 1149.21 1002.74 596.8 669.82
6914068018171_camera2-28.jpg 187 1163.05 729.53 829.4 436.16 667.31 586.73
6926892568081_camera0-38.jpg 116 1352.87 1071.34 1196.53 815.6 312.67 511.47
6920912342002_camera2-17.jpg 6 1330.83 795.07 845.49 271.58 970.68 1046.97
6920354818585_camera2-7.jpg 169 1277.78 892.41 842.91 613.16 869.74 558.51
