6909409012031-back_camera0-11.jpg 1 1465.23 1171.44 1091.29 992.66 747.89 357.57
6909409012031-back_camera0-10.jpg 1 1368.97 1175.18 982.28 997.62 773.39 355.13
6909409012031-back_camera0-14.jpg 1 1487.89 1184.05 952.79 1000.22 1070.21 367.65
6909409012031-back_camera0-12.jpg 1 1482.09 1177.82 1045.41 994.99 873.35 365.65
6909409012031-back_camera0-13.jpg 1 1488.66 1181.76 987.54 994.99 1002.25 373.54
6909409012031-back_camera0-26.jpg 1 1452.64 1170.19 927.61 997.7 1050.06 344.98
6909409012031-back_camera0-31.jpg 1 1487.35 1163.35 1095.39 979.21 783.91 368.28
6909409012031-back_camera0-6.jpg 1 1355.57 1169.69 807.4 1003.88 1096.34 331.63
6909409012031-back_camera0-4.jpg 1 1371.61 1156.77 806.03 1000.25 1131.15 313.04
6909409012031-back_camera0-7.jpg 1 1344.37 1168.93 839.48 1005.25 1009.77 327.36
6909409012031-back_camera0-8.jpg 1 1343.12 1170.07 846.92 998.07 992.4 344.0
6909409012031-back_camera0-9.jpg 1 1348.13 1171.45 912.5 1002.74 871.27 337.43
6909409012031-back_camera1-20.jpg 1 1232.33 1106.64 740.99 849.27 982.68 514.74
6909409012031-back_camera1-25.jpg 1 1247.41 1170.19 726.16 735.81 1042.51 868.76
6909409012031-back_camera1-27.jpg 1 1236.49 1178.14 760.87 743.05 951.24 870.18
6909409012031-back_camera2-35.jpg 1 1222.04 885.63 765.44 397.6 913.19 976.06
6909409012031-back_camera2-36.jpg 1 1229.81 889.44 789.66 385.1 880.3 1008.68
6909409012031-back_camera2-3.jpg 1 1262.57 921.2 828.3 442.27 868.53 957.86
6909409012031-back_camera2-5.jpg 1 1279.98 901.53 790.79 446.99 978.38 909.08
6909409012031-back_camera3-10.jpg 1 1451.88 1377.31 1013.01 1127.36 877.74 499.91
6909409012031-back_camera3-11.jpg 1 1455.42 1379.57 956.99 1130.0 996.86 499.14
6909409012031-back_camera3-12.jpg 1 1457.68 1374.16 922.58 1123.61 1070.21 501.11
6909409012031-back_camera3-25.jpg 1 1398.52 1344.17 891.56 1093.22 1013.92 501.91
6909409012031-back_camera3-27.jpg 1 1355.82 1335.65 953.34 1092.32 804.96 486.66
6909409012031-back_camera3-28.jpg 1 1397.24 1325.06 1013.23 1095.91 768.03 458.3
6909409012031-back_camera3-29.jpg 1 1448.21 1326.62 1059.44 1090.05 777.54 473.14
6909409012031-back_camera3-34.jpg 1 1400.26 1334.38 850.07 1103.24 1100.37 462.27
6909409012031-back_camera3-31.jpg 1 1465.23 1327.57 990.56 1090.87 949.34 473.41
6909409012031-back_camera3-5.jpg 1 1310.15 1356.11 790.44 1123.47 1039.42 465.27
6909409012031-back_camera3-7.jpg 1 1320.43 1365.35 909.98 1136.2 820.91 458.3
6909409012031-back_camera3-9.jpg 1 1409.18 1378.65 1028.06 1140.25 762.24 476.81
6909409012031_camera0-13.jpg 1 1514.12 1188.07 1028.57 1001.13 971.1 373.88
6909409012031-back_camera3-8.jpg 1 1322.93 1376.43 929.66 1134.41 786.54 484.03
6909409012031_camera0-10.jpg 1 1341.85 1189.08 932.65 1010.29 818.39 357.58
6909409012031_camera0-12.jpg 1 1499.53 1183.56 1062.31 1002.07 874.44 362.97
6909409012031_camera0-11.jpg 1 1430.89 1187.25 1036.78 1000.3 788.23 373.9
6909409012031_camera0-19.jpg 1 1497.97 1171.44 960.35 1005.25 1075.24 332.39
6909409012031_camera0-29.jpg 1 1395.54 1167.79 990.7 1005.43 809.68 324.72
6909409012031_camera0-35.jpg 1 1413.7 1172.96 890.45 997.6 1046.49 350.72
6909409012031_camera0-33.jpg 1 1475.3 1172.71 1018.26 1002.74 914.08 339.95
6909409012031_camera0-36.jpg 1 1393.26 1177.62 858.08 1003.09 1070.36 349.07
6909409012031_camera0-37.jpg 1 1354.51 1165.98 800.77 984.47 1107.47 363.02
6909409012031_camera0-6.jpg 1 1337.04 1180.0 765.58 1010.55 1142.91 338.9
6909409012031_camera1-13.jpg 1 1358.51 1208.93 872.96 789.56 971.1 838.75
6909409012031_camera1-24.jpg 1 1365.03 1078.68 844.74 709.77 1040.58 737.83
6909409012031_camera1-27.jpg 1 1301.89 1039.71 850.75 655.65 902.29 768.13
6909409012031_camera1-28.jpg 1 1273.85 1045.55 882.28 675.38 783.14 740.33
6909409012031_camera1-26.jpg 1 1322.63 1058.7 832.52 661.21 980.23 794.97
6909409012031_camera1-29.jpg 1 1276.27 1026.72 935.95 673.64 680.64 706.17
6909409012031_camera1-30.jpg 1 1316.34 1042.79 973.89 685.45 684.9 714.67
6909409012031_camera1-31.jpg 1 1339.33 1064.43 980.49 705.6 717.67 717.67
6909409012031_camera1-32.jpg 1 1322.94 1067.34 898.1 671.43 849.68 791.81
6909409012031_camera1-35.jpg 1 1242.38 1093.38 731.2 708.11 1022.36 770.55
6909409012031_camera1-33.jpg 1 1295.02 1082.43 829.2 681.33 931.63 802.19
6909409012031_camera1-36.jpg 1 1226.15 1105.29 699.22 709.73 1053.86 791.12
6909409012031_camera1-34.jpg 1 1266.38 1084.43 771.83 679.32 989.1 810.22
6909409012031_camera1-40.jpg 1 1180.68 1085.84 685.87 841.58 989.63 488.52
6909409012031_camera2-10.jpg 1 1356.95 868.02 937.68 579.69 838.54 576.65
6909409012031_camera2-11.jpg 1 1342.66 854.25 903.36 534.64 878.61 639.23
6909409012031_camera2-15.jpg 1 1315.05 814.8 845.49 342.61 939.12 944.38
6909409012031_camera2-18.jpg 1 1287.7 771.07 909.98 307.73 755.44 926.67
6909409012031_camera2-20.jpg 1 1262.43 771.39 974.38 347.87 576.1 847.05
6909409012031_camera2-1.jpg 1 1258.75 947.34 940.2 511.7 637.09 871.27
6909409012031_camera2-19.jpg 1 1269.19 769.0 947.42 329.77 643.54 878.45
6909409012031_camera2-25.jpg 1 1217.19 802.54 753.86 330.39 926.67 944.3
6909409012031_camera2-26.jpg 1 1199.7 812.84 715.81 359.55 967.79 906.58
6909409012031_camera2-28.jpg 1 1171.88 844.1 706.02 476.45 931.71 735.3
6909409012031_camera2-2.jpg 1 1274.28 937.12 900.73 479.4 747.09 915.44
6909409012031_camera2-31.jpg 1 1183.78 853.92 749.52 524.71 868.53 658.43
6909409012031_camera2-30.jpg 1 1173.13 851.65 758.9 567.1 828.47 569.1
6909409012031_camera2-34.jpg 1 1192.94 907.44 710.77 444.51 964.35 925.86
6909409012031_camera2-38.jpg 1 1227.27 952.63 839.33 478.66 775.88 947.94
6909409012031_camera2-33.jpg 1 1198.32 890.68 733.72 456.3 929.19 868.76
6909409012031_camera2-40.jpg 1 1251.91 942.38 979.65 510.96 544.53 862.83
6909409012031_camera2-36.jpg 1 1207.54 931.72 760.25 448.98 894.57 965.48
6909409012031_camera2-37.jpg 1 1215.94 944.82 799.19 466.37 833.5 956.89
6909409012031_camera2-35.jpg 1 1244.02 909.49 721.85 426.78 1044.34 965.42
6909409012031_camera2-32.jpg 1 1186.67 876.51 718.45 479.03 936.44 794.97
6909409012031_camera2-4.jpg 1 1296.88 938.24 851.28 459.91 891.21 956.65
6909409012031_camera2-39.jpg 1 1236.78 961.15 901.78 511.17 670.01 899.96
6909409012031_camera2-5.jpg 1 1315.05 930.54 845.49 458.35 939.12 944.38
6909409012031_camera2-8.jpg 1 1346.88 898.24 874.73 514.22 944.3 768.03
6909409012031_camera2-9.jpg 1 1356.32 879.13 909.99 549.02 892.65 660.23
6909409012031_camera3-17.jpg 1 1468.78 1346.32 916.35 1124.0 1104.87 444.64
6909409012031_camera3-27.jpg 1 1370.29 1310.88 950.96 1083.9 838.65 453.96
6909409012031_camera3-7.jpg 1 1301.35 1383.36 831.38 1126.66 939.94 513.4
