6924743913721-back_camera0-10.jpg 10 1363.08 1168.57 867.72 978.63 990.71 379.88
6924743913721-back_camera0-13.jpg 10 1563.04 1167.31 1017.57 978.21 1090.94 378.19
6924743913721-back_camera0-16.jpg 10 1540.94 1165.71 890.75 980.51 1300.38 370.41
6924743913721-back_camera0-11.jpg 10 1457.1 1173.88 953.34 979.21 1007.51 389.33
6924743913721-back_camera0-12.jpg 10 1558.2 1170.81 1067.48 980.6 981.44 380.42
6924743913721-back_camera0-14.jpg 10 1567.45 1170.89 964.18 981.17 1206.55 379.44
6924743913721-back_camera0-15.jpg 10 1562.32 1168.61 911.25 979.21 1302.14 378.8
6924743913721-back_camera0-17.jpg 10 1515.6 1171.45 872.21 987.63 1286.77 367.65
6924743913721-back_camera0-18.jpg 10 1493.66 1163.08 851.35 975.25 1284.62 375.66
6924743913721-back_camera0-20.jpg 10 1469.91 1152.91 868.39 975.83 1203.04 354.17
6924743913721-back_camera0-1.jpg 10 1343.91 1163.08 738.38 956.86 1211.06 412.44
6924743913721-back_camera0-19.jpg 10 1468.38 1160.34 852.98 975.55 1230.81 369.57
6924743913721-back_camera0-22.jpg 10 1558.58 1163.62 963.44 978.81 1190.28 369.61
6924743913721-back_camera0-21.jpg 10 1515.98 1159.14 906.51 977.88 1218.94 362.53
6924743913721-back_camera0-24.jpg 10 1521.45 1160.4 913.2 973.69 1216.51 373.42
6924743913721-back_camera0-23.jpg 10 1554.07 1155.21 953.8 972.63 1200.55 365.16
6924743913721-back_camera0-25.jpg 10 1487.69 1154.82 876.77 967.44 1221.85 374.76
6924743913721-back_camera0-26.jpg 10 1460.99 1168.74 856.19 976.89 1209.59 383.71
6924743913721-back_camera0-27.jpg 10 1412.22 1161.77 832.96 967.37 1158.52 388.8
6924743913721-back_camera0-29.jpg 10 1366.24 1170.96 846.09 967.37 1040.3 407.19
6924743913721-back_camera0-2.jpg 10 1374.7 1157.27 760.77 963.59 1227.86 387.36
6924743913721-back_camera0-28.jpg 10 1390.51 1167.43 832.03 971.1 1116.97 392.67
6924743913721-back_camera0-32.jpg 10 1454.25 1167.03 990.58 970.0 927.34 394.05
6924743913721-back_camera0-30.jpg 10 1346.03 1170.45 883.75 978.6 924.55 383.71
6924743913721-back_camera0-31.jpg 10 1385.95 1168.34 922.28 975.25 927.34 386.17
6924743913721-back_camera0-34.jpg 10 1432.19 1165.18 858.67 972.78 1147.04 384.81
6924743913721-back_camera0-33.jpg 10 1457.75 1158.63 937.69 956.9 1040.12 403.47
6924743913721-back_camera0-36.jpg 10 1387.8 1171.67 767.47 958.5 1240.65 426.34
6924743913721-back_camera0-37.jpg 10 1363.62 1167.03 727.88 967.37 1271.48 399.31
6924743913721-back_camera0-35.jpg 10 1420.35 1165.66 826.39 964.85 1187.91 401.63
6924743913721-back_camera0-39.jpg 10 1308.39 1163.18 694.32 973.24 1228.13 379.88
6924743913721-back_camera0-38.jpg 10 1334.51 1167.64 694.99 963.0 1279.03 409.29
6924743913721-back_camera0-3.jpg 10 1412.21 1157.83 804.06 959.49 1216.31 396.68
6924743913721-back_camera0-5.jpg 10 1387.57 1166.17 737.93 969.84 1299.28 392.67
6924743913721-back_camera0-40.jpg 10 1290.07 1165.71 701.61 967.37 1176.91 396.68
6924743913721-back_camera0-6.jpg 10 1380.03 1167.09 727.5 975.56 1305.05 383.05
6924743913721-back_camera0-4.jpg 10 1399.98 1163.16 758.64 967.65 1282.68 391.02
6924743913721-back_camera0-8.jpg 10 1358.37 1170.96 751.52 975.25 1213.69 391.43
6924743913721-back_camera0-7.jpg 10 1365.7 1170.71 730.5 970.53 1270.41 400.37
6924743913721-back_camera0-9.jpg 10 1355.73 1172.28 793.55 975.25 1124.37 394.05
6924743913721-back_camera1-11.jpg 10 1375.55 1158.09 929.66 771.39 891.77 773.39
6924743913721-back_camera1-10.jpg 10 1296.9 1180.97 850.07 780.57 893.66 800.81
6924743913721-back_camera1-15.jpg 10 1394.53 1172.06 782.42 733.19 1224.21 877.74
6924743913721-back_camera1-14.jpg 10 1400.39 1182.79 814.57 733.57 1171.65 898.44
6924743913721-back_camera1-17.jpg 10 1363.71 1140.99 756.05 742.45 1215.33 797.07
6924743913721-back_camera1-13.jpg 10 1408.28 1182.79 864.48 746.7 1087.59 872.17
6924743913721-back_camera1-12.jpg 10 1397.94 1182.84 898.03 763.77 999.83 838.14
6924743913721-back_camera1-16.jpg 10 1395.28 1164.66 763.94 734.56 1262.68 860.2
6924743913721-back_camera1-20.jpg 10 1370.74 1086.63 822.89 796.72 1095.7 579.82
6924743913721-back_camera1-19.jpg 10 1334.78 1096.26 777.09 768.76 1115.37 655.01
6924743913721-back_camera1-1.jpg 10 1249.35 1142.07 709.49 828.14 1079.71 627.86
6924743913721-back_camera1-18.jpg 10 1343.98 1121.26 756.05 758.24 1175.87 726.04
6924743913721-back_camera1-21.jpg 10 1407.01 1086.32 861.73 748.92 1090.57 674.8
6924743913721-back_camera1-24.jpg 10 1358.66 1092.81 759.3 635.2 1198.73 915.21
6924743913721-back_camera1-22.jpg 10 1401.85 1087.07 829.7 700.37 1144.3 773.39
6924743913721-back_camera1-23.jpg 10 1385.94 1100.03 804.06 667.89 1163.77 864.29
6924743913721-back_camera1-25.jpg 10 1326.99 1106.43 747.89 631.27 1158.21 950.33
6924743913721-back_camera1-28.jpg 10 1253.22 1084.43 750.78 613.56 1004.88 941.75
6924743913721-back_camera1-26.jpg 10 1304.07 1094.64 741.27 612.42 1125.61 964.45
6924743913721-back_camera1-29.jpg 10 1236.21 1084.28 788.3 628.49 895.82 911.58
6924743913721-back_camera1-27.jpg 10 1269.13 1088.67 734.43 598.73 1069.41 979.88
6924743913721-back_camera1-31.jpg 10 1305.28 1058.43 896.25 643.63 818.06 829.61
6924743913721-back_camera1-2.jpg 10 1240.08 1146.25 674.5 800.33 1131.15 691.84
6924743913721-back_camera1-30.jpg 10 1266.42 1069.83 851.35 662.64 830.14 814.38
6924743913721-back_camera1-32.jpg 10 1287.42 1073.91 813.92 624.08 947.01 899.66
6924743913721-back_camera1-33.jpg 10 1275.66 1091.95 753.32 628.97 1044.67 925.95
6924743913721-back_camera1-34.jpg 10 1246.98 1101.99 670.35 621.88 1153.26 960.23
6924743913721-back_camera1-36.jpg 10 1223.41 1116.01 615.88 638.5 1215.07 955.01
6924743913721-back_camera1-37.jpg 10 1196.8 1110.55 588.64 662.64 1216.31 895.82
6924743913721-back_camera1-38.jpg 10 1180.88 1117.31 585.06 689.84 1191.65 854.94
6924743913721-back_camera1-35.jpg 10 1238.73 1103.64 653.85 621.88 1169.76 963.53
6924743913721-back_camera1-3.jpg 10 1246.15 1166.41 658.17 788.69 1175.97 755.44
6924743913721-back_camera1-39.jpg 10 1165.28 1121.05 604.41 736.19 1121.74 769.72
6924743913721-back_camera1-4.jpg 10 1229.55 1188.34 619.26 763.5 1220.59 849.68
6924743913721-back_camera1-5.jpg 10 1226.86 1200.58 610.08 752.92 1233.55 895.32
6924743913721-back_camera1-9.jpg 10 1242.38 1191.6 771.49 771.07 941.78 841.06
6924743913721-back_camera1-40.jpg 10 1187.6 1123.68 641.18 783.48 1092.84 680.4
6924743913721-back_camera1-8.jpg 10 1232.24 1203.72 700.02 758.11 1064.45 891.21
6924743913721-back_camera1-6.jpg 10 1222.97 1208.07 627.15 745.09 1191.65 925.96
6924743913721-back_camera2-10.jpg 10 1337.34 846.52 861.85 481.37 950.98 730.31
6924743913721-back_camera1-7.jpg 10 1228.24 1205.44 650.82 745.09 1154.83 920.7
6924743913721-back_camera2-12.jpg 10 1343.97 821.38 840.22 384.7 1007.51 873.35
6924743913721-back_camera2-13.jpg 10 1336.04 808.44 806.69 329.01 1058.69 958.86
6924743913721-back_camera2-11.jpg 10 1348.71 823.98 868.72 440.98 959.98 765.99
6924743913721-back_camera2-14.jpg 10 1326.38 809.55 783.54 292.62 1085.68 1033.87
6924743913721-back_camera2-16.jpg 10 1296.64 792.44 763.94 232.12 1065.39 1120.63
6924743913721-back_camera2-15.jpg 10 1313.7 795.3 772.54 252.82 1082.33 1084.96
6924743913721-back_camera2-18.jpg 10 1262.44 789.81 798.14 247.91 928.6 1083.8
6924743913721-back_camera2-17.jpg 10 1285.3 794.25 774.63 234.26 1021.33 1119.98
6924743913721-back_camera2-19.jpg 10 1238.76 789.81 813.92 268.95 849.68 1041.71
6924743913721-back_camera2-1.jpg 10 1306.95 945.17 919.52 464.93 774.87 960.49
6924743913721-back_camera2-21.jpg 10 1228.33 783.49 856.6 310.62 743.45 945.73
6924743913721-back_camera2-23.jpg 10 1210.16 797.83 718.36 255.5 983.6 1084.66
6924743913721-back_camera2-20.jpg 10 1233.49 792.43 874.42 316.3 718.15 952.27
6924743913721-back_camera2-24.jpg 10 1204.06 808.75 681.79 251.67 1044.54 1114.17
6924743913721-back_camera2-22.jpg 10 1220.44 791.37 788.3 281.72 864.29 1019.29
6924743913721-back_camera2-26.jpg 10 1184.83 841.11 635.04 303.15 1099.58 1075.91
6924743913721-back_camera2-25.jpg 10 1187.59 819.86 643.95 277.05 1087.27 1085.62
6924743913721-back_camera2-28.jpg 10 1180.88 859.51 650.82 382.06 1060.12 954.9
6924743913721-back_camera2-2.jpg 10 1311.08 945.05 885.5 441.97 851.16 1006.15
6924743913721-back_camera2-29.jpg 10 1177.55 867.01 666.5 444.51 1022.1 845.01
6924743913721-back_camera2-27.jpg 10 1183.74 850.21 629.56 345.35 1108.37 1009.72
6924743913721-back_camera2-31.jpg 10 1183.52 892.4 711.33 526.75 944.38 731.3
6924743913721-back_camera2-33.jpg 10 1198.11 922.71 659.57 439.34 1077.08 966.75
6924743913721-back_camera2-32.jpg 10 1195.83 911.43 693.44 486.59 1004.78 849.69
6924743913721-back_camera2-30.jpg 10 1184.85 888.6 739.91 557.44 889.88 662.32
6924743913721-back_camera2-34.jpg 10 1201.93 935.81 645.56 400.48 1112.74 1070.65
6924743913721-back_camera2-36.jpg 10 1219.13 946.36 688.47 392.05 1061.32 1108.61
6924743913721-back_camera2-37.jpg 10 1235.97 946.79 722.41 386.8 1027.13 1119.98
6924743913721-back_camera2-38.jpg 10 1251.65 950.75 787.76 415.64 927.78 1070.22
6924743913721-back_camera2-35.jpg 10 1207.18 938.44 661.34 397.85 1091.69 1081.17
6924743913721-back_camera2-39.jpg 10 1261.16 948.99 848.72 441.97 824.89 1014.03
6924743913721-back_camera2-3.jpg 10 1327.68 942.1 855.13 409.87 945.11 1064.45
6924743913721-back_camera2-4.jpg 10 1332.09 930.59 817.19 384.17 1029.79 1092.84
6924743913721-back_camera2-5.jpg 10 1334.78 918.7 800.77 379.43 1068.02 1078.54
6924743913721-back_camera2-40.jpg 10 1275.71 947.87 937.9 486.86 675.63 922.01
6924743913721-back_camera3-10.jpg 10 1515.59 1376.04 1025.29 1139.42 980.59 473.24
6924743913721-back_camera2-8.jpg 10 1343.11 876.83 806.74 410.97 1072.73 931.71
6924743913721-back_camera2-6.jpg 10 1342.59 903.01 790.92 376.29 1103.35 1053.44
6924743913721-back_camera2-7.jpg 10 1346.61 891.08 795.5 382.06 1102.21 1018.04
6924743913721-back_camera3-12.jpg 10 1531.95 1378.06 941.71 1146.66 1180.49 462.79
6924743913721-back_camera3-13.jpg 10 1526.49 1370.62 898.63 1140.76 1255.72 459.73
6924743913721-back_camera2-9.jpg 10 1342.66 865.2 828.4 448.63 1028.52 833.14
6924743913721-back_camera3-11.jpg 10 1537.01 1373.42 987.03 1134.67 1099.96 477.5
6924743913721-back_camera3-14.jpg 10 1511.82 1369.12 872.21 1148.79 1279.21 440.67
6924743913721-back_camera3-15.jpg 10 1479.45 1359.33 821.81 1126.52 1315.29 465.61
6924743913721-back_camera3-18.jpg 10 1441.53 1336.73 842.62 1119.77 1197.81 433.92
6924743913721-back_camera3-17.jpg 10 1444.29 1346.35 823.96 1120.39 1240.65 451.92
6924743913721-back_camera3-16.jpg 10 1462.88 1356.18 826.76 1138.88 1272.23 434.59
6924743913721-back_camera3-1.jpg 10 1366.34 1356.7 748.15 1113.37 1236.37 486.66
6924743913721-back_camera3-19.jpg 10 1484.12 1318.76 884.8 1105.98 1198.63 425.56
6924743913721-back_camera3-21.jpg 10 1524.82 1338.53 935.81 1084.45 1178.01 508.16
6924743913721-back_camera3-24.jpg 10 1424.22 1355.38 824.44 1050.23 1199.55 610.3
6924743913721-back_camera3-23.jpg 10 1460.26 1350.91 847.78 1069.45 1224.95 562.93
6924743913721-back_camera3-20.jpg 10 1518.62 1329.05 927.14 1101.37 1182.96 455.37
6924743913721-back_camera3-22.jpg 10 1491.29 1347.49 884.94 1073.91 1212.7 547.16
6924743913721-back_camera3-25.jpg 10 1392.06 1359.97 805.84 1059.4 1172.44 601.14
6924743913721-back_camera3-28.jpg 10 1311.26 1344.16 851.91 1060.44 918.71 567.44
6924743913721-back_camera3-27.jpg 10 1327.87 1349.8 829.6 1063.55 996.53 572.51
6924743913721-back_camera3-26.jpg 10 1351.87 1351.44 784.98 1060.76 1133.78 581.36
6924743913721-back_camera3-29.jpg 10 1351.68 1328.94 898.12 1056.8 907.13 544.28
6924743913721-back_camera3-2.jpg 10 1370.72 1358.29 742.94 1111.63 1255.56 493.31
6924743913721-back_camera3-32.jpg 10 1405.8 1339.6 848.12 1050.23 1115.37 578.73
6924743913721-back_camera3-31.jpg 10 1425.22 1334.74 922.14 1053.36 1006.17 562.77
6924743913721-back_camera3-33.jpg 10 1380.69 1350.91 785.67 1054.06 1190.04 593.71
6924743913721-back_camera3-35.jpg 10 1334.26 1353.8 705.8 1065.07 1256.93 577.46
6924743913721-back_camera3-30.jpg 10 1434.74 1327.76 969.12 1055.49 931.23 544.53
6924743913721-back_camera3-39.jpg 10 1292.69 1332.54 691.1 1088.22 1203.18 488.63
6924743913721-back_camera3-36.jpg 10 1304.43 1355.27 677.42 1073.6 1254.03 563.34
6924743913721-back_camera3-37.jpg 10 1276.03 1346.25 655.27 1070.04 1241.53 552.43
6924743913721-back_camera3-34.jpg 10 1343.99 1346.17 713.96 1055.49 1260.05 581.36
6924743913721-back_camera3-40.jpg 10 1351.79 1328.77 755.08 1101.35 1193.42 454.85
6924743913721-back_camera3-3.jpg 10 1351.69 1366.58 703.29 1124.05 1296.8 485.06
6924743913721-back_camera3-4.jpg 10 1343.74 1386.73 687.17 1133.06 1313.13 507.35
6924743913721-back_camera3-38.jpg 10 1254.54 1344.86 653.45 1089.69 1202.18 510.33
6924743913721-back_camera3-6.jpg 10 1322.97 1388.01 733.72 1148.79 1178.49 478.45
6924743913721-back_camera3-5.jpg 10 1326.88 1385.63 692.91 1139.67 1267.94 491.92
6924743913721-back_camera3-7.jpg 10 1326.0 1386.89 773.04 1145.15 1105.92 483.48
6924743913721_camera0-11.jpg 10 1444.71 1176.82 943.15 989.56 1003.13 374.52
6924743913721-back_camera3-9.jpg 10 1404.49 1383.0 900.73 1139.67 1007.51 486.66
6924743913721_camera0-10.jpg 10 1353.82 1179.51 853.38 990.81 1000.88 377.41
6924743913721-back_camera3-8.jpg 10 1337.1 1375.71 830.58 1136.48 1013.03 478.46
6924743913721_camera0-13.jpg 10 1564.95 1169.92 995.43 981.84 1139.04 376.17
6924743913721_camera0-18.jpg 10 1537.0 1174.91 898.63 991.02 1276.74 367.78
6924743913721_camera0-15.jpg 10 1572.84 1177.82 929.66 987.1 1286.35 381.43
6924743913721_camera0-19.jpg 10 1518.12 1173.97 915.02 995.18 1206.19 357.58
6924743913721_camera0-14.jpg 10 1590.07 1180.06 991.16 992.8 1197.81 374.52
6924743913721_camera0-12.jpg 10 1560.65 1178.85 1064.14 988.39 993.02 380.92
6924743913721_camera0-1.jpg 10 1306.56 1166.07 680.02 993.79 1253.08 344.55
6924743913721_camera0-16.jpg 10 1568.48 1187.82 922.58 992.66 1291.8 390.31
6924743913721_camera0-17.jpg 10 1560.58 1174.98 901.88 985.26 1317.4 379.44
6924743913721_camera0-20.jpg 10 1521.24 1167.03 935.41 988.39 1171.65 357.28
6924743913721_camera0-21.jpg 10 1562.09 1165.11 968.27 985.13 1187.64 359.95
6924743913721_camera0-22.jpg 10 1605.3 1164.4 1014.22 988.39 1182.16 352.02
6924743913721_camera0-23.jpg 10 1576.03 1163.9 977.97 990.15 1196.11 347.5
6924743913721_camera0-24.jpg 10 1542.14 1163.88 922.34 986.47 1239.61 354.82
6924743913721_camera0-25.jpg 10 1512.35 1162.04 887.58 973.95 1249.53 376.17
6924743913721_camera0-26.jpg 10 1470.61 1168.68 854.65 983.9 1231.91 369.57
6924743913721_camera0-2.jpg 10 1346.54 1165.71 714.74 985.76 1263.6 359.9
6924743913721_camera0-31.jpg 10 1390.95 1165.15 940.2 980.07 901.49 370.17
6924743913721_camera0-30.jpg 10 1346.99 1165.47 886.54 973.62 920.9 383.71
6924743913721_camera0-27.jpg 10 1437.36 1164.66 840.22 963.42 1194.28 402.48
6924743913721_camera0-28.jpg 10 1396.97 1167.94 835.88 984.12 1122.19 367.65
6924743913721_camera0-29.jpg 10 1374.12 1165.71 856.6 977.88 1035.05 375.66
6924743913721_camera0-32.jpg 10 1450.34 1163.33 1004.47 984.8 891.73 357.06
6924743913721_camera0-34.jpg 10 1425.35 1165.71 888.12 977.88 1074.45 375.66
6924743913721_camera0-33.jpg 10 1452.53 1165.53 964.58 978.82 975.9 373.42
6924743913721_camera0-35.jpg 10 1391.95 1165.51 814.25 977.92 1155.39 375.18
6924743913721_camera0-36.jpg 10 1367.55 1165.71 767.28 977.88 1200.55 375.66
6924743913721_camera0-37.jpg 10 1334.16 1165.86 718.2 980.11 1231.91 371.5
6924743913721_camera0-38.jpg 10 1300.74 1165.85 685.59 980.84 1230.29 370.01
6924743913721_camera0-3.jpg 10 1392.15 1165.12 772.62 983.63 1239.06 362.97
6924743913721_camera0-39.jpg 10 1265.1 1167.03 651.69 980.51 1226.82 373.04
6924743913721_camera0-40.jpg 10 1253.22 1162.04 653.45 976.58 1199.55 370.91
6924743913721_camera0-6.jpg 10 1359.78 1179.6 692.86 993.23 1333.84 372.74
6924743913721_camera0-8.jpg 10 1320.3 1175.19 695.54 971.32 1249.53 407.74
6924743913721_camera0-5.jpg 10 1367.37 1172.64 700.4 989.78 1333.93 365.72
6924743913721_camera1-10.jpg 10 1284.8 1212.77 850.96 806.68 867.68 812.18
6924743913721_camera0-4.jpg 10 1388.57 1168.34 743.64 985.76 1289.87 365.16
6924743913721_camera0-9.jpg 10 1338.72 1176.51 771.83 979.21 1133.78 394.59
6924743913721_camera0-7.jpg 10 1341.35 1179.13 682.39 987.1 1317.92 384.06
6924743913721_camera1-11.jpg 10 1393.47 1191.6 962.87 773.59 861.2 836.02
6924743913721_camera1-14.jpg 10 1419.77 1195.35 835.68 707.19 1168.18 976.32
6924743913721_camera1-12.jpg 10 1408.9 1197.18 905.87 743.56 1006.06 907.25
6924743913721_camera1-13.jpg 10 1420.1 1197.24 864.48 715.18 1111.23 964.12
6924743913721_camera1-15.jpg 10 1418.95 1187.03 813.92 700.37 1210.07 973.32
6924743913721_camera1-16.jpg 10 1409.83 1167.67 801.7 710.63 1216.26 914.08
6924743913721_camera1-19.jpg 10 1379.38 1097.41 832.96 738.82 1092.84 717.18
6924743913721_camera1-18.jpg 10 1387.93 1123.45 808.82 733.26 1158.22 780.39
6924743913721_camera1-17.jpg 10 1400.55 1142.31 800.77 710.89 1199.55 862.83
6924743913721_camera1-24.jpg 10 1375.24 1082.32 768.83 641.3 1212.82 882.05
6924743913721_camera1-20.jpg 10 1416.32 1064.7 877.05 755.61 1078.54 618.19
6924743913721_camera1-23.jpg 10 1393.82 1081.65 801.43 681.03 1184.79 801.24
6924743913721_camera1-21.jpg 10 1437.24 1087.2 904.33 768.78 1065.82 636.85
6924743913721_camera1-22.jpg 10 1418.88 1081.0 856.46 722.09 1124.84 717.82
6924743913721_camera1-26.jpg 10 1305.84 1062.07 727.11 592.51 1157.46 939.12
6924743913721_camera1-25.jpg 10 1341.28 1071.14 748.89 623.23 1184.79 895.82
6924743913721_camera1-1.jpg 10 1219.76 1138.78 653.85 837.68 1131.82 602.21
6924743913721_camera1-28.jpg 10 1258.75 1046.8 758.9 612.42 999.7 868.76
6924743913721_camera1-27.jpg 10 1283.34 1063.18 733.36 609.13 1099.96 908.11
6924743913721_camera1-30.jpg 10 1253.69 1042.72 850.43 651.01 806.52 783.42
6924743913721_camera1-29.jpg 10 1241.46 1044.87 788.3 631.11 906.32 827.51
6924743913721_camera1-32.jpg 10 1284.79 1051.55 821.81 624.08 925.96 854.94
6924743913721_camera1-2.jpg 10 1240.1 1143.66 665.21 801.2 1149.78 684.93
6924743913721_camera1-31.jpg 10 1304.08 1046.8 904.95 665.31 798.25 762.99
6924743913721_camera1-33.jpg 10 1270.36 1076.39 764.65 631.11 1011.41 890.56
6924743913721_camera1-37.jpg 10 1172.14 1114.24 571.53 664.51 1201.22 899.46
6924743913721_camera1-35.jpg 10 1208.51 1101.53 629.78 634.6 1157.46 933.86
6924743913721_camera1-34.jpg 10 1244.46 1097.97 695.04 629.61 1098.85 936.72
6924743913721_camera1-38.jpg 10 1144.66 1108.37 557.58 699.34 1174.16 818.06
6924743913721_camera1-36.jpg 10 1194.53 1104.72 607.81 647.68 1173.45 914.08
6924743913721_camera1-3.jpg 10 1235.97 1178.08 623.76 780.57 1224.43 795.01
6924743913721_camera1-40.jpg 10 1159.84 1106.79 587.69 776.65 1144.3 660.28
6924743913721_camera1-39.jpg 10 1130.03 1107.92 568.24 742.47 1123.57 730.9
6924743913721_camera1-6.jpg 10 1212.45 1219.91 600.84 747.72 1223.22 944.38
6924743913721_camera1-4.jpg 10 1231.05 1196.63 610.33 766.03 1241.44 861.2
6924743913721_camera1-5.jpg 10 1221.44 1216.01 601.64 757.89 1239.61 916.23
6924743913721_camera1-8.jpg 10 1232.18 1230.42 708.7 774.02 1046.97 912.81
6924743913721_camera1-7.jpg 10 1225.49 1223.62 638.96 743.98 1173.05 959.27
6924743913721_camera1-9.jpg 10 1238.07 1217.77 759.74 770.24 956.65 895.06
6924743913721_camera2-10.jpg 10 1362.4 854.25 892.84 489.92 939.12 728.67
6924743913721_camera2-11.jpg 10 1343.98 827.94 866.53 463.61 954.9 728.67
6924743913721_camera2-13.jpg 10 1336.51 801.47 802.36 326.03 1068.3 950.88
6924743913721_camera2-16.jpg 10 1302.7 770.21 757.22 216.03 1090.96 1108.37
6924743913721_camera2-12.jpg 10 1341.85 816.39 826.89 398.38 1029.92 836.02
6924743913721_camera2-14.jpg 10 1325.57 796.38 779.72 289.99 1091.69 1012.77
6924743913721_camera2-18.jpg 10 1268.01 757.3 799.31 236.63 937.41 1041.35
6924743913721_camera2-15.jpg 10 1318.99 779.29 769.2 247.91 1099.58 1062.76
6924743913721_camera2-17.jpg 10 1283.52 761.72 767.39 220.7 1032.26 1082.04
6924743913721_camera2-20.jpg 10 1236.12 762.18 869.16 300.52 733.93 923.33
6924743913721_camera2-19.jpg 10 1249.46 751.23 827.65 252.13 843.62 998.2
6924743913721_camera2-1.jpg 10 1302.7 950.93 925.51 460.58 754.39 980.7
6924743913721_camera2-25.jpg 10 1170.37 818.74 637.67 263.69 1065.39 1110.11
6924743913721_camera2-23.jpg 10 1204.92 786.6 743.81 252.13 922.22 1068.94
6924743913721_camera2-24.jpg 10 1186.14 808.22 677.13 245.27 1018.03 1125.89
6924743913721_camera2-26.jpg 10 1160.22 829.48 618.37 294.37 1083.7 1070.22
6924743913721_camera2-21.jpg 10 1235.96 779.75 873.28 303.9 725.37 951.69
6924743913721_camera2-22.jpg 10 1224.29 791.12 813.92 274.21 820.74 1033.82
6924743913721_camera2-2.jpg 10 1315.17 945.94 903.25 431.04 823.84 1029.8
6924743913721_camera2-27.jpg 10 1153.26 850.31 606.1 326.82 1094.32 1046.97
6924743913721_camera2-31.jpg 10 1173.55 899.05 691.79 541.03 963.53 716.05
6924743913721_camera2-29.jpg 10 1145.61 864.95 638.26 439.68 1014.69 850.55
6924743913721_camera2-28.jpg 10 1145.38 870.04 616.63 382.06 1057.49 975.95
6924743913721_camera2-30.jpg 10 1148.8 875.95 683.54 516.28 930.53 719.35
6924743913721_camera2-32.jpg 10 1185.78 913.58 671.46 498.24 1028.63 830.68
6924743913721_camera2-33.jpg 10 1188.41 928.75 648.9 463.49 1079.02 930.53
6924743913721_camera2-35.jpg 10 1197.99 952.9 629.78 413.63 1136.41 1078.54
6924743913721_camera2-34.jpg 10 1201.15 949.51 634.12 434.7 1134.07 1029.62
6924743913721_camera2-36.jpg 10 1223.74 970.0 685.74 423.34 1076.0 1093.32
6924743913721_camera2-37.jpg 10 1234.82 971.31 721.85 421.52 1025.93 1099.58
6924743913721_camera2-38.jpg 10 1225.6 979.2 745.52 447.83 960.16 1062.75
6924743913721_camera2-40.jpg 10 1273.1 972.84 910.26 509.91 725.67 925.86
6924743913721_camera2-39.jpg 10 1253.22 981.84 829.7 476.77 847.05 1010.14
6924743913721_camera2-4.jpg 10 1340.42 936.43 832.66 373.54 1015.52 1125.78
6924743913721_camera2-3.jpg 10 1330.08 944.1 865.71 405.73 928.73 1076.73
6924743913721_camera3-10.jpg 10 1510.82 1385.96 1017.5 1149.2 986.63 473.52
6924743913721_camera2-8.jpg 10 1359.77 884.5 827.07 411.0 1065.39 947.01
6924743913721_camera2-6.jpg 10 1367.36 911.05 817.17 377.89 1100.38 1066.32
6924743913721_camera2-9.jpg 10 1379.49 870.04 874.42 442.57 1010.14 854.94
6924743913721_camera2-7.jpg 10 1375.24 901.61 815.25 367.73 1119.98 1067.75
6924743913721_camera3-11.jpg 10 1546.38 1386.28 994.49 1150.35 1103.77 471.87
6924743913721_camera2-5.jpg 10 1350.56 918.7 819.18 366.28 1062.76 1104.84
6924743913721_camera3-14.jpg 10 1543.29 1382.97 897.39 1141.23 1291.8 483.48
6924743913721_camera3-12.jpg 10 1550.78 1381.02 953.52 1140.14 1194.51 481.76
6924743913721_camera3-15.jpg 10 1522.86 1372.48 874.42 1129.15 1296.88 486.66
6924743913721_camera3-13.jpg 10 1560.93 1386.99 913.9 1128.75 1294.07 516.47
6924743913721_camera3-16.jpg 10 1503.01 1369.13 872.21 1138.72 1261.59 460.82
6924743913721_camera3-19.jpg 10 1531.74 1332.54 940.66 1114.49 1182.16 436.09
6924743913721_camera3-17.jpg 10 1490.28 1357.6 884.91 1129.5 1210.74 456.19
6924743913721_camera3-18.jpg 10 1488.66 1331.71 895.47 1108.11 1186.39 447.2
6924743913721_camera3-1.jpg 10 1362.3 1353.54 743.64 1124.99 1237.33 457.1
6924743913721_camera3-20.jpg 10 1561.0 1319.87 977.01 1097.58 1167.98 444.57
6924743913721_camera3-26.jpg 10 1369.45 1342.3 805.46 1069.93 1127.97 544.74
6924743913721_camera3-25.jpg 10 1405.65 1341.72 811.94 1072.45 1187.42 538.54
6924743913721_camera3-22.jpg 10 1497.86 1318.56 879.68 1071.28 1236.37 494.55
6924743913721_camera3-21.jpg 10 1546.84 1331.56 935.04 1090.32 1223.6 482.48
6924743913721_camera3-23.jpg 10 1474.93 1338.57 858.7 1078.71 1232.46 519.71
6924743913721_camera3-24.jpg 10 1441.12 1339.1 830.33 1069.83 1221.57 538.54
6924743913721_camera3-27.jpg 10 1334.78 1334.34 813.92 1066.02 1041.71 536.64
6924743913721_camera3-28.jpg 10 1315.55 1331.8 840.54 1065.69 950.03 532.22
6924743913721_camera3-29.jpg 10 1358.91 1321.83 906.85 1067.75 904.13 508.16
6924743913721_camera3-30.jpg 10 1420.62 1319.3 977.07 1067.85 887.1 502.91
6924743913721_camera3-2.jpg 10 1352.54 1368.19 709.67 1135.13 1285.74 466.11
6924743913721_camera3-34.jpg 10 1333.45 1335.65 740.26 1066.02 1186.39 539.27
6924743913721_camera3-32.jpg 10 1392.51 1328.59 861.85 1059.32 1061.32 538.54
6924743913721_camera3-35.jpg 10 1292.51 1338.77 678.76 1075.62 1227.51 526.31
6924743913721_camera3-31.jpg 10 1413.69 1323.82 927.03 1060.76 973.32 526.12
6924743913721_camera3-33.jpg 10 1362.39 1335.65 784.98 1066.02 1154.83 539.27
6924743913721_camera3-36.jpg 10 1265.75 1338.75 646.2 1081.09 1239.1 515.33
6924743913721_camera3-40.jpg 10 1309.75 1347.08 673.08 1115.79 1273.34 462.58
6924743913721_camera3-37.jpg 10 1237.99 1340.24 625.89 1091.93 1224.21 496.61
6924743913721_camera3-38.jpg 10 1219.03 1334.34 616.63 1089.69 1204.81 489.29
6924743913721_camera3-39.jpg 10 1267.73 1336.47 646.44 1101.35 1242.58 470.24
6924743913721_camera3-4.jpg 10 1312.41 1384.32 637.67 1129.15 1349.49 510.33
6924743913721_camera3-3.jpg 10 1345.75 1383.76 684.92 1140.74 1321.66 486.03
6924743913721_camera3-5.jpg 10 1312.39 1395.58 670.08 1151.26 1284.62 488.63
6924743913721_camera3-7.jpg 10 1306.56 1395.58 728.28 1152.22 1156.56 486.71
6924743913721_camera3-6.jpg 10 1299.26 1393.52 690.28 1137.04 1217.96 512.96
6924743913721_camera3-8.jpg 10 1316.36 1381.69 816.55 1121.26 999.62 520.86
6924743913721_camera3-9.jpg 10 1404.24 1392.73 907.62 1154.33 993.23 476.81
