6959791800068_camera0-11.jpg 100 1412.7 1099.25 1297.96 873.72 229.48 451.05
6959791800068_camera0-10.jpg 100 1411.63 1102.99 1308.95 888.39 205.36 429.21
6959791800068_camera0-13.jpg 100 1423.26 1105.84 1311.15 886.91 224.21 437.86
6959791800068_camera0-16.jpg 100 1428.53 1096.61 1311.15 879.0 234.76 435.22
6959791800068_camera0-12.jpg 100 1413.69 1102.85 1300.58 887.14 226.23 431.42
6959791800068_camera0-15.jpg 100 1420.42 1102.59 1314.97 887.98 210.91 429.21
6959791800068_camera0-14.jpg 100 1419.29 1100.57 1303.23 881.64 232.12 437.86
6959791800068_camera0-18.jpg 100 1425.89 1100.57 1311.15 881.64 229.48 437.86
6959791800068_camera0-17.jpg 100 1421.94 1102.97 1318.87 890.48 206.15 424.98
6959791800068_camera0-19.jpg 100 1417.97 1105.85 1305.87 879.0 224.21 453.69
6959791800068_camera0-1.jpg 100 1391.53 1100.24 1285.29 885.37 212.49 429.74
6959791800068_camera0-20.jpg 100 1420.62 1100.57 1308.51 879.0 224.21 443.14
6959791800068_camera0-21.jpg 100 1418.88 1103.2 1311.58 892.3 214.61 421.81
6959791800068_camera0-23.jpg 100 1419.29 1103.2 1305.87 886.91 226.84 432.59
6959791800068_camera0-22.jpg 100 1411.38 1096.61 1300.59 879.0 221.57 435.22
6959791800068_camera0-24.jpg 100 1415.31 1099.24 1307.48 889.13 215.66 420.23
6959791800068_camera0-25.jpg 100 1412.7 1105.84 1295.32 886.91 234.76 437.86
6959791800068_camera0-27.jpg 100 1403.92 1099.3 1294.77 886.54 218.31 425.51
6959791800068_camera0-30.jpg 100 1400.83 1095.29 1290.04 876.36 221.57 437.86
6959791800068_camera0-26.jpg 100 1415.34 1104.52 1292.68 884.27 245.31 440.5
6959791800068_camera0-29.jpg 100 1404.69 1097.09 1299.24 885.26 210.91 423.66
6959791800068_camera0-2.jpg 100 1399.51 1108.48 1282.13 889.55 234.76 437.86
6959791800068_camera0-31.jpg 100 1402.34 1099.3 1296.88 886.54 210.91 425.51
6959791800068_camera0-32.jpg 100 1394.24 1100.57 1282.13 876.36 224.21 448.41
6959791800068_camera0-33.jpg 100 1398.53 1097.9 1292.29 884.62 212.49 426.57
6959791800068_camera0-28.jpg 100 1402.14 1096.61 1290.04 876.36 224.21 440.5
6959791800068_camera0-34.jpg 100 1399.45 1095.81 1293.07 881.2 212.76 429.21
6959791800068_camera0-35.jpg 100 1391.6 1097.92 1279.49 884.27 224.21 427.31
6959791800068_camera0-37.jpg 100 1394.16 1098.89 1288.82 887.53 210.68 422.72
6959791800068_camera0-36.jpg 100 1395.54 1100.57 1276.85 884.27 237.39 432.59
6959791800068_camera0-38.jpg 100 1395.55 1097.93 1282.13 881.64 226.84 432.59
6959791800068_camera0-39.jpg 100 1395.55 1098.58 1287.32 884.9 216.46 427.36
6959791800068_camera0-3.jpg 100 1402.15 1103.21 1284.77 881.64 234.76 443.14
6959791800068_camera0-6.jpg 100 1403.88 1106.64 1298.42 893.89 210.91 425.51
6959791800068_camera0-5.jpg 100 1398.18 1105.84 1279.49 886.91 237.39 437.86
6959791800068_camera0-7.jpg 100 1407.43 1104.52 1287.41 884.27 240.03 440.5
6959791800068_camera0-40.jpg 100 1394.68 1096.87 1287.64 883.58 214.08 426.57
6959791800068_camera0-4.jpg 100 1400.83 1099.25 1282.13 881.64 237.39 435.22
6959791800068_camera0-8.jpg 100 1409.73 1102.33 1301.5 886.8 216.46 431.06
6959791800068_camera0-9.jpg 100 1411.38 1103.2 1292.68 886.91 237.4 432.59
6959791800068_camera1-12.jpg 100 1277.64 1039.25 1174.39 849.13 206.49 380.24
6959791800068_camera1-13.jpg 100 1274.86 1034.53 1168.51 845.22 212.7 378.61
6959791800068_camera1-10.jpg 100 1270.26 1038.59 1160.8 847.35 218.93 382.47
6959791800068_camera1-11.jpg 100 1271.12 1037.51 1168.05 848.81 206.15 377.41
6959791800068_camera1-15.jpg 100 1276.86 1028.03 1166.07 834.16 221.57 387.74
6959791800068_camera1-16.jpg 100 1278.4 1027.01 1174.18 837.0 208.45 380.03
6959791800068_camera1-14.jpg 100 1275.69 1033.5 1172.62 846.38 206.15 374.24
6959791800068_camera1-18.jpg 100 1274.22 1026.71 1163.43 828.88 221.57 395.66
6959791800068_camera1-17.jpg 100 1276.84 1026.79 1175.08 837.16 203.51 379.26
6959791800068_camera1-20.jpg 100 1275.54 1020.12 1160.8 815.69 229.48 408.85
6959791800068_camera1-19.jpg 100 1275.56 1022.47 1171.34 829.62 208.45 385.7
6959791800068_camera1-1.jpg 100 1252.09 1036.38 1149.01 847.68 206.15 377.41
6959791800068_camera1-21.jpg 100 1272.9 1016.16 1168.71 823.61 208.38 385.11
6959791800068_camera1-23.jpg 100 1271.32 1023.31 1168.51 829.75 205.61 387.11
6959791800068_camera1-24.jpg 100 1267.84 1015.99 1169.52 824.11 196.63 383.75
6959791800068_camera1-22.jpg 100 1268.95 1024.07 1158.16 828.88 221.57 390.38
6959791800068_camera1-25.jpg 100 1267.72 1017.0 1167.03 826.71 201.39 380.58
6959791800068_camera1-26.jpg 100 1262.35 1022.75 1155.52 826.24 213.66 393.02
6959791800068_camera1-27.jpg 100 1260.7 1019.16 1156.83 830.45 207.74 377.41
6959791800068_camera1-28.jpg 100 1259.71 1022.75 1147.61 828.88 224.21 387.75
6959791800068_camera1-2.jpg 100 1259.7 1041.22 1150.24 844.71 218.93 393.02
6959791800068_camera1-30.jpg 100 1253.57 1022.33 1155.25 832.04 196.63 380.58
6959791800068_camera1-29.jpg 100 1257.61 1018.8 1150.9 829.38 213.41 378.84
6959791800068_camera1-31.jpg 100 1251.8 1022.75 1139.69 826.24 224.21 393.02
6959791800068_camera1-32.jpg 100 1253.68 1020.11 1153.78 830.61 199.81 379.0
6959791800068_camera1-33.jpg 100 1250.57 1023.08 1146.35 831.04 208.45 384.08
6959791800068_camera1-34.jpg 100 1253.12 1034.62 1137.06 834.16 232.12 400.93
6959791800068_camera1-35.jpg 100 1255.76 1024.08 1144.97 820.97 221.57 406.21
6959791800068_camera1-36.jpg 100 1250.39 1029.46 1147.32 841.55 206.15 375.83
6959791800068_camera1-39.jpg 100 1252.64 1033.69 1147.59 842.62 210.1 382.15
6959791800068_camera1-37.jpg 100 1251.8 1035.94 1144.97 834.16 213.66 403.57
6959791800068_camera1-38.jpg 100 1250.93 1033.62 1149.18 842.14 203.51 382.96
6959791800068_camera1-4.jpg 100 1264.99 1041.22 1152.88 844.71 224.21 393.02
6959791800068_camera1-40.jpg 100 1256.78 1035.35 1150.9 844.27 211.76 382.15
6959791800068_camera1-5.jpg 100 1260.86 1039.03 1160.27 851.45 201.17 375.15
6959791800068_camera1-8.jpg 100 1270.84 1040.45 1165.65 848.41 210.38 384.08
6959791800068_camera1-3.jpg 100 1256.78 1032.24 1148.16 837.59 217.23 389.3
6959791800068_camera1-6.jpg 100 1261.03 1031.99 1147.61 836.8 226.84 390.38
6959791800068_camera1-7.jpg 100 1266.7 1040.31 1162.48 849.23 208.45 382.15
6959791800068_camera1-9.jpg 100 1266.91 1039.27 1165.16 847.79 203.51 382.96
6959791800068_camera2-11.jpg 100 1276.98 848.05 1181.27 750.21 191.43 195.68
6959791800068_camera2-12.jpg 100 1279.49 846.03 1179.26 741.84 200.47 208.38
6959791800068_camera2-10.jpg 100 1277.82 846.92 1189.01 754.42 177.61 185.01
6959791800068_camera2-13.jpg 100 1274.21 848.67 1173.98 739.2 200.47 218.93
6959791800068_camera2-15.jpg 100 1270.01 845.92 1175.71 746.66 188.59 198.52
6959791800068_camera2-14.jpg 100 1269.72 845.03 1179.33 749.2 180.78 191.65
6959791800068_camera2-18.jpg 100 1259.8 848.99 1155.89 739.82 207.82 218.34
6959791800068_camera2-16.jpg 100 1268.94 836.79 1168.71 736.56 200.47 200.47
6959791800068_camera2-17.jpg 100 1266.3 844.7 1166.07 736.56 200.47 216.29
6959791800068_camera2-23.jpg 100 1253.47 850.88 1157.52 749.97 191.9 201.83
6959791800068_camera2-1.jpg 100 1277.22 863.69 1186.04 772.51 182.36 182.36
6959791800068_camera2-19.jpg 100 1255.85 847.68 1155.89 739.82 199.92 215.71
6959791800068_camera2-22.jpg 100 1259.71 847.34 1160.8 744.47 197.83 205.74
6959791800068_camera2-20.jpg 100 1257.17 850.31 1155.89 742.45 202.55 215.71
6959791800068_camera2-21.jpg 100 1254.36 846.31 1161.59 749.58 185.53 193.46
6959791800068_camera2-24.jpg 100 1252.64 854.2 1159.17 754.94 186.94 198.52
6959791800068_camera2-27.jpg 100 1247.84 856.57 1144.97 757.66 205.74 197.83
6959791800068_camera2-26.jpg 100 1251.91 854.26 1150.63 750.35 202.55 207.82
6959791800068_camera2-28.jpg 100 1251.42 856.5 1161.71 762.04 179.42 188.93
6959791800068_camera2-25.jpg 100 1250.98 854.19 1155.86 753.28 190.25 201.83
6959791800068_camera2-29.jpg 100 1249.28 855.58 1137.48 750.35 223.6 210.45
6959791800068_camera2-31.jpg 100 1255.26 862.62 1164.19 771.55 182.14 182.14
6959791800068_camera2-2.jpg 100 1277.7 865.07 1182.69 765.81 190.01 198.52
6959791800068_camera2-30.jpg 100 1255.85 858.2 1155.89 760.87 199.92 194.66
6959791800068_camera2-32.jpg 100 1255.72 864.95 1161.42 769.23 188.59 191.43
6959791800068_camera2-35.jpg 100 1260.02 865.34 1170.99 775.63 178.06 179.42
6959791800068_camera2-34.jpg 100 1262.44 871.35 1161.16 771.39 202.55 199.92
6959791800068_camera2-37.jpg 100 1267.62 865.82 1168.71 765.58 197.83 200.47
6959791800068_camera2-33.jpg 100 1258.25 864.18 1166.5 772.43 183.5 183.5
6959791800068_camera2-36.jpg 100 1270.33 870.04 1166.42 766.13 207.82 207.82
6959791800068_camera2-38.jpg 100 1267.62 861.86 1173.98 765.58 187.28 192.55
6959791800068_camera2-39.jpg 100 1271.87 864.57 1180.41 773.11 182.91 182.91
6959791800068_camera2-3.jpg 100 1283.48 856.89 1174.31 747.72 218.34 218.34
6959791800068_camera2-40.jpg 100 1276.86 861.85 1179.26 757.66 195.19 208.38
6959791800068_camera2-5.jpg 100 1275.41 856.43 1185.02 765.25 180.78 182.36
6959791800068_camera2-4.jpg 100 1279.53 866.1 1184.83 758.24 189.4 215.71
6959791800068_camera2-6.jpg 100 1280.81 855.25 1179.26 744.47 203.1 221.57
6959791800068_camera2-7.jpg 100 1281.6 855.85 1188.95 756.59 185.29 198.52
6959791800068_camera2-8.jpg 100 1284.79 847.68 1187.46 739.82 194.66 215.71
6959791800068_camera3-11.jpg 100 1387.79 1264.28 1283.81 1043.4 207.96 441.75
6959791800068_camera3-10.jpg 100 1386.33 1264.11 1274.22 1039.9 224.21 448.41
6959791800068_camera2-9.jpg 100 1278.29 852.55 1185.64 754.94 185.29 195.21
6959791800068_camera3-12.jpg 100 1390.02 1255.42 1276.9 1018.67 226.23 473.5
6959791800068_camera3-13.jpg 100 1385.0 1248.29 1268.94 1008.25 232.12 480.07
6959791800068_camera3-15.jpg 100 1393.09 1259.63 1287.63 1036.83 210.91 445.6
6959791800068_camera3-14.jpg 100 1391.59 1265.42 1276.85 1034.62 229.48 461.6
6959791800068_camera3-16.jpg 100 1387.38 1259.37 1269.01 1029.19 236.75 460.35
6959791800068_camera3-17.jpg 100 1396.88 1262.79 1287.41 1037.26 218.93 451.05
6959791800068_camera3-18.jpg 100 1386.07 1251.47 1269.01 1016.04 234.12 470.87
6959791800068_camera3-19.jpg 100 1388.21 1256.53 1284.23 1036.34 207.96 440.39
6959791800068_camera3-1.jpg 100 1365.87 1262.26 1256.68 1040.58 218.37 443.36
6959791800068_camera3-21.jpg 100 1388.96 1256.19 1271.58 1029.35 234.76 453.69
6959791800068_camera3-22.jpg 100 1389.27 1254.9 1283.82 1034.75 210.91 440.31
6959791800068_camera3-23.jpg 100 1381.04 1252.24 1271.58 1026.71 218.93 451.05
6959791800068_camera3-20.jpg 100 1390.66 1258.56 1286.79 1039.72 207.74 437.67
6959791800068_camera3-25.jpg 100 1379.72 1252.23 1266.3 1024.07 226.84 456.33
6959791800068_camera3-28.jpg 100 1369.86 1256.44 1263.51 1035.23 212.7 442.42
6959791800068_camera3-26.jpg 100 1379.72 1253.55 1271.58 1034.62 216.29 437.86
6959791800068_camera3-24.jpg 100 1379.92 1251.36 1276.32 1029.36 207.21 444.01
6959791800068_camera3-27.jpg 100 1371.21 1255.16 1266.99 1034.31 208.45 441.71
6959791800068_camera3-2.jpg 100 1370.5 1256.19 1250.48 1031.99 240.03 448.41
6959791800068_camera3-30.jpg 100 1369.55 1257.19 1265.68 1036.77 207.74 440.84
6959791800068_camera3-29.jpg 100 1369.18 1253.55 1253.12 1024.07 232.12 458.96
6959791800068_camera3-31.jpg 100 1366.62 1255.38 1263.55 1037.34 206.15 436.09
6959791800068_camera3-33.jpg 100 1359.94 1258.83 1247.84 1029.35 224.21 458.96
6959791800068_camera3-32.jpg 100 1359.95 1257.52 1239.93 1031.99 240.03 451.05
6959791800068_camera3-34.jpg 100 1362.98 1259.4 1255.15 1038.19 215.66 442.43
6959791800068_camera3-36.jpg 100 1362.58 1262.79 1242.56 1037.26 240.03 451.05
6959791800068_camera3-39.jpg 100 1366.46 1261.25 1262.59 1043.2 207.74 436.09
6959791800068_camera3-35.jpg 100 1369.18 1264.11 1250.48 1039.9 237.4 448.41
6959791800068_camera3-38.jpg 100 1365.03 1262.0 1253.23 1034.45 223.6 455.09
6959791800068_camera3-40.jpg 100 1370.45 1263.84 1264.21 1044.21 212.49 439.26
6959791800068_camera3-37.jpg 100 1369.18 1253.56 1253.12 1021.44 232.12 464.24
6959791800068_camera3-5.jpg 100 1375.53 1264.94 1266.35 1042.32 218.37 445.25
6959791800068_camera3-4.jpg 100 1370.29 1267.25 1255.86 1037.08 228.86 460.35
6959791800068_camera3-3.jpg 100 1371.81 1266.74 1255.75 1031.99 232.12 469.51
6959791800068_camera3-7.jpg 100 1381.33 1262.46 1276.67 1042.27 209.32 440.39
6959791800068_camera3-9.jpg 100 1378.41 1262.79 1253.12 1039.9 250.58 445.77
6959791800068_camera3-6.jpg 100 1379.38 1264.23 1266.42 1035.68 225.92 457.1
6959791800068_camera3-8.jpg 100 1383.44 1264.62 1271.64 1037.08 223.6 455.09
