6931958014105_camera0-12.jpg 101 1435.85 1011.13 1297.21 708.02 277.28 606.22
6931958014105_camera0-10.jpg 101 1424.05 1017.28 1284.81 702.04 278.47 630.49
6931958014105_camera0-11.jpg 101 1432.11 1014.72 1297.95 697.73 268.32 633.97
6931958014105_camera0-13.jpg 101 1437.38 1012.55 1291.22 707.29 292.31 610.52
6931958014105_camera0-14.jpg 101 1441.31 1019.99 1284.79 700.37 313.04 639.23
6931958014105_camera0-15.jpg 101 1436.36 1016.66 1287.81 710.84 297.09 611.65
6931958014105_camera0-16.jpg 101 1430.6 1014.66 1276.92 696.79 307.36 635.74
6931958014105_camera0-17.jpg 101 1432.11 1016.03 1279.53 695.1 305.15 641.86
6931958014105_camera0-18.jpg 101 1433.0 1017.13 1303.76 712.67 258.48 608.93
6931958014105_camera0-19.jpg 101 1433.23 1014.65 1305.82 702.04 254.82 625.23
6931958014105_camera0-1.jpg 101 1390.01 1021.3 1274.27 708.26 231.49 626.08
6931958014105_camera0-20.jpg 101 1432.11 1013.41 1324.25 705.63 215.71 615.56
6931958014105_camera0-21.jpg 101 1426.53 1012.82 1316.43 709.03 220.19 607.57
6931958014105_camera0-22.jpg 101 1422.72 1012.03 1290.06 704.67 265.33 614.72
6931958014105_camera0-30.jpg 101 1383.44 1004.19 1250.6 697.73 265.69 612.93
6931958014105_camera0-27.jpg 101 1393.83 1017.29 1240.15 707.3 307.36 619.98
6931958014105_camera0-24.jpg 101 1414.29 1014.18 1272.93 714.47 282.72 599.42
6931958014105_camera0-25.jpg 101 1400.53 1014.73 1245.33 703.0 310.41 623.45
6931958014105_camera0-26.jpg 101 1400.39 1013.35 1242.77 704.67 315.24 617.35
6931958014105_camera0-23.jpg 101 1420.72 1013.48 1287.52 712.84 266.41 601.27
6931958014105_camera0-2.jpg 101 1390.02 1021.3 1258.49 700.37 263.06 641.86
6931958014105_camera0-31.jpg 101 1385.94 1014.66 1242.77 707.3 286.35 614.72
6931958014105_camera0-29.jpg 101 1383.43 1012.1 1237.44 700.37 291.99 623.45
6931958014105_camera0-28.jpg 101 1388.58 1015.97 1237.52 707.3 302.11 617.35
6931958014105_camera0-32.jpg 101 1382.08 1014.45 1247.51 716.78 269.13 595.34
6931958014105_camera0-34.jpg 101 1378.18 1013.41 1224.29 700.37 307.78 626.08
6931958014105_camera0-33.jpg 101 1382.01 1014.66 1234.89 707.3 294.23 614.72
6931958014105_camera0-35.jpg 101 1378.58 1017.36 1229.79 708.0 297.57 618.72
6931958014105_camera0-36.jpg 101 1382.12 1017.36 1229.55 703.0 305.15 628.71
6931958014105_camera0-37.jpg 101 1376.61 1018.32 1250.88 713.85 251.46 608.93
6931958014105_camera0-3.jpg 101 1399.08 1021.22 1263.79 709.92 270.58 622.61
6931958014105_camera0-4.jpg 101 1403.17 1021.3 1253.23 705.63 299.89 631.34
6931958014105_camera0-40.jpg 101 1386.17 1017.71 1290.23 712.45 191.88 610.52
6931958014105_camera0-6.jpg 101 1410.9 1021.23 1253.28 707.3 315.24 627.86
6931958014105_camera0-5.jpg 101 1407.12 1018.66 1255.86 695.1 302.52 647.12
6931958014105_camera0-38.jpg 101 1380.22 1019.51 1260.8 714.85 238.84 609.32
6931958014105_camera0-39.jpg 101 1379.38 1019.91 1266.42 709.92 225.92 619.98
6931958014105_camera1-10.jpg 101 1292.68 983.15 1150.63 716.15 284.1 534.01
6931958014105_camera1-11.jpg 101 1294.0 973.93 1148.2 702.04 291.6 543.79
6931958014105_camera0-7.jpg 101 1416.33 1012.09 1263.75 695.1 305.15 633.97
6931958014105_camera0-8.jpg 101 1417.69 1018.93 1272.93 713.11 289.52 611.65
6931958014105_camera1-13.jpg 101 1299.26 972.63 1148.2 681.03 302.11 583.2
6931958014105_camera1-12.jpg 101 1297.94 975.25 1148.0 697.73 299.89 555.05
6931958014105_camera0-9.jpg 101 1421.78 1016.97 1276.83 707.95 289.91 618.03
6931958014105_camera1-14.jpg 101 1298.93 967.23 1150.93 680.47 296.01 573.52
6931958014105_camera1-15.jpg 101 1300.57 959.5 1148.2 662.64 304.74 593.71
6931958014105_camera1-17.jpg 101 1295.32 963.43 1158.53 655.65 273.58 615.56
6931958014105_camera1-16.jpg 101 1295.32 962.11 1148.0 653.01 294.63 618.19
6931958014105_camera1-18.jpg 101 1296.63 952.92 1166.59 657.38 260.08 591.08
6931958014105_camera1-19.jpg 101 1294.92 948.73 1187.62 668.44 214.61 560.57
6931958014105_camera1-20.jpg 101 1292.69 950.27 1166.42 655.65 252.54 589.25
6931958014105_camera1-1.jpg 101 1245.78 977.23 1129.88 684.36 231.79 585.74
6931958014105_camera1-21.jpg 101 1287.43 951.62 1156.08 662.64 262.7 577.95
6931958014105_camera1-24.jpg 101 1272.36 947.36 1124.2 662.6 296.31 569.52
6931958014105_camera1-23.jpg 101 1271.64 951.58 1121.7 650.38 299.89 602.4
6931958014105_camera1-22.jpg 101 1280.86 952.92 1135.06 660.01 291.6 585.83
6931958014105_camera1-27.jpg 101 1254.92 946.75 1105.7 665.37 298.44 562.77
6931958014105_camera1-25.jpg 101 1262.43 947.64 1103.28 658.28 318.3 578.73
6931958014105_camera1-26.jpg 101 1262.48 951.61 1106.17 665.26 312.62 572.69
6931958014105_camera1-28.jpg 101 1249.06 950.48 1111.89 682.48 274.34 535.99
6931958014105_camera1-29.jpg 101 1249.28 950.27 1108.54 674.06 281.47 552.42
6931958014105_camera1-31.jpg 101 1240.59 951.14 1093.5 663.36 294.18 575.56
6931958014105_camera1-2.jpg 101 1250.65 977.88 1111.42 683.65 278.46 588.45
6931958014105_camera1-32.jpg 101 1238.76 962.11 1087.5 666.17 302.52 591.88
6931958014105_camera1-30.jpg 101 1243.48 947.85 1112.32 678.72 262.33 538.25
6931958014105_camera1-33.jpg 101 1236.21 958.18 1085.15 660.01 302.11 596.34
6931958014105_camera1-34.jpg 101 1228.24 964.74 1071.72 653.01 313.04 623.45
6931958014105_camera1-35.jpg 101 1231.62 966.59 1092.87 669.26 277.51 594.66
6931958014105_camera1-36.jpg 101 1232.26 968.69 1093.03 662.64 278.46 612.1
6931958014105_camera1-39.jpg 101 1238.76 976.58 1124.33 687.21 228.86 578.73
6931958014105_camera1-37.jpg 101 1232.26 968.69 1100.91 670.52 262.7 596.34
6931958014105_camera1-40.jpg 101 1245.57 972.0 1140.91 688.94 209.32 566.12
6931958014105_camera1-5.jpg 101 1267.38 978.5 1110.76 682.5 313.23 592.01
6931958014105_camera1-3.jpg 101 1253.23 981.84 1105.91 681.95 294.63 599.77
6931958014105_camera1-38.jpg 101 1234.32 974.31 1122.87 686.16 222.91 576.31
6931958014105_camera1-6.jpg 101 1269.04 977.88 1111.42 686.28 315.24 583.2
6931958014105_camera1-4.jpg 101 1259.8 983.15 1100.65 681.95 318.3 602.4
6931958014105_camera1-8.jpg 101 1281.47 980.07 1135.82 704.43 291.3 551.29
6931958014105_camera1-7.jpg 101 1276.92 977.88 1119.3 688.91 315.24 577.95
6931958014105_camera1-9.jpg 101 1281.42 973.88 1149.01 713.02 264.82 521.72
6931958014105_camera2-10.jpg 101 1287.42 825.32 1190.09 681.95 194.66 286.73
6931958014105_camera2-11.jpg 101 1286.12 822.89 1177.1 673.15 218.04 299.48
6931958014105_camera2-12.jpg 101 1276.34 819.12 1161.48 673.69 229.71 290.87
6931958014105_camera2-16.jpg 101 1254.54 813.48 1111.17 660.91 286.73 305.15
6931958014105_camera2-14.jpg 101 1267.73 816.32 1127.18 649.5 281.09 333.63
6931958014105_camera2-13.jpg 101 1272.97 819.33 1140.07 663.61 265.8 311.44
6931958014105_camera2-18.jpg 101 1240.07 821.37 1098.02 681.95 284.1 278.84
6931958014105_camera2-15.jpg 101 1261.36 814.44 1123.4 664.93 275.92 299.03
6931958014105_camera2-17.jpg 101 1248.03 811.07 1103.54 662.64 288.97 296.85
6931958014105_camera2-21.jpg 101 1238.75 833.21 1103.28 689.84 270.95 286.73
6931958014105_camera2-22.jpg 101 1230.16 818.54 1100.84 691.55 258.64 253.98
6931958014105_camera2-20.jpg 101 1237.52 825.51 1114.05 702.04 246.94 246.94
6931958014105_camera2-19.jpg 101 1240.07 821.37 1100.65 681.95 278.84 278.84
6931958014105_camera2-1.jpg 101 1288.08 858.17 1151.65 740.93 272.86 234.49
6931958014105_camera2-26.jpg 101 1223.9 845.71 1097.83 695.85 252.14 299.71
6931958014105_camera2-24.jpg 101 1227.76 839.95 1089.2 683.16 277.12 313.58
6931958014105_camera2-23.jpg 101 1229.55 835.84 1084.87 679.32 289.36 313.04
6931958014105_camera2-25.jpg 101 1225.53 844.07 1094.37 687.08 262.33 313.98
6931958014105_camera2-27.jpg 101 1227.36 853.72 1103.28 699.16 248.15 309.12
6931958014105_camera2-28.jpg 101 1225.6 854.26 1108.54 703.0 234.12 302.52
6931958014105_camera2-29.jpg 101 1232.5 856.36 1138.71 728.78 187.57 255.15
6931958014105_camera2-30.jpg 101 1238.76 860.84 1121.7 713.52 234.12 294.63
6931958014105_camera2-2.jpg 101 1292.17 850.19 1153.31 722.29 277.73 255.81
6931958014105_camera2-36.jpg 101 1263.62 863.04 1119.59 731.78 288.06 262.53
6931958014105_camera2-33.jpg 101 1246.64 866.1 1100.65 708.26 291.99 315.67
6931958014105_camera2-32.jpg 101 1243.03 861.94 1122.06 723.98 241.94 275.92
6931958014105_camera2-31.jpg 101 1247.97 860.84 1121.7 705.63 252.54 310.41
6931958014105_camera2-38.jpg 101 1277.46 861.64 1142.63 749.97 269.66 223.34
6931958014105_camera2-34.jpg 101 1251.91 872.67 1100.65 716.15 302.52 313.04
6931958014105_camera2-37.jpg 101 1267.76 859.4 1128.8 737.45 277.93 243.9
6931958014105_camera2-35.jpg 101 1260.87 861.73 1121.64 726.58 278.45 270.29
6931958014105_camera2-40.jpg 101 1284.6 861.04 1157.74 751.41 253.72 219.26
6931958014105_camera2-39.jpg 101 1279.53 867.41 1142.74 755.61 273.58 223.6
6931958014105_camera2-3.jpg 101 1290.46 850.18 1152.91 714.76 275.09 270.84
6931958014105_camera2-4.jpg 101 1293.28 843.18 1156.68 702.5 273.2 281.36
6931958014105_camera2-5.jpg 101 1296.62 841.1 1153.26 687.21 286.73 307.78
6931958014105_camera2-6.jpg 101 1295.04 837.17 1161.17 682.46 267.74 309.41
6931958014105_camera2-9.jpg 101 1292.68 825.32 1190.09 679.32 205.19 291.99
6931958014105_camera2-8.jpg 101 1293.86 827.74 1181.72 683.66 224.27 288.16
6931958014105_camera2-7.jpg 101 1294.96 834.89 1169.51 682.42 250.91 304.95
6931958014105_camera3-12.jpg 101 1410.89 1182.46 1256.7 851.69 308.39 661.54
6931958014105_camera3-11.jpg 101 1401.85 1176.5 1245.33 852.94 313.04 647.12
6931958014105_camera3-14.jpg 101 1407.9 1186.92 1262.47 870.9 290.87 632.04
6931958014105_camera3-10.jpg 101 1408.84 1186.16 1263.6 870.92 290.47 630.49
6931958014105_camera3-13.jpg 101 1405.8 1188.34 1250.6 855.57 310.41 665.54
6931958014105_camera3-15.jpg 101 1407.68 1185.24 1268.13 868.08 279.09 634.31
6931958014105_camera3-16.jpg 101 1405.46 1183.45 1270.25 858.21 270.42 650.48
6931958014105_camera3-1.jpg 101 1368.97 1197.55 1226.92 866.09 284.1 662.91
6931958014105_camera3-18.jpg 101 1403.02 1182.78 1290.06 862.29 225.92 640.99
6931958014105_camera3-17.jpg 101 1405.72 1182.68 1286.11 868.7 239.22 627.96
6931958014105_camera3-20.jpg 101 1393.96 1179.13 1258.49 855.57 270.95 647.12
6931958014105_camera3-19.jpg 101 1396.45 1178.85 1279.55 859.66 233.81 638.37
6931958014105_camera3-22.jpg 101 1387.38 1179.13 1237.44 850.31 299.89 657.65
6931958014105_camera3-23.jpg 101 1379.38 1178.85 1224.38 859.66 309.99 638.37
6931958014105_camera3-24.jpg 101 1371.45 1187.65 1217.97 867.9 306.97 639.51
6931958014105_camera3-28.jpg 101 1357.43 1172.88 1233.06 869.1 248.74 607.57
6931958014105_camera3-21.jpg 101 1395.28 1183.08 1250.6 860.83 289.36 644.49
6931958014105_camera3-26.jpg 101 1363.62 1180.16 1211.25 864.92 304.74 630.49
6931958014105_camera3-25.jpg 101 1367.66 1176.5 1211.14 855.57 313.04 641.86
6931958014105_camera3-29.jpg 101 1359.68 1176.21 1213.88 859.66 291.6 633.11
6931958014105_camera3-30.jpg 101 1353.15 1177.87 1215.98 863.89 274.34 627.96
6931958014105_camera3-27.jpg 101 1359.77 1180.45 1208.51 860.83 302.52 639.23
6931958014105_camera3-2.jpg 101 1372.31 1191.94 1226.66 864.62 291.3 654.65
6931958014105_camera3-31.jpg 101 1353.11 1182.78 1203.37 862.29 299.48 640.99
6931958014105_camera3-34.jpg 101 1346.61 1187.03 1195.35 855.57 302.52 662.91
6931958014105_camera3-32.jpg 101 1347.86 1182.79 1192.86 857.04 309.99 651.5
6931958014105_camera3-33.jpg 101 1350.56 1181.76 1192.72 850.31 315.67 662.91
6931958014105_camera3-35.jpg 101 1351.79 1190.66 1208.62 859.66 286.35 662.01
6931958014105_camera3-36.jpg 101 1351.95 1187.25 1220.39 861.49 263.11 651.52
6931958014105_camera3-3.jpg 101 1372.92 1194.91 1216.4 858.2 313.04 673.43
6931958014105_camera3-38.jpg 101 1357.05 1188.04 1250.65 859.66 212.79 656.76
6931958014105_camera3-37.jpg 101 1357.13 1189.65 1234.81 863.46 244.64 652.38
6931958014105_camera3-4.jpg 101 1378.07 1193.3 1219.13 862.29 317.87 662.01
6931958014105_camera3-6.jpg 101 1384.63 1189.36 1232.26 862.29 304.74 654.13
6931958014105_camera3-7.jpg 101 1392.64 1189.65 1242.7 858.2 299.89 662.91
6931958014105_camera3-40.jpg 101 1370.18 1191.98 1237.52 864.92 265.33 654.13
6931958014105_camera3-39.jpg 101 1366.04 1189.42 1251.71 860.53 228.66 657.78
6931958014105_camera3-5.jpg 101 1385.94 1189.36 1227.01 862.29 317.87 654.13
6931958014105_camera3-9.jpg 101 1404.22 1182.49 1274.18 874.85 260.07 615.28
6931958014105_camera3-8.jpg 101 1395.28 1183.08 1250.6 860.83 289.36 644.49
