6907992100272_camera0-12.jpg 102 1422.57 1068.68 1266.03 820.78 313.07 495.81
6907992100272_camera0-14.jpg 102 1424.22 1066.02 1253.23 810.85 341.98 510.33
6907992100272_camera0-11.jpg 102 1417.92 1069.15 1261.13 820.68 313.58 496.94
6907992100272_camera0-13.jpg 102 1421.59 1067.33 1253.23 821.37 336.71 491.92
6907992100272_camera0-10.jpg 102 1417.69 1073.27 1260.41 824.53 314.56 497.48
6907992100272_camera0-16.jpg 102 1408.52 1070.25 1240.79 818.66 335.46 503.19
6907992100272_camera0-15.jpg 102 1417.63 1066.02 1242.7 816.11 349.87 499.81
6907992100272_camera0-17.jpg 102 1409.21 1073.95 1250.86 820.46 316.7 506.99
6907992100272_camera0-1.jpg 102 1409.12 1075.22 1298.69 821.02 220.86 508.4
6907992100272_camera0-21.jpg 102 1411.96 1070.73 1301.75 817.8 220.42 505.86
6907992100272_camera0-22.jpg 102 1411.06 1069.96 1287.42 813.48 247.27 512.96
6907992100272_camera0-20.jpg 102 1402.93 1072.68 1282.66 818.69 240.54 507.97
6907992100272_camera0-25.jpg 102 1402.48 1070.62 1239.96 819.54 325.04 502.15
6907992100272_camera0-23.jpg 102 1401.86 1075.22 1261.12 821.37 281.47 507.7
6907992100272_camera0-26.jpg 102 1400.24 1073.08 1234.53 820.94 331.42 504.27
6907992100272_camera0-30.jpg 102 1390.02 1064.7 1237.44 813.48 305.15 502.44
6907992100272_camera0-2.jpg 102 1411.86 1072.95 1279.09 820.2 265.53 505.49
6907992100272_camera0-31.jpg 102 1401.43 1069.74 1251.64 825.58 299.58 488.32
6907992100272_camera0-34.jpg 102 1401.86 1067.33 1226.92 808.22 349.87 518.22
6907992100272_camera0-32.jpg 102 1401.38 1069.22 1243.03 821.84 316.7 494.76
6907992100272_camera0-36.jpg 102 1403.17 1068.65 1229.55 808.22 347.24 520.86
6907992100272_camera0-38.jpg 102 1401.65 1074.2 1259.61 821.39 284.08 505.63
6907992100272_camera0-37.jpg 102 1396.59 1067.33 1234.81 808.22 323.56 518.22
6907992100272_camera0-35.jpg 102 1402.31 1071.45 1232.61 817.61 339.4 507.69
6907992100272_camera0-40.jpg 102 1404.3 1074.85 1283.09 819.69 242.43 510.32
6907992100272_camera0-7.jpg 102 1422.89 1068.64 1247.96 813.48 349.87 510.33
6907992100272_camera0-6.jpg 102 1423.51 1076.57 1259.05 821.71 328.93 509.71
6907992100272_camera0-8.jpg 102 1420.27 1068.64 1247.96 816.11 344.61 505.07
6907992100272_camera0-9.jpg 102 1417.64 1071.28 1250.6 818.74 334.08 505.07
6907992100272_camera1-13.jpg 102 1281.58 997.33 1109.29 745.53 344.57 503.6
6907992100272_camera1-12.jpg 102 1279.4 993.74 1112.05 753.97 334.7 479.53
6907992100272_camera1-15.jpg 102 1274.43 994.35 1108.53 729.38 331.81 529.93
6907992100272_camera1-1.jpg 102 1269.07 1008.54 1145.12 743.98 247.91 529.12
6907992100272_camera1-21.jpg 102 1263.75 1000.25 1137.48 731.93 252.54 536.64
6907992100272_camera1-18.jpg 102 1267.79 994.8 1135.97 729.67 263.63 530.26
6907992100272_camera1-23.jpg 102 1263.74 992.36 1108.54 721.41 310.41 541.9
6907992100272_camera1-20.jpg 102 1267.06 989.71 1158.28 733.86 217.56 511.7
6907992100272_camera1-22.jpg 102 1266.72 997.27 1137.07 731.7 259.31 531.14
6907992100272_camera1-29.jpg 102 1257.01 1000.74 1096.58 761.64 320.87 478.19
6907992100272_camera1-2.jpg 102 1272.57 1006.72 1133.87 736.58 277.41 540.28
6907992100272_camera1-33.jpg 102 1260.08 1007.11 1090.86 752.93 338.45 508.35
6907992100272_camera1-36.jpg 102 1259.81 1009.5 1097.38 734.94 324.86 549.11
6907992100272_camera1-38.jpg 102 1262.37 1010.38 1134.31 740.83 256.11 539.1
6907992100272_camera1-40.jpg 102 1262.9 1005.38 1153.3 746.58 219.2 517.59
6907992100272_camera1-32.jpg 102 1254.54 1006.83 1087.5 758.24 334.08 497.18
6907992100272_camera1-3.jpg 102 1279.85 1009.62 1129.16 737.95 301.38 543.34
6907992100272_camera1-4.jpg 102 1278.2 1006.1 1113.52 732.84 329.36 546.51
6907992100272_camera1-6.jpg 102 1278.21 1012.09 1108.54 742.45 339.35 539.27
6907992100272_camera1-39.jpg 102 1261.77 1012.15 1148.76 745.94 226.02 532.43
6907992100272_camera1-5.jpg 102 1278.26 1006.45 1109.29 733.94 337.94 545.01
6907992100272_camera1-8.jpg 102 1278.42 1000.97 1110.69 751.2 335.46 499.54
6907992100272_camera2-12.jpg 102 1262.35 836.12 1142.47 677.29 239.76 317.66
6907992100272_camera2-11.jpg 102 1265.52 827.57 1157.03 685.14 216.98 284.86
6907992100272_camera2-10.jpg 102 1266.75 827.84 1168.31 687.45 196.89 280.78
6907992100272_camera2-15.jpg 102 1253.37 837.17 1101.79 674.13 303.16 326.08
6907992100272_camera2-14.jpg 102 1253.41 835.67 1107.5 665.6 291.83 340.15
6907992100272_camera2-17.jpg 102 1253.13 844.83 1096.39 696.1 313.48 297.45
6907992100272_camera2-13.jpg 102 1256.62 832.04 1123.42 672.33 266.41 319.42
6907992100272_camera2-19.jpg 102 1251.4 848.6 1100.18 723.64 302.44 249.91
6907992100272_camera2-16.jpg 102 1252.67 841.16 1096.49 683.16 312.37 316.01
6907992100272_camera2-21.jpg 102 1254.81 848.0 1112.76 730.44 284.09 235.11
6907992100272_camera2-18.jpg 102 1251.05 843.27 1099.12 710.17 303.86 266.2
6907992100272_camera2-20.jpg 102 1253.16 850.53 1111.56 742.52 283.2 216.03
6907992100272_camera2-22.jpg 102 1253.97 847.51 1104.19 717.74 299.56 259.54
6907992100272_camera2-1.jpg 102 1273.7 837.61 1126.82 721.65 293.77 231.92
6907992100272_camera2-24.jpg 102 1251.13 852.12 1094.61 698.28 313.05 307.69
6907992100272_camera2-26.jpg 102 1255.39 845.0 1110.59 687.72 289.6 314.56
6907992100272_camera2-25.jpg 102 1250.88 854.67 1098.67 691.55 304.42 326.24
6907992100272_camera2-23.jpg 102 1249.28 849.89 1087.76 697.49 323.03 304.81
6907992100272_camera2-2.jpg 102 1272.09 836.73 1119.35 710.15 305.49 253.15
6907992100272_camera2-28.jpg 102 1260.8 843.59 1134.97 689.22 251.65 308.74
6907992100272_camera2-27.jpg 102 1257.2 851.85 1119.25 689.84 275.91 324.02
6907992100272_camera2-32.jpg 102 1260.04 854.04 1130.83 694.18 258.43 319.72
6907992100272_camera2-29.jpg 102 1261.4 849.9 1151.57 694.97 219.67 309.86
6907992100272_camera2-31.jpg 102 1257.12 852.6 1148.54 704.02 217.15 297.15
6907992100272_camera2-30.jpg 102 1259.05 849.67 1164.68 705.37 188.74 288.6
6907992100272_camera2-33.jpg 102 1266.0 851.34 1130.3 688.25 271.41 326.18
6907992100272_camera2-37.jpg 102 1271.23 842.75 1114.96 704.79 312.54 275.93
6907992100272_camera2-34.jpg 102 1266.73 850.61 1119.45 687.57 294.55 326.07
6907992100272_camera2-36.jpg 102 1267.93 843.25 1110.92 689.9 314.01 306.7
6907992100272_camera2-38.jpg 102 1271.0 846.36 1117.71 718.04 306.57 256.64
6907992100272_camera2-39.jpg 102 1267.94 846.36 1117.03 729.99 301.83 232.73
6907992100272_camera2-35.jpg 102 1268.99 848.63 1116.37 686.63 305.25 324.0
6907992100272_camera2-40.jpg 102 1267.02 846.46 1122.9 736.42 288.24 220.09
6907992100272_camera2-3.jpg 102 1271.15 832.77 1116.78 694.71 308.74 276.12
6907992100272_camera2-4.jpg 102 1266.99 831.82 1105.94 683.24 322.09 297.15
6907992100272_camera2-8.jpg 102 1259.75 827.49 1130.08 673.84 259.35 307.29
6907992100272_camera2-7.jpg 102 1266.31 830.85 1121.48 669.69 289.66 322.32
6907992100272_camera2-6.jpg 102 1267.43 830.91 1116.37 671.0 302.12 319.83
6907992100272_camera2-9.jpg 102 1260.06 830.71 1144.1 674.44 231.93 312.53
6907992100272_camera2-5.jpg 102 1268.33 830.91 1114.68 682.4 307.29 297.02
6907992100272_camera3-19.jpg 102 1378.59 1229.24 1271.48 960.87 214.21 536.73
6907992100272_camera3-20.jpg 102 1385.37 1231.58 1266.26 963.57 238.22 536.01
6907992100272_camera3-18.jpg 102 1376.76 1229.24 1259.31 960.87 234.9 536.73
6907992100272_camera3-23.jpg 102 1376.91 1236.4 1215.84 963.2 322.14 546.41
6907992100272_camera3-25.jpg 102 1364.6 1235.32 1196.03 963.31 337.13 544.03
6907992100272_camera3-26.jpg 102 1367.02 1234.06 1200.89 967.82 332.26 532.47
6907992100272_camera3-29.jpg 102 1372.84 1230.97 1224.0 976.8 297.67 508.35
6907992100272_camera3-28.jpg 102 1368.54 1230.3 1208.89 968.14 319.3 524.31
6907992100272_camera3-27.jpg 102 1369.67 1230.86 1204.53 965.13 330.29 531.46
6907992100272_camera3-30.jpg 102 1372.09 1227.01 1213.77 966.45 316.64 521.11
6907992100272_camera3-37.jpg 102 1376.18 1240.21 1247.06 964.29 258.25 551.85
6907992100272_camera3-38.jpg 102 1373.12 1240.37 1258.81 965.61 228.61 549.51
6907992100272_camera3-40.jpg 102 1384.34 1236.77 1266.09 965.6 236.51 542.33
6907992100272_camera3-39.jpg 102 1379.19 1235.53 1270.57 963.61 217.25 543.83
6907992100272_camera3-4.jpg 102 1388.42 1234.11 1223.71 962.19 329.42 543.83
6907992100272_camera3-6.jpg 102 1385.28 1231.07 1215.5 963.31 339.56 535.51
6907992100272_camera3-9.jpg 102 1388.66 1227.83 1236.03 969.74 305.26 516.17
