4891028707851_camera0-10.jpg 103 1420.26 1072.43 1253.59 820.3 333.34 504.26
4891028707851_camera0-11.jpg 103 1417.74 1069.75 1262.34 819.99 310.81 499.52
4891028707851_camera0-13.jpg 103 1426.02 1065.74 1266.62 814.82 318.8 501.83
4891028707851_camera0-12.jpg 103 1420.4 1069.23 1270.21 821.17 300.39 496.12
4891028707851_camera0-16.jpg 103 1415.65 1069.9 1245.75 817.77 339.81 504.27
4891028707851_camera0-14.jpg 103 1420.65 1069.05 1248.12 818.74 345.06 500.62
4891028707851_camera0-15.jpg 103 1416.99 1068.21 1243.05 817.9 347.89 500.62
4891028707851_camera0-1.jpg 103 1403.2 1075.76 1292.2 822.3 222.01 506.92
4891028707851_camera0-17.jpg 103 1411.34 1072.29 1245.63 820.94 331.42 502.69
4891028707851_camera0-19.jpg 103 1404.91 1073.47 1250.36 819.53 309.1 507.89
4891028707851_camera0-18.jpg 103 1408.98 1071.09 1251.31 818.27 315.34 505.63
4891028707851_camera0-21.jpg 103 1400.86 1073.25 1283.51 825.87 234.69 494.76
4891028707851_camera0-20.jpg 103 1402.23 1072.04 1268.64 818.23 267.17 507.62
4891028707851_camera0-22.jpg 103 1397.99 1070.93 1296.05 820.83 203.88 500.2
4891028707851_camera0-23.jpg 103 1404.54 1072.15 1284.82 820.81 239.45 502.69
4891028707851_camera0-24.jpg 103 1402.98 1071.44 1265.91 819.18 274.14 504.53
4891028707851_camera0-27.jpg 103 1396.19 1072.59 1232.4 819.09 327.57 506.99
4891028707851_camera0-25.jpg 103 1398.82 1072.77 1248.21 816.09 301.22 513.35
4891028707851_camera0-28.jpg 103 1391.33 1068.64 1226.92 813.48 328.82 510.33
4891028707851_camera0-26.jpg 103 1400.13 1072.86 1244.38 820.22 311.5 505.27
4891028707851_camera0-29.jpg 103 1394.58 1072.62 1225.36 821.84 338.45 501.55
4891028707851_camera0-30.jpg 103 1391.33 1072.59 1229.55 818.74 323.56 507.7
4891028707851_camera0-2.jpg 103 1403.17 1072.59 1300.58 816.11 205.19 512.96
4891028707851_camera0-31.jpg 103 1389.6 1068.32 1238.72 819.58 301.75 497.48
4891028707851_camera0-32.jpg 103 1396.59 1064.7 1247.96 816.11 297.26 497.18
4891028707851_camera0-33.jpg 103 1398.85 1067.47 1239.45 818.33 318.79 498.28
4891028707851_camera0-34.jpg 103 1396.59 1071.28 1240.07 821.37 313.04 499.81
4891028707851_camera0-37.jpg 103 1402.39 1073.12 1240.64 818.94 323.5 508.35
4891028707851_camera0-40.jpg 103 1405.46 1069.95 1267.88 814.79 275.16 510.32
4891028707851_camera0-36.jpg 103 1403.17 1071.28 1232.18 816.11 341.98 510.33
4891028707851_camera0-35.jpg 103 1400.11 1071.37 1235.19 819.23 329.84 504.27
4891028707851_camera0-6.jpg 103 1422.19 1073.46 1268.6 818.52 307.18 509.89
4891028707851_camera0-39.jpg 103 1403.17 1071.28 1255.86 818.74 294.63 505.07
4891028707851_camera0-3.jpg 103 1419.39 1075.51 1299.38 822.78 240.01 505.47
4891028707851_camera0-38.jpg 103 1403.17 1073.9 1250.6 821.37 305.15 505.07
4891028707851_camera0-5.jpg 103 1420.96 1078.17 1282.32 821.96 277.28 512.43
4891028707851_camera0-4.jpg 103 1412.38 1079.16 1276.9 821.37 270.95 515.59
4891028707851_camera0-7.jpg 103 1422.66 1072.04 1253.31 818.0 338.71 508.07
4891028707851_camera0-9.jpg 103 1420.95 1074.39 1257.85 825.65 326.21 497.48
4891028707851_camera0-8.jpg 103 1418.95 1069.96 1247.96 821.37 341.98 497.18
4891028707851_camera1-10.jpg 103 1279.25 997.92 1121.19 760.65 316.11 474.55
4891028707851_camera1-11.jpg 103 1280.84 1002.88 1140.11 784.54 281.47 436.68
4891028707851_camera1-12.jpg 103 1284.13 998.01 1132.43 770.45 303.41 455.11
4891028707851_camera1-14.jpg 103 1276.89 991.04 1111.17 731.93 331.45 518.22
4891028707851_camera1-13.jpg 103 1283.13 994.47 1123.42 756.6 319.42 475.73
4891028707851_camera1-17.jpg 103 1271.64 989.73 1116.44 721.41 310.41 536.64
4891028707851_camera1-16.jpg 103 1272.95 992.36 1108.54 734.56 328.82 515.59
4891028707851_camera1-15.jpg 103 1275.86 993.23 1108.43 733.3 334.86 519.87
4891028707851_camera1-1.jpg 103 1264.39 1006.4 1161.36 743.97 206.07 524.86
4891028707851_camera1-18.jpg 103 1267.69 992.36 1124.33 718.78 286.73 547.16
4891028707851_camera1-20.jpg 103 1262.38 991.18 1148.97 728.65 226.81 525.07
4891028707851_camera1-19.jpg 103 1267.18 992.71 1133.98 725.51 266.41 534.4
4891028707851_camera1-21.jpg 103 1259.81 993.67 1158.53 729.3 202.55 528.75
4891028707851_camera1-24.jpg 103 1261.97 999.93 1117.66 728.77 288.61 542.33
4891028707851_camera1-22.jpg 103 1261.12 997.62 1148.0 734.56 226.23 526.12
4891028707851_camera1-23.jpg 103 1259.01 996.23 1121.84 726.12 274.35 540.22
4891028707851_camera1-25.jpg 103 1261.49 1000.13 1109.26 730.55 304.47 539.16
4891028707851_camera1-27.jpg 103 1256.76 999.78 1087.99 735.02 337.54 529.53
4891028707851_camera1-26.jpg 103 1261.12 1001.57 1098.02 739.82 326.19 523.49
4891028707851_camera1-29.jpg 103 1253.22 1001.57 1092.76 750.35 320.93 502.44
4891028707851_camera1-2.jpg 103 1273.61 1010.77 1169.63 752.52 207.96 516.51
4891028707851_camera1-28.jpg 103 1257.08 1000.65 1089.78 740.59 334.6 520.13
4891028707851_camera1-35.jpg 103 1253.22 1005.51 1087.5 739.82 331.45 531.38
4891028707851_camera1-31.jpg 103 1253.73 1004.99 1102.56 781.6 302.35 446.77
4891028707851_camera1-30.jpg 103 1252.77 1003.52 1099.86 769.06 305.83 468.93
4891028707851_camera1-33.jpg 103 1257.17 1002.88 1095.39 760.87 323.56 484.03
4891028707851_camera1-37.jpg 103 1257.17 1013.4 1105.91 739.82 302.52 547.16
4891028707851_camera1-34.jpg 103 1259.18 1012.04 1087.23 760.08 343.91 503.91
4891028707851_camera1-32.jpg 103 1258.99 1008.04 1100.64 771.54 316.7 473.01
4891028707851_camera1-36.jpg 103 1254.54 1000.25 1090.13 734.56 328.82 531.38
4891028707851_camera1-38.jpg 103 1260.94 1011.01 1116.28 738.91 289.32 544.2
4891028707851_camera1-39.jpg 103 1261.76 1013.13 1126.61 744.64 270.31 536.99
4891028707851_camera1-4.jpg 103 1272.95 1002.88 1126.96 737.19 291.99 531.38
4891028707851_camera1-6.jpg 103 1281.09 1006.02 1120.7 738.93 320.78 534.18
4891028707851_camera1-3.jpg 103 1278.21 1006.82 1142.74 734.56 270.95 544.53
4891028707851_camera1-40.jpg 103 1263.64 1011.84 1143.64 746.89 240.01 529.89
4891028707851_camera1-7.jpg 103 1280.85 1002.88 1113.81 737.19 334.08 531.38
4891028707851_camera2-11.jpg 103 1258.34 823.35 1165.47 688.53 185.74 269.63
4891028707851_camera1-8.jpg 103 1279.59 999.07 1111.27 744.51 336.63 509.11
4891028707851_camera1-5.jpg 103 1274.27 1004.19 1124.33 729.3 299.89 549.79
4891028707851_camera2-13.jpg 103 1255.05 825.69 1146.7 678.4 216.7 294.59
4891028707851_camera2-12.jpg 103 1261.12 838.47 1166.42 684.58 189.4 307.78
4891028707851_camera2-10.jpg 103 1261.11 825.32 1145.37 679.32 231.49 291.99
4891028707851_camera1-9.jpg 103 1275.59 1000.25 1113.81 755.61 323.56 489.29
4891028707851_camera2-14.jpg 103 1254.54 845.05 1124.33 681.95 260.43 326.19
4891028707851_camera2-16.jpg 103 1253.07 831.04 1103.81 678.34 298.51 305.4
4891028707851_camera2-15.jpg 103 1251.83 829.3 1109.46 673.96 284.73 310.68
4891028707851_camera2-17.jpg 103 1255.86 835.84 1108.54 676.69 294.63 318.3
4891028707851_camera2-19.jpg 103 1250.81 836.93 1097.62 708.34 306.38 257.18
4891028707851_camera2-18.jpg 103 1249.0 842.72 1093.28 692.72 311.44 299.99
4891028707851_camera2-1.jpg 103 1276.9 839.79 1134.85 747.72 284.1 184.14
4891028707851_camera2-20.jpg 103 1250.6 851.62 1103.28 734.56 294.63 234.12
4891028707851_camera2-22.jpg 103 1252.45 852.77 1113.74 744.49 277.42 216.57
4891028707851_camera2-21.jpg 103 1250.6 851.63 1113.81 747.72 273.58 207.82
4891028707851_camera2-27.jpg 103 1254.54 855.14 1106.87 693.4 295.35 323.48
4891028707851_camera2-24.jpg 103 1250.6 851.62 1100.65 708.26 299.89 286.73
4891028707851_camera2-23.jpg 103 1250.87 852.44 1100.11 726.49 301.52 251.9
4891028707851_camera2-25.jpg 103 1251.91 847.67 1095.39 697.73 313.04 299.89
4891028707851_camera2-26.jpg 103 1254.98 857.06 1100.94 701.02 308.07 312.09
4891028707851_camera2-29.jpg 103 1263.75 852.94 1129.59 697.73 268.32 310.41
4891028707851_camera2-2.jpg 103 1272.45 832.61 1135.64 739.74 273.62 185.74
4891028707851_camera2-28.jpg 103 1253.22 855.57 1111.17 695.1 284.1 320.93
4891028707851_camera2-32.jpg 103 1265.74 848.55 1158.49 702.75 214.5 291.6
4891028707851_camera2-31.jpg 103 1269.01 858.2 1174.31 713.52 189.4 289.36
4891028707851_camera2-30.jpg 103 1259.82 853.26 1149.47 707.96 220.69 290.6
4891028707851_camera2-33.jpg 103 1266.91 851.81 1147.8 697.97 238.22 307.68
4891028707851_camera2-34.jpg 103 1266.53 848.19 1141.07 693.39 250.92 309.61
4891028707851_camera2-35.jpg 103 1269.01 852.94 1126.96 695.1 284.1 315.67
4891028707851_camera2-38.jpg 103 1272.97 840.97 1117.25 708.15 311.44 265.64
4891028707851_camera2-39.jpg 103 1275.59 845.05 1119.07 716.15 313.04 257.8
4891028707851_camera2-36.jpg 103 1273.03 843.59 1127.98 691.55 290.1 304.08
4891028707851_camera2-37.jpg 103 1272.38 842.6 1118.01 698.27 308.74 288.65
4891028707851_camera2-3.jpg 103 1269.01 833.21 1111.17 713.52 315.67 239.38
4891028707851_camera2-40.jpg 103 1272.62 836.28 1125.08 724.4 295.09 223.77
4891028707851_camera2-4.jpg 103 1271.01 832.04 1118.77 700.42 304.47 263.24
4891028707851_camera2-7.jpg 103 1266.38 810.86 1121.7 658.28 289.36 305.15
4891028707851_camera2-5.jpg 103 1271.06 833.4 1118.27 690.46 305.58 285.89
4891028707851_camera2-6.jpg 103 1267.43 829.3 1112.47 682.35 309.92 293.89
4891028707851_camera2-8.jpg 103 1264.51 833.16 1128.05 668.16 272.92 330.0
4891028707851_camera3-10.jpg 103 1388.7 1231.74 1229.55 960.79 318.3 541.9
4891028707851_camera2-9.jpg 103 1266.38 830.58 1137.48 666.17 257.8 328.82
4891028707851_camera3-12.jpg 103 1393.9 1234.83 1236.12 970.0 315.57 529.65
4891028707851_camera3-11.jpg 103 1395.25 1231.75 1234.64 973.56 321.22 516.38
4891028707851_camera3-15.jpg 103 1384.45 1235.6 1216.57 960.44 335.77 550.32
4891028707851_camera3-13.jpg 103 1391.19 1231.42 1221.97 962.64 338.44 537.57
4891028707851_camera3-14.jpg 103 1385.74 1233.01 1221.28 960.49 328.93 545.05
4891028707851_camera3-1.jpg 103 1391.35 1240.06 1273.16 966.11 236.37 547.89
4891028707851_camera3-16.jpg 103 1381.28 1230.27 1216.08 952.86 330.4 554.82
4891028707851_camera3-20.jpg 103 1378.93 1231.15 1272.23 960.81 213.41 540.69
4891028707851_camera3-17.jpg 103 1380.35 1231.64 1228.32 953.05 304.05 557.19
4891028707851_camera3-19.jpg 103 1372.39 1232.36 1252.78 959.15 239.22 546.41
4891028707851_camera3-21.jpg 103 1379.68 1232.43 1262.31 956.67 234.75 551.53
4891028707851_camera3-18.jpg 103 1374.29 1231.91 1237.22 956.43 274.14 550.96
4891028707851_camera3-25.jpg 103 1368.76 1236.41 1206.33 960.49 324.86 551.85
4891028707851_camera3-22.jpg 103 1370.28 1231.74 1240.07 952.9 260.43 557.68
4891028707851_camera3-23.jpg 103 1371.38 1237.93 1223.91 960.42 294.95 555.02
4891028707851_camera3-26.jpg 103 1367.49 1234.56 1197.18 957.58 340.62 553.96
4891028707851_camera3-24.jpg 103 1370.19 1237.68 1211.24 960.86 317.9 553.64
4891028707851_camera3-28.jpg 103 1363.99 1235.73 1199.53 968.64 328.93 534.18
4891028707851_camera3-27.jpg 103 1368.75 1236.55 1198.44 967.45 340.62 538.2
4891028707851_camera3-29.jpg 103 1364.59 1235.14 1205.1 972.28 318.97 525.73
4891028707851_camera3-30.jpg 103 1363.71 1234.38 1213.77 976.58 299.89 515.59
4891028707851_camera3-2.jpg 103 1389.35 1241.53 1264.3 966.28 250.1 550.49
4891028707851_camera3-31.jpg 103 1370.9 1234.4 1212.08 971.1 317.64 526.6
4891028707851_camera3-32.jpg 103 1372.92 1242.27 1205.88 971.32 334.08 541.9
4891028707851_camera3-35.jpg 103 1368.76 1244.88 1206.33 968.28 324.86 553.21
4891028707851_camera3-34.jpg 103 1368.96 1239.63 1200.61 963.42 336.71 552.42
4891028707851_camera3-37.jpg 103 1374.0 1243.76 1231.28 965.12 285.44 557.28
4891028707851_camera3-33.jpg 103 1371.0 1239.05 1203.57 967.58 334.86 542.93
4891028707851_camera3-36.jpg 103 1376.35 1245.47 1219.45 967.87 313.8 555.19
4891028707851_camera3-40.jpg 103 1384.43 1237.08 1279.49 962.78 209.88 548.59
4891028707851_camera3-38.jpg 103 1372.83 1242.53 1243.59 965.02 258.48 555.02
4891028707851_camera3-39.jpg 103 1376.47 1241.9 1261.5 965.19 229.94 553.43
4891028707851_camera3-3.jpg 103 1389.05 1239.91 1236.32 962.93 305.46 553.96
4891028707851_camera3-5.jpg 103 1392.22 1242.16 1229.7 966.23 325.04 551.86
4891028707851_camera3-4.jpg 103 1393.06 1242.37 1240.03 968.03 306.05 548.67
4891028707851_camera3-6.jpg 103 1394.44 1239.07 1225.35 963.91 338.19 550.32
4891028707851_camera3-7.jpg 103 1393.89 1237.24 1229.77 966.86 328.25 540.75
4891028707851_camera3-8.jpg 103 1389.09 1232.99 1225.45 968.14 327.28 529.71
4891028707851_camera3-9.jpg 103 1389.39 1234.29 1237.15 975.35 304.47 517.87
