6941543400251_camera0-10.jpg 104 1379.38 1073.76 1216.5 817.63 325.75 512.27
6941543400251_camera0-13.jpg 104 1386.64 1072.77 1217.28 816.56 338.73 512.43
6941543400251_camera0-16.jpg 104 1396.32 1073.85 1219.39 813.78 353.86 520.14
6941543400251_camera0-18.jpg 104 1403.16 1073.91 1245.33 805.59 315.67 536.64
6941543400251_camera0-12.jpg 104 1382.01 1075.08 1219.13 820.26 325.75 509.64
6941543400251_camera0-11.jpg 104 1376.76 1072.45 1221.76 817.63 309.99 509.64
6941543400251_camera0-17.jpg 104 1397.91 1072.6 1226.92 810.85 341.98 523.49
6941543400251_camera0-14.jpg 104 1391.21 1071.14 1213.88 817.63 354.65 507.02
6941543400251_camera0-15.jpg 104 1388.58 1073.77 1213.88 815.01 349.39 517.52
6941543400251_camera0-19.jpg 104 1399.46 1076.71 1258.02 816.15 282.89 521.12
6941543400251_camera0-20.jpg 104 1407.87 1076.16 1275.66 819.46 264.42 513.4
6941543400251_camera0-1.jpg 104 1397.37 1071.36 1283.04 820.77 228.66 501.17
6941543400251_camera0-23.jpg 104 1430.61 1075.08 1279.55 820.26 302.11 509.64
6941543400251_camera0-21.jpg 104 1421.59 1076.54 1297.95 818.74 247.27 515.59
6941543400251_camera0-24.jpg 104 1433.92 1075.19 1277.59 825.25 312.67 499.89
6941543400251_camera0-25.jpg 104 1426.85 1072.6 1263.75 810.85 326.19 523.49
6941543400251_camera0-22.jpg 104 1433.39 1072.91 1298.7 814.5 269.38 516.83
6941543400251_camera0-27.jpg 104 1431.03 1073.27 1252.5 819.46 357.06 507.61
6941543400251_camera0-29.jpg 104 1432.11 1069.96 1255.86 813.48 352.5 512.96
6941543400251_camera0-30.jpg 104 1434.62 1075.88 1263.39 822.76 342.45 506.23
6941543400251_camera0-28.jpg 104 1433.42 1071.28 1253.23 810.85 360.39 520.86
6941543400251_camera0-26.jpg 104 1434.89 1077.12 1258.29 819.46 353.2 515.33
6941543400251_camera0-2.jpg 104 1392.67 1077.29 1277.56 821.48 230.22 511.61
6941543400251_camera0-31.jpg 104 1439.99 1077.86 1274.27 813.48 331.45 528.75
6941543400251_camera0-32.jpg 104 1437.79 1070.37 1273.73 819.46 328.11 501.82
6941543400251_camera0-33.jpg 104 1435.65 1068.9 1275.74 825.49 319.82 486.82
6941543400251_camera0-34.jpg 104 1428.13 1068.44 1258.29 819.46 339.69 497.96
6941543400251_camera0-35.jpg 104 1429.21 1073.63 1255.63 821.48 347.16 504.3
6941543400251_camera0-38.jpg 104 1410.76 1072.3 1258.29 821.39 304.95 501.82
6941543400251_camera0-37.jpg 104 1417.52 1072.3 1252.5 821.39 330.04 501.82
6941543400251_camera0-3.jpg 104 1395.8 1074.48 1264.24 823.9 263.11 501.17
6941543400251_camera0-36.jpg 104 1420.56 1073.39 1253.47 821.11 334.18 504.57
6941543400251_camera0-39.jpg 104 1405.66 1071.75 1266.7 819.46 277.93 504.57
6941543400251_camera0-40.jpg 104 1400.54 1071.28 1269.01 816.11 263.06 510.33
6941543400251_camera0-6.jpg 104 1385.78 1074.12 1219.8 822.24 331.97 503.75
6941543400251_camera0-4.jpg 104 1391.1 1076.06 1248.58 820.77 285.04 510.57
6941543400251_camera0-5.jpg 104 1388.57 1074.23 1229.34 823.32 318.46 501.82
6941543400251_camera0-8.jpg 104 1379.88 1076.16 1210.04 821.39 339.69 509.54
6941543400251_camera0-7.jpg 104 1382.12 1075.22 1203.24 816.11 357.76 518.22
6941543400251_camera0-9.jpg 104 1378.57 1074.48 1207.86 823.9 341.42 501.17
6941543400251_camera1-10.jpg 104 1230.31 1007.63 1074.94 778.92 310.74 457.42
6941543400251_camera1-11.jpg 104 1236.13 1014.71 1071.72 784.54 328.82 460.35
6941543400251_camera1-13.jpg 104 1247.28 1015.31 1078.39 766.34 337.77 497.93
6941543400251_camera1-12.jpg 104 1242.86 1010.53 1073.01 765.41 339.69 490.24
6941543400251_camera1-14.jpg 104 1251.01 1015.46 1074.08 746.86 353.86 537.19
6941543400251_camera1-16.jpg 104 1257.97 1019.54 1090.22 744.83 335.51 549.42
6941543400251_camera1-15.jpg 104 1253.47 1016.32 1080.73 748.04 345.48 536.56
6941543400251_camera1-17.jpg 104 1261.16 1021.23 1103.54 744.08 315.24 554.3
6941543400251_camera1-18.jpg 104 1269.04 1018.61 1127.18 744.08 283.72 549.05
6941543400251_camera1-20.jpg 104 1277.91 1018.38 1173.25 766.25 209.32 504.27
6941543400251_camera1-21.jpg 104 1286.12 1019.91 1161.34 751.96 249.57 535.91
6941543400251_camera1-23.jpg 104 1294.01 1016.54 1145.22 745.59 297.57 541.89
6941543400251_camera1-19.jpg 104 1268.1 1019.54 1137.5 749.33 261.2 540.42
6941543400251_camera1-1.jpg 104 1251.07 982.5 1148.45 731.72 205.24 501.55
6941543400251_camera1-24.jpg 104 1295.93 1017.29 1138.63 740.32 314.6 553.93
6941543400251_camera1-25.jpg 104 1297.74 1014.82 1127.81 738.92 339.86 551.81
6941543400251_camera1-22.jpg 104 1290.05 1018.67 1148.0 745.09 284.1 547.16
6941543400251_camera1-27.jpg 104 1299.63 1007.15 1126.25 742.57 346.77 529.16
6941543400251_camera1-26.jpg 104 1298.21 1007.16 1129.86 742.6 336.71 529.12
6941543400251_camera1-29.jpg 104 1296.26 999.28 1128.5 749.33 335.51 499.89
6941543400251_camera1-28.jpg 104 1296.72 1001.94 1132.93 752.52 327.57 498.84
6941543400251_camera1-30.jpg 104 1296.25 993.64 1133.0 758.34 326.5 470.61
6941543400251_camera1-2.jpg 104 1253.27 983.64 1129.55 717.4 247.45 532.49
6941543400251_camera1-32.jpg 104 1294.72 990.14 1136.08 753.8 317.29 472.69
6941543400251_camera1-34.jpg 104 1285.32 989.3 1105.82 724.88 358.99 528.84
6941543400251_camera1-36.jpg 104 1272.93 986.21 1115.14 722.97 315.57 526.47
6941543400251_camera1-37.jpg 104 1269.24 990.26 1112.74 713.3 312.99 553.93
6941543400251_camera1-35.jpg 104 1279.92 986.73 1110.48 717.81 338.89 537.84
6941543400251_camera1-31.jpg 104 1299.36 993.76 1146.33 770.17 306.05 447.19
6941543400251_camera1-38.jpg 104 1261.35 981.26 1117.24 708.8 288.22 544.92
6941543400251_camera1-33.jpg 104 1293.14 990.91 1122.43 738.76 341.42 504.3
6941543400251_camera1-3.jpg 104 1247.84 987.0 1113.95 723.99 267.77 526.02
6941543400251_camera1-39.jpg 104 1258.29 982.55 1132.84 715.23 250.91 534.63
6941543400251_camera1-40.jpg 104 1250.23 984.55 1145.57 729.24 209.32 510.62
6941543400251_camera1-4.jpg 104 1234.82 989.73 1071.72 718.78 326.19 541.9
6941543400251_camera1-5.jpg 104 1241.18 991.27 1073.6 721.89 335.16 538.76
6941543400251_camera1-6.jpg 104 1242.2 998.14 1072.2 726.81 340.01 542.67
6941543400251_camera1-7.jpg 104 1235.95 999.33 1068.09 744.47 335.73 509.71
6941543400251_camera1-8.jpg 104 1233.49 1002.88 1063.82 745.09 339.35 515.59
6941543400251_camera1-9.jpg 104 1231.96 1004.74 1068.18 764.86 327.56 479.76
6941543400251_camera2-11.jpg 104 1281.83 867.88 1174.02 718.05 215.61 299.66
6941543400251_camera2-10.jpg 104 1272.93 869.42 1176.43 725.34 193.01 288.16
6941543400251_camera2-16.jpg 104 1287.42 854.25 1132.22 692.47 310.41 323.56
6941543400251_camera2-13.jpg 104 1283.38 862.88 1146.35 697.86 274.07 330.04
6941543400251_camera2-12.jpg 104 1281.46 869.63 1157.93 705.58 247.05 328.11
6941543400251_camera2-15.jpg 104 1288.18 855.82 1139.63 696.21 297.09 319.22
6941543400251_camera2-14.jpg 104 1284.99 856.28 1139.76 690.78 290.47 331.01
6941543400251_camera2-17.jpg 104 1289.49 847.81 1135.22 701.02 308.54 293.59
6941543400251_camera2-18.jpg 104 1289.87 845.92 1131.05 702.0 317.63 287.85
6941543400251_camera2-19.jpg 104 1289.61 842.42 1131.43 709.3 316.36 266.25
6941543400251_camera2-1.jpg 104 1231.95 859.99 1088.03 753.28 287.85 213.41
6941543400251_camera2-20.jpg 104 1289.16 838.47 1148.82 729.05 280.68 218.84
6941543400251_camera2-21.jpg 104 1290.7 834.34 1142.63 715.23 296.13 238.22
6941543400251_camera2-23.jpg 104 1283.1 827.67 1122.01 680.01 322.18 295.33
6941543400251_camera2-22.jpg 104 1285.16 829.32 1138.37 702.23 293.59 254.18
6941543400251_camera2-27.jpg 104 1261.74 816.98 1121.12 644.1 281.24 345.76
6941543400251_camera2-2.jpg 104 1236.19 862.53 1091.1 746.77 290.19 231.52
6941543400251_camera2-26.jpg 104 1266.98 822.35 1113.54 647.68 306.88 349.34
6941543400251_camera2-25.jpg 104 1275.65 823.2 1122.06 664.17 307.19 318.06
6941543400251_camera2-31.jpg 104 1240.01 823.12 1128.4 667.78 223.22 310.67
6941543400251_camera2-24.jpg 104 1280.49 827.18 1119.33 670.84 322.32 312.67
6941543400251_camera2-30.jpg 104 1250.05 820.5 1151.61 670.21 196.89 300.58
6941543400251_camera2-28.jpg 104 1259.26 819.46 1123.19 649.61 272.14 339.69
6941543400251_camera2-32.jpg 104 1236.99 821.77 1115.02 658.38 243.94 326.78
6941543400251_camera2-29.jpg 104 1253.47 818.63 1129.39 655.68 248.15 325.9
6941543400251_camera2-34.jpg 104 1238.44 826.48 1099.8 663.37 277.28 326.21
6941543400251_camera2-33.jpg 104 1239.96 822.35 1107.75 657.33 264.42 330.04
6941543400251_camera2-35.jpg 104 1234.82 835.84 1076.98 671.43 315.67 328.82
6941543400251_camera2-39.jpg 104 1230.52 848.07 1076.66 723.8 307.71 248.54
6941543400251_camera2-36.jpg 104 1235.26 829.51 1083.7 675.92 303.11 307.19
6941543400251_camera2-38.jpg 104 1235.13 841.65 1074.94 703.65 320.39 276.0
6941543400251_camera2-40.jpg 104 1230.8 855.14 1090.8 751.16 280.0 207.96
6941543400251_camera2-37.jpg 104 1230.31 838.75 1067.22 686.28 326.18 304.95
6941543400251_camera2-4.jpg 104 1243.39 863.3 1082.3 720.62 322.18 285.36
6941543400251_camera2-3.jpg 104 1239.82 862.23 1088.37 738.15 302.91 248.16
6941543400251_camera2-7.jpg 104 1255.4 864.81 1107.75 703.65 295.3 322.32
6941543400251_camera2-8.jpg 104 1261.34 865.65 1128.13 709.34 266.41 312.62
6941543400251_camera2-5.jpg 104 1249.61 867.71 1090.38 709.44 318.46 316.53
6941543400251_camera2-6.jpg 104 1246.65 873.99 1090.13 708.26 313.04 331.45
6941543400251_camera3-10.jpg 104 1350.55 1237.96 1194.24 981.75 312.62 512.43
6941543400251_camera2-9.jpg 104 1269.18 869.91 1152.55 711.92 233.26 315.98
6941543400251_camera3-11.jpg 104 1358.55 1235.73 1188.62 968.96 339.86 533.54
6941543400251_camera3-12.jpg 104 1358.61 1238.15 1190.52 973.33 336.18 529.65
6941543400251_camera3-13.jpg 104 1361.83 1240.24 1188.48 964.8 346.7 550.89
6941543400251_camera3-14.jpg 104 1363.71 1247.52 1182.2 966.05 363.02 562.94
6941543400251_camera3-19.jpg 104 1395.33 1242.46 1272.61 965.5 245.44 553.93
6941543400251_camera3-15.jpg 104 1366.69 1244.7 1206.98 971.5 319.42 546.41
6941543400251_camera3-1.jpg 104 1358.53 1231.75 1228.54 959.24 259.98 545.02
6941543400251_camera3-16.jpg 104 1371.85 1244.64 1222.79 969.51 298.12 550.26
6941543400251_camera3-20.jpg 104 1405.46 1241.34 1272.61 965.5 265.71 551.68
6941543400251_camera3-17.jpg 104 1376.04 1243.38 1233.52 962.0 285.04 562.77
6941543400251_camera3-18.jpg 104 1382.78 1242.14 1252.5 964.21 260.56 555.86
6941543400251_camera3-22.jpg 104 1402.72 1243.12 1257.29 970.59 290.87 545.05
6941543400251_camera3-24.jpg 104 1403.17 1237.01 1226.92 950.27 352.5 573.47
6941543400251_camera3-25.jpg 104 1408.84 1241.17 1235.13 962.28 347.41 557.79
6941543400251_camera3-21.jpg 104 1401.59 1243.81 1269.74 972.64 263.69 542.33
6941543400251_camera3-23.jpg 104 1403.16 1239.63 1234.81 952.9 336.71 573.47
6941543400251_camera3-26.jpg 104 1406.75 1236.4 1230.15 965.23 353.2 542.35
6941543400251_camera3-27.jpg 104 1402.72 1236.31 1236.22 972.28 333.01 528.06
6941543400251_camera3-28.jpg 104 1406.88 1231.21 1244.0 963.4 325.76 535.62
6941543400251_camera3-29.jpg 104 1404.48 1226.48 1237.44 958.16 334.08 536.64
6941543400251_camera3-2.jpg 104 1365.84 1232.13 1233.99 963.69 263.69 536.89
6941543400251_camera3-32.jpg 104 1400.39 1228.76 1229.64 964.75 341.51 528.03
6941543400251_camera3-31.jpg 104 1407.12 1237.0 1226.92 968.68 360.39 536.64
6941543400251_camera3-30.jpg 104 1406.96 1224.82 1248.03 956.86 317.87 535.91
6941543400251_camera3-35.jpg 104 1383.74 1231.03 1229.13 963.03 309.22 535.99
6941543400251_camera3-33.jpg 104 1396.79 1229.83 1226.87 959.41 339.85 540.84
6941543400251_camera3-34.jpg 104 1390.02 1230.42 1219.03 955.53 341.98 549.79
6941543400251_camera3-36.jpg 104 1381.82 1232.49 1227.41 956.49 308.81 552.0
6941543400251_camera3-3.jpg 104 1359.92 1233.01 1214.49 963.88 290.87 538.25
6941543400251_camera3-37.jpg 104 1376.19 1231.2 1234.33 958.74 283.72 544.92
6941543400251_camera3-40.jpg 104 1359.77 1227.8 1232.18 947.64 255.17 560.31
6941543400251_camera3-38.jpg 104 1371.14 1229.55 1245.85 960.17 250.58 538.76
6941543400251_camera3-39.jpg 104 1363.69 1229.37 1262.86 962.96 201.66 532.82
6941543400251_camera3-5.jpg 104 1353.67 1237.95 1178.04 963.24 351.27 549.42
6941543400251_camera3-4.jpg 104 1353.83 1233.45 1190.74 960.35 326.18 546.21
6941543400251_camera3-6.jpg 104 1348.04 1237.92 1182.89 970.83 330.29 534.18
6941543400251_camera3-7.jpg 104 1345.3 1240.94 1163.79 960.79 363.02 560.31
6941543400251_camera3-9.jpg 104 1346.61 1237.0 1182.2 968.68 328.82 536.64
6941543400251_camera3-8.jpg 104 1344.87 1233.29 1184.71 974.02 320.32 518.54
