6907777822948_camera0-15.jpg 105 1405.47 1068.45 1236.59 822.66 337.77 491.59
6907777822948_camera0-17.jpg 105 1397.34 1072.38 1228.85 820.25 336.98 504.26
6907777822948_camera0-16.jpg 105 1400.55 1072.08 1227.93 822.3 345.24 499.56
6907777822948_camera0-21.jpg 105 1394.17 1073.55 1276.48 821.85 235.39 503.39
6907777822948_camera0-24.jpg 105 1395.28 1066.02 1242.7 818.74 305.15 494.55
6907777822948_camera0-19.jpg 105 1391.87 1073.3 1249.83 827.28 284.08 492.04
6907777822948_camera0-22.jpg 105 1399.4 1073.51 1278.79 824.41 241.22 498.2
6907777822948_camera0-25.jpg 105 1388.7 1076.54 1221.66 821.37 334.08 510.33
6907777822948_camera0-18.jpg 105 1393.6 1071.95 1236.32 826.71 314.56 490.49
6907777822948_camera0-20.jpg 105 1389.25 1072.32 1258.59 821.94 261.32 500.76
6907777822948_camera0-23.jpg 105 1395.28 1071.28 1258.49 816.11 273.58 510.33
6907777822948_camera0-1.jpg 105 1412.79 1077.24 1298.95 819.86 227.68 514.76
6907777822948_camera0-2.jpg 105 1424.73 1079.44 1307.85 827.49 233.77 503.91
6907777822948_camera0-38.jpg 105 1412.06 1074.13 1265.94 825.39 292.23 497.48
6907777822948_camera0-37.jpg 105 1413.78 1078.68 1255.42 826.05 316.71 505.27
6907777822948_camera0-33.jpg 105 1409.05 1074.79 1245.26 828.77 327.57 492.04
6907777822948_camera0-35.jpg 105 1413.34 1077.95 1242.42 824.61 341.83 506.68
6907777822948_camera0-34.jpg 105 1412.69 1075.6 1241.84 824.0 341.71 503.19
6907777822948_camera0-39.jpg 105 1413.61 1074.66 1277.01 824.56 273.2 500.2
6907777822948_camera0-3.jpg 105 1427.31 1078.81 1294.84 828.41 264.94 500.79
6907777822948_camera0-36.jpg 105 1411.73 1075.72 1245.21 820.1 333.04 511.23
6907777822948_camera0-4.jpg 105 1427.24 1076.39 1285.88 829.01 282.72 494.76
6907777822948_camera0-40.jpg 105 1418.65 1075.83 1290.32 822.0 256.66 507.65
6907777822948_camera0-5.jpg 105 1428.56 1075.43 1273.61 830.19 309.9 490.49
6907777822948_camera1-14.jpg 105 1267.57 991.57 1098.8 741.01 337.54 501.11
6907777822948_camera1-13.jpg 105 1270.11 990.97 1103.51 750.97 333.2 480.0
6907777822948_camera1-16.jpg 105 1262.4 992.99 1097.71 727.42 329.38 531.14
6907777822948_camera1-15.jpg 105 1264.3 993.51 1091.06 732.42 346.47 522.19
6907777822948_camera1-17.jpg 105 1259.12 992.2 1102.92 732.14 312.4 520.13
6907777822948_camera1-18.jpg 105 1255.18 991.81 1110.55 726.46 289.27 530.69
6907777822948_camera1-19.jpg 105 1251.91 992.36 1116.44 729.3 270.95 526.12
6907777822948_camera1-1.jpg 105 1267.94 1003.34 1155.21 743.59 225.46 519.5
6907777822948_camera1-21.jpg 105 1256.62 999.23 1145.16 745.73 222.91 506.99
6907777822948_camera1-20.jpg 105 1255.82 995.45 1139.15 736.66 233.34 517.59
6907777822948_camera1-22.jpg 105 1260.57 1005.13 1129.31 741.99 262.53 526.28
6907777822948_camera1-23.jpg 105 1255.86 1006.83 1100.65 742.45 310.41 528.75
6907777822948_camera1-27.jpg 105 1254.75 1013.01 1085.39 754.82 338.71 516.38
6907777822948_camera1-24.jpg 105 1260.02 1006.02 1107.11 738.93 305.83 534.18
6907777822948_camera1-25.jpg 105 1261.12 1006.82 1098.02 731.93 326.19 549.79
6907777822948_camera1-31.jpg 105 1263.84 1015.57 1104.89 782.06 317.9 467.02
6907777822948_camera1-28.jpg 105 1254.54 1012.09 1084.87 763.5 339.35 497.18
6907777822948_camera1-26.jpg 105 1254.85 1011.43 1083.93 745.97 341.83 530.92
6907777822948_camera1-2.jpg 105 1274.77 1001.45 1153.61 742.81 242.33 517.28
6907777822948_camera1-29.jpg 105 1251.91 1012.09 1084.87 771.39 334.08 481.4
6907777822948_camera1-32.jpg 105 1266.14 1016.21 1104.39 770.19 323.5 492.04
6907777822948_camera1-34.jpg 105 1266.72 1017.28 1095.81 748.18 341.83 538.2
6907777822948_camera1-30.jpg 105 1264.12 1014.73 1106.62 787.75 315.01 453.95
6907777822948_camera1-33.jpg 105 1267.69 1025.24 1092.76 758.24 349.87 534.01
6907777822948_camera1-36.jpg 105 1258.49 1019.98 1095.39 742.45 326.19 555.05
6907777822948_camera1-37.jpg 105 1266.33 1015.73 1117.23 746.11 298.19 539.24
6907777822948_camera1-5.jpg 105 1278.27 997.38 1117.49 738.15 321.55 518.45
6907777822948_camera1-35.jpg 105 1265.06 1014.73 1098.02 747.72 334.08 534.01
6907777822948_camera1-40.jpg 105 1269.45 1007.28 1163.09 748.18 212.73 518.2
6907777822948_camera1-38.jpg 105 1265.06 1013.95 1125.89 744.73 278.33 538.44
6907777822948_camera1-4.jpg 105 1274.27 994.99 1119.07 726.67 310.41 536.64
6907777822948_camera1-3.jpg 105 1277.92 1001.7 1141.55 738.46 272.75 526.47
6907777822948_camera2-10.jpg 105 1257.24 837.66 1154.85 687.18 204.79 300.97
6907777822948_camera1-39.jpg 105 1261.12 1013.4 1132.22 739.82 257.8 547.16
6907777822948_camera1-8.jpg 105 1277.68 993.88 1112.83 750.97 329.71 485.83
6907777822948_camera1-6.jpg 105 1276.9 998.93 1103.28 739.82 347.24 518.22
6907777822948_camera1-7.jpg 105 1276.4 993.96 1109.63 744.81 333.54 498.31
6907777822948_camera2-11.jpg 105 1258.85 842.93 1163.32 696.37 191.05 293.12
6907777822948_camera2-12.jpg 105 1255.0 842.7 1145.16 684.65 219.67 316.11
6907777822948_camera2-15.jpg 105 1252.45 849.2 1101.7 679.13 301.5 340.15
6907777822948_camera2-14.jpg 105 1251.86 846.31 1116.62 681.84 270.49 328.93
6907777822948_camera2-13.jpg 105 1254.0 844.54 1128.54 679.08 250.92 330.92
6907777822948_camera2-19.jpg 105 1250.6 850.31 1092.76 708.26 315.67 284.1
6907777822948_camera2-20.jpg 105 1257.22 858.98 1110.66 741.43 293.12 235.11
6907777822948_camera2-16.jpg 105 1250.76 851.22 1096.58 690.26 308.37 321.92
6907777822948_camera2-18.jpg 105 1253.8 853.49 1098.85 712.52 309.9 281.94
6907777822948_camera2-21.jpg 105 1259.05 864.02 1112.49 743.39 293.12 241.26
6907777822948_camera2-17.jpg 105 1251.86 853.11 1097.59 699.51 308.54 307.19
6907777822948_camera2-23.jpg 105 1260.58 859.4 1105.0 718.41 311.15 281.98
6907777822948_camera2-24.jpg 105 1259.6 858.09 1104.19 708.03 310.81 300.12
6907777822948_camera2-22.jpg 105 1261.12 860.83 1103.28 716.15 315.67 289.36
6907777822948_camera2-26.jpg 105 1263.12 856.41 1117.49 695.05 291.26 322.72
6907777822948_camera2-25.jpg 105 1261.96 858.49 1104.56 699.0 314.81 318.97
6907777822948_camera2-1.jpg 105 1265.09 837.57 1122.49 736.38 285.19 202.37
6907777822948_camera2-27.jpg 105 1263.76 854.26 1116.44 676.69 294.63 355.13
6907777822948_camera2-30.jpg 105 1268.95 848.25 1175.75 702.04 186.41 292.43
6907777822948_camera2-28.jpg 105 1267.69 856.88 1132.22 687.21 270.95 339.35
6907777822948_camera2-31.jpg 105 1273.03 845.34 1169.92 692.72 206.21 305.24
6907777822948_camera2-2.jpg 105 1263.53 835.6 1115.46 722.31 296.13 226.59
6907777822948_camera2-32.jpg 105 1269.01 842.42 1150.63 679.32 236.75 326.19
6907777822948_camera2-33.jpg 105 1270.7 836.61 1138.47 678.74 264.47 315.73
6907777822948_camera2-35.jpg 105 1273.46 836.95 1121.21 680.68 304.5 312.54
6907777822948_camera2-34.jpg 105 1273.61 836.6 1132.64 679.9 281.94 313.4
6907777822948_camera2-29.jpg 105 1268.77 854.21 1155.22 699.69 227.09 309.03
6907777822948_camera2-37.jpg 105 1271.58 834.75 1117.98 698.15 307.19 273.2
6907777822948_camera2-36.jpg 105 1272.57 835.29 1117.57 686.8 309.99 296.98
6907777822948_camera2-38.jpg 105 1269.12 833.99 1115.31 703.07 307.63 261.83
6907777822948_camera2-3.jpg 105 1263.71 831.36 1111.67 707.86 304.08 246.99
6907777822948_camera2-40.jpg 105 1266.55 833.52 1122.72 735.56 287.65 195.92
6907777822948_camera2-39.jpg 105 1267.21 831.94 1118.66 716.02 297.09 231.85
6907777822948_camera2-6.jpg 105 1259.62 829.36 1107.82 674.43 303.61 309.86
6907777822948_camera2-5.jpg 105 1262.29 829.94 1104.66 681.21 315.26 297.45
6907777822948_camera2-4.jpg 105 1259.34 828.64 1100.31 694.08 318.06 269.13
6907777822948_camera2-7.jpg 105 1259.05 829.69 1118.74 674.41 280.61 310.57
6907777822948_camera2-9.jpg 105 1258.73 834.51 1143.65 680.45 230.16 308.11
6907777822948_camera2-8.jpg 105 1257.83 831.14 1124.78 670.85 266.1 320.58
6907777822948_camera3-17.jpg 105 1364.0 1232.68 1215.51 962.22 296.98 540.92
6907777822948_camera3-15.jpg 105 1370.28 1227.8 1200.61 955.53 339.35 544.53
6907777822948_camera3-19.jpg 105 1368.66 1231.74 1255.26 965.63 226.81 532.21
6907777822948_camera3-18.jpg 105 1362.39 1231.74 1219.03 955.53 286.73 552.42
6907777822948_camera3-16.jpg 105 1365.94 1230.35 1207.5 962.29 316.89 536.12
6907777822948_camera3-1.jpg 105 1393.89 1238.78 1258.43 963.32 270.92 550.92
6907777822948_camera3-20.jpg 105 1372.26 1232.99 1258.09 969.1 228.35 527.77
6907777822948_camera3-21.jpg 105 1367.65 1234.37 1229.55 952.9 276.21 562.94
6907777822948_camera3-23.jpg 105 1368.2 1241.57 1210.14 970.1 316.11 542.93
6907777822948_camera3-22.jpg 105 1375.55 1239.63 1221.66 958.16 307.78 562.94
6907777822948_camera3-26.jpg 105 1362.39 1233.05 1184.83 958.16 355.13 549.79
6907777822948_camera3-28.jpg 105 1370.12 1236.04 1203.6 975.12 333.04 521.83
6907777822948_camera3-27.jpg 105 1367.42 1239.13 1199.17 975.56 336.5 527.15
6907777822948_camera3-30.jpg 105 1380.7 1240.56 1217.28 980.96 326.84 519.2
6907777822948_camera3-33.jpg 105 1381.84 1243.41 1215.33 972.93 333.01 540.97
6907777822948_camera3-2.jpg 105 1397.9 1233.05 1247.96 958.16 299.89 549.79
6907777822948_camera3-35.jpg 105 1382.1 1244.84 1226.47 977.07 311.26 535.54
6907777822948_camera3-34.jpg 105 1381.42 1246.56 1214.21 973.09 334.42 546.94
6907777822948_camera3-38.jpg 105 1387.39 1239.63 1261.12 955.53 252.54 568.21
6907777822948_camera3-36.jpg 105 1384.12 1245.48 1235.28 974.31 297.67 542.35
6907777822948_camera3-39.jpg 105 1392.64 1238.32 1274.27 966.05 236.75 544.53
6907777822948_camera3-37.jpg 105 1383.5 1243.7 1250.1 974.57 266.8 538.25
6907777822948_camera3-4.jpg 105 1397.08 1237.65 1234.37 968.28 325.43 538.74
6907777822948_camera3-3.jpg 105 1397.15 1239.6 1243.9 968.94 306.5 541.31
6907777822948_camera3-40.jpg 105 1392.64 1240.94 1269.01 963.42 247.27 555.05
6907777822948_camera3-9.jpg 105 1382.12 1229.11 1224.29 966.05 315.67 526.12
