6907992500010_camera0-10.jpg 106 1431.65 1071.59 1266.97 821.71 329.36 499.75
6907992500010_camera0-11.jpg 106 1431.91 1071.23 1269.48 822.74 324.86 496.98
6907992500010_camera0-12.jpg 106 1436.05 1060.76 1284.79 808.22 302.52 505.07
6907992500010_camera0-1.jpg 106 1404.77 1073.67 1293.75 815.58 222.03 516.18
6907992500010_camera0-13.jpg 106 1438.0 1068.32 1281.67 821.33 312.66 493.97
6907992500010_camera0-14.jpg 106 1439.99 1071.28 1274.27 816.11 331.45 510.33
6907992500010_camera0-16.jpg 106 1419.22 1070.18 1251.34 820.48 335.77 499.41
6907992500010_camera0-17.jpg 106 1422.19 1070.64 1261.41 823.07 321.55 495.15
6907992500010_camera0-19.jpg 106 1408.43 1066.02 1271.64 818.74 273.58 494.55
6907992500010_camera0-15.jpg 106 1431.22 1071.01 1257.98 823.53 346.47 494.96
6907992500010_camera0-18.jpg 106 1420.09 1074.8 1266.49 818.04 307.19 513.51
6907992500010_camera0-20.jpg 106 1402.98 1070.88 1274.65 818.47 256.66 504.81
6907992500010_camera0-23.jpg 106 1395.28 1062.07 1266.38 802.96 257.8 518.22
6907992500010_camera0-21.jpg 106 1393.96 1068.64 1279.53 816.11 228.86 505.07
6907992500010_camera0-22.jpg 106 1408.43 1070.98 1304.45 822.24 207.96 497.48
6907992500010_camera0-24.jpg 106 1397.62 1074.8 1261.91 818.04 271.42 513.51
6907992500010_camera0-27.jpg 106 1384.76 1072.59 1211.14 821.37 347.24 502.44
6907992500010_camera0-25.jpg 106 1392.54 1072.1 1240.82 821.11 303.45 501.97
6907992500010_camera0-26.jpg 106 1392.64 1067.33 1229.55 821.37 326.19 491.92
6907992500010_camera0-29.jpg 106 1380.43 1074.01 1213.93 827.43 333.01 493.17
6907992500010_camera0-30.jpg 106 1378.18 1069.96 1208.51 816.11 339.34 507.7
6907992500010_camera0-28.jpg 106 1383.46 1071.19 1211.66 816.87 343.59 508.64
6907992500010_camera0-31.jpg 106 1379.98 1071.12 1222.99 824.54 313.98 493.17
6907992500010_camera0-35.jpg 106 1387.59 1071.49 1214.39 819.29 346.4 504.4
6907992500010_camera0-33.jpg 106 1388.7 1064.7 1213.77 813.48 349.87 502.44
6907992500010_camera0-2.jpg 106 1416.82 1075.31 1310.57 822.38 212.49 505.86
6907992500010_camera0-34.jpg 106 1388.7 1067.33 1213.77 810.85 349.87 512.96
6907992500010_camera0-32.jpg 106 1382.23 1069.54 1223.41 821.39 317.63 496.3
6907992500010_camera0-36.jpg 106 1392.65 1068.64 1216.4 818.74 352.5 499.81
6907992500010_camera0-39.jpg 106 1399.78 1073.95 1261.03 821.82 277.51 504.27
6907992500010_camera0-37.jpg 106 1393.0 1076.24 1227.18 820.1 331.63 512.29
6907992500010_camera0-3.jpg 106 1416.32 1079.17 1274.27 813.48 284.1 531.38
6907992500010_camera0-38.jpg 106 1394.24 1075.47 1234.84 819.1 318.8 512.74
6907992500010_camera0-40.jpg 106 1402.78 1075.55 1278.3 823.41 248.97 504.27
6907992500010_camera0-6.jpg 106 1428.71 1076.36 1266.35 822.53 324.72 507.65
6907992500010_camera0-4.jpg 106 1426.07 1077.77 1287.28 821.4 277.58 512.74
6907992500010_camera0-9.jpg 106 1429.48 1071.28 1250.6 813.48 357.76 515.59
6907992500010_camera0-7.jpg 106 1433.92 1078.43 1269.8 826.3 328.25 504.27
6907992500010_camera1-10.jpg 106 1294.0 994.88 1133.53 756.47 320.94 476.83
6907992500010_camera1-13.jpg 106 1290.05 987.09 1111.17 734.56 357.76 505.07
6907992500010_camera1-15.jpg 106 1287.51 989.79 1117.81 727.96 339.4 523.65
6907992500010_camera1-14.jpg 106 1293.22 991.25 1126.04 740.47 334.37 501.55
6907992500010_camera1-11.jpg 106 1296.0 993.99 1141.64 772.18 308.72 443.63
6907992500010_camera0-8.jpg 106 1433.42 1075.22 1258.49 813.48 349.87 523.49
6907992500010_camera0-5.jpg 106 1431.76 1077.48 1279.56 820.1 304.4 514.76
6907992500010_camera1-12.jpg 106 1297.94 991.05 1134.85 755.61 326.19 470.87
6907992500010_camera1-17.jpg 106 1279.05 986.99 1124.78 719.9 308.54 534.18
6907992500010_camera1-16.jpg 106 1282.79 984.92 1117.49 717.53 330.6 534.79
6907992500010_camera1-18.jpg 106 1266.38 987.1 1116.44 710.89 299.89 552.42
6907992500010_camera1-19.jpg 106 1268.05 986.66 1145.94 725.01 244.21 523.3
6907992500010_camera1-20.jpg 106 1266.38 984.47 1145.37 721.41 242.01 526.12
6907992500010_camera1-22.jpg 106 1264.0 982.02 1141.29 716.39 245.42 531.26
6907992500010_camera1-1.jpg 106 1277.03 1018.09 1165.31 756.46 223.44 523.25
6907992500010_camera1-23.jpg 106 1257.17 987.1 1113.81 721.41 286.73 531.38
6907992500010_camera1-21.jpg 106 1266.25 981.1 1167.93 728.96 196.63 504.27
6907992500010_camera1-24.jpg 106 1254.54 987.1 1105.91 716.15 297.26 541.9
6907992500010_camera1-25.jpg 106 1251.29 992.03 1093.71 725.35 315.16 533.35
6907992500010_camera1-26.jpg 106 1247.94 991.43 1086.99 729.78 321.91 523.3
6907992500010_camera1-28.jpg 106 1237.44 997.62 1063.82 731.93 347.24 531.38
6907992500010_camera1-29.jpg 106 1243.56 997.84 1073.92 747.96 339.28 499.75
6907992500010_camera1-27.jpg 106 1241.39 988.41 1074.35 724.04 334.08 528.75
6907992500010_camera1-2.jpg 106 1282.9 1020.06 1158.02 753.65 249.76 532.82
6907992500010_camera1-31.jpg 106 1247.33 1004.38 1094.6 782.04 305.46 444.69
6907992500010_camera1-30.jpg 106 1238.98 1002.42 1078.51 766.3 320.94 472.25
6907992500010_camera1-32.jpg 106 1246.6 1008.28 1084.34 771.88 324.52 472.8
6907992500010_camera1-33.jpg 106 1246.37 1012.7 1080.66 765.32 331.42 494.76
6907992500010_camera1-34.jpg 106 1246.96 1017.64 1072.41 758.85 349.1 517.59
6907992500010_camera1-35.jpg 106 1248.56 1018.07 1078.88 755.62 339.35 524.89
6907992500010_camera1-36.jpg 106 1251.83 1020.06 1085.16 749.75 333.34 540.62
6907992500010_camera1-38.jpg 106 1259.62 1020.76 1106.02 738.79 307.19 563.94
6907992500010_camera1-39.jpg 106 1262.1 1020.34 1130.22 748.79 263.75 543.1
6907992500010_camera1-6.jpg 106 1294.87 1014.18 1130.74 744.6 328.25 539.16
6907992500010_camera1-5.jpg 106 1291.24 1016.95 1129.67 744.21 323.13 545.47
6907992500010_camera1-37.jpg 106 1251.91 1023.93 1090.13 752.98 323.56 541.9
6907992500010_camera1-7.jpg 106 1296.11 1011.32 1128.68 748.61 334.86 525.42
6907992500010_camera1-4.jpg 106 1291.7 1018.47 1138.11 738.79 307.19 559.36
6907992500010_camera1-40.jpg 106 1267.06 1021.05 1152.91 757.3 228.3 527.5
6907992500010_camera1-8.jpg 106 1290.06 1001.56 1113.81 734.56 352.5 534.01
6907992500010_camera1-9.jpg 106 1295.87 1001.04 1133.33 756.83 325.08 488.42
6907992500010_camera1-3.jpg 106 1286.91 1018.92 1144.4 745.96 285.02 545.93
6907992500010_camera2-11.jpg 106 1259.28 822.88 1161.04 670.82 196.48 304.13
6907992500010_camera2-10.jpg 106 1263.74 808.22 1153.26 658.28 220.97 299.89
6907992500010_camera2-12.jpg 106 1253.62 812.53 1148.17 666.64 210.91 291.78
6907992500010_camera2-14.jpg 106 1238.76 820.06 1098.02 655.65 281.47 328.82
6907992500010_camera2-13.jpg 106 1250.5 813.02 1131.57 661.46 237.86 303.11
6907992500010_camera2-15.jpg 106 1242.71 821.38 1090.13 666.17 305.15 310.41
6907992500010_camera2-17.jpg 106 1236.39 826.37 1080.54 680.76 311.7 291.21
6907992500010_camera2-1.jpg 106 1287.35 829.64 1147.8 735.29 279.09 188.71
6907992500010_camera2-16.jpg 106 1238.76 816.12 1082.24 658.28 313.04 315.67
6907992500010_camera2-20.jpg 106 1228.24 834.52 1071.72 716.15 313.04 236.75
6907992500010_camera2-22.jpg 106 1235.06 843.32 1088.9 735.09 292.31 216.46
6907992500010_camera2-19.jpg 106 1230.93 834.7 1069.34 702.11 323.19 265.18
6907992500010_camera2-21.jpg 106 1237.44 845.05 1092.76 737.19 289.36 215.71
6907992500010_camera2-18.jpg 106 1234.91 831.24 1080.54 700.17 308.74 262.14
6907992500010_camera2-23.jpg 106 1233.5 859.51 1069.09 724.04 328.82 270.95
6907992500010_camera2-24.jpg 106 1239.63 852.42 1082.64 717.18 313.98 270.49
6907992500010_camera2-26.jpg 106 1242.7 868.73 1079.61 700.37 326.19 336.71
6907992500010_camera2-25.jpg 106 1241.39 868.73 1076.98 703.0 328.82 331.45
6907992500010_camera2-28.jpg 106 1252.1 865.52 1113.15 702.18 277.89 326.68
6907992500010_camera2-27.jpg 106 1248.97 860.49 1102.17 704.86 293.59 311.26
6907992500010_camera2-29.jpg 106 1261.12 868.73 1137.48 708.26 247.27 320.93
6907992500010_camera2-30.jpg 106 1259.92 859.74 1153.22 716.34 213.4 286.8
6907992500010_camera2-2.jpg 106 1282.58 837.77 1133.38 713.32 298.39 248.9
6907992500010_camera2-31.jpg 106 1265.07 860.84 1171.68 708.26 186.77 305.15
6907992500010_camera2-34.jpg 106 1277.04 860.45 1139.15 693.93 275.77 333.04
6907992500010_camera2-32.jpg 106 1270.99 860.53 1168.37 714.42 205.24 292.23
6907992500010_camera2-35.jpg 106 1282.16 860.83 1129.59 695.1 305.15 331.45
6907992500010_camera2-36.jpg 106 1282.47 851.83 1131.6 699.59 301.75 304.47
6907992500010_camera2-33.jpg 106 1276.9 860.83 1145.37 692.47 263.06 336.71
6907992500010_camera2-38.jpg 106 1287.42 850.31 1119.07 708.26 336.71 284.1
6907992500010_camera2-37.jpg 106 1285.16 848.35 1130.21 704.95 309.9 286.8
6907992500010_camera2-39.jpg 106 1279.53 838.48 1113.81 710.89 331.45 255.17
6907992500010_camera2-5.jpg 106 1277.91 827.35 1115.81 672.67 324.2 309.35
6907992500010_camera2-3.jpg 106 1280.85 825.32 1119.07 697.73 323.56 255.17
6907992500010_camera2-40.jpg 106 1286.03 834.93 1140.98 731.24 290.1 207.38
6907992500010_camera2-9.jpg 106 1264.22 821.72 1139.03 658.85 250.38 325.74
6907992500010_camera2-7.jpg 106 1266.38 820.05 1105.91 653.01 320.93 334.08
6907992500010_camera2-8.jpg 106 1268.17 813.01 1131.57 658.74 273.2 308.54
6907992500010_camera2-6.jpg 106 1278.22 826.63 1119.07 658.28 318.3 336.71
6907992500010_camera2-4.jpg 106 1281.27 829.7 1120.06 683.33 322.43 292.74
6907992500010_camera3-13.jpg 106 1402.22 1229.93 1235.72 964.45 333.01 530.97
6907992500010_camera3-10.jpg 106 1400.54 1227.8 1232.18 958.16 336.71 539.27
6907992500010_camera3-11.jpg 106 1407.05 1230.51 1243.71 971.71 326.68 517.59
6907992500010_camera3-12.jpg 106 1405.63 1227.37 1237.35 965.04 336.57 524.66
6907992500010_camera3-14.jpg 106 1395.28 1227.8 1219.03 952.9 352.5 549.79
6907992500010_camera3-17.jpg 106 1381.99 1228.01 1242.44 960.02 279.09 535.99
6907992500010_camera3-16.jpg 106 1388.09 1230.05 1231.72 957.92 312.74 544.26
6907992500010_camera3-15.jpg 106 1391.34 1223.85 1213.77 947.64 355.13 552.42
6907992500010_camera3-19.jpg 106 1371.27 1228.15 1265.25 961.36 212.04 533.59
6907992500010_camera3-18.jpg 106 1372.91 1239.63 1245.33 958.16 255.17 562.94
6907992500010_camera3-21.jpg 106 1373.2 1226.87 1254.09 956.74 238.22 540.26
6907992500010_camera3-20.jpg 106 1377.55 1226.38 1269.37 955.92 216.37 540.92
6907992500010_camera3-1.jpg 106 1396.19 1244.88 1272.5 972.13 247.38 545.5
6907992500010_camera3-22.jpg 106 1368.97 1227.8 1226.92 952.9 284.1 549.79
6907992500010_camera3-25.jpg 106 1357.38 1233.33 1197.77 966.53 319.22 533.59
6907992500010_camera3-24.jpg 106 1362.25 1232.45 1200.56 955.27 323.38 554.36
6907992500010_camera3-23.jpg 106 1363.93 1230.87 1216.46 960.03 294.94 541.68
6907992500010_camera3-27.jpg 106 1350.56 1234.37 1179.57 966.05 341.98 536.64
6907992500010_camera3-26.jpg 106 1354.14 1232.78 1188.32 967.73 331.65 530.1
6907992500010_camera3-28.jpg 106 1350.59 1232.78 1186.19 967.62 328.8 530.32
6907992500010_camera3-29.jpg 106 1353.18 1238.33 1192.72 973.95 320.93 528.75
6907992500010_camera3-31.jpg 106 1356.46 1233.41 1199.47 975.73 313.98 515.37
6907992500010_camera3-2.jpg 106 1390.02 1239.63 1242.7 958.16 294.63 562.94
6907992500010_camera3-30.jpg 106 1356.42 1229.07 1198.24 973.3 316.37 511.53
6907992500010_camera3-35.jpg 106 1363.7 1244.89 1195.35 966.05 336.71 557.68
6907992500010_camera3-36.jpg 106 1366.14 1244.76 1211.87 968.15 308.54 553.21
6907992500010_camera3-33.jpg 106 1355.82 1237.0 1187.46 958.16 336.71 557.68
6907992500010_camera3-32.jpg 106 1358.64 1233.13 1192.27 958.58 332.74 549.11
6907992500010_camera3-38.jpg 106 1371.55 1246.41 1242.31 972.08 258.48 548.67
6907992500010_camera3-34.jpg 106 1363.71 1235.68 1190.09 958.16 347.24 555.05
6907992500010_camera3-37.jpg 106 1368.98 1244.89 1221.66 963.42 294.63 562.94
6907992500010_camera3-39.jpg 106 1376.69 1244.33 1268.46 969.59 216.46 549.47
6907992500010_camera3-40.jpg 106 1389.82 1242.01 1280.72 968.67 218.19 546.68
6907992500010_camera3-3.jpg 106 1403.16 1237.0 1242.7 955.53 320.93 562.94
6907992500010_camera3-4.jpg 106 1403.82 1242.35 1247.62 966.42 312.4 551.85
6907992500010_camera3-5.jpg 106 1402.66 1241.57 1234.17 967.01 336.98 549.11
6907992500010_camera3-7.jpg 106 1408.43 1235.68 1229.55 960.79 357.76 549.79
6907992500010_camera3-9.jpg 106 1401.85 1231.74 1234.81 966.05 334.08 531.38
6907992500010_camera3-6.jpg 106 1403.43 1240.43 1230.96 967.18 344.94 546.51
6907992500010_camera3-8.jpg 106 1400.54 1234.37 1232.18 960.79 336.71 547.16
