6907992504476_camera0-10.jpg 107 1437.21 1069.25 1276.27 811.18 321.89 516.15
6907992504476_camera0-11.jpg 107 1440.72 1068.85 1285.87 808.99 309.71 519.71
6907992504476_camera0-13.jpg 107 1444.28 1067.49 1281.74 819.32 325.08 496.34
6907992504476_camera0-14.jpg 107 1443.08 1072.11 1274.53 823.37 337.09 497.48
6907992504476_camera0-17.jpg 107 1438.56 1072.26 1280.52 809.22 316.07 526.08
6907992504476_camera0-19.jpg 107 1433.67 1071.04 1303.28 819.6 260.79 502.87
6907992504476_camera0-18.jpg 107 1436.96 1069.63 1297.41 819.87 279.09 499.52
6907992504476_camera0-16.jpg 107 1442.49 1072.24 1273.92 817.26 337.13 509.96
6907992504476_camera0-23.jpg 107 1422.45 1070.69 1296.38 822.52 252.14 496.34
6907992504476_camera0-27.jpg 107 1394.28 1071.47 1230.03 819.95 328.49 503.04
6907992504476_camera0-28.jpg 107 1389.41 1069.66 1222.9 822.93 333.03 493.47
6907992504476_camera0-29.jpg 107 1384.39 1067.18 1229.44 827.28 309.9 479.81
6907992504476_camera0-2.jpg 107 1393.5 1072.55 1277.13 816.18 232.73 512.74
6907992504476_camera0-30.jpg 107 1375.66 1067.27 1215.51 814.84 320.31 504.86
6907992504476_camera0-31.jpg 107 1377.88 1067.11 1227.01 824.19 301.75 485.83
6907992504476_camera0-33.jpg 107 1372.19 1067.58 1211.24 824.16 321.91 486.83
6907992504476_camera0-35.jpg 107 1367.37 1071.49 1201.54 821.39 331.65 500.2
6907992504476_camera0-39.jpg 107 1374.62 1073.63 1236.73 814.84 275.77 517.59
6907992504476_camera0-36.jpg 107 1369.3 1073.88 1205.17 824.91 328.25 497.93
6907992504476_camera0-38.jpg 107 1369.98 1072.14 1219.19 813.82 301.57 516.64
6907992504476_camera0-4.jpg 107 1403.88 1074.53 1261.95 819.22 283.85 510.62
6907992504476_camera0-37.jpg 107 1368.0 1076.55 1213.05 823.06 309.9 506.99
6907992504476_camera0-3.jpg 107 1396.66 1074.08 1272.97 818.77 247.38 510.62
6907992504476_camera0-9.jpg 107 1430.48 1070.94 1258.43 810.38 344.1 521.12
6907992504476_camera0-8.jpg 107 1426.61 1074.59 1256.93 818.49 339.35 512.2
6907992504476_camera1-11.jpg 107 1299.26 1018.67 1134.85 789.81 328.82 457.72
6907992504476_camera1-12.jpg 107 1305.95 1012.08 1140.23 766.36 331.44 491.44
6907992504476_camera1-17.jpg 107 1296.38 992.2 1153.66 722.62 285.44 539.16
6907992504476_camera1-20.jpg 107 1275.59 980.52 1163.79 716.15 223.6 528.75
6907992504476_camera1-21.jpg 107 1279.54 987.1 1161.16 713.52 236.75 547.16
6907992504476_camera1-24.jpg 107 1265.97 978.59 1113.73 709.46 304.47 538.25
6907992504476_camera1-23.jpg 107 1266.38 966.05 1116.44 697.73 299.89 536.64
6907992504476_camera1-26.jpg 107 1254.13 977.59 1086.1 715.97 336.07 523.24
6907992504476_camera1-30.jpg 107 1239.37 983.77 1088.59 764.54 301.56 438.46
6907992504476_camera1-29.jpg 107 1234.87 978.51 1073.92 735.51 321.9 486.0
6907992504476_camera1-36.jpg 107 1228.23 1006.82 1063.82 729.3 328.82 555.05
6907992504476_camera1-8.jpg 107 1291.54 1021.69 1123.81 768.88 335.46 505.62
6907992504476_camera1-9.jpg 107 1290.06 1027.87 1126.96 784.54 326.19 486.66
6907992504476_camera2-11.jpg 107 1276.26 805.93 1177.89 663.13 196.73 285.6
6907992504476_camera2-10.jpg 107 1282.33 813.79 1181.57 668.48 201.52 290.61
6907992504476_camera2-13.jpg 107 1265.07 808.22 1121.7 647.75 286.73 320.93
6907992504476_camera2-15.jpg 107 1255.88 803.66 1107.92 652.2 295.92 302.91
6907992504476_camera2-16.jpg 107 1247.96 818.75 1087.5 660.91 320.93 315.67
6907992504476_camera2-14.jpg 107 1258.05 804.15 1112.44 644.52 291.21 319.27
6907992504476_camera2-17.jpg 107 1243.04 808.93 1089.44 672.33 307.19 273.2
6907992504476_camera2-12.jpg 107 1272.64 812.52 1149.71 650.52 245.86 324.0
6907992504476_camera2-19.jpg 107 1234.82 816.12 1076.98 700.37 315.67 231.49
6907992504476_camera2-1.jpg 107 1292.64 854.47 1154.68 763.4 275.92 182.14
6907992504476_camera2-18.jpg 107 1241.39 812.17 1079.61 684.58 323.56 255.17
6907992504476_camera2-20.jpg 107 1233.47 822.37 1095.9 728.46 275.13 187.82
6907992504476_camera2-21.jpg 107 1230.87 829.26 1082.24 721.41 297.26 215.71
6907992504476_camera2-24.jpg 107 1225.32 842.66 1067.24 695.72 316.15 293.89
6907992504476_camera2-22.jpg 107 1224.39 834.51 1069.41 704.58 309.97 259.86
6907992504476_camera2-27.jpg 107 1229.88 856.45 1092.73 692.14 274.29 328.62
6907992504476_camera2-26.jpg 107 1227.43 851.23 1082.63 695.94 289.6 310.57
6907992504476_camera2-28.jpg 107 1232.93 863.51 1108.51 707.41 248.85 312.21
6907992504476_camera2-29.jpg 107 1240.88 863.5 1134.03 716.71 213.7 293.59
6907992504476_camera2-2.jpg 107 1294.89 858.67 1145.65 735.01 298.47 247.32
6907992504476_camera2-30.jpg 107 1240.31 863.3 1149.24 729.42 182.14 267.77
6907992504476_camera2-31.jpg 107 1245.82 869.09 1137.63 724.54 216.37 289.1
6907992504476_camera2-33.jpg 107 1259.63 872.72 1130.31 718.35 258.64 308.74
6907992504476_camera2-32.jpg 107 1250.8 870.14 1129.88 716.5 241.83 307.28
6907992504476_camera2-34.jpg 107 1262.06 872.81 1119.34 718.54 285.44 308.54
6907992504476_camera2-37.jpg 107 1280.2 865.1 1127.0 728.79 306.41 272.62
6907992504476_camera2-35.jpg 107 1268.37 871.55 1117.49 719.51 301.75 304.08
6907992504476_camera2-36.jpg 107 1274.63 875.45 1117.67 719.82 313.92 311.25
6907992504476_camera2-39.jpg 107 1287.87 860.91 1140.39 753.53 294.95 214.76
6907992504476_camera2-38.jpg 107 1283.36 863.25 1131.49 740.36 303.74 245.78
6907992504476_camera2-40.jpg 107 1291.43 855.72 1155.76 766.28 271.34 178.89
6907992504476_camera2-6.jpg 107 1290.82 836.81 1139.15 666.05 303.34 341.52
6907992504476_camera2-5.jpg 107 1296.12 842.93 1135.61 684.54 321.02 316.78
6907992504476_camera2-7.jpg 107 1289.34 817.38 1151.28 662.43 276.12 309.9
6907992504476_camera2-8.jpg 107 1286.52 815.71 1159.69 665.42 253.65 300.58
6907992504476_camera2-9.jpg 107 1285.14 812.12 1172.93 664.29 224.42 295.67
6907992504476_camera3-19.jpg 107 1403.14 1224.81 1301.88 960.44 202.52 528.74
6907992504476_camera3-18.jpg 107 1401.28 1231.95 1287.64 959.22 227.28 545.47
