6926892562096_camera0-10.jpg 109 1382.12 1075.22 1224.29 813.48 315.67 523.49
6926892562096_camera0-11.jpg 109 1391.12 1071.66 1229.29 815.29 323.65 512.74
6926892562096_camera0-12.jpg 109 1397.04 1074.53 1243.1 820.58 307.89 507.89
6926892562096_camera0-16.jpg 109 1413.87 1077.91 1256.19 824.07 315.36 507.69
6926892562096_camera0-15.jpg 109 1403.17 1072.6 1229.55 808.22 347.24 528.75
6926892562096_camera0-14.jpg 109 1401.85 1072.81 1247.9 815.83 307.89 513.95
6926892562096_camera0-17.jpg 109 1412.37 1077.86 1245.33 810.85 334.08 534.01
6926892562096_camera0-13.jpg 109 1397.14 1076.29 1245.12 817.49 304.05 517.59
6926892562096_camera0-19.jpg 109 1420.01 1076.21 1260.13 820.41 319.76 511.61
6926892562096_camera0-1.jpg 109 1387.69 1073.56 1231.93 820.22 311.52 506.68
6926892562096_camera0-18.jpg 109 1413.63 1072.59 1262.31 819.45 302.64 506.28
6926892562096_camera0-21.jpg 109 1424.91 1079.17 1265.95 823.37 317.93 511.61
6926892562096_camera0-20.jpg 109 1424.71 1073.82 1275.62 821.69 298.19 504.26
6926892562096_camera0-22.jpg 109 1428.36 1074.36 1269.57 820.41 317.58 507.89
6926892562096_camera0-24.jpg 109 1432.87 1077.29 1277.56 821.48 310.62 511.61
6926892562096_camera0-25.jpg 109 1433.64 1073.69 1277.88 819.75 311.52 507.89
6926892562096_camera0-23.jpg 109 1427.79 1075.11 1270.21 822.37 315.16 505.47
6926892562096_camera0-26.jpg 109 1429.16 1074.25 1275.82 822.12 306.68 504.26
6926892562096_camera0-27.jpg 109 1428.51 1072.57 1270.12 819.43 316.78 506.28
6926892562096_camera0-29.jpg 109 1424.72 1070.39 1267.14 819.48 315.16 501.83
6926892562096_camera0-30.jpg 109 1422.31 1067.43 1268.87 816.42 306.88 502.03
6926892562096_camera0-2.jpg 109 1391.06 1072.41 1233.92 814.78 314.27 515.26
6926892562096_camera0-32.jpg 109 1420.67 1068.19 1263.7 816.67 313.95 503.04
6926892562096_camera0-28.jpg 109 1430.26 1074.48 1276.77 820.77 306.97 507.43
6926892562096_camera0-33.jpg 109 1412.74 1067.88 1259.4 815.14 306.68 505.47
6926892562096_camera0-31.jpg 109 1425.49 1069.95 1279.42 816.01 292.13 507.89
6926892562096_camera0-36.jpg 109 1410.22 1068.4 1253.92 818.6 312.59 499.61
6926892562096_camera0-34.jpg 109 1412.76 1069.97 1259.28 814.17 306.97 511.61
6926892562096_camera0-35.jpg 109 1415.82 1066.97 1260.06 810.0 311.52 513.95
6926892562096_camera0-38.jpg 109 1400.6 1070.65 1249.28 815.39 302.64 510.52
6926892562096_camera0-40.jpg 109 1388.51 1069.76 1235.02 821.27 306.97 496.99
6926892562096_camera0-37.jpg 109 1402.49 1069.4 1252.79 817.27 299.4 504.26
6926892562096_camera0-39.jpg 109 1391.93 1073.93 1238.08 820.82 307.71 506.23
6926892562096_camera0-3.jpg 109 1385.73 1070.12 1230.92 818.16 309.62 503.91
6926892562096_camera0-4.jpg 109 1383.28 1072.92 1229.79 823.9 306.97 498.04
6926892562096_camera0-6.jpg 109 1382.51 1075.88 1230.31 821.11 304.4 509.54
6926892562096_camera0-8.jpg 109 1385.95 1073.38 1233.74 819.35 304.42 508.07
6926892562096_camera1-12.jpg 109 1256.87 1017.99 1101.36 762.39 311.02 511.19
6926892562096_camera1-11.jpg 109 1253.73 1016.61 1096.66 764.23 314.13 504.75
6926892562096_camera0-5.jpg 109 1387.51 1070.84 1237.81 818.1 299.4 505.47
6926892562096_camera1-10.jpg 109 1247.93 1017.28 1093.99 765.15 307.89 504.26
6926892562096_camera0-7.jpg 109 1384.54 1075.18 1234.82 819.59 299.44 511.19
6926892562096_camera0-9.jpg 109 1386.0 1075.97 1230.69 820.17 310.62 511.61
6926892562096_camera1-14.jpg 109 1263.18 1018.21 1109.04 758.71 308.29 519.0
6926892562096_camera1-13.jpg 109 1261.22 1020.83 1105.95 761.33 310.54 518.99
6926892562096_camera1-15.jpg 109 1268.71 1020.58 1114.15 764.63 309.12 511.9
6926892562096_camera1-17.jpg 109 1276.78 1019.67 1120.16 758.12 313.23 523.1
6926892562096_camera1-18.jpg 109 1282.42 1017.97 1127.74 761.55 309.36 512.84
6926892562096_camera1-1.jpg 109 1242.27 995.53 1093.17 740.37 298.19 510.32
6926892562096_camera1-20.jpg 109 1284.98 1014.78 1128.64 757.53 312.67 514.5
6926892562096_camera1-16.jpg 109 1273.9 1018.82 1113.11 763.01 321.58 511.61
6926892562096_camera1-19.jpg 109 1281.47 1014.97 1123.29 761.25 316.36 507.43
6926892562096_camera1-21.jpg 109 1292.17 1009.68 1135.04 755.7 314.27 507.96
6926892562096_camera1-22.jpg 109 1289.31 1010.27 1132.69 754.99 313.23 510.57
6926892562096_camera1-23.jpg 109 1290.87 1008.71 1132.69 754.99 316.36 507.43
6926892562096_camera1-25.jpg 109 1290.69 1006.4 1136.01 751.63 309.36 509.54
6926892562096_camera1-24.jpg 109 1290.1 1005.55 1136.66 748.17 306.88 514.76
6926892562096_camera1-27.jpg 109 1289.31 996.18 1132.69 742.46 313.23 507.43
6926892562096_camera1-26.jpg 109 1280.85 1004.2 1116.44 742.45 328.82 523.49
6926892562096_camera1-28.jpg 109 1284.87 996.88 1127.73 741.08 314.27 511.61
6926892562096_camera1-29.jpg 109 1286.69 991.4 1131.38 741.08 310.62 500.65
6926892562096_camera1-2.jpg 109 1243.88 999.31 1088.83 745.59 310.1 507.43
6926892562096_camera1-31.jpg 109 1274.27 996.3 1103.28 737.19 341.98 518.22
6926892562096_camera1-33.jpg 109 1270.3 990.05 1117.76 735.42 305.07 509.27
6926892562096_camera1-32.jpg 109 1274.28 988.41 1116.44 737.19 315.67 502.44
6926892562096_camera1-30.jpg 109 1281.47 994.62 1126.42 739.33 310.1 510.57
6926892562096_camera1-35.jpg 109 1257.13 986.7 1099.57 722.72 315.13 527.96
6926892562096_camera1-37.jpg 109 1257.97 991.49 1101.36 736.2 313.23 510.57
6926892562096_camera1-34.jpg 109 1267.76 990.56 1114.62 736.03 306.29 509.06
6926892562096_camera1-36.jpg 109 1259.55 985.21 1104.5 729.93 310.1 510.57
6926892562096_camera1-39.jpg 109 1241.39 997.62 1084.87 734.56 313.04 526.12
6926892562096_camera1-38.jpg 109 1250.95 987.92 1093.8 728.35 314.31 519.15
6926892562096_camera1-3.jpg 109 1240.75 1005.58 1085.7 751.86 310.1 507.43
6926892562096_camera1-4.jpg 109 1240.07 1004.2 1079.61 747.72 320.93 512.96
6926892562096_camera1-5.jpg 109 1245.34 1008.15 1090.13 747.72 310.41 520.86
6926892562096_camera1-40.jpg 109 1241.0 996.88 1083.87 741.08 314.27 511.61
6926892562096_camera1-6.jpg 109 1242.38 1008.89 1084.7 753.63 315.36 510.52
6926892562096_camera1-9.jpg 109 1246.97 1016.45 1093.03 758.87 307.89 515.17
6926892562096_camera1-8.jpg 109 1246.65 1009.47 1087.5 745.09 318.3 528.75
6926892562096_camera1-7.jpg 109 1243.88 1013.4 1088.83 758.12 310.1 510.57
6926892562096_camera2-14.jpg 109 1286.62 836.29 1139.68 692.46 293.89 287.65
6926892562096_camera2-10.jpg 109 1281.47 856.78 1135.82 708.0 291.3 297.57
6926892562096_camera2-13.jpg 109 1286.11 845.05 1137.48 697.73 297.26 294.63
6926892562096_camera2-16.jpg 109 1290.06 835.84 1142.74 679.32 294.63 313.04
6926892562096_camera2-11.jpg 109 1281.47 852.09 1138.95 704.87 285.04 294.44
6926892562096_camera2-12.jpg 109 1279.53 845.05 1124.33 697.73 310.41 294.63
6926892562096_camera2-15.jpg 109 1283.04 838.0 1135.82 695.48 294.44 285.04
6926892562096_camera2-1.jpg 109 1248.55 861.52 1106.12 715.45 284.86 292.13
6926892562096_camera2-20.jpg 109 1281.21 828.79 1131.38 678.96 299.66 299.66
6926892562096_camera2-17.jpg 109 1287.42 838.47 1140.11 684.58 294.63 307.78
6926892562096_camera2-19.jpg 109 1279.15 829.76 1137.81 681.82 282.68 295.88
6926892562096_camera2-18.jpg 109 1281.53 831.3 1138.15 683.24 286.76 296.11
6926892562096_camera2-22.jpg 109 1274.27 814.8 1124.33 663.54 299.89 302.52
6926892562096_camera2-21.jpg 109 1276.55 828.66 1131.57 675.63 289.96 306.07
6926892562096_camera2-23.jpg 109 1273.1 824.09 1122.18 672.72 301.83 302.74
6926892562096_camera2-24.jpg 109 1260.79 822.72 1117.75 673.02 286.07 299.4
6926892562096_camera2-25.jpg 109 1251.91 821.38 1100.65 666.17 302.52 310.41
6926892562096_camera2-27.jpg 109 1251.04 823.29 1107.4 672.94 287.28 300.7
6926892562096_camera2-29.jpg 109 1247.25 825.76 1106.54 677.93 281.42 295.67
6926892562096_camera2-2.jpg 109 1251.92 861.43 1113.22 717.53 277.41 287.8
6926892562096_camera2-26.jpg 109 1255.7 821.72 1112.32 674.33 286.76 294.78
6926892562096_camera2-28.jpg 109 1251.97 830.61 1105.8 675.3 292.35 310.62
6926892562096_camera2-30.jpg 109 1242.5 830.48 1101.79 682.2 281.42 296.56
6926892562096_camera2-31.jpg 109 1239.68 830.18 1097.19 684.13 284.98 292.1
6926892562096_camera2-32.jpg 109 1240.75 836.43 1098.23 689.21 285.04 294.44
6926892562096_camera2-34.jpg 109 1244.01 837.15 1098.02 689.84 291.99 294.63
6926892562096_camera2-33.jpg 109 1236.73 834.95 1093.19 688.58 287.08 292.74
6926892562096_camera2-37.jpg 109 1239.18 850.52 1095.1 704.87 288.17 291.3
6926892562096_camera2-35.jpg 109 1240.08 847.67 1087.5 695.1 305.15 305.15
6926892562096_camera2-38.jpg 109 1242.02 849.62 1098.84 704.84 286.37 289.55
6926892562096_camera2-36.jpg 109 1242.7 846.36 1100.65 689.84 284.1 313.04
6926892562096_camera2-3.jpg 109 1256.35 859.16 1111.57 716.51 289.55 285.31
6926892562096_camera2-39.jpg 109 1245.67 856.86 1102.03 707.85 287.28 298.02
6926892562096_camera2-5.jpg 109 1271.64 858.2 1116.44 710.89 310.41 294.63
6926892562096_camera2-4.jpg 109 1258.27 859.56 1116.43 715.56 283.68 288.01
6926892562096_camera2-40.jpg 109 1250.15 858.36 1107.63 711.14 285.04 294.44
6926892562096_camera2-8.jpg 109 1275.82 857.27 1130.88 713.37 289.88 287.8
6926892562096_camera2-6.jpg 109 1268.62 861.79 1126.57 720.64 284.09 282.31
6926892562096_camera2-7.jpg 109 1273.86 862.23 1128.88 721.27 289.96 281.91
6926892562096_camera3-12.jpg 109 1366.35 1246.2 1211.14 968.68 310.41 555.05
6926892562096_camera2-9.jpg 109 1276.73 856.82 1133.09 713.63 287.28 286.37
6926892562096_camera3-11.jpg 109 1367.09 1243.55 1211.78 967.65 310.62 551.81
6926892562096_camera3-13.jpg 109 1371.5 1239.6 1214.53 961.71 313.95 555.77
6926892562096_camera3-14.jpg 109 1380.26 1239.34 1227.53 965.69 305.46 547.29
6926892562096_camera3-10.jpg 109 1365.52 1244.67 1210.47 972.16 310.1 545.02
6926892562096_camera3-15.jpg 109 1380.81 1240.94 1219.03 963.42 323.56 555.05
6926892562096_camera3-17.jpg 109 1388.7 1242.26 1229.55 963.42 318.3 557.68
6926892562096_camera3-19.jpg 109 1396.83 1241.52 1239.69 969.27 314.27 544.5
6926892562096_camera3-16.jpg 109 1390.01 1240.95 1229.55 958.16 320.93 565.58
6926892562096_camera3-20.jpg 109 1398.11 1239.51 1244.62 967.0 306.97 545.02
6926892562096_camera3-1.jpg 109 1351.47 1237.51 1193.89 968.41 315.16 538.2
6926892562096_camera3-18.jpg 109 1400.54 1235.68 1237.44 960.79 326.19 549.79
6926892562096_camera3-21.jpg 109 1397.4 1237.69 1244.67 966.88 305.46 541.63
6926892562096_camera3-22.jpg 109 1400.62 1242.2 1245.31 969.95 310.62 544.5
6926892562096_camera3-24.jpg 109 1401.68 1236.26 1248.95 971.4 305.46 529.71
6926892562096_camera3-23.jpg 109 1401.25 1239.27 1244.88 971.99 312.74 534.56
6926892562096_camera3-25.jpg 109 1395.28 1239.63 1237.44 966.05 315.67 547.16
6926892562096_camera3-27.jpg 109 1398.76 1234.9 1245.72 967.76 306.07 534.28
6926892562096_camera3-28.jpg 109 1392.86 1233.35 1245.02 969.74 295.67 527.21
6926892562096_camera3-26.jpg 109 1397.9 1235.68 1232.18 963.42 331.45 544.53
6926892562096_camera3-2.jpg 109 1350.77 1238.73 1199.25 968.42 303.04 540.62
6926892562096_camera3-29.jpg 109 1393.96 1230.42 1237.44 960.79 313.04 539.27
6926892562096_camera3-30.jpg 109 1391.66 1231.16 1238.93 966.74 305.46 528.85
6926892562096_camera3-31.jpg 109 1387.32 1230.49 1233.84 962.68 306.97 535.62
6926892562096_camera3-33.jpg 109 1378.9 1228.94 1226.78 960.45 304.25 536.98
6926892562096_camera3-34.jpg 109 1376.18 1227.64 1222.7 955.13 306.97 545.02
6926892562096_camera3-32.jpg 109 1379.87 1230.02 1225.92 967.59 307.89 524.86
6926892562096_camera3-38.jpg 109 1363.71 1223.85 1208.51 952.9 310.41 541.9
6926892562096_camera3-36.jpg 109 1370.74 1230.32 1218.01 961.62 305.46 537.39
6926892562096_camera3-37.jpg 109 1365.19 1233.21 1213.31 965.11 303.77 536.2
6926892562096_camera3-40.jpg 109 1357.13 1235.68 1200.61 960.79 313.04 549.79
6926892562096_camera3-35.jpg 109 1376.25 1230.12 1219.28 962.24 313.95 535.77
6926892562096_camera3-3.jpg 109 1353.15 1233.69 1199.71 966.41 306.88 534.56
6926892562096_camera3-39.jpg 109 1359.76 1230.42 1200.61 958.16 318.3 544.53
6926892562096_camera3-4.jpg 109 1354.3 1241.73 1200.81 974.96 306.97 533.54
6926892562096_camera3-7.jpg 109 1358.47 1244.74 1206.35 972.0 304.25 545.47
6926892562096_camera3-6.jpg 109 1356.01 1237.8 1202.52 971.03 306.97 533.54
6926892562096_camera3-5.jpg 109 1357.5 1239.31 1204.77 970.82 305.46 536.98
6926892562096_camera3-8.jpg 109 1360.83 1239.97 1208.91 969.03 303.83 541.89
6926892562096_camera3-9.jpg 109 1361.44 1242.61 1208.71 974.72 305.46 535.77
