6924743913738-back_camera0-11.jpg 11 1424.03 1191.98 932.78 996.27 982.51 391.43
6924743913738-back_camera0-12.jpg 11 1540.43 1190.83 1044.78 994.49 991.3 392.67
6924743913738-back_camera0-10.jpg 11 1324.25 1184.39 832.33 979.21 983.84 410.37
6924743913738-back_camera0-14.jpg 11 1576.41 1188.04 956.43 985.76 1239.96 404.56
6924743913738-back_camera0-13.jpg 11 1565.24 1186.91 1014.85 993.74 1100.78 386.35
6924743913738-back_camera0-15.jpg 11 1589.95 1185.71 940.19 971.32 1299.51 428.78
6924743913738-back_camera0-18.jpg 11 1549.92 1181.57 886.96 987.58 1325.92 387.97
6924743913738-back_camera0-19.jpg 11 1531.75 1173.59 903.89 985.76 1255.72 375.66
6924743913738-back_camera0-16.jpg 11 1572.84 1184.84 902.51 987.22 1340.66 395.24
6924743913738-back_camera0-17.jpg 11 1564.95 1169.93 900.73 971.32 1328.44 397.22
6924743913738-back_camera0-1.jpg 11 1266.41 1160.46 651.69 980.51 1229.45 359.9
6924743913738-back_camera0-20.jpg 11 1516.76 1170.72 922.02 985.26 1189.49 370.92
6924743913738-back_camera0-22.jpg 11 1611.28 1162.1 1038.23 993.74 1146.11 336.71
6924743913738-back_camera0-21.jpg 11 1574.33 1163.77 988.21 985.72 1172.24 356.1
6924743913738-back_camera0-24.jpg 11 1564.58 1160.45 959.05 985.76 1211.06 349.39
6924743913738-back_camera0-25.jpg 11 1532.07 1160.72 921.77 979.21 1220.59 363.02
6924743913738-back_camera0-23.jpg 11 1577.07 1161.79 973.62 986.63 1206.89 350.32
6924743913738-back_camera0-28.jpg 11 1420.99 1156.7 888.94 982.95 1064.09 347.5
6924743913738-back_camera0-27.jpg 11 1455.56 1167.03 872.36 983.14 1166.4 367.78
6924743913738-back_camera0-26.jpg 11 1483.97 1157.57 889.19 987.22 1189.56 340.7
6924743913738-back_camera0-30.jpg 11 1376.79 1163.03 920.6 981.83 912.37 362.39
6924743913738-back_camera0-2.jpg 11 1313.7 1164.4 691.1 977.88 1245.21 373.04
6924743913738-back_camera0-29.jpg 11 1390.78 1155.75 898.98 977.7 983.6 356.1
6924743913738-back_camera0-35.jpg 11 1406.96 1169.65 838.21 977.88 1137.5 383.55
6924743913738-back_camera0-34.jpg 11 1440.05 1161.33 913.71 982.8 1052.68 357.06
6924743913738-back_camera0-31.jpg 11 1429.49 1158.0 985.68 977.34 887.63 361.32
6924743913738-back_camera0-32.jpg 11 1479.2 1161.77 1024.73 975.25 908.95 373.04
6924743913738-back_camera0-33.jpg 11 1469.99 1166.1 973.3 978.51 993.38 375.18
6924743913738-back_camera0-36.jpg 11 1372.81 1163.09 775.16 972.63 1195.3 380.92
6924743913738-back_camera0-39.jpg 11 1257.32 1160.13 643.13 973.74 1228.38 372.78
6924743913738-back_camera0-37.jpg 11 1333.4 1169.65 722.62 975.25 1221.57 388.8
6924743913738-back_camera0-3.jpg 11 1352.77 1159.02 740.82 974.87 1223.89 368.29
6924743913738-back_camera0-5.jpg 11 1347.86 1170.97 706.86 980.51 1281.99 380.92
6924743913738-back_camera0-40.jpg 11 1235.02 1174.1 636.01 977.22 1198.02 393.76
6924743913738-back_camera0-38.jpg 11 1275.18 1163.24 660.19 985.19 1229.98 356.1
6924743913738-back_camera0-4.jpg 11 1355.74 1172.28 725.25 988.39 1260.97 367.78
6924743913738-back_camera0-7.jpg 11 1323.89 1175.1 692.54 980.69 1262.71 388.82
6924743913738-back_camera0-9.jpg 11 1325.53 1181.47 762.03 985.76 1126.99 391.43
6924743913738-back_camera0-6.jpg 11 1334.72 1176.22 691.1 977.88 1287.24 396.68
6924743913738-back_camera1-10.jpg 11 1277.76 1226.34 853.17 811.92 849.18 828.83
6924743913738-back_camera0-8.jpg 11 1317.32 1174.62 720.61 981.17 1193.41 386.9
6924743913738-back_camera1-14.jpg 11 1401.35 1198.38 797.84 722.54 1207.02 951.69
6924743913738-back_camera1-12.jpg 11 1389.89 1198.56 885.5 759.84 1008.78 877.43
6924743913738-back_camera1-11.jpg 11 1359.5 1190.83 929.45 791.1 860.09 799.46
6924743913738-back_camera1-13.jpg 11 1397.77 1199.87 848.72 744.08 1098.1 911.58
6924743913738-back_camera1-15.jpg 11 1408.61 1188.11 799.01 725.59 1219.19 925.03
6924743913738-back_camera1-19.jpg 11 1392.88 1113.99 838.64 766.52 1108.49 694.94
6924743913738-back_camera1-1.jpg 11 1178.99 1117.25 615.97 816.01 1126.04 602.48
6924743913738-back_camera1-16.jpg 11 1409.59 1174.91 788.3 725.69 1242.58 898.44
6924743913738-back_camera1-17.jpg 11 1403.71 1152.74 789.78 728.83 1227.86 847.81
6924743913738-back_camera1-18.jpg 11 1398.63 1131.9 802.89 745.01 1191.49 773.79
6924743913738-back_camera1-21.jpg 11 1450.3 1089.53 914.39 765.09 1071.83 648.88
6924743913738-back_camera1-24.jpg 11 1378.14 1088.13 786.24 652.91 1183.81 870.45
6924743913738-back_camera1-20.jpg 11 1407.39 1086.58 876.96 800.32 1060.87 572.51
6924743913738-back_camera1-22.jpg 11 1425.35 1088.22 856.6 715.18 1137.5 746.08
6924743913738-back_camera1-25.jpg 11 1351.36 1073.61 778.76 629.59 1145.19 888.03
6924743913738-back_camera1-27.jpg 11 1290.05 1048.91 748.15 597.77 1083.8 902.29
6924743913738-back_camera1-26.jpg 11 1326.84 1065.88 769.91 612.72 1113.86 906.32
6924743913738-back_camera1-23.jpg 11 1398.82 1086.12 813.11 674.47 1171.41 823.29
6924743913738-back_camera1-28.jpg 11 1281.57 1036.3 801.93 601.43 959.27 869.74
6924743913738-back_camera1-29.jpg 11 1259.8 1025.25 834.96 618.82 849.68 812.85
6924743913738-back_camera1-2.jpg 11 1217.82 1143.38 656.95 793.99 1121.74 698.79
6924743913738-back_camera1-30.jpg 11 1270.08 1018.67 871.63 635.07 796.89 767.19
6924743913738-back_camera1-32.jpg 11 1296.63 1038.31 825.08 607.47 943.1 861.67
6924743913738-back_camera1-33.jpg 11 1276.59 1050.41 768.83 600.68 1015.52 899.46
6924743913738-back_camera1-31.jpg 11 1321.49 1024.42 911.49 633.68 819.99 781.49
6924743913738-back_camera1-35.jpg 11 1221.76 1069.83 654.32 610.1 1134.88 919.46
6924743913738-back_camera1-34.jpg 11 1256.7 1056.71 717.9 607.0 1077.61 899.42
6924743913738-back_camera1-36.jpg 11 1192.45 1079.42 594.74 618.09 1195.42 922.67
6924743913738-back_camera1-38.jpg 11 1123.24 1085.6 549.24 691.54 1148.01 788.11
6924743913738-back_camera1-37.jpg 11 1159.63 1079.28 574.64 641.38 1169.99 875.81
6924743913738-back_camera1-3.jpg 11 1209.93 1167.03 622.79 778.23 1174.28 777.6
6924743913738-back_camera1-40.jpg 11 1140.22 1082.33 577.33 757.36 1125.78 649.93
6924743913738-back_camera1-39.jpg 11 1110.85 1081.92 551.2 716.54 1119.29 730.77
6924743913738-back_camera1-4.jpg 11 1202.05 1209.06 588.64 757.21 1226.82 903.7
6924743913738-back_camera1-5.jpg 11 1197.8 1216.06 591.9 760.94 1211.79 910.23
6924743913738-back_camera1-7.jpg 11 1192.86 1240.59 617.54 751.96 1150.64 977.25
6924743913738-back_camera1-9.jpg 11 1217.26 1248.78 732.14 774.62 970.23 948.31
6924743913738-back_camera1-6.jpg 11 1197.12 1231.36 592.71 746.29 1208.81 970.13
6924743913738-back_camera1-8.jpg 11 1200.74 1247.15 672.71 767.72 1056.06 958.86
6924743913738-back_camera2-10.jpg 11 1384.65 864.24 925.99 523.21 917.32 682.05
6924743913738-back_camera2-13.jpg 11 1360.41 825.64 814.71 357.9 1091.39 935.48
6924743913738-back_camera2-16.jpg 11 1323.01 776.43 786.24 225.15 1073.55 1102.57
6924743913738-back_camera2-11.jpg 11 1370.18 850.48 898.63 486.63 943.1 727.69
6924743913738-back_camera2-12.jpg 11 1365.77 832.24 861.73 405.74 1008.08 852.99
6924743913738-back_camera2-15.jpg 11 1336.03 786.11 793.55 252.82 1084.96 1066.57
6924743913738-back_camera2-14.jpg 11 1351.2 798.41 811.6 298.74 1079.2 999.34
6924743913738-back_camera2-17.jpg 11 1309.88 762.92 809.42 214.33 1000.93 1097.17
6924743913738-back_camera2-18.jpg 11 1295.31 748.02 827.7 213.42 935.22 1069.2
6924743913738-back_camera2-1.jpg 11 1276.59 967.92 913.9 492.08 725.37 951.69
6924743913738-back_camera2-19.jpg 11 1277.82 744.45 867.72 240.46 820.19 1007.97
6924743913738-back_camera2-20.jpg 11 1262.48 744.08 903.89 273.84 717.18 940.48
6924743913738-back_camera2-22.jpg 11 1231.12 763.4 800.92 251.39 860.41 1024.02
6924743913738-back_camera2-23.jpg 11 1215.66 781.41 722.41 241.73 986.51 1079.36
6924743913738-back_camera2-21.jpg 11 1257.49 762.25 892.36 295.14 730.26 934.23
6924743913738-back_camera2-26.jpg 11 1165.28 805.81 620.17 281.72 1090.22 1048.18
6924743913738-back_camera2-29.jpg 11 1126.96 846.36 627.15 453.09 999.62 786.54
6924743913738-back_camera2-24.jpg 11 1199.68 783.98 696.65 237.16 1006.06 1093.64
6924743913738-back_camera2-25.jpg 11 1179.72 797.93 641.18 255.45 1077.08 1084.96
6924743913738-back_camera2-28.jpg 11 1134.85 835.84 600.84 374.17 1068.02 923.33
6924743913738-back_camera2-2.jpg 11 1299.8 962.54 867.48 448.97 864.64 1027.13
6924743913738-back_camera2-31.jpg 11 1163.96 878.05 685.84 499.76 956.24 756.58
6924743913738-back_camera2-27.jpg 11 1157.2 822.69 613.99 313.67 1086.43 1018.04
6924743913738-back_camera2-30.jpg 11 1130.66 858.63 660.45 498.13 940.43 721.0
6924743913738-back_camera2-33.jpg 11 1174.39 915.86 645.58 446.23 1057.62 939.26
6924743913738-back_camera2-34.jpg 11 1179.72 937.16 633.3 426.21 1092.84 1021.91
6924743913738-back_camera2-36.jpg 11 1204.56 963.42 677.13 426.78 1054.86 1073.28
6924743913738-back_camera2-35.jpg 11 1185.91 948.61 644.37 413.82 1083.09 1069.58
6924743913738-back_camera2-32.jpg 11 1166.0 902.63 651.1 461.84 1029.8 881.59
6924743913738-back_camera2-39.jpg 11 1233.49 989.73 816.55 482.03 833.89 1015.4
6924743913738-back_camera2-37.jpg 11 1219.03 977.89 711.33 432.05 1015.4 1091.69
6924743913738-back_camera2-38.jpg 11 1225.7 988.39 780.42 460.36 890.56 1056.06
6924743913738-back_camera2-3.jpg 11 1311.41 962.53 838.47 425.76 945.89 1073.55
6924743913738-back_camera2-4.jpg 11 1343.08 951.71 820.48 402.17 1045.2 1099.09
6924743913738-back_camera2-40.jpg 11 1251.96 1001.52 898.63 526.03 706.67 950.98
6924743913738-back_camera2-6.jpg 11 1362.3 935.86 811.94 399.94 1100.72 1071.83
6924743913738-back_camera2-7.jpg 11 1365.22 915.14 816.64 404.09 1097.17 1022.1
6924743913738-back_camera2-5.jpg 11 1347.86 945.05 811.94 397.31 1071.83 1095.47
6924743913738-back_camera2-8.jpg 11 1380.88 900.75 854.59 443.71 1052.58 914.08
6924743913738-back_camera2-9.jpg 11 1392.64 887.1 873.28 466.38 1038.73 841.43
6924743913738-back_camera3-11.jpg 11 1528.28 1407.44 974.74 1133.56 1107.07 547.76
6924743913738-back_camera3-10.jpg 11 1506.79 1403.45 1011.59 1135.5 990.39 535.91
6924743913738-back_camera3-12.jpg 11 1540.93 1408.72 932.78 1132.88 1216.31 551.68
6924743913738-back_camera3-14.jpg 11 1542.74 1390.63 879.62 1130.78 1326.23 519.71
6924743913738-back_camera3-15.jpg 11 1530.34 1388.02 872.03 1138.72 1316.62 498.59
6924743913738-back_camera3-16.jpg 11 1517.11 1371.19 862.68 1123.91 1308.87 494.56
6924743913738-back_camera3-13.jpg 11 1541.66 1408.12 907.42 1131.9 1268.48 552.43
6924743913738-back_camera3-17.jpg 11 1497.6 1360.11 872.36 1127.62 1250.47 464.98
6924743913738-back_camera3-21.jpg 11 1556.0 1327.81 962.18 1099.71 1187.64 456.19
6924743913738-back_camera3-18.jpg 11 1487.33 1339.44 908.26 1125.76 1158.14 427.36
6924743913738-back_camera3-19.jpg 11 1534.38 1322.02 948.55 1106.61 1171.65 430.83
6924743913738-back_camera3-20.jpg 11 1571.61 1335.51 1007.62 1117.04 1127.97 436.94
6924743913738-back_camera3-1.jpg 11 1324.94 1345.26 716.49 1115.04 1216.9 460.45
6924743913738-back_camera3-22.jpg 11 1519.92 1328.59 911.77 1085.59 1216.31 486.0
6924743913738-back_camera3-23.jpg 11 1478.9 1330.81 877.79 1087.99 1202.23 485.64
6924743913738-back_camera3-24.jpg 11 1468.34 1324.64 877.21 1080.7 1182.26 487.89
6924743913738-back_camera3-27.jpg 11 1364.93 1311.51 864.48 1059.32 1000.9 504.39
6924743913738-back_camera3-29.jpg 11 1395.69 1308.39 951.05 1060.09 889.28 496.61
6924743913738-back_camera3-28.jpg 11 1343.91 1308.89 903.89 1051.44 880.05 514.9
6924743913738-back_camera3-25.jpg 11 1416.45 1323.32 848.61 1068.27 1135.67 510.09
6924743913738-back_camera3-26.jpg 11 1392.41 1334.62 855.22 1063.9 1074.38 541.45
6924743913738-back_camera3-30.jpg 11 1435.49 1306.87 991.68 1055.26 887.63 503.21
6924743913738-back_camera3-2.jpg 11 1329.47 1364.05 709.49 1124.99 1239.96 478.12
6924743913738-back_camera3-31.jpg 11 1430.35 1315.99 939.51 1053.25 981.68 525.49
6924743913738-back_camera3-36.jpg 11 1262.47 1337.79 649.06 1067.2 1226.82 541.17
6924743913738-back_camera3-34.jpg 11 1342.36 1331.12 748.52 1049.74 1187.67 562.77
6924743913738-back_camera3-35.jpg 11 1289.19 1331.87 679.97 1066.24 1218.44 531.26
6924743913738-back_camera3-37.jpg 11 1225.69 1337.78 614.91 1072.45 1221.57 530.66
6924743913738-back_camera3-33.jpg 11 1372.22 1333.43 797.33 1061.7 1149.78 543.45
6924743913738-back_camera3-32.jpg 11 1399.08 1325.95 856.6 1054.06 1084.96 543.79
6924743913738-back_camera3-38.jpg 11 1214.65 1331.56 619.87 1096.72 1189.56 469.67
6924743913738-back_camera3-39.jpg 11 1234.32 1336.41 616.12 1099.39 1236.39 474.03
6924743913738-back_camera3-40.jpg 11 1279.56 1340.41 656.95 1114.49 1245.21 451.85
6924743913738-back_camera3-3.jpg 11 1313.09 1377.0 679.81 1123.88 1266.56 506.24
6924743913738-back_camera3-4.jpg 11 1294.0 1392.94 654.32 1124.99 1279.36 535.91
6924743913738-back_camera3-6.jpg 11 1280.37 1402.71 675.0 1131.31 1210.74 542.81
6924743913738-back_camera3-7.jpg 11 1290.07 1406.09 727.88 1130.25 1124.37 551.68
6924743913738-back_camera3-5.jpg 11 1286.2 1399.3 658.69 1134.63 1255.01 529.34
6924743913738_camera0-12.jpg 11 1515.29 1179.06 1048.15 999.6 934.28 358.91
6924743913738-back_camera3-8.jpg 11 1297.94 1399.52 798.81 1130.25 998.27 538.54
6924743913738_camera0-11.jpg 11 1428.12 1185.06 951.23 993.2 953.79 383.71
6924743913738-back_camera3-9.jpg 11 1374.85 1400.32 888.13 1135.51 973.43 529.61
6924743913738_camera0-13.jpg 11 1551.44 1182.79 1040.49 998.9 1021.91 367.78
6924743913738_camera0-10.jpg 11 1361.63 1180.81 873.83 996.26 975.6 369.09
6924743913738_camera0-14.jpg 11 1544.88 1180.16 980.07 993.64 1129.62 373.04
6924743913738_camera0-17.jpg 11 1491.03 1171.46 864.49 986.68 1253.08 369.57
6924743913738_camera0-15.jpg 11 1538.55 1177.37 924.27 993.33 1228.57 368.08
6924743913738_camera0-16.jpg 11 1518.11 1172.71 899.91 997.7 1236.4 350.02
6924743913738_camera0-19.jpg 11 1447.68 1168.34 851.35 985.76 1192.67 365.16
6924743913738_camera0-20.jpg 11 1483.38 1163.88 873.2 983.9 1220.36 359.95
6924743913738_camera0-1.jpg 11 1346.54 1168.34 759.4 977.88 1174.28 380.92
6924743913738_camera0-21.jpg 11 1501.62 1159.43 885.66 982.35 1231.91 354.17
6924743913738_camera0-18.jpg 11 1469.91 1167.54 851.99 989.01 1235.84 357.06
6924743913738_camera0-22.jpg 11 1534.37 1161.77 924.9 977.88 1218.94 367.78
6924743913738_camera0-24.jpg 11 1530.88 1161.96 907.81 975.59 1246.14 372.74
6924743913738_camera0-25.jpg 11 1472.36 1169.64 856.95 984.03 1230.81 371.22
6924743913738_camera0-23.jpg 11 1554.07 1163.09 953.8 980.51 1200.55 365.16
6924743913738_camera0-26.jpg 11 1453.9 1162.63 844.51 977.55 1218.78 370.17
6924743913738_camera0-27.jpg 11 1413.18 1171.53 816.47 980.0 1193.41 383.05
6924743913738_camera0-28.jpg 11 1386.21 1170.86 821.61 975.35 1129.2 391.02
6924743913738_camera0-29.jpg 11 1353.11 1176.22 838.21 975.25 1029.79 401.94
6924743913738_camera0-2.jpg 11 1395.7 1160.7 812.93 986.8 1165.54 347.81
6924743913738_camera0-31.jpg 11 1370.46 1164.14 914.27 977.43 912.38 373.42
6924743913738_camera0-30.jpg 11 1338.66 1172.29 882.87 983.14 911.58 378.29
6924743913738_camera0-32.jpg 11 1451.51 1166.07 993.4 976.47 916.23 379.2
6924743913738_camera0-33.jpg 11 1472.68 1167.55 992.59 980.69 960.18 373.71
6924743913738_camera0-35.jpg 11 1438.98 1164.44 863.17 973.06 1151.62 382.77
6924743913738_camera0-34.jpg 11 1458.19 1174.9 917.02 975.25 1082.34 399.31
6924743913738_camera0-37.jpg 11 1392.06 1177.24 769.6 970.46 1244.92 413.55
6924743913738_camera0-36.jpg 11 1407.66 1162.97 802.98 974.89 1209.36 376.17
6924743913738_camera0-38.jpg 11 1366.24 1170.96 746.26 977.88 1239.96 386.17
6924743913738_camera0-3.jpg 11 1423.32 1161.62 804.06 975.09 1238.52 373.05
6924743913738_camera0-39.jpg 11 1339.97 1170.97 733.13 983.14 1213.69 375.66
6924743913738_camera0-40.jpg 11 1316.67 1163.8 748.7 988.04 1135.94 351.51
6924743913738_camera0-7.jpg 11 1363.68 1177.4 726.82 990.14 1273.71 374.52
6924743913738_camera0-4.jpg 11 1408.28 1172.28 772.54 985.76 1271.48 373.04
6924743913738_camera0-5.jpg 11 1387.26 1173.6 738.38 988.39 1297.75 370.41
6924743913738_camera0-6.jpg 11 1371.2 1184.64 725.27 998.21 1291.86 372.87
6924743913738_camera0-9.jpg 11 1352.63 1180.44 795.77 991.58 1113.73 377.72
6924743913738_camera1-10.jpg 11 1286.12 1160.47 864.48 770.35 843.28 780.23
6924743913738_camera0-8.jpg 11 1357.17 1177.83 758.27 983.14 1197.81 389.37
6924743913738_camera1-12.jpg 11 1378.14 1183.88 913.9 745.76 928.48 876.25
6924743913738_camera1-11.jpg 11 1361.63 1177.92 947.22 780.78 828.83 794.29
6924743913738_camera1-14.jpg 11 1383.08 1176.98 823.91 713.25 1118.34 927.46
6924743913738_camera1-13.jpg 11 1379.38 1184.11 872.36 725.69 1014.03 916.83
6924743913738_camera1-15.jpg 11 1371.5 1170.97 788.3 707.3 1166.4 927.34
6924743913738_camera1-18.jpg 11 1324.66 1120.51 753.8 728.67 1141.72 783.69
6924743913738_camera1-17.jpg 11 1337.35 1135.5 751.52 709.92 1171.65 851.16
6924743913738_camera1-16.jpg 11 1360.32 1154.99 765.93 699.87 1188.78 910.24
6924743913738_camera1-25.jpg 11 1310.54 1114.81 724.01 655.32 1173.06 918.98
6924743913738_camera1-23.jpg 11 1365.03 1114.68 779.72 695.1 1170.61 839.16
6924743913738_camera1-24.jpg 11 1350.49 1107.92 762.03 681.03 1176.91 853.78
6924743913738_camera1-29.jpg 11 1232.65 1091.99 782.51 656.76 900.29 870.45
6924743913738_camera1-26.jpg 11 1297.36 1120.17 722.37 658.21 1149.97 923.93
6924743913738_camera1-27.jpg 11 1271.67 1115.81 722.62 646.88 1098.1 937.85
6924743913738_camera1-2.jpg 11 1260.32 1142.4 694.41 809.95 1131.82 664.9
6924743913738_camera1-33.jpg 11 1295.31 1080.48 795.5 642.49 999.62 875.98
6924743913738_camera1-32.jpg 11 1304.08 1073.24 854.59 655.23 898.97 836.02
6924743913738_camera1-34.jpg 11 1279.97 1100.59 742.53 646.24 1074.88 908.69
6924743913738_camera1-36.jpg 11 1238.76 1110.74 648.19 655.65 1181.13 910.18
6924743913738_camera1-37.jpg 11 1225.79 1116.48 639.57 677.35 1172.44 878.26
6924743913738_camera1-38.jpg 11 1209.86 1110.6 637.35 700.6 1145.02 819.99
6924743913738_camera1-35.jpg 11 1267.69 1106.78 703.43 653.01 1128.52 907.55
6924743913738_camera1-3.jpg 11 1256.29 1166.47 646.97 780.57 1218.63 771.8
6924743913738_camera1-4.jpg 11 1242.7 1169.92 632.41 758.24 1220.59 823.37
6924743913738_camera1-5.jpg 11 1233.63 1192.01 613.83 751.21 1239.61 881.59
6924743913738_camera1-6.jpg 11 1233.07 1201.29 629.56 739.95 1207.02 922.67
6924743913738_camera1-7.jpg 11 1234.65 1201.41 655.27 740.41 1158.76 922.01
6924743913738_camera1-8.jpg 11 1234.82 1183.08 711.33 745.09 1046.97 875.98
6924743913738_camera1-9.jpg 11 1248.34 1178.1 770.01 760.4 956.65 835.39
6924743913738_camera2-11.jpg 11 1336.28 837.72 853.8 487.05 964.95 701.33
6924743913738_camera2-15.jpg 11 1296.88 815.05 743.49 298.22 1106.79 1033.65
6924743913738_camera2-12.jpg 11 1322.94 829.26 811.29 418.89 1023.3 820.74
6924743913738_camera2-16.jpg 11 1282.78 816.17 741.57 287.32 1082.41 1057.71
6924743913738_camera2-13.jpg 11 1325.57 827.94 792.87 379.43 1065.39 897.03
6924743913738_camera2-18.jpg 11 1253.38 807.93 763.03 285.66 980.7 1044.54
6924743913738_camera2-17.jpg 11 1272.96 817.43 756.05 282.1 1033.82 1070.65
6924743913738_camera2-19.jpg 11 1252.45 817.3 833.64 323.25 837.63 988.09
6924743913738_camera2-1.jpg 11 1280.84 925.28 932.29 450.46 697.1 949.64
6924743913738_camera2-20.jpg 11 1215.72 811.51 877.91 357.25 675.63 908.53
6924743913738_camera2-21.jpg 11 1238.76 791.12 892.84 318.93 691.84 944.38
6924743913738_camera2-22.jpg 11 1241.77 795.5 832.66 284.83 818.22 1021.33
6924743913738_camera2-23.jpg 11 1231.12 815.42 764.77 273.09 932.7 1084.66
6924743913738_camera2-24.jpg 11 1215.09 818.74 719.22 268.95 991.73 1099.58
6924743913738_camera2-25.jpg 11 1222.97 834.52 698.17 287.36 1049.6 1094.32
6924743913738_camera2-27.jpg 11 1212.03 855.47 683.18 343.46 1057.71 1024.02
6924743913738_camera2-28.jpg 11 1204.06 862.23 664.38 377.68 1079.36 969.1
6924743913738_camera2-26.jpg 11 1212.45 842.42 679.76 297.89 1065.39 1089.06
6924743913738_camera2-29.jpg 11 1215.4 870.44 720.23 451.25 990.34 838.38
6924743913738_camera2-33.jpg 11 1209.83 896.35 666.61 437.31 1086.43 918.07
6924743913738_camera2-2.jpg 11 1294.0 929.8 884.89 419.13 818.22 1021.33
6924743913738_camera2-30.jpg 11 1195.35 888.45 750.78 534.64 889.14 707.63
6924743913738_camera2-34.jpg 11 1213.47 904.66 662.0 411.9 1102.94 985.53
6924743913738_camera2-35.jpg 11 1221.66 916.08 666.61 395.22 1110.11 1041.71
6924743913738_camera2-32.jpg 11 1207.19 892.4 692.91 482.03 1028.56 820.74
6924743913738_camera2-36.jpg 11 1233.48 922.99 686.34 388.28 1094.28 1069.41
6924743913738_camera2-37.jpg 11 1246.84 921.72 716.86 392.86 1059.96 1057.71
6924743913738_camera2-38.jpg 11 1251.91 924.67 772.75 404.5 958.33 1040.35
6924743913738_camera2-40.jpg 11 1275.71 922.84 918.65 467.61 714.12 910.46
6924743913738_camera2-39.jpg 11 1259.8 920.01 829.7 424.15 860.2 991.73
6924743913738_camera2-4.jpg 11 1305.61 919.02 809.45 356.13 992.31 1125.78
6924743913738_camera2-3.jpg 11 1305.33 923.42 847.03 380.76 916.6 1085.32
6924743913738_camera2-5.jpg 11 1323.19 907.12 799.95 354.69 1046.48 1104.87
6924743913738_camera2-8.jpg 11 1308.47 870.04 798.14 400.48 1020.67 939.12
6924743913738_camera3-11.jpg 11 1515.6 1368.95 1006.21 1122.89 1018.77 492.12
6924743913738_camera3-13.jpg 11 1505.81 1389.05 902.3 1122.12 1207.02 533.87
6924743913738_camera3-12.jpg 11 1510.22 1375.19 957.79 1120.14 1104.87 510.09
6924743913738_camera2-7.jpg 11 1316.36 880.56 782.35 353.13 1068.02 1054.86
6924743913738_camera2-6.jpg 11 1312.89 890.68 784.08 360.61 1057.62 1060.13
6924743913738_camera3-10.jpg 11 1495.24 1371.16 1027.0 1121.26 936.49 499.81
6924743913738_camera2-9.jpg 11 1317.21 858.08 815.25 425.76 1003.92 864.64
6924743913738_camera3-17.jpg 11 1412.97 1339.63 817.22 1113.46 1191.49 452.34
6924743913738_camera3-18.jpg 11 1430.38 1340.56 821.06 1111.34 1218.63 458.44
6924743913738_camera3-1.jpg 11 1378.18 1340.91 771.83 1110.74 1212.7 460.35
6924743913738_camera3-19.jpg 11 1474.19 1328.99 864.97 1112.44 1218.44 433.09
6924743913738_camera3-20.jpg 11 1525.49 1330.38 932.29 1097.58 1186.39 465.61
6924743913738_camera3-21.jpg 11 1522.79 1327.93 931.39 1090.51 1182.8 474.85
6924743913738_camera3-22.jpg 11 1503.13 1331.71 892.84 1063.39 1220.59 536.64
6924743913738_camera3-26.jpg 11 1353.38 1341.87 779.22 1059.74 1148.32 564.26
6924743913738_camera3-28.jpg 11 1314.32 1328.96 838.47 1041.71 951.69 574.5
6924743913738_camera3-23.jpg 11 1466.31 1330.38 845.49 1058.12 1241.63 544.53
6924743913738_camera3-25.jpg 11 1378.59 1349.2 796.32 1060.47 1164.54 577.46
6924743913738_camera3-24.jpg 11 1433.42 1340.91 821.81 1060.76 1223.22 560.31
6924743913738_camera3-27.jpg 11 1332.18 1340.16 804.77 1054.32 1054.82 571.68
6924743913738_camera3-29.jpg 11 1355.05 1327.72 899.68 1061.27 910.73 532.91
6924743913738_camera3-30.jpg 11 1442.93 1327.06 995.22 1069.9 895.43 514.32
6924743913738_camera3-2.jpg 11 1370.28 1356.7 727.11 1134.41 1286.35 444.57
6924743913738_camera3-31.jpg 11 1444.88 1341.39 964.89 1067.82 959.98 547.14
6924743913738_camera3-32.jpg 11 1418.2 1342.09 877.32 1073.57 1081.77 537.04
6924743913738_camera3-34.jpg 11 1375.55 1340.91 779.72 1063.39 1191.65 555.05
6924743913738_camera3-35.jpg 11 1357.31 1352.08 739.43 1086.45 1235.76 531.26
6924743913738_camera3-33.jpg 11 1405.8 1344.86 834.96 1068.65 1141.67 552.42
6924743913738_camera3-36.jpg 11 1331.72 1358.38 705.0 1091.45 1253.44 533.87
6924743913738_camera3-39.jpg 11 1312.44 1334.55 733.06 1118.96 1158.76 431.17
6924743913738_camera3-38.jpg 11 1285.72 1344.48 707.27 1112.45 1156.9 464.06
6924743913738_camera3-37.jpg 11 1309.63 1352.17 699.96 1100.63 1219.34 503.08
6924743913738_camera3-40.jpg 11 1376.93 1338.57 792.05 1126.56 1169.76 424.02
6924743913738_camera3-3.jpg 11 1356.95 1369.12 703.5 1128.64 1306.91 480.96
6924743913738_camera3-6.jpg 11 1307.15 1388.26 685.02 1121.26 1244.27 534.01
6924743913738_camera3-8.jpg 11 1332.39 1369.99 843.48 1113.99 977.83 512.01
6924743913738_camera3-4.jpg 11 1345.62 1375.41 693.42 1126.12 1304.39 498.59
6924743913738_camera3-5.jpg 11 1334.62 1382.85 687.59 1118.81 1294.07 528.07
6924743913738_camera3-7.jpg 11 1326.35 1377.0 749.85 1119.07 1152.99 515.86
6924743913738_camera3-9.jpg 11 1392.21 1371.64 922.58 1126.12 939.26 491.04
