6923523998019_camera0-10.jpg 110 1405.43 1062.24 1209.43 788.39 391.99 547.71
6923523998019_camera0-11.jpg 110 1407.99 1065.66 1214.76 795.39 386.46 540.54
6923523998019_camera0-13.jpg 110 1415.01 1059.43 1208.51 781.91 413.0 555.05
6923523998019_camera0-12.jpg 110 1416.16 1061.96 1220.39 792.58 391.54 538.76
6923523998019_camera0-15.jpg 110 1424.69 1061.82 1227.0 786.37 395.39 550.89
6923523998019_camera0-14.jpg 110 1434.74 1063.38 1221.66 784.54 426.15 557.68
6923523998019_camera0-16.jpg 110 1426.65 1063.7 1235.0 795.26 383.3 536.89
6923523998019_camera0-19.jpg 110 1434.62 1063.47 1238.58 791.33 392.08 544.28
6923523998019_camera0-18.jpg 110 1420.27 1062.07 1213.77 784.54 413.0 555.05
6923523998019_camera0-17.jpg 110 1430.25 1065.09 1236.05 792.58 388.41 545.02
6923523998019_camera0-1.jpg 110 1372.92 1062.07 1166.42 787.17 413.0 549.79
6923523998019_camera0-25.jpg 110 1425.24 1058.78 1231.27 788.57 387.94 540.42
6923523998019_camera0-22.jpg 110 1429.93 1062.43 1241.67 796.02 376.51 532.82
6923523998019_camera0-23.jpg 110 1420.27 1063.38 1213.77 787.17 413.0 552.42
6923523998019_camera0-20.jpg 110 1434.0 1066.57 1239.45 799.89 389.1 533.35
6923523998019_camera0-24.jpg 110 1427.97 1061.95 1232.26 786.11 391.43 551.68
6923523998019_camera0-26.jpg 110 1420.27 1062.08 1224.29 792.44 391.96 539.27
6923523998019_camera0-27.jpg 110 1416.16 1060.63 1224.38 788.74 383.55 543.79
6923523998019_camera0-21.jpg 110 1433.42 1063.38 1234.81 781.91 397.22 562.94
6923523998019_camera0-28.jpg 110 1416.16 1059.78 1225.54 793.76 381.25 532.03
6923523998019_camera0-31.jpg 110 1400.58 1055.84 1209.66 789.16 381.83 533.35
6923523998019_camera0-29.jpg 110 1409.54 1060.39 1224.0 798.74 371.07 523.3
6923523998019_camera0-2.jpg 110 1379.38 1065.89 1182.35 786.11 394.05 559.56
6923523998019_camera0-30.jpg 110 1400.53 1062.07 1200.61 789.81 399.85 544.53
6923523998019_camera0-32.jpg 110 1390.01 1059.43 1179.57 784.54 420.89 549.79
6923523998019_camera0-33.jpg 110 1392.51 1059.32 1192.86 786.11 399.31 546.42
6923523998019_camera0-34.jpg 110 1388.36 1058.8 1199.65 797.15 377.41 523.3
6923523998019_camera0-38.jpg 110 1378.18 1059.44 1171.68 789.81 413.0 539.27
6923523998019_camera0-36.jpg 110 1386.07 1056.8 1182.2 781.91 407.74 549.79
6923523998019_camera0-4.jpg 110 1384.75 1060.75 1184.83 779.28 399.85 562.94
6923523998019_camera0-35.jpg 110 1392.52 1060.63 1195.49 788.74 394.05 543.79
6923523998019_camera0-39.jpg 110 1374.23 1063.38 1179.57 787.17 389.33 552.42
6923523998019_camera0-37.jpg 110 1379.63 1063.56 1191.72 797.15 375.83 532.82
6923523998019_camera0-3.jpg 110 1383.44 1059.43 1182.2 776.65 402.48 565.57
6923523998019_camera0-40.jpg 110 1377.95 1061.67 1183.02 784.71 389.87 553.93
6923523998019_camera0-6.jpg 110 1389.54 1063.52 1189.07 789.44 400.94 548.15
6923523998019_camera0-7.jpg 110 1392.39 1060.51 1199.05 787.77 386.68 545.47
6923523998019_camera0-8.jpg 110 1396.59 1062.07 1195.35 781.91 402.48 560.31
6923523998019_camera0-9.jpg 110 1400.7 1064.3 1203.84 786.37 393.73 555.86
6923523998019_camera0-5.jpg 110 1386.09 1064.25 1192.91 794.45 386.35 539.6
6923523998019_camera1-11.jpg 110 1287.43 1012.09 1071.72 713.52 431.42 597.14
6923523998019_camera1-12.jpg 110 1276.64 1014.66 1074.39 706.96 404.49 615.41
6923523998019_camera1-10.jpg 110 1271.37 1016.88 1076.82 716.26 389.1 601.23
6923523998019_camera1-13.jpg 110 1283.27 1009.89 1085.93 710.53 394.67 598.72
6923523998019_camera1-17.jpg 110 1294.01 1003.3 1102.92 708.35 382.17 589.9
6923523998019_camera1-15.jpg 110 1288.75 1008.1 1087.78 707.3 401.94 601.59
6923523998019_camera1-14.jpg 110 1286.07 1011.23 1093.4 716.28 385.34 589.9
6923523998019_camera1-18.jpg 110 1296.42 1000.31 1102.48 703.33 387.89 593.96
6923523998019_camera1-16.jpg 110 1291.38 1005.46 1090.41 702.04 401.94 606.84
6923523998019_camera1-19.jpg 110 1294.0 998.72 1094.84 697.23 398.33 602.97
6923523998019_camera1-1.jpg 110 1235.65 1003.35 1044.57 707.6 382.17 591.49
6923523998019_camera1-21.jpg 110 1292.69 993.64 1095.66 688.91 394.05 609.47
6923523998019_camera1-23.jpg 110 1290.36 986.62 1096.59 691.55 387.54 590.15
6923523998019_camera1-20.jpg 110 1297.94 996.27 1098.29 694.16 399.31 604.22
6923523998019_camera1-22.jpg 110 1291.37 989.73 1092.76 681.95 397.22 615.56
6923523998019_camera1-24.jpg 110 1285.94 985.73 1091.29 686.37 389.3 598.72
6923523998019_camera1-25.jpg 110 1281.76 980.88 1094.87 687.28 373.79 587.19
6923523998019_camera1-29.jpg 110 1267.12 977.47 1078.03 682.92 378.19 589.11
6923523998019_camera1-27.jpg 110 1274.3 977.88 1079.9 675.77 388.8 604.22
6923523998019_camera1-30.jpg 110 1262.43 980.52 1063.82 679.32 397.22 602.4
6923523998019_camera1-31.jpg 110 1255.94 981.89 1066.44 687.73 379.0 588.32
6923523998019_camera1-26.jpg 110 1282.18 983.14 1087.78 681.03 388.8 604.22
6923523998019_camera1-2.jpg 110 1240.06 1005.76 1045.51 709.39 389.1 592.74
6923523998019_camera1-28.jpg 110 1272.96 979.21 1074.35 681.95 397.22 594.51
6923523998019_camera1-32.jpg 110 1254.85 982.09 1060.64 682.95 388.41 598.27
6923523998019_camera1-33.jpg 110 1253.23 984.47 1055.93 684.58 394.59 599.77
6923523998019_camera1-36.jpg 110 1242.91 988.46 1051.83 693.51 382.17 589.9
6923523998019_camera1-35.jpg 110 1243.82 986.4 1049.85 684.35 387.94 604.11
6923523998019_camera1-34.jpg 110 1241.39 987.1 1037.52 689.84 407.74 594.51
6923523998019_camera1-38.jpg 110 1239.18 995.06 1040.02 697.23 398.32 595.66
6923523998019_camera1-37.jpg 110 1238.14 989.09 1043.69 692.82 388.9 592.54
6923523998019_camera1-39.jpg 110 1236.2 994.95 1037.86 694.16 396.68 601.59
6923523998019_camera1-40.jpg 110 1229.56 998.93 1027.0 697.73 405.11 602.4
6923523998019_camera1-7.jpg 110 1254.59 1016.1 1060.33 718.24 388.51 595.72
6923523998019_camera1-6.jpg 110 1251.97 1013.35 1053.63 704.67 396.68 617.35
6923523998019_camera1-9.jpg 110 1269.01 1017.36 1066.45 710.89 405.11 612.93
6923523998019_camera1-4.jpg 110 1237.44 1010.77 1032.26 710.89 410.37 599.77
6923523998019_camera2-11.jpg 110 1286.12 837.34 1100.91 641.62 370.41 391.43
6923523998019_camera1-3.jpg 110 1242.99 1004.52 1048.34 705.16 389.3 598.72
6923523998019_camera1-5.jpg 110 1251.89 1014.07 1053.9 714.97 395.97 598.2
6923523998019_camera1-8.jpg 110 1261.98 1016.36 1068.65 719.42 386.66 593.87
6923523998019_camera2-15.jpg 110 1278.14 823.58 1102.12 638.84 352.04 369.48
6923523998019_camera2-16.jpg 110 1276.55 822.55 1093.98 634.61 365.14 375.88
6923523998019_camera2-19.jpg 110 1269.01 822.69 1084.87 631.97 368.28 381.43
6923523998019_camera2-21.jpg 110 1255.86 817.43 1069.09 626.71 373.54 381.43
6923523998019_camera2-33.jpg 110 1246.5 855.67 1061.95 667.47 369.09 376.4
6923523998019_camera2-31.jpg 110 1235.95 851.75 1058.35 671.77 355.21 359.97
6923523998019_camera2-36.jpg 110 1245.75 863.98 1070.41 687.28 350.68 353.4
6923523998019_camera3-10.jpg 110 1387.47 1238.83 1192.26 936.91 390.42 603.83
6923523998019_camera3-13.jpg 110 1395.59 1236.0 1201.34 941.84 388.51 588.32
6923523998019_camera3-11.jpg 110 1388.57 1235.33 1182.35 930.59 412.44 609.47
6923523998019_camera3-12.jpg 110 1390.78 1238.83 1193.91 936.91 393.73 603.83
6923523998019_camera3-18.jpg 110 1405.19 1229.76 1207.86 932.19 394.67 595.14
6923523998019_camera3-15.jpg 110 1405.0 1231.64 1215.5 938.28 379.0 586.73
6923523998019_camera3-16.jpg 110 1404.01 1230.56 1205.49 930.3 397.04 600.52
6923523998019_camera3-17.jpg 110 1408.23 1229.1 1214.03 934.66 388.41 588.87
6923523998019_camera3-14.jpg 110 1394.92 1236.09 1198.88 932.52 392.08 607.14
6923523998019_camera3-19.jpg 110 1405.79 1226.1 1215.5 935.11 380.58 581.98
6923523998019_camera3-1.jpg 110 1351.79 1235.76 1156.86 933.7 389.87 604.11
6923523998019_camera3-21.jpg 110 1403.38 1225.62 1209.63 935.01 387.49 581.23
6923523998019_camera3-22.jpg 110 1398.77 1225.79 1212.44 934.8 372.65 581.98
6923523998019_camera3-20.jpg 110 1405.38 1221.65 1209.61 931.91 391.54 579.48
6923523998019_camera3-27.jpg 110 1382.51 1223.12 1192.26 930.3 380.5 585.64
6923523998019_camera3-26.jpg 110 1386.12 1220.64 1200.59 932.83 371.07 575.63
6923523998019_camera3-25.jpg 110 1387.9 1223.04 1193.52 930.22 388.77 585.64
6923523998019_camera3-24.jpg 110 1391.75 1222.62 1200.58 931.18 382.35 582.87
6923523998019_camera3-23.jpg 110 1395.99 1224.35 1208.87 937.32 374.24 574.05
6923523998019_camera3-28.jpg 110 1378.59 1219.24 1184.91 928.72 387.36 581.04
6923523998019_camera3-29.jpg 110 1375.33 1220.86 1183.29 926.52 384.08 588.67
6923523998019_camera3-2.jpg 110 1353.19 1238.32 1150.63 934.49 405.11 607.66
6923523998019_camera3-30.jpg 110 1370.23 1221.18 1179.06 931.82 382.35 578.72
6923523998019_camera3-31.jpg 110 1367.8 1223.02 1183.06 934.41 369.48 577.22
6923523998019_camera3-32.jpg 110 1351.87 1221.22 1137.48 929.23 428.78 583.99
6923523998019_camera3-33.jpg 110 1358.34 1223.27 1163.4 929.9 389.87 586.74
6923523998019_camera3-34.jpg 110 1357.14 1219.9 1163.79 921.33 386.7 597.14
6923523998019_camera3-35.jpg 110 1355.91 1226.07 1163.28 933.2 385.27 585.74
6923523998019_camera3-37.jpg 110 1350.29 1229.27 1163.17 939.87 374.24 578.8
6923523998019_camera3-38.jpg 110 1351.9 1230.56 1157.93 933.33 387.94 594.46
6923523998019_camera3-36.jpg 110 1353.18 1225.16 1148.0 921.33 410.37 607.66
6923523998019_camera3-39.jpg 110 1349.62 1232.11 1157.49 933.31 384.25 597.59
6923523998019_camera3-3.jpg 110 1353.18 1237.01 1148.0 931.86 410.37 610.3
6923523998019_camera3-5.jpg 110 1365.78 1236.94 1171.39 936.68 388.77 600.52
6923523998019_camera3-40.jpg 110 1349.24 1230.42 1137.48 923.96 423.52 612.93
6923523998019_camera3-6.jpg 110 1369.47 1239.88 1179.86 944.25 379.22 591.26
6923523998019_camera3-4.jpg 110 1361.53 1237.85 1165.76 940.87 391.53 593.96
6923523998019_camera3-7.jpg 110 1371.61 1239.64 1161.16 926.6 420.89 626.08
6923523998019_camera3-8.jpg 110 1379.91 1240.79 1185.26 936.06 389.3 609.46
6923523998019_camera3-9.jpg 110 1382.91 1239.43 1190.24 941.31 385.34 596.25
