4800009004827_camera0-21.jpg 111 1464.99 1063.38 1266.38 781.91 397.22 562.94
4800009004827_camera0-19.jpg 111 1456.43 1062.43 1260.7 782.43 391.46 560.0
4800009004827_camera0-20.jpg 111 1462.36 1066.01 1258.49 779.28 407.74 573.47
4800009004827_camera0-18.jpg 111 1453.02 1057.42 1244.17 763.88 417.69 587.08
4800009004827_camera0-1.jpg 111 1346.61 1063.38 1148.0 787.17 397.22 552.42
4800009004827_camera0-23.jpg 111 1467.98 1059.31 1272.64 782.29 390.68 554.04
4800009004827_camera0-26.jpg 111 1457.1 1056.8 1263.75 787.17 386.7 539.27
4800009004827_camera0-25.jpg 111 1464.0 1058.38 1270.54 784.05 386.93 548.67
4800009004827_camera0-24.jpg 111 1466.31 1052.86 1271.64 781.91 389.33 541.9
4800009004827_camera0-22.jpg 111 1466.06 1061.98 1269.42 784.47 393.27 555.02
4800009004827_camera0-27.jpg 111 1449.21 1054.17 1250.6 781.91 397.22 544.53
4800009004827_camera0-29.jpg 111 1445.26 1058.13 1253.23 795.07 384.06 526.12
4800009004827_camera0-30.jpg 111 1433.97 1054.6 1244.37 782.95 379.21 543.3
4800009004827_camera0-31.jpg 111 1425.56 1054.23 1235.93 784.12 379.26 540.22
4800009004827_camera0-2.jpg 111 1341.35 1058.12 1142.74 784.54 397.22 547.16
4800009004827_camera0-28.jpg 111 1450.49 1053.29 1259.84 778.99 381.31 548.59
4800009004827_camera0-33.jpg 111 1405.8 1051.55 1216.4 787.17 378.8 528.75
4800009004827_camera0-34.jpg 111 1394.78 1053.88 1208.37 787.09 372.82 533.59
4800009004827_camera0-35.jpg 111 1388.19 1054.67 1199.62 784.29 377.15 540.76
4800009004827_camera0-32.jpg 111 1422.49 1048.19 1233.39 776.06 378.19 544.26
4800009004827_camera0-37.jpg 111 1374.13 1054.49 1187.77 786.74 372.73 535.49
4800009004827_camera0-36.jpg 111 1381.96 1054.64 1194.05 786.65 375.83 535.99
4800009004827_camera0-39.jpg 111 1363.07 1050.33 1169.73 772.74 386.68 555.17
4800009004827_camera0-38.jpg 111 1366.24 1050.2 1172.5 773.72 387.49 552.95
4800009004827_camera0-40.jpg 111 1352.95 1053.26 1160.91 780.39 384.08 545.73
4800009004827_camera0-4.jpg 111 1349.51 1059.63 1160.01 782.12 379.0 555.02
4800009004827_camera1-10.jpg 111 1244.78 1030.16 1044.23 722.05 401.09 616.22
4800009004827_camera0-5.jpg 111 1352.28 1059.22 1159.24 781.34 386.07 555.77
4800009004827_camera0-6.jpg 111 1354.54 1059.81 1158.7 780.71 391.68 558.19
4800009004827_camera0-9.jpg 111 1369.3 1064.47 1173.74 781.85 391.12 565.25
4800009004827_camera1-13.jpg 111 1277.89 1033.43 1078.09 725.79 399.61 615.28
4800009004827_camera0-8.jpg 111 1360.7 1061.97 1167.24 781.29 386.93 561.36
4800009004827_camera0-7.jpg 111 1357.28 1059.86 1158.84 778.29 396.89 563.13
4800009004827_camera1-11.jpg 111 1256.07 1032.92 1054.0 725.57 404.13 614.7
4800009004827_camera1-14.jpg 111 1285.26 1031.97 1086.38 725.79 397.76 612.37
4800009004827_camera1-12.jpg 111 1264.3 1035.12 1060.66 726.12 407.28 618.0
4800009004827_camera1-15.jpg 111 1297.7 1031.05 1098.82 725.79 397.76 610.52
4800009004827_camera1-16.jpg 111 1304.35 1025.25 1102.59 720.18 403.52 610.15
4800009004827_camera1-17.jpg 111 1313.23 1018.48 1112.18 713.54 402.09 609.89
4800009004827_camera1-1.jpg 111 1202.82 981.89 1004.6 682.98 396.44 597.83
4800009004827_camera1-20.jpg 111 1328.09 1004.89 1129.87 702.01 396.44 605.76
4800009004827_camera1-18.jpg 111 1321.07 1014.24 1118.64 708.17 404.86 612.14
4800009004827_camera1-19.jpg 111 1324.31 1011.65 1124.9 706.43 398.81 610.45
4800009004827_camera1-24.jpg 111 1325.3 978.64 1128.88 678.62 392.83 600.04
4800009004827_camera1-22.jpg 111 1334.22 989.38 1131.99 686.04 404.46 606.68
4800009004827_camera1-23.jpg 111 1329.15 986.65 1130.27 685.09 397.76 603.12
4800009004827_camera1-26.jpg 111 1319.01 967.92 1123.67 666.84 390.67 602.16
4800009004827_camera1-27.jpg 111 1311.62 962.44 1116.47 657.75 390.31 609.39
4800009004827_camera1-25.jpg 111 1324.92 974.76 1126.7 675.05 396.44 599.42
4800009004827_camera1-21.jpg 111 1330.18 998.28 1131.19 694.59 397.97 607.37
4800009004827_camera1-28.jpg 111 1305.16 958.24 1111.7 661.7 386.93 593.08
4800009004827_camera1-31.jpg 111 1280.35 952.6 1088.47 653.68 383.75 597.83
4800009004827_camera1-30.jpg 111 1286.93 951.62 1088.94 654.64 395.97 593.96
4800009004827_camera1-35.jpg 111 1238.49 954.14 1044.24 657.6 388.51 593.08
4800009004827_camera1-29.jpg 111 1298.79 954.07 1104.49 656.11 388.59 595.91
4800009004827_camera1-2.jpg 111 1201.9 993.03 1005.49 688.69 392.83 608.67
4800009004827_camera1-33.jpg 111 1259.34 949.61 1067.69 653.3 383.3 592.62
4800009004827_camera1-32.jpg 111 1269.34 949.23 1074.98 652.04 388.72 594.39
4800009004827_camera1-36.jpg 111 1232.46 957.85 1039.79 662.9 385.34 589.9
4800009004827_camera1-34.jpg 111 1250.53 951.5 1056.27 649.94 388.51 603.12
4800009004827_camera1-3.jpg 111 1203.73 997.28 1006.3 693.6 394.86 607.35
4800009004827_camera1-37.jpg 111 1224.6 963.21 1028.22 663.17 392.76 600.08
4800009004827_camera1-40.jpg 111 1204.28 975.55 1010.02 675.84 388.51 599.42
4800009004827_camera1-38.jpg 111 1217.63 965.75 1021.26 662.11 392.74 607.29
4800009004827_camera1-39.jpg 111 1210.75 973.17 1015.7 673.46 390.1 599.42
4800009004827_camera1-9.jpg 111 1236.28 1026.82 1035.81 721.42 400.94 610.79
4800009004827_camera1-7.jpg 111 1220.68 1018.91 1018.86 710.42 403.65 616.99
4800009004827_camera2-12.jpg 111 1320.16 840.75 1137.8 654.43 364.73 372.65
4800009004827_camera2-10.jpg 111 1317.44 857.48 1131.87 670.74 371.14 373.48
4800009004827_camera1-8.jpg 111 1228.54 1022.73 1024.9 710.6 407.28 624.26
4800009004827_camera2-13.jpg 111 1318.58 833.62 1134.63 644.92 367.9 377.41
4800009004827_camera2-11.jpg 111 1317.79 847.9 1136.22 660.78 363.14 374.24
4800009004827_camera2-14.jpg 111 1319.46 825.75 1134.0 633.02 370.92 385.47
4800009004827_camera2-16.jpg 111 1310.08 809.26 1125.68 619.06 368.8 380.41
4800009004827_camera2-15.jpg 111 1313.02 816.97 1129.87 629.06 366.31 375.83
4800009004827_camera2-18.jpg 111 1297.9 797.84 1114.45 605.93 366.91 383.83
4800009004827_camera2-17.jpg 111 1306.23 803.49 1122.06 612.52 368.35 381.94
4800009004827_camera2-19.jpg 111 1289.6 792.94 1105.76 601.4 367.68 383.08
4800009004827_camera2-20.jpg 111 1280.22 788.8 1096.77 595.99 366.91 385.61
4800009004827_camera2-1.jpg 111 1249.73 894.21 1065.07 710.13 369.32 368.16
4800009004827_camera2-21.jpg 111 1271.84 786.54 1088.0 593.32 367.68 386.43
4800009004827_camera2-24.jpg 111 1247.22 785.25 1066.44 591.0 361.55 388.51
4800009004827_camera2-23.jpg 111 1253.2 785.68 1067.52 592.43 371.36 386.5
4800009004827_camera2-25.jpg 111 1234.23 790.18 1050.15 598.44 368.16 383.47
4800009004827_camera2-29.jpg 111 1210.41 814.37 1029.63 627.47 361.55 373.79
4800009004827_camera2-27.jpg 111 1220.2 798.44 1036.75 606.53 366.91 383.83
4800009004827_camera2-26.jpg 111 1227.77 794.83 1045.63 606.57 364.27 376.51
4800009004827_camera2-2.jpg 111 1259.48 894.51 1073.35 709.28 372.26 370.47
4800009004827_camera2-28.jpg 111 1214.19 805.72 1033.61 618.15 361.17 375.15
4800009004827_camera2-32.jpg 111 1201.05 836.05 1016.8 650.02 368.5 372.07
4800009004827_camera2-30.jpg 111 1205.24 820.83 1019.11 632.92 372.26 375.82
4800009004827_camera2-31.jpg 111 1204.97 830.0 1024.19 641.07 361.55 377.86
4800009004827_camera2-36.jpg 111 1213.12 868.74 1030.99 683.2 364.27 371.07
4800009004827_camera2-33.jpg 111 1200.79 843.66 1016.82 657.79 367.93 371.75
4800009004827_camera2-35.jpg 111 1206.33 859.9 1022.83 677.77 366.99 364.27
4800009004827_camera2-37.jpg 111 1216.89 874.88 1031.66 690.98 370.47 367.8
4800009004827_camera2-4.jpg 111 1277.53 892.61 1094.78 710.36 365.49 364.49
4800009004827_camera2-3.jpg 111 1268.38 894.45 1082.7 708.77 371.36 371.36
4800009004827_camera2-39.jpg 111 1232.84 886.4 1050.02 702.23 365.63 368.35
4800009004827_camera2-38.jpg 111 1224.37 881.38 1040.01 698.01 368.71 366.74
4800009004827_camera2-40.jpg 111 1241.66 887.77 1058.17 703.59 366.99 368.35
4800009004827_camera2-5.jpg 111 1286.74 891.37 1100.87 705.88 371.75 370.98
4800009004827_camera2-7.jpg 111 1301.47 880.29 1117.98 696.8 366.99 366.99
4800009004827_camera2-9.jpg 111 1311.51 863.13 1128.5 678.34 366.02 369.58
4800009004827_camera2-6.jpg 111 1296.03 885.73 1109.82 702.23 372.43 366.99
4800009004827_camera2-8.jpg 111 1306.32 872.93 1121.53 689.03 369.58 367.8
4800009004827_camera3-12.jpg 111 1388.47 1241.85 1192.74 933.3 391.46 617.09
4800009004827_camera3-13.jpg 111 1397.74 1243.22 1199.8 934.32 395.88 617.79
4800009004827_camera3-15.jpg 111 1415.46 1237.59 1216.66 929.7 397.59 615.78
4800009004827_camera3-16.jpg 111 1423.13 1238.44 1228.08 934.66 390.1 607.57
4800009004827_camera3-14.jpg 111 1408.21 1240.75 1207.6 934.07 401.22 613.35
4800009004827_camera3-17.jpg 111 1429.05 1236.41 1235.72 931.15 386.66 610.52
4800009004827_camera3-19.jpg 111 1436.95 1231.05 1241.9 928.17 390.1 605.76
4800009004827_camera3-18.jpg 111 1431.86 1233.17 1233.06 928.92 397.59 608.5
4800009004827_camera3-20.jpg 111 1439.38 1228.66 1244.26 927.73 390.23 601.86
4800009004827_camera3-21.jpg 111 1441.52 1226.84 1251.23 927.13 380.58 599.42
4800009004827_camera3-22.jpg 111 1437.99 1223.17 1240.01 924.78 395.97 596.78
4800009004827_camera3-1.jpg 111 1316.2 1223.72 1126.7 924.01 379.0 599.42
4800009004827_camera3-25.jpg 111 1427.25 1215.14 1232.96 922.15 388.58 585.99
4800009004827_camera3-23.jpg 111 1436.78 1220.18 1246.49 922.85 380.58 594.66
4800009004827_camera3-24.jpg 111 1431.21 1218.84 1238.78 923.26 384.87 591.15
4800009004827_camera3-27.jpg 111 1414.92 1209.46 1224.71 919.56 380.42 579.81
4800009004827_camera3-26.jpg 111 1421.57 1211.72 1231.28 918.81 380.58 585.83
4800009004827_camera3-28.jpg 111 1408.18 1209.46 1215.45 915.51 385.47 587.9
4800009004827_camera3-2.jpg 111 1316.62 1226.89 1123.88 926.33 385.47 601.12
4800009004827_camera3-29.jpg 111 1398.39 1207.68 1206.27 914.95 384.25 585.47
4800009004827_camera3-30.jpg 111 1388.54 1208.04 1203.65 914.2 369.77 587.67
4800009004827_camera3-31.jpg 111 1380.76 1208.89 1191.66 918.49 378.19 580.8
4800009004827_camera3-32.jpg 111 1369.64 1207.58 1182.79 917.12 373.71 580.92
4800009004827_camera3-36.jpg 111 1337.56 1212.48 1148.69 919.14 377.73 586.68
4800009004827_camera3-33.jpg 111 1362.6 1207.83 1172.9 916.91 379.4 581.83
4800009004827_camera3-35.jpg 111 1344.53 1212.74 1159.29 921.47 370.49 582.53
4800009004827_camera3-38.jpg 111 1324.11 1215.69 1134.48 920.61 379.26 590.17
4800009004827_camera3-37.jpg 111 1332.09 1215.31 1142.48 920.48 379.21 589.66
4800009004827_camera3-34.jpg 111 1353.82 1209.85 1161.08 918.32 385.47 583.05
4800009004827_camera3-3.jpg 111 1319.05 1233.19 1128.76 931.9 380.58 602.59
4800009004827_camera3-4.jpg 111 1323.57 1231.43 1133.28 929.34 380.58 604.18
4800009004827_camera3-5.jpg 111 1327.94 1232.4 1131.37 927.65 393.14 609.51
4800009004827_camera3-8.jpg 111 1350.88 1241.18 1154.78 933.15 392.21 616.07
