038900004095_camera0-17.jpg 112 1404.48 1192.28 1197.98 1052.86 413.0 278.84
038900004095_camera0-19.jpg 112 1423.7 1192.57 1230.96 1052.49 385.49 280.15
038900004095_camera0-20.jpg 112 1426.85 1190.96 1226.92 1047.6 399.85 286.73
038900004095_camera0-16.jpg 112 1399.22 1196.22 1197.98 1050.23 402.48 291.99
038900004095_camera0-21.jpg 112 1433.42 1190.96 1234.81 1047.6 397.22 286.73
038900004095_camera0-33.jpg 112 1424.21 1189.65 1232.18 1052.86 384.06 273.58
038900004095_camera0-3.jpg 112 1374.63 1190.46 1184.56 1056.5 380.14 267.93
038900004095_camera0-31.jpg 112 1433.41 1188.34 1242.7 1047.6 381.43 281.47
038900004095_camera0-32.jpg 112 1428.15 1188.34 1237.44 1050.23 381.43 276.21
038900004095_camera0-5.jpg 112 1367.65 1188.34 1176.94 1050.23 381.43 276.21
038900004095_camera0-7.jpg 112 1365.03 1200.18 1166.42 1063.39 397.22 273.58
038900004095_camera0-6.jpg 112 1365.03 1194.91 1171.68 1055.49 386.7 278.84
038900004095_camera0-4.jpg 112 1368.97 1187.02 1169.05 1047.6 399.85 278.84
038900004095_camera1-1.jpg 112 1234.81 1067.33 1050.67 868.72 368.28 397.22
038900004095_camera1-22.jpg 112 1296.66 1102.25 1112.32 895.19 368.69 414.11
038900004095_camera1-21.jpg 112 1290.05 1102.85 1105.91 892.4 368.28 420.89
038900004095_camera1-24.jpg 112 1297.95 1088.38 1113.81 889.77 368.28 397.22
038900004095_camera1-2.jpg 112 1229.56 1073.9 1034.89 863.46 389.33 420.89
038900004095_camera1-23.jpg 112 1297.43 1098.25 1113.65 892.72 367.55 411.06
038900004095_camera1-35.jpg 112 1269.01 1063.38 1084.87 858.2 368.28 410.37
038900004095_camera1-40.jpg 112 1241.38 1062.07 1055.93 858.2 370.91 407.74
038900004095_camera1-39.jpg 112 1240.07 1060.76 1058.56 863.46 363.02 394.59
038900004095_camera1-6.jpg 112 1228.24 1092.33 1045.41 889.77 365.65 405.11
038900004095_camera1-5.jpg 112 1224.42 1084.67 1040.25 882.15 368.35 405.05
038900004095_camera2-10.jpg 112 1285.76 887.08 1122.98 720.81 325.55 332.54
038900004095_camera2-11.jpg 112 1294.0 888.45 1126.96 716.15 334.08 344.61
038900004095_camera2-14.jpg 112 1295.31 868.72 1129.59 697.73 331.45 341.98
038900004095_camera2-13.jpg 112 1299.49 873.85 1136.38 707.34 326.21 333.01
038900004095_camera2-16.jpg 112 1300.58 855.57 1129.59 681.95 341.98 347.24
038900004095_camera2-15.jpg 112 1304.52 864.78 1134.85 687.21 339.34 355.13
038900004095_camera2-12.jpg 112 1294.41 879.79 1130.72 713.77 327.38 332.04
038900004095_camera2-19.jpg 112 1295.32 842.42 1132.22 676.69 326.19 331.45
038900004095_camera2-4.jpg 112 1256.5 888.75 1089.96 722.65 333.08 332.19
038900004095_camera2-8.jpg 112 1278.21 892.4 1108.54 721.41 339.35 341.98
038900004095_camera2-5.jpg 112 1263.75 893.71 1095.39 724.04 336.71 339.35
038900004095_camera2-7.jpg 112 1272.25 892.52 1109.82 728.06 324.86 328.93
038900004095_camera3-11.jpg 112 1358.51 1359.18 1163.03 1180.62 390.96 357.12
038900004095_camera2-6.jpg 112 1266.83 891.93 1099.97 725.84 333.72 332.18
038900004095_camera3-13.jpg 112 1371.61 1361.96 1166.42 1184.39 410.37 355.13
038900004095_camera3-10.jpg 112 1351.77 1358.74 1161.48 1182.04 380.58 353.4
038900004095_camera3-12.jpg 112 1360.63 1361.7 1166.16 1183.03 388.94 357.34
038900004095_camera2-9.jpg 112 1281.77 888.44 1118.66 723.01 326.21 330.87
038900004095_camera3-1.jpg 112 1342.41 1346.22 1157.16 1176.46 370.49 339.53
038900004095_camera3-19.jpg 112 1405.81 1351.43 1211.14 1165.98 389.33 370.91
038900004095_camera3-21.jpg 112 1415.88 1354.5 1222.37 1179.32 387.01 350.37
038900004095_camera3-22.jpg 112 1416.33 1350.12 1213.77 1176.5 405.11 347.24
038900004095_camera3-20.jpg 112 1409.13 1359.14 1216.91 1183.97 384.45 350.34
038900004095_camera3-23.jpg 112 1413.69 1347.49 1224.29 1176.5 378.8 341.98
038900004095_camera3-25.jpg 112 1420.62 1346.56 1227.5 1173.28 386.25 346.56
038900004095_camera3-24.jpg 112 1417.49 1350.87 1228.17 1181.94 378.64 337.86
038900004095_camera3-26.jpg 112 1415.01 1346.17 1219.03 1171.24 391.96 349.87
038900004095_camera3-28.jpg 112 1407.12 1339.6 1208.51 1165.98 397.22 347.24
038900004095_camera3-30.jpg 112 1402.2 1340.41 1214.67 1171.64 375.05 337.54
038900004095_camera3-33.jpg 112 1383.8 1337.31 1197.39 1171.29 372.82 332.04
038900004095_camera3-27.jpg 112 1411.07 1355.38 1213.77 1173.87 394.59 363.02
038900004095_camera3-29.jpg 112 1399.22 1342.23 1208.51 1171.24 381.43 341.98
038900004095_camera3-35.jpg 112 1376.37 1336.97 1190.54 1169.21 371.65 335.53
038900004095_camera3-37.jpg 112 1363.71 1338.29 1169.05 1160.72 389.33 355.13
038900004095_camera3-2.jpg 112 1341.28 1347.2 1151.08 1176.13 380.41 342.14
038900004095_camera3-31.jpg 112 1399.22 1338.29 1208.51 1165.98 381.43 344.61
038900004095_camera3-36.jpg 112 1370.29 1336.97 1176.94 1160.72 386.7 352.5
038900004095_camera3-32.jpg 112 1392.86 1338.08 1207.32 1169.53 371.07 337.09
038900004095_camera3-39.jpg 112 1352.44 1341.3 1165.13 1171.71 374.61 339.18
038900004095_camera3-3.jpg 112 1343.98 1346.17 1150.63 1171.24 386.7 349.87
038900004095_camera3-40.jpg 112 1349.24 1340.91 1153.26 1168.61 391.96 344.61
038900004095_camera3-5.jpg 112 1337.22 1352.14 1149.64 1180.88 375.15 342.52
038900004095_camera3-4.jpg 112 1337.4 1348.8 1142.74 1168.61 389.33 360.39
038900004095_camera3-7.jpg 112 1337.62 1355.86 1147.41 1180.58 380.41 350.55
038900004095_camera3-38.jpg 112 1349.24 1338.28 1150.63 1163.35 397.22 349.87
038900004095_camera3-8.jpg 112 1342.8 1357.13 1147.76 1182.58 390.07 349.1
038900004095_camera3-9.jpg 112 1345.29 1354.07 1155.89 1179.13 378.8 349.87
038900004095_camera3-6.jpg 112 1338.72 1358.01 1145.37 1181.76 386.7 352.5
