6926892567084_camera0-10.jpg 113 1387.38 1076.03 1239.37 823.49 296.01 505.07
6926892567084_camera0-11.jpg 113 1389.81 1077.16 1231.63 818.75 316.36 516.83
6926892567084_camera0-15.jpg 113 1399.24 1076.98 1249.38 826.43 299.71 501.1
6926892567084_camera0-16.jpg 113 1403.41 1075.59 1252.76 823.45 301.3 504.27
6926892567084_camera0-12.jpg 113 1386.41 1078.29 1232.92 819.87 306.97 516.83
6926892567084_camera0-13.jpg 113 1392.39 1073.94 1243.33 819.43 298.12 509.03
6926892567084_camera0-14.jpg 113 1395.97 1074.55 1246.12 822.42 299.71 504.27
6926892567084_camera0-18.jpg 113 1408.33 1079.86 1251.71 823.01 313.23 513.7
6926892567084_camera0-17.jpg 113 1404.25 1074.55 1255.19 822.42 298.12 504.27
6926892567084_camera0-20.jpg 113 1415.73 1078.45 1261.03 823.57 309.41 509.76
6926892567084_camera0-19.jpg 113 1411.48 1075.56 1262.55 825.8 297.86 499.52
6926892567084_camera0-22.jpg 113 1420.2 1077.81 1268.64 829.07 303.11 497.48
6926892567084_camera0-24.jpg 113 1420.27 1067.34 1253.23 805.59 334.08 523.49
6926892567084_camera0-1.jpg 113 1397.87 1075.45 1251.98 828.87 291.78 493.17
6926892567084_camera0-26.jpg 113 1428.16 1067.33 1266.38 813.48 323.56 507.7
6926892567084_camera0-23.jpg 113 1422.72 1075.08 1261.16 817.63 323.12 514.9
6926892567084_camera0-25.jpg 113 1426.01 1075.54 1276.15 825.78 299.71 499.52
6926892567084_camera0-21.jpg 113 1413.69 1076.54 1253.23 810.85 320.93 531.38
6926892567084_camera0-27.jpg 113 1429.58 1078.16 1273.86 821.76 311.44 512.8
6926892567084_camera0-30.jpg 113 1427.27 1074.23 1278.21 826.06 298.12 496.34
6926892567084_camera0-28.jpg 113 1426.85 1069.96 1276.9 813.48 299.89 512.96
6926892567084_camera0-29.jpg 113 1429.73 1074.49 1271.55 819.2 316.36 510.57
6926892567084_camera0-2.jpg 113 1392.88 1077.31 1245.8 831.25 294.16 492.12
6926892567084_camera0-32.jpg 113 1426.85 1068.65 1266.38 802.96 320.93 531.38
6926892567084_camera0-31.jpg 113 1426.93 1073.87 1281.84 825.7 290.19 496.34
6926892567084_camera0-37.jpg 113 1411.54 1072.23 1255.82 821.2 311.44 502.06
6926892567084_camera0-35.jpg 113 1415.59 1073.26 1264.08 821.39 303.02 503.75
6926892567084_camera0-36.jpg 113 1412.27 1073.59 1264.8 827.0 294.95 493.17
6926892567084_camera0-39.jpg 113 1405.24 1074.04 1259.35 825.87 291.78 496.34
6926892567084_camera0-33.jpg 113 1416.32 1068.64 1255.86 810.85 320.93 515.59
6926892567084_camera0-38.jpg 113 1405.79 1071.28 1245.33 808.22 320.93 526.12
6926892567084_camera0-34.jpg 113 1420.07 1072.37 1272.06 826.31 296.01 492.12
6926892567084_camera0-3.jpg 113 1394.68 1079.69 1244.33 823.29 300.7 512.8
6926892567084_camera0-40.jpg 113 1397.9 1077.86 1229.55 816.11 336.71 523.49
6926892567084_camera0-8.jpg 113 1385.07 1076.02 1238.95 827.28 292.23 497.48
6926892567084_camera0-6.jpg 113 1384.84 1075.98 1231.8 821.69 306.07 508.58
6926892567084_camera0-4.jpg 113 1389.43 1074.99 1239.58 826.16 299.71 497.67
6926892567084_camera0-7.jpg 113 1382.12 1066.02 1226.92 797.7 310.41 536.64
6926892567084_camera0-5.jpg 113 1384.75 1071.28 1224.29 808.22 320.93 526.12
6926892567084_camera1-10.jpg 113 1248.58 1013.4 1088.83 754.99 319.5 516.83
6926892567084_camera1-11.jpg 113 1247.6 1011.38 1094.57 756.87 306.05 509.03
6926892567084_camera0-9.jpg 113 1380.81 1075.22 1221.66 805.59 318.3 539.27
6926892567084_camera1-12.jpg 113 1246.46 1011.62 1094.76 755.39 303.41 512.47
6926892567084_camera1-16.jpg 113 1257.17 1009.46 1095.39 742.45 323.56 534.01
6926892567084_camera1-15.jpg 113 1261.33 1020.28 1100.01 763.43 322.63 513.7
6926892567084_camera1-17.jpg 113 1265.94 1019.8 1114.24 766.34 303.41 506.92
6926892567084_camera1-14.jpg 113 1263.75 1012.09 1100.65 742.45 326.19 539.27
6926892567084_camera1-13.jpg 113 1250.6 1017.36 1090.13 752.98 320.93 528.75
6926892567084_camera1-18.jpg 113 1271.41 1020.15 1119.18 767.22 304.47 505.86
6926892567084_camera1-19.jpg 113 1278.22 1027.88 1113.81 755.61 328.82 544.53
6926892567084_camera1-21.jpg 113 1277.86 1017.13 1123.38 765.52 308.96 503.22
6926892567084_camera1-24.jpg 113 1285.73 1011.36 1131.05 754.94 309.36 512.84
6926892567084_camera1-23.jpg 113 1284.07 1019.95 1128.35 763.55 311.44 512.8
6926892567084_camera1-20.jpg 113 1278.84 1019.67 1125.81 766.74 306.05 505.86
6926892567084_camera1-1.jpg 113 1244.02 1004.2 1076.98 745.09 334.08 518.22
6926892567084_camera1-28.jpg 113 1286.28 1003.77 1132.84 748.04 306.88 511.47
6926892567084_camera1-25.jpg 113 1280.85 1017.36 1119.07 755.61 323.56 523.49
6926892567084_camera1-22.jpg 113 1281.7 1015.16 1129.46 764.61 304.47 501.1
6926892567084_camera1-26.jpg 113 1290.14 1010.53 1134.77 755.76 310.74 509.54
6926892567084_camera1-29.jpg 113 1290.06 998.93 1119.07 731.93 341.98 534.01
6926892567084_camera1-2.jpg 113 1246.05 995.89 1093.82 746.13 304.47 499.52
6926892567084_camera1-31.jpg 113 1281.94 996.94 1127.38 741.7 309.12 510.48
6926892567084_camera1-27.jpg 113 1288.75 1010.26 1129.0 753.86 319.5 512.8
6926892567084_camera1-30.jpg 113 1284.08 994.81 1131.05 738.39 306.05 512.84
6926892567084_camera1-32.jpg 113 1279.53 1000.25 1113.81 721.41 331.45 557.68
6926892567084_camera1-33.jpg 113 1276.56 993.78 1126.7 740.06 299.71 507.44
6926892567084_camera1-38.jpg 113 1265.05 990.27 1107.75 732.6 314.6 515.33
6926892567084_camera1-35.jpg 113 1269.0 994.99 1108.54 726.67 320.93 536.64
6926892567084_camera1-39.jpg 113 1260.24 990.15 1107.61 736.69 305.26 506.92
6926892567084_camera1-37.jpg 113 1269.01 993.67 1105.91 731.93 326.19 523.49
6926892567084_camera1-34.jpg 113 1274.67 989.71 1124.48 736.21 300.39 506.99
6926892567084_camera1-36.jpg 113 1263.75 992.36 1105.91 724.04 315.67 536.64
6926892567084_camera1-3.jpg 113 1248.03 1000.22 1085.15 744.08 325.75 512.27
6926892567084_camera1-6.jpg 113 1242.86 1007.71 1083.89 751.91 317.93 511.61
6926892567084_camera1-5.jpg 113 1244.25 998.59 1092.81 747.24 302.88 502.69
6926892567084_camera1-40.jpg 113 1250.57 992.2 1098.1 736.46 304.95 511.47
6926892567084_camera1-7.jpg 113 1242.7 1006.83 1079.61 747.72 326.19 518.22
6926892567084_camera1-4.jpg 113 1243.55 997.3 1089.69 743.36 307.71 507.88
6926892567084_camera1-8.jpg 113 1241.39 1004.2 1079.61 747.72 323.56 512.96
6926892567084_camera2-11.jpg 113 1278.13 856.57 1135.41 713.85 285.44 285.44
6926892567084_camera1-9.jpg 113 1245.2 1008.05 1086.38 751.63 317.63 512.84
6926892567084_camera2-10.jpg 113 1278.22 862.15 1126.96 710.89 302.52 302.52
6926892567084_camera2-12.jpg 113 1279.11 854.2 1136.01 706.96 286.2 294.47
6926892567084_camera2-13.jpg 113 1278.8 849.39 1138.8 710.07 280.0 278.64
6926892567084_camera2-15.jpg 113 1287.42 846.36 1124.33 697.73 326.19 297.26
6926892567084_camera2-14.jpg 113 1281.34 852.96 1138.66 699.93 285.36 306.07
6926892567084_camera2-16.jpg 113 1282.42 841.79 1139.32 690.42 286.2 302.74
6926892567084_camera2-17.jpg 113 1276.9 839.79 1121.7 687.21 310.41 305.15
6926892567084_camera2-18.jpg 113 1282.3 833.44 1143.08 693.05 278.45 280.78
6926892567084_camera2-19.jpg 113 1283.48 835.84 1129.59 681.95 307.78 307.78
6926892567084_camera2-1.jpg 113 1247.2 857.27 1103.28 710.51 287.85 293.53
6926892567084_camera2-23.jpg 113 1273.27 825.66 1128.29 675.75 289.96 299.82
6926892567084_camera2-21.jpg 113 1279.53 831.89 1129.59 684.58 299.89 294.63
6926892567084_camera2-20.jpg 113 1280.47 828.21 1139.34 688.67 282.27 279.09
6926892567084_camera2-22.jpg 113 1276.63 826.9 1131.05 682.15 291.16 289.51
6926892567084_camera2-25.jpg 113 1274.28 822.69 1116.44 671.43 315.67 302.52
6926892567084_camera2-24.jpg 113 1271.95 829.04 1127.96 676.17 287.99 305.74
6926892567084_camera2-26.jpg 113 1265.05 823.32 1119.33 670.84 291.44 304.95
6926892567084_camera2-28.jpg 113 1257.35 818.38 1116.96 679.15 280.78 278.45
6926892567084_camera2-2.jpg 113 1249.28 856.89 1095.39 703.0 307.78 307.78
6926892567084_camera2-27.jpg 113 1260.34 819.64 1117.81 675.53 285.05 288.22
6926892567084_camera2-29.jpg 113 1253.84 819.61 1115.78 678.64 276.12 281.94
6926892567084_camera2-30.jpg 113 1257.17 818.75 1098.02 660.91 318.3 315.67
6926892567084_camera2-31.jpg 113 1249.38 830.47 1100.95 679.73 296.87 301.47
6926892567084_camera2-32.jpg 113 1247.68 826.07 1102.92 683.8 289.51 284.55
6926892567084_camera2-33.jpg 113 1243.37 826.29 1104.05 686.97 278.64 278.64
6926892567084_camera2-35.jpg 113 1239.31 832.66 1096.49 691.67 285.63 281.98
6926892567084_camera2-34.jpg 113 1246.57 837.23 1102.93 684.19 287.28 306.07
6926892567084_camera2-38.jpg 113 1242.46 842.84 1101.78 702.16 281.36 281.36
6926892567084_camera2-37.jpg 113 1241.89 839.31 1093.0 693.73 297.78 291.16
6926892567084_camera2-36.jpg 113 1239.88 834.94 1098.52 695.62 282.72 278.64
6926892567084_camera2-3.jpg 113 1249.03 856.96 1105.0 713.54 288.06 286.84
6926892567084_camera2-39.jpg 113 1244.41 848.79 1100.77 703.81 287.28 289.96
6926892567084_camera2-40.jpg 113 1244.83 847.43 1106.19 706.75 277.28 281.36
6926892567084_camera2-4.jpg 113 1253.47 856.67 1104.58 711.92 297.78 289.51
6926892567084_camera2-5.jpg 113 1256.66 860.07 1115.98 719.39 281.36 281.36
6926892567084_camera2-6.jpg 113 1260.58 858.79 1115.94 714.76 289.27 288.06
6926892567084_camera3-10.jpg 113 1358.21 1242.06 1201.6 964.85 313.23 554.42
6926892567084_camera2-8.jpg 113 1270.33 867.41 1119.07 703.0 302.52 328.82
6926892567084_camera2-7.jpg 113 1262.35 860.35 1122.35 721.03 280.0 278.64
6926892567084_camera2-9.jpg 113 1275.59 864.78 1124.33 710.89 302.52 307.78
6926892567084_camera3-13.jpg 113 1370.1 1244.62 1213.76 968.35 312.67 552.55
6926892567084_camera3-12.jpg 113 1363.73 1241.95 1208.33 969.07 310.81 545.77
6926892567084_camera3-11.jpg 113 1361.36 1245.09 1202.54 968.58 317.63 553.02
6926892567084_camera3-14.jpg 113 1373.11 1241.69 1221.45 963.96 303.31 555.46
6926892567084_camera3-15.jpg 113 1378.18 1246.21 1208.51 960.79 339.34 570.84
6926892567084_camera3-17.jpg 113 1385.31 1244.31 1233.87 974.73 302.88 539.16
6926892567084_camera3-16.jpg 113 1380.69 1241.9 1219.13 962.12 323.12 559.56
6926892567084_camera3-18.jpg 113 1391.34 1242.26 1213.77 968.68 355.13 547.16
6926892567084_camera3-20.jpg 113 1393.26 1244.26 1241.02 977.06 304.47 534.4
6926892567084_camera3-19.jpg 113 1388.57 1243.21 1232.26 964.75 312.62 556.93
6926892567084_camera3-21.jpg 113 1396.59 1237.0 1234.81 958.16 323.56 557.68
6926892567084_camera3-1.jpg 113 1362.3 1235.34 1205.99 964.75 312.62 541.17
6926892567084_camera3-22.jpg 113 1395.67 1245.43 1245.03 980.61 301.29 529.65
6926892567084_camera3-25.jpg 113 1395.28 1231.74 1226.92 942.38 336.71 578.73
6926892567084_camera3-23.jpg 113 1397.76 1245.84 1242.77 975.25 309.99 541.17
6926892567084_camera3-24.jpg 113 1401.97 1243.07 1252.46 978.7 299.03 528.74
6926892567084_camera3-30.jpg 113 1395.28 1238.32 1226.92 958.16 336.71 560.31
6926892567084_camera3-28.jpg 113 1396.45 1239.27 1237.52 962.12 317.87 554.3
6926892567084_camera3-26.jpg 113 1399.22 1230.42 1240.07 955.53 318.3 549.79
6926892567084_camera3-29.jpg 113 1396.27 1232.33 1248.0 965.13 296.54 534.4
6926892567084_camera3-27.jpg 113 1403.16 1235.68 1247.96 960.79 310.41 549.79
6926892567084_camera3-2.jpg 113 1353.11 1234.01 1195.49 962.12 315.24 543.79
6926892567084_camera3-31.jpg 113 1395.14 1230.08 1237.52 954.24 315.24 551.68
6926892567084_camera3-35.jpg 113 1380.91 1230.84 1233.44 963.75 294.95 534.18
6926892567084_camera3-33.jpg 113 1384.75 1227.8 1224.29 950.27 320.93 555.05
6926892567084_camera3-32.jpg 113 1387.26 1234.01 1229.64 959.49 315.24 549.05
6926892567084_camera3-34.jpg 113 1383.76 1232.02 1230.27 957.94 306.97 548.15
6926892567084_camera3-36.jpg 113 1379.49 1225.16 1219.03 952.9 320.93 544.53
6926892567084_camera3-39.jpg 113 1368.87 1234.01 1211.25 962.12 315.24 543.79
6926892567084_camera3-37.jpg 113 1375.3 1230.45 1227.83 961.67 294.95 537.57
6926892567084_camera3-38.jpg 113 1371.61 1230.42 1219.03 952.9 305.15 555.05
6926892567084_camera3-3.jpg 113 1358.36 1235.33 1203.37 959.49 309.99 551.68
6926892567084_camera3-6.jpg 113 1351.87 1235.68 1195.35 960.79 313.04 549.79
6926892567084_camera3-40.jpg 113 1362.3 1237.96 1208.62 962.12 307.36 551.68
6926892567084_camera3-5.jpg 113 1358.07 1238.1 1202.45 963.11 311.23 549.98
6926892567084_camera3-4.jpg 113 1356.47 1239.39 1208.2 974.57 296.54 529.65
6926892567084_camera3-7.jpg 113 1357.04 1239.27 1198.11 962.12 317.87 554.3
6926892567084_camera3-9.jpg 113 1350.56 1238.32 1192.72 963.42 315.67 549.79
6926892567084_camera3-8.jpg 113 1356.31 1239.88 1199.69 964.24 313.23 551.29
