6926892565080_camera0-10.jpg 114 1386.07 1068.65 1216.4 805.59 339.34 526.12
6926892565080_camera0-12.jpg 114 1401.36 1076.53 1238.87 815.39 324.97 522.27
6926892565080_camera0-11.jpg 114 1390.01 1075.22 1224.29 805.59 331.45 539.27
6926892565080_camera0-13.jpg 114 1399.36 1072.81 1237.53 818.25 323.65 509.11
6926892565080_camera0-14.jpg 114 1408.74 1080.43 1253.69 822.02 310.1 516.83
6926892565080_camera0-15.jpg 114 1411.2 1077.65 1257.94 821.51 306.52 512.29
6926892565080_camera0-18.jpg 114 1432.11 1072.59 1261.12 813.48 341.98 518.22
6926892565080_camera0-16.jpg 114 1419.54 1077.51 1259.66 813.18 319.76 528.66
6926892565080_camera0-17.jpg 114 1421.08 1074.1 1268.35 815.91 305.46 516.38
6926892565080_camera0-1.jpg 114 1372.92 1068.64 1211.14 810.85 323.56 515.59
6926892565080_camera0-19.jpg 114 1435.82 1073.38 1280.49 816.23 310.66 514.3
6926892565080_camera0-20.jpg 114 1436.62 1078.74 1279.48 811.97 314.27 533.54
6926892565080_camera0-21.jpg 114 1434.74 1075.22 1266.38 810.85 336.71 528.75
6926892565080_camera0-22.jpg 114 1437.56 1071.82 1279.98 815.45 315.16 512.74
6926892565080_camera0-23.jpg 114 1440.17 1073.63 1284.86 814.17 310.62 518.92
6926892565080_camera0-25.jpg 114 1436.05 1063.38 1279.53 805.59 313.04 515.59
6926892565080_camera0-24.jpg 114 1444.31 1071.82 1289.76 814.84 309.1 513.95
6926892565080_camera0-31.jpg 114 1420.36 1072.78 1260.48 816.97 319.76 511.61
6926892565080_camera0-27.jpg 114 1436.52 1069.97 1273.9 814.17 325.24 511.61
6926892565080_camera0-26.jpg 114 1439.65 1067.58 1285.51 810.2 308.29 514.76
6926892565080_camera0-28.jpg 114 1431.77 1069.8 1279.74 818.79 304.05 502.03
6926892565080_camera0-29.jpg 114 1432.87 1067.99 1273.9 814.17 317.93 507.65
6926892565080_camera0-30.jpg 114 1426.05 1068.5 1275.13 813.34 301.83 510.32
6926892565080_camera0-37.jpg 114 1400.53 1068.64 1240.07 810.85 320.93 515.59
6926892565080_camera0-32.jpg 114 1418.18 1070.99 1267.01 822.15 302.35 497.68
6926892565080_camera0-35.jpg 114 1400.49 1067.32 1247.76 814.58 305.46 505.47
6926892565080_camera0-33.jpg 114 1412.51 1071.62 1261.19 822.73 302.64 497.79
6926892565080_camera0-2.jpg 114 1379.5 1068.65 1211.14 805.59 336.71 526.12
6926892565080_camera0-36.jpg 114 1400.49 1071.36 1248.58 820.77 303.83 501.17
6926892565080_camera0-34.jpg 114 1409.62 1069.93 1257.49 817.2 304.25 505.47
6926892565080_camera0-38.jpg 114 1385.66 1066.73 1227.92 810.93 315.49 511.61
6926892565080_camera0-39.jpg 114 1385.08 1066.46 1231.64 809.79 306.88 513.35
6926892565080_camera0-3.jpg 114 1376.87 1067.34 1216.4 805.59 320.93 523.49
6926892565080_camera0-40.jpg 114 1380.81 1068.65 1213.77 808.22 334.08 520.86
6926892565080_camera0-5.jpg 114 1375.99 1074.45 1223.96 815.66 304.05 517.59
6926892565080_camera0-6.jpg 114 1376.46 1076.68 1222.32 817.89 308.29 517.59
6926892565080_camera0-4.jpg 114 1376.4 1073.4 1221.55 819.56 309.71 507.69
6926892565080_camera0-9.jpg 114 1378.18 1072.6 1213.77 795.07 328.82 555.05
6926892565080_camera0-7.jpg 114 1374.49 1077.03 1217.36 813.91 314.27 526.23
6926892565080_camera1-13.jpg 114 1271.79 1027.09 1113.61 769.5 316.37 515.17
6926892565080_camera1-12.jpg 114 1264.76 1027.95 1105.8 770.32 317.93 515.26
6926892565080_camera1-14.jpg 114 1274.27 1030.51 1100.65 768.76 347.24 523.49
6926892565080_camera0-8.jpg 114 1380.65 1076.85 1222.26 820.88 316.78 511.93
6926892565080_camera1-10.jpg 114 1251.72 1021.23 1091.97 761.25 319.5 519.96
6926892565080_camera1-11.jpg 114 1256.39 1027.57 1098.83 771.84 315.13 511.46
6926892565080_camera1-15.jpg 114 1271.63 1031.82 1103.28 768.76 336.71 526.12
6926892565080_camera1-16.jpg 114 1280.85 1025.24 1116.44 766.13 328.82 518.22
6926892565080_camera1-17.jpg 114 1287.64 1025.66 1132.59 768.81 310.1 513.7
6926892565080_camera1-18.jpg 114 1292.69 1018.66 1121.7 760.87 341.98 515.59
6926892565080_camera1-19.jpg 114 1300.39 1022.98 1142.65 765.05 315.49 515.87
6926892565080_camera1-1.jpg 114 1233.7 993.49 1076.57 739.51 314.27 507.96
6926892565080_camera1-20.jpg 114 1296.63 1014.73 1134.85 752.98 323.56 523.49
6926892565080_camera1-21.jpg 114 1300.46 1010.74 1148.43 754.77 304.05 511.93
6926892565080_camera1-24.jpg 114 1302.53 1001.67 1146.91 739.47 311.23 524.4
6926892565080_camera1-22.jpg 114 1304.96 1009.93 1146.0 754.13 317.93 511.61
6926892565080_camera1-23.jpg 114 1300.57 1000.25 1140.11 734.56 320.93 531.38
6926892565080_camera1-25.jpg 114 1304.66 999.54 1146.91 735.21 315.49 528.66
6926892565080_camera1-27.jpg 114 1292.69 992.36 1121.7 726.67 341.98 531.38
6926892565080_camera1-26.jpg 114 1300.95 992.74 1147.01 736.37 307.89 512.74
6926892565080_camera1-29.jpg 114 1290.05 987.09 1129.59 731.93 320.93 510.33
6926892565080_camera1-28.jpg 114 1290.09 986.28 1133.72 728.69 312.74 515.17
6926892565080_camera1-2.jpg 114 1227.92 995.28 1065.91 739.47 324.02 511.61
6926892565080_camera1-30.jpg 114 1281.38 979.42 1131.08 724.26 300.61 510.32
6926892565080_camera1-31.jpg 114 1276.59 981.19 1117.01 720.06 319.16 522.27
6926892565080_camera1-32.jpg 114 1272.98 983.5 1123.28 727.73 299.4 511.53
6926892565080_camera1-33.jpg 114 1267.89 984.1 1111.21 720.06 313.36 528.07
6926892565080_camera1-36.jpg 114 1249.85 982.99 1101.79 733.11 296.11 499.75
6926892565080_camera1-34.jpg 114 1259.81 978.23 1107.08 721.25 305.46 513.95
6926892565080_camera1-35.jpg 114 1253.38 984.1 1093.8 725.86 319.16 516.47
6926892565080_camera1-38.jpg 114 1239.45 986.62 1089.32 734.15 300.27 504.95
6926892565080_camera1-3.jpg 114 1233.13 1007.27 1073.25 745.07 319.76 524.4
6926892565080_camera1-37.jpg 114 1247.7 984.34 1094.97 734.03 305.46 500.62
6926892565080_camera1-39.jpg 114 1238.92 989.45 1083.16 737.93 311.52 503.04
6926892565080_camera1-40.jpg 114 1241.78 995.93 1082.61 742.26 318.34 507.35
6926892565080_camera1-6.jpg 114 1236.11 1010.7 1083.38 755.44 305.46 510.52
6926892565080_camera1-4.jpg 114 1230.76 998.95 1073.18 741.37 315.16 515.17
6926892565080_camera1-7.jpg 114 1238.45 1013.67 1083.9 758.51 309.1 510.32
6926892565080_camera1-5.jpg 114 1230.05 1010.71 1069.26 749.43 321.58 522.57
6926892565080_camera1-8.jpg 114 1240.4 1016.81 1087.15 758.1 306.5 517.42
6926892565080_camera1-9.jpg 114 1243.88 1020.56 1085.7 765.28 316.36 510.57
6926892565080_camera2-10.jpg 114 1298.27 856.73 1151.18 709.64 294.18 294.18
6926892565080_camera2-13.jpg 114 1295.68 837.27 1156.97 695.29 277.42 283.96
6926892565080_camera2-14.jpg 114 1295.76 836.01 1151.18 688.92 289.15 294.18
6926892565080_camera2-11.jpg 114 1295.79 848.41 1150.81 702.09 289.96 292.65
6926892565080_camera2-12.jpg 114 1298.7 843.81 1151.48 698.16 294.44 291.3
6926892565080_camera2-16.jpg 114 1289.41 817.69 1146.92 670.3 284.98 294.78
6926892565080_camera2-15.jpg 114 1294.0 830.23 1146.91 676.74 294.18 306.97
6926892565080_camera2-1.jpg 114 1252.38 871.24 1107.4 723.57 289.96 295.33
6926892565080_camera2-18.jpg 114 1287.74 814.06 1145.22 673.1 285.04 281.91
6926892565080_camera2-20.jpg 114 1277.56 811.82 1131.38 663.82 292.35 296.0
6926892565080_camera2-17.jpg 114 1292.62 818.04 1147.76 672.58 289.71 290.92
6926892565080_camera2-19.jpg 114 1280.45 810.17 1136.81 668.35 287.28 283.64
6926892565080_camera2-22.jpg 114 1270.24 808.16 1124.07 660.16 292.35 296.0
6926892565080_camera2-21.jpg 114 1274.28 809.53 1126.96 650.38 294.63 318.3
6926892565080_camera2-23.jpg 114 1264.25 807.8 1120.16 663.71 288.17 288.17
6926892565080_camera2-24.jpg 114 1251.91 814.79 1105.91 647.75 291.99 334.08
6926892565080_camera2-26.jpg 114 1246.5 813.65 1102.15 663.82 288.69 299.66
6926892565080_camera2-25.jpg 114 1254.61 806.96 1108.54 660.9 292.13 292.13
6926892565080_camera2-27.jpg 114 1245.17 811.55 1100.75 669.73 288.84 283.64
6926892565080_camera2-2.jpg 114 1255.35 871.49 1110.69 729.89 289.31 283.2
6926892565080_camera2-28.jpg 114 1240.23 817.71 1096.14 667.36 288.17 300.7
6926892565080_camera2-31.jpg 114 1230.86 831.89 1084.87 679.32 291.99 305.15
6926892565080_camera2-34.jpg 114 1229.56 845.05 1076.98 692.47 305.15 305.15
6926892565080_camera2-32.jpg 114 1230.04 835.58 1083.87 689.4 292.35 292.35
6926892565080_camera2-33.jpg 114 1231.8 839.76 1089.12 697.08 285.36 285.36
6926892565080_camera2-30.jpg 114 1237.44 827.95 1087.5 671.43 299.89 313.04
6926892565080_camera2-29.jpg 114 1235.59 820.33 1091.5 668.42 288.17 303.83
6926892565080_camera2-35.jpg 114 1230.91 848.42 1085.93 699.41 289.96 298.02
6926892565080_camera2-39.jpg 114 1248.05 863.26 1098.83 714.04 298.44 298.44
6926892565080_camera2-36.jpg 114 1232.18 856.89 1079.61 703.0 305.15 307.78
6926892565080_camera2-38.jpg 114 1242.22 863.73 1098.13 718.08 288.17 291.3
6926892565080_camera2-37.jpg 114 1241.39 860.84 1092.76 700.37 297.26 320.93
6926892565080_camera2-7.jpg 114 1278.26 870.88 1134.17 725.23 288.17 291.3
6926892565080_camera2-3.jpg 114 1262.43 873.99 1105.91 718.78 313.04 310.41
6926892565080_camera2-5.jpg 114 1275.84 875.12 1129.66 725.29 292.35 299.66
6926892565080_camera2-6.jpg 114 1279.54 871.36 1126.96 713.52 305.15 315.67
6926892565080_camera2-40.jpg 114 1249.12 867.1 1104.14 723.27 289.96 287.66
6926892565080_camera2-9.jpg 114 1288.19 859.75 1141.87 714.77 292.65 289.96
6926892565080_camera2-4.jpg 114 1266.92 872.75 1124.07 726.46 285.71 292.58
6926892565080_camera3-10.jpg 114 1370.52 1247.8 1211.44 970.77 318.15 554.05
6926892565080_camera2-8.jpg 114 1287.29 864.91 1144.99 721.27 284.59 287.28
6926892565080_camera3-11.jpg 114 1372.83 1244.67 1216.21 965.9 313.23 557.55
6926892565080_camera3-13.jpg 114 1387.3 1244.77 1228.34 965.21 317.93 559.12
6926892565080_camera3-17.jpg 114 1406.71 1244.59 1250.1 970.51 313.23 548.15
6926892565080_camera3-12.jpg 114 1381.34 1247.37 1223.16 967.03 316.36 560.68
6926892565080_camera3-15.jpg 114 1394.31 1246.17 1235.14 970.12 318.34 552.11
6926892565080_camera3-14.jpg 114 1392.15 1246.74 1237.36 970.83 309.58 551.81
6926892565080_camera3-16.jpg 114 1402.24 1246.53 1244.06 974.02 316.36 545.02
6926892565080_camera3-18.jpg 114 1407.87 1248.17 1248.12 972.53 319.5 551.29
6926892565080_camera3-1.jpg 114 1345.76 1236.45 1188.01 957.19 315.49 558.51
6926892565080_camera3-20.jpg 114 1412.99 1242.09 1259.5 968.01 306.97 548.15
6926892565080_camera3-23.jpg 114 1411.91 1236.84 1254.78 960.93 314.27 551.81
6926892565080_camera3-25.jpg 114 1411.6 1234.69 1256.29 958.79 310.62 551.81
6926892565080_camera3-21.jpg 114 1412.03 1240.0 1255.41 967.49 313.23 545.02
6926892565080_camera3-19.jpg 114 1413.47 1240.56 1257.75 968.05 311.44 545.02
6926892565080_camera3-22.jpg 114 1417.37 1237.3 1260.75 961.65 313.23 551.29
6926892565080_camera3-24.jpg 114 1414.07 1232.56 1257.45 960.05 313.23 545.02
6926892565080_camera3-26.jpg 114 1408.61 1232.41 1253.56 956.77 310.1 551.29
6926892565080_camera3-27.jpg 114 1407.89 1230.59 1252.84 959.64 310.1 541.89
6926892565080_camera3-2.jpg 114 1343.21 1239.91 1190.17 963.37 306.07 553.08
6926892565080_camera3-28.jpg 114 1402.57 1229.93 1247.23 958.71 310.67 542.45
6926892565080_camera3-29.jpg 114 1397.64 1226.92 1244.16 952.85 306.97 548.15
6926892565080_camera3-31.jpg 114 1378.58 1229.54 1226.66 958.59 303.83 541.89
6926892565080_camera3-30.jpg 114 1390.82 1229.42 1237.34 956.91 306.97 545.02
6926892565080_camera3-32.jpg 114 1376.53 1227.42 1227.6 961.01 297.86 532.82
6926892565080_camera3-34.jpg 114 1370.52 1228.12 1217.48 959.63 306.07 536.97
6926892565080_camera3-33.jpg 114 1373.21 1229.1 1220.17 956.59 306.07 545.02
6926892565080_camera3-35.jpg 114 1362.92 1229.54 1214.13 958.59 297.57 541.89
6926892565080_camera3-36.jpg 114 1358.22 1234.23 1204.73 961.72 306.97 545.02
6926892565080_camera3-37.jpg 114 1355.73 1231.06 1198.66 961.23 314.13 539.65
6926892565080_camera3-38.jpg 114 1352.27 1235.97 1192.39 963.11 319.76 545.72
6926892565080_camera3-39.jpg 114 1347.87 1233.43 1196.17 963.61 303.39 539.65
6926892565080_camera3-3.jpg 114 1343.08 1239.66 1184.26 965.04 317.63 549.24
6926892565080_camera3-5.jpg 114 1347.3 1241.09 1197.44 967.28 299.71 547.62
6926892565080_camera3-40.jpg 114 1348.56 1236.93 1196.64 965.99 303.83 541.89
6926892565080_camera3-4.jpg 114 1346.22 1239.87 1196.03 969.38 300.39 540.97
6926892565080_camera3-6.jpg 114 1350.54 1241.83 1199.1 966.7 302.88 550.26
6926892565080_camera3-8.jpg 114 1357.61 1246.43 1199.51 966.94 316.2 558.97
6926892565080_camera3-7.jpg 114 1353.97 1242.12 1204.12 969.23 299.71 545.77
6926892565080_camera3-9.jpg 114 1360.66 1245.41 1209.11 971.53 303.11 547.77
