6926892501033_camera0-10.jpg 115 1433.28 1081.42 1274.32 820.14 317.93 522.57
6926892501033_camera0-11.jpg 115 1432.81 1077.31 1282.03 824.77 301.56 505.07
6926892501033_camera0-12.jpg 115 1436.66 1076.51 1279.69 823.37 313.95 506.28
6926892501033_camera0-14.jpg 115 1429.48 1068.64 1266.38 818.74 326.19 499.81
6926892501033_camera0-15.jpg 115 1427.82 1077.72 1276.12 827.96 303.41 499.52
6926892501033_camera0-13.jpg 115 1434.69 1076.07 1279.38 820.26 310.62 511.61
6926892501033_camera0-16.jpg 115 1431.14 1075.98 1271.14 824.46 320.01 503.04
6926892501033_camera0-17.jpg 115 1423.24 1075.46 1274.18 825.7 298.12 499.52
6926892501033_camera0-18.jpg 115 1425.56 1072.99 1268.49 820.61 314.13 504.75
6926892501033_camera0-19.jpg 115 1417.75 1072.53 1264.19 827.39 307.11 490.27
6926892501033_camera0-22.jpg 115 1406.09 1068.35 1247.7 817.33 316.78 502.03
6926892501033_camera0-20.jpg 115 1415.94 1068.2 1260.54 816.75 310.81 502.91
6926892501033_camera0-21.jpg 115 1413.12 1068.72 1261.8 817.0 302.63 503.45
6926892501033_camera0-28.jpg 115 1389.16 1068.56 1235.02 816.13 308.29 504.86
6926892501033_camera0-27.jpg 115 1392.97 1068.06 1243.12 816.45 299.71 503.22
6926892501033_camera0-29.jpg 115 1387.13 1067.24 1234.4 817.64 305.46 499.21
6926892501033_camera0-30.jpg 115 1385.01 1065.26 1231.57 809.3 306.88 511.93
6926892501033_camera0-31.jpg 115 1380.42 1072.29 1231.36 820.94 298.12 502.69
6926892501033_camera0-33.jpg 115 1384.32 1074.15 1231.59 820.81 305.46 506.68
6926892501033_camera0-32.jpg 115 1381.47 1071.14 1234.39 819.53 294.16 503.22
6926892501033_camera0-35.jpg 115 1385.85 1072.02 1230.09 816.86 311.52 510.32
6926892501033_camera0-34.jpg 115 1383.72 1074.54 1235.72 823.85 296.01 501.37
6926892501033_camera0-36.jpg 115 1388.17 1074.31 1239.11 823.76 298.12 501.1
6926892501033_camera0-6.jpg 115 1421.16 1079.54 1265.04 828.98 312.25 501.11
6926892501033_camera0-7.jpg 115 1422.88 1075.28 1265.81 820.22 314.13 510.12
6926892501033_camera1-11.jpg 115 1289.89 1008.62 1136.45 754.78 306.88 507.69
6926892501033_camera0-8.jpg 115 1425.62 1080.22 1272.59 825.7 306.05 509.03
6926892501033_camera0-9.jpg 115 1426.2 1077.03 1277.63 826.47 297.14 501.11
6926892501033_camera1-13.jpg 115 1293.39 1003.34 1138.84 750.6 309.1 505.47
6926892501033_camera1-10.jpg 115 1291.85 1012.09 1137.52 758.48 308.65 507.22
6926892501033_camera1-12.jpg 115 1294.0 1007.58 1142.48 754.24 303.04 506.68
6926892501033_camera1-15.jpg 115 1290.71 997.12 1136.89 748.16 307.64 497.93
6926892501033_camera1-19.jpg 115 1276.95 992.23 1117.07 732.16 319.76 520.14
6926892501033_camera1-18.jpg 115 1280.06 990.61 1123.09 740.9 313.95 499.41
6926892501033_camera1-14.jpg 115 1288.96 1000.22 1136.62 745.89 304.69 508.66
6926892501033_camera1-16.jpg 115 1287.76 991.29 1129.84 741.42 315.85 499.75
6926892501033_camera1-17.jpg 115 1283.51 988.56 1124.55 736.41 317.93 504.3
6926892501033_camera1-1.jpg 115 1261.62 1023.57 1106.22 769.06 310.81 509.03
6926892501033_camera1-21.jpg 115 1271.72 987.32 1119.11 732.42 305.23 509.81
6926892501033_camera1-22.jpg 115 1266.19 985.77 1114.49 731.39 303.41 508.77
6926892501033_camera1-23.jpg 115 1259.87 984.69 1102.89 728.93 313.95 511.53
6926892501033_camera1-20.jpg 115 1275.76 987.45 1121.94 738.48 307.64 497.93
6926892501033_camera1-25.jpg 115 1253.39 989.39 1098.84 732.42 309.1 513.95
6926892501033_camera1-27.jpg 115 1247.75 989.42 1093.27 735.04 308.96 508.77
6926892501033_camera1-28.jpg 115 1244.3 991.21 1090.36 736.05 307.89 510.32
6926892501033_camera1-2.jpg 115 1265.46 1019.16 1112.43 763.85 306.05 510.62
6926892501033_camera1-24.jpg 115 1258.78 988.17 1107.34 736.04 302.88 504.27
6926892501033_camera1-26.jpg 115 1245.88 992.62 1091.03 735.94 309.71 513.35
6926892501033_camera1-30.jpg 115 1239.97 997.02 1087.24 742.46 305.46 509.11
6926892501033_camera1-31.jpg 115 1244.93 1002.89 1086.75 750.74 316.36 504.3
6926892501033_camera1-32.jpg 115 1239.68 1004.74 1087.05 753.13 305.26 503.22
6926892501033_camera1-29.jpg 115 1240.72 994.89 1086.58 742.46 308.29 504.86
6926892501033_camera1-33.jpg 115 1241.67 1011.23 1090.23 759.09 302.88 504.27
6926892501033_camera1-3.jpg 115 1272.7 1020.91 1119.45 765.32 306.5 511.18
6926892501033_camera1-34.jpg 115 1242.32 1015.42 1085.7 758.57 313.23 513.7
6926892501033_camera1-35.jpg 115 1244.84 1014.39 1093.4 762.26 302.88 504.27
6926892501033_camera1-37.jpg 115 1247.93 1019.7 1093.99 766.36 307.89 506.68
6926892501033_camera1-36.jpg 115 1247.57 1016.44 1094.65 764.98 305.83 502.91
6926892501033_camera1-38.jpg 115 1254.46 1019.57 1099.31 766.23 310.31 506.68
6926892501033_camera1-39.jpg 115 1262.43 1016.03 1103.28 760.87 318.3 510.33
6926892501033_camera1-5.jpg 115 1279.98 1020.72 1122.41 762.79 315.13 515.86
6926892501033_camera1-6.jpg 115 1284.99 1014.81 1130.38 761.88 309.22 505.86
6926892501033_camera1-40.jpg 115 1258.49 1030.51 1100.65 766.13 315.67 528.75
6926892501033_camera1-4.jpg 115 1272.79 1020.31 1117.03 766.36 311.52 507.89
6926892501033_camera1-8.jpg 115 1290.04 1011.23 1134.63 757.51 310.81 507.44
6926892501033_camera1-7.jpg 115 1287.33 1014.24 1131.57 757.87 311.52 512.74
6926892501033_camera1-9.jpg 115 1292.68 1010.78 1126.96 747.72 331.45 526.12
6926892501033_camera2-18.jpg 115 1245.97 830.57 1098.89 680.67 294.15 299.81
6926892501033_camera2-15.jpg 115 1249.28 825.32 1098.02 671.43 302.52 307.78
6926892501033_camera2-20.jpg 115 1243.09 831.82 1093.99 682.72 298.19 298.19
6926892501033_camera2-23.jpg 115 1238.76 843.73 1090.13 689.84 297.26 307.78
6926892501033_camera2-19.jpg 115 1240.76 831.41 1094.43 685.09 292.65 292.65
6926892501033_camera2-1.jpg 115 1285.47 845.38 1142.09 699.22 286.76 292.31
6926892501033_camera2-24.jpg 115 1238.76 847.67 1090.13 695.1 297.26 305.15
6926892501033_camera2-22.jpg 115 1237.63 836.66 1090.36 686.36 294.55 300.61
6926892501033_camera2-26.jpg 115 1243.12 850.67 1100.67 705.44 284.91 290.46
6926892501033_camera2-25.jpg 115 1242.05 850.52 1095.55 706.1 293.0 288.84
6926892501033_camera3-10.jpg 115 1403.15 1236.41 1250.52 970.0 305.26 532.82
6926892501033_camera3-11.jpg 115 1409.26 1229.74 1254.4 955.39 309.71 548.7
6926892501033_camera3-13.jpg 115 1406.43 1234.46 1250.16 971.42 312.53 526.08
6926892501033_camera3-14.jpg 115 1398.66 1237.2 1250.39 974.76 296.54 524.89
6926892501033_camera3-16.jpg 115 1394.49 1232.64 1237.36 966.08 314.27 533.12
6926892501033_camera3-15.jpg 115 1395.48 1233.23 1239.92 968.07 311.12 530.32
6926892501033_camera3-12.jpg 115 1402.8 1236.83 1252.51 971.2 300.58 531.26
6926892501033_camera3-17.jpg 115 1395.04 1230.41 1239.48 965.25 311.12 530.32
6926892501033_camera3-18.jpg 115 1387.13 1230.37 1236.48 967.92 301.3 524.89
6926892501033_camera3-1.jpg 115 1376.29 1245.3 1219.22 968.76 314.13 553.08
6926892501033_camera3-20.jpg 115 1380.62 1223.01 1223.65 959.97 313.95 526.08
6926892501033_camera3-22.jpg 115 1374.19 1228.41 1225.13 962.8 298.12 531.23
6926892501033_camera3-21.jpg 115 1375.64 1227.95 1220.79 962.08 309.71 531.73
6926892501033_camera3-23.jpg 115 1371.93 1225.97 1218.44 959.46 306.97 533.03
6926892501033_camera3-26.jpg 115 1359.36 1229.46 1207.8 964.41 303.11 530.1
6926892501033_camera3-25.jpg 115 1362.91 1227.21 1206.65 957.81 312.53 538.8
6926892501033_camera3-19.jpg 115 1383.43 1227.07 1237.54 963.83 291.78 526.47
6926892501033_camera3-27.jpg 115 1357.63 1228.37 1204.19 958.97 306.88 538.8
6926892501033_camera3-28.jpg 115 1355.23 1232.41 1204.59 968.38 301.29 528.06
6926892501033_camera3-24.jpg 115 1365.94 1227.47 1212.0 958.97 307.89 536.99
6926892501033_camera3-2.jpg 115 1385.34 1240.9 1226.24 963.72 318.19 554.36
6926892501033_camera3-29.jpg 115 1353.46 1237.2 1204.4 971.59 298.12 531.23
6926892501033_camera3-30.jpg 115 1352.87 1236.87 1199.38 967.49 306.97 538.76
6926892501033_camera3-33.jpg 115 1356.56 1241.1 1198.88 975.94 315.36 530.32
6926892501033_camera3-31.jpg 115 1353.99 1237.47 1204.13 973.44 299.71 528.06
6926892501033_camera3-38.jpg 115 1372.52 1238.58 1216.9 965.72 311.23 545.72
6926892501033_camera3-34.jpg 115 1357.76 1242.8 1204.42 974.91 306.68 535.77
6926892501033_camera3-32.jpg 115 1353.96 1239.51 1205.81 974.46 296.31 530.1
6926892501033_camera3-36.jpg 115 1362.49 1241.53 1207.94 968.79 309.1 545.47
6926892501033_camera3-35.jpg 115 1360.97 1245.15 1205.92 971.08 310.1 548.15
6926892501033_camera3-3.jpg 115 1389.64 1242.87 1237.41 971.02 304.47 543.69
6926892501033_camera3-39.jpg 115 1376.31 1242.68 1218.63 969.75 315.36 545.87
6926892501033_camera3-37.jpg 115 1366.35 1233.05 1205.88 958.16 320.93 549.79
6926892501033_camera3-40.jpg 115 1377.59 1241.02 1224.56 968.27 306.05 545.5
6926892501033_camera3-6.jpg 115 1397.9 1235.68 1237.44 958.16 320.93 555.05
6926892501033_camera3-5.jpg 115 1394.82 1240.03 1236.43 967.09 316.78 545.87
6926892501033_camera3-4.jpg 115 1391.68 1243.57 1241.03 970.82 301.3 545.5
6926892501033_camera3-7.jpg 115 1402.84 1237.51 1245.87 965.99 313.95 543.05
6926892501033_camera3-9.jpg 115 1404.38 1232.99 1247.24 964.4 314.27 537.19
6926892501033_camera3-8.jpg 115 1403.24 1239.22 1241.41 967.69 323.65 543.05
