6926892568081_camera0-11.jpg 116 1407.19 1077.11 1253.6 820.21 307.19 513.79
6926892568081_camera0-13.jpg 116 1421.59 1079.17 1253.23 810.85 336.71 536.64
6926892568081_camera0-12.jpg 116 1418.07 1076.65 1263.12 818.4 309.9 516.51
6926892568081_camera0-15.jpg 116 1441.31 1073.91 1282.16 800.33 318.3 547.16
6926892568081_camera0-14.jpg 116 1434.54 1072.45 1276.92 807.12 315.24 530.66
6926892568081_camera0-16.jpg 116 1449.0 1075.08 1282.18 809.75 333.63 530.66
6926892568081_camera0-25.jpg 116 1465.19 1068.68 1308.51 809.59 313.36 518.19
6926892568081_camera0-28.jpg 116 1433.23 1064.57 1279.55 809.75 307.36 509.64
6926892568081_camera0-29.jpg 116 1429.29 1070.08 1282.61 825.87 293.37 488.42
6926892568081_camera0-31.jpg 116 1409.75 1064.7 1250.6 802.96 318.3 523.49
6926892568081_camera0-30.jpg 116 1417.52 1068.44 1266.01 817.53 303.02 501.82
6926892568081_camera0-32.jpg 116 1401.8 1066.32 1248.32 821.48 306.97 489.68
6926892568081_camera0-35.jpg 116 1374.82 1069.21 1229.38 825.23 290.87 487.96
6926892568081_camera0-33.jpg 116 1386.64 1067.47 1235.13 817.53 303.02 499.89
6926892568081_camera0-36.jpg 116 1362.39 1071.28 1200.61 813.48 323.56 515.59
6926892568081_camera0-34.jpg 116 1379.92 1068.95 1230.91 820.61 298.02 496.69
6926892568081_camera0-7.jpg 116 1369.51 1078.11 1210.86 809.51 317.3 537.19
6926892568081_camera0-6.jpg 116 1363.7 1073.91 1197.98 808.22 331.45 531.38
6926892568081_camera0-8.jpg 116 1378.68 1074.88 1229.62 815.61 298.12 518.54
6926892568081_camera0-9.jpg 116 1384.76 1080.49 1216.4 808.22 336.71 544.53
6926892568081_camera1-14.jpg 116 1297.94 1048.91 1132.22 779.28 331.45 539.27
6926892568081_camera1-20.jpg 116 1334.67 1007.01 1184.48 754.88 300.39 504.27
6926892568081_camera2-11.jpg 116 1321.02 836.82 1173.37 682.42 295.3 308.81
6926892568081_camera2-12.jpg 116 1323.76 828.59 1173.41 679.81 300.7 297.57
6926892568081_camera2-10.jpg 116 1319.88 837.99 1179.88 700.03 280.0 275.92
6926892568081_camera2-16.jpg 116 1304.52 799.01 1150.63 647.75 307.78 302.52
6926892568081_camera2-14.jpg 116 1314.45 816.21 1171.44 661.19 286.03 310.03
6926892568081_camera2-19.jpg 116 1277.56 788.59 1127.73 631.45 299.66 314.27
6926892568081_camera2-13.jpg 116 1318.06 812.08 1178.51 670.94 279.09 282.27
6926892568081_camera2-15.jpg 116 1313.73 806.9 1163.79 650.38 299.89 313.04
6926892568081_camera2-17.jpg 116 1297.94 789.81 1142.74 634.6 310.41 310.41
6926892568081_camera2-18.jpg 116 1284.14 779.1 1144.82 640.46 278.64 277.28
6926892568081_camera2-21.jpg 116 1256.41 792.18 1110.76 634.0 291.3 316.36
6926892568081_camera2-20.jpg 116 1265.88 785.54 1121.12 627.55 289.51 315.98
6926892568081_camera2-1.jpg 116 1269.01 902.92 1124.33 750.35 289.36 305.15
6926892568081_camera2-24.jpg 116 1229.35 795.33 1082.66 639.96 293.37 310.74
6926892568081_camera2-25.jpg 116 1221.89 789.17 1083.93 651.21 275.92 275.92
6926892568081_camera2-34.jpg 116 1210.04 870.6 1063.36 724.88 293.37 291.44
6926892568081_camera2-2.jpg 116 1274.44 896.82 1126.44 745.17 296.0 303.31
6926892568081_camera2-36.jpg 116 1219.65 886.41 1080.43 746.61 278.45 279.61
6926892568081_camera2-35.jpg 116 1214.87 879.28 1067.22 730.67 295.3 297.23
6926892568081_camera2-37.jpg 116 1228.38 890.87 1080.73 748.04 295.3 285.65
6926892568081_camera2-39.jpg 116 1247.65 897.19 1107.36 756.85 280.58 280.68
6926892568081_camera2-38.jpg 116 1240.71 894.78 1091.49 749.82 298.44 289.91
6926892568081_camera2-3.jpg 116 1287.25 894.57 1139.76 747.08 294.98 294.98
6926892568081_camera2-40.jpg 116 1265.07 892.39 1113.81 734.56 302.52 315.67
6926892568081_camera2-8.jpg 116 1318.89 862.21 1180.25 722.41 277.28 279.61
6926892568081_camera2-4.jpg 116 1293.03 893.76 1148.28 748.04 289.51 291.44
6926892568081_camera2-5.jpg 116 1301.31 887.26 1156.96 741.08 288.69 292.35
6926892568081_camera2-7.jpg 116 1315.23 872.53 1171.44 724.88 287.58 295.3
6926892568081_camera3-11.jpg 116 1395.27 1258.06 1234.81 973.95 320.93 568.21
6926892568081_camera3-13.jpg 116 1415.59 1253.71 1252.34 972.25 326.5 562.93
6926892568081_camera2-9.jpg 116 1325.06 854.37 1175.23 704.54 299.66 299.66
6926892568081_camera3-14.jpg 116 1422.45 1254.64 1266.25 981.1 312.4 547.09
6926892568081_camera3-15.jpg 116 1430.61 1252.41 1266.42 972.63 328.38 559.56
6926892568081_camera3-22.jpg 116 1438.49 1230.08 1282.18 954.24 312.62 551.68
6926892568081_camera3-21.jpg 116 1445.12 1231.81 1286.15 954.08 317.93 555.46
6926892568081_camera3-20.jpg 116 1443.94 1227.8 1279.53 947.64 328.82 560.31
6926892568081_camera3-24.jpg 116 1428.74 1224.56 1279.9 960.19 297.67 528.74
6926892568081_camera3-23.jpg 116 1436.05 1226.48 1279.53 952.9 313.04 547.16
6926892568081_camera3-25.jpg 116 1418.97 1223.33 1265.85 954.24 306.24 538.17
6926892568081_camera3-27.jpg 116 1402.06 1219.72 1253.79 956.48 296.54 526.47
6926892568081_camera3-26.jpg 116 1412.02 1220.62 1265.34 958.97 293.37 523.3
6926892568081_camera3-33.jpg 116 1340.03 1222.53 1184.83 947.64 310.41 549.79
