6926892562003_camera0-10.jpg 117 1397.35 1073.88 1250.66 824.91 293.37 497.93
6926892562003_camera0-11.jpg 117 1393.39 1070.61 1239.45 814.84 307.89 511.53
6926892562003_camera0-12.jpg 117 1395.8 1069.79 1239.18 817.64 313.23 504.3
6926892562003_camera0-15.jpg 117 1378.18 1067.33 1219.03 810.85 318.3 512.96
6926892562003_camera0-13.jpg 117 1387.7 1072.11 1230.73 818.97 313.95 506.28
6926892562003_camera0-1.jpg 117 1429.48 1072.59 1271.64 813.48 315.67 518.22
6926892562003_camera0-17.jpg 117 1390.87 1068.28 1230.36 815.85 321.02 504.86
6926892562003_camera0-16.jpg 117 1383.28 1068.22 1226.66 817.64 313.23 501.17
6926892562003_camera0-14.jpg 117 1386.41 1071.65 1236.22 823.59 300.39 496.12
6926892562003_camera0-19.jpg 117 1386.07 1067.33 1226.92 810.85 318.3 512.96
6926892562003_camera0-18.jpg 117 1384.69 1070.16 1226.51 816.22 316.37 507.89
6926892562003_camera0-20.jpg 117 1386.41 1073.95 1232.92 820.77 306.97 506.36
6926892562003_camera0-21.jpg 117 1386.07 1079.17 1224.29 816.11 323.56 526.12
6926892562003_camera0-24.jpg 117 1399.87 1071.0 1242.89 814.63 313.95 512.74
6926892562003_camera0-23.jpg 117 1395.8 1074.49 1239.18 817.64 313.23 513.7
6926892562003_camera0-22.jpg 117 1387.38 1069.97 1221.66 802.96 331.45 534.01
6926892562003_camera0-25.jpg 117 1399.46 1069.39 1240.67 813.63 317.58 511.53
6926892562003_camera0-28.jpg 117 1411.07 1069.97 1253.23 805.59 315.67 528.75
6926892562003_camera0-2.jpg 117 1428.3 1075.97 1270.55 822.3 315.49 507.35
6926892562003_camera0-27.jpg 117 1416.15 1069.43 1249.28 811.34 333.75 516.18
6926892562003_camera0-29.jpg 117 1411.07 1068.64 1253.23 810.85 315.67 515.59
6926892562003_camera0-26.jpg 117 1403.25 1069.51 1249.31 810.71 307.89 517.59
6926892562003_camera0-31.jpg 117 1422.9 1073.91 1263.75 808.22 318.3 531.38
6926892562003_camera0-30.jpg 117 1419.29 1074.48 1264.24 814.5 310.1 519.96
6926892562003_camera0-32.jpg 117 1428.55 1071.21 1270.97 813.63 315.16 515.17
6926892562003_camera0-33.jpg 117 1434.73 1071.28 1274.27 800.33 320.93 541.9
6926892562003_camera0-34.jpg 117 1429.5 1073.68 1276.77 820.34 305.46 506.68
6926892562003_camera0-35.jpg 117 1434.69 1073.85 1279.08 818.04 311.23 511.61
6926892562003_camera0-36.jpg 117 1434.73 1071.28 1269.01 813.48 331.45 515.59
6926892562003_camera0-39.jpg 117 1426.85 1073.91 1271.64 810.85 310.41 526.12
6926892562003_camera0-38.jpg 117 1432.59 1072.53 1284.1 815.85 296.98 513.35
6926892562003_camera0-37.jpg 117 1438.34 1075.46 1284.86 821.48 306.97 507.96
6926892562003_camera0-40.jpg 117 1431.14 1074.93 1281.53 822.46 299.23 504.95
6926892562003_camera0-5.jpg 117 1416.33 1071.28 1253.23 816.11 326.19 510.33
6926892562003_camera0-4.jpg 117 1420.06 1072.42 1268.54 818.48 303.04 507.89
6926892562003_camera0-3.jpg 117 1424.25 1070.86 1272.63 817.71 303.24 506.29
6926892562003_camera0-8.jpg 117 1403.17 1068.64 1250.6 810.85 305.15 515.59
6926892562003_camera0-7.jpg 117 1409.76 1070.61 1260.06 819.69 299.4 501.83
6926892562003_camera0-6.jpg 117 1414.3 1073.44 1260.81 821.29 306.97 504.3
6926892562003_camera0-9.jpg 117 1397.9 1071.28 1242.7 813.48 310.41 515.59
6926892562003_camera1-11.jpg 117 1247.34 988.79 1095.21 733.63 304.25 510.32
6926892562003_camera1-10.jpg 117 1255.63 990.7 1095.75 737.03 319.76 507.35
6926892562003_camera1-12.jpg 117 1249.75 992.43 1093.99 737.27 311.52 510.32
6926892562003_camera1-14.jpg 117 1244.3 997.27 1090.36 740.9 307.89 512.74
6926892562003_camera1-13.jpg 117 1249.34 992.83 1093.07 737.57 312.53 510.52
6926892562003_camera1-15.jpg 117 1244.97 1001.37 1082.96 745.56 324.02 511.61
6926892562003_camera1-16.jpg 117 1239.97 1004.28 1085.16 750.77 309.62 507.03
6926892562003_camera1-17.jpg 117 1246.65 1009.46 1082.24 752.98 328.82 512.96
6926892562003_camera1-20.jpg 117 1244.67 1015.6 1087.99 757.36 313.36 516.47
6926892562003_camera1-18.jpg 117 1237.44 1013.41 1076.98 747.72 320.93 531.38
6926892562003_camera1-1.jpg 117 1280.57 992.62 1125.71 740.9 309.71 503.45
6926892562003_camera1-24.jpg 117 1261.12 1018.66 1100.65 760.87 320.93 515.59
6926892562003_camera1-22.jpg 117 1247.33 1020.9 1093.99 763.93 306.68 513.95
6926892562003_camera1-19.jpg 117 1244.97 1014.15 1091.49 758.35 306.97 511.61
6926892562003_camera1-21.jpg 117 1246.65 1021.3 1082.24 755.61 328.82 531.38
6926892562003_camera1-25.jpg 117 1262.31 1021.95 1109.06 766.36 306.5 511.18
6926892562003_camera1-27.jpg 117 1271.64 1017.36 1116.44 755.61 310.41 523.49
6926892562003_camera1-23.jpg 117 1254.0 1018.48 1096.42 763.93 315.16 509.11
6926892562003_camera1-28.jpg 117 1272.96 1021.3 1119.07 755.61 307.78 531.38
6926892562003_camera1-26.jpg 117 1269.76 1022.73 1113.39 766.36 312.74 512.74
6926892562003_camera1-29.jpg 117 1276.9 1017.36 1113.81 752.98 326.19 528.75
6926892562003_camera1-2.jpg 117 1283.03 987.75 1124.07 737.43 317.93 500.65
6926892562003_camera1-31.jpg 117 1287.93 1018.48 1132.78 759.08 310.31 518.8
6926892562003_camera1-30.jpg 117 1284.31 1016.07 1129.15 755.45 310.31 521.23
6926892562003_camera1-32.jpg 117 1288.52 1016.98 1127.73 759.35 321.58 515.26
6926892562003_camera1-34.jpg 117 1292.78 1010.61 1138.84 753.02 307.89 515.17
6926892562003_camera1-35.jpg 117 1292.68 1009.47 1137.48 745.09 310.41 528.75
6926892562003_camera1-37.jpg 117 1287.42 1006.84 1132.22 745.09 310.41 523.49
6926892562003_camera1-39.jpg 117 1289.15 1000.3 1135.21 744.54 307.89 511.53
6926892562003_camera1-33.jpg 117 1290.05 1012.1 1124.33 747.72 331.45 528.75
6926892562003_camera1-36.jpg 117 1291.17 1001.11 1135.61 747.97 311.12 506.28
6926892562003_camera1-38.jpg 117 1289.31 997.74 1132.69 745.59 313.23 504.3
6926892562003_camera1-3.jpg 117 1281.27 990.0 1127.93 738.48 306.68 503.04
6926892562003_camera1-40.jpg 117 1287.42 998.93 1134.85 734.56 305.15 528.75
6926892562003_camera1-6.jpg 117 1268.94 983.64 1113.89 729.93 310.1 507.43
6926892562003_camera1-4.jpg 117 1270.62 986.62 1116.33 734.15 308.58 504.95
6926892562003_camera1-5.jpg 117 1266.38 987.1 1108.54 724.04 315.67 526.12
6926892562003_camera1-7.jpg 117 1263.55 985.0 1111.27 729.99 304.55 510.01
6926892562003_camera1-9.jpg 117 1258.49 988.41 1095.39 731.93 326.19 512.96
6926892562003_camera1-8.jpg 117 1262.68 986.77 1107.63 733.06 310.1 507.43
6926892562003_camera2-11.jpg 117 1245.34 855.58 1090.13 708.26 310.41 294.63
6926892562003_camera2-10.jpg 117 1242.05 850.51 1099.71 702.98 284.68 295.07
6926892562003_camera2-16.jpg 117 1262.44 864.78 1113.81 713.52 297.26 302.52
6926892562003_camera2-13.jpg 117 1253.92 860.9 1110.54 717.08 286.76 287.65
6926892562003_camera2-14.jpg 117 1256.41 863.05 1110.76 717.4 291.3 291.3
6926892562003_camera2-15.jpg 117 1256.08 864.03 1110.1 717.53 291.96 293.0
6926892562003_camera2-17.jpg 117 1262.43 862.15 1108.54 708.26 307.78 307.78
6926892562003_camera2-12.jpg 117 1251.4 857.27 1105.94 712.33 290.92 289.88
6926892562003_camera2-19.jpg 117 1271.66 863.5 1127.76 720.64 287.8 285.72
6926892562003_camera2-22.jpg 117 1284.8 858.2 1132.22 705.63 305.15 305.15
6926892562003_camera2-21.jpg 117 1276.86 856.75 1131.92 709.21 289.88 295.07
6926892562003_camera2-25.jpg 117 1287.42 846.37 1137.48 700.37 299.89 291.99
6926892562003_camera2-23.jpg 117 1281.47 852.09 1135.82 708.0 291.3 288.17
6926892562003_camera2-26.jpg 117 1285.69 840.64 1142.31 697.78 286.76 285.72
6926892562003_camera2-24.jpg 117 1284.79 850.32 1129.59 703.0 310.41 294.63
6926892562003_camera2-27.jpg 117 1285.36 837.73 1145.81 695.45 279.1 284.55
6926892562003_camera2-33.jpg 117 1275.21 822.33 1126.42 673.55 297.57 297.57
6926892562003_camera2-32.jpg 117 1282.34 822.04 1138.09 675.14 288.49 293.8
6926892562003_camera2-3.jpg 117 1242.84 828.79 1094.84 682.61 296.0 292.35
6926892562003_camera2-4.jpg 117 1245.69 831.81 1102.83 687.39 285.72 288.84
6926892562003_camera2-6.jpg 117 1242.32 836.43 1098.23 692.34 288.17 288.17
6926892562003_camera2-5.jpg 117 1243.09 836.49 1097.63 691.55 290.92 289.88
6926892562003_camera2-7.jpg 117 1241.53 838.57 1097.63 695.71 287.8 285.72
6926892562003_camera2-8.jpg 117 1238.04 843.4 1091.18 700.88 293.72 285.04
6926892562003_camera2-9.jpg 117 1242.18 850.0 1101.27 705.45 281.83 289.1
6926892562003_camera3-11.jpg 117 1358.46 1230.42 1205.88 955.53 305.15 549.79
6926892562003_camera3-10.jpg 117 1363.29 1224.56 1207.73 955.86 311.12 537.39
6926892562003_camera3-12.jpg 117 1360.73 1230.31 1204.05 960.47 313.36 539.68
6926892562003_camera3-14.jpg 117 1352.69 1228.22 1192.18 955.99 321.02 544.46
6926892562003_camera3-16.jpg 117 1357.83 1239.01 1204.05 972.07 307.56 533.87
6926892562003_camera3-13.jpg 117 1359.77 1227.8 1205.88 950.27 307.78 555.05
6926892562003_camera3-17.jpg 117 1355.21 1236.07 1199.45 967.58 311.52 536.98
6926892562003_camera3-15.jpg 117 1355.5 1229.0 1197.93 962.55 315.13 532.91
6926892562003_camera3-18.jpg 117 1355.46 1242.76 1196.5 972.34 317.93 540.84
6926892562003_camera3-19.jpg 117 1354.5 1237.0 1195.35 958.16 318.3 557.68
6926892562003_camera3-1.jpg 117 1392.74 1227.55 1241.42 959.56 302.64 535.97
6926892562003_camera3-21.jpg 117 1359.76 1240.94 1200.61 963.42 318.3 555.05
6926892562003_camera3-24.jpg 117 1373.43 1239.3 1219.99 963.54 306.88 551.53
6926892562003_camera3-27.jpg 117 1389.0 1239.96 1233.28 967.45 311.44 545.02
6926892562003_camera3-22.jpg 117 1362.39 1239.63 1203.24 958.16 318.3 562.94
6926892562003_camera3-23.jpg 117 1369.79 1238.22 1211.61 967.31 316.37 541.83
6926892562003_camera3-20.jpg 117 1354.5 1238.32 1190.09 963.42 328.82 549.79
6926892562003_camera3-25.jpg 117 1379.45 1237.48 1222.32 965.23 314.27 544.5
6926892562003_camera3-26.jpg 117 1380.55 1235.51 1222.87 959.74 315.36 551.53
6926892562003_camera3-28.jpg 117 1384.75 1233.05 1224.29 952.9 320.93 560.31
6926892562003_camera3-33.jpg 117 1412.32 1235.8 1251.81 962.86 321.02 545.87
6926892562003_camera3-2.jpg 117 1388.7 1231.74 1226.92 958.16 323.56 547.16
6926892562003_camera3-29.jpg 117 1396.54 1240.08 1241.49 962.87 310.1 554.42
6926892562003_camera3-34.jpg 117 1406.15 1238.92 1250.3 967.75 311.7 542.35
6926892562003_camera3-31.jpg 117 1393.96 1237.0 1234.81 963.42 318.3 547.16
6926892562003_camera3-32.jpg 117 1402.98 1237.38 1249.04 967.68 307.89 539.41
6926892562003_camera3-30.jpg 117 1398.32 1239.34 1242.6 964.14 311.44 550.39
6926892562003_camera3-40.jpg 117 1390.82 1233.54 1237.38 966.96 306.88 533.15
6926892562003_camera3-3.jpg 117 1382.12 1230.42 1221.66 952.9 320.93 555.05
6926892562003_camera3-35.jpg 117 1406.29 1238.36 1249.32 968.96 313.95 538.8
6926892562003_camera3-36.jpg 117 1404.92 1233.8 1249.87 964.42 310.1 538.76
6926892562003_camera3-38.jpg 117 1401.85 1237.0 1234.81 958.16 334.08 557.68
6926892562003_camera3-37.jpg 117 1407.2 1234.58 1253.26 969.72 307.89 529.71
6926892562003_camera3-4.jpg 117 1380.81 1229.11 1221.66 955.53 318.3 547.16
6926892562003_camera3-39.jpg 117 1402.06 1235.39 1251.71 969.15 300.7 532.49
6926892562003_camera3-5.jpg 117 1375.22 1226.97 1218.85 961.51 312.74 530.92
6926892562003_camera3-7.jpg 117 1371.08 1227.38 1211.98 959.39 318.19 535.97
6926892562003_camera3-6.jpg 117 1380.58 1231.1 1228.69 959.55 303.77 543.1
6926892562003_camera3-8.jpg 117 1370.12 1230.87 1218.8 959.34 302.64 543.05
6926892562003_camera3-9.jpg 117 1359.76 1227.8 1197.98 952.9 323.56 549.79
