6902131110167_camera0-11.jpg 118 1380.82 1110.74 1158.53 884.51 444.57 452.46
6902131110167_camera0-10.jpg 118 1386.36 1110.61 1166.84 889.73 439.03 441.75
6902131110167_camera0-12.jpg 118 1389.95 1106.27 1164.07 878.37 451.77 455.8
6902131110167_camera0-13.jpg 118 1399.3 1105.36 1172.8 883.53 453.0 443.65
6902131110167_camera0-14.jpg 118 1401.8 1105.09 1178.2 886.93 447.19 436.31
6902131110167_camera0-15.jpg 118 1399.23 1104.15 1171.68 879.24 455.09 449.83
6902131110167_camera0-17.jpg 118 1413.26 1110.42 1207.11 886.04 412.3 448.77
6902131110167_camera0-19.jpg 118 1422.02 1114.43 1231.46 877.44 381.11 473.99
6902131110167_camera0-1.jpg 118 1372.43 1108.99 1227.27 884.57 290.32 448.84
6902131110167_camera0-18.jpg 118 1411.07 1109.41 1205.88 876.61 410.37 465.61
6902131110167_camera0-20.jpg 118 1426.51 1112.28 1262.88 885.3 327.25 453.96
6902131110167_camera0-21.jpg 118 1431.52 1112.56 1289.07 886.85 284.91 451.41
6902131110167_camera0-22.jpg 118 1434.74 1108.1 1300.58 871.35 268.32 473.5
6902131110167_camera0-24.jpg 118 1447.05 1116.04 1282.12 880.64 329.87 470.79
6902131110167_camera0-23.jpg 118 1443.94 1108.1 1300.58 873.98 286.73 468.24
6902131110167_camera0-27.jpg 118 1448.28 1107.29 1245.75 887.09 405.05 440.39
6902131110167_camera0-25.jpg 118 1446.58 1110.73 1271.64 879.24 349.87 462.98
6902131110167_camera0-28.jpg 118 1445.16 1108.67 1233.03 887.94 424.27 441.46
6902131110167_camera0-2.jpg 118 1379.63 1110.01 1259.34 888.45 240.58 443.11
6902131110167_camera0-32.jpg 118 1428.18 1100.23 1209.35 888.19 437.67 424.08
6902131110167_camera0-30.jpg 118 1437.36 1104.15 1200.61 876.61 473.5 455.09
6902131110167_camera0-34.jpg 118 1413.49 1101.16 1194.26 886.49 438.47 429.35
6902131110167_camera0-36.jpg 118 1395.27 1094.95 1184.83 871.35 420.89 447.2
6902131110167_camera0-39.jpg 118 1383.06 1108.95 1213.38 891.7 339.35 434.5
6902131110167_camera0-38.jpg 118 1382.12 1106.79 1192.72 876.61 378.8 460.35
6902131110167_camera0-40.jpg 118 1376.4 1110.12 1222.13 890.61 308.54 439.03
6902131110167_camera0-9.jpg 118 1385.46 1112.51 1163.72 890.24 443.48 444.54
6902131110167_camera0-6.jpg 118 1380.01 1113.39 1192.1 892.18 375.83 442.43
6902131110167_camera1-10.jpg 118 1243.82 1039.48 1014.42 807.88 458.8 463.21
6902131110167_camera1-11.jpg 118 1246.95 1039.7 1020.19 821.66 453.53 436.08
6902131110167_camera1-17.jpg 118 1276.53 1046.78 1075.8 769.27 401.46 555.02
6902131110167_camera1-16.jpg 118 1259.81 1051.55 1042.78 771.39 434.05 560.31
6902131110167_camera1-15.jpg 118 1267.48 1049.1 1046.27 787.78 442.42 522.64
6902131110167_camera1-14.jpg 118 1264.19 1048.78 1036.13 798.9 456.12 499.75
6902131110167_camera1-18.jpg 118 1283.47 1064.7 1098.02 763.5 370.91 602.4
6902131110167_camera1-1.jpg 118 1229.77 1017.57 1101.33 733.72 256.89 567.7
6902131110167_camera1-25.jpg 118 1306.95 1028.28 1121.02 747.99 371.86 560.57
6902131110167_camera1-20.jpg 118 1290.28 1043.83 1140.77 756.59 299.02 574.47
6902131110167_camera1-26.jpg 118 1302.7 1017.35 1092.04 740.98 421.32 552.74
6902131110167_camera1-21.jpg 118 1292.59 1038.69 1161.67 753.23 261.83 570.93
6902131110167_camera1-19.jpg 118 1285.49 1046.05 1115.86 759.43 339.26 573.23
6902131110167_camera1-22.jpg 118 1305.53 1035.89 1169.77 752.85 271.52 566.08
6902131110167_camera1-23.jpg 118 1309.42 1032.62 1156.39 747.97 306.05 569.29
6902131110167_camera1-24.jpg 118 1308.59 1031.07 1136.17 744.06 344.84 574.03
6902131110167_camera1-27.jpg 118 1307.15 1017.36 1076.98 752.98 460.35 528.75
6902131110167_camera1-29.jpg 118 1293.59 1008.88 1071.58 763.08 444.01 491.59
6902131110167_camera1-32.jpg 118 1281.39 999.28 1059.15 781.81 444.47 434.95
6902131110167_camera1-2.jpg 118 1241.39 1021.29 1095.39 724.04 291.99 594.51
6902131110167_camera1-30.jpg 118 1290.05 996.31 1063.82 760.87 452.46 470.87
6902131110167_camera1-36.jpg 118 1249.84 1004.63 1044.64 733.46 410.4 542.35
6902131110167_camera1-33.jpg 118 1272.92 999.24 1049.07 758.73 447.71 481.02
6902131110167_camera1-34.jpg 118 1259.81 1000.25 1032.26 734.56 455.09 531.38
6902131110167_camera1-35.jpg 118 1256.5 1002.6 1042.63 741.4 427.73 522.39
6902131110167_camera1-40.jpg 118 1228.35 1011.18 1086.42 728.92 283.85 564.53
6902131110167_camera1-37.jpg 118 1241.39 1005.51 1045.41 718.78 391.96 573.47
6902131110167_camera1-38.jpg 118 1236.12 1005.51 1053.3 721.41 365.65 568.21
6902131110167_camera1-3.jpg 118 1235.54 1021.96 1079.34 735.73 312.4 572.46
6902131110167_camera1-39.jpg 118 1233.96 1009.35 1075.35 725.85 317.23 567.0
6902131110167_camera1-5.jpg 118 1234.81 1031.82 1042.78 755.61 384.06 552.42
6902131110167_camera1-6.jpg 118 1238.76 1031.82 1024.37 758.24 428.78 547.16
6902131110167_camera1-4.jpg 118 1233.05 1025.06 1058.5 739.34 349.1 571.44
6902131110167_camera1-9.jpg 118 1241.1 1037.81 1012.94 794.03 456.31 487.56
6902131110167_camera2-10.jpg 118 1286.11 870.03 1142.74 650.38 286.73 439.31
6902131110167_camera1-7.jpg 118 1235.37 1033.28 1018.07 768.78 434.59 528.99
6902131110167_camera1-8.jpg 118 1232.18 1035.76 1003.32 776.65 457.72 518.22
6902131110167_camera2-14.jpg 118 1296.05 845.98 1137.61 638.7 316.89 414.56
6902131110167_camera2-13.jpg 118 1296.45 850.59 1157.53 639.72 277.84 421.74
6902131110167_camera2-17.jpg 118 1292.68 834.52 1092.76 637.23 399.85 394.59
6902131110167_camera2-12.jpg 118 1291.38 856.88 1158.53 639.86 265.69 434.05
6902131110167_camera2-19.jpg 118 1290.06 826.63 1069.09 658.28 441.94 336.71
6902131110167_camera2-16.jpg 118 1295.56 834.83 1110.77 638.71 369.58 392.24
6902131110167_camera2-11.jpg 118 1287.42 862.14 1153.26 645.12 268.32 434.05
6902131110167_camera2-18.jpg 118 1287.43 827.94 1069.09 647.75 436.68 360.39
6902131110167_camera2-15.jpg 118 1300.58 839.79 1116.44 631.97 368.28 415.63
6902131110167_camera2-1.jpg 118 1247.5 871.84 1039.98 753.01 415.04 237.66
6902131110167_camera2-20.jpg 118 1274.27 817.43 1055.93 668.8 436.68 297.26
6902131110167_camera2-21.jpg 118 1276.9 818.74 1061.19 687.21 431.42 263.06
6902131110167_camera2-23.jpg 118 1267.69 818.74 1048.04 666.17 439.31 305.15
6902131110167_camera2-22.jpg 118 1274.59 818.48 1067.93 691.2 413.32 254.55
6902131110167_camera2-24.jpg 118 1266.38 812.16 1053.3 639.86 426.15 344.61
6902131110167_camera2-27.jpg 118 1241.38 822.68 1050.67 608.29 381.43 428.78
6902131110167_camera2-25.jpg 118 1259.19 812.07 1052.95 637.52 412.48 349.1
6902131110167_camera2-26.jpg 118 1255.86 813.47 1053.3 603.03 405.11 420.89
6902131110167_camera2-2.jpg 118 1249.29 872.66 1032.26 734.56 434.05 276.21
6902131110167_camera2-31.jpg 118 1230.86 827.95 1111.17 613.56 239.38 428.78
6902131110167_camera2-30.jpg 118 1228.23 826.63 1084.87 608.29 286.73 436.68
6902131110167_camera2-28.jpg 118 1240.07 816.12 1066.45 610.93 347.24 410.37
6902131110167_camera2-32.jpg 118 1237.44 827.95 1113.81 616.19 247.27 423.52
6902131110167_camera2-29.jpg 118 1239.88 818.17 1082.97 611.9 313.82 412.55
6902131110167_camera2-34.jpg 118 1233.49 839.79 1066.45 616.19 334.08 447.2
6902131110167_camera2-35.jpg 118 1228.23 845.05 1053.3 637.23 349.87 415.63
6902131110167_camera2-33.jpg 118 1224.29 841.1 1074.35 631.97 299.89 418.26
6902131110167_camera2-37.jpg 118 1234.77 855.93 1034.88 677.31 399.77 357.24
6902131110167_camera2-36.jpg 118 1233.5 850.31 1034.89 655.65 397.22 389.33
6902131110167_camera2-38.jpg 118 1230.86 863.46 1019.1 695.1 423.52 336.71
6902131110167_camera2-4.jpg 118 1262.35 875.53 1055.97 716.11 412.76 318.84
6902131110167_camera2-8.jpg 118 1278.22 872.67 1105.91 658.28 344.61 428.78
6902131110167_camera2-5.jpg 118 1270.32 880.57 1063.82 703.0 413.0 355.13
6902131110167_camera2-7.jpg 118 1274.78 873.88 1094.19 676.41 361.17 394.95
6902131110167_camera2-3.jpg 118 1253.22 872.67 1042.78 713.52 420.89 318.3
6902131110167_camera2-6.jpg 118 1273.15 874.36 1081.5 685.43 383.3 377.86
6902131110167_camera2-39.jpg 118 1245.34 867.41 1032.26 713.52 426.15 307.78
6902131110167_camera2-40.jpg 118 1245.34 867.41 1027.0 737.19 436.68 260.43
6902131110167_camera3-10.jpg 118 1363.5 1271.82 1135.94 1035.54 455.11 472.56
6902131110167_camera2-9.jpg 118 1287.09 868.99 1134.86 661.71 304.47 414.56
6902131110167_camera3-13.jpg 118 1376.91 1278.55 1151.96 1028.45 449.9 500.2
6902131110167_camera3-14.jpg 118 1380.81 1280.38 1157.16 1022.19 447.29 516.38
6902131110167_camera3-16.jpg 118 1382.13 1277.78 1166.42 1010.77 431.42 534.01
6902131110167_camera3-15.jpg 118 1384.23 1282.04 1172.15 1021.74 424.16 520.6
6902131110167_camera3-20.jpg 118 1406.81 1280.36 1278.37 1015.31 256.89 530.1
6902131110167_camera3-17.jpg 118 1387.38 1280.4 1197.98 1002.88 378.8 555.05
6902131110167_camera3-19.jpg 118 1403.59 1280.38 1253.53 1012.77 300.12 535.23
6902131110167_camera3-21.jpg 118 1421.41 1279.01 1285.49 1014.64 271.85 528.74
6902131110167_camera3-18.jpg 118 1392.64 1285.66 1224.29 1013.4 336.71 544.53
6902131110167_camera3-23.jpg 118 1419.83 1276.17 1237.28 1008.75 365.1 534.84
6902131110167_camera3-26.jpg 118 1416.59 1267.45 1203.3 1017.69 426.57 499.52
6902131110167_camera3-1.jpg 118 1349.25 1271.2 1205.88 1002.88 286.73 536.64
6902131110167_camera3-27.jpg 118 1410.38 1263.89 1188.04 1017.13 444.69 493.52
6902131110167_camera3-22.jpg 118 1422.45 1277.86 1266.14 1014.85 312.62 526.02
6902131110167_camera3-29.jpg 118 1397.91 1254.1 1174.31 1013.4 447.2 481.4
6902131110167_camera3-2.jpg 118 1353.79 1273.92 1192.22 1008.98 323.13 529.89
6902131110167_camera3-33.jpg 118 1377.41 1260.0 1160.96 1017.38 432.91 485.24
6902131110167_camera3-31.jpg 118 1395.28 1248.84 1171.68 1010.77 447.2 476.14
6902131110167_camera3-35.jpg 118 1366.98 1269.75 1154.01 1005.54 425.95 528.43
6902131110167_camera3-36.jpg 118 1357.14 1264.52 1167.39 1008.24 379.51 512.56
6902131110167_camera3-40.jpg 118 1345.3 1273.83 1216.4 1000.25 257.8 547.16
6902131110167_camera3-34.jpg 118 1368.43 1260.77 1153.88 1011.41 429.1 498.72
6902131110167_camera3-4.jpg 118 1347.56 1276.03 1158.82 1013.89 377.48 524.27
6902131110167_camera3-3.jpg 118 1354.5 1269.88 1169.05 997.62 370.91 544.53
6902131110167_camera3-37.jpg 118 1349.25 1272.51 1171.68 1005.51 355.13 534.01
6902131110167_camera3-38.jpg 118 1344.52 1268.24 1187.53 1011.35 313.98 513.79
6902131110167_camera3-39.jpg 118 1341.37 1271.37 1202.05 995.94 278.63 550.85
6902131110167_camera3-6.jpg 118 1352.63 1274.57 1134.75 1016.95 435.77 515.24
6902131110167_camera3-5.jpg 118 1349.24 1269.88 1134.85 1002.88 428.78 534.01
6902131110167_camera3-8.jpg 118 1355.96 1273.73 1130.33 1029.75 451.26 487.96
6902131110167_camera3-7.jpg 118 1350.56 1275.15 1121.7 1016.04 457.72 518.22
6902131110167_camera3-9.jpg 118 1357.7 1272.73 1127.32 1029.39 460.77 486.67
