6916880292012_camera0-16.jpg 119 1416.32 1218.59 1103.28 1089.69 626.08 257.8
6916880292012_camera0-12.jpg 119 1420.07 1212.56 1093.53 1096.93 653.07 231.26
6916880292012_camera0-10.jpg 119 1422.3 1216.96 1113.2 1093.84 618.2 246.24
6916880292012_camera0-15.jpg 119 1407.11 1208.07 1079.61 1081.8 655.01 252.54
6916880292012_camera0-13.jpg 119 1418.14 1214.25 1089.88 1102.8 656.51 222.91
6916880292012_camera0-14.jpg 119 1422.9 1210.69 1084.87 1087.06 676.06 247.27
6916880292012_camera0-11.jpg 119 1421.11 1215.28 1100.49 1092.24 641.23 246.07
6916880292012_camera0-18.jpg 119 1410.29 1217.77 1137.78 1089.35 545.02 256.85
6916880292012_camera0-17.jpg 119 1413.23 1217.61 1128.32 1097.35 569.82 240.51
6916880292012_camera0-1.jpg 119 1367.66 1218.59 1169.05 1076.54 397.22 284.1
6916880292012_camera0-21.jpg 119 1409.96 1219.97 1216.02 1089.66 387.89 260.61
6916880292012_camera0-23.jpg 119 1425.53 1210.7 1250.6 1071.28 349.87 278.84
6916880292012_camera0-19.jpg 119 1410.21 1218.06 1168.27 1095.05 483.88 246.02
6916880292012_camera0-20.jpg 119 1411.06 1221.22 1187.46 1081.8 447.2 278.84
6916880292012_camera0-24.jpg 119 1431.54 1219.57 1247.91 1087.69 367.26 263.75
6916880292012_camera0-22.jpg 119 1415.15 1219.53 1241.31 1084.84 347.69 269.38
6916880292012_camera0-27.jpg 119 1428.45 1215.84 1174.93 1087.52 507.03 256.63
6916880292012_camera0-25.jpg 119 1428.16 1214.64 1208.51 1076.54 439.31 276.21
6916880292012_camera0-26.jpg 119 1432.64 1218.05 1203.61 1089.61 458.06 256.89
6916880292012_camera0-2.jpg 119 1379.79 1223.11 1201.12 1089.11 357.34 268.0
6916880292012_camera0-28.jpg 119 1421.29 1214.67 1145.95 1088.44 550.67 252.47
6916880292012_camera0-30.jpg 119 1411.06 1210.7 1098.02 1081.8 626.08 257.8
6916880292012_camera0-29.jpg 119 1419.5 1215.31 1123.13 1089.11 592.73 252.4
6916880292012_camera0-31.jpg 119 1409.74 1208.07 1082.24 1081.8 655.01 252.54
6916880292012_camera0-32.jpg 119 1401.12 1208.12 1076.44 1093.31 649.37 229.62
6916880292012_camera0-33.jpg 119 1394.78 1207.41 1071.29 1097.2 646.99 220.42
6916880292012_camera0-34.jpg 119 1387.31 1209.75 1062.07 1094.64 650.48 230.22
6916880292012_camera0-35.jpg 119 1383.43 1204.12 1061.19 1084.43 644.49 239.38
6916880292012_camera0-36.jpg 119 1379.08 1213.18 1072.08 1097.62 614.0 231.13
6916880292012_camera0-37.jpg 119 1376.87 1209.38 1071.72 1076.54 610.29 265.69
6916880292012_camera0-38.jpg 119 1371.49 1215.38 1102.99 1088.11 536.99 254.55
6916880292012_camera0-40.jpg 119 1373.4 1221.7 1151.49 1091.95 443.83 259.49
6916880292012_camera0-39.jpg 119 1365.02 1217.28 1105.91 1089.69 518.22 255.17
6916880292012_camera0-3.jpg 119 1394.11 1223.47 1229.64 1092.31 328.93 262.33
6916880292012_camera0-4.jpg 119 1401.92 1221.05 1219.2 1085.84 365.44 270.42
6916880292012_camera0-5.jpg 119 1406.73 1221.8 1202.57 1090.88 408.32 261.83
6916880292012_camera0-6.jpg 119 1413.66 1225.73 1181.09 1085.8 465.14 279.86
6916880292012_camera0-7.jpg 119 1411.06 1218.59 1140.11 1081.8 541.9 273.58
6916880292012_camera0-8.jpg 119 1420.94 1219.88 1144.23 1090.64 553.43 258.48
6916880292012_camera1-10.jpg 119 1270.33 1108.11 955.97 910.81 628.71 394.59
6916880292012_camera0-9.jpg 119 1419.45 1216.08 1119.33 1081.94 600.25 268.28
6916880292012_camera1-11.jpg 119 1271.25 1109.79 957.3 930.99 627.9 357.59
6916880292012_camera1-12.jpg 119 1271.11 1108.71 955.01 935.13 632.2 347.16
6916880292012_camera1-14.jpg 119 1263.75 1100.21 955.97 900.29 615.56 399.85
6916880292012_camera1-17.jpg 119 1267.6 1107.93 1013.08 863.72 509.03 488.42
6916880292012_camera1-13.jpg 119 1270.61 1106.13 960.06 927.46 621.09 357.34
6916880292012_camera1-16.jpg 119 1269.53 1110.1 995.58 881.0 547.89 458.19
6916880292012_camera1-18.jpg 119 1275.59 1116.0 1034.89 850.31 481.4 531.38
6916880292012_camera1-15.jpg 119 1272.41 1106.69 979.95 896.25 584.93 420.89
6916880292012_camera1-1.jpg 119 1240.82 1119.67 1076.68 829.76 328.28 579.82
6916880292012_camera1-19.jpg 119 1269.9 1107.55 1055.07 838.13 429.66 538.84
6916880292012_camera1-20.jpg 119 1272.96 1110.73 1079.61 831.89 386.7 557.68
6916880292012_camera1-23.jpg 119 1281.36 1105.92 1112.08 829.34 338.56 553.17
6916880292012_camera1-21.jpg 119 1272.03 1107.63 1105.96 827.62 332.13 560.02
6916880292012_camera1-24.jpg 119 1279.53 1094.95 1079.61 818.74 399.85 552.42
6916880292012_camera1-22.jpg 119 1274.98 1107.31 1116.16 824.42 317.63 565.78
6916880292012_camera1-25.jpg 119 1280.9 1097.63 1062.86 832.81 436.09 529.65
6916880292012_camera1-26.jpg 119 1278.34 1097.98 1037.15 842.69 482.38 510.57
6916880292012_camera1-29.jpg 119 1262.43 1086.12 965.93 880.94 593.01 410.37
6916880292012_camera1-27.jpg 119 1273.74 1092.6 1010.36 854.67 526.77 475.86
6916880292012_camera1-28.jpg 119 1269.85 1089.74 993.26 867.73 553.17 444.01
6916880292012_camera1-2.jpg 119 1245.08 1120.31 1086.26 835.29 317.63 570.04
6916880292012_camera1-31.jpg 119 1254.74 1082.29 946.7 910.23 616.07 344.11
6916880292012_camera1-33.jpg 119 1247.51 1090.12 938.41 913.15 618.2 353.95
6916880292012_camera1-34.jpg 119 1244.26 1095.51 939.43 901.53 609.67 387.97
6916880292012_camera1-30.jpg 119 1257.22 1085.59 945.92 891.19 622.61 388.8
6916880292012_camera1-32.jpg 119 1251.19 1088.35 942.72 924.67 616.94 327.36
6916880292012_camera1-38.jpg 119 1233.58 1106.61 987.95 846.53 491.25 520.15
6916880292012_camera1-36.jpg 119 1234.91 1103.38 959.58 876.88 550.67 453.0
6916880292012_camera1-37.jpg 119 1232.15 1105.59 977.64 862.17 509.03 486.83
6916880292012_camera1-35.jpg 119 1235.13 1096.42 937.9 885.08 594.46 422.68
6916880292012_camera1-39.jpg 119 1235.86 1113.27 1020.79 843.65 430.14 539.24
6916880292012_camera1-3.jpg 119 1253.57 1120.65 1083.89 843.14 339.35 555.02
6916880292012_camera1-40.jpg 119 1238.03 1113.8 1047.92 834.9 380.22 557.79
6916880292012_camera1-4.jpg 119 1258.94 1123.75 1069.44 848.62 379.0 550.26
6916880292012_camera1-5.jpg 119 1260.91 1123.85 1041.71 852.54 438.4 542.62
6916880292012_camera1-6.jpg 119 1264.78 1121.81 1025.29 863.1 478.97 517.42
6916880292012_camera1-9.jpg 119 1270.22 1113.51 979.23 901.81 581.98 423.4
6916880292012_camera1-7.jpg 119 1266.98 1120.55 1003.53 871.57 526.91 497.96
6916880292012_camera2-11.jpg 119 1280.21 855.98 1124.3 574.38 311.83 563.2
6916880292012_camera2-10.jpg 119 1284.15 861.82 1108.3 577.47 351.71 568.69
6916880292012_camera1-8.jpg 119 1269.19 1117.47 984.17 887.76 570.04 459.43
6916880292012_camera2-12.jpg 119 1278.79 854.22 1137.26 573.01 283.06 562.42
6916880292012_camera2-14.jpg 119 1280.53 850.89 1108.95 574.38 343.16 553.02
6916880292012_camera2-19.jpg 119 1269.3 845.73 1004.35 648.32 529.89 394.82
6916880292012_camera2-13.jpg 119 1279.2 849.75 1126.57 570.39 305.26 558.72
6916880292012_camera2-16.jpg 119 1276.37 847.88 1063.59 597.32 425.56 501.11
6916880292012_camera2-15.jpg 119 1276.99 848.45 1081.91 581.06 390.15 534.79
6916880292012_camera2-17.jpg 119 1270.98 846.01 1037.2 608.6 467.55 474.82
6916880292012_camera2-20.jpg 119 1264.4 846.05 989.67 675.84 549.47 340.41
6916880292012_camera2-1.jpg 119 1276.34 874.93 993.73 727.92 565.21 294.03
6916880292012_camera2-21.jpg 119 1261.38 845.93 978.49 692.07 565.78 307.71
6916880292012_camera2-23.jpg 119 1259.12 848.69 977.64 697.25 562.95 302.88
6916880292012_camera2-18.jpg 119 1272.08 847.6 1016.27 626.51 511.61 442.18
6916880292012_camera2-22.jpg 119 1259.97 849.47 975.66 704.83 568.62 289.27
6916880292012_camera2-24.jpg 119 1251.4 852.08 972.95 680.12 556.9 343.91
6916880292012_camera2-25.jpg 119 1255.26 855.04 989.77 663.56 530.97 382.96
6916880292012_camera2-26.jpg 119 1251.92 855.19 997.89 638.56 508.07 433.26
6916880292012_camera2-27.jpg 119 1249.79 860.55 1011.73 625.62 476.11 469.85
6916880292012_camera2-29.jpg 119 1253.22 856.88 1053.3 587.25 399.85 539.27
6916880292012_camera2-32.jpg 119 1252.64 871.57 1106.23 586.19 292.82 570.75
6916880292012_camera2-28.jpg 119 1252.45 860.45 1033.37 612.42 438.16 496.07
6916880292012_camera2-31.jpg 119 1245.34 867.41 1087.5 576.73 315.67 581.36
6916880292012_camera2-2.jpg 119 1277.6 875.2 994.4 732.99 566.39 284.41
6916880292012_camera2-33.jpg 119 1256.74 874.06 1104.5 595.76 304.47 556.6
6916880292012_camera2-30.jpg 119 1249.84 866.11 1076.85 592.85 345.98 546.51
6916880292012_camera2-34.jpg 119 1261.12 868.72 1084.87 589.88 352.5 557.68
6916880292012_camera2-37.jpg 119 1268.42 875.6 1029.67 638.98 477.5 473.24
6916880292012_camera2-35.jpg 119 1259.8 879.24 1066.45 605.66 386.7 547.16
6916880292012_camera2-36.jpg 119 1265.5 875.41 1052.21 626.44 426.57 497.93
6916880292012_camera2-38.jpg 119 1274.27 880.56 1019.1 660.91 510.33 439.31
6916880292012_camera2-3.jpg 119 1279.45 873.38 997.89 723.76 563.13 299.23
6916880292012_camera2-6.jpg 119 1266.38 860.83 995.43 642.49 541.9 436.68
6916880292012_camera2-39.jpg 119 1272.08 877.14 1005.83 679.81 532.49 394.67
6916880292012_camera2-8.jpg 119 1287.7 857.94 1066.11 604.87 443.19 506.15
6916880292012_camera2-5.jpg 119 1278.22 877.93 1003.32 676.69 549.79 402.48
6916880292012_camera2-40.jpg 119 1275.12 873.06 1003.16 705.6 543.92 334.91
6916880292012_camera2-9.jpg 119 1281.6 858.34 1081.42 594.47 400.35 527.73
6916880292012_camera2-7.jpg 119 1281.81 865.53 1040.92 628.91 481.77 473.24
6916880292012_camera2-4.jpg 119 1276.9 870.04 995.43 695.1 562.94 349.87
6916880292012_camera3-11.jpg 119 1392.2 1308.69 1086.25 1158.86 611.91 299.66
6916880292012_camera3-10.jpg 119 1394.68 1308.2 1076.34 1161.43 636.68 293.53
6916880292012_camera3-12.jpg 119 1387.38 1310.65 1087.5 1142.3 599.77 336.71
6916880292012_camera3-14.jpg 119 1389.21 1314.4 1120.62 1129.86 537.19 369.09
6916880292012_camera3-13.jpg 119 1389.69 1316.24 1108.92 1146.27 561.54 339.95
6916880292012_camera3-15.jpg 119 1384.75 1310.66 1140.11 1121.26 489.29 378.8
6916880292012_camera3-17.jpg 119 1392.44 1318.24 1198.88 1117.24 387.12 402.0
6916880292012_camera3-19.jpg 119 1404.71 1316.14 1240.4 1121.11 328.62 390.07
6916880292012_camera3-16.jpg 119 1391.34 1319.87 1171.68 1121.26 439.31 397.22
6916880292012_camera3-18.jpg 119 1396.88 1316.93 1227.6 1124.53 338.56 384.81
6916880292012_camera3-25.jpg 119 1406.4 1307.31 1115.1 1139.73 582.61 335.16
6916880292012_camera3-1.jpg 119 1401.53 1321.65 1202.18 1123.13 398.7 397.04
6916880292012_camera3-21.jpg 119 1415.01 1310.66 1205.88 1110.74 418.26 399.85
6916880292012_camera3-22.jpg 119 1413.52 1312.12 1188.21 1122.43 450.62 379.38
6916880292012_camera3-24.jpg 119 1410.87 1311.39 1143.53 1140.26 534.67 342.26
6916880292012_camera3-20.jpg 119 1420.27 1321.19 1232.18 1118.63 376.17 405.11
6916880292012_camera3-23.jpg 119 1414.63 1313.56 1161.79 1130.2 505.68 366.71
6916880292012_camera3-27.jpg 119 1393.96 1302.77 1079.61 1152.83 628.71 299.89
6916880292012_camera3-26.jpg 119 1405.15 1304.91 1104.06 1149.51 602.19 310.81
6916880292012_camera3-28.jpg 119 1395.68 1302.51 1074.1 1149.02 643.17 306.97
6916880292012_camera3-29.jpg 119 1389.28 1301.01 1066.68 1157.91 645.19 286.2
6916880292012_camera3-30.jpg 119 1388.55 1300.89 1071.06 1158.85 634.97 284.09
6916880292012_camera3-31.jpg 119 1383.39 1303.65 1068.63 1153.82 629.53 299.66
6916880292012_camera3-2.jpg 119 1405.8 1314.61 1174.31 1121.26 462.98 386.7
6916880292012_camera3-32.jpg 119 1379.32 1305.05 1074.92 1140.44 608.8 329.21
6916880292012_camera3-33.jpg 119 1383.44 1305.4 1082.24 1131.78 602.4 347.24
6916880292012_camera3-34.jpg 119 1372.86 1311.38 1099.09 1133.71 547.55 355.33
6916880292012_camera3-38.jpg 119 1378.36 1323.8 1197.05 1128.64 362.61 390.31
6916880292012_camera3-36.jpg 119 1368.97 1315.92 1134.85 1121.26 468.24 389.33
6916880292012_camera3-35.jpg 119 1372.11 1312.84 1118.99 1124.24 506.23 377.19
6916880292012_camera3-3.jpg 119 1404.8 1317.51 1159.28 1138.72 491.04 357.57
6916880292012_camera3-37.jpg 119 1373.42 1316.25 1171.26 1122.11 404.32 388.29
6916880292012_camera3-39.jpg 119 1382.13 1319.87 1205.88 1116.0 352.5 407.74
6916880292012_camera3-6.jpg 119 1402.85 1311.93 1098.69 1150.28 608.32 323.3
6916880292012_camera3-40.jpg 119 1393.11 1318.37 1226.6 1122.53 333.01 391.68
6916880292012_camera3-4.jpg 119 1399.23 1313.29 1116.44 1126.52 565.57 373.54
6916880292012_camera3-5.jpg 119 1404.48 1315.92 1108.54 1134.41 591.88 363.02
6916880292012_camera3-7.jpg 119 1402.13 1308.38 1087.76 1157.43 628.74 301.9
6916880292012_camera3-8.jpg 119 1405.8 1308.03 1074.35 1163.35 662.91 289.36
6916880292012_camera3-9.jpg 119 1396.57 1307.46 1070.22 1165.26 652.69 284.41
