6909409012802-back_camera0-12.jpg 12 1402.28 1152.57 1000.64 970.0 803.29 365.13
6909409012802-back_camera0-15.jpg 12 1518.99 1160.96 1029.07 978.04 979.84 365.84
6909409012802-back_camera0-14.jpg 12 1509.7 1158.09 1053.3 973.95 912.81 368.28
6909409012802-back_camera0-16.jpg 12 1515.59 1160.12 990.56 980.07 1050.06 360.09
6909409012802-back_camera0-17.jpg 12 1506.78 1162.63 962.87 982.59 1087.83 360.09
6909409012802-back_camera0-18.jpg 12 1495.59 1161.71 948.83 978.91 1093.52 365.61
6909409012802-back_camera0-19.jpg 12 1486.57 1159.62 936.38 969.34 1100.38 380.55
6909409012802-back_camera0-20.jpg 12 1463.97 1156.34 952.79 980.07 1022.36 352.54
6909409012802-back_camera0-25.jpg 12 1502.62 1155.04 963.89 960.18 1077.45 389.72
6909409012802-back_camera0-30.jpg 12 1401.02 1160.12 955.31 975.04 891.42 370.17
6909409012802-back_camera0-33.jpg 12 1479.46 1158.09 1100.65 973.95 757.61 368.28
6909409012802-back_camera0-32.jpg 12 1413.21 1157.33 1032.66 960.18 761.09 394.3
6909409012802-back_camera0-35.jpg 12 1448.34 1155.7 990.91 967.94 914.85 375.53
6909409012802-back_camera0-31.jpg 12 1393.47 1157.6 1000.64 970.0 785.66 375.2
6909409012802-back_camera0-36.jpg 12 1426.85 1144.93 940.19 963.42 973.32 363.02
6909409012802-back_camera0-37.jpg 12 1409.06 1155.71 893.68 962.26 1030.76 386.9
6909409012802-back_camera0-34.jpg 12 1465.34 1162.14 1038.52 972.84 853.64 378.61
6909409012802-back_camera0-38.jpg 12 1390.95 1153.82 864.66 964.96 1052.58 377.72
6909409012802-back_camera1-11.jpg 12 1262.43 1154.14 903.36 810.85 718.15 686.58
6909409012802-back_camera1-10.jpg 12 1229.78 1153.83 844.51 796.25 770.55 715.15
6909409012802-back_camera1-12.jpg 12 1335.3 1144.61 974.66 817.88 721.29 653.46
6909409012802-back_camera1-13.jpg 12 1350.56 1142.31 940.19 792.44 820.74 699.73
6909409012802-back_camera1-17.jpg 12 1363.24 1141.24 841.99 781.14 1042.51 720.19
6909409012802-back_camera1-14.jpg 12 1365.03 1137.04 911.25 779.28 907.55 715.52
6909409012802-back_camera1-15.jpg 12 1367.02 1152.56 882.28 788.69 969.48 727.74
6909409012802-back_camera1-20.jpg 12 1341.99 1097.33 863.67 827.85 956.65 538.96
6909409012802-back_camera1-16.jpg 12 1362.88 1144.2 850.57 778.97 1024.61 730.47
6909409012802-back_camera1-18.jpg 12 1353.18 1127.38 836.96 793.73 1032.44 667.31
6909409012802-back_camera1-19.jpg 12 1316.37 1113.37 803.4 810.85 1025.93 605.03
6909409012802-back_camera1-23.jpg 12 1376.47 1080.37 883.72 747.85 985.51 665.04
6909409012802-back_camera1-25.jpg 12 1351.3 1081.68 830.92 698.84 1040.77 765.68
6909409012802-back_camera1-24.jpg 12 1370.8 1082.06 869.69 730.78 1002.22 702.56
6909409012802-back_camera1-21.jpg 12 1353.17 1090.87 899.91 859.2 906.53 463.34
6909409012802-back_camera1-27.jpg 12 1318.99 1071.28 821.81 663.54 994.36 815.48
6909409012802-back_camera1-26.jpg 12 1332.28 1078.71 823.93 681.67 1016.71 794.08
6909409012802-back_camera1-29.jpg 12 1286.79 1060.53 872.46 666.42 828.65 788.23
6909409012802-back_camera1-28.jpg 12 1294.54 1064.78 835.64 668.1 917.8 793.36
6909409012802-back_camera1-31.jpg 12 1272.59 1045.55 937.68 690.49 669.82 710.11
6909409012802-back_camera1-33.jpg 12 1307.23 1062.64 906.06 663.95 802.35 797.39
6909409012802-back_camera1-32.jpg 12 1321.62 1052.86 987.54 681.95 668.17 741.82
6909409012802-back_camera1-35.jpg 12 1277.47 1074.75 811.66 651.28 931.63 846.94
6909409012802-back_camera1-30.jpg 12 1280.15 1053.1 894.88 677.9 770.55 750.4
6909409012802-back_camera1-34.jpg 12 1293.62 1061.87 852.35 642.49 882.55 838.76
6909409012802-back_camera1-37.jpg 12 1241.35 1078.84 735.95 656.15 1010.8 845.37
6909409012802-back_camera1-39.jpg 12 1205.87 1077.02 718.61 713.15 974.52 727.74
6909409012802-back_camera1-36.jpg 12 1255.86 1075.22 756.05 647.75 999.62 854.94
6909409012802-back_camera1-5.jpg 12 1255.82 1126.71 737.07 781.44 1037.5 690.54
6909409012802-back_camera1-4.jpg 12 1254.18 1117.33 753.63 801.82 1001.11 631.01
6909409012802-back_camera1-6.jpg 12 1237.45 1134.41 716.59 768.76 1041.71 731.3
6909409012802-back_camera1-7.jpg 12 1232.66 1142.81 726.15 764.99 1013.03 755.64
6909409012802-back_camera1-8.jpg 12 1222.97 1162.03 732.37 768.76 981.21 786.54
6909409012802-back_camera2-11.jpg 12 1327.2 869.98 918.65 559.59 817.1 620.77
6909409012802-back_camera2-12.jpg 12 1324.38 846.23 924.51 544.19 799.75 604.07
6909409012802-back_camera2-16.jpg 12 1314.15 811.36 854.59 353.06 919.12 916.6
6909409012802-back_camera2-17.jpg 12 1312.41 809.54 856.01 342.61 912.81 933.86
6909409012802-back_camera2-20.jpg 12 1277.74 795.94 931.16 364.99 693.17 861.91
6909409012802-back_camera2-1.jpg 12 1237.9 925.45 926.08 522.88 623.65 805.14
6909409012802-back_camera2-19.jpg 12 1293.99 796.25 897.39 340.47 793.21 911.56
6909409012802-back_camera2-18.jpg 12 1293.99 799.7 858.43 332.04 871.13 935.32
6909409012802-back_camera2-21.jpg 12 1269.01 792.43 945.45 382.06 647.12 820.74
6909409012802-back_camera2-23.jpg 12 1244.37 801.25 879.59 356.24 729.56 890.03
6909409012802-back_camera2-22.jpg 12 1253.23 797.69 942.82 379.43 620.82 836.53
6909409012802-back_camera2-26.jpg 12 1216.06 818.04 757.57 341.21 916.98 953.66
6909409012802-back_camera2-27.jpg 12 1211.62 816.04 749.72 355.22 923.8 921.64
6909409012802-back_camera2-25.jpg 12 1221.65 808.21 790.24 334.71 862.83 947.01
6909409012802-back_camera2-28.jpg 12 1196.16 825.37 727.51 397.13 937.3 856.47
6909409012802-back_camera2-2.jpg 12 1271.08 914.32 968.47 510.85 605.21 806.94
6909409012802-back_camera2-32.jpg 12 1205.87 860.46 806.74 562.06 798.25 596.8
6909409012802-back_camera2-33.jpg 12 1205.87 880.61 768.97 514.22 873.79 732.78
6909409012802-back_camera2-35.jpg 12 1213.16 895.41 738.2 467.61 949.92 855.6
6909409012802-back_camera2-34.jpg 12 1201.92 883.19 745.52 482.03 912.81 802.33
6909409012802-back_camera2-37.jpg 12 1214.6 913.75 753.86 448.88 921.47 929.74
6909409012802-back_camera2-36.jpg 12 1209.64 907.04 738.75 453.78 941.78 906.53
6909409012802-back_camera2-38.jpg 12 1222.23 915.87 789.11 448.75 866.24 934.23
6909409012802-back_camera2-3.jpg 12 1283.47 917.38 916.51 468.87 733.93 897.03
6909409012802-back_camera2-4.jpg 12 1292.58 918.25 901.92 466.61 781.32 903.27
6909409012802-back_camera2-5.jpg 12 1300.6 916.38 868.33 450.29 864.54 932.18
6909409012802-back_camera2-8.jpg 12 1317.93 899.49 852.07 466.37 931.71 866.24
6909409012802-back_camera2-9.jpg 12 1324.25 892.39 869.16 500.44 910.18 783.91
6909409012802-back_camera3-12.jpg 12 1477.83 1346.46 1040.93 1133.68 873.79 425.56
6909409012802-back_camera2-7.jpg 12 1310.49 908.95 846.88 453.59 927.23 910.73
6909409012802-back_camera2-6.jpg 12 1303.62 914.23 851.28 447.45 904.68 933.56
6909409012802-back_camera3-15.jpg 12 1475.3 1351.5 937.68 1138.72 1075.24 425.56
6909409012802-back_camera3-18.jpg 12 1441.18 1335.75 920.75 1137.01 1040.87 397.48
6909409012802-back_camera3-26.jpg 12 1401.85 1327.76 884.94 1081.8 1033.82 491.92
6909409012802-back_camera3-28.jpg 12 1370.81 1314.98 942.72 1080.8 856.17 468.37
6909409012802-back_camera3-27.jpg 12 1387.66 1324.07 902.32 1080.41 970.69 487.31
6909409012802-back_camera3-29.jpg 12 1357.75 1322.88 986.35 1079.69 742.8 486.38
6909409012802-back_camera3-32.jpg 12 1433.41 1321.18 1019.1 1076.54 828.63 489.29
6909409012802-back_camera3-30.jpg 12 1377.1 1317.5 1013.23 1073.24 727.74 488.52
6909409012802-back_camera3-33.jpg 12 1410.53 1328.71 945.42 1074.18 930.21 509.06
6909409012802-back_camera3-34.jpg 12 1392.21 1332.61 904.95 1073.24 974.52 518.74
6909409012802-back_camera3-35.jpg 12 1370.29 1334.34 853.38 1066.02 1033.82 536.64
6909409012802-back_camera3-37.jpg 12 1328.65 1333.17 802.8 1081.58 1051.7 503.19
6909409012802-back_camera3-36.jpg 12 1353.17 1327.58 831.92 1068.21 1042.51 518.74
6909409012802-back_camera3-38.jpg 12 1310.37 1321.27 804.22 1085.83 1012.29 470.89
6909409012802-back_camera3-7.jpg 12 1327.68 1353.66 820.04 1124.65 1015.29 458.02
6909409012802_camera0-10.jpg 12 1335.55 1170.19 932.65 995.18 805.8 350.02
6909409012802_camera0-17.jpg 12 1465.24 1170.19 904.95 985.11 1120.57 370.17
6909409012802_camera0-26.jpg 12 1500.05 1166.41 972.56 988.45 1054.99 355.92
6909409012802_camera0-27.jpg 12 1475.7 1162.19 966.71 983.18 1017.98 358.02
6909409012802_camera0-28.jpg 12 1455.78 1169.92 961.23 984.47 989.1 370.91
6909409012802_camera0-29.jpg 12 1439.97 1165.1 998.22 986.91 883.51 356.37
6909409012802_camera0-30.jpg 12 1424.22 1167.3 1050.67 981.84 747.09 370.91
6909409012802_camera0-32.jpg 12 1515.59 1152.57 1134.1 970.0 762.99 365.13
6909409012802_camera0-31.jpg 12 1470.38 1162.59 1095.33 981.09 750.09 362.99
6909409012802_camera0-34.jpg 12 1485.38 1160.12 1003.16 980.07 964.45 360.09
6909409012802_camera0-35.jpg 12 1466.36 1157.78 940.87 969.14 1050.97 377.27
6909409012802_camera0-33.jpg 12 1499.97 1162.73 1063.22 981.58 873.49 362.3
6909409012802_camera0-38.jpg 12 1377.1 1165.15 852.07 985.11 1050.06 360.09
6909409012802_camera0-3.jpg 12 1386.07 1150.19 877.05 968.68 1018.04 363.02
6909409012802_camera0-5.jpg 12 1367.5 1164.24 831.7 988.53 1071.6 351.42
6909409012802_camera1-10.jpg 12 1263.84 1144.89 911.59 791.68 704.5 706.42
6909409012802_camera1-12.jpg 12 1328.18 1166.41 934.27 781.14 787.82 770.55
6909409012802_camera1-14.jpg 12 1331.33 1173.8 844.02 743.47 974.62 860.65
6909409012802_camera1-13.jpg 12 1337.41 1173.88 892.84 752.98 889.14 841.79
6909409012802_camera1-11.jpg 12 1301.09 1153.63 947.3 788.5 707.58 730.27
6909409012802_camera1-15.jpg 12 1327.99 1172.7 821.85 750.92 1012.29 843.57
6909409012802_camera1-16.jpg 12 1329.51 1173.87 811.29 766.13 1036.45 815.48
6909409012802_camera1-17.jpg 12 1321.7 1146.26 804.22 748.4 1034.95 795.73
6909409012802_camera1-19.jpg 12 1311.87 1115.31 831.86 796.98 960.02 636.65
6909409012802_camera1-1.jpg 12 1240.07 1096.28 790.24 834.53 899.66 523.49
6909409012802_camera1-20.jpg 12 1335.55 1099.68 867.18 816.39 936.75 566.58
6909409012802_camera1-25.jpg 12 1366.34 1104.16 871.79 716.15 989.1 776.02
6909409012802_camera1-18.jpg 12 1310.37 1134.94 811.78 781.14 997.18 707.6
6909409012802_camera1-22.jpg 12 1400.11 1100.24 928.52 795.39 943.18 609.7
6909409012802_camera1-21.jpg 12 1372.92 1100.21 898.1 826.63 949.64 547.16
6909409012802_camera1-24.jpg 12 1379.62 1108.49 887.32 748.4 984.59 720.19
6909409012802_camera1-23.jpg 12 1378.18 1100.22 884.94 752.98 986.47 694.47
6909409012802_camera1-26.jpg 12 1343.59 1102.47 863.58 703.31 960.02 798.33
6909409012802_camera1-28.jpg 12 1315.4 1082.06 897.39 695.52 836.02 773.07
6909409012802_camera1-2.jpg 12 1244.02 1096.27 782.35 800.33 923.33 591.88
6909409012802_camera1-29.jpg 12 1302.82 1082.06 930.13 718.19 745.37 727.74
6909409012802_camera1-27.jpg 12 1326.65 1096.67 877.15 703.18 899.01 786.99
6909409012802_camera1-32.jpg 12 1342.8 1046.0 940.03 709.63 805.55 672.74
6909409012802_camera1-35.jpg 12 1286.11 1060.76 779.72 700.37 1012.77 720.78
6909409012802_camera1-30.jpg 12 1320.43 1063.17 990.56 728.26 659.75 669.82
6909409012802_camera1-37.jpg 12 1258.49 1060.75 745.52 724.04 1025.93 673.43
6909409012802_camera1-34.jpg 12 1314.51 1050.95 837.5 691.57 954.01 718.75
6909409012802_camera1-31.jpg 12 1349.83 1043.14 987.95 719.77 723.75 646.75
6909409012802_camera1-36.jpg 12 1258.48 1058.13 750.78 703.0 1015.4 710.26
6909409012802_camera1-33.jpg 12 1333.2 1049.8 891.93 694.42 882.55 710.75
6909409012802_camera1-38.jpg 12 1239.88 1054.13 737.91 739.34 1003.95 629.59
6909409012802_camera1-39.jpg 12 1222.23 1053.1 758.9 776.1 926.67 553.99
6909409012802_camera1-4.jpg 12 1228.25 1122.32 724.21 761.82 1008.08 721.0
6909409012802_camera1-3.jpg 12 1238.97 1114.26 758.72 784.02 960.49 660.47
6909409012802_camera1-40.jpg 12 1211.14 1056.81 761.31 808.22 899.66 497.18
6909409012802_camera1-7.jpg 12 1212.03 1150.2 735.39 734.19 953.29 832.02
6909409012802_camera1-9.jpg 12 1215.42 1147.84 811.76 756.59 807.32 782.5
6909409012802_camera1-5.jpg 12 1218.64 1135.36 709.66 737.74 1017.97 795.24
6909409012802_camera1-6.jpg 12 1208.38 1147.53 718.61 748.4 979.55 798.25
6909409012802_camera2-10.jpg 12 1307.15 896.35 903.36 613.56 807.59 565.58
6909409012802_camera2-13.jpg 12 1330.3 856.69 888.13 468.15 884.33 777.09
6909409012802_camera2-11.jpg 12 1325.48 869.28 935.17 582.21 780.62 574.13
6909409012802_camera2-12.jpg 12 1331.99 862.03 907.56 516.19 848.86 691.67
6909409012802_camera2-17.jpg 12 1313.74 834.52 890.21 366.28 847.05 936.49
6909409012802_camera2-15.jpg 12 1323.54 853.01 869.07 399.25 908.94 907.52
6909409012802_camera1-8.jpg 12 1212.16 1151.3 766.45 750.92 891.42 800.77
6909409012802_camera2-14.jpg 12 1325.57 860.83 863.9 426.78 923.33 868.09
6909409012802_camera2-16.jpg 12 1317.58 843.2 872.94 376.66 889.28 933.08
6909409012802_camera2-19.jpg 12 1290.22 828.99 960.35 403.42 659.75 851.13
6909409012802_camera2-1.jpg 12 1250.59 921.33 929.66 513.59 641.86 815.48
6909409012802_camera2-20.jpg 12 1283.95 822.44 979.79 419.73 608.32 805.43
6909409012802_camera2-18.jpg 12 1304.08 830.25 922.58 380.76 762.99 898.97
6909409012802_camera2-21.jpg 12 1276.42 795.25 966.25 401.76 620.35 786.99
6909409012802_camera2-22.jpg 12 1269.01 797.69 919.14 376.8 699.73 841.79
6909409012802_camera2-23.jpg 12 1268.78 802.0 849.26 341.21 839.04 921.57
6909409012802_camera2-25.jpg 12 1253.71 797.5 806.74 348.02 893.94 898.97
6909409012802_camera2-28.jpg 12 1233.57 812.62 779.04 421.05 909.05 783.14
6909409012802_camera2-26.jpg 12 1241.28 799.71 766.74 354.97 949.08 889.47
6909409012802_camera2-29.jpg 12 1222.23 820.17 789.11 468.89 866.24 702.56
6909409012802_camera2-2.jpg 12 1264.2 928.08 913.45 506.27 701.49 843.62
6909409012802_camera2-24.jpg 12 1258.75 801.29 834.44 353.06 848.61 896.46
6909409012802_camera2-27.jpg 12 1232.12 809.41 765.21 395.29 933.83 828.24
6909409012802_camera2-30.jpg 12 1214.68 834.02 821.85 546.95 785.66 574.13
6909409012802_camera2-31.jpg 12 1193.26 842.64 799.63 529.85 787.27 625.58
6909409012802_camera2-32.jpg 12 1190.1 846.37 756.05 484.66 868.09 723.41
6909409012802_camera2-33.jpg 12 1193.28 860.46 756.38 463.85 873.79 793.21
6909409012802_camera2-35.jpg 12 1195.01 871.0 744.59 404.09 900.83 933.83
6909409012802_camera2-36.jpg 12 1207.2 883.19 763.94 416.26 886.51 933.86
6909409012802_camera2-34.jpg 12 1199.57 868.01 748.82 431.12 901.49 873.79
6909409012802_camera2-37.jpg 12 1202.43 885.03 777.59 413.99 849.69 942.08
6909409012802_camera2-39.jpg 12 1220.39 897.77 874.4 465.28 691.99 864.98
6909409012802_camera2-38.jpg 12 1220.63 902.87 830.92 437.5 779.43 930.74
6909409012802_camera2-4.jpg 12 1280.85 939.75 850.75 468.87 860.2 941.75
6909409012802_camera2-3.jpg 12 1267.55 932.23 884.8 489.04 765.51 886.38
6909409012802_camera2-5.jpg 12 1263.75 931.85 808.66 471.5 910.18 920.7
6909409012802_camera2-40.jpg 12 1229.82 907.45 918.04 497.1 623.55 820.7
6909409012802_camera2-6.jpg 12 1288.96 918.38 829.4 473.93 919.12 888.9
6909409012802_camera2-7.jpg 12 1292.68 902.92 824.44 474.14 936.49 857.57
6909409012802_camera2-8.jpg 12 1294.0 913.34 834.44 511.7 919.12 803.28
6909409012802_camera2-9.jpg 12 1296.29 900.57 849.26 529.19 894.06 742.75
6909409012802_camera3-12.jpg 12 1461.46 1359.05 988.05 1113.53 946.82 491.04
6909409012802_camera3-13.jpg 12 1453.15 1371.16 934.93 1121.26 1036.45 499.81
6909409012802_camera3-23.jpg 12 1476.17 1324.82 956.46 1092.18 1039.42 465.27
6909409012802_camera3-26.jpg 12 1422.43 1325.05 957.83 1085.83 929.19 478.45
6909409012802_camera3-25.jpg 12 1448.24 1325.92 947.4 1088.39 1001.69 475.06
6909409012802_camera3-27.jpg 12 1404.8 1316.24 983.01 1080.8 843.58 470.89
6909409012802_camera3-31.jpg 12 1465.23 1323.8 1033.37 1098.42 863.72 450.75
6909409012802_camera3-33.jpg 12 1430.99 1322.83 931.79 1093.73 998.41 458.19
6909409012802_camera3-30.jpg 12 1472.79 1312.46 1091.29 1085.83 763.0 453.26
6909409012802_camera3-29.jpg 12 1416.93 1321.12 1052.15 1091.17 729.56 459.91
6909409012802_camera3-32.jpg 12 1448.94 1325.11 979.55 1096.6 938.78 457.02
6909409012802_camera3-36.jpg 12 1359.47 1320.02 831.92 1100.94 1055.1 438.16
6909409012802_camera3-34.jpg 12 1408.85 1321.33 883.36 1091.17 1050.97 460.32
6909409012802_camera3-5.jpg 12 1310.37 1342.69 789.11 1123.61 1042.51 438.16
6909409012802_camera3-7.jpg 12 1293.12 1346.48 827.42 1115.7 931.39 461.56
6909409012802_camera3-8.jpg 12 1303.2 1355.38 869.16 1108.11 868.09 494.55
