6901073808347_camera0-11.jpg 120 1408.58 1225.88 1076.62 1119.9 663.92 211.95
6901073808347_camera0-12.jpg 120 1404.17 1224.89 1078.3 1121.82 651.75 206.15
6901073808347_camera0-10.jpg 120 1404.61 1225.68 1076.81 1114.51 655.6 222.34
6901073808347_camera0-14.jpg 120 1405.52 1228.28 1101.06 1122.83 608.93 210.91
6901073808347_camera0-16.jpg 120 1407.58 1231.9 1133.88 1119.83 547.39 224.14
6901073808347_camera0-17.jpg 120 1405.93 1231.32 1156.17 1117.54 499.52 227.56
6901073808347_camera0-15.jpg 120 1407.56 1228.39 1116.0 1117.62 583.11 221.55
6901073808347_camera0-20.jpg 120 1417.55 1232.25 1238.33 1111.72 358.45 241.05
6901073808347_camera0-19.jpg 120 1413.75 1233.7 1213.28 1114.49 400.94 238.42
6901073808347_camera0-18.jpg 120 1410.44 1231.41 1186.85 1112.48 447.19 237.86
6901073808347_camera0-1.jpg 120 1378.87 1232.87 1210.03 1110.27 337.67 245.2
6901073808347_camera0-23.jpg 120 1435.86 1233.05 1236.05 1113.33 399.61 239.45
6901073808347_camera0-21.jpg 120 1427.96 1233.53 1261.17 1112.92 333.58 241.22
6901073808347_camera0-22.jpg 120 1435.77 1233.98 1258.39 1115.05 354.76 237.86
6901073808347_camera0-25.jpg 120 1439.3 1230.45 1191.92 1115.48 494.76 229.94
6901073808347_camera0-24.jpg 120 1438.59 1229.17 1213.78 1107.04 449.61 244.27
6901073808347_camera0-27.jpg 120 1432.03 1226.53 1144.55 1114.39 574.95 224.27
6901073808347_camera0-26.jpg 120 1436.91 1225.65 1165.39 1109.89 543.05 231.52
6901073808347_camera0-28.jpg 120 1425.27 1224.27 1121.21 1114.43 608.11 219.67
6901073808347_camera0-29.jpg 120 1418.76 1224.83 1103.19 1120.96 631.13 207.74
6901073808347_camera0-30.jpg 120 1409.93 1217.04 1087.33 1114.7 645.21 204.68
6901073808347_camera0-2.jpg 120 1390.13 1234.37 1213.16 1112.09 353.95 244.56
6901073808347_camera0-31.jpg 120 1402.72 1223.24 1081.94 1124.02 641.55 198.45
6901073808347_camera0-33.jpg 120 1386.48 1223.46 1075.23 1120.6 622.5 205.72
6901073808347_camera0-35.jpg 120 1374.35 1226.42 1091.72 1116.59 565.25 219.67
6901073808347_camera0-34.jpg 120 1378.98 1226.34 1081.65 1120.88 594.66 210.91
6901073808347_camera0-36.jpg 120 1372.73 1228.65 1105.53 1118.44 534.4 220.42
6901073808347_camera0-32.jpg 120 1396.22 1222.5 1075.52 1123.0 641.41 199.0
6901073808347_camera0-38.jpg 120 1369.24 1230.74 1145.64 1116.57 447.19 228.35
6901073808347_camera0-39.jpg 120 1368.65 1230.27 1168.28 1108.9 400.75 242.74
6901073808347_camera0-37.jpg 120 1368.62 1230.01 1120.25 1116.73 496.75 226.56
6901073808347_camera0-40.jpg 120 1371.03 1229.74 1191.63 1110.95 358.8 237.58
6901073808347_camera0-8.jpg 120 1406.6 1231.5 1094.7 1117.07 623.8 228.86
6901073808347_camera0-9.jpg 120 1405.89 1230.37 1087.83 1116.19 636.12 228.35
6901073808347_camera1-10.jpg 120 1261.43 1129.77 956.17 967.23 610.52 325.08
6901073808347_camera1-12.jpg 120 1264.07 1134.0 966.4 947.5 595.34 373.0
6901073808347_camera1-16.jpg 120 1266.38 1137.05 1024.37 884.51 484.03 505.07
6901073808347_camera1-36.jpg 120 1232.3 1116.15 999.23 869.25 466.13 493.81
6901073808347_camera2-10.jpg 120 1288.29 861.25 1153.74 587.48 269.1 547.55
6901073808347_camera2-20.jpg 120 1269.66 846.81 993.14 705.21 553.04 283.2
6901073808347_camera2-1.jpg 120 1273.24 886.88 999.97 741.85 546.55 290.07
6901073808347_camera2-27.jpg 120 1249.84 856.23 1055.03 601.16 389.62 510.14
6901073808347_camera2-28.jpg 120 1250.75 859.2 1082.66 595.96 336.18 526.47
6901073808347_camera2-29.jpg 120 1248.97 863.16 1097.28 593.02 303.39 540.28
6901073808347_camera2-32.jpg 120 1250.83 870.2 1085.17 601.01 331.32 538.39
6901073808347_camera2-2.jpg 120 1274.0 883.94 1005.51 720.3 536.98 327.28
6901073808347_camera2-31.jpg 120 1250.38 867.71 1110.84 594.17 279.09 547.09
6901073808347_camera2-30.jpg 120 1250.59 862.14 1105.91 581.99 289.36 560.31
6901073808347_camera2-34.jpg 120 1254.01 878.56 1040.49 637.52 427.03 482.09
6901073808347_camera2-33.jpg 120 1252.41 874.74 1064.84 617.17 375.15 515.15
6901073808347_camera2-6.jpg 120 1286.11 875.3 1074.35 629.34 423.52 491.92
6901073808347_camera2-40.jpg 120 1270.33 887.14 984.91 747.72 570.84 278.84
6901073808347_camera2-9.jpg 120 1288.63 870.86 1139.12 597.65 299.03 546.41
6901073808347_camera2-7.jpg 120 1286.12 871.21 1103.69 611.2 364.86 520.01
6901073808347_camera2-8.jpg 120 1289.49 872.32 1124.29 606.21 330.4 532.21
6901073808347_camera3-13.jpg 120 1378.42 1396.19 1086.76 1233.22 583.32 325.95
6901073808347_camera3-18.jpg 120 1394.81 1397.4 1216.61 1209.26 356.4 376.28
6901073808347_camera3-17.jpg 120 1385.39 1398.94 1187.15 1214.54 396.48 368.8
6901073808347_camera3-1.jpg 120 1365.03 1400.1 1163.79 1208.07 402.48 384.06
6901073808347_camera3-19.jpg 120 1398.47 1397.47 1234.16 1208.61 328.61 377.73
6901073808347_camera3-16.jpg 120 1382.58 1397.82 1154.69 1215.99 455.77 363.65
6901073808347_camera3-2.jpg 120 1369.03 1397.86 1143.57 1213.96 450.92 367.8
6901073808347_camera3-35.jpg 120 1341.17 1389.54 1098.05 1212.39 486.25 354.3
6901073808347_camera3-39.jpg 120 1353.18 1401.42 1190.09 1208.07 326.19 386.7
6901073808347_camera3-38.jpg 120 1347.93 1400.1 1169.05 1210.7 357.76 378.8
6901073808347_camera3-3.jpg 120 1373.41 1398.85 1125.16 1219.81 496.49 358.08
6901073808347_camera3-40.jpg 120 1362.42 1398.55 1184.31 1211.53 356.23 374.04
6901073808347_camera3-5.jpg 120 1376.03 1398.33 1085.94 1233.38 580.18 329.89
6901073808347_camera3-4.jpg 120 1376.28 1398.28 1104.59 1223.21 543.39 350.14
6901073808347_camera3-7.jpg 120 1378.17 1390.89 1053.3 1234.37 649.75 313.04
6901073808347_camera3-8.jpg 120 1377.76 1392.0 1054.0 1253.9 647.53 276.2
