9556041603720_camera0-23.jpg 121 1403.17 1184.39 1232.18 1044.97 341.98 278.84
9556041603720_camera1-11.jpg 121 1250.59 1085.75 1084.87 887.14 331.45 397.22
9556041603720_camera1-10.jpg 121 1255.75 1083.41 1092.21 894.82 327.08 377.19
9556041603720_camera1-13.jpg 121 1253.22 1088.38 1084.87 889.77 336.71 397.22
9556041603720_camera1-14.jpg 121 1262.34 1087.38 1094.85 897.46 334.99 379.83
9556041603720_camera1-12.jpg 121 1257.17 1081.8 1084.87 889.77 344.61 384.06
9556041603720_camera1-15.jpg 121 1257.17 1085.75 1098.02 887.14 318.3 397.22
9556041603720_camera1-16.jpg 121 1254.43 1086.06 1086.94 894.82 334.99 382.47
9556041603720_camera1-21.jpg 121 1258.48 1088.38 1092.76 887.14 331.45 402.48
9556041603720_camera1-17.jpg 121 1257.07 1083.43 1089.58 892.19 334.99 382.47
9556041603720_camera1-18.jpg 121 1265.06 1081.8 1100.65 897.66 328.82 368.28
9556041603720_camera1-23.jpg 121 1265.06 1087.06 1100.65 897.66 328.82 378.8
9556041603720_camera1-20.jpg 121 1264.98 1087.38 1105.4 897.46 319.16 379.83
9556041603720_camera1-19.jpg 121 1265.07 1087.07 1090.13 892.4 349.87 389.33
9556041603720_camera1-1.jpg 121 1254.43 1079.46 1092.21 889.55 324.44 379.83
9556041603720_camera1-22.jpg 121 1265.06 1085.75 1095.39 892.4 339.34 386.7
9556041603720_camera1-24.jpg 121 1261.02 1091.33 1094.85 897.46 332.35 387.74
9556041603720_camera1-27.jpg 121 1270.32 1083.12 1103.28 887.14 334.08 391.96
9556041603720_camera1-26.jpg 121 1258.49 1079.17 1082.24 887.14 352.5 384.06
9556041603720_camera1-25.jpg 121 1267.62 1086.06 1102.77 894.82 329.71 382.47
9556041603720_camera1-29.jpg 121 1265.06 1080.49 1095.39 881.88 339.34 397.22
9556041603720_camera1-28.jpg 121 1266.31 1086.06 1102.77 889.55 327.08 393.02
9556041603720_camera1-2.jpg 121 1255.86 1083.12 1079.61 889.77 352.5 386.7
9556041603720_camera1-30.jpg 121 1264.99 1080.79 1100.13 881.64 329.72 398.3
9556041603720_camera1-31.jpg 121 1262.43 1077.86 1095.39 884.51 334.08 386.7
9556041603720_camera1-33.jpg 121 1261.03 1082.11 1100.13 892.19 321.8 379.83
9556041603720_camera1-32.jpg 121 1267.7 1083.12 1095.39 889.77 344.61 386.7
9556041603720_camera1-37.jpg 121 1259.71 1079.46 1089.58 884.27 340.27 390.38
9556041603720_camera1-34.jpg 121 1259.8 1084.43 1090.13 887.14 339.34 394.59
9556041603720_camera1-35.jpg 121 1258.48 1087.07 1098.02 892.4 320.93 389.33
9556041603720_camera1-36.jpg 121 1262.35 1080.78 1097.49 886.91 329.72 387.74
9556041603720_camera1-38.jpg 121 1262.43 1076.54 1095.39 884.51 334.08 384.06
9556041603720_camera1-39.jpg 121 1254.43 1078.14 1086.94 889.55 334.99 377.19
9556041603720_camera1-3.jpg 121 1250.6 1080.49 1074.35 881.88 352.5 397.22
9556041603720_camera1-40.jpg 121 1251.8 1079.46 1084.3 886.91 334.99 385.11
9556041603720_camera1-4.jpg 121 1253.23 1080.48 1079.61 889.77 347.24 381.43
9556041603720_camera1-5.jpg 121 1250.6 1076.54 1090.13 876.61 320.93 399.85
9556041603720_camera1-6.jpg 121 1255.75 1079.47 1084.3 892.19 342.9 374.56
9556041603720_camera1-8.jpg 121 1257.17 1081.8 1092.76 889.77 328.82 384.06
9556041603720_camera1-9.jpg 121 1259.71 1082.1 1089.58 894.82 340.27 374.56
9556041603720_camera1-7.jpg 121 1255.86 1084.43 1087.5 889.77 336.71 389.33
9556041603720_camera2-12.jpg 121 1269.01 863.47 1113.81 703.0 310.41 320.93
9556041603720_camera2-10.jpg 121 1271.58 864.49 1123.87 712.82 295.42 303.34
9556041603720_camera2-11.jpg 121 1272.96 859.52 1116.44 705.63 313.04 307.78
9556041603720_camera2-13.jpg 121 1274.22 860.53 1123.87 710.18 300.7 300.7
9556041603720_camera2-14.jpg 121 1272.9 856.58 1123.87 707.55 298.06 298.06
9556041603720_camera2-16.jpg 121 1272.96 862.15 1113.81 705.63 318.3 313.04
9556041603720_camera2-15.jpg 121 1275.54 859.22 1121.23 707.55 308.61 303.34
9556041603720_camera2-17.jpg 121 1270.26 855.26 1118.59 702.27 303.34 305.98
9556041603720_camera2-18.jpg 121 1272.95 864.78 1111.17 705.63 323.56 318.3
9556041603720_camera2-19.jpg 121 1270.26 859.22 1118.59 707.55 303.34 303.34
9556041603720_camera2-1.jpg 121 1263.66 864.49 1115.95 712.82 295.42 303.34
9556041603720_camera2-21.jpg 121 1275.59 858.21 1121.7 700.37 307.78 315.67
9556041603720_camera2-20.jpg 121 1267.7 850.31 1113.81 692.47 307.78 315.67
9556041603720_camera2-24.jpg 121 1270.26 852.62 1115.95 697.0 308.61 311.25
9556041603720_camera2-22.jpg 121 1274.21 853.94 1126.5 707.55 295.42 292.79
9556041603720_camera2-23.jpg 121 1270.33 852.94 1116.44 697.73 307.78 310.41
9556041603720_camera2-2.jpg 121 1267.7 859.52 1113.81 710.89 307.78 297.26
9556041603720_camera2-25.jpg 121 1270.33 849.0 1119.07 700.37 302.52 297.26
9556041603720_camera2-27.jpg 121 1266.3 855.26 1118.59 702.27 295.42 305.98
9556041603720_camera2-26.jpg 121 1269.01 855.57 1111.17 697.73 315.67 315.67
9556041603720_camera2-28.jpg 121 1268.94 852.62 1118.59 702.27 300.7 300.7
9556041603720_camera2-29.jpg 121 1265.07 851.63 1116.44 700.37 297.26 302.52
9556041603720_camera2-33.jpg 121 1263.75 854.25 1111.17 697.73 305.15 313.04
9556041603720_camera2-32.jpg 121 1268.94 848.66 1115.95 699.63 305.98 298.06
9556041603720_camera2-30.jpg 121 1267.7 854.26 1119.07 700.37 297.26 307.78
9556041603720_camera2-31.jpg 121 1264.99 859.22 1110.68 707.55 308.61 303.34
9556041603720_camera2-34.jpg 121 1267.69 852.94 1108.54 695.1 318.3 315.67
9556041603720_camera2-36.jpg 121 1259.71 856.58 1110.68 704.91 298.06 303.34
9556041603720_camera2-35.jpg 121 1263.74 862.15 1103.28 708.26 320.93 307.78
9556041603720_camera2-37.jpg 121 1264.99 860.54 1113.32 715.46 303.34 290.15
9556041603720_camera2-39.jpg 121 1266.38 856.88 1108.54 695.1 315.67 323.56
9556041603720_camera2-40.jpg 121 1264.99 857.89 1113.32 702.27 303.34 311.25
9556041603720_camera2-38.jpg 121 1266.38 858.2 1111.17 705.63 310.41 305.15
9556041603720_camera2-3.jpg 121 1266.31 861.86 1113.32 707.55 305.98 308.61
9556041603720_camera2-5.jpg 121 1268.94 864.5 1123.87 718.1 290.15 292.79
9556041603720_camera2-4.jpg 121 1266.31 856.58 1113.32 704.91 305.98 303.34
9556041603720_camera2-6.jpg 121 1271.58 861.85 1118.59 710.18 305.98 303.34
9556041603720_camera2-7.jpg 121 1269.01 863.47 1113.81 705.63 310.41 315.67
9556041603720_camera2-8.jpg 121 1266.31 864.49 1121.23 715.46 290.15 298.06
9556041603720_camera2-9.jpg 121 1269.02 863.47 1121.7 708.26 294.63 310.41
9556041603720_camera3-10.jpg 121 1371.82 1347.2 1205.64 1179.7 332.35 334.99
9556041603720_camera3-15.jpg 121 1378.41 1353.79 1203.0 1179.7 350.82 348.18
9556041603720_camera3-16.jpg 121 1378.17 1344.86 1200.61 1163.35 355.13 363.02
9556041603720_camera3-19.jpg 121 1383.69 1349.84 1205.64 1182.34 356.09 334.99
9556041603720_camera3-20.jpg 121 1379.49 1344.86 1197.98 1165.98 363.02 357.76
9556041603720_camera3-17.jpg 121 1375.77 1352.47 1203.0 1179.7 345.54 345.54
9556041603720_camera3-21.jpg 121 1375.55 1346.17 1192.72 1168.61 365.65 355.13
9556041603720_camera3-22.jpg 121 1377.09 1345.88 1203.0 1179.7 348.18 332.35
9556041603720_camera3-24.jpg 121 1383.43 1348.8 1200.61 1179.13 365.65 339.34
9556041603720_camera3-23.jpg 121 1381.05 1344.56 1203.0 1179.7 356.09 329.72
9556041603720_camera3-25.jpg 121 1377.09 1348.51 1197.72 1177.06 358.73 342.9
9556041603720_camera3-27.jpg 121 1378.17 1346.17 1203.24 1168.61 349.87 355.13
9556041603720_camera3-28.jpg 121 1383.69 1349.84 1205.64 1182.34 356.09 334.99
9556041603720_camera3-31.jpg 121 1376.86 1347.49 1192.72 1173.87 368.28 347.24
9556041603720_camera3-29.jpg 121 1375.78 1343.24 1205.64 1179.7 340.27 327.08
9556041603720_camera3-2.jpg 121 1371.6 1348.8 1192.72 1173.87 357.76 349.87
9556041603720_camera3-30.jpg 121 1379.73 1332.68 1205.64 1166.51 348.18 332.35
9556041603720_camera3-32.jpg 121 1381.04 1348.52 1208.27 1179.7 345.54 337.63
9556041603720_camera3-37.jpg 121 1374.23 1343.54 1195.35 1173.87 357.76 339.34
9556041603720_camera3-3.jpg 121 1367.86 1345.88 1195.09 1177.06 345.54 337.63
9556041603720_camera3-4.jpg 121 1362.39 1346.17 1184.83 1171.24 355.13 349.87
9556041603720_camera3-5.jpg 121 1377.09 1345.88 1203.0 1177.06 348.18 337.63
9556041603720_camera3-7.jpg 121 1368.97 1343.55 1192.72 1171.24 352.5 344.61
9556041603720_camera3-6.jpg 121 1369.18 1344.56 1195.09 1174.42 348.18 340.27
9556041603720_camera3-8.jpg 121 1368.97 1348.8 1190.09 1173.87 357.76 349.87
9556041603720_camera3-9.jpg 121 1374.44 1347.2 1197.72 1179.7 353.45 334.99
