6914973608351-back_camera0-10.jpg 122 1397.08 1098.15 1064.86 1048.2 664.44 99.9
6914973608351-back_camera0-14.jpg 122 1386.07 1093.63 1053.3 1037.08 665.54 113.11
6914973608351-back_camera0-12.jpg 122 1395.28 1089.18 1050.28 1040.86 690.0 96.65
6914973608351-back_camera0-13.jpg 122 1383.11 1088.3 1046.4 1042.05 673.42 92.5
6914973608351-back_camera0-16.jpg 122 1374.41 1097.08 1079.47 1039.65 589.89 114.86
6914973608351-back_camera0-19.jpg 122 1383.51 1099.85 1204.29 1035.95 358.45 127.8
6914973608351-back_camera0-18.jpg 122 1379.49 1094.95 1150.63 1021.3 457.72 147.31
6914973608351-back_camera0-20.jpg 122 1417.63 1104.16 1290.05 1023.93 255.17 160.47
6914973608351-back_camera0-15.jpg 122 1380.43 1094.14 1066.45 1042.61 627.96 103.07
6914973608351-back_camera0-17.jpg 122 1376.24 1098.33 1114.62 1032.39 523.24 131.87
6914973608351-back_camera0-1.jpg 122 1446.51 1097.31 1321.05 1022.76 250.92 149.1
6914973608351-back_camera0-22.jpg 122 1438.41 1105.0 1257.19 1033.85 362.45 142.3
6914973608351-back_camera0-21.jpg 122 1433.42 1105.47 1284.79 1026.56 297.26 157.83
6914973608351-back_camera0-24.jpg 122 1453.16 1102.37 1194.23 1038.48 517.87 127.77
6914973608351-back_camera0-23.jpg 122 1446.19 1104.0 1217.07 1029.56 458.25 148.89
6914973608351-back_camera0-26.jpg 122 1456.85 1100.12 1134.41 1034.06 644.87 132.13
6914973608351-back_camera0-25.jpg 122 1463.68 1098.9 1166.42 1029.19 594.51 139.42
6914973608351-back_camera0-27.jpg 122 1450.33 1102.35 1114.5 1036.17 671.66 132.35
6914973608351-back_camera0-2.jpg 122 1448.15 1100.44 1261.26 1029.76 373.79 141.36
6914973608351-back_camera0-29.jpg 122 1443.2 1095.87 1100.26 1043.54 685.88 104.65
6914973608351-back_camera0-28.jpg 122 1454.33 1100.27 1101.67 1038.1 705.32 124.35
6914973608351-back_camera0-35.jpg 122 1430.79 1106.79 1129.59 1031.82 602.4 149.94
6914973608351-back_camera0-37.jpg 122 1418.78 1099.6 1178.27 1029.3 481.02 140.6
6914973608351-back_camera0-33.jpg 122 1436.41 1101.74 1109.13 1050.83 654.56 101.82
6914973608351-back_camera0-34.jpg 122 1422.89 1097.59 1100.65 1031.82 644.49 131.53
6914973608351-back_camera0-38.jpg 122 1415.36 1101.38 1221.11 1031.61 388.51 139.55
6914973608351-back_camera0-36.jpg 122 1426.84 1104.16 1153.26 1031.82 547.16 144.68
6914973608351-back_camera0-3.jpg 122 1445.02 1103.99 1229.48 1023.88 431.07 160.23
6914973608351-back_camera0-39.jpg 122 1412.37 1098.9 1245.33 1018.67 334.08 160.47
6914973608351-back_camera0-7.jpg 122 1423.09 1099.89 1100.05 1035.65 646.08 128.49
6914973608351-back_camera0-40.jpg 122 1415.66 1101.72 1296.73 1026.96 237.86 149.51
6914973608351-back_camera0-5.jpg 122 1433.17 1100.66 1137.82 1029.56 590.7 142.21
6914973608351-back_camera0-4.jpg 122 1437.64 1104.71 1166.09 1028.85 543.1 151.73
6914973608351-back_camera0-9.jpg 122 1403.16 1096.27 1053.3 1034.45 699.73 123.64
6914973608351-back_camera0-8.jpg 122 1409.66 1099.67 1072.68 1039.06 673.96 121.22
6914973608351-back_camera1-18.jpg 122 1266.38 1138.36 1071.72 884.51 389.33 507.7
6914973608351-back_camera1-19.jpg 122 1267.94 1137.92 1105.82 885.08 324.25 505.68
6914973608351-back_camera1-1.jpg 122 1257.51 1199.0 1127.47 960.34 260.07 477.31
6914973608351-back_camera1-21.jpg 122 1283.48 1129.14 1155.89 876.61 255.17 505.07
6914973608351-back_camera1-20.jpg 122 1264.57 1134.85 1143.97 882.7 241.19 504.3
6914973608351-back_camera1-24.jpg 122 1269.11 1133.62 1036.79 899.72 464.63 467.8
6914973608351-back_camera1-22.jpg 122 1276.28 1135.19 1108.95 889.17 334.65 492.05
6914973608351-back_camera1-29.jpg 122 1223.57 1133.28 913.67 1006.87 619.81 252.82
6914973608351-back_camera1-23.jpg 122 1273.43 1133.78 1072.08 890.59 402.71 486.38
6914973608351-back_camera1-27.jpg 122 1238.7 1130.95 935.95 944.48 605.49 372.94
6914973608351-back_camera1-28.jpg 122 1228.07 1133.07 913.27 971.42 629.59 323.3
6914973608351-back_camera1-30.jpg 122 1215.3 1136.62 906.18 1035.23 618.25 202.77
6914973608351-back_camera1-2.jpg 122 1261.12 1200.9 1100.6 954.66 321.05 492.48
6914973608351-back_camera1-32.jpg 122 1214.59 1139.45 894.83 1019.63 639.52 239.64
6914973608351-back_camera1-38.jpg 122 1213.96 1182.05 1007.49 948.0 412.94 468.09
6914973608351-back_camera1-40.jpg 122 1229.97 1191.73 1109.36 959.6 241.22 464.26
6914973608351-back_camera1-39.jpg 122 1219.72 1186.15 1058.51 946.15 322.43 480.01
6914973608351-back_camera2-12.jpg 122 1282.16 830.58 1134.85 545.16 294.63 570.84
6914973608351-back_camera2-14.jpg 122 1268.63 835.0 1057.72 564.34 421.83 541.31
6914973608351-back_camera2-13.jpg 122 1267.7 830.57 1069.09 550.42 397.22 560.31
6914973608351-back_camera2-16.jpg 122 1261.49 839.18 1007.77 603.69 507.44 470.97
6914973608351-back_camera2-15.jpg 122 1261.12 834.53 1019.1 571.47 484.03 526.12
6914973608351-back_camera2-20.jpg 122 1237.76 852.54 959.0 733.43 557.51 238.22
6914973608351-back_camera2-24.jpg 122 1230.87 863.45 955.97 650.38 549.79 426.15
6914973608351-back_camera2-21.jpg 122 1236.6 855.27 965.43 753.78 542.33 202.98
6914973608351-back_camera2-23.jpg 122 1234.44 866.6 954.03 688.76 560.82 355.68
6914973608351-back_camera2-22.jpg 122 1238.76 864.78 953.34 705.63 570.84 318.3
6914973608351-back_camera2-27.jpg 122 1240.07 885.83 1019.1 618.82 441.94 534.01
6914973608351-back_camera2-25.jpg 122 1231.47 880.43 968.36 642.9 526.23 475.07
6914973608351-back_camera2-26.jpg 122 1234.44 887.05 996.93 631.1 475.03 511.9
6914973608351-back_camera2-29.jpg 122 1248.81 898.63 1104.5 624.3 288.61 548.67
6914973608351-back_camera2-28.jpg 122 1237.44 898.98 1050.67 616.19 373.54 565.57
6914973608351-back_camera2-32.jpg 122 1266.16 909.66 1128.2 632.38 275.92 554.56
6914973608351-back_camera2-31.jpg 122 1261.39 908.32 1154.33 632.52 214.12 551.6
6914973608351-back_camera2-30.jpg 122 1246.65 904.24 1132.22 624.08 228.86 560.31
6914973608351-back_camera2-36.jpg 122 1284.88 908.01 1026.0 669.79 517.77 476.45
6914973608351-back_camera2-37.jpg 122 1292.41 905.77 1023.63 695.66 537.57 420.23
6914973608351-back_camera3-13.jpg 122 1409.84 1433.34 1093.81 1312.47 632.05 241.74
6914973608351-back_camera3-11.jpg 122 1426.39 1439.42 1084.66 1363.31 683.46 152.23
6914973608351-back_camera3-12.jpg 122 1411.07 1435.62 1071.72 1331.71 678.69 207.82
6914973608351-back_camera2-9.jpg 122 1291.52 846.75 1140.97 559.72 301.09 574.06
6914973608351-back_camera3-10.jpg 122 1425.91 1433.48 1085.77 1369.26 680.29 128.45
6914973608351-back_camera3-19.jpg 122 1383.33 1431.55 1249.94 1283.55 266.77 296.0
6914973608351-back_camera3-14.jpg 122 1404.49 1436.3 1102.14 1311.62 604.69 249.36
6914973608351-back_camera3-15.jpg 122 1386.07 1430.36 1103.28 1294.88 565.58 270.95
6914973608351-back_camera3-25.jpg 122 1374.43 1432.43 1069.17 1315.09 610.52 234.69
6914973608351-back_camera3-29.jpg 122 1337.4 1430.35 998.06 1355.38 678.69 149.94
6914973608351-back_camera3-28.jpg 122 1343.31 1426.97 1003.45 1343.96 679.71 166.01
6914973608351-back_camera3-27.jpg 122 1347.86 1429.73 1018.02 1336.96 659.68 185.53
6914973608351-back_camera3-30.jpg 122 1340.77 1415.8 1005.72 1359.39 670.1 112.82
6914973608351-back_camera3-31.jpg 122 1328.2 1417.2 987.54 1339.6 681.32 155.2
6914973608351-back_camera3-32.jpg 122 1323.84 1424.87 986.25 1343.65 675.17 162.43
6914973608351-back_camera3-33.jpg 122 1316.33 1431.13 982.15 1333.53 668.35 195.21
6914973608351-back_camera3-5.jpg 122 1410.83 1452.72 1079.01 1340.3 663.63 224.85
6914973608351-back_camera3-3.jpg 122 1404.97 1460.62 1146.49 1329.79 516.96 261.65
6914973608351-back_camera3-6.jpg 122 1413.67 1454.22 1073.08 1347.21 681.18 214.02
6914973608351-back_camera3-7.jpg 122 1411.06 1444.83 1066.45 1342.23 689.21 205.19
6914973608351-back_camera3-8.jpg 122 1406.53 1434.81 1065.6 1360.06 681.86 149.5
6914973608351-back_camera3-9.jpg 122 1418.95 1434.3 1069.09 1363.27 699.73 142.05
6914973608351_camera0-10.jpg 122 1401.68 1274.19 1059.37 1211.1 684.63 126.19
6914973608351_camera0-11.jpg 122 1409.81 1270.56 1072.04 1211.1 675.54 118.93
6914973608351_camera0-16.jpg 122 1421.86 1253.98 1104.57 1184.61 634.57 138.75
6914973608351_camera0-19.jpg 122 1416.32 1261.99 1179.57 1173.87 473.5 176.25
6914973608351_camera0-1.jpg 122 1346.38 1280.19 1188.3 1216.07 316.15 128.24
6914973608351_camera0-18.jpg 122 1419.61 1255.72 1156.37 1181.98 526.47 147.48
6914973608351_camera0-17.jpg 122 1416.65 1258.0 1116.74 1180.01 599.82 155.98
6914973608351_camera0-22.jpg 122 1445.26 1254.11 1324.25 1160.72 242.01 186.77
6914973608351_camera0-20.jpg 122 1418.41 1258.87 1231.82 1170.27 373.19 177.2
6914973608351_camera0-21.jpg 122 1420.42 1257.37 1278.22 1170.46 284.41 173.81
6914973608351_camera0-23.jpg 122 1455.06 1256.73 1281.76 1171.1 346.6 171.26
6914973608351_camera0-24.jpg 122 1455.21 1261.95 1254.16 1175.72 402.09 172.47
6914973608351_camera0-26.jpg 122 1452.11 1260.7 1174.18 1178.45 555.86 164.49
6914973608351_camera0-28.jpg 122 1441.16 1259.05 1134.66 1185.65 613.01 146.8
6914973608351_camera0-25.jpg 122 1461.15 1264.71 1222.22 1178.21 477.87 173.0
6914973608351_camera0-27.jpg 122 1448.39 1260.32 1158.99 1185.79 578.8 149.06
6914973608351_camera0-2.jpg 122 1367.89 1281.43 1253.13 1217.35 229.52 128.16
6914973608351_camera0-38.jpg 122 1349.76 1273.93 1078.54 1210.81 542.45 126.24
6914973608351_camera0-35.jpg 122 1370.57 1269.19 1042.3 1216.73 656.54 104.93
6914973608351_camera0-33.jpg 122 1391.76 1259.2 1065.88 1213.22 651.75 91.97
6914973608351_camera0-34.jpg 122 1385.46 1264.23 1045.14 1215.31 680.64 97.84
6914973608351_camera0-39.jpg 122 1349.42 1273.57 1112.85 1209.88 473.14 127.38
6914973608351_camera0-3.jpg 122 1387.67 1280.93 1247.67 1217.73 280.0 126.41
6914973608351_camera0-40.jpg 122 1348.62 1276.22 1159.91 1213.58 377.41 125.28
6914973608351_camera0-6.jpg 122 1394.68 1285.51 1133.06 1218.15 523.24 134.71
6914973608351_camera0-4.jpg 122 1389.19 1281.22 1198.12 1210.75 382.14 140.95
6914973608351_camera0-5.jpg 122 1398.18 1281.07 1177.39 1219.25 441.57 123.64
6914973608351_camera0-7.jpg 122 1406.82 1283.38 1121.38 1222.89 570.88 120.97
6914973608351_camera0-8.jpg 122 1407.12 1279.1 1074.35 1202.81 665.54 152.57
6914973608351_camera3-11.jpg 122 1404.48 1417.19 1063.82 1323.81 681.32 186.77
6914973608351_camera3-24.jpg 122 1426.51 1419.12 1161.57 1281.98 529.89 274.29
6914973608351_camera3-25.jpg 122 1421.54 1418.38 1130.23 1286.83 582.61 263.11
6914973608351_camera3-26.jpg 122 1406.93 1415.16 1094.97 1298.88 623.92 232.55
6914973608351_camera3-28.jpg 122 1390.06 1411.02 1071.32 1319.84 637.48 182.36
6914973608351_camera3-27.jpg 122 1400.56 1411.19 1085.3 1304.71 630.52 212.97
6914973608351_camera3-30.jpg 122 1370.75 1404.35 1049.16 1333.09 643.17 142.52
6914973608351_camera3-29.jpg 122 1370.88 1406.72 1050.01 1326.5 641.75 160.44
6914973608351_camera3-31.jpg 122 1361.88 1417.72 1037.2 1353.89 649.37 127.65
6914973608351_camera3-32.jpg 122 1352.67 1420.07 1025.21 1345.54 654.92 149.06
6914973608351_camera3-33.jpg 122 1338.91 1423.65 1008.04 1336.8 661.74 173.71
6914973608351_camera3-36.jpg 122 1317.64 1430.3 1047.94 1313.93 539.41 232.73
6914973608351_camera3-35.jpg 122 1322.84 1427.74 1030.6 1322.4 584.47 210.68
6914973608351_camera3-34.jpg 122 1332.05 1423.29 1013.59 1320.72 636.92 205.14
6914973608351_camera3-37.jpg 122 1318.18 1434.54 1084.85 1315.2 466.66 238.67
6914973608351_camera3-40.jpg 122 1348.54 1444.02 1231.56 1317.11 233.97 253.82
6914973608351_camera3-7.jpg 122 1375.55 1440.88 1040.15 1339.6 670.8 202.55
6914973608351_camera3-6.jpg 122 1369.18 1447.07 1061.56 1345.54 615.25 203.05
6914973608351_camera3-8.jpg 122 1378.66 1441.27 1045.65 1366.74 666.02 149.06
6914973608351_camera3-5.jpg 122 1374.24 1447.45 1076.98 1326.44 594.51 242.01
6914973608351_camera3-9.jpg 122 1381.08 1430.28 1037.57 1351.71 687.02 157.14
