6914973604056_camera0-10.jpg 123 1428.16 1091.0 1095.39 1037.08 665.54 107.85
6914973604056_camera0-13.jpg 123 1412.38 1080.49 1076.98 1018.67 670.8 123.64
6914973604056_camera0-11.jpg 123 1426.8 1080.51 1106.47 1036.9 640.65 87.22
6914973604056_camera0-14.jpg 123 1408.43 1086.91 1087.5 1026.56 641.86 120.7
6914973604056_camera0-12.jpg 123 1424.18 1086.74 1102.68 1040.43 642.99 92.62
6914973604056_camera0-15.jpg 123 1402.77 1089.92 1114.95 1031.25 575.63 117.35
6914973604056_camera0-17.jpg 123 1389.61 1089.72 1150.17 1020.44 478.88 138.56
6914973604056_camera0-16.jpg 123 1390.02 1087.07 1116.44 1021.3 547.16 131.53
6914973604056_camera0-19.jpg 123 1384.14 1088.52 1223.98 1013.99 320.32 149.06
6914973604056_camera0-20.jpg 123 1390.61 1088.78 1273.4 1013.91 234.42 149.74
6914973604056_camera0-1.jpg 123 1457.09 1080.49 1311.1 994.99 291.99 170.99
6914973604056_camera0-21.jpg 123 1417.06 1087.65 1274.24 1008.04 285.63 159.22
6914973604056_camera0-18.jpg 123 1388.79 1089.77 1191.89 1019.29 393.79 140.97
6914973604056_camera0-24.jpg 123 1420.28 1084.42 1158.53 1005.51 523.49 157.83
6914973604056_camera0-22.jpg 123 1415.01 1092.32 1216.4 1008.14 397.22 168.36
6914973604056_camera0-23.jpg 123 1424.45 1089.12 1199.7 1006.87 449.51 164.49
6914973604056_camera0-28.jpg 123 1409.89 1085.89 1078.45 1019.4 662.88 132.99
6914973604056_camera0-25.jpg 123 1423.45 1087.17 1138.54 1006.69 569.82 160.96
6914973604056_camera0-26.jpg 123 1424.21 1089.69 1111.17 1000.25 626.08 178.88
6914973604056_camera0-29.jpg 123 1410.27 1086.98 1077.75 1021.05 665.04 131.87
6914973604056_camera0-27.jpg 123 1416.32 1083.12 1084.87 1000.25 662.91 165.73
6914973604056_camera0-30.jpg 123 1416.1 1085.76 1088.64 1028.67 654.92 114.18
6914973604056_camera0-2.jpg 123 1461.04 1087.06 1261.12 1008.14 399.85 157.83
6914973604056_camera0-33.jpg 123 1423.04 1084.14 1101.27 1021.28 643.54 125.73
6914973604056_camera0-35.jpg 123 1418.49 1085.77 1131.46 1015.99 574.05 139.55
6914973604056_camera0-34.jpg 123 1416.32 1084.42 1098.02 1010.77 636.6 147.31
6914973604056_camera0-31.jpg 123 1420.69 1086.78 1092.52 1033.35 656.34 106.87
6914973604056_camera0-36.jpg 123 1419.41 1084.61 1154.59 1013.25 529.65 142.72
6914973604056_camera0-38.jpg 123 1423.39 1089.55 1227.53 1007.77 391.72 163.56
6914973604056_camera0-32.jpg 123 1417.64 1083.12 1076.98 1016.04 681.32 134.16
6914973604056_camera0-37.jpg 123 1418.88 1085.62 1185.77 1010.7 466.21 149.85
6914973604056_camera0-39.jpg 123 1422.9 1089.69 1263.75 994.99 318.3 189.4
6914973604056_camera0-40.jpg 123 1442.62 1087.74 1325.85 1004.74 233.54 165.99
6914973604056_camera0-3.jpg 123 1467.8 1085.46 1223.78 1012.88 488.03 145.16
6914973604056_camera0-6.jpg 123 1446.57 1073.9 1140.11 994.99 612.93 157.83
6914973604056_camera0-8.jpg 123 1441.12 1080.34 1114.05 1012.03 654.13 136.61
6914973604056_camera0-4.jpg 123 1470.32 1083.83 1207.02 1012.18 526.6 143.3
6914973604056_camera0-9.jpg 123 1432.1 1079.17 1105.91 1023.93 652.38 110.48
6914973604056_camera1-12.jpg 123 1277.76 1146.03 975.86 1035.15 603.8 221.75
6914973604056_camera1-11.jpg 123 1263.6 1140.0 952.86 1053.31 621.48 173.38
6914973604056_camera0-5.jpg 123 1465.64 1087.24 1184.16 1017.46 562.95 139.55
6914973604056_camera0-7.jpg 123 1451.84 1079.16 1132.22 1002.88 639.23 152.57
6914973604056_camera1-10.jpg 123 1265.18 1137.96 956.81 1019.44 616.74 237.03
6914973604056_camera1-15.jpg 123 1271.81 1145.63 984.23 958.42 575.16 374.43
6914973604056_camera1-13.jpg 123 1274.27 1139.67 966.49 997.62 615.56 284.1
6914973604056_camera1-16.jpg 123 1271.44 1141.24 1003.18 939.58 536.52 403.31
6914973604056_camera1-14.jpg 123 1275.64 1144.68 977.97 978.96 595.34 331.44
6914973604056_camera1-1.jpg 123 1242.7 1156.77 1124.33 908.18 236.75 497.18
6914973604056_camera1-19.jpg 123 1271.99 1143.52 1100.73 913.81 342.52 459.42
6914973604056_camera1-18.jpg 123 1270.85 1143.7 1061.57 913.75 418.55 459.91
6914973604056_camera1-17.jpg 123 1276.9 1139.67 1037.52 918.7 478.77 441.94
6914973604056_camera1-20.jpg 123 1271.18 1142.79 1138.28 909.21 265.8 467.16
6914973604056_camera1-24.jpg 123 1288.63 1129.47 1071.38 898.74 434.5 461.46
6914973604056_camera1-22.jpg 123 1291.51 1137.09 1147.59 897.21 287.85 479.76
6914973604056_camera1-21.jpg 123 1287.76 1139.97 1186.46 909.84 202.6 460.27
6914973604056_camera1-23.jpg 123 1292.68 1137.05 1111.17 897.66 363.02 478.77
6914973604056_camera1-25.jpg 123 1289.25 1129.07 1037.9 903.1 502.69 451.94
6914973604056_camera1-27.jpg 123 1266.38 1121.26 971.75 923.96 589.25 394.59
6914973604056_camera1-26.jpg 123 1281.95 1127.4 1005.44 916.12 553.02 422.56
6914973604056_camera1-29.jpg 123 1264.77 1122.23 960.31 984.95 608.93 274.56
6914973604056_camera1-2.jpg 123 1252.4 1151.36 1110.58 912.39 283.64 477.94
6914973604056_camera1-28.jpg 123 1275.59 1123.88 966.49 955.53 618.19 336.71
6914973604056_camera1-30.jpg 123 1257.97 1118.61 946.11 1001.52 623.73 234.18
6914973604056_camera1-32.jpg 123 1258.39 1116.58 962.76 996.97 591.26 239.22
6914973604056_camera1-31.jpg 123 1258.29 1116.68 955.27 1022.11 606.04 189.15
6914973604056_camera1-33.jpg 123 1252.5 1118.32 952.75 970.26 599.5 296.11
6914973604056_camera1-34.jpg 123 1245.45 1123.58 950.54 946.05 589.83 355.06
6914973604056_camera1-37.jpg 123 1236.29 1138.46 1002.26 908.13 468.06 460.66
6914973604056_camera1-36.jpg 123 1234.16 1132.12 968.78 910.17 530.77 443.91
6914973604056_camera1-35.jpg 123 1238.15 1127.52 956.59 926.47 563.13 402.09
6914973604056_camera1-3.jpg 123 1255.82 1147.76 1077.29 910.95 357.06 473.61
6914973604056_camera1-38.jpg 123 1233.2 1138.88 1022.83 894.73 420.75 488.31
6914973604056_camera1-39.jpg 123 1238.42 1141.42 1064.78 900.39 347.28 482.07
6914973604056_camera1-4.jpg 123 1268.18 1149.78 1049.99 915.49 436.38 468.58
6914973604056_camera1-5.jpg 123 1270.36 1149.95 1014.22 920.09 512.27 459.73
6914973604056_camera1-40.jpg 123 1238.56 1144.23 1105.36 901.61 266.41 485.24
6914973604056_camera1-7.jpg 123 1270.01 1143.71 972.23 953.46 595.56 380.5
6914973604056_camera1-6.jpg 123 1270.28 1147.34 995.46 940.06 549.63 414.56
6914973604056_camera2-10.jpg 123 1284.41 870.33 1155.29 596.44 258.25 547.77
6914973604056_camera1-8.jpg 123 1272.95 1144.93 966.49 984.47 612.93 320.93
6914973604056_camera1-9.jpg 123 1266.7 1137.91 955.69 996.47 622.03 282.89
6914973604056_camera2-11.jpg 123 1282.11 870.88 1194.89 602.1 174.43 537.57
6914973604056_camera2-13.jpg 123 1282.42 860.82 1121.12 587.85 322.6 545.93
6914973604056_camera2-14.jpg 123 1282.25 857.58 1088.91 591.51 386.68 532.14
6914973604056_camera2-12.jpg 123 1283.38 863.7 1157.75 588.3 251.25 550.81
6914973604056_camera2-16.jpg 123 1274.97 854.19 1028.48 609.35 492.99 489.68
6914973604056_camera2-17.jpg 123 1274.78 852.91 1014.97 635.63 519.61 434.56
6914973604056_camera2-15.jpg 123 1279.45 854.67 1060.23 597.0 438.45 515.34
6914973604056_camera2-1.jpg 123 1276.63 884.8 1005.32 789.68 542.62 190.25
6914973604056_camera2-18.jpg 123 1271.03 852.77 1001.84 660.37 538.37 384.81
6914973604056_camera2-19.jpg 123 1270.01 853.37 993.74 688.76 552.55 329.21
6914973604056_camera2-24.jpg 123 1257.64 857.97 989.58 665.23 536.12 385.47
6914973604056_camera2-20.jpg 123 1270.21 853.79 995.65 728.06 549.13 251.46
6914973604056_camera2-21.jpg 123 1264.92 855.86 992.67 760.14 544.51 191.43
6914973604056_camera2-22.jpg 123 1265.46 855.14 998.37 733.49 534.18 243.3
6914973604056_camera2-23.jpg 123 1258.43 854.2 985.47 690.42 545.93 327.56
6914973604056_camera2-26.jpg 123 1253.88 864.14 1011.64 620.13 484.47 488.03
6914973604056_camera2-27.jpg 123 1250.1 867.55 1024.92 602.97 450.35 529.16
6914973604056_camera2-29.jpg 123 1251.44 869.53 1092.34 595.72 318.21 547.62
6914973604056_camera2-25.jpg 123 1257.22 859.66 998.46 636.37 517.52 446.59
6914973604056_camera2-2.jpg 123 1278.03 881.52 1007.32 761.0 541.41 241.04
6914973604056_camera2-30.jpg 123 1253.22 871.46 1127.49 597.57 251.46 547.77
6914973604056_camera2-33.jpg 123 1257.33 879.29 1092.31 605.22 330.04 548.14
6914973604056_camera2-34.jpg 123 1261.27 880.79 1070.71 613.45 381.11 534.67
6914973604056_camera2-28.jpg 123 1255.4 868.67 1059.5 591.71 391.8 553.93
6914973604056_camera2-31.jpg 123 1256.73 872.48 1169.52 603.69 174.43 537.57
6914973604056_camera2-32.jpg 123 1258.16 876.13 1132.96 605.48 250.4 541.31
6914973604056_camera2-35.jpg 123 1264.73 885.56 1038.43 625.48 452.6 520.15
6914973604056_camera2-37.jpg 123 1267.28 884.61 1006.31 668.49 521.94 432.23
6914973604056_camera2-38.jpg 123 1269.15 883.92 997.79 693.46 542.73 380.91
6914973604056_camera2-36.jpg 123 1264.93 885.63 1019.62 642.44 490.63 486.38
6914973604056_camera2-40.jpg 123 1268.85 883.69 991.57 762.04 554.56 243.3
6914973604056_camera2-3.jpg 123 1284.36 879.28 1009.32 721.02 550.07 316.53
6914973604056_camera2-5.jpg 123 1284.9 878.49 1026.11 658.48 517.59 440.01
6914973604056_camera2-6.jpg 123 1284.74 875.24 1046.09 635.79 477.31 478.9
6914973604056_camera2-39.jpg 123 1269.88 884.11 990.02 724.88 559.72 318.46
6914973604056_camera2-4.jpg 123 1283.84 882.55 1016.64 693.05 534.4 379.0
6914973604056_camera2-9.jpg 123 1285.35 870.26 1124.82 593.89 321.05 552.74
6914973604056_camera3-12.jpg 123 1389.13 1430.74 1061.57 1343.88 655.12 173.71
6914973604056_camera2-8.jpg 123 1283.65 870.65 1095.74 601.07 375.83 539.16
6914973604056_camera3-10.jpg 123 1380.14 1421.14 1048.85 1353.46 662.58 135.37
6914973604056_camera2-7.jpg 123 1284.81 874.12 1064.14 602.22 441.34 543.79
6914973604056_camera3-11.jpg 123 1389.44 1430.87 1062.9 1363.34 653.07 135.05
6914973604056_camera3-14.jpg 123 1381.82 1434.98 1076.71 1319.02 610.22 231.93
6914973604056_camera3-16.jpg 123 1376.74 1426.14 1122.05 1303.11 509.38 246.06
6914973604056_camera3-13.jpg 123 1383.27 1431.72 1061.91 1330.39 642.71 202.66
6914973604056_camera3-17.jpg 123 1375.72 1432.48 1156.21 1304.04 439.03 256.89
6914973604056_camera3-15.jpg 123 1383.27 1431.0 1097.07 1310.23 572.4 241.53
6914973604056_camera3-18.jpg 123 1380.94 1428.11 1197.79 1296.49 366.31 263.24
6914973604056_camera3-19.jpg 123 1379.15 1425.6 1239.15 1289.0 280.0 273.2
6914973604056_camera3-1.jpg 123 1376.68 1423.53 1213.71 1287.72 325.95 271.62
6914973604056_camera3-21.jpg 123 1412.27 1422.42 1254.64 1285.02 315.26 274.8
6914973604056_camera3-22.jpg 123 1411.45 1421.63 1208.8 1278.53 405.31 286.2
6914973604056_camera3-20.jpg 123 1404.64 1424.31 1286.64 1288.94 236.0 270.73
6914973604056_camera3-24.jpg 123 1406.58 1420.78 1138.26 1289.48 536.63 262.59
6914973604056_camera3-25.jpg 123 1398.88 1417.46 1103.8 1294.43 590.17 246.06
6914973604056_camera3-23.jpg 123 1410.51 1419.43 1173.44 1285.43 474.14 267.99
6914973604056_camera3-26.jpg 123 1392.05 1416.76 1080.8 1301.43 622.5 230.66
6914973604056_camera3-28.jpg 123 1376.46 1414.79 1050.59 1324.4 651.75 180.78
6914973604056_camera3-29.jpg 123 1371.98 1411.23 1044.7 1335.09 654.56 152.29
6914973604056_camera3-30.jpg 123 1370.67 1409.88 1047.97 1348.04 645.41 123.69
6914973604056_camera3-27.jpg 123 1384.1 1413.78 1062.98 1308.33 642.23 210.91
6914973604056_camera3-31.jpg 123 1370.58 1406.41 1050.87 1320.92 639.42 170.99
6914973604056_camera3-33.jpg 123 1350.72 1405.33 1032.38 1292.6 636.68 225.46
6914973604056_camera3-2.jpg 123 1382.05 1420.27 1184.28 1287.74 395.54 265.05
6914973604056_camera3-32.jpg 123 1363.49 1406.2 1040.2 1306.8 646.57 198.8
6914973604056_camera3-36.jpg 123 1339.15 1410.48 1084.3 1281.36 509.71 258.25
6914973604056_camera3-34.jpg 123 1346.84 1408.86 1046.46 1293.59 600.75 230.53
6914973604056_camera3-35.jpg 123 1341.24 1413.22 1057.52 1283.36 567.44 259.73
6914973604056_camera3-3.jpg 123 1386.5 1421.56 1153.39 1290.73 466.21 261.65
6914973604056_camera3-38.jpg 123 1343.91 1421.85 1158.71 1272.11 370.41 299.48
6914973604056_camera3-40.jpg 123 1374.27 1422.71 1257.36 1279.57 233.82 286.28
6914973604056_camera3-37.jpg 123 1337.88 1410.84 1116.05 1274.21 443.65 273.25
6914973604056_camera3-39.jpg 123 1343.12 1412.86 1200.4 1274.11 285.44 277.51
6914973604056_camera3-4.jpg 123 1389.88 1427.11 1119.3 1290.5 541.17 273.21
6914973604056_camera3-7.jpg 123 1385.97 1418.05 1058.51 1313.39 654.92 209.32
6914973604056_camera3-6.jpg 123 1381.8 1418.93 1061.25 1303.8 641.1 230.26
6914973604056_camera3-5.jpg 123 1390.59 1420.95 1094.05 1300.43 593.08 241.04
6914973604056_camera3-9.jpg 123 1377.65 1417.28 1046.34 1336.93 662.63 160.69
6914973604056_camera3-8.jpg 123 1383.52 1419.06 1049.6 1326.07 667.84 185.98
6914973604056~A~back_camera0-1.jpg 123 1096.95 1094.02 834.01 1052.43 525.88 83.17
6914973604056~A~back_camera0-11.jpg 123 1022.41 1097.74 903.78 1035.1 237.26 125.28
6914973604056~A~back_camera0-14.jpg 123 1037.77 1099.06 875.74 1035.65 324.05 126.82
6914973604056~A~back_camera0-13.jpg 123 1043.1 1099.05 914.11 1035.45 257.98 127.2
6914973604056~A~back_camera0-17.jpg 123 1017.77 1102.07 778.68 1048.73 478.18 106.67
6914973604056~A~back_camera0-12.jpg 123 1036.93 1097.32 936.84 1034.22 200.18 126.19
6914973604056~A~back_camera0-19.jpg 123 1005.48 1099.81 744.66 1054.53 521.65 90.55
6914973604056~A~back_camera0-10.jpg 123 1026.34 1097.8 874.43 1035.47 303.81 124.65
6914973604056~A~back_camera0-18.jpg 123 1010.98 1101.94 754.53 1051.59 512.91 100.7
6914973604056~A~back_camera0-15.jpg 123 1031.57 1098.99 838.83 1037.46 385.47 123.05
6914973604056~A~back_camera0-23.jpg 123 1009.54 1104.53 739.77 1054.4 539.55 100.25
6914973604056~A~back_camera0-21.jpg 123 991.1 1098.53 725.77 1062.7 530.65 71.66
6914973604056~A~back_camera0-16.jpg 123 1024.24 1099.48 805.22 1041.25 438.04 116.46
6914973604056~A~back_camera0-25.jpg 123 1017.4 1107.77 754.28 1046.83 526.24 121.89
6914973604056~A~back_camera0-3.jpg 123 1101.81 1095.12 841.08 1051.26 521.45 87.73
6914973604056~A~back_camera0-24.jpg 123 1012.44 1108.81 742.49 1050.21 539.9 117.2
6914973604056~A~back_camera0-33.jpg 123 1102.34 1112.76 952.4 1035.37 299.88 154.78
6914973604056~A~back_camera0-39.jpg 123 1104.22 1099.06 839.22 1045.4 530.01 107.31
6914973604056~A~back_camera0-31.jpg 123 1054.78 1112.54 940.24 1036.76 229.08 151.55
6914973604056~A~back_camera0-28.jpg 123 1023.07 1112.77 802.58 1038.85 440.98 147.85
6914973604056~A~back_camera0-27.jpg 123 1015.69 1114.02 772.97 1042.11 485.44 143.82
6914973604056~A~back_camera0-30.jpg 123 1043.24 1113.89 889.77 1038.08 306.95 151.62
6914973604056~A~back_camera0-5.jpg 123 1078.23 1094.92 823.17 1040.09 510.13 109.67
6914973604056~A~back_camera0-20.jpg 123 995.09 1102.2 724.83 1059.97 540.51 84.46
6914973604056~A~back_camera0-32.jpg 123 1090.89 1113.33 982.3 1036.25 217.19 154.15
6914973604056~A~back_camera0-26.jpg 123 1014.89 1110.92 758.2 1044.52 513.39 132.8
6914973604056~A~back_camera0-29.jpg 123 1031.45 1111.85 842.93 1039.46 377.05 144.78
6914973604056~A~back_camera0-8.jpg 123 1043.51 1096.96 834.51 1035.01 417.99 123.91
6914973604056~A~back_camera0-4.jpg 123 1091.22 1093.81 831.15 1043.21 520.14 101.19
6914973604056~A~back_camera0-40.jpg 123 1098.38 1095.47 834.27 1049.01 528.21 92.92
6914973604056~A~back_camera0-7.jpg 123 1054.08 1098.19 823.89 1037.54 460.37 121.31
6914973604056~A~back_camera1-1.jpg 123 1137.57 705.95 924.13 649.72 426.87 112.46
6914973604056~A~back_camera0-38.jpg 123 1110.78 1102.07 848.33 1042.5 524.9 119.14
6914973604056~A~back_camera0-9.jpg 123 1031.32 1095.95 851.39 1034.85 359.86 122.2
6914973604056~A~back_camera0-35.jpg 123 1113.66 1110.27 902.94 1036.78 421.45 146.98
6914973604056~A~back_camera0-6.jpg 123 1065.62 1097.5 818.1 1040.22 495.03 114.55
6914973604056~A~back_camera1-15.jpg 123 1073.66 715.79 904.28 582.91 338.76 265.76
6914973604056~A~back_camera1-12.jpg 123 1086.31 701.02 996.21 559.83 180.19 282.37
6914973604056~A~back_camera1-16.jpg 123 1068.91 720.23 880.19 597.35 377.44 245.76
6914973604056~A~back_camera1-21.jpg 123 1055.04 724.32 841.86 665.96 426.35 116.71
6914973604056~A~back_camera1-23.jpg 123 1066.74 734.64 847.47 636.9 438.53 195.48
6914973604056~A~back_camera0-34.jpg 123 1108.68 1113.15 925.56 1035.44 366.24 155.43
6914973604056~A~back_camera1-14.jpg 123 1078.38 711.31 932.65 571.55 291.45 279.53
6914973604056~A~back_camera1-20.jpg 123 1054.91 729.71 836.94 663.27 435.94 132.88
6914973604056~A~back_camera1-13.jpg 123 1082.12 706.65 963.02 564.39 238.2 284.52
6914973604056~A~back_camera1-2.jpg 123 1141.06 702.1 927.57 628.4 426.98 147.39
6914973604056~A~back_camera1-10.jpg 123 1082.31 699.15 968.56 556.01 227.5 286.28
6914973604056~A~back_camera1-11.jpg 123 1077.3 700.22 992.32 558.53 169.96 283.38
6914973604056~A~back_camera1-18.jpg 123 1060.85 726.91 847.26 630.15 427.18 193.53
6914973604056~A~back_camera1-26.jpg 123 1075.6 748.55 872.91 606.01 405.38 285.08
6914973604056~A~back_camera1-36.jpg 123 1145.34 735.34 947.94 594.89 394.8 280.9
6914973604056~A~back_camera1-25.jpg 123 1071.97 744.45 858.1 614.21 427.75 260.48
6914973604056~A~back_camera1-22.jpg 123 1063.06 729.6 847.39 650.54 431.34 158.11
6914973604056~A~back_camera1-31.jpg 123 1111.72 750.92 1033.45 590.71 156.53 320.42
6914973604056~A~back_camera1-3.jpg 123 1136.02 699.96 919.79 608.15 432.46 183.62
6914973604056~A~back_camera1-17.jpg 123 1065.12 724.35 861.53 613.34 407.19 222.01
6914973604056~A~back_camera1-27.jpg 123 1081.0 751.29 896.0 601.26 370.0 300.07
6914973604056~A~back_camera1-35.jpg 123 1143.6 741.1 963.14 589.92 360.91 302.36
6914973604056~A~back_camera1-33.jpg 123 1134.87 748.35 1003.11 585.18 263.51 326.34
6914973604056~A~back_camera1-32.jpg 123 1127.39 751.52 1025.46 587.25 203.86 328.54
6914973604056~A~back_camera1-4.jpg 123 1128.07 699.61 912.74 591.13 430.65 216.95
6914973604056~A~back_camera1-30.jpg 123 1102.34 752.86 993.12 596.52 218.43 312.67
6914973604056~A~back_camera1-7.jpg 123 1102.67 697.91 918.63 556.75 368.08 282.32
6914973604056~A~back_camera1-6.jpg 123 1111.13 697.94 912.62 565.23 397.03 265.41
6914973604056~A~back_camera1-39.jpg 123 1141.28 716.58 921.74 626.43 439.07 180.31
6914973604056~A~back_camera1-40.jpg 123 1137.33 710.19 921.36 640.18 431.94 140.02
6914973604056~A~back_camera1-24.jpg 123 1068.76 739.7 849.57 624.59 438.38 230.21
6914973604056~A~back_camera1-19.jpg 123 1057.31 729.08 838.06 646.19 438.5 165.78
6914973604056~A~back_camera1-9.jpg 123 1088.47 698.07 947.55 552.41 281.84 291.33
6914973604056~A~back_camera1-37.jpg 123 1145.82 729.44 935.19 603.92 421.25 251.04
6914973604056~A~back_camera1-5.jpg 123 1119.57 697.79 910.57 575.22 417.99 245.14
6914973604056~A~back_camera2-16.jpg 123 915.9 865.63 695.33 617.89 441.15 495.48
6914973604056~A~back_camera2-24.jpg 123 908.74 809.17 643.72 642.9 530.04 332.55
6914973604056~A~back_camera2-15.jpg 123 911.91 874.07 715.89 615.78 392.05 516.58
6914973604056~A~back_camera2-11.jpg 123 889.4 891.26 771.38 631.66 236.04 519.21
6914973604056~A~back_camera2-12.jpg 123 893.04 890.36 799.91 637.46 186.27 505.8
6914973604056~A~back_camera2-18.jpg 123 921.19 849.78 665.64 640.9 511.1 417.77
6914973604056~A~back_camera2-21.jpg 123 921.24 825.72 661.85 710.6 518.77 230.24
6914973604056~A~back_camera2-23.jpg 123 914.26 815.67 650.89 682.55 526.75 266.25
6914973604056~A~back_camera2-14.jpg 123 905.76 879.87 741.36 617.68 328.8 524.37
6914973604056~A~back_camera2-20.jpg 123 922.85 833.02 658.29 682.26 529.12 301.53
6914973604056~A~back_camera2-25.jpg 123 902.48 803.45 642.47 606.66 520.02 393.58
6914973604056~A~back_camera1-8.jpg 123 1095.03 697.74 930.88 552.89 328.3 289.69
6914973604056~A~back_camera2-13.jpg 123 900.6 885.19 771.26 625.69 258.68 519.0
6914973604056~A~back_camera2-27.jpg 123 887.96 795.78 655.41 553.29 465.11 484.99
6914973604056~A~back_camera2-33.jpg 123 843.62 800.16 705.54 539.93 276.15 520.46
6914973604056~A~back_camera2-1.jpg 123 819.32 855.08 554.63 729.39 529.37 251.38
6914973604056~A~back_camera2-8.jpg 123 864.43 893.36 653.04 639.23 422.78 508.26
6914973604056~A~back_camera2-37.jpg 123 822.81 826.83 576.7 598.88 492.21 455.9
6914973604056~A~back_camera2-31.jpg 123 856.26 792.26 741.39 535.21 229.74 514.1
6914973604056~A~back_camera2-19.jpg 123 921.83 841.33 658.47 658.55 526.71 365.56
6914973604056~A~back_camera2-35.jpg 123 830.79 811.82 628.94 554.11 403.69 515.42
6914973604056~A~back_camera2-40.jpg 123 820.34 850.58 554.23 704.79 532.22 291.58
6914973604056~A~back_camera2-6.jpg 123 847.92 887.43 597.88 669.54 500.09 435.78
6914973604056~A~back_camera2-38.jpg 123 820.56 834.37 560.85 629.35 519.41 410.04
6914973604056~A~back_camera2-5.jpg 123 840.75 882.19 581.59 690.28 518.32 383.83
6914973604056~A~back_camera2-9.jpg 123 872.42 893.25 687.12 631.96 370.6 522.58
6914973604056~A~back_camera2-36.jpg 123 826.37 818.83 599.27 572.24 454.19 493.18
6914973604056~A~back_camera2-34.jpg 123 837.27 805.16 664.58 543.12 345.38 524.09
6914973604056~A~back_camera2-39.jpg 123 820.27 842.69 554.54 665.0 531.47 355.39
6914973604056~A~back_camera2-4.jpg 123 832.7 876.94 569.55 715.49 526.31 322.9
6914973604056~A~back_camera3-1.jpg 123 1029.54 873.98 777.87 822.25 503.33 103.45
6914973604056~A~back_camera0-2.jpg 123 1098.24 1091.57 838.87 1057.13 518.73 68.87
6914973604056~A~back_camera3-15.jpg 123 960.25 889.5 764.78 781.53 390.93 215.95
6914973604056~A~back_camera0-36.jpg 123 1116.35 1108.86 881.97 1037.36 468.76 142.99
6914973604056~A~back_camera3-11.jpg 123 957.62 879.12 853.87 761.45 207.51 235.35
6914973604056~A~back_camera3-10.jpg 123 962.26 878.11 824.64 761.05 275.24 234.11
6914973604056~A~back_camera3-17.jpg 123 947.98 894.22 710.81 800.88 474.34 186.68
6914973604056~A~back_camera0-37.jpg 123 1114.73 1106.2 862.8 1040.28 503.86 131.84
6914973604056~A~back_camera3-19.jpg 123 935.86 895.34 678.07 825.65 515.57 139.37
6914973604056~A~back_camera3-20.jpg 123 930.26 896.32 671.7 840.08 517.11 112.47
6914973604056~A~back_camera3-26.jpg 123 951.44 913.83 709.48 791.27 483.92 245.12
6914973604056~A~back_camera3-13.jpg 123 971.36 882.93 836.73 766.66 269.26 232.54
6914973604056~A~back_camera3-16.jpg 123 954.55 892.64 735.48 790.54 438.14 204.21
6914973604056~A~back_camera3-28.jpg 123 963.43 918.93 764.02 784.0 398.82 269.86
6914973604056~A~back_camera3-14.jpg 123 966.35 885.51 799.16 772.04 334.37 226.94
6914973604056~A~back_camera3-2.jpg 123 1033.59 874.88 782.97 810.46 501.24 128.84
6914973604056~A~back_camera3-22.jpg 123 941.09 895.72 685.27 822.62 511.63 146.2
6914973604056~A~back_camera0-22.jpg 123 1005.86 1101.68 741.71 1057.34 528.3 88.68
6914973604056~A~back_camera3-34.jpg 123 1038.7 913.69 854.15 775.69 369.11 276.0
6914973604056~A~back_camera3-29.jpg 123 973.43 918.98 805.37 782.7 336.12 272.56
6914973604056~A~back_camera3-21.jpg 123 929.56 890.7 674.6 834.46 509.92 112.48
6914973604056~A~back_camera3-31.jpg 123 995.83 918.62 899.05 777.26 193.56 282.71
6914973604056~A~back_camera3-30.jpg 123 983.17 917.82 849.67 781.39 267.01 272.85
6914973604056~A~back_camera3-24.jpg 123 946.14 905.11 685.51 803.67 521.26 202.87
6914973604056~A~back_camera3-12.jpg 123 975.54 879.9 874.54 762.94 202.01 233.91
6914973604056~A~back_camera3-32.jpg 123 1024.24 918.9 906.51 775.0 235.47 287.81
6914973604056~A~back_camera3-36.jpg 123 1043.75 903.87 812.65 783.81 462.21 240.12
6914973604056~A~back_camera3-18.jpg 123 941.3 895.26 691.54 812.7 499.53 165.12
6914973604056~A~back_camera3-23.jpg 123 944.88 898.82 685.57 813.12 518.62 171.4
6914973604056~A~back_camera3-4.jpg 123 1018.61 873.09 767.4 781.71 502.42 182.76
6914973604056~A~back_camera3-37.jpg 123 1042.82 899.08 796.33 790.6 492.98 216.95
6914973604056~A~back_camera3-5.jpg 123 1007.17 873.94 762.53 773.49 489.28 200.9
6914973604056~A~back_camera3-7.jpg 123 986.29 875.75 770.05 759.74 432.48 232.02
6914973604056~A~back_camera3-8.jpg 123 976.48 877.43 782.01 758.26 388.94 238.35
6914973604056~A~back_camera3-39.jpg 123 1033.77 885.24 777.86 807.81 511.81 154.87
6914973604056~A~back_camera3-25.jpg 123 947.73 909.58 691.63 796.21 512.19 226.73
6914973604056~A~back_camera3-27.jpg 123 957.25 915.46 734.3 787.02 445.9 256.88
6914973604056~A~back_camera3-40.jpg 123 1027.82 878.83 775.95 817.65 503.74 122.36
6914973604056~A~back_camera3-6.jpg 123 995.92 873.86 763.53 764.54 464.79 218.64
6914973604056~A~back_camera3-3.jpg 123 1028.44 873.75 776.43 795.34 504.02 156.83
6914973604056~A~back_camera3-38.jpg 123 1038.8 891.75 785.56 798.33 506.48 186.84
6914973604056~A~back_camera3-33.jpg 123 1032.34 917.29 879.08 775.01 306.51 284.56
6914973604056~A~back_camera3-9.jpg 123 968.87 877.71 801.14 757.73 335.46 239.96
6914973604056~A~back_camera3-35.jpg 123 1042.03 908.77 831.83 778.81 420.4 259.93
