6914973608306_camera0-15.jpg 124 1415.97 1286.66 1097.23 1233.54 637.48 106.25
6914973608306_camera0-14.jpg 124 1411.45 1289.29 1083.07 1226.42 656.77 125.73
6914973608306_camera0-20.jpg 124 1414.96 1285.75 1276.9 1215.27 276.12 140.97
6914973608306_camera0-17.jpg 124 1418.76 1286.55 1137.32 1218.86 562.89 135.38
6914973608306_camera0-19.jpg 124 1410.91 1287.87 1213.88 1206.43 394.05 162.88
6914973608306_camera0-16.jpg 124 1415.67 1285.16 1111.62 1225.06 608.1 120.21
6914973608306_camera0-18.jpg 124 1412.71 1288.03 1182.32 1222.79 460.78 130.49
6914973608306_camera0-1.jpg 124 1394.91 1281.84 1261.74 1208.22 266.35 147.24
6914973608306_camera0-21.jpg 124 1446.48 1282.67 1320.06 1203.54 252.84 158.26
6914973608306_camera0-22.jpg 124 1450.64 1280.0 1293.75 1207.27 313.78 145.46
6914973608306_camera0-23.jpg 124 1450.97 1282.85 1246.51 1212.94 408.93 139.81
6914973608306_camera0-24.jpg 124 1445.38 1278.53 1195.57 1203.26 499.61 150.54
6914973608306_camera0-25.jpg 124 1445.19 1276.66 1179.12 1206.96 532.14 139.4
6914973608306_camera0-27.jpg 124 1422.88 1272.23 1098.01 1203.77 649.73 136.93
6914973608306_camera0-26.jpg 124 1418.91 1279.36 1116.16 1208.22 605.49 142.27
6914973608306_camera0-2.jpg 124 1396.98 1281.24 1240.09 1211.63 313.78 139.22
6914973608306_camera0-28.jpg 124 1413.94 1278.54 1084.73 1213.19 658.43 130.69
6914973608306_camera0-29.jpg 124 1412.25 1272.84 1088.49 1215.49 647.52 114.7
6914973608306_camera0-31.jpg 124 1392.56 1267.37 1053.85 1218.02 677.42 98.7
6914973608306_camera0-32.jpg 124 1392.08 1261.84 1053.88 1214.33 676.39 95.01
6914973608306_camera0-30.jpg 124 1403.86 1270.24 1080.37 1217.91 646.99 104.66
6914973608306_camera0-33.jpg 124 1385.36 1262.07 1051.85 1213.23 667.03 97.67
6914973608306_camera0-35.jpg 124 1372.91 1264.63 1050.67 1197.55 644.49 134.16
6914973608306_camera0-36.jpg 124 1370.99 1269.8 1088.95 1212.71 564.08 114.18
6914973608306_camera0-34.jpg 124 1366.34 1267.26 1016.47 1205.44 699.73 123.64
6914973608306_camera0-38.jpg 124 1354.26 1273.04 1111.38 1200.56 485.76 144.96
6914973608306_camera0-37.jpg 124 1368.76 1270.08 1112.39 1207.65 512.74 124.85
6914973608306_camera0-39.jpg 124 1349.32 1279.71 1149.99 1209.83 398.66 139.77
6914973608306_camera0-3.jpg 124 1407.11 1277.78 1203.24 1197.55 407.74 160.47
6914973608306_camera0-4.jpg 124 1413.14 1277.35 1174.49 1211.54 477.31 131.62
6914973608306_camera0-6.jpg 124 1407.12 1276.47 1090.13 1205.44 633.97 142.05
6914973608306_camera0-40.jpg 124 1352.68 1280.76 1196.48 1212.57 312.4 136.38
6914973608306_camera0-5.jpg 124 1415.24 1281.86 1133.06 1210.96 564.37 141.8
6914973608306_camera1-11.jpg 124 1280.85 1163.35 958.6 1037.08 644.49 252.54
6914973608306_camera1-14.jpg 124 1281.79 1167.56 993.18 959.82 577.22 415.47
6914973608306_camera1-15.jpg 124 1281.65 1169.14 1005.28 946.71 552.74 444.86
6914973608306_camera1-10.jpg 124 1280.64 1163.53 962.18 1071.71 636.92 183.63
6914973608306_camera1-13.jpg 124 1282.16 1163.35 966.49 984.47 631.34 357.76
6914973608306_camera1-12.jpg 124 1291.26 1165.54 969.54 1020.58 643.45 289.91
6914973608306_camera1-21.jpg 124 1304.53 1148.88 1163.79 897.66 281.47 502.44
6914973608306_camera1-1.jpg 124 1257.53 1181.7 1102.92 941.46 309.22 480.49
6914973608306_camera1-19.jpg 124 1278.22 1152.83 1124.33 900.29 307.78 505.07
6914973608306_camera1-16.jpg 124 1279.11 1166.04 1018.55 926.99 521.12 478.1
6914973608306_camera1-20.jpg 124 1297.39 1153.39 1194.32 914.74 206.15 477.31
6914973608306_camera1-22.jpg 124 1287.42 1156.77 1084.87 908.18 405.11 497.18
6914973608306_camera1-26.jpg 124 1272.91 1142.13 977.69 955.11 590.44 374.04
6914973608306_camera1-28.jpg 124 1257.17 1129.15 950.71 987.1 612.93 284.1
6914973608306_camera1-27.jpg 124 1260.99 1131.68 955.85 976.05 610.29 311.26
6914973608306_camera1-29.jpg 124 1250.57 1126.34 939.83 1006.67 621.48 239.33
6914973608306_camera1-25.jpg 124 1281.31 1147.86 1006.89 937.94 548.84 419.84
6914973608306_camera1-24.jpg 124 1284.8 1150.19 1029.63 908.18 510.33 484.03
6914973608306_camera1-2.jpg 124 1255.64 1182.92 1071.54 940.14 368.21 485.57
6914973608306_camera1-30.jpg 124 1249.61 1120.55 937.9 1031.76 623.41 177.57
6914973608306_camera1-31.jpg 124 1233.49 1126.51 905.99 1013.4 655.01 226.23
6914973608306_camera1-33.jpg 124 1234.29 1143.87 927.61 984.47 613.35 318.8
6914973608306_camera1-34.jpg 124 1228.61 1142.73 932.86 949.27 591.49 386.93
6914973608306_camera1-32.jpg 124 1232.18 1129.15 916.51 984.47 631.34 289.36
6914973608306_camera1-35.jpg 124 1221.21 1150.33 940.8 935.26 560.82 430.13
6914973608306_camera1-37.jpg 124 1212.45 1165.98 979.65 929.23 465.61 473.5
6914973608306_camera1-36.jpg 124 1221.25 1164.94 969.73 941.3 503.04 447.29
6914973608306_camera1-39.jpg 124 1219.48 1174.28 1079.8 935.62 279.36 477.31
6914973608306_camera1-38.jpg 124 1218.91 1169.53 1029.19 928.65 379.44 481.77
6914973608306_camera1-3.jpg 124 1261.16 1180.16 1040.49 935.85 441.34 488.63
6914973608306_camera1-40.jpg 124 1234.45 1172.07 1123.13 935.97 222.63 472.2
6914973608306_camera1-9.jpg 124 1276.33 1166.32 962.74 1064.56 627.17 203.51
6914973608306_camera1-6.jpg 124 1263.79 1184.1 961.68 977.88 604.22 412.44
6914973608306_camera1-8.jpg 124 1271.68 1169.09 955.66 1039.7 632.05 258.77
6914973608306_camera2-10.jpg 124 1294.0 857.98 1194.03 581.47 199.94 553.02
6914973608306_camera2-11.jpg 124 1295.58 861.38 1182.2 584.66 226.76 553.43
6914973608306_camera2-12.jpg 124 1289.85 856.23 1134.0 577.26 311.7 557.94
6914973608306_camera2-14.jpg 124 1281.97 848.65 1045.7 580.17 472.53 536.97
6914973608306_camera2-13.jpg 124 1281.46 856.13 1090.38 570.48 382.15 571.3
6914973608306_camera2-15.jpg 124 1281.36 847.39 1035.64 595.96 491.44 502.87
6914973608306_camera2-21.jpg 124 1256.78 849.24 975.54 725.16 562.47 248.15
6914973608306_camera2-20.jpg 124 1257.66 848.25 984.78 753.9 545.77 188.71
6914973608306_camera2-23.jpg 124 1248.36 857.05 966.45 663.74 563.82 386.62
6914973608306_camera2-26.jpg 124 1244.97 875.65 1021.12 612.94 447.71 525.42
6914973608306_camera2-28.jpg 124 1238.69 881.38 1072.08 599.9 333.23 562.95
6914973608306_camera2-27.jpg 124 1240.75 875.81 1049.68 593.9 382.14 563.82
6914973608306_camera2-29.jpg 124 1242.36 883.68 1108.47 609.8 267.77 547.77
6914973608306_camera2-30.jpg 124 1247.53 884.76 1155.11 612.92 184.85 543.69
6914973608306_camera2-32.jpg 124 1256.72 898.46 1097.93 613.1 317.58 570.72
6914973608306_camera2-40.jpg 124 1285.41 899.45 1012.53 805.09 545.77 188.71
6914973608306_camera2-6.jpg 124 1291.37 870.04 1053.3 610.93 476.14 518.22
6914973608306_camera2-9.jpg 124 1294.8 859.79 1172.69 583.07 244.21 553.43
6914973608306_camera3-10.jpg 124 1378.38 1347.18 1060.74 1257.85 635.27 178.67
6914973608306_camera3-11.jpg 124 1382.12 1340.91 1061.19 1242.27 641.86 197.29
6914973608306_camera2-7.jpg 124 1295.85 868.38 1089.88 587.15 411.93 562.47
6914973608306_camera2-8.jpg 124 1287.42 856.89 1132.22 574.1 310.41 565.58
6914973608306_camera3-13.jpg 124 1374.8 1352.99 1075.66 1230.83 598.27 244.32
6914973608306_camera3-19.jpg 124 1416.55 1350.23 1291.1 1207.4 250.91 285.65
6914973608306_camera3-21.jpg 124 1439.42 1353.05 1224.63 1206.72 429.57 292.65
6914973608306_camera3-20.jpg 124 1430.14 1351.24 1266.28 1214.99 327.73 272.51
6914973608306_camera3-22.jpg 124 1442.06 1348.68 1193.91 1207.24 496.3 282.89
6914973608306_camera3-24.jpg 124 1441.31 1348.8 1137.48 1223.85 607.66 249.91
6914973608306_camera3-27.jpg 124 1426.13 1339.45 1107.92 1256.19 636.42 166.51
6914973608306_camera3-25.jpg 124 1435.9 1343.72 1118.27 1228.75 635.27 229.95
6914973608306_camera3-23.jpg 124 1440.1 1350.08 1166.15 1219.77 547.89 260.61
6914973608306_camera3-28.jpg 124 1420.57 1339.68 1107.27 1266.28 626.6 146.8
6914973608306_camera3-29.jpg 124 1426.7 1345.93 1110.28 1271.14 632.85 149.58
6914973608306_camera3-33.jpg 124 1399.01 1351.28 1110.69 1240.63 576.64 221.3
6914973608306_camera3-26.jpg 124 1437.37 1334.33 1103.28 1223.85 668.17 220.97
6914973608306_camera3-30.jpg 124 1423.41 1351.0 1108.63 1277.26 629.55 147.48
6914973608306_camera3-32.jpg 124 1409.74 1338.28 1098.02 1223.85 623.45 228.86
6914973608306_camera3-31.jpg 124 1411.7 1347.57 1095.49 1255.4 632.43 184.34
6914973608306_camera3-39.jpg 124 1403.98 1344.64 1280.95 1214.21 246.06 260.86
6914973608306_camera3-6.jpg 124 1378.88 1347.87 1067.62 1250.0 622.53 195.73
6914973608306_camera3-9.jpg 124 1366.34 1355.38 1042.78 1281.72 647.12 147.31
6914973608306_camera3-8.jpg 124 1368.91 1349.83 1046.32 1276.1 645.19 147.47
6914973608306~A_camera0-1.jpg 124 1148.7 1088.52 861.02 1033.32 575.37 110.4
6914973608306~A_camera0-10.jpg 124 1118.42 1097.57 986.99 1030.17 262.87 134.8
6914973608306~A_camera0-20.jpg 124 1101.79 1097.74 809.24 1046.58 585.09 102.32
6914973608306~A_camera0-32.jpg 124 1178.03 1104.96 962.29 1035.65 431.48 138.61
6914973608306~A_camera0-33.jpg 124 1178.28 1100.84 936.21 1033.09 484.14 135.49
6914973608306~A_camera0-28.jpg 124 1118.45 1103.45 996.28 1029.38 244.35 148.13
6914973608306~A_camera0-8.jpg 124 1097.81 1094.6 966.86 1024.39 261.9 140.41
6914973608306~A_camera0-40.jpg 124 1155.29 1087.72 868.28 1037.04 574.02 101.36
6914973608306~A_camera0-29.jpg 124 1154.19 1103.89 1048.57 1030.43 211.25 146.93
6914973608306~A_camera1-8.jpg 124 1115.99 692.88 1023.26 540.81 185.47 304.14
6914973608306~A_camera2-29.jpg 124 882.02 793.72 776.81 515.63 210.42 556.18
6914973608306~A_camera0-19.jpg 124 1096.22 1096.42 804.37 1052.34 583.7 88.16
6914973608306~A_camera0-6.jpg 124 1104.06 1096.86 901.69 1031.76 404.73 130.19
6914973608306~A~back_camera0-16.jpg 124 1111.38 1102.31 888.26 1035.63 446.25 133.35
6914973608306~A~back_camera0-2.jpg 124 1090.78 1086.65 822.53 1046.02 536.51 81.27
6914973608306~A~back_camera0-34.jpg 124 1116.38 1100.26 942.23 1033.16 348.31 134.19
6914973608306~A_camera3-34.jpg 124 1113.97 880.76 860.93 772.61 506.08 216.31
6914973608306~A_camera0-9.jpg 124 1104.8 1095.96 998.54 1028.17 212.51 135.58
6914973608306~A~back_camera1-19.jpg 124 1353.18 1045.63 1134.8 939.68 436.77 211.91
6914973608306~A~back_camera2-26.jpg 124 1074.67 699.8 822.31 468.47 504.72 462.66
6914973608306~A~back_camera2-2.jpg 124 1092.33 714.29 816.4 610.41 551.85 207.77
6914973608306~A~back_camera2-11.jpg 124 1104.08 695.8 1000.46 423.04 207.24 545.51
6914973608306~A_camera3-12.jpg 124 1057.8 876.27 860.06 758.01 395.48 236.53
6914973608306~A~back_camera1-27.jpg 124 1343.71 1039.92 1155.66 914.61 376.1 250.63
6914973608306~A~back_camera0-29.jpg 124 1087.61 1100.07 918.92 1042.75 337.37 114.64
6914973608306~A~back_camera2-35.jpg 124 1083.3 708.13 873.88 440.64 418.83 534.99
6914973608306~A~back_camera2-6.jpg 124 1096.47 698.68 841.13 472.14 510.69 453.08
6914973608306~A~back_camera3-37.jpg 124 1035.84 1084.58 801.63 979.29 468.41 210.57
6914973608306~A~back_camera2-29.jpg 124 1071.21 699.9 899.24 424.98 343.95 549.85
6914973608306~A~back_camera2-10.jpg 124 1104.28 698.17 962.31 420.41 283.95 555.53
6914973608306~A~back_camera3-9.jpg 124 991.92 1091.11 820.69 964.19 342.45 253.84
6914973608306~A~back_camera3-29.jpg 124 1022.12 1093.45 858.68 977.66 326.87 231.58
6914973608306~A~back_camera1-12.jpg 124 1337.49 1045.22 1249.97 899.36 175.04 291.72
6914973608306~A~back_camera2-21.jpg 124 1082.76 682.66 809.76 581.37 546.0 202.59
6914973608306~A~back_camera2-40.jpg 124 1087.36 715.85 811.01 582.6 552.69 266.49
6914973608306~A~back_camera3-26.jpg 124 1020.44 1087.02 782.16 990.77 476.56 192.5
6914973608306~A~back_camera3-15.jpg 124 1037.68 1097.99 845.93 975.12 383.5 245.74
6914973608306~A~back_camera3-2.jpg 124 1022.43 1066.94 764.4 1010.71 516.06 112.47
6914973608306~A~back_camera2-12.jpg 124 1101.54 692.52 992.82 414.73 217.44 555.57
6914973608306~A_camera0-7.jpg 124 1099.78 1089.83 931.76 1016.99 336.04 145.67
6914973608306~A_camera0-3.jpg 124 1127.65 1088.95 855.34 1024.33 544.63 129.25
6914973608306~A_camera0-31.jpg 124 1174.07 1101.81 989.38 1026.61 369.37 150.4
6914973608306~A_camera0-2.jpg 124 1138.59 1089.25 855.37 1029.65 566.43 119.19
6914973608306~A_camera0-18.jpg 124 1091.31 1097.28 805.75 1057.44 571.11 79.67
6914973608306~A_camera3-6.jpg 124 1050.16 862.86 867.0 733.75 366.32 258.22
6914973608306~A~back_camera1-23.jpg 124 1351.05 1034.13 1123.61 964.45 454.89 139.37
6914973608306~A~back_camera1-37.jpg 124 1352.27 1036.7 1147.09 908.55 410.36 256.3
6914973608306~A~back_camera2-13.jpg 124 1097.43 693.14 954.34 412.52 286.19 561.25
6914973608306~A~back_camera0-9.jpg 124 1056.25 1096.95 879.53 1029.09 353.44 135.73
6914973608306~A~back_camera2-22.jpg 124 1079.21 684.21 802.07 571.7 554.28 225.01
6914973608306~A~back_camera1-7.jpg 124 1322.62 1037.41 1131.96 902.78 381.33 269.27
6914973608306~A_camera3-5.jpg 124 1054.99 862.9 841.52 736.27 426.95 253.26
6914973608306~A_camera2-26.jpg 124 896.37 786.99 705.85 507.25 381.04 559.48
6914973608306~A~back_camera2-27.jpg 124 1073.69 700.31 842.49 447.86 462.41 504.9
6914973608306~A~back_camera2-7.jpg 124 1098.91 698.41 863.75 449.34 470.32 498.15
6914973608306~A~back_camera1-10.jpg 124 1318.39 1045.03 1202.01 894.27 232.77 301.53
6914973608306~A~back_camera2-4.jpg 124 1093.14 707.28 815.65 533.49 554.99 347.59
6914973608306~A~back_camera3-16.jpg 124 1039.7 1097.18 825.69 979.3 428.02 235.76
6914973608306~A~back_camera2-33.jpg 124 1074.82 704.84 924.0 425.05 301.64 559.58
6914973608306~A~back_camera3-3.jpg 124 1019.0 1070.78 760.19 999.62 517.62 142.31
6914973608306~A~back_camera3-14.jpg 124 1033.94 1098.23 869.77 972.75 328.35 250.97
6914973608306~A~back_camera3-33.jpg 124 1049.89 1093.01 913.34 968.56 273.1 248.9
6914973608306~A~back_camera1-5.jpg 124 1332.26 1028.09 1114.99 918.48 434.54 219.22
6914973608306~A~back_camera2-34.jpg 124 1078.91 706.94 896.42 429.27 364.98 555.34
6914973608306~A~back_camera3-12.jpg 124 1023.0 1092.64 925.11 968.05 195.79 249.19
6914973608306~A~back_camera3-4.jpg 124 1014.07 1074.11 756.21 989.81 515.72 168.59
6914973608306~A~back_camera2-30.jpg 124 1070.64 700.12 934.83 421.99 271.63 556.27
6914973608306~A~back_camera3-35.jpg 124 1041.56 1090.19 850.51 969.53 382.1 241.32
6914973608306~A~back_camera3-8.jpg 124 992.79 1089.62 793.11 967.21 399.36 244.81
6914973608306~A~back_camera2-5.jpg 124 1094.87 702.72 825.89 500.4 537.95 404.65
6914973608306~A~back_camera2-17.jpg 124 1084.65 685.67 835.38 451.18 498.55 468.99
6914973608306~A~back_camera3-13.jpg 124 1029.37 1097.41 896.93 971.91 264.88 251.01
6914973608306~A~back_camera3-22.jpg 124 1031.96 1081.13 774.18 1029.34 515.56 103.59
6914973608306~A~back_camera3-34.jpg 124 1045.49 1091.34 879.05 966.55 332.88 249.58
6914973608306~A~back_camera3-6.jpg 124 1000.57 1082.69 761.41 974.73 478.32 215.92
6914973608306~A_camera0-39.jpg 124 1159.79 1087.46 872.07 1039.99 575.44 94.95
6914973608306~A_camera3-10.jpg 124 1063.36 874.48 931.5 751.95 263.71 245.05
6914973608306~A_camera3-11.jpg 124 1061.21 875.58 895.01 753.56 332.4 244.04
6914973608306~A_camera3-28.jpg 124 1067.71 893.94 960.24 758.76 214.95 270.36
6914973608306~A_camera3-31.jpg 124 1111.89 890.45 930.63 756.07 362.52 268.75
6914973608306~A~back_camera0-10.jpg 124 1058.1 1097.87 915.23 1028.38 285.73 138.97
6914973608306~A_camera3-3.jpg 124 1069.34 862.51 813.98 750.47 510.72 224.08
6914973608306~A~back_camera0-28.jpg 124 1085.77 1099.21 885.27 1045.32 401.0 107.78
6914973608306~A~back_camera0-11.jpg 124 1061.99 1098.23 956.08 1027.64 211.82 141.17
6914973608306~A_camera3-33.jpg 124 1116.23 883.85 880.57 765.61 471.31 236.47
6914973608306~A~back_camera0-12.jpg 124 1092.7 1097.54 989.81 1027.95 205.78 139.17
6914973608306~A~back_camera0-14.jpg 124 1104.78 1099.63 932.44 1030.08 344.68 139.11
6914973608306~A~back_camera0-30.jpg 124 1091.21 1100.01 958.67 1039.3 265.09 121.42
6914973608306~A~back_camera1-14.jpg 124 1347.89 1051.39 1203.78 902.58 288.22 297.63
6914973608306~A~back_camera0-13.jpg 124 1099.33 1097.47 960.1 1028.18 278.46 138.57
6914973608306~A~back_camera0-31.jpg 124 1099.62 1100.39 1002.41 1037.62 194.43 125.54
6914973608306~A~back_camera0-4.jpg 124 1081.99 1088.61 814.2 1043.42 535.57 90.37
6914973608306~A~back_camera0-3.jpg 124 1087.99 1085.34 817.76 1045.65 540.47 79.37
6914973608306~A~back_camera1-13.jpg 124 1343.14 1049.56 1226.02 901.53 234.24 296.05
6914973608306~A~back_camera0-5.jpg 124 1074.68 1090.58 813.89 1039.65 521.58 101.85
6914973608306~A~back_camera1-1.jpg 124 1339.56 1021.72 1117.18 950.95 444.76 141.54
6914973608306~A~back_camera1-2.jpg 124 1340.65 1015.0 1115.07 958.51 451.17 112.97
6914973608306~A~back_camera1-22.jpg 124 1350.25 1032.48 1125.62 979.12 449.26 106.73
6914973608306~A~back_camera1-20.jpg 124 1348.15 1042.11 1126.94 953.11 442.42 178.0
6914973608306~A~back_camera2-23.jpg 124 1078.94 684.13 799.6 531.03 558.68 306.21
6914973608306~A~back_camera1-28.jpg 124 1343.33 1042.57 1177.45 906.69 331.75 271.75
6914973608306~A~back_camera1-3.jpg 124 1340.49 1019.28 1115.35 943.71 450.29 151.14
6914973608306~A~back_camera1-25.jpg 124 1346.33 1036.89 1128.17 937.32 436.32 199.14
6914973608306~A~back_camera2-36.jpg 124 1086.23 709.91 853.02 457.78 466.42 504.26
6914973608306~A~back_camera1-31.jpg 124 1347.8 1039.92 1270.05 892.3 155.5 295.24
6914973608306~A~back_camera1-35.jpg 124 1354.79 1041.15 1185.36 893.13 338.86 296.05
6914973608306~A~back_camera1-33.jpg 124 1360.43 1039.85 1238.25 886.56 244.36 306.58
6914973608306~A~back_camera2-1.jpg 124 1088.13 715.88 814.1 607.73 548.06 216.3
6914973608306~A~back_camera1-40.jpg 124 1342.03 1025.38 1118.27 943.41 447.53 163.93
6914973608306~A~back_camera2-18.jpg 124 1083.85 683.22 818.94 474.49 529.81 417.45
6914973608306~A~back_camera1-15.jpg 124 1351.18 1053.16 1182.92 906.09 336.52 294.14
6914973608306~A~back_camera1-8.jpg 124 1320.08 1041.0 1150.78 897.67 338.59 286.67
6914973608306~A~back_camera1-36.jpg 124 1354.01 1038.81 1164.4 899.25 379.22 279.12
6914973608306~A~back_camera2-24.jpg 124 1077.43 692.36 801.54 511.56 551.79 361.59
6914973608306~A~back_camera2-25.jpg 124 1076.29 696.45 808.58 487.18 535.41 418.54
6914973608306~A~back_camera1-21.jpg 124 1347.93 1037.95 1123.73 967.1 448.41 141.7
6914973608306~A~back_camera1-39.jpg 124 1345.74 1029.51 1123.36 930.54 444.77 197.94
6914973608306~A~back_camera2-20.jpg 124 1083.91 681.71 808.41 541.71 551.01 280.0
6914973608306~A~back_camera2-14.jpg 124 1093.93 692.03 917.76 414.05 352.34 555.96
6914973608306~A~back_camera2-28.jpg 124 1072.05 699.62 867.54 432.48 409.03 534.28
6914973608306~A~back_camera2-37.jpg 124 1086.07 711.24 833.43 481.12 505.28 460.24
6914973608306~A~back_camera3-21.jpg 124 1028.23 1082.8 770.8 1023.48 514.87 118.63
6914973608306~A~back_camera2-15.jpg 124 1089.52 688.62 884.35 418.2 410.34 540.85
6914973608306~A~back_camera3-23.jpg 124 1029.54 1082.35 768.81 1019.35 521.46 126.0
6914973608306~A~back_camera2-19.jpg 124 1083.47 682.8 809.88 506.77 547.18 352.06
6914973608306~A~back_camera2-9.jpg 124 1102.99 697.37 925.83 423.45 354.31 547.84
6914973608306~A~back_camera3-28.jpg 124 1019.53 1092.23 825.98 981.52 387.1 221.42
6914973608306~A~back_camera3-25.jpg 124 1022.89 1084.69 771.0 999.36 503.78 170.66
6914973608306~A~back_camera2-39.jpg 124 1086.57 715.11 811.53 545.4 550.08 339.42
6914973608306~A~back_camera3-27.jpg 124 1019.46 1090.96 800.61 986.19 437.69 209.54
6914973608306~A~back_camera3-39.jpg 124 1025.48 1077.18 769.84 994.96 511.28 164.45
6914973608306~A~back_camera2-32.jpg 124 1072.16 704.73 956.44 426.79 231.44 555.88
6914973608306~A~back_camera3-24.jpg 124 1026.64 1083.73 767.16 1008.54 518.96 150.39
6914973608306~A~back_camera2-31.jpg 124 1071.73 702.13 974.65 427.63 194.16 549.0
6914973608306~A~back_camera2-38.jpg 124 1086.85 713.78 819.63 511.66 534.44 404.23
6914973608306~A~back_camera3-31.jpg 124 1028.82 1091.36 936.65 971.35 184.34 240.01
6914973608306~A~back_camera3-11.jpg 124 996.8 1091.95 893.64 965.71 206.33 252.49
6914973608306~A_camera0-30.jpg 124 1166.99 1103.44 1019.39 1028.09 295.2 150.7
6914973608306~A_camera0-4.jpg 124 1117.92 1088.28 863.34 1019.91 509.16 136.74
6914973608306~A~back_camera0-32.jpg 124 1121.15 1098.79 1009.9 1033.21 222.5 131.15
6914973608306~A_camera3-29.jpg 124 1098.31 893.61 989.08 757.0 218.45 273.22
6914973608306~A_camera3-9.jpg 124 1063.38 869.62 967.61 744.44 191.55 250.36
6914973608306~A~back_camera0-8.jpg 124 1058.13 1096.25 851.57 1031.32 413.13 129.86
6914973608306~A~back_camera1-18.jpg 124 1357.2 1048.35 1147.14 928.62 420.11 239.46
6914973608306~A~back_camera0-6.jpg 124 1067.52 1092.82 818.72 1036.14 497.6 113.35
6914973608306~A~back_camera1-34.jpg 124 1357.68 1040.07 1210.22 887.32 294.92 305.49
6914973608306~A~back_camera1-6.jpg 124 1326.97 1032.78 1120.55 909.71 412.85 246.14
6914973608306~A~back_camera0-33.jpg 124 1119.42 1099.41 974.81 1032.68 289.22 133.46
6914973608306~A~back_camera1-26.jpg 124 1344.69 1038.69 1139.26 925.48 410.86 226.43
6914973608306~A~back_camera1-4.jpg 124 1337.06 1024.11 1112.95 930.6 448.22 187.01
6914973608306~A~back_camera1-11.jpg 124 1320.24 1045.94 1234.56 896.22 171.37 299.44
6914973608306~A~back_camera3-10.jpg 124 993.08 1091.56 854.65 963.6 276.86 255.91
6914973608306~A~back_camera0-15.jpg 124 1109.84 1101.12 908.91 1032.45 401.85 137.33
6914973608306~A~back_camera2-3.jpg 124 1091.53 710.61 812.48 571.28 558.1 278.66
6914973608306~A~back_camera3-1.jpg 124 1017.86 1071.11 760.91 1011.4 513.9 119.41
6914973608306~A~back_camera3-18.jpg 124 1035.32 1092.79 789.68 993.37 491.27 198.84
6914973608306~A~back_camera2-16.jpg 124 1084.6 687.25 857.48 431.74 454.24 511.02
6914973608306~A~back_camera3-5.jpg 124 1007.11 1078.85 755.03 981.22 504.15 195.26
6914973608306~A~back_camera0-7.jpg 124 1060.88 1094.43 830.83 1032.82 460.11 123.22
6914973608306~A~back_camera3-38.jpg 124 1030.86 1080.65 783.57 986.68 494.57 187.94
6914973608306~A~back_camera3-17.jpg 124 1039.41 1095.13 808.37 984.53 462.09 221.2
6914973608306~A~back_camera3-36.jpg 124 1039.01 1087.46 823.5 973.11 431.03 228.71
6914973608306~A~back_camera2-8.jpg 124 1100.49 696.42 891.12 432.57 418.75 527.71
6914973608306~A~back_camera1-38.jpg 124 1348.57 1034.06 1132.32 920.4 432.5 227.31
6914973608306~A~back_camera3-7.jpg 124 996.6 1086.52 774.49 969.98 444.22 233.08
