6914973105386-back_camera0-10.jpg 125 1392.08 1274.59 1225.99 1201.12 332.18 146.94
6914973105386-back_camera0-11.jpg 125 1414.01 1277.31 1220.68 1200.96 386.66 152.7
6914973105386-back_camera0-17.jpg 125 1404.16 1272.22 1058.09 1198.28 692.14 147.88
6914973105386-back_camera0-13.jpg 125 1418.36 1279.6 1148.94 1203.06 538.84 153.08
6914973105386-back_camera0-12.jpg 125 1415.5 1277.88 1181.29 1200.58 468.43 154.61
6914973105386-back_camera0-21.jpg 125 1433.09 1260.12 1097.35 1198.67 671.48 122.9
6914973105386-back_camera0-16.jpg 125 1414.61 1278.86 1075.53 1204.23 678.15 149.25
6914973105386-back_camera0-18.jpg 125 1402.31 1273.02 1058.11 1204.0 688.41 138.04
6914973105386-back_camera0-19.jpg 125 1401.77 1266.47 1066.83 1199.8 669.88 133.35
6914973105386-back_camera0-20.jpg 125 1420.24 1263.18 1081.34 1197.25 677.81 131.87
6914973105386-back_camera0-14.jpg 125 1418.91 1279.18 1119.2 1203.07 599.42 152.23
6914973105386-back_camera0-15.jpg 125 1426.05 1272.44 1111.54 1196.48 629.03 151.93
6914973105386-back_camera0-25.jpg 125 1402.38 1258.0 1086.8 1177.65 631.16 160.69
6914973105386-back_camera0-23.jpg 125 1413.69 1256.73 1069.09 1187.02 689.21 139.42
6914973105386-back_camera0-24.jpg 125 1407.59 1255.4 1083.14 1180.86 648.9 149.09
6914973105386-back_camera0-1.jpg 125 1401.67 1263.21 1066.22 1202.75 670.91 120.93
6914973105386-back_camera0-22.jpg 125 1421.43 1258.37 1078.23 1194.48 686.41 127.77
6914973105386-back_camera0-28.jpg 125 1399.78 1262.51 1172.6 1183.7 454.37 157.61
6914973105386-back_camera0-33.jpg 125 1440.89 1263.83 1167.42 1191.42 546.94 144.81
6914973105386-back_camera0-29.jpg 125 1400.49 1261.09 1219.45 1183.7 362.08 154.77
6914973105386-back_camera0-31.jpg 125 1442.1 1264.98 1244.52 1188.62 395.16 152.73
6914973105386-back_camera0-27.jpg 125 1400.49 1264.63 1141.36 1186.54 518.27 156.19
6914973105386-back_camera0-32.jpg 125 1444.23 1262.87 1209.06 1189.97 470.35 145.8
6914973105386-back_camera0-26.jpg 125 1402.37 1263.62 1110.06 1188.26 584.62 150.71
6914973105386-back_camera0-34.jpg 125 1435.99 1263.92 1137.1 1190.8 597.79 146.25
6914973105386-back_camera0-2.jpg 125 1397.01 1264.41 1056.39 1203.8 681.23 121.22
6914973105386-back_camera0-35.jpg 125 1430.84 1261.41 1111.14 1195.93 639.4 130.96
6914973105386-back_camera0-30.jpg 125 1430.97 1262.45 1269.32 1183.44 323.3 158.01
6914973105386-back_camera0-40.jpg 125 1404.76 1259.66 1069.45 1204.29 670.61 110.75
6914973105386-back_camera0-37.jpg 125 1414.34 1260.83 1077.25 1200.35 674.18 120.97
6914973105386-back_camera0-3.jpg 125 1386.65 1264.96 1046.01 1202.62 681.28 124.68
6914973105386-back_camera0-4.jpg 125 1380.14 1266.53 1046.34 1199.44 667.6 134.18
6914973105386-back_camera0-7.jpg 125 1366.18 1274.39 1098.44 1203.03 535.48 142.73
6914973105386-back_camera0-38.jpg 125 1401.27 1258.35 1060.14 1195.75 682.26 125.19
6914973105386-back_camera0-5.jpg 125 1376.76 1270.13 1058.7 1204.21 636.12 131.84
6914973105386-back_camera0-39.jpg 125 1390.43 1259.34 1061.65 1201.92 657.56 114.83
6914973105386-back_camera0-36.jpg 125 1423.14 1262.45 1088.66 1197.12 668.96 130.66
6914973105386-back_camera1-11.jpg 125 1271.98 1137.9 961.68 990.12 620.61 295.57
6914973105386-back_camera0-6.jpg 125 1370.17 1273.8 1074.83 1203.32 590.68 140.97
6914973105386-back_camera1-10.jpg 125 1270.89 1135.62 967.21 1012.27 607.36 246.69
6914973105386-back_camera1-13.jpg 125 1266.2 1140.0 952.2 932.49 628.01 415.02
6914973105386-back_camera1-17.jpg 125 1260.74 1142.22 1031.03 896.2 459.42 492.04
6914973105386-back_camera0-9.jpg 125 1369.93 1275.61 1181.01 1202.33 377.85 146.56
6914973105386-back_camera1-15.jpg 125 1262.99 1146.21 967.64 911.03 590.7 470.37
6914973105386-back_camera1-20.jpg 125 1283.05 1139.34 1139.94 904.05 286.22 470.57
6914973105386-back_camera0-8.jpg 125 1363.58 1276.88 1132.51 1203.33 462.14 147.09
6914973105386-back_camera1-12.jpg 125 1270.79 1143.49 954.55 959.55 632.48 367.89
6914973105386-back_camera1-16.jpg 125 1263.13 1142.08 989.19 900.25 547.89 483.65
6914973105386-back_camera1-18.jpg 125 1262.05 1143.23 1056.16 891.19 411.78 504.07
6914973105386-back_camera1-14.jpg 125 1264.92 1142.33 955.6 921.12 618.65 442.42
6914973105386-back_camera1-23.jpg 125 1290.28 1137.73 1041.17 888.62 498.22 498.22
6914973105386-back_camera1-19.jpg 125 1265.29 1138.6 1091.96 896.64 346.66 483.91
6914973105386-back_camera1-1.jpg 125 1253.83 1148.28 1081.3 910.69 345.06 475.17
6914973105386-back_camera1-21.jpg 125 1295.75 1142.49 1114.95 904.27 361.59 476.45
6914973105386-back_camera1-22.jpg 125 1293.17 1143.12 1076.16 897.94 434.02 490.35
6914973105386-back_camera1-30.jpg 125 1262.44 1114.65 961.37 999.8 602.14 229.71
6914973105386-back_camera1-32.jpg 125 1254.6 1119.49 938.53 954.74 632.14 329.5
6914973105386-back_camera1-26.jpg 125 1273.46 1126.89 963.56 926.5 619.81 400.78
6914973105386-back_camera1-24.jpg 125 1289.16 1136.57 1012.65 895.91 553.02 481.31
6914973105386-back_camera1-2.jpg 125 1257.08 1151.74 1049.06 908.23 416.04 487.03
6914973105386-back_camera1-28.jpg 125 1263.71 1117.95 952.06 957.18 623.3 321.55
6914973105386-back_camera1-27.jpg 125 1267.37 1122.49 946.35 934.41 642.04 376.17
6914973105386-back_camera1-25.jpg 125 1281.83 1131.26 976.95 909.75 609.76 443.02
6914973105386-back_camera1-29.jpg 125 1252.76 1117.05 949.07 980.06 607.37 273.99
6914973105386-back_camera1-31.jpg 125 1266.53 1114.76 960.7 974.37 611.65 280.78
6914973105386-back_camera1-35.jpg 125 1235.08 1125.48 939.73 903.97 590.69 443.02
6914973105386-back_camera1-34.jpg 125 1242.01 1120.22 934.0 912.4 616.02 415.64
6914973105386-back_camera1-33.jpg 125 1249.27 1120.07 934.47 928.64 629.59 382.86
6914973105386-back_camera1-38.jpg 125 1229.4 1128.32 1014.99 892.61 428.82 471.41
6914973105386-back_camera1-36.jpg 125 1233.33 1128.78 960.71 898.1 545.24 461.36
6914973105386-back_camera1-37.jpg 125 1227.97 1129.74 979.49 892.61 496.97 474.25
6914973105386-back_camera1-3.jpg 125 1256.3 1152.54 1010.79 907.63 491.03 489.82
6914973105386-back_camera1-39.jpg 125 1227.92 1133.53 1056.01 907.14 343.83 452.78
6914973105386-back_camera1-40.jpg 125 1241.19 1138.97 1094.59 914.71 293.21 448.52
6914973105386-back_camera1-4.jpg 125 1259.62 1148.9 984.52 908.55 550.19 480.7
6914973105386-back_camera1-8.jpg 125 1253.8 1145.34 936.91 981.65 633.79 327.38
6914973105386-back_camera1-5.jpg 125 1258.54 1148.91 961.74 921.49 593.59 454.84
6914973105386-back_camera1-6.jpg 125 1252.38 1149.53 941.77 935.83 621.22 427.4
6914973105386-back_camera1-7.jpg 125 1252.93 1148.83 935.52 960.77 634.82 376.11
6914973105386-back_camera2-12.jpg 125 1292.13 866.26 1090.86 585.47 402.55 561.58
6914973105386-back_camera1-9.jpg 125 1253.53 1146.78 945.23 1008.87 616.6 275.82
6914973105386-back_camera2-10.jpg 125 1288.52 870.81 1155.86 606.7 265.32 528.21
6914973105386-back_camera2-11.jpg 125 1291.97 874.9 1129.54 600.35 324.86 549.11
6914973105386-back_camera2-15.jpg 125 1286.5 863.31 1024.87 601.18 523.27 524.27
6914973105386-back_camera2-14.jpg 125 1289.33 866.75 1044.7 589.87 489.26 553.77
6914973105386-back_camera2-16.jpg 125 1283.2 861.95 1006.69 614.51 553.02 494.88
6914973105386-back_camera2-13.jpg 125 1289.25 864.42 1059.55 581.38 459.41 566.08
6914973105386-back_camera2-19.jpg 125 1275.32 855.97 1000.2 693.69 550.24 324.55
6914973105386-back_camera2-17.jpg 125 1279.63 854.71 993.5 640.56 572.27 428.31
6914973105386-back_camera2-18.jpg 125 1274.73 858.0 993.44 674.13 562.57 367.75
6914973105386-back_camera2-22.jpg 125 1269.47 852.09 991.67 667.2 555.6 369.77
6914973105386-back_camera2-20.jpg 125 1267.34 854.24 999.45 726.36 535.77 255.76
6914973105386-back_camera2-21.jpg 125 1273.77 856.58 1002.74 705.36 542.06 302.44
6914973105386-back_camera2-1.jpg 125 1274.5 886.32 1001.44 737.83 546.11 296.98
6914973105386-back_camera2-23.jpg 125 1266.04 856.36 984.67 640.62 562.74 431.48
6914973105386-back_camera2-26.jpg 125 1256.84 863.93 1018.67 585.96 476.34 555.94
6914973105386-back_camera2-25.jpg 125 1260.16 858.5 1001.53 589.53 517.26 537.95
6914973105386-back_camera2-24.jpg 125 1262.43 858.49 988.94 616.53 546.98 483.91
6914973105386-back_camera2-29.jpg 125 1255.11 869.12 1095.28 594.43 319.66 549.38
6914973105386-back_camera2-27.jpg 125 1256.88 864.72 1035.37 577.49 443.02 574.46
6914973105386-back_camera2-2.jpg 125 1271.54 885.79 986.34 702.77 570.4 366.04
6914973105386-back_camera2-32.jpg 125 1257.31 877.57 1070.41 597.57 373.79 560.0
6914973105386-back_camera2-33.jpg 125 1260.66 878.32 1040.32 595.99 440.68 564.65
6914973105386-back_camera2-28.jpg 125 1257.79 871.31 1060.42 585.91 394.74 570.81
6914973105386-back_camera2-31.jpg 125 1255.95 872.91 1101.66 602.79 308.57 540.25
6914973105386-back_camera2-30.jpg 125 1257.79 874.15 1134.79 612.71 246.0 522.89
6914973105386-back_camera2-35.jpg 125 1261.7 883.19 998.65 618.05 526.11 530.28
6914973105386-back_camera2-36.jpg 125 1264.8 886.91 986.91 640.14 555.77 493.55
6914973105386-back_camera2-38.jpg 125 1266.4 887.22 984.83 692.67 563.15 389.11
6914973105386-back_camera2-39.jpg 125 1271.45 889.53 993.44 731.14 556.01 316.78
6914973105386-back_camera2-37.jpg 125 1263.12 885.53 982.35 662.43 561.55 446.21
6914973105386-back_camera2-34.jpg 125 1259.85 882.62 1014.53 604.69 490.63 555.86
6914973105386-back_camera2-40.jpg 125 1269.25 885.86 1004.09 763.53 530.32 244.65
6914973105386-back_camera2-3.jpg 125 1280.6 885.53 1000.99 671.75 559.22 427.57
6914973105386-back_camera2-4.jpg 125 1280.33 886.05 1003.94 645.51 552.77 481.08
6914973105386-back_camera2-6.jpg 125 1279.09 881.17 1027.5 605.35 503.18 551.64
6914973105386-back_camera2-7.jpg 125 1279.09 880.55 1053.32 593.01 451.54 575.07
6914973105386-back_camera2-8.jpg 125 1283.66 877.5 1087.71 592.1 391.9 570.81
6914973105386-back_camera3-10.jpg 125 1387.53 1413.83 1050.55 1321.7 673.96 184.25
6914973105386-back_camera2-5.jpg 125 1280.34 882.41 1011.35 622.74 537.97 519.34
6914973105386-back_camera2-9.jpg 125 1286.92 874.49 1127.74 602.11 318.36 544.75
6914973105386-back_camera3-12.jpg 125 1375.55 1412.4 1040.24 1289.48 670.61 245.85
6914973105386-back_camera3-15.jpg 125 1368.66 1409.32 1080.33 1278.36 576.67 261.92
6914973105386-back_camera3-11.jpg 125 1384.69 1408.16 1042.0 1305.93 685.39 204.47
6914973105386-back_camera3-13.jpg 125 1373.31 1412.12 1045.92 1288.38 654.77 247.48
6914973105386-back_camera3-16.jpg 125 1368.44 1408.23 1107.34 1269.18 522.2 278.09
6914973105386-back_camera3-14.jpg 125 1372.26 1409.32 1060.97 1282.68 622.58 253.28
6914973105386-back_camera3-19.jpg 125 1400.23 1407.34 1237.47 1271.29 325.52 272.09
6914973105386-back_camera3-18.jpg 125 1377.19 1409.74 1211.64 1276.03 331.1 267.43
6914973105386-back_camera3-22.jpg 125 1414.69 1410.17 1141.36 1278.83 546.67 262.69
6914973105386-back_camera3-1.jpg 125 1377.4 1424.05 1153.13 1291.05 448.54 266.01
6914973105386-back_camera3-25.jpg 125 1388.42 1408.75 1049.06 1295.87 678.72 225.77
6914973105386-back_camera3-17.jpg 125 1370.68 1408.04 1159.82 1267.47 421.72 281.14
6914973105386-back_camera3-21.jpg 125 1417.59 1412.79 1183.73 1282.38 467.72 260.82
6914973105386-back_camera3-24.jpg 125 1409.62 1413.41 1088.01 1284.2 643.22 258.43
6914973105386-back_camera3-26.jpg 125 1383.19 1404.32 1049.97 1304.56 666.44 199.51
6914973105386-back_camera3-20.jpg 125 1415.13 1413.55 1217.59 1281.23 395.09 264.64
6914973105386-back_camera3-23.jpg 125 1413.43 1409.89 1120.34 1282.57 586.19 254.65
6914973105386-back_camera3-27.jpg 125 1373.93 1403.1 1040.96 1311.78 665.94 182.64
6914973105386-back_camera3-29.jpg 125 1378.14 1410.32 1055.59 1339.42 645.11 141.8
6914973105386-back_camera3-28.jpg 125 1365.88 1405.57 1041.08 1323.03 649.61 165.07
6914973105386-back_camera3-35.jpg 125 1334.48 1411.12 1039.92 1284.88 589.11 252.47
6914973105386-back_camera3-30.jpg 125 1384.05 1403.65 1057.48 1319.0 653.14 169.3
6914973105386-back_camera3-2.jpg 125 1379.52 1427.68 1116.93 1296.38 525.18 262.59
6914973105386-back_camera3-33.jpg 125 1352.48 1410.08 1025.66 1296.52 653.64 227.12
6914973105386-back_camera3-31.jpg 125 1371.11 1404.14 1034.13 1308.38 673.96 191.52
6914973105386-back_camera3-34.jpg 125 1345.11 1410.18 1030.6 1285.93 629.03 248.49
6914973105386-back_camera3-37.jpg 125 1331.95 1410.84 1104.48 1286.79 454.95 248.09
6914973105386-back_camera3-38.jpg 125 1333.76 1415.14 1147.04 1287.35 373.44 255.59
6914973105386-back_camera3-36.jpg 125 1334.62 1412.71 1070.13 1286.25 528.99 252.92
6914973105386-back_camera3-32.jpg 125 1363.38 1403.68 1027.55 1298.37 671.67 210.63
6914973105386-back_camera3-39.jpg 125 1359.32 1418.69 1199.58 1291.61 319.48 254.17
6914973105386-back_camera3-5.jpg 125 1373.29 1424.68 1039.34 1304.07 667.9 241.22
6914973105386-back_camera3-40.jpg 125 1373.53 1422.67 1182.79 1296.85 381.47 251.65
6914973105386-back_camera3-6.jpg 125 1369.11 1427.79 1028.93 1313.38 680.35 228.81
6914973105386-back_camera3-3.jpg 125 1378.09 1427.16 1085.1 1293.13 585.99 268.06
6914973105386-back_camera3-8.jpg 125 1364.67 1426.68 1034.27 1343.23 660.8 166.91
6914973105386-back_camera3-4.jpg 125 1381.29 1426.71 1066.09 1297.06 630.4 259.31
6914973105386-back_camera3-7.jpg 125 1365.26 1424.66 1027.29 1327.59 675.94 194.14
6914973105386-back_camera3-9.jpg 125 1374.43 1416.13 1046.27 1332.97 656.33 166.32
6914973105386_camera0-10.jpg 125 1390.43 1271.45 1045.18 1202.13 690.49 138.64
6914973105386_camera0-14.jpg 125 1430.12 1267.13 1076.35 1207.39 707.55 119.48
6914973105386_camera0-12.jpg 125 1418.73 1264.6 1083.68 1203.43 670.1 122.33
6914973105386_camera0-17.jpg 125 1418.11 1268.37 1100.23 1196.39 635.76 143.96
6914973105386_camera0-11.jpg 125 1394.06 1267.42 1059.11 1201.6 669.9 131.65
6914973105386_camera0-19.jpg 125 1416.61 1272.37 1159.98 1197.65 513.26 149.44
6914973105386_camera0-13.jpg 125 1431.12 1264.23 1085.88 1205.79 690.49 116.89
6914973105386_camera0-16.jpg 125 1422.41 1270.82 1083.88 1206.86 677.05 127.93
6914973105386_camera0-18.jpg 125 1414.31 1274.01 1122.68 1205.03 583.26 137.96
6914973105386_camera0-15.jpg 125 1426.18 1269.39 1084.34 1207.55 683.69 123.69
6914973105386_camera0-1.jpg 125 1340.98 1261.52 1158.12 1186.71 365.72 149.61
6914973105386_camera0-22.jpg 125 1466.2 1274.62 1292.6 1206.79 347.2 135.66
6914973105386_camera0-25.jpg 125 1462.2 1276.71 1186.58 1208.81 551.24 135.81
6914973105386_camera0-21.jpg 125 1430.1 1275.32 1263.12 1204.52 333.96 141.6
6914973105386_camera0-20.jpg 125 1418.27 1272.4 1199.19 1195.95 438.15 152.9
6914973105386_camera0-23.jpg 125 1465.6 1277.19 1252.88 1209.23 425.44 135.92
6914973105386_camera0-24.jpg 125 1458.29 1269.24 1204.25 1191.32 508.07 155.85
6914973105386_camera0-28.jpg 125 1426.48 1272.15 1092.95 1205.98 667.06 132.34
6914973105386_camera0-35.jpg 125 1377.4 1256.61 1044.78 1197.77 665.24 117.67
6914973105386_camera0-26.jpg 125 1456.0 1275.7 1153.21 1204.9 605.58 141.6
6914973105386_camera0-38.jpg 125 1345.39 1262.33 1057.92 1193.01 574.95 138.64
6914973105386_camera0-29.jpg 125 1415.28 1268.47 1079.07 1201.86 672.42 133.23
6914973105386_camera0-30.jpg 125 1404.44 1265.89 1067.46 1205.28 673.96 121.22
6914973105386_camera0-33.jpg 125 1408.62 1254.58 1083.76 1199.53 649.71 110.1
6914973105386_camera0-27.jpg 125 1443.88 1271.44 1121.0 1200.5 645.75 141.88
6914973105386_camera0-31.jpg 125 1402.21 1264.65 1071.29 1205.43 661.84 118.45
6914973105386_camera0-2.jpg 125 1373.16 1269.9 1209.56 1195.28 327.21 149.25
6914973105386_camera0-34.jpg 125 1390.55 1253.81 1049.87 1195.24 681.36 117.14
6914973105386_camera0-36.jpg 125 1366.04 1258.84 1040.5 1195.63 651.07 126.41
6914973105386_camera0-37.jpg 125 1354.8 1260.15 1043.11 1190.54 623.39 139.22
6914973105386_camera0-39.jpg 125 1339.09 1265.29 1078.29 1191.22 521.6 148.14
6914973105386_camera0-32.jpg 125 1407.73 1255.62 1075.77 1196.4 663.92 118.44
6914973105386_camera0-3.jpg 125 1391.66 1266.88 1196.93 1194.48 389.46 144.8
6914973105386_camera0-40.jpg 125 1339.2 1264.75 1115.79 1193.86 446.83 141.79
6914973105386_camera0-5.jpg 125 1402.38 1270.98 1127.83 1191.59 549.11 158.79
6914973105386_camera0-4.jpg 125 1392.55 1271.02 1152.54 1191.76 480.01 158.52
6914973105386_camera1-10.jpg 125 1252.81 1175.98 943.87 1037.83 617.88 276.3
6914973105386_camera0-6.jpg 125 1401.79 1273.54 1101.79 1197.81 600.0 151.46
6914973105386_camera0-7.jpg 125 1397.69 1276.7 1065.07 1196.11 665.25 161.19
6914973105386_camera0-9.jpg 125 1391.45 1271.65 1044.06 1197.88 694.78 147.54
6914973105386_camera0-8.jpg 125 1401.46 1275.22 1062.34 1200.47 678.25 149.51
6914973105386_camera1-16.jpg 125 1278.45 1174.98 985.71 939.52 585.47 470.92
6914973105386_camera1-17.jpg 125 1279.53 1172.59 1006.67 929.5 545.73 486.17
6914973105386_camera1-11.jpg 125 1270.94 1169.59 967.16 1060.85 607.57 217.48
6914973105386_camera1-13.jpg 125 1275.9 1173.94 954.82 992.9 642.16 362.08
6914973105386_camera1-15.jpg 125 1278.12 1181.37 967.81 962.57 620.62 437.59
6914973105386_camera1-14.jpg 125 1282.56 1178.13 968.58 975.41 627.96 405.44
6914973105386_camera1-1.jpg 125 1233.83 1161.7 1088.66 930.3 290.34 462.8
6914973105386_camera1-18.jpg 125 1282.76 1169.93 1042.58 924.79 480.37 490.28
6914973105386_camera1-27.jpg 125 1285.19 1137.66 973.69 931.91 623.0 411.51
6914973105386_camera1-25.jpg 125 1299.16 1150.86 1021.83 913.97 554.66 473.77
6914973105386_camera1-23.jpg 125 1308.54 1158.84 1079.92 916.1 457.24 485.48
6914973105386_camera1-2.jpg 125 1240.22 1175.0 1063.44 931.13 353.56 487.74
6914973105386_camera1-28.jpg 125 1274.98 1133.05 961.4 948.31 627.16 369.49
6914973105386_camera1-26.jpg 125 1292.7 1146.78 995.03 921.84 595.34 449.88
6914973105386_camera1-30.jpg 125 1260.47 1127.41 961.58 991.81 597.79 271.21
6914973105386_camera1-29.jpg 125 1265.28 1129.34 956.05 968.95 618.45 320.78
6914973105386_camera1-34.jpg 125 1240.37 1127.01 928.67 934.2 623.39 385.61
6914973105386_camera1-36.jpg 125 1224.39 1141.58 930.21 908.94 588.37 465.27
6914973105386_camera1-35.jpg 125 1232.05 1136.99 928.56 922.04 606.99 429.9
6914973105386_camera1-31.jpg 125 1266.0 1113.0 967.21 997.38 597.58 231.24
6914973105386_camera1-37.jpg 125 1217.65 1146.13 947.0 905.09 541.31 482.09
6914973105386_camera1-38.jpg 125 1214.38 1150.09 973.73 903.35 481.31 493.47
6914973105386_camera1-39.jpg 125 1212.22 1151.22 1005.61 905.43 413.22 491.59
6914973105386_camera1-40.jpg 125 1211.47 1157.96 1043.21 917.29 336.52 481.35
6914973105386_camera1-3.jpg 125 1247.26 1178.38 1030.31 931.04 433.91 494.68
6914973105386_camera1-7.jpg 125 1248.82 1187.79 935.46 974.54 626.72 426.5
6914973105386_camera1-4.jpg 125 1244.31 1179.43 993.69 928.11 501.23 502.65
6914973105386_camera1-5.jpg 125 1249.86 1184.34 971.56 939.34 556.6 490.0
6914973105386_camera1-8.jpg 125 1249.47 1183.44 931.58 989.22 635.79 388.44
6914973105386_camera1-6.jpg 125 1249.28 1186.18 950.47 950.74 597.61 470.88
6914973105386_camera1-9.jpg 125 1248.23 1180.38 932.17 1012.61 632.12 335.53
6914973105386_camera2-11.jpg 125 1304.12 873.09 1183.78 610.58 240.68 525.02
6914973105386_camera2-12.jpg 125 1304.71 869.85 1150.96 596.98 307.5 545.73
6914973105386_camera2-13.jpg 125 1299.33 861.37 1091.13 580.76 416.39 561.22
6914973105386_camera2-10.jpg 125 1303.7 876.46 1150.45 604.77 306.5 543.39
6914973105386_camera2-16.jpg 125 1291.52 852.59 1026.26 584.22 530.52 536.73
6914973105386_camera2-21.jpg 125 1271.14 837.9 1004.42 707.43 533.45 260.94
6914973105386_camera2-1.jpg 125 1272.47 903.74 1004.1 783.91 536.73 239.65
6914973105386_camera2-23.jpg 125 1261.47 841.19 978.72 643.04 565.51 396.3
6914973105386_camera2-19.jpg 125 1280.44 846.9 1000.34 655.47 560.2 382.86
6914973105386_camera2-22.jpg 125 1265.95 841.17 988.54 674.93 554.82 332.48
6914973105386_camera2-20.jpg 125 1273.31 843.42 997.64 685.81 551.34 315.22
6914973105386_camera2-26.jpg 125 1244.9 853.63 980.05 588.17 529.71 530.92
6914973105386_camera2-27.jpg 125 1243.9 859.32 1002.15 583.2 483.5 552.23
6914973105386_camera2-29.jpg 125 1236.95 867.96 1045.65 588.64 382.6 558.64
6914973105386_camera2-28.jpg 125 1240.28 863.6 1020.02 582.55 440.53 562.09
6914973105386_camera2-30.jpg 125 1238.01 868.98 1080.4 598.18 315.22 541.6
6914973105386_camera2-2.jpg 125 1276.55 901.61 1002.99 748.32 547.11 306.57
6914973105386_camera2-34.jpg 125 1245.31 890.89 1017.11 607.92 456.4 565.94
6914973105386_camera2-33.jpg 125 1244.2 887.94 1054.88 607.75 378.64 560.39
6914973105386_camera2-32.jpg 125 1240.26 880.9 1077.63 602.31 325.26 557.19
6914973105386_camera2-36.jpg 125 1248.97 898.8 983.04 637.13 531.86 523.34
6914973105386_camera2-31.jpg 125 1240.36 876.78 1115.87 613.2 248.99 527.15
6914973105386_camera2-35.jpg 125 1250.31 894.26 1005.65 618.15 489.32 552.23
6914973105386_camera2-5.jpg 125 1291.51 897.94 1008.24 656.08 566.55 483.72
6914973105386_camera2-39.jpg 125 1261.74 904.15 980.63 716.91 562.22 374.48
6914973105386_camera2-38.jpg 125 1259.77 903.63 975.96 683.03 567.61 441.2
6914973105386_camera2-6.jpg 125 1293.48 894.16 1029.06 635.45 528.85 517.42
6914973105386_camera2-8.jpg 125 1299.68 889.06 1078.81 607.02 441.75 564.08
6914973105386_camera2-4.jpg 125 1287.77 900.39 1003.08 683.24 569.37 434.3
6914973105386_camera2-40.jpg 125 1269.51 909.82 996.35 755.41 546.32 308.83
6914973105386_camera3-13.jpg 125 1394.12 1454.9 1051.6 1344.81 685.05 220.19
6914973105386_camera3-14.jpg 125 1392.49 1453.0 1055.01 1333.89 674.97 238.22
6914973105386_camera2-7.jpg 125 1297.73 889.87 1052.35 610.32 490.76 559.09
6914973105386_camera3-11.jpg 125 1398.73 1440.3 1055.42 1352.58 686.62 175.44
6914973105386_camera3-15.jpg 125 1393.84 1459.4 1075.2 1336.49 637.28 245.83
6914973105386_camera3-10.jpg 125 1391.97 1431.65 1052.79 1348.59 678.37 166.13
6914973105386_camera2-9.jpg 125 1300.8 883.24 1109.11 603.75 383.39 558.98
6914973105386_camera3-18.jpg 125 1396.95 1454.67 1177.32 1319.88 439.26 269.58
6914973105386_camera3-20.jpg 125 1432.23 1452.3 1266.36 1321.3 331.74 261.99
6914973105386_camera3-1.jpg 125 1363.6 1457.54 1163.79 1322.97 399.61 269.13
6914973105386_camera3-12.jpg 125 1395.83 1445.08 1043.55 1350.04 704.56 190.07
6914973105386_camera3-17.jpg 125 1395.62 1452.57 1131.52 1313.82 528.21 277.49
6914973105386_camera3-19.jpg 125 1397.67 1450.81 1222.33 1319.74 350.68 262.14
6914973105386_camera3-21.jpg 125 1435.87 1452.03 1219.46 1318.89 432.81 266.28
6914973105386_camera3-24.jpg 125 1424.83 1446.48 1121.78 1316.26 606.1 260.45
6914973105386_camera3-25.jpg 125 1416.92 1443.44 1092.57 1317.48 648.7 251.93
6914973105386_camera3-22.jpg 125 1436.32 1452.35 1181.75 1319.53 509.13 265.63
6914973105386_camera3-23.jpg 125 1428.16 1448.24 1141.53 1316.57 573.27 263.35
6914973105386_camera3-30.jpg 125 1378.59 1410.59 1049.98 1333.3 657.22 154.57
6914973105386_camera3-16.jpg 125 1392.03 1455.57 1100.47 1325.09 583.11 260.97
6914973105386_camera3-26.jpg 125 1407.05 1439.44 1071.31 1321.0 671.48 236.89
6914973105386_camera3-29.jpg 125 1370.81 1420.3 1042.2 1336.85 657.22 166.91
6914973105386_camera3-35.jpg 125 1327.94 1433.72 1015.13 1304.98 625.63 257.48
6914973105386_camera3-33.jpg 125 1351.69 1426.63 1011.94 1309.75 679.5 233.77
6914973105386_camera3-27.jpg 125 1388.65 1433.1 1046.74 1327.08 683.82 212.03
6914973105386_camera3-32.jpg 125 1363.82 1417.38 1026.73 1316.8 674.18 201.17
6914973105386_camera3-31.jpg 125 1375.64 1412.82 1040.57 1323.98 670.15 177.67
6914973105386_camera3-28.jpg 125 1380.85 1428.55 1044.67 1333.4 672.36 190.29
6914973105386_camera3-34.jpg 125 1333.65 1427.45 1003.22 1306.35 660.87 242.2
6914973105386_camera3-2.jpg 125 1362.62 1456.9 1123.65 1314.04 477.94 285.72
6914973105386_camera3-36.jpg 125 1321.08 1436.16 1032.24 1301.6 577.67 269.13
6914973105386_camera3-38.jpg 125 1308.38 1441.64 1080.79 1304.11 455.19 275.06
6914973105386_camera3-4.jpg 125 1368.76 1459.88 1061.22 1319.09 615.08 281.57
6914973105386_camera3-40.jpg 125 1348.42 1445.26 1185.89 1313.03 325.05 264.47
6914973105386_camera3-3.jpg 125 1368.9 1461.42 1090.6 1320.27 556.6 282.31
6914973105386_camera3-37.jpg 125 1315.69 1438.45 1055.93 1302.09 519.52 272.72
6914973105386_camera3-39.jpg 125 1316.19 1440.04 1136.09 1306.84 360.2 266.41
6914973105386_camera3-6.jpg 125 1367.18 1460.71 1022.53 1333.36 689.3 254.7
6914973105386_camera3-8.jpg 125 1363.65 1453.19 1016.71 1344.55 693.88 217.29
6914973105386_camera3-9.jpg 125 1364.89 1447.73 1027.8 1353.27 674.18 188.93
6914973105386_camera3-7.jpg 125 1364.06 1456.04 1014.71 1339.07 698.69 233.94
6914973105386_camera3-5.jpg 125 1369.37 1459.32 1041.2 1325.19 656.33 268.25
