6914973105379-back_camera0-10.jpg 126 1458.41 1275.15 1116.44 1210.7 683.95 128.9
6914973105379-back_camera0-12.jpg 126 1459.73 1262.0 1126.96 1210.7 665.54 102.59
6914973105379-back_camera0-13.jpg 126 1455.03 1264.84 1120.47 1216.36 669.11 96.97
6914973105379-back_camera0-14.jpg 126 1438.32 1262.74 1101.23 1215.85 674.18 93.79
6914973105379-back_camera0-11.jpg 126 1455.38 1259.9 1119.09 1199.02 672.57 121.76
6914973105379-back_camera0-16.jpg 126 1406.75 1266.85 1081.32 1208.0 650.86 117.69
6914973105379-back_camera0-15.jpg 126 1423.37 1263.28 1087.98 1214.91 670.78 96.73
6914973105379-back_camera0-17.jpg 126 1386.07 1265.93 1084.87 1192.28 602.4 147.31
6914973105379-back_camera0-18.jpg 126 1375.82 1262.95 1104.3 1202.34 543.05 121.22
6914973105379-back_camera0-19.jpg 126 1367.74 1263.66 1121.0 1201.07 493.47 125.19
6914973105379-back_camera0-1.jpg 126 1417.63 1279.1 1240.07 1202.81 355.13 152.57
6914973105379-back_camera0-22.jpg 126 1377.53 1270.18 1216.75 1203.77 321.55 132.82
6914973105379-back_camera0-21.jpg 126 1351.12 1268.35 1188.59 1202.89 325.06 130.91
6914973105379-back_camera0-20.jpg 126 1361.08 1263.32 1137.48 1205.44 447.2 115.75
6914973105379-back_camera0-27.jpg 126 1347.1 1276.97 1012.51 1202.7 669.18 148.53
6914973105379-back_camera0-23.jpg 126 1375.32 1268.45 1167.7 1195.66 415.24 145.58
6914973105379-back_camera0-25.jpg 126 1360.79 1273.81 1082.15 1200.41 557.28 146.8
6914973105379-back_camera0-29.jpg 126 1332.14 1268.58 974.38 1200.18 715.52 136.79
6914973105379-back_camera0-28.jpg 126 1336.35 1275.22 989.86 1201.48 692.98 147.48
6914973105379-back_camera0-26.jpg 126 1351.16 1275.54 1040.85 1200.99 620.62 149.1
6914973105379-back_camera0-24.jpg 126 1376.87 1273.83 1132.22 1194.91 489.29 157.83
6914973105379-back_camera0-30.jpg 126 1324.61 1273.58 972.23 1204.92 704.75 137.31
6914973105379-back_camera0-31.jpg 126 1334.78 1273.84 984.91 1208.07 699.73 131.53
6914973105379-back_camera0-2.jpg 126 1469.93 1280.51 1294.59 1210.51 350.68 140.0
6914973105379-back_camera0-33.jpg 126 1361.36 1274.3 1014.68 1216.12 693.35 116.37
6914973105379-back_camera0-32.jpg 126 1349.91 1275.75 999.61 1211.1 700.61 129.31
6914973105379-back_camera0-35.jpg 126 1366.93 1276.19 1018.86 1215.93 696.15 120.52
6914973105379-back_camera0-38.jpg 126 1368.97 1281.72 1071.72 1208.07 594.51 147.31
6914973105379-back_camera0-37.jpg 126 1375.2 1287.85 1054.03 1215.36 642.35 144.98
6914973105379-back_camera0-36.jpg 126 1369.01 1276.59 1032.89 1215.29 672.23 122.6
6914973105379-back_camera0-34.jpg 126 1367.31 1273.27 1014.59 1217.54 705.44 111.46
6914973105379-back_camera0-39.jpg 126 1391.33 1283.04 1137.48 1208.07 507.7 149.94
6914973105379-back_camera0-40.jpg 126 1404.18 1280.2 1198.93 1217.0 410.49 126.41
6914973105379-back_camera0-4.jpg 126 1489.98 1284.36 1213.77 1202.81 552.42 163.1
6914973105379-back_camera0-3.jpg 126 1480.11 1285.86 1254.79 1214.61 450.63 142.49
6914973105379-back_camera0-6.jpg 126 1492.66 1284.94 1161.56 1212.62 662.21 144.64
6914973105379-back_camera0-8.jpg 126 1479.46 1275.15 1121.7 1197.55 715.52 155.2
6914973105379-back_camera0-9.jpg 126 1478.14 1269.89 1132.22 1197.55 691.84 144.68
6914973105379-back_camera1-10.jpg 126 1311.91 1119.78 1012.88 1013.76 598.06 212.04
6914973105379-back_camera0-7.jpg 126 1485.75 1284.66 1142.81 1210.41 685.88 148.49
6914973105379-back_camera0-5.jpg 126 1492.49 1287.75 1189.75 1209.76 605.49 155.98
6914973105379-back_camera1-11.jpg 126 1315.05 1108.11 1008.58 992.36 612.93 231.49
6914973105379-back_camera1-13.jpg 126 1291.37 1102.85 977.01 937.12 628.71 331.45
6914973105379-back_camera1-14.jpg 126 1278.1 1107.67 968.0 907.65 620.2 400.04
6914973105379-back_camera1-12.jpg 126 1305.0 1106.68 994.86 966.94 620.28 279.49
6914973105379-back_camera1-16.jpg 126 1254.53 1108.1 977.01 879.24 555.05 457.72
6914973105379-back_camera1-1.jpg 126 1314.97 1201.38 1161.15 956.38 307.64 490.0
6914973105379-back_camera1-24.jpg 126 1213.77 1150.19 950.71 908.18 526.12 484.03
6914973105379-back_camera1-20.jpg 126 1221.35 1110.48 1066.19 881.99 310.31 456.98
6914973105379-back_camera1-23.jpg 126 1223.56 1140.82 997.74 894.73 451.63 492.17
6914973105379-back_camera1-22.jpg 126 1227.39 1138.1 1039.48 900.23 375.83 475.73
6914973105379-back_camera1-29.jpg 126 1190.53 1164.94 868.15 1008.65 644.77 312.59
6914973105379-back_camera1-28.jpg 126 1197.98 1163.35 871.79 971.32 652.38 384.06
6914973105379-back_camera1-31.jpg 126 1212.12 1169.35 897.79 1042.79 628.65 253.11
6914973105379-back_camera1-2.jpg 126 1325.97 1203.15 1130.92 958.94 390.1 488.42
6914973105379-back_camera1-30.jpg 126 1194.51 1169.7 879.04 1039.49 630.94 260.43
6914973105379-back_camera1-34.jpg 126 1233.49 1200.18 905.99 981.84 655.01 436.68
6914973105379-back_camera1-36.jpg 126 1238.94 1206.28 951.92 951.76 574.05 509.03
6914973105379-back_camera1-32.jpg 126 1219.8 1174.59 902.3 1015.36 634.99 318.46
6914973105379-back_camera1-33.jpg 126 1217.72 1190.96 898.1 1002.88 639.23 376.17
6914973105379-back_camera1-35.jpg 126 1235.21 1201.25 929.39 967.46 611.65 467.57
6914973105379-back_camera1-38.jpg 126 1255.41 1207.87 1027.35 943.96 456.12 527.81
6914973105379-back_camera1-40.jpg 126 1279.91 1199.77 1124.86 946.06 310.1 507.43
6914973105379-back_camera1-3.jpg 126 1330.54 1198.69 1097.43 948.93 466.21 499.52
6914973105379-back_camera1-39.jpg 126 1264.83 1202.28 1072.18 937.93 385.29 528.71
6914973105379-back_camera2-10.jpg 126 1244.33 821.18 1114.12 545.99 260.43 550.39
6914973105379-back_camera1-9.jpg 126 1315.88 1137.38 1001.69 984.85 628.38 305.07
6914973105379-back_camera2-13.jpg 126 1226.29 844.11 1027.85 563.06 396.89 562.09
6914973105379-back_camera2-11.jpg 126 1238.7 828.91 1104.7 560.2 268.0 537.42
6914973105379-back_camera2-16.jpg 126 1216.67 866.15 947.89 610.84 537.57 510.62
6914973105379-back_camera2-12.jpg 126 1233.76 839.14 1065.44 562.25 336.63 553.78
6914973105379-back_camera2-18.jpg 126 1212.36 883.71 922.74 672.74 579.24 421.93
6914973105379-back_camera2-14.jpg 126 1220.26 851.07 991.91 573.56 456.7 555.02
6914973105379-back_camera2-17.jpg 126 1211.13 873.99 924.4 634.6 573.47 478.77
6914973105379-back_camera2-19.jpg 126 1216.91 889.95 930.4 710.45 573.02 359.0
6914973105379-back_camera2-1.jpg 126 1317.88 836.61 1053.42 713.69 528.93 245.83
6914973105379-back_camera2-20.jpg 126 1220.34 899.45 940.79 755.42 559.1 288.06
6914973105379-back_camera2-21.jpg 126 1228.54 904.84 961.37 775.71 534.34 258.26
6914973105379-back_camera2-25.jpg 126 1253.22 931.86 977.01 674.06 552.42 515.59
6914973105379-back_camera2-24.jpg 126 1250.59 922.64 969.12 689.84 562.94 465.61
6914973105379-back_camera2-22.jpg 126 1237.29 909.75 958.99 740.87 556.6 337.77
6914973105379-back_camera2-23.jpg 126 1241.39 916.08 950.71 713.52 581.36 405.11
6914973105379-back_camera2-2.jpg 126 1308.96 831.26 1027.05 664.42 563.82 333.69
6914973105379-back_camera2-30.jpg 126 1297.13 926.82 1153.05 644.91 288.17 563.82
6914973105379-back_camera2-32.jpg 126 1312.44 912.58 1144.4 632.52 336.07 560.11
6914973105379-back_camera2-33.jpg 126 1314.3 909.12 1109.43 617.29 409.73 583.67
6914973105379-back_camera2-34.jpg 126 1325.64 900.52 1093.62 621.35 464.04 558.34
6914973105379-back_camera2-31.jpg 126 1304.96 918.98 1174.97 648.04 259.98 541.89
6914973105379-back_camera2-35.jpg 126 1328.88 890.27 1074.78 618.9 508.2 542.74
6914973105379-back_camera2-36.jpg 126 1333.45 887.13 1055.93 629.34 555.05 515.59
6914973105379-back_camera2-38.jpg 126 1324.26 870.04 1027.0 655.65 594.51 428.78
6914973105379-back_camera2-40.jpg 126 1319.18 849.4 1042.19 709.11 553.98 280.59
6914973105379-back_camera2-3.jpg 126 1308.48 824.28 1024.76 622.59 567.44 403.38
6914973105379-back_camera2-39.jpg 126 1322.94 859.52 1029.63 676.69 586.62 365.65
6914973105379-back_camera2-9.jpg 126 1253.23 821.38 1074.35 537.27 357.76 568.21
6914973105379-back_camera2-8.jpg 126 1261.18 812.61 1049.09 523.94 424.19 577.33
6914973105379-back_camera3-10.jpg 126 1430.31 1399.62 1102.31 1330.86 656.0 137.53
6914973105379-back_camera3-12.jpg 126 1408.62 1402.39 1072.5 1318.75 672.23 167.28
6914973105379-back_camera3-11.jpg 126 1423.04 1409.23 1087.21 1330.65 671.66 157.16
6914973105379-back_camera3-13.jpg 126 1394.78 1404.93 1063.49 1311.87 662.58 186.13
6914973105379-back_camera3-15.jpg 126 1364.4 1407.18 1064.97 1293.03 598.87 228.3
6914973105379-back_camera3-16.jpg 126 1350.47 1406.16 1075.31 1292.22 550.32 227.89
6914973105379-back_camera3-17.jpg 126 1336.13 1408.97 1091.83 1290.47 488.6 237.01
6914973105379-back_camera3-14.jpg 126 1378.17 1403.72 1063.36 1300.86 629.63 205.72
6914973105379-back_camera3-18.jpg 126 1329.46 1415.61 1126.49 1289.81 405.95 251.59
6914973105379-back_camera3-21.jpg 126 1347.38 1435.27 1144.78 1301.24 405.21 268.06
6914973105379-back_camera3-24.jpg 126 1325.81 1445.22 1020.55 1310.43 610.52 269.58
6914973105379-back_camera3-27.jpg 126 1303.49 1441.81 952.78 1327.26 701.43 229.1
6914973105379-back_camera3-1.jpg 126 1452.34 1466.02 1238.26 1321.71 428.16 288.61
6914973105379-back_camera3-26.jpg 126 1308.59 1445.14 960.35 1316.1 696.48 258.08
6914973105379-back_camera3-29.jpg 126 1301.28 1440.04 957.89 1350.16 686.77 179.75
6914973105379-back_camera3-25.jpg 126 1317.39 1441.72 986.29 1311.98 662.21 259.49
6914973105379-back_camera3-28.jpg 126 1299.92 1439.62 952.74 1343.5 694.37 192.23
6914973105379-back_camera3-2.jpg 126 1460.29 1463.53 1196.71 1318.72 527.15 289.62
6914973105379-back_camera3-30.jpg 126 1321.42 1434.98 976.52 1359.65 689.81 150.65
6914973105379-back_camera3-34.jpg 126 1342.18 1453.77 1007.33 1324.19 669.7 259.15
6914973105379-back_camera3-33.jpg 126 1334.58 1451.23 989.6 1330.44 689.96 241.58
6914973105379-back_camera3-31.jpg 126 1337.8 1447.21 994.52 1352.09 686.55 190.25
6914973105379-back_camera3-35.jpg 126 1345.13 1460.16 1027.85 1323.26 634.57 273.81
6914973105379-back_camera3-32.jpg 126 1337.11 1444.41 989.03 1342.13 696.15 204.56
6914973105379-back_camera3-39.jpg 126 1391.53 1458.78 1228.17 1318.7 326.71 280.15
6914973105379-back_camera3-37.jpg 126 1362.44 1459.72 1116.64 1311.45 491.59 296.54
6914973105379-back_camera3-4.jpg 126 1461.43 1452.77 1141.37 1330.66 640.12 244.21
6914973105379-back_camera3-40.jpg 126 1440.22 1459.23 1261.0 1318.44 358.45 281.57
6914973105379-back_camera3-3.jpg 126 1461.86 1463.28 1168.49 1328.49 586.73 269.58
6914973105379-back_camera3-5.jpg 126 1458.45 1452.6 1119.31 1323.56 678.28 258.08
6914973105379-back_camera3-6.jpg 126 1450.34 1445.62 1099.62 1328.99 701.44 233.26
6914973105379-back_camera3-7.jpg 126 1445.44 1437.04 1099.75 1334.76 691.39 204.56
6914973105379-back_camera3-8.jpg 126 1436.05 1413.25 1095.39 1313.29 681.32 199.92
6914973105379_camera0-10.jpg 126 1441.89 1264.96 1282.18 1200.39 319.42 129.13
6914973105379_camera0-11.jpg 126 1457.1 1263.32 1253.23 1197.55 407.74 131.53
6914973105379_camera0-14.jpg 126 1456.23 1267.17 1160.93 1203.48 590.6 127.38
6914973105379-back_camera3-9.jpg 126 1436.05 1418.52 1111.17 1331.71 649.75 173.62
6914973105379_camera0-12.jpg 126 1457.75 1258.49 1227.82 1200.61 459.87 115.76
6914973105379_camera0-13.jpg 126 1457.1 1266.1 1198.19 1198.27 517.81 135.66
6914973105379_camera0-16.jpg 126 1438.68 1267.26 1100.65 1208.07 676.06 118.38
6914973105379_camera0-17.jpg 126 1433.44 1265.61 1093.63 1215.32 679.61 100.58
6914973105379_camera0-15.jpg 126 1451.84 1262.0 1119.07 1197.55 665.54 128.9
6914973105379_camera0-20.jpg 126 1412.36 1259.14 1082.07 1210.21 660.58 97.86
6914973105379_camera0-19.jpg 126 1407.11 1273.84 1063.82 1210.7 686.58 126.27
6914973105379_camera0-18.jpg 126 1418.08 1266.36 1073.5 1209.64 689.15 113.44
6914973105379_camera0-1.jpg 126 1418.95 1265.94 1066.45 1202.81 705.0 126.27
6914973105379_camera0-23.jpg 126 1387.39 1256.73 1034.89 1194.91 705.0 123.64
6914973105379_camera0-24.jpg 126 1389.94 1257.87 1050.59 1195.23 678.71 125.28
6914973105379_camera0-21.jpg 126 1418.77 1258.68 1084.6 1199.95 668.35 117.46
6914973105379_camera0-22.jpg 126 1422.9 1255.42 1084.87 1194.91 676.06 121.01
6914973105379_camera0-25.jpg 126 1374.79 1254.45 1047.33 1186.92 654.92 135.05
6914973105379_camera0-26.jpg 126 1364.29 1258.08 1061.42 1187.95 605.73 140.26
6914973105379_camera0-27.jpg 126 1359.12 1261.65 1093.24 1187.21 531.75 148.89
6914973105379_camera0-28.jpg 126 1359.77 1259.37 1126.96 1179.13 465.61 160.47
6914973105379_camera0-29.jpg 126 1354.89 1259.03 1145.57 1189.71 418.64 138.64
6914973105379_camera0-2.jpg 126 1422.9 1268.58 1082.24 1202.81 681.32 131.53
6914973105379_camera0-30.jpg 126 1356.47 1261.97 1191.27 1191.17 330.4 141.6
6914973105379_camera0-32.jpg 126 1399.62 1262.91 1189.62 1192.23 420.0 141.36
6914973105379_camera0-31.jpg 126 1393.96 1258.05 1213.77 1179.13 360.39 157.83
6914973105379_camera0-34.jpg 126 1401.85 1268.57 1103.28 1179.13 597.14 178.88
6914973105379_camera0-35.jpg 126 1398.27 1264.07 1090.4 1198.15 615.73 131.84
6914973105379_camera0-33.jpg 126 1403.16 1265.94 1145.37 1181.76 515.59 168.36
6914973105379_camera0-37.jpg 126 1394.36 1268.26 1050.15 1205.03 688.41 126.46
6914973105379_camera0-36.jpg 126 1396.98 1268.38 1068.05 1204.49 657.87 127.77
6914973105379_camera0-39.jpg 126 1395.28 1269.89 1045.41 1197.55 699.74 144.68
6914973105379_camera0-38.jpg 126 1396.6 1264.62 1040.15 1194.91 712.89 139.42
6914973105379_camera0-3.jpg 126 1436.31 1265.52 1106.6 1213.1 659.42 104.85
6914973105379_camera0-4.jpg 126 1413.12 1269.91 1069.25 1209.64 687.73 120.53
6914973105379_camera0-5.jpg 126 1400.55 1269.89 1071.72 1202.81 657.65 134.16
6914973105379_camera0-6.jpg 126 1401.05 1266.19 1091.43 1202.81 619.24 126.76
6914973105379_camera1-10.jpg 126 1240.85 1178.74 929.69 1071.47 622.32 214.53
6914973105379_camera0-7.jpg 126 1403.54 1263.82 1121.5 1198.58 564.08 130.49
6914973105379_camera0-8.jpg 126 1408.24 1264.58 1175.81 1195.92 464.87 137.31
6914973105379_camera0-40.jpg 126 1395.67 1272.44 1043.52 1211.35 704.31 122.18
6914973105379_camera0-9.jpg 126 1410.81 1266.11 1205.45 1196.73 410.71 138.75
6914973105379_camera1-12.jpg 126 1265.82 1185.85 941.53 1016.96 648.58 337.77
6914973105379_camera1-11.jpg 126 1256.71 1183.69 933.41 1034.09 646.61 299.2
6914973105379_camera1-14.jpg 126 1273.83 1190.26 952.26 969.99 643.14 440.53
6914973105379_camera1-16.jpg 126 1289.53 1185.12 1013.87 947.39 551.32 475.46
6914973105379_camera1-15.jpg 126 1276.89 1194.91 977.01 955.53 599.77 478.77
6914973105379_camera1-17.jpg 126 1296.83 1182.7 1049.39 931.71 494.88 501.97
6914973105379_camera1-13.jpg 126 1266.91 1190.56 937.21 992.98 659.41 395.16
6914973105379_camera1-1.jpg 126 1213.5 1141.69 1045.63 911.3 335.73 460.78
6914973105379_camera1-19.jpg 126 1317.67 1163.35 1148.0 923.96 339.34 478.77
6914973105379_camera1-21.jpg 126 1349.86 1174.59 1158.78 923.13 382.15 502.92
6914973105379_camera1-22.jpg 126 1348.37 1164.46 1124.51 913.78 447.71 501.37
6914973105379_camera1-20.jpg 126 1336.09 1175.19 1176.94 926.6 318.3 497.18
6914973105379_camera1-18.jpg 126 1302.27 1178.45 1089.69 923.68 425.16 509.54
6914973105379_camera1-25.jpg 126 1333.46 1142.3 1029.63 905.55 607.66 473.5
6914973105379_camera1-24.jpg 126 1345.68 1145.85 1067.38 900.85 556.6 490.0
6914973105379_camera1-23.jpg 126 1348.34 1158.65 1095.87 906.62 504.95 504.06
6914973105379_camera1-26.jpg 126 1333.45 1123.89 1021.73 900.29 623.45 447.2
6914973105379_camera1-28.jpg 126 1306.23 1109.32 995.65 950.97 621.17 316.7
6914973105379_camera1-27.jpg 126 1314.56 1117.47 1001.18 926.04 626.76 382.86
6914973105379_camera1-29.jpg 126 1294.0 1102.84 987.54 966.05 612.93 273.58
6914973105379_camera1-2.jpg 126 1209.76 1146.92 1004.41 904.3 410.71 485.24
6914973105379_camera1-30.jpg 126 1290.67 1080.34 984.91 968.68 611.53 223.31
6914973105379_camera1-31.jpg 126 1291.49 1078.01 984.69 939.97 613.6 276.07
6914973105379_camera1-33.jpg 126 1259.1 1085.06 939.6 890.41 638.99 389.3
6914973105379_camera1-34.jpg 126 1242.51 1089.11 937.28 878.18 610.45 421.86
6914973105379_camera1-32.jpg 126 1275.78 1081.96 963.38 921.01 624.79 321.91
6914973105379_camera1-35.jpg 126 1228.23 1094.95 927.03 868.72 602.4 452.46
6914973105379_camera1-38.jpg 126 1204.05 1105.55 992.24 861.82 423.62 487.45
6914973105379_camera1-37.jpg 126 1206.27 1099.77 961.43 861.55 489.68 476.45
6914973105379_camera1-3.jpg 126 1216.39 1160.72 966.49 913.44 499.81 494.55
6914973105379_camera1-39.jpg 126 1195.81 1111.91 1026.16 878.58 339.3 466.66
6914973105379_camera1-40.jpg 126 1199.3 1126.52 1053.3 879.24 291.99 494.55
6914973105379_camera1-4.jpg 126 1209.63 1165.21 932.53 923.68 554.2 483.07
6914973105379_camera1-9.jpg 126 1218.82 1183.09 908.81 1053.05 620.03 260.07
6914973105379_camera1-8.jpg 126 1216.4 1180.45 892.84 1016.04 647.12 328.82
6914973105379_camera1-5.jpg 126 1208.44 1167.92 913.22 938.16 590.44 459.53
6914973105379_camera1-7.jpg 126 1203.24 1181.77 874.42 987.1 657.65 389.33
6914973105379_camera2-10.jpg 126 1322.63 893.46 1203.7 629.09 237.86 528.74
6914973105379_camera1-6.jpg 126 1206.17 1173.9 886.68 961.8 638.99 424.2
6914973105379_camera2-11.jpg 126 1332.14 887.13 1176.94 608.29 310.41 557.68
6914973105379_camera2-13.jpg 126 1331.22 866.6 1109.54 574.61 443.36 583.98
6914973105379_camera2-17.jpg 126 1318.41 833.89 1037.37 612.59 562.09 442.61
6914973105379_camera2-15.jpg 126 1328.89 843.93 1064.86 573.56 528.06 540.75
6914973105379_camera2-12.jpg 126 1338.72 872.67 1145.37 576.73 386.7 591.88
6914973105379_camera2-14.jpg 126 1330.03 858.36 1084.14 573.32 491.77 570.08
6914973105379_camera2-1.jpg 126 1252.17 928.17 974.24 779.99 555.86 296.36
6914973105379_camera2-16.jpg 126 1322.68 837.73 1047.02 590.74 551.32 493.97
6914973105379_camera2-18.jpg 126 1308.47 830.58 1029.63 631.97 557.68 397.22
6914973105379_camera2-21.jpg 126 1289.06 804.53 1011.2 649.57 555.71 309.92
6914973105379_camera2-19.jpg 126 1304.74 816.58 1025.52 656.83 558.45 319.5
6914973105379_camera2-20.jpg 126 1301.89 813.48 1032.26 689.84 539.27 247.27
6914973105379_camera2-22.jpg 126 1279.73 805.88 993.5 617.96 572.46 375.83
6914973105379_camera2-23.jpg 126 1266.7 806.22 977.19 586.19 579.02 440.05
6914973105379_camera2-26.jpg 126 1246.65 814.8 998.06 532.01 497.18 565.58
6914973105379_camera2-25.jpg 126 1250.47 811.01 987.61 549.7 525.73 522.61
6914973105379_camera2-24.jpg 126 1262.06 807.57 984.78 567.67 554.56 479.81
6914973105379_camera2-28.jpg 126 1229.55 841.1 1037.52 545.16 384.06 591.88
6914973105379_camera2-27.jpg 126 1232.7 820.38 1012.95 539.86 439.49 561.05
6914973105379_camera2-29.jpg 126 1219.55 836.0 1064.99 558.78 309.12 554.44
6914973105379_camera2-2.jpg 126 1261.32 931.89 975.88 747.04 570.88 369.71
6914973105379_camera2-30.jpg 126 1216.4 841.11 1084.87 568.84 263.06 544.53
6914973105379_camera2-31.jpg 126 1212.95 851.04 1062.82 578.82 300.27 544.43
6914973105379_camera2-33.jpg 126 1211.35 872.15 990.75 583.49 441.2 577.33
6914973105379_camera2-34.jpg 126 1213.92 881.19 966.54 606.86 494.76 548.67
6914973105379_camera2-35.jpg 126 1209.83 888.46 948.08 624.08 523.49 528.75
6914973105379_camera2-32.jpg 126 1213.77 862.15 1013.84 576.73 399.85 570.84
6914973105379_camera2-36.jpg 126 1218.64 897.08 942.13 649.13 553.02 495.9
6914973105379_camera2-38.jpg 126 1231.97 913.31 950.61 728.45 562.72 369.71
6914973105379_camera2-37.jpg 126 1220.65 906.65 937.01 688.46 567.29 436.38
6914973105379_camera2-3.jpg 126 1267.7 938.43 982.28 710.89 570.84 455.09
6914973105379_camera2-39.jpg 126 1238.5 920.04 963.37 767.02 550.26 306.05
6914973105379_camera2-40.jpg 126 1245.52 923.71 975.69 802.89 539.65 241.64
6914973105379_camera2-4.jpg 126 1280.77 933.61 998.7 687.11 564.13 492.99
6914973105379_camera2-6.jpg 126 1297.95 922.65 1045.41 637.23 505.07 570.84
6914973105379_camera2-5.jpg 126 1287.25 929.48 1019.19 666.61 536.12 525.73
6914973105379_camera2-7.jpg 126 1305.84 923.97 1082.24 631.97 447.2 583.99
6914973105379_camera3-10.jpg 126 1373.23 1439.12 1025.46 1356.99 695.54 164.27
6914973105379_camera2-9.jpg 126 1322.12 906.3 1162.48 627.55 319.29 557.51
6914973105379_camera2-8.jpg 126 1313.74 914.41 1120.49 633.37 386.5 562.09
6914973105379_camera3-11.jpg 126 1378.89 1439.08 1019.72 1339.97 718.35 198.22
6914973105379_camera3-15.jpg 126 1398.93 1440.77 1097.61 1300.39 602.65 280.76
6914973105379_camera3-19.jpg 126 1470.14 1433.89 1310.29 1297.63 319.71 272.51
6914973105379_camera3-18.jpg 126 1425.53 1434.31 1242.7 1286.99 365.65 294.63
6914973105379_camera3-17.jpg 126 1416.66 1427.09 1192.28 1298.64 448.77 256.89
6914973105379_camera3-1.jpg 126 1323.16 1425.22 1094.86 1294.06 456.6 262.33
6914973105379_camera3-16.jpg 126 1407.77 1435.03 1141.48 1294.48 532.58 281.09
6914973105379_camera3-22.jpg 126 1472.88 1431.66 1182.2 1276.46 581.36 310.41
6914973105379_camera3-25.jpg 126 1446.45 1420.36 1114.32 1305.2 664.26 230.31
6914973105379_camera3-24.jpg 126 1463.12 1425.29 1142.0 1302.39 642.23 245.79
6914973105379_camera3-20.jpg 126 1477.39 1437.7 1266.11 1297.32 422.57 280.76
6914973105379_camera3-27.jpg 126 1418.95 1410.62 1084.87 1308.03 668.17 205.19
6914973105379_camera3-23.jpg 126 1464.99 1436.93 1150.63 1286.99 628.71 299.89
6914973105379_camera3-21.jpg 126 1477.15 1439.11 1230.21 1300.56 493.88 277.09
6914973105379_camera3-26.jpg 126 1433.31 1413.59 1100.3 1311.31 666.02 204.56
6914973105379_camera3-28.jpg 126 1413.45 1403.99 1087.91 1325.84 651.07 156.31
6914973105379_camera3-30.jpg 126 1404.49 1388.26 1071.72 1297.51 665.54 181.51
6914973105379_camera3-35.jpg 126 1323.97 1388.01 1034.43 1261.28 579.07 253.46
6914973105379_camera3-31.jpg 126 1390.83 1391.13 1054.17 1290.22 673.32 201.83
6914973105379_camera3-2.jpg 126 1320.31 1434.3 1050.67 1292.25 539.27 284.1
6914973105379_camera3-38.jpg 126 1295.09 1395.96 1117.03 1269.55 356.12 252.82
6914973105379_camera3-3.jpg 126 1325.47 1438.57 1029.11 1313.78 592.73 249.57
6914973105379_camera3-37.jpg 126 1297.95 1392.21 1071.72 1252.79 452.46 278.84
6914973105379_camera3-39.jpg 126 1315.27 1405.8 1159.87 1278.14 310.81 255.31
6914973105379_camera3-40.jpg 126 1328.19 1422.45 1142.74 1279.09 370.91 286.73
6914973105379_camera3-4.jpg 126 1324.86 1441.99 1008.83 1322.53 632.05 238.93
6914973105379_camera3-5.jpg 126 1324.13 1445.08 993.5 1334.87 661.26 220.42
6914973105379_camera3-7.jpg 126 1318.99 1446.14 966.49 1342.23 705.0 207.82
6914973105379_camera3-6.jpg 126 1322.3 1443.27 978.42 1345.4 687.77 195.73
6914973105379_camera3-9.jpg 126 1350.88 1443.76 1010.24 1370.29 681.28 146.94
6914973105379_camera3-8.jpg 126 1326.35 1452.16 985.42 1372.55 681.86 159.22
