6942836705916-back_camera0-10.jpg 127 1432.11 1289.62 1055.93 1226.48 752.35 126.27
6942836705916-back_camera0-11.jpg 127 1430.79 1287.22 1059.36 1242.26 742.86 89.92
6942836705916-back_camera0-12.jpg 127 1440.0 1281.72 1066.45 1229.11 747.09 105.22
6942836705916-back_camera0-13.jpg 127 1428.16 1286.98 1055.93 1231.74 744.45 110.48
6942836705916-back_camera0-17.jpg 127 1424.22 1292.25 1090.13 1221.22 668.17 142.05
6942836705916-back_camera0-14.jpg 127 1432.11 1293.56 1055.93 1234.37 752.35 118.38
6942836705916-back_camera0-15.jpg 127 1413.69 1288.3 1040.15 1226.48 747.08 123.64
6942836705916-back_camera0-16.jpg 127 1424.22 1292.24 1071.72 1218.59 705.0 147.31
6942836705916-back_camera0-18.jpg 127 1409.75 1296.19 1113.81 1223.85 591.88 144.68
6942836705916-back_camera0-19.jpg 127 1416.33 1296.19 1158.53 1221.22 515.59 149.94
6942836705916-back_camera0-1.jpg 127 1353.52 1291.38 1185.94 1224.04 335.16 134.69
6942836705916-back_camera0-20.jpg 127 1413.7 1290.93 1205.88 1210.7 415.63 160.47
6942836705916-back_camera0-21.jpg 127 1412.81 1287.57 1257.47 1217.83 310.67 139.49
6942836705916-back_camera0-22.jpg 127 1449.2 1288.3 1263.75 1215.96 370.91 144.68
6942836705916-back_camera0-23.jpg 127 1447.89 1288.31 1219.03 1205.44 457.72 165.73
6942836705916-back_camera0-27.jpg 127 1417.63 1276.47 1061.19 1210.7 712.89 131.53
6942836705916-back_camera0-26.jpg 127 1436.06 1281.72 1116.44 1213.33 639.23 136.79
6942836705916-back_camera0-25.jpg 127 1441.44 1287.23 1150.71 1214.34 581.46 145.78
6942836705916-back_camera0-31.jpg 127 1368.97 1271.2 1000.69 1221.22 736.56 99.96
6942836705916-back_camera0-24.jpg 127 1450.51 1281.73 1200.61 1205.44 499.81 152.57
6942836705916-back_camera0-2.jpg 127 1391.33 1284.36 1221.66 1205.44 339.34 157.83
6942836705916-back_camera0-32.jpg 127 1380.47 1277.26 1015.34 1235.64 730.27 83.23
6942836705916-back_camera0-28.jpg 127 1397.91 1284.36 1032.26 1215.96 731.3 136.79
6942836705916-back_camera0-30.jpg 127 1374.23 1279.1 1003.32 1221.22 741.82 115.75
6942836705916-back_camera0-29.jpg 127 1390.01 1281.73 1019.1 1215.96 741.82 131.53
6942836705916-back_camera0-34.jpg 127 1367.38 1282.96 998.22 1234.63 738.33 96.65
6942836705916-back_camera0-33.jpg 127 1366.35 1277.77 987.54 1223.85 757.61 107.85
6942836705916-back_camera0-36.jpg 127 1333.45 1288.3 971.75 1221.22 723.41 134.16
6942836705916-back_camera0-35.jpg 127 1347.92 1283.04 971.75 1223.85 752.35 118.38
6942836705916-back_camera0-38.jpg 127 1340.98 1291.56 1040.28 1231.14 601.4 120.83
6942836705916-back_camera0-37.jpg 127 1334.78 1281.73 995.43 1221.22 678.69 121.01
6942836705916-back_camera0-39.jpg 127 1338.86 1289.38 1077.09 1224.95 523.54 128.87
6942836705916-back_camera0-4.jpg 127 1412.38 1288.3 1150.63 1215.96 523.49 144.68
6942836705916-back_camera0-40.jpg 127 1345.3 1293.56 1121.7 1221.22 447.2 144.68
6942836705916-back_camera0-6.jpg 127 1432.1 1286.98 1105.91 1208.07 652.38 157.83
6942836705916-back_camera0-3.jpg 127 1409.74 1292.24 1195.35 1218.59 428.78 147.31
6942836705916-back_camera0-5.jpg 127 1421.59 1294.88 1124.33 1223.85 594.51 142.05
6942836705916-back_camera0-8.jpg 127 1425.53 1296.19 1055.93 1229.11 739.19 134.16
6942836705916-back_camera0-7.jpg 127 1430.82 1294.24 1067.47 1228.46 726.7 131.56
6942836705916-back_camera1-10.jpg 127 1274.28 1163.35 934.93 1039.71 678.69 247.27
6942836705916-back_camera0-9.jpg 127 1422.9 1290.93 1048.04 1221.22 749.72 139.42
6942836705916-back_camera1-13.jpg 127 1291.37 1173.87 953.34 981.84 676.06 384.06
6942836705916-back_camera1-11.jpg 127 1298.19 1166.34 965.65 1051.23 665.09 230.22
6942836705916-back_camera1-14.jpg 127 1288.74 1171.24 950.71 955.53 676.06 431.42
6942836705916-back_camera1-12.jpg 127 1292.68 1169.92 945.45 1013.4 694.47 313.04
6942836705916-back_camera1-15.jpg 127 1288.74 1165.98 961.23 929.23 655.01 473.5
6942836705916-back_camera1-16.jpg 127 1281.59 1162.97 980.89 909.26 601.4 507.43
6942836705916-back_camera1-19.jpg 127 1275.59 1156.78 1071.72 895.03 407.74 523.49
6942836705916-back_camera1-17.jpg 127 1280.55 1163.01 1008.3 899.89 544.5 526.23
6942836705916-back_camera1-20.jpg 127 1271.63 1155.46 1108.54 892.4 326.19 526.12
6942836705916-back_camera1-1.jpg 127 1250.2 1196.01 1102.12 938.36 296.16 515.3
6942836705916-back_camera1-18.jpg 127 1279.54 1156.78 1040.15 884.51 478.77 544.53
6942836705916-back_camera1-23.jpg 127 1287.42 1143.62 1042.78 871.35 489.29 544.53
6942836705916-back_camera1-22.jpg 127 1295.32 1143.62 1090.13 871.35 410.37 544.53
6942836705916-back_camera1-21.jpg 127 1297.14 1143.66 1150.19 884.27 293.91 518.78
6942836705916-back_camera1-24.jpg 127 1278.22 1143.62 1016.47 876.61 523.49 534.01
6942836705916-back_camera1-25.jpg 127 1278.22 1146.25 982.28 887.14 591.88 518.22
6942836705916-back_camera1-26.jpg 127 1267.83 1135.34 954.33 897.11 626.99 476.45
6942836705916-back_camera1-29.jpg 127 1235.27 1127.99 902.75 978.27 665.04 299.44
6942836705916-back_camera1-27.jpg 127 1251.91 1130.46 916.51 923.96 670.8 413.0
6942836705916-back_camera1-28.jpg 127 1230.86 1131.78 884.94 945.01 691.84 373.54
6942836705916-back_camera1-30.jpg 127 1230.55 1129.17 902.99 1005.1 655.12 248.15
6942836705916-back_camera1-2.jpg 127 1263.75 1200.18 1076.98 931.86 373.54 536.64
6942836705916-back_camera1-32.jpg 127 1232.62 1138.31 895.89 997.35 673.45 281.91
6942836705916-back_camera1-31.jpg 127 1230.87 1130.47 895.47 1018.67 670.8 223.6
6942836705916-back_camera1-33.jpg 127 1226.91 1150.2 884.94 973.95 683.95 352.5
6942836705916-back_camera1-34.jpg 127 1216.45 1154.29 878.42 955.1 676.06 398.38
6942836705916-back_camera1-36.jpg 127 1209.63 1172.07 906.18 928.88 606.91 486.38
6942836705916-back_camera1-37.jpg 127 1199.3 1179.13 916.51 913.44 565.58 531.38
6942836705916-back_camera1-35.jpg 127 1210.61 1162.66 887.18 934.36 646.85 456.6
6942836705916-back_camera1-3.jpg 127 1261.12 1194.92 1027.0 929.23 468.24 531.38
6942836705916-back_camera1-39.jpg 127 1213.77 1192.28 1005.95 923.96 415.63 536.64
6942836705916-back_camera1-38.jpg 127 1208.76 1185.26 965.57 923.73 486.38 523.05
6942836705916-back_camera1-5.jpg 127 1276.92 1195.92 977.44 941.1 598.96 509.64
6942836705916-back_camera1-4.jpg 127 1267.83 1200.17 1002.89 937.06 529.88 526.23
6942836705916-back_camera1-40.jpg 127 1219.13 1194.61 1061.51 933.22 315.24 522.78
6942836705916-back_camera1-8.jpg 127 1274.3 1184.1 927.53 996.27 693.54 375.66
6942836705916-back_camera1-6.jpg 127 1275.62 1188.04 956.43 956.86 638.37 462.36
6942836705916-back_camera2-10.jpg 127 1296.63 858.19 1145.37 553.05 302.52 610.29
6942836705916-back_camera1-7.jpg 127 1277.92 1184.85 939.63 974.09 676.58 421.52
6942836705916-back_camera1-9.jpg 127 1279.55 1173.6 938.04 1014.66 683.03 317.87
6942836705916-back_camera2-12.jpg 127 1291.38 847.84 1124.56 541.79 333.63 612.1
6942836705916-back_camera2-13.jpg 127 1286.11 852.94 1079.61 542.53 413.0 620.82
6942836705916-back_camera2-11.jpg 127 1295.31 851.78 1166.59 552.3 257.45 598.96
6942836705916-back_camera2-14.jpg 127 1280.86 845.21 1048.37 536.54 464.98 617.35
6942836705916-back_camera2-16.jpg 127 1272.96 849.0 984.91 566.21 576.1 565.58
6942836705916-back_camera2-17.jpg 127 1267.24 844.7 968.8 595.29 596.88 498.82
6942836705916-back_camera2-18.jpg 127 1262.47 843.9 959.05 617.98 606.84 451.85
6942836705916-back_camera2-15.jpg 127 1278.24 843.9 1016.85 549.68 522.78 588.45
6942836705916-back_camera2-19.jpg 127 1255.91 850.47 956.43 657.38 598.96 386.17
6942836705916-back_camera2-1.jpg 127 1304.52 897.65 1005.95 779.28 597.14 236.75
6942836705916-back_camera2-20.jpg 127 1253.28 851.79 959.05 699.42 588.45 304.74
6942836705916-back_camera2-22.jpg 127 1244.05 856.31 938.65 676.2 610.8 360.22
6942836705916-back_camera2-21.jpg 127 1245.4 853.1 945.92 723.06 598.96 260.08
6942836705916-back_camera2-23.jpg 127 1241.38 867.4 927.03 647.75 628.71 439.31
6942836705916-back_camera2-24.jpg 127 1240.87 868.08 939.78 633.58 602.18 469.0
6942836705916-back_camera2-25.jpg 127 1240.98 872.82 951.24 614.4 579.48 516.83
6942836705916-back_camera2-27.jpg 127 1242.78 887.25 1008.97 583.83 467.61 606.84
6942836705916-back_camera2-26.jpg 127 1234.81 881.88 958.6 597.77 552.42 568.21
6942836705916-back_camera2-29.jpg 127 1245.39 893.82 1074.64 591.71 341.51 604.22
6942836705916-back_camera2-2.jpg 127 1300.58 893.71 995.43 726.67 610.3 334.08
6942836705916-back_camera2-30.jpg 127 1248.03 896.45 1103.54 602.22 288.97 588.45
6942836705916-back_camera2-28.jpg 127 1242.7 893.71 1032.26 589.88 420.89 607.66
6942836705916-back_camera2-31.jpg 127 1249.34 903.01 1119.3 604.84 260.08 596.34
6942836705916-back_camera2-32.jpg 127 1259.85 904.33 1100.91 599.59 317.87 609.47
6942836705916-back_camera2-35.jpg 127 1272.99 913.52 1008.97 617.98 528.03 591.08
6942836705916-back_camera2-36.jpg 127 1276.92 909.58 995.83 636.37 562.18 546.42
6942836705916-back_camera2-34.jpg 127 1266.38 913.44 1029.63 608.29 473.5 610.3
6942836705916-back_camera2-33.jpg 127 1261.16 908.26 1061.51 604.84 399.31 606.84
6942836705916-back_camera2-3.jpg 127 1307.8 886.18 997.7 687.44 620.2 397.48
6942836705916-back_camera2-38.jpg 127 1283.49 903.01 985.32 678.4 596.34 449.22
6942836705916-back_camera2-4.jpg 127 1300.58 884.5 995.43 647.75 610.3 473.5
6942836705916-back_camera2-37.jpg 127 1276.92 908.27 977.44 654.76 598.96 507.02
6942836705916-back_camera2-39.jpg 127 1288.74 901.7 985.32 715.18 606.84 373.04
6942836705916-back_camera2-8.jpg 127 1297.95 864.77 1071.72 547.79 452.46 633.97
6942836705916-back_camera2-40.jpg 127 1294.0 897.76 998.46 751.96 591.08 291.6
6942836705916-back_camera3-10.jpg 127 1415.0 1443.51 1048.04 1360.64 733.93 165.73
6942836705916-back_camera2-5.jpg 127 1305.82 878.05 1011.59 612.72 588.45 530.66
6942836705916-back_camera2-7.jpg 127 1303.59 866.01 1054.18 569.7 498.82 592.61
6942836705916-back_camera2-6.jpg 127 1301.89 875.3 1024.37 592.51 555.05 565.58
6942836705916-back_camera3-13.jpg 127 1401.7 1452.07 1040.49 1327.28 722.43 249.57
6942836705916-back_camera2-9.jpg 127 1296.62 854.25 1105.91 550.42 381.43 607.66
6942836705916-back_camera3-12.jpg 127 1400.54 1454.03 1032.26 1336.97 736.56 234.12
6942836705916-back_camera3-14.jpg 127 1396.45 1453.0 1047.43 1314.52 698.04 276.96
6942836705916-back_camera3-11.jpg 127 1417.89 1454.2 1046.98 1363.89 741.83 180.61
6942836705916-back_camera3-18.jpg 127 1385.94 1449.43 1174.47 1295.75 422.95 307.36
6942836705916-back_camera3-15.jpg 127 1388.7 1456.66 1058.56 1310.66 660.28 291.99
6942836705916-back_camera3-19.jpg 127 1374.23 1447.46 1200.61 1294.88 347.24 305.15
6942836705916-back_camera3-17.jpg 127 1383.32 1454.69 1127.18 1298.38 512.27 312.62
6942836705916-back_camera3-20.jpg 127 1417.47 1438.92 1258.54 1287.87 317.87 302.11
6942836705916-back_camera3-25.jpg 127 1389.0 1432.16 1049.37 1293.89 679.26 276.54
6942836705916-back_camera3-28.jpg 127 1342.6 1423.16 985.32 1329.9 714.55 186.52
6942836705916-back_camera3-27.jpg 127 1354.43 1424.48 990.58 1316.77 727.69 215.42
6942836705916-back_camera3-26.jpg 127 1371.5 1429.73 1016.85 1303.63 709.3 252.19
6942836705916-back_camera3-29.jpg 127 1347.85 1428.41 985.32 1350.92 725.06 154.99
6942836705916-back_camera3-32.jpg 127 1340.43 1439.54 972.61 1346.91 735.64 185.25
6942836705916-back_camera3-33.jpg 127 1326.84 1442.86 961.68 1337.78 730.31 210.16
6942836705916-back_camera3-31.jpg 127 1346.91 1432.73 982.13 1350.54 729.56 164.38
6942836705916-back_camera3-34.jpg 127 1320.9 1450.64 968.52 1331.61 704.77 238.06
6942836705916-back_camera3-30.jpg 127 1347.3 1426.36 985.89 1362.18 722.81 128.35
6942836705916-back_camera3-6.jpg 127 1394.68 1461.58 1030.87 1341.91 727.63 239.33
6942836705916-back_camera3-4.jpg 127 1392.64 1463.23 1061.19 1321.18 662.91 284.1
6942836705916-back_camera3-3.jpg 127 1394.63 1469.9 1096.8 1331.04 595.66 277.73
6942836705916-back_camera3-5.jpg 127 1397.97 1464.03 1046.42 1338.3 703.09 251.46
6942836705916-back_camera3-9.jpg 127 1401.12 1446.72 1030.55 1367.59 741.14 158.26
6942836705916-back_camera3-7.jpg 127 1396.76 1457.09 1024.53 1356.17 744.45 201.83
6942836705916-back_camera3-8.jpg 127 1394.25 1452.03 1023.68 1361.32 741.14 181.43
6942836705916_camera0-10.jpg 127 1417.64 1286.98 1032.26 1218.59 770.76 136.79
6942836705916_camera0-11.jpg 127 1445.82 1280.9 1066.57 1226.86 758.51 108.08
6942836705916_camera0-13.jpg 127 1448.03 1291.57 1073.6 1240.42 748.86 102.29
6942836705916_camera0-12.jpg 127 1443.94 1276.46 1066.45 1221.22 754.98 110.48
6942836705916_camera0-16.jpg 127 1430.29 1296.18 1103.14 1232.49 654.29 127.38
6942836705916_camera0-14.jpg 127 1441.86 1293.87 1077.08 1237.9 729.56 111.94
6942836705916_camera0-15.jpg 127 1439.74 1294.6 1087.37 1238.35 704.75 112.5
6942836705916_camera0-17.jpg 127 1429.71 1293.08 1127.44 1227.3 604.54 131.56
6942836705916_camera0-18.jpg 127 1424.87 1290.49 1158.52 1227.77 532.7 125.45
6942836705916_camera0-19.jpg 127 1415.05 1292.59 1200.82 1227.93 428.47 129.31
6942836705916_camera0-1.jpg 127 1376.37 1291.51 1215.05 1208.51 322.63 166.01
6942836705916_camera0-21.jpg 127 1450.52 1284.36 1287.42 1210.7 326.19 147.31
6942836705916_camera0-23.jpg 127 1453.84 1286.44 1200.72 1225.23 506.23 122.42
6942836705916_camera0-20.jpg 127 1419.14 1289.26 1253.15 1224.61 331.97 129.31
6942836705916_camera0-22.jpg 127 1455.16 1286.21 1243.82 1224.45 422.68 123.52
6942836705916_camera0-29.jpg 127 1381.2 1284.3 1012.11 1234.96 738.18 98.67
6942836705916_camera0-28.jpg 127 1399.18 1284.6 1029.58 1232.49 739.21 104.22
6942836705916_camera0-26.jpg 127 1417.63 1281.73 1061.19 1215.96 712.89 131.53
6942836705916_camera0-24.jpg 127 1449.48 1288.52 1156.11 1227.72 586.74 121.59
6942836705916_camera0-25.jpg 127 1439.93 1286.69 1118.58 1225.89 642.71 121.59
6942836705916_camera0-27.jpg 127 1413.34 1284.85 1052.23 1228.47 722.22 112.76
6942836705916_camera0-2.jpg 127 1403.64 1290.01 1200.02 1207.02 407.24 165.99
6942836705916_camera0-35.jpg 127 1339.89 1286.6 987.51 1214.55 704.77 144.09
6942836705916_camera0-30.jpg 127 1373.17 1279.36 1009.22 1233.87 727.91 90.99
6942836705916_camera0-31.jpg 127 1374.41 1277.37 1010.6 1232.01 727.63 90.71
6942836705916_camera0-33.jpg 127 1361.09 1269.89 982.28 1205.44 757.61 128.9
6942836705916_camera0-32.jpg 127 1376.16 1276.65 1010.7 1228.1 730.93 97.1
6942836705916_camera0-34.jpg 127 1356.88 1284.28 991.14 1218.66 731.49 131.24
6942836705916_camera0-37.jpg 127 1330.51 1290.77 1024.6 1210.67 611.83 160.2
6942836705916_camera0-38.jpg 127 1333.8 1290.24 1062.63 1208.36 542.34 163.77
6942836705916_camera0-39.jpg 127 1337.32 1293.88 1107.64 1207.99 459.35 171.78
6942836705916_camera0-36.jpg 127 1333.46 1290.93 995.43 1215.96 676.06 149.94
6942836705916_camera0-3.jpg 127 1411.89 1288.52 1163.74 1203.32 496.3 170.4
6942836705916_camera0-4.jpg 127 1418.37 1290.48 1125.5 1205.91 585.74 169.14
6942836705916_camera0-6.jpg 127 1424.69 1288.46 1068.18 1206.57 713.02 163.78
6942836705916_camera0-40.jpg 127 1343.99 1292.25 1161.16 1202.81 365.65 178.88
6942836705916_camera0-7.jpg 127 1426.5 1287.22 1057.34 1210.7 738.33 153.04
6942836705916_camera0-5.jpg 127 1421.81 1290.61 1096.6 1206.65 650.43 167.92
6942836705916_camera1-10.jpg 127 1292.68 1168.61 953.34 1052.86 678.69 231.49
6942836705916_camera0-9.jpg 127 1420.58 1284.16 1038.43 1217.58 764.3 133.17
6942836705916_camera1-12.jpg 127 1293.45 1170.44 952.03 1006.0 682.84 328.89
6942836705916_camera1-13.jpg 127 1293.36 1167.03 959.46 977.88 667.8 378.29
6942836705916_camera0-8.jpg 127 1423.11 1286.0 1042.56 1216.19 761.09 139.61
6942836705916_camera1-11.jpg 127 1295.03 1173.4 955.17 1026.18 679.71 294.44
6942836705916_camera1-18.jpg 127 1279.28 1151.05 1074.97 900.42 408.62 501.26
6942836705916_camera1-15.jpg 127 1285.74 1162.53 984.01 931.72 603.47 461.61
6942836705916_camera1-17.jpg 127 1282.87 1156.99 1035.42 904.84 494.9 504.3
6942836705916_camera1-14.jpg 127 1286.28 1163.97 968.78 946.84 634.99 434.26
6942836705916_camera1-16.jpg 127 1283.87 1159.14 1009.16 918.21 549.42 481.87
6942836705916_camera1-1.jpg 127 1250.14 1185.67 1076.3 911.6 347.69 548.15
6942836705916_camera1-19.jpg 127 1276.92 1146.01 1114.05 896.44 325.75 499.14
6942836705916_camera1-21.jpg 127 1300.58 1139.67 1124.33 887.14 352.5 505.07
6942836705916_camera1-20.jpg 127 1303.43 1144.18 1164.04 899.7 278.78 488.97
6942836705916_camera1-22.jpg 127 1299.79 1136.95 1073.01 888.94 453.56 496.03
6942836705916_camera1-24.jpg 127 1284.99 1127.62 995.64 893.44 578.7 468.36
6942836705916_camera1-23.jpg 127 1293.17 1132.12 1036.75 890.59 512.84 483.07
6942836705916_camera1-25.jpg 127 1274.86 1125.37 964.12 902.45 621.48 445.84
6942836705916_camera1-26.jpg 127 1266.7 1124.88 940.5 920.84 652.41 408.09
6942836705916_camera1-29.jpg 127 1232.24 1124.4 901.23 1002.81 662.01 243.19
6942836705916_camera1-28.jpg 127 1239.41 1121.37 902.75 971.65 673.32 299.44
6942836705916_camera1-27.jpg 127 1257.76 1123.99 916.78 944.11 681.95 359.77
6942836705916_camera1-2.jpg 127 1257.97 1192.91 1033.92 911.45 448.1 562.93
6942836705916_camera1-30.jpg 127 1232.08 1121.99 901.07 1006.03 662.01 231.93
6942836705916_camera1-31.jpg 127 1234.34 1125.37 905.58 970.0 657.51 310.74
6942836705916_camera1-35.jpg 127 1206.96 1154.87 896.5 896.63 620.92 516.47
6942836705916_camera1-34.jpg 127 1210.68 1150.14 887.56 913.71 646.25 472.86
6942836705916_camera1-32.jpg 127 1221.65 1146.24 884.94 960.79 673.43 370.91
6942836705916_camera1-36.jpg 127 1202.81 1164.77 921.34 890.06 562.93 549.42
6942836705916_camera1-33.jpg 127 1218.57 1137.46 879.09 925.65 678.95 423.62
6942836705916_camera1-37.jpg 127 1200.82 1171.3 945.01 894.56 511.61 553.49
6942836705916_camera1-38.jpg 127 1209.83 1184.39 992.8 900.29 434.05 568.21
6942836705916_camera1-3.jpg 127 1261.25 1193.0 1001.79 913.44 518.92 559.12
6942836705916_camera1-4.jpg 127 1264.56 1189.96 974.82 919.02 579.48 541.89
6942836705916_camera1-40.jpg 127 1242.77 1185.42 1103.54 912.21 278.46 546.42
6942836705916_camera1-5.jpg 127 1267.94 1192.92 953.34 929.47 629.2 526.91
6942836705916_camera1-39.jpg 127 1213.32 1182.04 1047.81 907.33 331.01 549.42
6942836705916_camera2-10.jpg 127 1298.96 853.97 1183.51 559.98 230.9 587.98
6942836705916_camera1-7.jpg 127 1270.79 1181.14 928.34 971.87 684.9 418.55
6942836705916_camera1-8.jpg 127 1272.45 1167.51 930.83 1005.38 683.24 324.25
6942836705916_camera1-6.jpg 127 1268.9 1184.23 932.11 952.63 673.59 463.21
6942836705916_camera2-11.jpg 127 1295.65 844.27 1127.74 549.8 335.83 588.94
6942836705916_camera1-9.jpg 127 1278.56 1165.9 941.76 1035.62 673.59 260.56
6942836705916_camera2-14.jpg 127 1282.74 838.27 1020.41 551.18 524.66 574.19
6942836705916_camera2-13.jpg 127 1291.11 842.62 1071.08 543.46 440.05 598.32
6942836705916_camera2-12.jpg 127 1295.95 845.61 1107.75 544.12 376.4 602.97
6942836705916_camera2-15.jpg 127 1280.5 841.65 1005.46 568.55 550.07 546.21
6942836705916_camera2-17.jpg 127 1270.33 845.04 963.86 608.29 612.93 473.5
6942836705916_camera2-16.jpg 127 1269.01 838.47 966.49 587.25 605.03 502.44
6942836705916_camera2-1.jpg 127 1303.65 894.73 1009.32 746.11 588.67 297.23
6942836705916_camera2-19.jpg 127 1255.72 843.9 957.37 688.53 596.71 310.74
6942836705916_camera2-18.jpg 127 1262.72 842.68 955.76 651.61 613.93 382.14
6942836705916_camera2-20.jpg 127 1248.64 847.44 957.2 730.67 582.88 233.54
6942836705916_camera2-22.jpg 127 1241.74 851.91 943.96 653.39 595.56 397.04
6942836705916_camera2-24.jpg 127 1238.13 862.6 943.96 603.14 588.35 518.92
6942836705916_camera2-21.jpg 127 1234.8 846.36 932.29 692.47 605.03 307.78
6942836705916_camera2-23.jpg 127 1239.4 859.99 942.45 629.21 593.91 461.56
6942836705916_camera2-26.jpg 127 1237.63 871.11 981.47 572.67 512.32 596.88
6942836705916_camera2-25.jpg 127 1235.13 872.54 961.06 591.71 548.14 561.65
6942836705916_camera2-27.jpg 127 1236.1 881.49 1013.59 577.92 445.02 607.14
6942836705916_camera2-28.jpg 127 1236.92 888.12 1048.33 582.89 377.19 610.45
6942836705916_camera2-29.jpg 127 1240.92 893.77 1088.45 595.57 304.95 596.39
6942836705916_camera2-2.jpg 127 1304.13 896.82 1004.65 708.8 598.96 376.04
6942836705916_camera2-33.jpg 127 1263.12 909.21 1038.27 609.08 449.7 600.25
6942836705916_camera2-31.jpg 127 1248.79 903.63 1088.0 603.98 321.58 599.31
6942836705916_camera2-30.jpg 127 1243.54 901.35 1126.08 607.7 234.92 587.29
6942836705916_camera2-35.jpg 127 1267.69 909.5 987.54 626.71 560.31 565.58
6942836705916_camera2-32.jpg 127 1256.37 904.38 1061.43 605.22 389.87 598.32
6942836705916_camera2-36.jpg 127 1278.48 910.46 982.18 658.92 592.61 503.08
6942836705916_camera2-34.jpg 127 1262.16 913.07 1007.39 618.73 509.54 588.67
6942836705916_camera2-37.jpg 127 1276.63 909.62 972.23 687.11 608.8 445.02
6942836705916_camera2-40.jpg 127 1297.86 900.77 1003.68 787.49 588.35 226.57
6942836705916_camera2-38.jpg 127 1285.72 907.13 980.5 718.54 610.45 377.19
6942836705916_camera2-4.jpg 127 1305.58 883.97 1013.59 634.17 583.98 499.61
6942836705916_camera2-3.jpg 127 1296.63 885.82 990.17 658.28 612.93 455.09
6942836705916_camera2-5.jpg 127 1304.62 880.26 1026.69 605.22 555.86 550.07
6942836705916_camera2-39.jpg 127 1292.04 904.18 990.57 748.84 602.94 310.67
6942836705916_camera2-6.jpg 127 1303.2 876.62 1053.3 574.1 499.81 605.03
6942836705916_camera2-7.jpg 127 1304.61 868.67 1076.87 568.55 455.49 600.25
6942836705916_camera3-10.jpg 127 1416.32 1451.39 1048.04 1365.9 736.56 170.99
6942836705916_camera2-9.jpg 127 1298.14 855.85 1160.83 561.38 274.62 588.94
6942836705916_camera3-11.jpg 127 1415.7 1448.28 1050.92 1350.81 729.56 194.94
6942836705916_camera2-8.jpg 127 1301.72 862.88 1127.05 560.83 349.34 604.11
6942836705916_camera3-12.jpg 127 1412.28 1449.76 1053.29 1343.88 717.98 211.76
6942836705916_camera3-16.jpg 127 1391.2 1444.74 1135.63 1310.76 511.14 267.96
6942836705916_camera3-13.jpg 127 1403.01 1446.61 1054.18 1333.88 697.66 225.46
6942836705916_camera3-14.jpg 127 1398.34 1444.74 1083.09 1324.27 630.49 240.94
6942836705916_camera3-18.jpg 127 1387.98 1433.75 1219.1 1303.47 337.76 260.56
6942836705916_camera3-15.jpg 127 1395.97 1445.01 1105.5 1316.66 580.95 256.7
6942836705916_camera3-19.jpg 127 1425.09 1432.46 1274.54 1306.04 301.09 252.84
6942836705916_camera3-17.jpg 127 1389.27 1437.3 1174.07 1309.91 430.4 254.77
6942836705916_camera3-22.jpg 127 1413.69 1430.36 1129.59 1305.4 568.21 249.91
6942836705916_camera3-20.jpg 127 1428.36 1431.61 1227.95 1298.75 400.81 265.71
6942836705916_camera3-21.jpg 127 1422.58 1429.91 1183.53 1300.87 478.1 258.08
6942836705916_camera3-25.jpg 127 1384.45 1424.11 1035.43 1313.77 698.04 220.67
6942836705916_camera3-27.jpg 127 1356.04 1421.63 997.05 1337.26 717.98 168.74
6942836705916_camera3-23.jpg 127 1408.03 1425.55 1093.43 1301.06 629.2 248.98
6942836705916_camera3-28.jpg 127 1343.88 1421.73 989.85 1351.42 708.06 140.62
6942836705916_camera3-26.jpg 127 1368.68 1426.99 1008.73 1328.56 719.91 196.87
6942836705916_camera3-29.jpg 127 1345.04 1418.25 988.94 1342.98 712.19 150.54
6942836705916_camera3-24.jpg 127 1393.14 1426.27 1058.49 1313.54 669.3 225.46
6942836705916_camera3-2.jpg 127 1385.52 1457.44 1105.66 1295.32 559.72 324.25
6942836705916_camera3-30.jpg 127 1347.22 1418.92 991.54 1327.93 711.37 181.98
6942836705916_camera3-31.jpg 127 1338.5 1427.27 979.51 1317.25 717.98 220.03
6942836705916_camera3-32.jpg 127 1325.5 1438.09 970.9 1310.47 709.2 255.24
6942836705916_camera3-33.jpg 127 1316.36 1446.13 963.86 1308.03 705.0 276.21
6942836705916_camera3-35.jpg 127 1304.52 1450.09 1003.32 1292.25 602.4 315.67
6942836705916_camera3-36.jpg 127 1304.08 1452.25 1039.66 1293.02 528.84 318.46
6942836705916_camera3-34.jpg 127 1309.78 1446.14 977.01 1294.88 665.54 302.52
6942836705916_camera3-38.jpg 127 1316.03 1456.16 1139.43 1295.0 353.2 322.32
6942836705916_camera3-40.jpg 127 1365.03 1459.29 1161.16 1302.77 407.74 313.04
6942836705916_camera3-3.jpg 127 1390.45 1458.73 1072.95 1295.64 634.99 326.18
6942836705916_camera3-4.jpg 127 1389.81 1455.84 1042.4 1304.33 694.82 303.02
6942836705916_camera3-39.jpg 127 1357.13 1460.61 1195.35 1300.14 323.56 320.93
6942836705916_camera3-7.jpg 127 1390.7 1440.43 1020.96 1326.28 739.49 228.3
6942836705916_camera3-8.jpg 127 1401.33 1435.36 1033.17 1347.54 736.32 175.64
6942836705916_camera3-5.jpg 127 1390.71 1452.67 1029.83 1312.29 721.76 280.76
6942836705916_camera3-6.jpg 127 1389.16 1446.89 1016.66 1322.4 745.0 248.98
6942836705916_camera3-9.jpg 127 1413.39 1439.27 1049.58 1362.07 727.63 154.41
