6942836705435-back_camera0-11.jpg 128 1386.32 1289.75 1223.07 1215.44 326.5 148.61
6942836705435-back_camera0-10.jpg 128 1343.22 1290.39 1157.93 1215.12 370.57 150.54
6942836705435-back_camera0-14.jpg 128 1404.75 1290.62 1096.22 1220.15 617.06 140.95
6942836705435-back_camera0-13.jpg 128 1399.33 1289.95 1136.88 1219.38 524.89 141.13
6942836705435-back_camera0-12.jpg 128 1393.08 1288.62 1166.78 1213.19 452.6 150.87
6942836705435-back_camera0-15.jpg 128 1397.58 1288.62 1058.69 1213.19 677.77 150.87
6942836705435-back_camera0-17.jpg 128 1392.22 1291.15 1026.7 1226.13 731.04 130.03
6942836705435-back_camera0-16.jpg 128 1394.09 1290.94 1035.1 1221.46 717.98 138.96
6942836705435-back_camera0-19.jpg 128 1386.42 1287.34 1015.24 1232.52 742.36 109.63
6942836705435-back_camera0-20.jpg 128 1398.55 1284.99 1030.88 1238.78 735.34 92.43
6942836705435-back_camera0-18.jpg 128 1390.83 1292.0 1015.91 1228.95 749.83 126.1
6942836705435-back_camera0-1.jpg 128 1407.47 1273.33 1053.85 1228.13 707.25 90.39
6942836705435-back_camera0-21.jpg 128 1419.55 1286.17 1048.63 1236.84 741.83 98.67
6942836705435-back_camera0-23.jpg 128 1420.42 1291.36 1045.99 1234.42 748.86 113.87
6942836705435-back_camera0-22.jpg 128 1419.5 1287.84 1047.75 1243.66 743.5 88.35
6942836705435-back_camera0-24.jpg 128 1411.74 1290.39 1045.99 1222.84 731.49 135.1
6942836705435-back_camera0-25.jpg 128 1411.35 1291.22 1071.2 1225.41 680.29 131.62
6942836705435-back_camera0-27.jpg 128 1407.16 1295.74 1123.69 1222.13 566.95 147.22
6942836705435-back_camera0-26.jpg 128 1410.77 1298.11 1090.38 1224.77 640.78 146.68
6942836705435-back_camera0-2.jpg 128 1409.31 1273.73 1055.68 1232.5 707.25 82.46
6942836705435-back_camera0-29.jpg 128 1412.78 1293.93 1216.14 1221.78 393.27 144.3
6942836705435-back_camera0-30.jpg 128 1433.92 1295.22 1271.8 1215.12 324.25 160.2
6942836705435-back_camera0-28.jpg 128 1406.26 1294.66 1158.81 1221.05 494.9 147.22
6942836705435-back_camera0-31.jpg 128 1462.36 1288.31 1263.75 1205.44 397.22 165.73
6942836705435-back_camera0-34.jpg 128 1459.5 1290.88 1146.51 1215.44 625.98 150.87
6942836705435-back_camera0-32.jpg 128 1465.79 1290.05 1234.72 1216.65 462.14 146.8
6942836705435-back_camera0-33.jpg 128 1465.78 1294.25 1184.95 1218.98 561.65 150.54
6942836705435-back_camera0-39.jpg 128 1403.48 1277.79 1049.4 1225.46 708.16 104.66
6942836705435-back_camera0-35.jpg 128 1449.37 1290.39 1109.68 1217.05 679.38 146.68
6942836705435-back_camera0-36.jpg 128 1445.38 1288.05 1092.99 1217.58 704.77 140.95
6942836705435-back_camera0-38.jpg 128 1417.26 1281.81 1058.42 1228.12 717.67 107.38
6942836705435-back_camera0-37.jpg 128 1429.23 1285.85 1071.08 1221.96 716.31 127.77
6942836705435-back_camera0-3.jpg 128 1390.51 1278.81 1026.69 1218.98 727.63 119.66
6942836705435-back_camera0-40.jpg 128 1407.16 1278.03 1047.77 1229.21 718.79 97.63
6942836705435-back_camera0-5.jpg 128 1366.38 1278.81 1022.83 1217.05 687.1 123.52
6942836705435-back_camera0-4.jpg 128 1376.83 1279.24 1024.11 1227.59 705.44 103.3
6942836705435-back_camera0-8.jpg 128 1344.18 1287.49 1088.45 1215.12 511.47 144.75
6942836705435-back_camera0-7.jpg 128 1351.06 1285.0 1047.38 1220.78 607.35 128.45
6942836705435-back_camera0-9.jpg 128 1343.87 1287.16 1121.95 1219.1 443.84 136.13
6942836705435-back_camera1-11.jpg 128 1249.6 1165.85 922.14 1035.02 654.92 261.65
6942836705435-back_camera1-10.jpg 128 1234.23 1157.32 911.4 1040.76 645.67 233.11
6942836705435-back_camera0-6.jpg 128 1362.52 1284.6 1036.34 1220.91 652.36 127.38
6942836705435-back_camera1-12.jpg 128 1247.97 1171.23 908.62 1008.14 678.69 326.19
6942836705435-back_camera1-13.jpg 128 1246.57 1184.76 915.14 990.5 662.85 388.51
6942836705435-back_camera1-14.jpg 128 1242.84 1186.83 908.16 971.52 669.36 430.61
6942836705435-back_camera1-15.jpg 128 1238.59 1191.68 920.95 950.15 635.27 483.07
6942836705435-back_camera1-16.jpg 128 1244.05 1192.8 955.44 944.63 577.22 496.34
6942836705435-back_camera1-17.jpg 128 1242.71 1185.7 982.28 923.96 520.86 523.49
6942836705435-back_camera1-1.jpg 128 1263.79 1157.84 1106.17 901.7 315.24 512.27
6942836705435-back_camera1-19.jpg 128 1251.97 1189.36 1069.39 925.34 365.16 528.03
6942836705435-back_camera1-18.jpg 128 1247.48 1195.05 1031.03 933.26 432.91 523.57
6942836705435-back_camera1-22.jpg 128 1292.68 1190.97 1079.61 923.96 426.15 534.01
6942836705435-back_camera1-23.jpg 128 1296.62 1185.42 1032.61 920.09 528.03 530.66
6942836705435-back_camera1-25.jpg 128 1292.24 1177.3 993.32 937.05 597.83 480.49
6942836705435-back_camera1-21.jpg 128 1291.37 1188.04 1119.3 933.22 344.14 509.64
6942836705435-back_camera1-20.jpg 128 1264.34 1189.78 1128.75 941.61 271.17 496.34
6942836705435-back_camera1-26.jpg 128 1288.75 1168.34 964.31 943.73 648.88 449.22
6942836705435-back_camera1-27.jpg 128 1284.8 1165.72 951.17 964.75 667.27 401.94
6942836705435-back_camera1-24.jpg 128 1294.0 1179.06 1008.17 931.15 571.67 495.82
6942836705435-back_camera1-28.jpg 128 1281.21 1159.5 945.01 985.92 672.4 347.16
6942836705435-back_camera1-29.jpg 128 1272.98 1149.95 938.04 1006.78 669.89 286.35
6942836705435-back_camera1-2.jpg 128 1260.46 1162.4 1065.41 905.51 390.1 513.79
6942836705435-back_camera1-34.jpg 128 1257.17 1144.93 924.4 921.33 665.54 447.2
6942836705435-back_camera1-30.jpg 128 1277.68 1138.54 954.87 1035.24 645.63 206.6
6942836705435-back_camera1-31.jpg 128 1276.9 1142.3 948.08 1021.3 657.65 242.01
6942836705435-back_camera1-32.jpg 128 1279.55 1149.95 945.92 991.02 667.26 317.87
6942836705435-back_camera1-33.jpg 128 1267.38 1149.65 935.35 964.85 664.05 369.61
6942836705435-back_camera1-38.jpg 128 1239.4 1162.76 1022.15 905.87 434.5 513.79
6942836705435-back_camera1-36.jpg 128 1244.02 1159.4 953.34 910.81 581.36 497.18
6942836705435-back_camera1-37.jpg 128 1240.97 1160.32 986.8 907.5 508.35 505.63
6942836705435-back_camera1-39.jpg 128 1238.83 1159.02 1058.05 906.09 361.55 505.86
6942836705435-back_camera1-3.jpg 128 1259.54 1166.42 1019.92 902.21 479.24 528.43
6942836705435-back_camera1-35.jpg 128 1244.01 1155.45 927.03 908.18 633.97 494.55
6942836705435-back_camera1-40.jpg 128 1238.86 1158.71 1103.61 915.41 270.49 486.6
6942836705435-back_camera1-4.jpg 128 1258.53 1168.34 985.32 906.95 546.42 522.78
6942836705435-back_camera1-6.jpg 128 1246.64 1164.66 921.77 929.23 649.75 470.87
6942836705435-back_camera1-5.jpg 128 1251.97 1167.03 948.55 914.83 606.84 504.39
6942836705435-back_camera1-9.jpg 128 1231.16 1161.58 901.32 1015.69 659.68 291.78
6942836705435-back_camera1-8.jpg 128 1237.45 1163.35 898.1 992.36 678.69 341.98
6942836705435-back_camera1-7.jpg 128 1242.77 1164.4 909.14 954.24 667.26 420.32
6942836705435-back_camera2-12.jpg 128 1284.79 884.5 1105.91 581.99 357.76 605.03
6942836705435-back_camera2-10.jpg 128 1280.38 895.63 1154.58 611.65 251.61 567.97
6942836705435-back_camera2-14.jpg 128 1292.68 888.56 1048.37 589.08 488.63 598.96
6942836705435-back_camera2-11.jpg 128 1286.87 889.91 1144.15 602.1 285.44 575.63
6942836705435-back_camera2-16.jpg 128 1292.68 879.25 1008.58 613.56 568.21 531.38
6942836705435-back_camera2-17.jpg 128 1294.0 875.43 999.67 634.17 588.67 482.52
6942836705435-back_camera2-18.jpg 128 1296.63 872.8 993.21 667.89 606.84 409.82
6942836705435-back_camera2-13.jpg 128 1291.5 888.72 1082.86 593.77 417.28 589.9
6942836705435-back_camera2-19.jpg 128 1291.55 869.85 995.54 701.75 592.01 336.2
6942836705435-back_camera2-1.jpg 128 1260.23 886.04 972.65 749.97 575.16 272.14
6942836705435-back_camera2-15.jpg 128 1292.41 884.37 1033.14 603.69 518.54 561.36
6942836705435-back_camera2-20.jpg 128 1289.34 864.94 1006.28 740.46 566.12 248.96
6942836705435-back_camera2-24.jpg 128 1281.62 859.66 991.14 605.22 580.95 508.89
6942836705435-back_camera2-21.jpg 128 1283.48 856.89 984.91 708.26 597.14 297.26
6942836705435-back_camera2-23.jpg 128 1285.28 859.0 991.91 633.82 586.73 450.36
6942836705435-back_camera2-22.jpg 128 1290.8 863.95 992.36 682.76 596.88 362.39
6942836705435-back_camera2-25.jpg 128 1272.96 852.94 984.91 584.62 576.1 536.64
6942836705435-back_camera2-27.jpg 128 1269.25 858.81 1034.56 567.03 469.39 583.56
6942836705435-back_camera2-29.jpg 128 1259.8 852.93 1084.87 553.05 349.87 599.77
6942836705435-back_camera2-26.jpg 128 1276.43 855.3 1017.42 575.94 518.02 558.72
6942836705435-back_camera2-28.jpg 128 1270.79 857.26 1058.98 546.8 423.62 620.92
6942836705435-back_camera2-2.jpg 128 1255.86 880.57 955.97 708.26 599.77 344.61
6942836705435-back_camera2-30.jpg 128 1263.38 861.74 1138.1 580.26 250.55 562.95
6942836705435-back_camera2-31.jpg 128 1265.07 859.51 1119.07 560.94 291.99 597.14
6942836705435-back_camera2-34.jpg 128 1259.1 869.64 1021.23 581.03 475.73 577.22
6942836705435-back_camera2-32.jpg 128 1257.17 858.19 1076.98 553.05 360.39 610.29
6942836705435-back_camera2-33.jpg 128 1258.79 863.05 1050.15 566.06 417.28 593.98
6942836705435-back_camera2-35.jpg 128 1257.64 869.09 991.18 587.7 532.93 562.77
6942836705435-back_camera2-36.jpg 128 1256.37 874.47 972.65 609.08 567.44 530.77
6942836705435-back_camera2-37.jpg 128 1255.14 878.03 961.78 643.33 586.73 469.39
6942836705435-back_camera2-39.jpg 128 1254.55 881.88 948.08 703.0 612.93 357.76
6942836705435-back_camera2-38.jpg 128 1254.92 881.09 959.29 675.84 591.26 410.49
6942836705435-back_camera2-3.jpg 128 1264.22 892.25 965.61 682.15 597.22 420.2
6942836705435-back_camera2-6.jpg 128 1263.75 896.34 998.06 608.29 531.38 576.1
6942836705435-back_camera2-7.jpg 128 1271.08 897.8 1034.01 607.6 474.14 580.39
6942836705435-back_camera2-40.jpg 128 1256.45 881.86 969.59 750.3 573.73 263.11
6942836705435-back_camera2-4.jpg 128 1265.06 889.76 963.86 642.49 602.4 494.55
6942836705435-back_camera2-5.jpg 128 1269.38 895.14 989.5 634.28 559.77 521.72
6942836705435-back_camera2-9.jpg 128 1280.53 897.85 1114.02 605.27 333.01 585.15
6942836705435-back_camera2-8.jpg 128 1275.9 893.79 1082.22 595.96 387.36 595.66
6942836705435-back_camera3-11.jpg 128 1362.33 1452.37 1000.77 1355.18 723.11 194.37
6942836705435-back_camera3-10.jpg 128 1365.03 1438.24 1003.32 1358.01 723.41 160.47
6942836705435-back_camera3-12.jpg 128 1358.96 1458.01 995.82 1354.14 726.28 207.74
6942836705435-back_camera3-13.jpg 128 1354.51 1455.35 1000.69 1331.71 707.63 247.27
6942836705435-back_camera3-16.jpg 128 1351.78 1470.62 1066.74 1328.1 570.08 285.04
6942836705435-back_camera3-17.jpg 128 1355.55 1472.84 1112.36 1322.29 486.38 301.09
6942836705435-back_camera3-15.jpg 128 1348.65 1469.62 1037.05 1325.32 623.21 288.61
6942836705435-back_camera3-14.jpg 128 1345.3 1463.24 1000.69 1331.71 689.21 263.06
6942836705435-back_camera3-1.jpg 128 1385.15 1453.79 1165.89 1306.57 438.52 294.44
6942836705435-back_camera3-18.jpg 128 1362.24 1471.65 1175.12 1326.56 374.24 290.19
6942836705435-back_camera3-20.jpg 128 1405.81 1467.18 1208.51 1315.92 394.59 302.52
6942836705435-back_camera3-19.jpg 128 1381.68 1467.47 1229.44 1331.55 304.47 271.85
6942836705435-back_camera3-21.jpg 128 1418.97 1468.76 1179.16 1319.02 479.62 299.48
6942836705435-back_camera3-22.jpg 128 1423.81 1464.98 1154.0 1324.3 539.61 281.36
6942836705435-back_camera3-23.jpg 128 1420.29 1462.36 1103.93 1328.37 632.72 267.99
6942836705435-back_camera3-25.jpg 128 1413.23 1453.47 1064.36 1332.16 697.74 242.62
6942836705435-back_camera3-24.jpg 128 1415.54 1459.21 1072.95 1324.11 685.17 270.21
6942836705435-back_camera3-27.jpg 128 1393.97 1442.19 1029.63 1334.34 728.67 215.71
6942836705435-back_camera3-26.jpg 128 1404.53 1449.83 1045.02 1337.69 719.03 224.27
6942836705435-back_camera3-28.jpg 128 1388.89 1437.88 1030.87 1350.06 716.05 175.64
6942836705435-back_camera3-30.jpg 128 1395.28 1438.24 1042.78 1350.12 705.0 176.25
6942836705435-back_camera3-2.jpg 128 1379.94 1455.96 1124.63 1314.83 510.62 282.27
6942836705435-back_camera3-29.jpg 128 1396.78 1435.04 1040.68 1361.7 712.19 146.68
6942836705435-back_camera3-35.jpg 128 1350.41 1447.8 1040.63 1306.9 619.55 281.79
6942836705435-back_camera3-31.jpg 128 1396.15 1442.63 1041.73 1353.04 708.84 179.19
6942836705435-back_camera3-33.jpg 128 1371.58 1441.63 1020.31 1321.0 702.54 241.26
6942836705435-back_camera3-36.jpg 128 1346.88 1452.43 1072.32 1313.11 549.13 278.64
6942836705435-back_camera3-32.jpg 128 1383.48 1444.01 1026.14 1334.83 714.67 218.37
6942836705435-back_camera3-34.jpg 128 1362.2 1448.04 1033.95 1322.31 656.51 251.46
6942836705435-back_camera3-37.jpg 128 1345.3 1459.29 1098.02 1305.4 494.55 307.78
6942836705435-back_camera3-38.jpg 128 1341.12 1452.09 1149.08 1306.37 384.08 291.44
6942836705435-back_camera3-5.jpg 128 1364.51 1453.78 1019.6 1325.34 689.81 256.89
6942836705435-back_camera3-4.jpg 128 1369.06 1455.99 1043.68 1313.01 650.75 285.97
6942836705435-back_camera3-3.jpg 128 1377.13 1454.15 1082.7 1310.07 588.87 288.17
6942836705435-back_camera3-40.jpg 128 1379.2 1452.25 1197.93 1305.88 362.53 292.73
6942836705435-back_camera3-7.jpg 128 1350.72 1448.11 989.84 1341.41 721.75 213.4
6942836705435-back_camera3-6.jpg 128 1357.13 1451.39 998.06 1323.81 718.15 255.17
6942836705435-back_camera3-39.jpg 128 1351.04 1451.49 1193.42 1306.26 315.24 290.47
6942836705435-back_camera3-8.jpg 128 1345.53 1444.49 991.91 1359.65 707.25 169.68
6942836705435_camera0-12.jpg 128 1425.72 1275.49 1066.57 1223.7 718.3 103.58
6942836705435_camera0-10.jpg 128 1421.58 1271.2 1053.3 1202.81 736.56 136.79
6942836705435-back_camera3-9.jpg 128 1352.12 1441.63 995.32 1369.59 713.59 144.08
6942836705435_camera0-11.jpg 128 1415.6 1273.02 1059.5 1217.05 712.19 111.94
6942836705435_camera0-14.jpg 128 1412.84 1274.28 1055.75 1231.17 714.18 86.21
6942836705435_camera0-16.jpg 128 1375.55 1272.52 1037.52 1205.44 676.06 134.16
6942836705435_camera0-13.jpg 128 1422.72 1268.51 1068.56 1219.3 708.33 98.43
6942836705435_camera0-15.jpg 128 1394.99 1273.21 1047.81 1220.79 694.37 104.85
6942836705435_camera0-17.jpg 128 1376.2 1279.62 1060.95 1210.94 630.49 137.36
6942836705435_camera0-1.jpg 128 1405.87 1285.9 1235.77 1217.75 340.2 136.31
6942836705435_camera0-22.jpg 128 1387.39 1275.14 1216.4 1194.91 341.98 160.47
6942836705435_camera0-18.jpg 128 1367.62 1276.88 1073.15 1209.88 588.94 134.0
6942836705435_camera0-21.jpg 128 1359.14 1274.54 1185.88 1207.63 346.52 133.81
6942836705435_camera0-25.jpg 128 1402.64 1273.5 1116.44 1204.85 572.4 137.31
6942836705435_camera0-19.jpg 128 1362.22 1274.72 1097.77 1207.46 528.91 134.51
6942836705435_camera0-20.jpg 128 1361.28 1277.7 1140.42 1205.74 441.71 143.93
6942836705435_camera0-23.jpg 128 1397.9 1271.2 1195.35 1197.55 405.11 147.31
6942836705435_camera0-24.jpg 128 1405.62 1274.14 1159.54 1203.7 492.17 140.89
6942836705435_camera0-27.jpg 128 1382.19 1273.61 1041.05 1206.06 682.28 135.1
6942836705435_camera0-26.jpg 128 1399.09 1278.38 1083.52 1209.86 631.13 137.03
6942836705435_camera0-28.jpg 128 1379.5 1279.1 1024.37 1208.07 710.26 142.05
6942836705435_camera0-29.jpg 128 1383.01 1277.91 1008.44 1213.96 749.14 127.9
6942836705435_camera0-30.jpg 128 1375.7 1277.03 1007.06 1220.1 737.28 113.87
6942836705435_camera0-2.jpg 128 1442.24 1282.56 1284.94 1206.33 314.6 152.47
6942836705435_camera0-34.jpg 128 1391.33 1280.41 1016.47 1218.59 749.72 123.64
6942836705435_camera0-31.jpg 128 1372.17 1276.88 1011.25 1224.77 721.84 104.22
6942836705435_camera0-32.jpg 128 1392.64 1281.06 1026.9 1236.67 731.49 88.78
6942836705435_camera0-33.jpg 128 1393.96 1283.04 1011.21 1226.48 765.5 113.11
6942836705435_camera0-35.jpg 128 1395.33 1285.78 1031.51 1226.91 727.63 117.73
6942836705435_camera0-36.jpg 128 1383.43 1279.1 1019.1 1210.7 728.67 136.79
6942836705435_camera0-38.jpg 128 1388.7 1285.67 1084.87 1210.7 607.66 149.94
6942836705435_camera0-40.jpg 128 1396.02 1287.28 1178.47 1212.84 435.09 148.89
6942836705435_camera0-37.jpg 128 1392.9 1281.13 1058.53 1209.87 668.75 142.52
6942836705435_camera0-39.jpg 128 1388.7 1286.98 1119.07 1208.07 539.27 157.83
6942836705435_camera0-3.jpg 128 1450.6 1282.29 1246.98 1206.06 407.24 152.47
6942836705435_camera0-5.jpg 128 1461.17 1280.2 1175.52 1207.83 571.3 144.75
6942836705435_camera0-6.jpg 128 1451.84 1281.72 1126.96 1208.07 649.75 147.31
6942836705435_camera0-4.jpg 128 1457.76 1281.45 1212.51 1211.55 490.49 139.81
6942836705435_camera0-7.jpg 128 1453.29 1279.73 1107.95 1206.64 690.67 146.17
6942836705435_camera0-8.jpg 128 1443.47 1279.24 1085.45 1211.69 716.05 135.1
6942836705435_camera0-9.jpg 128 1434.84 1276.23 1072.95 1213.51 723.77 125.45
6942836705435_camera1-13.jpg 128 1267.86 1124.8 938.92 963.73 657.87 322.14
6942836705435_camera1-10.jpg 128 1272.99 1126.12 944.23 991.02 657.51 270.21
6942836705435_camera1-11.jpg 128 1281.24 1125.41 956.38 1020.7 649.73 209.42
6942836705435_camera1-14.jpg 128 1257.17 1125.2 927.03 923.96 660.28 402.48
6942836705435_camera1-17.jpg 128 1232.95 1139.67 968.13 893.88 529.65 491.59
6942836705435_camera1-12.jpg 128 1275.66 1127.3 947.55 993.16 656.22 268.28
6942836705435_camera1-15.jpg 128 1240.07 1126.52 921.77 902.92 636.6 447.2
6942836705435_camera1-18.jpg 128 1230.56 1137.83 987.94 884.9 485.24 505.86
6942836705435_camera1-16.jpg 128 1236.58 1135.12 943.85 890.81 585.45 488.63
6942836705435_camera1-21.jpg 128 1242.7 1146.25 1098.02 887.14 289.36 518.22
6942836705435_camera1-1.jpg 128 1293.82 1168.33 1159.83 918.57 267.99 499.52
6942836705435_camera1-19.jpg 128 1225.7 1143.38 1016.85 883.31 417.7 520.15
6942836705435_camera1-20.jpg 128 1229.02 1143.12 1060.92 892.8 336.2 500.65
6942836705435_camera1-22.jpg 128 1253.74 1146.36 1076.36 896.26 354.76 500.2
6942836705435_camera1-24.jpg 128 1249.34 1148.64 990.58 893.82 517.52 509.64
6942836705435_camera1-25.jpg 128 1248.24 1153.55 961.44 908.89 573.59 489.32
6942836705435_camera1-23.jpg 128 1249.34 1149.95 1022.1 888.56 454.48 522.78
6942836705435_camera1-26.jpg 128 1245.07 1154.47 933.13 923.4 623.88 462.14
6942836705435_camera1-2.jpg 128 1297.95 1164.4 1116.68 901.7 362.53 525.41
6942836705435_camera1-27.jpg 128 1242.67 1153.35 908.3 948.7 668.75 409.29
6942836705435_camera1-28.jpg 128 1234.89 1151.26 896.01 956.86 677.77 388.8
6942836705435_camera1-29.jpg 128 1234.76 1152.96 899.03 993.25 671.46 319.42
6942836705435_camera1-31.jpg 128 1246.71 1164.4 914.39 1051.44 664.64 225.92
6942836705435_camera1-30.jpg 128 1233.52 1156.52 903.48 1019.48 660.08 274.07
6942836705435_camera1-35.jpg 128 1251.9 1171.24 927.03 929.23 649.75 484.03
6942836705435_camera1-32.jpg 128 1254.38 1167.64 914.52 1012.33 679.71 310.62
6942836705435_camera1-33.jpg 128 1254.59 1168.15 914.58 983.51 680.02 369.28
6942836705435_camera1-36.jpg 128 1254.55 1180.45 945.45 926.6 618.19 507.7
6942836705435_camera1-34.jpg 128 1251.22 1171.53 912.33 958.74 677.77 425.58
6942836705435_camera1-37.jpg 128 1253.24 1178.38 969.77 915.26 566.95 526.23
6942836705435_camera1-38.jpg 128 1254.54 1176.5 1005.95 900.29 497.18 552.42
6942836705435_camera1-4.jpg 128 1306.38 1158.02 1047.43 893.44 517.9 529.16
6942836705435_camera1-39.jpg 128 1265.59 1177.86 1057.14 905.72 416.89 544.28
6942836705435_camera1-6.jpg 128 1295.32 1144.93 979.65 902.92 631.34 484.03
6942836705435_camera1-3.jpg 128 1301.89 1160.72 1082.24 892.4 439.31 536.64
6942836705435_camera1-5.jpg 128 1306.48 1153.07 1012.31 902.74 588.35 500.65
6942836705435_camera1-7.jpg 128 1290.06 1139.67 958.6 918.7 662.91 441.94
6942836705435_camera1-40.jpg 128 1270.32 1172.55 1108.54 908.18 323.56 528.75
6942836705435_camera1-8.jpg 128 1285.72 1135.43 950.72 940.22 670.01 390.42
6942836705435_camera2-10.jpg 128 1255.86 860.82 1105.91 558.31 299.89 605.03
6942836705435_camera2-11.jpg 128 1254.44 861.87 1138.63 573.32 231.61 577.09
6942836705435_camera1-9.jpg 128 1280.85 1134.4 937.56 968.68 686.58 331.45
6942836705435_camera2-13.jpg 128 1253.47 869.64 1061.43 568.55 384.08 602.18
6942836705435_camera2-14.jpg 128 1250.58 873.5 1022.83 572.41 455.49 602.18
6942836705435_camera2-12.jpg 128 1247.96 862.15 1092.76 566.21 310.41 591.88
6942836705435_camera2-16.jpg 128 1249.61 881.22 964.92 616.8 569.37 528.84
6942836705435_camera2-15.jpg 128 1250.06 881.41 978.98 592.92 542.16 576.98
6942836705435_camera2-1.jpg 128 1284.8 851.62 990.17 731.93 589.25 239.38
6942836705435_camera2-19.jpg 128 1251.91 892.39 945.45 692.47 612.93 399.85
6942836705435_camera2-20.jpg 128 1255.39 891.83 959.13 736.46 592.53 310.74
6942836705435_camera2-23.jpg 128 1263.74 900.29 961.23 697.73 605.03 405.11
6942836705435_camera2-17.jpg 128 1249.66 885.24 954.36 642.05 590.6 486.38
6942836705435_camera2-22.jpg 128 1258.49 898.97 950.71 731.93 615.56 334.08
6942836705435_camera2-18.jpg 128 1255.51 885.54 954.94 659.58 601.14 451.92
6942836705435_camera2-21.jpg 128 1258.3 892.79 972.65 773.13 571.3 239.33
6942836705435_camera2-26.jpg 128 1276.9 893.71 990.17 605.66 573.47 576.1
6942836705435_camera2-24.jpg 128 1271.67 894.73 970.58 665.6 602.18 458.25
6942836705435_camera2-27.jpg 128 1280.38 896.2 1037.37 595.63 486.03 601.14
6942836705435_camera2-28.jpg 128 1285.0 896.82 1060.95 593.96 448.1 605.72
6942836705435_camera2-25.jpg 128 1269.01 896.35 982.28 629.34 573.47 534.01
6942836705435_camera2-2.jpg 128 1283.48 850.31 992.8 689.84 581.36 320.93
6942836705435_camera2-29.jpg 128 1284.99 895.7 1094.72 593.96 380.54 603.47
6942836705435_camera2-33.jpg 128 1297.47 877.36 1098.31 574.05 398.33 606.62
6942836705435_camera2-30.jpg 128 1286.28 893.76 1128.98 597.5 314.6 592.53
6942836705435_camera2-31.jpg 128 1287.42 885.82 1163.79 595.14 247.27 581.36
6942836705435_camera2-32.jpg 128 1294.0 881.88 1132.22 576.73 323.56 610.29
6942836705435_camera2-34.jpg 128 1297.64 875.2 1068.84 576.2 457.61 597.99
6942836705435_camera2-35.jpg 128 1298.54 877.15 1037.25 581.15 522.57 592.01
6942836705435_camera2-37.jpg 128 1295.32 863.45 998.06 608.29 594.51 510.33
6942836705435_camera2-36.jpg 128 1303.21 877.92 1024.37 603.03 557.68 549.79
6942836705435_camera2-38.jpg 128 1295.65 861.64 995.39 640.79 600.52 441.71
6942836705435_camera2-39.jpg 128 1295.32 866.1 984.91 663.54 620.82 405.11
6942836705435_camera2-3.jpg 128 1278.14 849.2 976.66 659.18 602.97 380.05
6942836705435_camera2-40.jpg 128 1289.18 850.33 995.81 695.93 586.74 308.81
6942836705435_camera2-4.jpg 128 1274.7 849.37 976.51 624.52 596.39 449.7
6942836705435_camera2-5.jpg 128 1272.95 852.93 971.75 595.14 602.4 515.59
6942836705435_camera2-6.jpg 128 1265.06 855.16 990.02 574.34 550.07 561.65
6942836705435_camera2-9.jpg 128 1253.23 858.19 1069.09 553.05 368.28 610.29
6942836705435_camera3-11.jpg 128 1392.75 1423.89 1041.48 1341.86 702.54 164.06
6942836705435_camera2-7.jpg 128 1261.12 856.89 1000.69 563.58 520.86 586.62
6942836705435_camera2-8.jpg 128 1259.1 851.79 1029.42 548.93 459.35 605.72
6942836705435_camera3-13.jpg 128 1366.34 1426.4 1008.58 1302.77 715.52 247.27
6942836705435_camera3-10.jpg 128 1397.26 1418.73 1044.06 1348.29 706.4 140.89
6942836705435_camera3-12.jpg 128 1383.43 1419.83 1021.73 1321.18 723.41 197.29
6942836705435_camera3-14.jpg 128 1359.13 1423.36 1018.48 1301.76 681.31 243.19
6942836705435_camera3-15.jpg 128 1344.23 1426.31 1034.13 1296.1 620.2 260.43
6942836705435_camera3-16.jpg 128 1337.4 1434.29 1053.3 1284.35 568.21 299.89
6942836705435_camera3-17.jpg 128 1341.36 1432.98 1076.98 1281.72 528.75 302.52
6942836705435_camera3-1.jpg 128 1420.27 1436.92 1211.14 1279.09 418.26 315.67
6942836705435_camera3-21.jpg 128 1365.03 1438.24 1169.05 1292.25 391.96 291.99
6942836705435_camera3-19.jpg 128 1336.09 1425.09 1155.89 1281.72 360.39 286.73
6942836705435_camera3-23.jpg 128 1372.92 1429.04 1082.24 1286.99 581.36 284.1
6942836705435_camera3-18.jpg 128 1329.76 1425.14 1107.5 1284.06 444.51 282.17
6942836705435_camera3-20.jpg 128 1357.13 1426.4 1195.35 1279.09 323.56 294.63
6942836705435_camera3-22.jpg 128 1367.66 1427.72 1126.96 1279.09 481.4 297.26
6942836705435_camera3-25.jpg 128 1367.66 1438.25 1024.37 1305.4 686.58 265.69
6942836705435_camera3-24.jpg 128 1371.6 1434.3 1061.19 1292.25 620.82 284.1
6942836705435_camera3-26.jpg 128 1355.82 1440.88 992.8 1313.29 726.04 255.17
6942836705435_camera3-27.jpg 128 1350.56 1436.92 982.28 1326.44 736.56 220.97
6942836705435_camera3-28.jpg 128 1349.24 1439.56 979.65 1334.34 739.19 210.45
6942836705435_camera3-30.jpg 128 1359.76 1436.93 995.43 1355.38 728.67 163.1
6942836705435_camera3-29.jpg 128 1347.93 1429.04 990.17 1342.23 715.52 173.62
6942836705435_camera3-2.jpg 128 1421.59 1443.5 1174.31 1281.72 494.55 323.56
6942836705435_camera3-31.jpg 128 1366.34 1444.82 1000.69 1347.49 731.3 194.66
6942836705435_camera3-37.jpg 128 1363.71 1440.88 1095.39 1289.62 536.64 302.52
6942836705435_camera3-32.jpg 128 1367.65 1451.4 995.43 1336.97 744.45 228.86
6942836705435_camera3-35.jpg 128 1357.14 1450.08 1027.0 1305.4 660.28 289.36
6942836705435_camera3-34.jpg 128 1362.39 1444.82 1003.32 1302.77 718.15 284.1
6942836705435_camera3-33.jpg 128 1368.97 1442.18 1003.32 1321.18 731.3 242.01
6942836705435_camera3-38.jpg 128 1363.71 1454.03 1140.11 1300.14 447.2 307.78
6942836705435_camera3-36.jpg 128 1355.82 1450.08 1050.67 1305.4 610.3 289.36
6942836705435_camera3-3.jpg 128 1433.42 1438.24 1142.74 1279.09 581.36 318.3
6942836705435_camera3-39.jpg 128 1374.23 1452.71 1200.61 1302.77 347.24 299.89
6942836705435_camera3-40.jpg 128 1413.68 1442.19 1247.96 1286.99 331.45 310.41
6942836705435_camera3-6.jpg 128 1411.06 1423.78 1048.04 1294.88 726.04 257.8
6942836705435_camera3-4.jpg 128 1428.16 1438.25 1113.81 1286.99 628.71 302.52
6942836705435_camera3-5.jpg 128 1424.14 1432.28 1084.29 1294.46 679.71 275.64
6942836705435_camera3-7.jpg 128 1393.96 1432.98 1032.26 1308.03 723.41 249.91
6942836705435_camera3-8.jpg 128 1393.97 1426.4 1029.63 1321.18 728.67 210.45
6942836705435_camera3-9.jpg 128 1395.28 1421.15 1029.63 1331.71 731.3 178.88
