6914973607101-back_camera0-14.jpg 129 1394.47 1279.73 1050.51 1234.15 687.93 91.16
6914973607101-back_camera0-13.jpg 129 1403.04 1280.69 1049.48 1242.39 707.11 76.59
6914973607101-back_camera0-16.jpg 129 1385.64 1284.36 1097.03 1231.23 577.22 106.25
6914973607101-back_camera0-18.jpg 129 1378.17 1289.62 1148.0 1218.59 460.35 142.05
6914973607101-back_camera0-17.jpg 129 1384.05 1285.51 1108.95 1218.15 550.19 134.71
6914973607101-back_camera0-19.jpg 129 1389.34 1285.22 1198.77 1216.38 381.14 137.67
6914973607101-back_camera0-1.jpg 129 1382.58 1281.82 1292.19 1225.52 180.78 112.59
6914973607101-back_camera0-22.jpg 129 1432.34 1286.14 1301.81 1216.13 261.06 140.02
6914973607101-back_camera0-23.jpg 129 1441.31 1283.04 1261.12 1205.44 360.39 155.2
6914973607101-back_camera0-20.jpg 129 1393.7 1286.12 1248.45 1214.41 290.49 143.42
6914973607101-back_camera0-24.jpg 129 1446.4 1284.75 1221.94 1211.03 448.93 147.44
6914973607101-back_camera0-28.jpg 129 1430.52 1282.01 1098.19 1231.04 664.66 101.94
6914973607101-back_camera0-21.jpg 129 1410.88 1286.67 1315.15 1218.1 191.47 137.15
6914973607101-back_camera0-2.jpg 129 1407.02 1284.36 1280.82 1216.29 252.4 136.13
6914973607101-back_camera0-26.jpg 129 1445.26 1284.36 1153.26 1213.33 583.99 142.05
6914973607101-back_camera0-25.jpg 129 1441.62 1286.12 1184.72 1220.2 513.79 131.84
6914973607101-back_camera0-27.jpg 129 1437.82 1287.14 1121.12 1222.03 633.41 130.22
6914973607101-back_camera0-29.jpg 129 1416.75 1279.33 1072.33 1233.1 688.85 92.47
6914973607101-back_camera0-31.jpg 129 1407.46 1272.41 1060.18 1234.35 694.56 76.12
6914973607101-back_camera0-34.jpg 129 1396.59 1273.83 1058.56 1223.85 676.06 99.96
6914973607101-back_camera0-33.jpg 129 1402.04 1273.34 1052.94 1235.15 698.2 76.37
6914973607101-back_camera0-35.jpg 129 1390.71 1274.2 1073.33 1229.35 634.76 89.71
6914973607101-back_camera0-38.jpg 129 1365.03 1276.46 1119.07 1208.07 491.92 136.79
6914973607101-back_camera0-39.jpg 129 1372.63 1282.3 1181.81 1220.92 381.65 122.76
6914973607101-back_camera0-36.jpg 129 1380.95 1276.19 1087.72 1227.16 586.47 98.05
6914973607101-back_camera0-37.jpg 129 1374.06 1279.73 1103.33 1224.52 541.46 110.43
6914973607101-back_camera0-40.jpg 129 1362.4 1280.41 1211.14 1215.96 302.52 128.9
6914973607101-back_camera0-3.jpg 129 1411.04 1285.48 1237.45 1223.35 347.17 124.27
6914973607101-back_camera0-6.jpg 129 1413.03 1285.06 1123.93 1226.2 578.2 117.72
6914973607101-back_camera0-5.jpg 129 1410.93 1280.61 1160.38 1219.56 501.1 122.1
6914973607101-back_camera0-4.jpg 129 1413.14 1281.33 1197.5 1217.97 431.29 126.71
6914973607101-back_camera0-7.jpg 129 1409.84 1285.37 1092.61 1230.07 634.46 110.6
6914973607101-back_camera3-10.jpg 129 1378.56 1433.02 1029.46 1376.03 698.2 113.99
6914973607101-back_camera3-11.jpg 129 1371.83 1435.46 1020.16 1362.43 703.33 146.05
6914973607101-back_camera3-28.jpg 129 1386.07 1423.77 1040.15 1350.12 691.84 147.31
6914973607101-back_camera3-29.jpg 129 1383.0 1422.13 1038.35 1376.27 689.3 91.73
6914973607101-back_camera3-30.jpg 129 1385.28 1425.82 1039.92 1371.64 690.71 108.35
6914973607101-back_camera3-8.jpg 129 1371.65 1435.64 1026.62 1371.82 690.07 127.65
6914973607101-back_camera3-7.jpg 129 1375.23 1434.38 1032.49 1357.28 685.48 154.19
6914973607101-back_camera3-9.jpg 129 1379.49 1431.66 1021.73 1368.53 715.52 126.27
6914973607101_camera0-14.jpg 129 1383.13 1280.1 1043.42 1235.73 679.43 88.73
6914973607101_camera0-18.jpg 129 1390.5 1280.06 1172.35 1222.29 436.31 115.53
6914973607101_camera0-13.jpg 129 1383.33 1278.0 1032.45 1241.93 701.76 72.14
6914973607101_camera0-16.jpg 129 1384.76 1277.78 1087.5 1213.33 594.51 128.9
6914973607101_camera0-17.jpg 129 1384.62 1284.16 1122.7 1221.57 523.85 125.19
6914973607101_camera0-1.jpg 129 1398.61 1279.8 1299.86 1213.35 197.51 132.91
6914973607101_camera0-20.jpg 129 1400.54 1286.99 1266.38 1210.7 268.32 152.57
6914973607101_camera0-19.jpg 129 1395.58 1287.76 1216.96 1218.3 357.24 138.93
6914973607101_camera0-21.jpg 129 1427.39 1282.06 1333.04 1215.46 188.71 133.2
6914973607101_camera0-24.jpg 129 1461.04 1280.41 1224.29 1202.81 473.5 155.2
6914973607101_camera0-25.jpg 129 1458.08 1284.83 1186.43 1211.9 543.3 145.85
6914973607101_camera0-22.jpg 129 1443.15 1283.97 1301.79 1214.65 282.72 138.64
6914973607101_camera0-23.jpg 129 1450.52 1283.04 1261.12 1210.7 378.8 144.68
6914973607101_camera0-26.jpg 129 1459.12 1283.74 1151.7 1212.59 614.83 142.3
6914973607101_camera0-28.jpg 129 1440.52 1280.32 1094.64 1224.59 691.75 111.47
6914973607101_camera0-29.jpg 129 1436.07 1278.26 1088.31 1229.28 695.53 97.96
6914973607101_camera0-32.jpg 129 1425.19 1274.34 1084.03 1241.72 682.33 65.24
6914973607101_camera0-27.jpg 129 1451.84 1279.1 1124.33 1205.44 655.01 147.31
6914973607101_camera0-2.jpg 129 1400.18 1280.69 1266.43 1214.67 267.51 132.03
6914973607101_camera0-33.jpg 129 1419.0 1272.34 1088.71 1234.28 660.58 76.12
6914973607101_camera0-34.jpg 129 1404.48 1276.46 1079.61 1221.22 649.75 110.48
6914973607101_camera0-35.jpg 129 1390.31 1277.29 1082.67 1232.89 615.28 88.8
6914973607101_camera0-36.jpg 129 1384.29 1279.89 1097.01 1225.87 574.56 108.05
6914973607101_camera0-37.jpg 129 1375.55 1283.03 1108.54 1229.11 534.01 107.85
6914973607101_camera0-39.jpg 129 1371.99 1279.84 1196.87 1218.15 350.25 123.37
6914973607101_camera0-3.jpg 129 1404.21 1281.37 1225.86 1213.48 356.7 135.78
6914973607101_camera0-40.jpg 129 1371.5 1279.96 1248.61 1218.91 245.79 122.1
6914973607101_camera0-38.jpg 129 1371.61 1279.1 1161.16 1205.44 420.89 147.31
6914973607101_camera0-6.jpg 129 1400.96 1280.84 1099.87 1213.29 602.18 135.1
6914973607101_camera0-4.jpg 129 1406.13 1276.51 1185.94 1220.1 440.39 112.82
6914973607101_camera0-9.jpg 129 1380.76 1279.88 1032.11 1238.91 697.31 81.93
6914973607101_camera1-11.jpg 129 1242.78 1151.26 919.65 1054.06 646.25 194.4
6914973607101_camera0-7.jpg 129 1399.23 1272.52 1069.09 1200.18 660.28 144.68
6914973607101_camera1-10.jpg 129 1237.71 1155.87 918.97 1095.61 637.48 120.52
6914973607101_camera0-5.jpg 129 1407.11 1272.52 1140.11 1202.81 534.01 139.42
6914973607101_camera0-8.jpg 129 1393.21 1280.6 1058.95 1232.27 668.52 96.65
6914973607101_camera1-12.jpg 129 1246.03 1160.25 924.26 1019.63 643.54 281.24
6914973607101_camera1-13.jpg 129 1245.26 1163.1 932.01 1001.53 626.51 323.13
6914973607101_camera1-16.jpg 129 1251.97 1176.22 1006.34 933.22 491.25 486.0
6914973607101_camera1-20.jpg 129 1276.9 1177.82 1184.83 910.81 184.14 534.01
6914973607101_camera1-18.jpg 129 1257.89 1174.88 1089.01 915.61 337.77 518.54
6914973607101_camera1-1.jpg 129 1251.97 1148.64 1114.05 909.58 275.84 478.12
6914973607101_camera1-22.jpg 129 1301.89 1173.87 1132.22 905.55 339.34 536.64
6914973607101_camera1-19.jpg 129 1263.08 1175.74 1137.88 920.67 250.4 510.14
6914973607101_camera1-21.jpg 129 1291.38 1176.22 1158.71 912.21 265.33 528.03
6914973607101_camera1-29.jpg 129 1283.04 1132.1 957.8 1022.47 650.48 219.26
6914973607101_camera1-2.jpg 129 1255.91 1153.89 1090.41 906.95 331.01 493.88
6914973607101_camera1-30.jpg 129 1277.95 1130.05 960.01 1061.86 635.89 136.38
6914973607101_camera1-31.jpg 129 1276.92 1126.31 953.8 1027.79 646.25 197.03
6914973607101_camera1-32.jpg 129 1266.38 1127.84 945.45 1000.25 641.86 255.17
6914973607101_camera1-38.jpg 129 1233.49 1143.62 1066.45 895.03 334.08 497.18
6914973607101_camera1-39.jpg 129 1240.15 1142.07 1116.68 896.44 246.94 491.25
6914973607101_camera1-40.jpg 129 1244.49 1143.78 1162.12 905.11 164.75 477.34
6914973607101_camera1-8.jpg 129 1236.55 1150.09 914.17 1037.88 644.77 224.42
6914973607101_camera1-9.jpg 129 1236.2 1153.89 909.14 1051.44 654.13 204.91
6914973607101_camera2-10.jpg 129 1286.08 893.0 1209.17 609.15 153.82 567.7
6914973607101_camera2-11.jpg 129 1290.05 892.39 1184.83 603.03 210.45 578.73
6914973607101_camera2-12.jpg 129 1294.0 883.7 1138.28 597.77 311.44 571.87
6914973607101_camera2-13.jpg 129 1293.83 881.59 1118.39 605.07 350.88 553.04
6914973607101_camera2-19.jpg 129 1287.42 859.51 992.8 731.93 589.25 255.17
6914973607101_camera2-17.jpg 129 1294.0 870.17 1008.97 673.15 570.06 394.05
6914973607101_camera2-22.jpg 129 1283.26 855.51 995.98 710.53 574.55 289.96
6914973607101_camera2-21.jpg 129 1287.33 857.34 1002.79 756.26 569.07 202.16
6914973607101_camera2-20.jpg 129 1291.0 859.15 1009.89 783.26 562.22 151.79
6914973607101_camera2-1.jpg 129 1261.16 887.25 974.82 767.72 572.69 239.06
6914973607101_camera2-23.jpg 129 1282.16 855.57 1000.69 671.43 562.94 368.28
6914973607101_camera2-29.jpg 129 1258.69 855.31 1144.52 570.67 228.35 569.29
6914973607101_camera2-31.jpg 129 1257.22 864.92 1148.2 573.32 218.04 583.2
6914973607101_camera2-2.jpg 129 1260.01 892.52 976.81 753.59 566.4 277.86
6914973607101_camera2-33.jpg 129 1254.85 867.75 1071.61 588.98 366.48 557.55
6914973607101_camera2-32.jpg 129 1255.91 871.49 1106.17 581.2 299.48 580.57
6914973607101_camera2-30.jpg 129 1261.16 858.35 1177.1 568.06 168.13 580.57
6914973607101_camera2-35.jpg 129 1252.26 873.5 1012.81 633.25 478.9 480.49
6914973607101_camera2-36.jpg 129 1244.09 879.37 977.44 654.76 533.29 449.22
6914973607101_camera2-37.jpg 129 1253.28 884.99 974.5 695.48 557.55 379.01
6914973607101_camera2-39.jpg 129 1251.18 883.69 964.39 774.27 573.59 218.84
6914973607101_camera2-38.jpg 129 1250.36 882.73 965.38 731.33 569.96 302.79
6914973607101_camera2-6.jpg 129 1273.96 894.76 1057.51 635.49 432.91 518.54
6914973607101_camera2-3.jpg 129 1263.79 891.19 985.32 704.67 556.93 373.04
6914973607101_camera2-4.jpg 129 1269.84 894.44 1004.04 683.68 531.6 421.52
6914973607101_camera2-40.jpg 129 1247.97 885.83 958.6 805.59 578.73 160.47
6914973607101_camera3-10.jpg 129 1359.67 1431.04 1003.71 1364.05 711.92 133.98
6914973607101_camera2-9.jpg 129 1282.16 897.65 1158.53 608.29 247.27 578.73
6914973607101_camera3-11.jpg 129 1353.93 1435.61 1006.39 1361.84 695.08 147.54
6914973607101_camera3-14.jpg 129 1355.73 1441.56 1056.25 1316.77 598.96 249.57
6914973607101_camera3-13.jpg 129 1356.97 1443.17 1036.58 1334.97 640.79 216.41
6914973607101_camera3-12.jpg 129 1351.88 1435.62 1027.0 1331.71 649.75 207.82
6914973607101_camera3-29.jpg 129 1397.12 1424.21 1053.01 1376.63 688.22 95.15
6914973607101_camera3-27.jpg 129 1408.27 1428.41 1056.25 1337.78 704.04 181.26
6914973607101_camera3-30.jpg 129 1394.72 1424.91 1054.23 1373.26 680.97 103.3
6914973607101_camera3-28.jpg 129 1396.45 1425.79 1048.37 1356.17 696.16 139.23
6914973607101_camera3-31.jpg 129 1382.29 1428.05 1042.03 1357.04 680.52 142.02
6914973607101_camera3-33.jpg 129 1354.51 1432.98 1040.15 1323.81 628.71 218.34
6914973607101_camera3-38.jpg 129 1346.55 1433.67 1213.88 1301.01 265.33 265.33
6914973607101_camera3-32.jpg 129 1371.07 1422.58 1047.57 1343.74 646.99 157.67
6914973607101_camera3-34.jpg 129 1355.82 1425.09 1084.87 1310.66 541.9 228.86
6914973607101_camera3-39.jpg 129 1361.62 1430.2 1268.85 1308.1 185.53 244.21
6914973607101_camera3-5.jpg 129 1364.92 1438.92 1037.86 1329.9 654.13 218.04
6914973607101_camera3-4.jpg 129 1372.16 1439.38 1078.82 1333.71 586.69 211.34
6914973607101_camera3-9.jpg 129 1349.7 1437.24 997.27 1395.62 704.87 83.25
6914973607101_camera3-7.jpg 129 1370.29 1435.62 1027.0 1352.75 686.58 165.73
6914973607101_camera3-8.jpg 129 1350.49 1438.92 993.21 1377.19 714.55 123.47
6914973607101_camera3-6.jpg 129 1362.75 1442.95 1026.46 1355.15 672.57 175.6
