6940188803618-back_camera0-13.jpg 13 1548.95 1255.58 1063.31 1077.97 971.28 355.21
6940188803618-back_camera0-15.jpg 13 1568.84 1253.37 1007.34 1082.24 1122.99 342.26
6940188803618-back_camera0-18.jpg 13 1559.98 1251.74 955.81 1088.4 1208.35 326.67
6940188803618-back_camera0-16.jpg 13 1570.38 1253.97 980.67 1075.08 1179.43 357.79
6940188803618-back_camera0-1.jpg 13 1276.58 1231.39 705.0 1113.11 1143.15 236.57
6940188803618-back_camera0-24.jpg 13 1539.85 1221.22 979.12 1103.85 1121.45 234.75
6940188803618-back_camera0-23.jpg 13 1568.38 1223.1 1013.36 1100.99 1110.03 244.21
6940188803618-back_camera0-25.jpg 13 1515.43 1224.18 947.54 1110.24 1135.79 227.89
6940188803618-back_camera0-26.jpg 13 1475.41 1232.04 925.02 1114.56 1100.78 234.96
6940188803618-back_camera0-30.jpg 13 1391.15 1248.62 924.47 1127.0 933.36 243.24
6940188803618-back_camera0-33.jpg 13 1431.98 1254.16 1003.15 1135.91 857.67 236.51
6940188803618-back_camera0-32.jpg 13 1417.83 1259.2 987.69 1139.19 860.28 240.01
6940188803618-back_camera0-34.jpg 13 1413.52 1256.58 940.96 1136.06 945.12 241.04
6940188803618-back_camera0-35.jpg 13 1393.63 1254.18 880.03 1133.33 1027.21 241.7
6940188803618-back_camera0-39.jpg 13 1305.82 1243.66 729.53 1126.18 1152.59 234.96
6940188803618-back_camera0-38.jpg 13 1327.64 1246.47 754.39 1129.91 1146.51 233.11
6940188803618-back_camera0-36.jpg 13 1360.18 1251.01 809.92 1131.29 1100.52 239.45
6940188803618-back_camera0-40.jpg 13 1281.01 1236.11 708.41 1117.7 1145.19 236.81
6940188803618-back_camera0-37.jpg 13 1347.97 1251.65 784.67 1131.3 1126.6 240.71
6940188803618-back_camera0-7.jpg 13 1353.76 1248.89 761.04 1088.66 1185.45 320.47
6940188803618-back_camera0-8.jpg 13 1354.89 1251.93 780.45 1085.42 1148.89 333.01
6940188803618-back_camera0-9.jpg 13 1357.32 1252.75 810.16 1083.32 1094.31 338.87
6940188803618-back_camera1-32.jpg 13 1274.38 1121.42 868.23 747.04 812.29 748.77
6940188803618-back_camera3-26.jpg 13 1397.97 1414.48 884.98 1217.85 1025.99 393.27
6940188803618-back_camera3-20.jpg 13 1514.41 1409.42 970.78 1228.76 1087.27 361.32
6940188803618-back_camera3-24.jpg 13 1457.91 1406.88 902.9 1230.07 1110.03 353.63
6940188803618-back_camera3-21.jpg 13 1525.49 1403.43 990.52 1250.81 1069.93 305.25
6940188803618-back_camera3-25.jpg 13 1431.29 1414.57 889.45 1222.44 1083.67 384.25
6940188803618-back_camera3-29.jpg 13 1349.08 1422.32 933.61 1222.51 830.94 399.61
6940188803618-back_camera3-22.jpg 13 1504.28 1411.4 952.12 1252.53 1104.31 317.75
6940188803618-back_camera3-19.jpg 13 1493.13 1416.71 938.77 1215.89 1108.72 401.63
6940188803618-back_camera3-23.jpg 13 1480.7 1409.57 923.04 1236.34 1115.32 346.47
6940188803618-back_camera3-31.jpg 13 1402.12 1428.94 981.75 1230.48 840.73 396.93
6940188803618-back_camera3-30.jpg 13 1373.18 1422.96 953.78 1224.77 838.81 396.38
6940188803618_camera0-11.jpg 13 1456.66 1234.24 973.8 1078.04 965.73 312.4
6940188803618_camera0-15.jpg 13 1570.32 1229.32 994.03 1079.46 1152.59 299.71
6940188803618_camera0-10.jpg 13 1386.07 1234.91 908.07 1080.77 955.99 308.29
6940188803618_camera0-12.jpg 13 1540.12 1235.94 1069.15 1081.33 941.94 309.22
6940188803618_camera0-18.jpg 13 1538.28 1219.24 957.76 1077.82 1161.04 282.84
6940188803618_camera0-16.jpg 13 1566.07 1227.11 976.96 1079.83 1178.22 294.55
6940188803618_camera0-19.jpg 13 1539.57 1217.89 967.9 1086.27 1143.34 263.24
6940188803618_camera0-20.jpg 13 1559.55 1216.35 981.35 1088.47 1156.4 255.76
6940188803618_camera0-14.jpg 13 1571.76 1232.86 1017.67 1078.38 1108.18 308.96
6940188803618_camera0-13.jpg 13 1560.39 1239.68 1047.04 1075.63 1026.7 328.09
6940188803618_camera0-17.jpg 13 1556.2 1223.71 973.43 1081.26 1165.54 284.91
6940188803618_camera0-21.jpg 13 1573.9 1212.94 1004.8 1091.12 1138.21 243.64
6940188803618_camera0-23.jpg 13 1571.45 1214.21 1004.41 1102.28 1134.09 223.86
6940188803618_camera0-22.jpg 13 1594.05 1212.38 1035.56 1090.29 1116.97 244.18
6940188803618_camera0-1.jpg 13 1308.59 1226.92 753.83 1110.76 1109.52 232.32
6940188803618_camera0-25.jpg 13 1512.63 1223.19 948.89 1109.02 1127.48 228.35
6940188803618_camera0-2.jpg 13 1330.4 1224.78 758.37 1102.45 1144.07 244.65
6940188803618_camera0-26.jpg 13 1478.43 1229.39 934.52 1112.84 1087.83 233.11
6940188803618_camera0-33.jpg 13 1414.85 1250.87 946.56 1131.58 936.58 238.57
6940188803618_camera0-34.jpg 13 1387.82 1248.38 869.52 1127.46 1036.6 241.83
6940188803618_camera0-27.jpg 13 1446.22 1235.38 923.58 1118.83 1045.28 233.11
6940188803618_camera0-29.jpg 13 1394.43 1242.99 929.87 1119.95 929.12 246.07
6940188803618_camera0-30.jpg 13 1367.4 1245.66 953.51 1126.89 827.78 237.53
6940188803618_camera0-24.jpg 13 1543.45 1213.55 975.75 1101.75 1135.41 223.59
6940188803618_camera0-28.jpg 13 1415.06 1241.42 929.29 1117.68 971.54 247.48
6940188803618_camera0-39.jpg 13 1287.41 1229.52 721.4 1114.71 1132.03 229.62
6940188803618_camera0-35.jpg 13 1372.26 1249.93 841.3 1132.45 1061.93 234.96
6940188803618_camera0-36.jpg 13 1346.49 1244.82 785.77 1126.03 1121.45 237.58
6940188803618_camera0-31.jpg 13 1410.96 1246.77 985.59 1128.26 850.74 237.02
6940188803618_camera0-32.jpg 13 1437.74 1250.9 1019.63 1133.42 836.23 234.96
6940188803618_camera0-40.jpg 13 1274.62 1224.13 722.38 1110.35 1104.48 227.56
6940188803618_camera0-38.jpg 13 1306.59 1234.73 731.6 1115.94 1149.97 237.58
6940188803618_camera0-37.jpg 13 1327.85 1241.41 759.63 1123.52 1136.43 235.79
6940188803618_camera0-5.jpg 13 1328.14 1237.97 713.68 1093.73 1228.92 288.49
6940188803618_camera0-3.jpg 13 1328.49 1230.24 729.99 1103.51 1196.99 253.46
6940188803618_camera0-7.jpg 13 1335.97 1234.83 748.71 1086.72 1174.51 296.21
6940188803618_camera0-8.jpg 13 1341.57 1228.18 781.29 1081.68 1120.55 293.0
6940188803618_camera0-9.jpg 13 1360.3 1230.6 851.53 1081.67 1017.53 297.86
6940188803618_camera0-4.jpg 13 1330.94 1229.92 721.31 1095.46 1219.26 268.93
6940188803618_camera1-13.jpg 13 1397.61 1249.15 902.25 782.94 990.71 932.43
6940188803618_camera0-6.jpg 13 1321.37 1236.68 714.21 1090.67 1214.31 292.03
6940188803618_camera1-17.jpg 13 1388.84 1185.53 853.44 776.54 1070.8 817.99
6940188803618_camera1-12.jpg 13 1386.55 1253.62 926.81 785.56 919.48 936.13
6940188803618_camera1-10.jpg 13 1313.8 1247.94 896.38 790.1 834.84 915.68
6940188803618_camera1-15.jpg 13 1401.56 1226.12 870.59 777.18 1061.93 897.89
6940188803618_camera1-11.jpg 13 1377.09 1251.67 957.47 792.59 839.24 918.16
6940188803618_camera1-14.jpg 13 1400.33 1239.65 877.69 783.61 1045.28 912.08
6940188803618_camera1-16.jpg 13 1402.97 1211.57 857.27 779.44 1091.39 864.26
6940188803618_camera1-19.jpg 13 1399.19 1137.38 874.7 796.97 1048.98 680.82
6940188803618_camera1-18.jpg 13 1383.79 1163.55 863.41 782.47 1040.76 762.15
6940188803618_camera1-1.jpg 13 1191.93 1166.14 667.27 842.29 1049.32 647.7
6940188803618_camera1-23.jpg 13 1391.27 1096.01 862.42 758.24 1057.7 675.54
6940188803618_camera1-24.jpg 13 1371.78 1093.74 840.05 735.25 1063.46 716.99
6940188803618_camera1-20.jpg 13 1423.88 1111.29 905.33 814.75 1037.09 593.08
6940188803618_camera1-22.jpg 13 1418.28 1100.45 892.91 784.38 1050.74 632.14
6940188803618_camera1-21.jpg 13 1439.62 1104.38 932.18 827.87 1014.89 553.02
6940188803618_camera1-32.jpg 13 1270.49 1094.6 839.95 710.84 861.07 767.51
6940188803618_camera1-25.jpg 13 1346.55 1091.42 831.18 718.77 1030.75 745.31
6940188803618_camera1-33.jpg 13 1254.9 1099.9 776.2 703.22 957.4 793.36
6940188803618_camera1-26.jpg 13 1320.72 1089.28 824.82 708.5 991.79 761.55
6940188803618_camera1-31.jpg 13 1281.78 1088.3 880.86 709.66 801.84 757.29
6940188803618_camera1-27.jpg 13 1295.85 1087.48 826.86 705.44 937.98 764.07
6940188803618_camera1-2.jpg 13 1190.91 1189.44 648.66 831.06 1084.51 716.76
6940188803618_camera1-34.jpg 13 1226.27 1109.88 718.43 717.67 1015.68 784.42
6940188803618_camera1-30.jpg 13 1258.64 1094.16 875.68 731.55 765.92 725.22
6940188803618_camera1-29.jpg 13 1255.15 1090.56 849.06 720.55 812.18 740.02
6940188803618_camera1-38.jpg 13 1170.59 1129.18 640.74 795.08 1059.7 668.2
6940188803618_camera1-28.jpg 13 1273.65 1088.4 834.26 712.84 878.78 751.12
6940188803618_camera1-37.jpg 13 1180.43 1119.55 646.69 763.41 1067.48 712.27
6940188803618_camera1-35.jpg 13 1214.99 1117.41 698.21 730.95 1033.57 772.93
6940188803618_camera1-39.jpg 13 1160.71 1136.62 650.94 835.29 1019.54 602.65
6940188803618_camera1-36.jpg 13 1194.18 1120.69 662.95 747.24 1062.46 746.9
6940188803618_camera1-4.jpg 13 1200.93 1231.12 640.36 809.3 1121.14 843.63
6940188803618_camera1-3.jpg 13 1195.69 1212.82 637.9 818.76 1115.58 788.12
6940188803618_camera1-6.jpg 13 1214.59 1252.89 675.04 799.84 1079.1 906.1
6940188803618_camera1-9.jpg 13 1262.03 1234.0 836.52 791.83 851.03 884.33
6940188803618_camera1-40.jpg 13 1175.49 1149.28 672.91 866.08 1005.16 566.39
6940188803618_camera2-10.jpg 13 1377.73 848.73 926.35 508.03 902.76 681.4
6940188803618_camera1-8.jpg 13 1242.75 1245.39 767.02 796.62 951.46 897.54
6940188803618_camera2-14.jpg 13 1342.12 790.99 847.43 332.87 989.38 916.23
6940188803618_camera2-11.jpg 13 1378.24 833.93 920.37 484.41 915.74 699.05
6940188803618_camera2-15.jpg 13 1323.72 785.42 833.71 313.56 980.03 943.73
6940188803618_camera2-13.jpg 13 1355.78 803.65 869.21 379.99 973.13 847.33
6940188803618_camera1-7.jpg 13 1227.48 1253.85 715.81 799.77 1023.34 908.15
6940188803618_camera2-12.jpg 13 1367.73 818.25 890.42 428.15 954.63 780.2
6940188803618_camera2-17.jpg 13 1293.49 773.23 844.85 294.06 897.28 958.33
6940188803618_camera2-16.jpg 13 1308.95 780.46 839.59 301.17 938.72 958.57
6940188803618_camera2-18.jpg 13 1274.01 777.03 854.97 304.34 838.08 945.38
6940188803618_camera2-1.jpg 13 1301.43 980.72 940.93 516.28 721.0 928.88
6940188803618_camera2-19.jpg 13 1256.99 773.33 878.66 322.84 756.67 900.98
6940188803618_camera2-20.jpg 13 1233.88 756.03 890.71 314.68 686.35 882.69
6940188803618_camera2-21.jpg 13 1231.22 756.06 879.61 303.99 703.21 904.13
6940188803618_camera2-26.jpg 13 1173.13 824.51 691.19 362.92 963.88 923.18
6940188803618_camera2-25.jpg 13 1180.53 808.69 708.76 332.3 943.53 952.78
6940188803618_camera2-23.jpg 13 1202.43 781.6 771.36 295.22 862.15 972.75
6940188803618_camera2-27.jpg 13 1165.05 840.82 684.11 400.3 961.88 881.04
6940188803618_camera2-24.jpg 13 1191.24 795.79 735.87 305.66 910.73 980.26
6940188803618_camera2-2.jpg 13 1315.38 972.99 925.02 491.97 780.72 962.03
6940188803618_camera2-30.jpg 13 1156.65 884.92 714.41 546.34 884.49 677.17
6940188803618_camera2-28.jpg 13 1167.68 853.96 695.92 444.17 943.53 819.58
6940188803618_camera2-31.jpg 13 1156.59 904.25 689.2 535.85 934.77 736.79
6940188803618_camera2-22.jpg 13 1215.93 767.74 823.47 295.58 784.92 944.32
6940188803618_camera2-32.jpg 13 1166.39 917.01 689.08 517.4 954.63 799.23
6940188803618_camera2-29.jpg 13 1169.38 868.68 713.6 487.91 911.57 761.55
6940188803618_camera2-33.jpg 13 1175.24 931.25 684.97 494.64 980.53 873.23
6940188803618_camera2-34.jpg 13 1195.38 947.34 707.89 481.12 974.98 932.43
6940188803618_camera2-35.jpg 13 1202.34 951.88 718.79 473.03 967.09 957.71
6940188803618_camera2-37.jpg 13 1233.51 962.24 787.65 478.45 891.73 967.58
6940188803618_camera2-36.jpg 13 1216.44 959.48 748.97 471.25 934.94 976.46
6940188803618_camera2-3.jpg 13 1330.69 956.33 902.25 464.21 856.89 984.23
6940188803618_camera2-39.jpg 13 1263.92 958.14 887.75 509.38 752.34 897.53
6940188803618_camera2-40.jpg 13 1278.89 972.52 940.2 524.29 677.38 896.46
6940188803618_camera2-38.jpg 13 1245.73 963.63 826.66 485.99 838.14 955.28
6940188803618_camera3-11.jpg 13 1526.99 1450.16 1015.6 1159.67 1022.79 580.98
6940188803618_camera2-7.jpg 13 1357.43 897.85 876.15 453.04 962.56 889.61
6940188803618_camera2-5.jpg 13 1349.27 924.63 866.68 443.69 965.18 961.88
6940188803618_camera2-9.jpg 13 1352.7 857.39 895.55 479.16 914.31 756.47
6940188803618_camera2-8.jpg 13 1357.43 882.78 885.67 467.31 943.53 830.94
6940188803618_camera2-4.jpg 13 1340.8 947.32 882.07 453.85 917.45 986.93
6940188803618_camera2-6.jpg 13 1354.12 917.27 869.41 450.13 969.43 934.28
6940188803618_camera3-10.jpg 13 1515.35 1450.83 1042.54 1162.16 945.61 577.33
6940188803618_camera3-12.jpg 13 1534.09 1447.21 990.18 1164.15 1087.83 566.12
6940188803618_camera3-13.jpg 13 1537.34 1441.04 969.37 1162.61 1135.94 556.87
6940188803618_camera3-14.jpg 13 1529.37 1439.3 948.45 1173.81 1161.84 530.97
6940188803618_camera3-18.jpg 13 1529.16 1400.32 955.12 1208.44 1148.09 383.75
6940188803618_camera3-17.jpg 13 1511.27 1413.38 941.98 1200.89 1138.58 424.98
6940188803618_camera3-16.jpg 13 1506.7 1424.72 933.37 1186.32 1146.67 476.81
6940188803618_camera3-21.jpg 13 1542.16 1374.24 984.37 1232.71 1115.59 283.06
6940188803618_camera3-1.jpg 13 1296.14 1428.12 702.89 1223.77 1186.5 408.7
6940188803618_camera3-22.jpg 13 1519.8 1382.08 950.04 1220.39 1139.52 323.38
6940188803618_camera3-15.jpg 13 1519.99 1432.13 940.96 1180.0 1158.06 504.27
6940188803618_camera3-20.jpg 13 1561.28 1368.89 1010.89 1230.14 1100.78 277.51
6940188803618_camera3-28.jpg 13 1345.24 1407.34 929.9 1205.68 830.68 403.31
6940188803618_camera3-19.jpg 13 1546.79 1382.15 978.82 1214.72 1135.94 334.86
6940188803618_camera3-25.jpg 13 1424.12 1394.74 901.48 1195.86 1045.28 397.76
6940188803618_camera3-23.jpg 13 1478.7 1388.07 919.39 1209.88 1118.62 356.37
6940188803618_camera3-26.jpg 13 1392.82 1401.38 901.63 1197.87 982.38 407.01
6940188803618_camera3-27.jpg 13 1366.62 1406.64 912.67 1200.17 907.9 412.94
6940188803618_camera3-30.jpg 13 1397.3 1411.96 979.18 1205.68 836.23 412.56
6940188803618_camera3-2.jpg 13 1293.37 1433.86 690.93 1209.71 1204.88 448.3
6940188803618_camera3-29.jpg 13 1366.28 1414.28 948.43 1212.89 835.7 402.78
6940188803618_camera3-24.jpg 13 1453.95 1397.42 910.2 1205.8 1087.51 383.24
6940188803618_camera3-31.jpg 13 1383.25 1413.99 917.83 1203.09 930.84 421.81
6940188803618_camera3-37.jpg 13 1258.31 1400.84 695.46 1234.67 1125.69 332.33
6940188803618_camera3-36.jpg 13 1276.78 1406.93 709.74 1231.17 1134.09 351.51
6940188803618_camera3-34.jpg 13 1310.8 1408.68 754.32 1211.4 1112.96 394.56
6940188803618_camera3-38.jpg 13 1248.84 1401.76 702.55 1250.32 1092.59 302.88
6940188803618_camera3-33.jpg 13 1340.9 1412.0 811.19 1203.51 1059.42 416.98
6940188803618_camera3-40.jpg 13 1300.35 1415.44 736.27 1236.02 1128.16 358.84
6940188803618_camera3-39.jpg 13 1279.36 1402.84 721.46 1240.91 1115.79 323.85
6940188803618_camera3-32.jpg 13 1362.5 1406.99 867.74 1200.05 989.52 413.88
6940188803618_camera3-5.jpg 13 1308.27 1447.32 731.99 1174.38 1152.56 545.87
6940188803618_camera3-35.jpg 13 1297.58 1409.88 735.44 1217.55 1124.27 384.66
6940188803618_camera3-6.jpg 13 1312.9 1443.15 757.89 1171.19 1110.03 543.92
6940188803618_camera3-8.jpg 13 1348.31 1440.22 878.92 1161.39 938.78 557.66
6940188803618_camera3-3.jpg 13 1295.23 1443.57 688.41 1199.36 1213.64 488.42
6940188803618_camera3-7.jpg 13 1324.96 1444.01 805.25 1169.31 1039.42 549.41
6940188803618_camera3-9.jpg 13 1449.05 1447.01 973.12 1162.1 951.85 569.82
6940188803618_camera3-4.jpg 13 1301.75 1446.72 703.12 1184.94 1197.26 523.56
