6914973604469_camera0-10.jpg 130 1408.84 1099.47 1056.44 1053.31 704.79 92.32
6914973604469_camera0-14.jpg 130 1404.01 1094.48 1073.01 1045.27 662.01 98.43
6914973604469_camera0-12.jpg 130 1409.59 1098.02 1061.5 1068.63 696.17 58.78
6914973604469_camera0-11.jpg 130 1405.0 1097.65 1058.12 1064.35 693.77 66.6
6914973604469_camera0-13.jpg 130 1412.38 1096.26 1069.09 1047.6 686.58 97.33
6914973604469_camera0-15.jpg 130 1400.22 1095.09 1086.92 1050.91 626.6 88.35
6914973604469_camera0-18.jpg 130 1412.28 1100.69 1208.8 1032.86 406.97 135.66
6914973604469_camera0-16.jpg 130 1405.8 1098.9 1126.96 1034.45 557.68 128.9
6914973604469_camera0-17.jpg 130 1410.32 1095.79 1171.66 1037.12 477.31 117.35
6914973604469_camera0-19.jpg 130 1412.29 1100.69 1248.51 1031.21 327.56 138.96
6914973604469_camera0-1.jpg 130 1438.95 1097.56 1339.56 1023.84 198.79 147.44
6914973604469_camera0-21.jpg 130 1447.78 1101.92 1342.53 1030.91 210.5 142.02
6914973604469_camera0-20.jpg 130 1420.89 1103.5 1307.64 1034.92 226.5 137.15
6914973604469_camera0-22.jpg 130 1455.37 1102.86 1305.17 1036.26 300.39 133.2
6914973604469_camera0-23.jpg 130 1456.12 1101.24 1252.5 1029.83 407.24 142.82
6914973604469_camera0-25.jpg 130 1471.5 1100.63 1179.7 1033.19 583.59 134.89
6914973604469_camera0-24.jpg 130 1469.87 1101.56 1206.23 1034.03 527.27 135.05
6914973604469_camera0-2.jpg 130 1440.82 1096.97 1294.64 1027.89 292.36 138.16
6914973604469_camera0-26.jpg 130 1464.81 1099.31 1150.21 1033.69 629.2 131.24
6914973604469_camera0-27.jpg 130 1466.99 1101.48 1138.44 1038.85 657.09 125.26
6914973604469_camera0-28.jpg 130 1460.49 1098.38 1120.89 1040.4 679.2 115.96
6914973604469_camera0-31.jpg 130 1457.7 1100.04 1115.18 1061.3 685.05 77.48
6914973604469_camera0-29.jpg 130 1461.39 1098.52 1112.81 1049.17 697.16 98.7
6914973604469_camera0-30.jpg 130 1461.33 1098.33 1116.04 1049.41 690.57 97.84
6914973604469_camera0-32.jpg 130 1452.83 1098.22 1113.02 1064.92 679.61 66.6
6914973604469_camera0-34.jpg 130 1442.26 1102.52 1114.26 1045.37 656.0 114.3
6914973604469_camera0-33.jpg 130 1451.16 1097.38 1109.54 1049.41 683.24 95.95
6914973604469_camera0-38.jpg 130 1417.06 1097.97 1213.42 1029.49 407.28 136.97
6914973604469_camera0-36.jpg 130 1425.2 1095.34 1147.69 1034.29 555.02 122.1
6914973604469_camera0-4.jpg 130 1434.57 1097.09 1203.83 1020.41 461.47 153.35
6914973604469_camera0-37.jpg 130 1420.56 1094.9 1170.75 1026.25 499.61 137.31
6914973604469_camera0-35.jpg 130 1437.04 1096.55 1120.23 1036.14 633.62 120.82
6914973604469_camera0-5.jpg 130 1422.24 1096.26 1170.79 1034.41 502.91 123.69
6914973604469_camera0-39.jpg 130 1416.32 1096.27 1255.86 1018.67 320.93 155.2
6914973604469_camera0-3.jpg 130 1442.36 1096.79 1250.0 1025.8 384.72 141.98
6914973604469_camera0-40.jpg 130 1421.42 1097.95 1309.95 1024.51 222.94 146.89
6914973604469_camera0-8.jpg 130 1417.4 1098.97 1083.03 1045.96 668.74 106.02
6914973604469_camera1-10.jpg 130 1269.01 1142.31 942.82 1071.28 652.38 142.05
6914973604469_camera0-6.jpg 130 1430.48 1097.38 1126.08 1031.21 608.8 132.35
6914973604469_camera0-9.jpg 130 1411.17 1095.89 1063.85 1052.25 694.64 87.28
6914973604469_camera1-11.jpg 130 1266.25 1126.99 952.27 1020.74 627.96 212.49
6914973604469_camera0-7.jpg 130 1419.37 1095.36 1087.71 1033.9 663.31 122.92
6914973604469_camera1-12.jpg 130 1261.35 1134.04 944.54 994.43 633.62 279.22
6914973604469_camera1-13.jpg 130 1253.59 1134.49 950.13 962.91 606.91 343.16
6914973604469_camera1-14.jpg 130 1252.02 1137.87 975.31 949.16 553.43 377.41
6914973604469_camera1-16.jpg 130 1240.77 1142.75 1017.12 911.23 447.29 463.04
6914973604469_camera1-15.jpg 130 1239.34 1143.93 976.77 929.41 525.13 429.05
6914973604469_camera1-19.jpg 130 1246.72 1152.58 1132.44 899.07 228.55 507.02
6914973604469_camera1-17.jpg 130 1242.5 1149.63 1059.35 913.35 366.31 472.56
6914973604469_camera1-1.jpg 130 1277.12 1165.28 1139.05 917.89 276.15 494.78
6914973604469_camera1-18.jpg 130 1245.88 1146.64 1104.06 903.52 283.64 486.25
6914973604469_camera1-21.jpg 130 1261.12 1152.83 1098.02 902.92 326.19 499.81
6914973604469_camera1-20.jpg 130 1264.96 1149.77 1168.23 904.77 193.46 490.0
6914973604469_camera1-22.jpg 130 1266.7 1154.46 1078.11 903.83 377.19 501.26
6914973604469_camera1-23.jpg 130 1267.43 1152.17 1040.76 913.99 453.35 476.37
6914973604469_camera1-24.jpg 130 1262.13 1151.25 1003.65 935.58 516.96 431.33
6914973604469_camera1-25.jpg 130 1264.05 1146.84 976.08 951.64 575.94 390.4
6914973604469_camera1-26.jpg 130 1262.47 1144.69 959.05 956.86 606.84 375.67
6914973604469_camera1-27.jpg 130 1258.16 1141.44 946.47 989.16 623.39 304.57
6914973604469_camera1-2.jpg 130 1281.79 1164.01 1104.97 924.56 353.63 478.9
6914973604469_camera1-29.jpg 130 1241.82 1145.88 920.03 1065.67 643.58 160.41
6914973604469_camera1-31.jpg 130 1246.72 1141.13 921.34 1024.04 650.75 234.18
6914973604469_camera1-28.jpg 130 1253.03 1141.99 936.24 1028.63 633.57 226.71
6914973604469_camera1-33.jpg 130 1244.66 1151.96 945.75 982.29 597.83 339.35
6914973604469_camera1-32.jpg 130 1245.13 1146.43 932.04 1000.65 626.19 291.56
6914973604469_camera1-30.jpg 130 1253.73 1142.79 931.55 1059.56 644.36 166.46
6914973604469_camera1-34.jpg 130 1249.38 1152.34 968.7 958.87 561.36 386.93
6914973604469_camera1-38.jpg 130 1250.99 1161.91 1101.27 907.14 299.44 509.54
6914973604469_camera1-37.jpg 130 1251.09 1159.58 1064.07 918.23 374.04 482.69
6914973604469_camera1-36.jpg 130 1239.33 1163.82 1011.55 926.1 455.56 475.44
6914973604469_camera1-35.jpg 130 1245.03 1160.76 992.49 945.23 505.07 431.06
6914973604469_camera1-3.jpg 130 1280.53 1160.72 1056.48 921.79 448.09 477.87
6914973604469_camera1-39.jpg 130 1259.21 1162.16 1149.05 912.85 220.32 498.63
6914973604469_camera1-6.jpg 130 1277.52 1146.52 975.47 967.98 604.09 357.08
6914973604469_camera1-7.jpg 130 1274.61 1142.38 961.64 997.73 625.94 289.31
6914973604469_camera1-4.jpg 130 1279.12 1157.18 1018.2 935.97 521.83 442.42
6914973604469_camera1-5.jpg 130 1276.9 1152.83 984.91 952.9 583.99 399.85
6914973604469_camera1-40.jpg 130 1272.96 1163.93 1175.99 916.05 193.95 495.77
6914973604469_camera1-9.jpg 130 1266.35 1135.9 943.04 1046.57 646.61 178.67
6914973604469_camera1-8.jpg 130 1271.77 1142.98 945.15 1028.95 653.24 228.06
6914973604469_camera2-10.jpg 130 1269.15 865.79 1193.04 585.11 152.23 561.36
6914973604469_camera2-11.jpg 130 1265.64 868.61 1138.73 578.63 253.82 579.96
6914973604469_camera2-13.jpg 130 1265.97 868.1 1072.51 597.72 386.93 540.75
6914973604469_camera2-12.jpg 130 1262.53 865.63 1102.67 583.19 319.72 564.89
6914973604469_camera2-14.jpg 130 1267.76 873.83 1044.23 618.24 447.06 511.18
6914973604469_camera2-16.jpg 130 1259.26 874.05 982.16 665.6 554.2 416.89
6914973604469_camera2-18.jpg 130 1264.38 880.02 978.95 746.03 570.87 267.99
6914973604469_camera2-15.jpg 130 1266.67 875.58 1019.84 637.86 493.66 475.44
6914973604469_camera2-1.jpg 130 1277.7 865.78 989.84 745.96 575.71 239.64
6914973604469_camera2-21.jpg 130 1265.81 878.71 977.64 733.06 576.34 291.3
6914973604469_camera2-17.jpg 130 1264.33 875.55 983.72 707.29 561.22 336.53
6914973604469_camera2-20.jpg 130 1262.3 879.23 981.32 796.41 561.95 165.64
6914973604469_camera2-19.jpg 130 1262.35 877.5 975.73 775.88 573.24 203.25
6914973604469_camera2-22.jpg 130 1265.64 877.84 982.75 710.51 565.78 334.65
6914973604469_camera2-23.jpg 130 1267.47 874.29 992.48 673.91 549.98 400.76
6914973604469_camera2-24.jpg 130 1261.12 873.99 1005.95 629.34 510.33 489.29
6914973604469_camera2-29.jpg 130 1272.73 881.88 1182.79 593.22 179.88 577.33
6914973604469_camera2-25.jpg 130 1268.34 878.88 1047.12 621.3 442.44 515.17
6914973604469_camera2-26.jpg 130 1260.86 879.71 1041.37 609.69 438.99 540.04
6914973604469_camera2-28.jpg 130 1271.74 880.87 1136.15 596.22 271.17 569.29
6914973604469_camera2-27.jpg 130 1270.6 882.09 1091.93 601.32 357.34 561.53
6914973604469_camera2-33.jpg 130 1282.49 876.59 1083.43 603.88 398.12 545.41
6914973604469_camera2-30.jpg 130 1277.03 880.44 1198.66 598.13 156.74 564.62
6914973604469_camera2-34.jpg 130 1279.92 876.78 1056.23 623.38 447.38 506.8
6914973604469_camera2-32.jpg 130 1282.4 879.72 1124.2 594.79 316.41 569.86
6914973604469_camera2-2.jpg 130 1279.82 866.48 994.09 704.83 571.46 323.3
6914973604469_camera2-36.jpg 130 1280.75 874.74 1004.93 667.67 551.64 414.14
6914973604469_camera2-38.jpg 130 1279.62 867.85 995.01 732.08 569.23 271.53
6914973604469_camera2-39.jpg 130 1277.43 867.29 983.39 760.44 588.08 213.7
6914973604469_camera2-31.jpg 130 1277.45 877.36 1152.55 587.85 249.8 579.02
6914973604469_camera2-35.jpg 130 1274.27 873.98 1013.84 637.23 520.86 473.5
6914973604469_camera2-4.jpg 130 1275.96 864.46 1021.93 644.71 508.07 439.49
6914973604469_camera2-3.jpg 130 1275.56 865.77 999.76 669.38 551.6 392.79
6914973604469_camera2-37.jpg 130 1281.32 870.1 1004.6 694.08 553.43 352.04
6914973604469_camera2-40.jpg 130 1277.43 866.47 988.36 786.95 578.15 159.03
6914973604469_camera2-6.jpg 130 1269.43 868.51 1061.69 602.1 415.47 532.82
6914973604469_camera2-5.jpg 130 1269.89 865.07 1039.47 605.57 460.85 518.99
6914973604469_camera2-7.jpg 130 1267.15 865.1 1089.95 583.19 354.4 563.82
6914973604469_camera2-9.jpg 130 1263.48 865.63 1154.14 578.81 218.67 573.65
6914973604469_camera2-8.jpg 130 1267.76 863.94 1127.15 577.27 281.22 573.35
6914973604469_camera3-10.jpg 130 1380.95 1419.83 1041.83 1359.35 678.25 120.97
6914973604469_camera3-12.jpg 130 1364.36 1421.19 1036.19 1325.78 656.33 190.82
6914973604469_camera3-11.jpg 130 1372.27 1418.38 1039.85 1330.44 664.84 175.87
6914973604469_camera3-15.jpg 130 1351.88 1420.86 1112.66 1299.89 478.45 241.94
6914973604469_camera3-17.jpg 130 1354.09 1426.62 1206.25 1295.71 295.67 261.83
6914973604469_camera3-16.jpg 130 1352.87 1423.57 1150.21 1288.46 405.31 270.21
6914973604469_camera3-13.jpg 130 1364.99 1422.25 1070.36 1317.17 589.27 210.15
6914973604469_camera3-14.jpg 130 1359.94 1422.95 1089.83 1313.8 540.22 218.31
6914973604469_camera3-18.jpg 130 1356.69 1429.01 1246.67 1290.05 220.03 277.93
6914973604469_camera3-19.jpg 130 1379.36 1429.17 1276.68 1295.04 205.36 268.26
6914973604469_camera3-20.jpg 130 1383.57 1432.61 1231.66 1300.17 303.81 264.88
6914973604469_camera3-1.jpg 130 1393.4 1435.74 1201.0 1302.97 384.8 265.53
6914973604469_camera3-22.jpg 130 1386.6 1430.45 1145.95 1302.24 481.3 256.43
6914973604469_camera3-24.jpg 130 1383.32 1427.81 1071.08 1324.7 624.47 206.21
6914973604469_camera3-21.jpg 130 1384.68 1432.32 1168.79 1292.53 431.78 279.58
6914973604469_camera3-26.jpg 130 1377.65 1424.73 1046.34 1333.62 662.63 182.22
6914973604469_camera3-23.jpg 130 1381.01 1427.94 1111.93 1309.24 538.15 237.4
6914973604469_camera3-25.jpg 130 1377.35 1425.53 1047.66 1328.39 659.37 194.27
6914973604469_camera3-27.jpg 130 1369.37 1427.21 1031.43 1351.84 675.88 150.75
6914973604469_camera3-31.jpg 130 1355.8 1426.33 1017.6 1336.99 676.39 178.67
6914973604469_camera3-29.jpg 130 1363.9 1428.68 1022.82 1366.79 682.17 123.79
6914973604469_camera3-28.jpg 130 1360.26 1425.56 1016.52 1366.75 687.48 117.62
6914973604469_camera3-2.jpg 130 1391.34 1431.67 1158.53 1300.14 465.61 263.06
6914973604469_camera3-32.jpg 130 1362.38 1433.88 1039.79 1330.36 645.19 207.03
6914973604469_camera3-33.jpg 130 1350.62 1430.04 1048.79 1316.27 603.65 227.54
6914973604469_camera3-36.jpg 130 1349.55 1433.8 1143.94 1299.09 411.22 269.42
6914973604469_camera3-34.jpg 130 1370.29 1435.62 1105.91 1302.77 528.75 265.69
6914973604469_camera3-35.jpg 130 1351.3 1435.16 1112.18 1305.59 478.23 259.15
6914973604469_camera3-30.jpg 130 1361.39 1428.82 1015.64 1355.2 691.51 147.24
6914973604469_camera3-38.jpg 130 1373.52 1435.49 1261.7 1293.86 223.64 283.27
6914973604469_camera3-37.jpg 130 1360.61 1433.05 1207.58 1296.67 306.05 272.75
6914973604469_camera3-40.jpg 130 1393.15 1438.91 1229.37 1299.95 327.56 277.93
6914973604469_camera3-39.jpg 130 1387.52 1435.7 1282.94 1301.35 209.16 268.7
6914973604469_camera3-3.jpg 130 1395.47 1438.67 1124.89 1311.12 541.15 255.11
6914973604469_camera3-8.jpg 130 1383.58 1428.31 1034.51 1371.23 698.13 114.15
6914973604469_camera3-4.jpg 130 1403.58 1434.24 1105.23 1325.5 596.7 217.48
6914973604469_camera3-6.jpg 130 1397.9 1431.67 1058.56 1334.34 678.69 194.66
6914973604469_camera3-5.jpg 130 1395.67 1428.54 1065.63 1328.45 660.08 200.17
6914973604469_camera3-9.jpg 130 1383.88 1421.71 1043.47 1377.45 680.82 88.52
6914973604469_camera3-7.jpg 130 1395.28 1418.52 1042.78 1336.97 705.0 163.1
6914973604469~A~back_camera0-12.jpg 130 1107.85 1109.68 915.69 1048.28 384.32 122.81
6914973604469~A~back_camera0-11.jpg 130 1109.68 1109.19 956.14 1045.52 307.09 127.35
6914973604469~A~back_camera0-18.jpg 130 1071.62 1108.17 766.16 1078.96 610.92 58.43
6914973604469~A~back_camera0-16.jpg 130 1091.1 1109.04 807.54 1066.69 567.12 84.69
6914973604469~A~back_camera0-15.jpg 130 1090.72 1109.58 816.74 1061.07 547.96 97.01
6914973604469~A~back_camera0-14.jpg 130 1093.47 1110.61 843.57 1056.67 499.79 107.88
6914973604469~A~back_camera0-23.jpg 130 1070.21 1126.12 797.56 1065.17 545.3 121.91
6914973604469~A~back_camera0-13.jpg 130 1103.92 1110.27 879.08 1051.68 449.69 117.18
6914973604469~A~back_camera0-1.jpg 130 1158.53 1098.63 865.14 1060.04 586.77 77.18
6914973604469~A~back_camera0-19.jpg 130 1074.48 1112.51 764.93 1080.07 619.1 64.89
6914973604469~A~back_camera0-20.jpg 130 1079.74 1118.66 772.9 1079.22 613.68 78.88
6914973604469~A~back_camera0-26.jpg 130 1095.49 1129.42 904.79 1055.32 381.4 148.2
6914973604469~A~back_camera0-17.jpg 130 1076.68 1109.03 776.33 1073.73 600.69 70.6
6914973604469~A~back_camera0-24.jpg 130 1080.82 1126.61 820.47 1059.42 520.69 134.38
6914973604469~A~back_camera0-10.jpg 130 1112.84 1107.88 997.94 1043.46 229.79 128.85
6914973604469~A~back_camera0-21.jpg 130 1077.0 1121.77 773.55 1074.72 606.91 94.09
6914973604469~A~back_camera0-25.jpg 130 1087.27 1128.14 858.21 1056.99 458.11 142.31
6914973604469~A~back_camera0-22.jpg 130 1076.71 1123.62 781.29 1069.54 590.84 108.15
6914973604469~A~back_camera0-28.jpg 130 1123.39 1127.53 1021.31 1053.34 204.16 148.38
6914973604469~A~back_camera0-33.jpg 130 1197.42 1117.38 952.6 1055.4 489.64 123.97
6914973604469~A~back_camera0-3.jpg 130 1136.3 1097.77 876.21 1049.42 520.18 96.7
6914973604469~A~back_camera0-31.jpg 130 1185.48 1121.26 1003.58 1051.69 363.8 139.14
6914973604469~A~back_camera0-36.jpg 130 1187.1 1107.37 893.99 1064.97 586.22 84.79
6914973604469~A~back_camera0-2.jpg 130 1146.47 1097.88 864.46 1054.93 564.02 85.89
6914973604469~A~back_camera0-27.jpg 130 1105.86 1129.0 961.94 1054.34 287.83 149.33
6914973604469~A~back_camera0-34.jpg 130 1201.12 1113.36 936.6 1056.95 529.04 112.82
6914973604469~A~back_camera0-40.jpg 130 1163.37 1098.29 866.6 1063.38 593.53 69.81
6914973604469~A~back_camera0-38.jpg 130 1174.93 1099.35 877.62 1071.18 594.63 56.34
6914973604469~A~back_camera0-35.jpg 130 1187.97 1110.96 905.09 1061.21 565.77 99.5
6914973604469~A~back_camera0-30.jpg 130 1175.04 1122.62 1034.21 1051.07 281.66 143.1
6914973604469~A~back_camera0-29.jpg 130 1161.35 1124.44 1066.71 1052.27 189.28 144.35
6914973604469~A~back_camera1-1.jpg 130 1171.34 700.52 933.88 600.62 474.91 199.81
6914973604469~A~back_camera0-32.jpg 130 1193.24 1119.29 976.44 1052.71 433.6 133.16
6914973604469~A~back_camera1-15.jpg 130 1113.95 723.02 884.31 618.17 459.29 209.7
6914973604469~A~back_camera0-4.jpg 130 1117.58 1098.44 874.93 1046.2 485.29 104.48
6914973604469~A~back_camera0-6.jpg 130 1096.63 1101.4 918.3 1041.1 356.66 120.6
6914973604469~A~back_camera1-10.jpg 130 1130.47 713.33 1022.02 552.63 216.91 321.4
6914973604469~A~back_camera1-12.jpg 130 1125.17 718.4 955.77 568.87 338.8 299.07
6914973604469~A~back_camera0-9.jpg 130 1108.79 1106.14 1028.61 1041.91 160.36 128.47
6914973604469~A~back_camera0-5.jpg 130 1110.95 1099.64 895.76 1042.93 430.39 113.43
6914973604469~A~back_camera0-8.jpg 130 1094.09 1104.7 988.48 1041.05 211.21 127.31
6914973604469~A~back_camera1-16.jpg 130 1109.35 726.59 870.3 642.33 478.09 168.51
6914973604469~A~back_camera1-18.jpg 130 1106.57 727.92 863.25 681.25 486.64 93.35
6914973604469~A~back_camera1-21.jpg 130 1111.92 744.47 870.31 629.41 483.22 230.12
6914973604469~A~back_camera1-20.jpg 130 1110.99 738.81 865.37 645.3 491.24 187.03
6914973604469~A~back_camera0-39.jpg 130 1170.42 1097.77 871.76 1068.23 597.33 59.07
6914973604469~A~back_camera0-37.jpg 130 1178.67 1103.41 879.67 1068.53 598.0 69.77
6914973604469~A~back_camera0-7.jpg 130 1101.47 1103.73 951.7 1040.67 299.53 126.11
6914973604469~A~back_camera1-17.jpg 130 1106.27 726.54 863.33 663.66 485.88 125.77
6914973604469~A~back_camera1-19.jpg 130 1110.15 732.72 866.37 661.82 487.56 141.8
6914973604469~A~back_camera1-24.jpg 130 1121.62 758.69 926.33 596.78 390.57 323.82
6914973604469~A~back_camera1-26.jpg 130 1135.72 761.29 997.44 587.15 276.56 348.29
6914973604469~A~back_camera1-25.jpg 130 1128.19 759.44 960.17 587.44 336.04 344.0
6914973604469~A~back_camera1-13.jpg 130 1121.78 719.55 927.27 581.57 389.03 275.96
6914973604469~A~back_camera1-14.jpg 130 1117.59 722.63 903.08 599.64 429.01 245.99
6914973604469~A~back_camera1-22.jpg 130 1115.0 748.93 883.19 614.49 463.62 268.89
6914973604469~A~back_camera1-11.jpg 130 1126.48 716.22 986.53 559.6 279.91 313.24
6914973604469~A~back_camera1-29.jpg 130 1174.0 757.18 1084.89 584.9 178.21 344.56
6914973604469~A~back_camera1-2.jpg 130 1163.82 701.32 936.28 585.29 455.07 232.07
6914973604469~A~back_camera1-32.jpg 130 1191.43 747.02 1007.18 595.21 368.5 303.61
6914973604469~A~back_camera1-34.jpg 130 1194.15 734.85 970.58 613.78 447.15 242.14
6914973604469~A~back_camera1-28.jpg 130 1152.87 756.91 1087.43 585.95 130.88 341.92
6914973604469~A~back_camera1-27.jpg 130 1144.1 759.69 1041.49 584.55 205.22 350.29
6914973604469~A~back_camera1-31.jpg 130 1187.95 752.61 1032.03 589.63 311.85 325.95
6914973604469~A~back_camera1-23.jpg 130 1116.83 754.08 900.53 604.29 432.59 299.58
6914973604469~A~back_camera1-3.jpg 130 1156.82 702.06 944.74 571.23 424.16 261.65
6914973604469~A~back_camera1-30.jpg 130 1181.53 754.85 1057.24 585.54 248.57 338.62
6914973604469~A~back_camera1-4.jpg 130 1148.74 701.53 957.02 557.86 383.44 287.34
6914973604469~A~back_camera1-39.jpg 130 1182.8 701.26 940.15 634.05 485.29 134.42
6914973604469~A~back_camera1-33.jpg 130 1193.45 740.77 986.79 602.48 413.32 276.59
6914973604469~A~back_camera1-38.jpg 130 1184.85 702.19 942.67 656.36 484.35 91.66
6914973604469~A~back_camera1-36.jpg 130 1189.88 720.18 946.4 638.17 486.95 164.02
6914973604469~A~back_camera1-35.jpg 130 1193.74 728.22 956.53 625.38 474.42 205.67
6914973604469~A~back_camera1-40.jpg 130 1175.84 701.47 935.13 613.99 481.41 174.96
6914973604469~A~back_camera2-10.jpg 130 766.79 884.46 647.63 589.31 238.33 590.3
6914973604469~A~back_camera2-12.jpg 130 776.95 873.44 579.2 589.99 395.49 566.9
6914973604469~A~back_camera1-8.jpg 130 1128.1 705.87 1055.33 546.77 145.54 318.19
6914973604469~A~back_camera1-5.jpg 130 1141.31 702.08 974.21 550.19 334.2 303.77
6914973604469~A~back_camera1-6.jpg 130 1136.35 702.01 997.62 544.93 277.45 314.16
6914973604469~A~back_camera2-16.jpg 130 784.59 844.15 491.91 660.35 585.36 367.61
6914973604469~A~back_camera1-9.jpg 130 1133.52 711.2 1058.06 550.68 150.92 321.05
6914973604469~A~back_camera2-14.jpg 130 782.67 858.77 525.01 612.56 515.33 492.42
6914973604469~A~back_camera2-17.jpg 130 783.82 836.2 484.49 688.35 598.66 295.7
6914973604469~A~back_camera2-15.jpg 130 782.79 851.66 504.1 633.76 557.37 435.81
6914973604469~A~back_camera1-37.jpg 130 1185.9 712.04 941.79 654.3 488.22 115.48
6914973604469~A~back_camera2-1.jpg 130 700.15 876.55 398.32 724.47 603.66 304.16
6914973604469~A~back_camera1-7.jpg 130 1131.92 702.54 1024.66 544.15 214.52 316.78
6914973604469~A~back_camera2-19.jpg 130 780.6 825.25 483.52 749.94 594.16 150.62
6914973604469~A~back_camera2-11.jpg 130 772.67 880.01 611.32 587.34 322.69 585.34
6914973604469~A~back_camera2-25.jpg 130 750.7 797.55 530.57 523.93 440.25 547.24
6914973604469~A~back_camera2-20.jpg 130 779.5 819.85 479.66 703.45 599.67 232.8
6914973604469~A~back_camera2-26.jpg 130 745.24 797.36 558.76 508.64 372.95 577.44
6914973604469~A~back_camera2-13.jpg 130 779.7 867.03 548.56 598.76 462.28 536.55
6914973604469~A~back_camera2-2.jpg 130 706.32 881.92 412.36 692.44 587.91 378.95
6914973604469~A~back_camera2-22.jpg 130 769.42 809.53 480.29 615.75 578.26 387.56
6914973604469~A~back_camera2-18.jpg 130 782.96 828.94 483.14 722.92 599.64 212.04
6914973604469~A~back_camera2-24.jpg 130 757.16 800.65 507.71 547.66 498.9 505.98
6914973604469~A~back_camera2-27.jpg 130 736.23 795.39 589.88 501.67 292.7 587.44
6914973604469~A~back_camera2-35.jpg 130 687.78 829.49 405.17 616.02 565.21 426.93
6914973604469~A~back_camera2-3.jpg 130 711.89 886.37 433.39 662.65 557.0 447.44
6914973604469~A~back_camera2-31.jpg 130 705.97 804.1 539.25 511.05 333.44 586.1
6914973604469~A~back_camera2-28.jpg 130 727.87 794.42 625.17 500.13 205.4 588.58
6914973604469~A~back_camera2-38.jpg 130 684.83 854.5 382.69 753.92 604.28 201.17
6914973604469~A~back_camera2-21.jpg 130 775.07 814.4 477.09 657.0 595.96 314.81
6914973604469~A~back_camera2-33.jpg 130 694.4 815.21 458.2 549.48 472.4 531.45
6914973604469~A~back_camera2-30.jpg 130 712.79 800.63 587.16 505.68 251.26 589.91
6914973604469~A~back_camera2-34.jpg 130 690.89 821.18 427.31 578.29 527.16 485.79
6914973604469~A~back_camera2-8.jpg 130 752.73 890.31 642.04 595.96 221.39 588.7
6914973604469~A~back_camera2-37.jpg 130 685.05 845.94 382.76 706.42 604.57 279.04
6914973604469~A~back_camera2-4.jpg 130 718.82 889.39 463.36 639.28 510.92 500.23
6914973604469~A~back_camera2-29.jpg 130 719.59 797.17 636.7 504.45 165.77 585.44
6914973604469~A~back_camera2-40.jpg 130 692.7 872.24 388.94 745.95 607.53 252.57
6914973604469~A~back_camera2-23.jpg 130 762.85 805.27 490.32 579.02 545.05 452.5
6914973604469~A~back_camera2-39.jpg 130 690.12 865.24 389.87 780.71 600.5 169.06
6914973604469~A~back_camera3-1.jpg 130 1062.45 878.39 787.24 795.39 550.42 166.01
6914973604469~A~back_camera2-5.jpg 130 728.26 890.03 501.39 618.34 453.75 543.38
6914973604469~A~back_camera3-13.jpg 130 1014.46 900.25 793.18 789.91 442.57 220.67
6914973604469~A~back_camera2-9.jpg 130 760.16 888.78 685.57 597.86 149.18 581.84
6914973604469~A~back_camera3-11.jpg 130 1020.39 898.65 859.81 772.35 321.16 252.6
6914973604469~A~back_camera2-32.jpg 130 699.65 809.19 495.32 526.43 408.67 565.53
6914973604469~A~back_camera2-7.jpg 130 744.0 890.62 590.74 597.96 306.53 585.33
6914973604469~A~back_camera3-21.jpg 130 990.06 919.21 702.48 817.31 575.15 203.81
6914973604469~A~back_camera2-6.jpg 130 737.16 891.49 545.2 606.19 383.91 570.59
6914973604469~A~back_camera3-14.jpg 130 1006.24 900.37 757.23 801.98 498.01 196.77
6914973604469~A~back_camera3-12.jpg 130 1016.76 899.67 823.13 779.77 387.26 239.8
6914973604469~A~back_camera3-23.jpg 130 995.01 929.05 736.58 799.77 516.86 258.56
6914973604469~A~back_camera2-36.jpg 130 685.53 837.38 389.43 658.7 592.2 357.36
6914973604469~A~back_camera3-10.jpg 130 1022.37 896.07 900.04 765.67 244.65 260.81
6914973604469~A~back_camera3-16.jpg 130 994.12 898.85 714.15 830.33 559.93 137.03
6914973604469~A~back_camera3-27.jpg 130 1027.63 934.43 901.81 786.81 251.65 295.25
6914973604469~A~back_camera3-20.jpg 130 991.92 912.72 700.87 829.87 582.11 165.69
6914973604469~A~back_camera3-31.jpg 130 1091.01 925.9 910.09 791.72 361.84 268.37
6914973604469~A~back_camera3-3.jpg 130 1042.43 880.88 794.7 773.76 495.46 214.24
6914973604469~A~back_camera3-17.jpg 130 986.88 898.6 701.28 846.81 571.21 103.59
6914973604469~A~back_camera3-22.jpg 130 992.42 923.98 714.37 807.31 556.1 233.35
6914973604469~A~back_camera3-2.jpg 130 1052.47 879.4 787.97 783.65 529.01 191.5
6914973604469~A~back_camera3-18.jpg 130 986.79 901.45 697.88 854.76 577.82 93.38
6914973604469~A~back_camera3-30.jpg 130 1083.49 929.47 940.74 788.38 285.5 282.17
6914973604469~A~back_camera3-15.jpg 130 1000.34 899.57 732.77 815.16 535.14 168.83
6914973604469~A~back_camera3-25.jpg 130 1006.5 934.7 802.94 788.9 407.12 291.61
6914973604469~A~back_camera3-24.jpg 130 999.9 931.93 765.34 792.5 469.12 278.86
6914973604469~A~back_camera3-29.jpg 130 1073.19 931.39 971.33 786.95 203.73 288.89
6914973604469~A~back_camera3-28.jpg 130 1040.78 931.51 959.82 786.89 161.92 289.25
6914973604469~A~back_camera3-36.jpg 130 1089.18 892.82 808.19 827.86 561.98 129.91
6914973604469~A~back_camera3-33.jpg 130 1098.69 915.31 858.47 802.96 480.44 224.69
6914973604469~A~back_camera3-34.jpg 130 1095.36 908.5 835.0 810.33 520.72 196.34
6914973604469~A~back_camera3-4.jpg 130 1033.73 882.12 808.28 766.51 450.9 231.22
6914973604469~A~back_camera3-9.jpg 130 1026.05 895.12 941.56 763.54 168.98 263.15
6914973604469~A~back_camera3-8.jpg 130 1010.97 889.36 921.48 759.11 178.97 260.49
6914973604469~A~back_camera3-37.jpg 130 1082.52 886.77 798.27 838.83 568.5 95.87
6914973604469~A~back_camera3-7.jpg 130 1014.22 887.04 884.31 757.27 259.83 259.54
6914973604469~A~back_camera3-32.jpg 130 1096.53 921.79 883.03 797.37 427.01 248.85
6914973604469~A~back_camera3-40.jpg 130 1069.16 877.25 789.48 803.48 559.36 147.53
6914973604469~A~back_camera3-35.jpg 130 1093.91 900.8 820.75 818.42 546.33 164.77
6914973604469~A~back_camera3-6.jpg 130 1018.37 883.55 853.4 757.34 329.93 252.42
6914973604469~A~back_camera3-26.jpg 130 1016.38 936.25 849.67 788.04 333.41 296.41
6914973604469~A~back_camera3-39.jpg 130 1077.56 877.71 794.53 819.87 566.06 115.67
6914973604469~A~back_camera3-5.jpg 130 1025.12 883.13 827.84 760.97 394.55 244.32
6914973604469~A~back_camera3-19.jpg 130 989.89 908.62 699.85 844.35 580.08 128.55
6914973604469~A~back_camera3-38.jpg 130 1079.78 878.07 795.7 835.49 568.16 85.16
