6914973607125-back_camera0-11.jpg 132 1412.41 1248.17 1109.92 1188.97 604.97 118.4
6914973607125-back_camera0-10.jpg 132 1416.85 1252.39 1114.42 1188.51 604.86 127.77
6914973607125-back_camera0-12.jpg 132 1410.9 1249.78 1098.29 1185.42 625.23 128.72
6914973607125-back_camera0-13.jpg 132 1415.25 1250.29 1098.44 1191.22 633.62 118.13
6914973607125-back_camera0-16.jpg 132 1379.25 1253.87 1087.69 1198.82 583.11 110.1
6914973607125-back_camera0-14.jpg 132 1406.96 1251.09 1098.29 1188.04 617.35 126.1
6914973607125-back_camera0-15.jpg 132 1399.22 1248.84 1092.76 1173.87 612.93 149.94
6914973607125-back_camera0-17.jpg 132 1381.8 1261.55 1119.23 1196.12 525.13 130.87
6914973607125-back_camera0-18.jpg 132 1371.5 1255.03 1137.69 1188.04 467.61 133.98
6914973607125-back_camera0-19.jpg 132 1375.57 1259.21 1183.69 1193.4 383.75 131.62
6914973607125-back_camera0-20.jpg 132 1372.25 1265.34 1193.71 1195.53 357.08 139.61
6914973607125-back_camera0-1.jpg 132 1406.7 1266.53 1273.5 1183.62 266.41 165.83
6914973607125-back_camera0-23.jpg 132 1405.82 1255.76 1260.04 1177.9 291.56 155.72
6914973607125-back_camera0-22.jpg 132 1387.45 1262.73 1270.36 1181.66 234.18 162.13
6914973607125-back_camera0-21.jpg 132 1370.77 1264.48 1233.68 1191.5 274.18 145.97
6914973607125-back_camera0-26.jpg 132 1409.02 1261.79 1144.2 1195.06 529.63 133.47
6914973607125-back_camera0-24.jpg 132 1413.05 1257.49 1230.91 1191.57 364.27 131.84
6914973607125-back_camera0-27.jpg 132 1412.21 1258.98 1127.18 1185.42 570.06 147.11
6914973607125-back_camera0-28.jpg 132 1412.73 1258.41 1111.66 1198.61 602.14 119.61
6914973607125-back_camera0-25.jpg 132 1414.1 1257.42 1172.24 1184.53 483.72 145.78
6914973607125-back_camera0-29.jpg 132 1404.98 1253.72 1094.24 1191.96 621.48 123.52
6914973607125-back_camera0-30.jpg 132 1399.11 1255.09 1085.88 1194.01 626.46 122.16
6914973607125-back_camera0-31.jpg 132 1398.56 1253.39 1090.13 1195.51 616.86 115.76
6914973607125-back_camera0-2.jpg 132 1421.8 1264.63 1311.75 1173.76 220.09 181.75
6914973607125-back_camera0-34.jpg 132 1399.19 1256.62 1092.31 1188.1 613.76 137.03
6914973607125-back_camera0-32.jpg 132 1400.81 1253.83 1101.78 1200.82 598.06 106.02
6914973607125-back_camera0-35.jpg 132 1386.77 1265.69 1088.17 1185.49 597.2 160.41
6914973607125-back_camera0-3.jpg 132 1437.78 1268.2 1279.52 1176.52 316.53 183.36
6914973607125-back_camera0-33.jpg 132 1399.51 1257.25 1084.89 1196.1 629.24 122.3
6914973607125-back_camera0-39.jpg 132 1397.23 1267.57 1194.7 1185.34 405.05 164.47
6914973607125-back_camera0-38.jpg 132 1399.22 1265.94 1155.89 1173.87 486.66 184.14
6914973607125-back_camera0-36.jpg 132 1383.33 1261.99 1106.23 1183.41 554.2 157.16
6914973607125-back_camera0-37.jpg 132 1397.41 1265.55 1131.0 1192.61 532.82 145.89
6914973607125-back_camera0-40.jpg 132 1398.36 1264.87 1230.22 1172.93 336.28 183.88
6914973607125-back_camera0-5.jpg 132 1444.55 1261.17 1227.0 1175.14 435.09 172.05
6914973607125-back_camera0-4.jpg 132 1438.16 1263.46 1264.18 1180.55 347.96 165.83
6914973607125-back_camera0-6.jpg 132 1438.95 1263.21 1193.78 1181.21 490.35 164.0
6914973607125-back_camera0-8.jpg 132 1446.79 1255.51 1176.41 1186.53 540.75 137.96
6914973607125-back_camera0-7.jpg 132 1439.72 1260.48 1161.79 1178.45 555.86 164.06
6914973607125-back_camera1-10.jpg 132 1262.85 1123.79 981.37 1020.71 562.95 206.15
6914973607125-back_camera0-9.jpg 132 1426.21 1258.55 1119.33 1186.17 613.76 144.75
6914973607125-back_camera1-12.jpg 132 1263.74 1137.05 971.75 1018.67 583.99 236.75
6914973607125-back_camera1-11.jpg 132 1267.15 1120.93 982.56 1043.07 569.18 155.72
6914973607125-back_camera1-13.jpg 132 1259.72 1134.29 982.21 1009.81 555.02 248.96
6914973607125-back_camera1-14.jpg 132 1259.1 1134.38 979.88 981.26 558.43 306.24
6914973607125-back_camera1-17.jpg 132 1236.02 1151.67 1010.86 938.11 450.31 427.12
6914973607125-back_camera1-19.jpg 132 1236.65 1154.08 1091.42 934.85 290.46 438.46
6914973607125-back_camera1-18.jpg 132 1228.24 1159.4 1040.15 939.75 376.17 439.31
6914973607125-back_camera1-15.jpg 132 1250.98 1144.53 983.81 966.69 534.35 355.68
6914973607125-back_camera1-16.jpg 132 1247.01 1147.56 993.3 950.22 507.43 394.67
6914973607125-back_camera1-1.jpg 132 1274.5 1162.07 1184.11 938.47 180.78 447.19
6914973607125-back_camera1-22.jpg 132 1262.43 1139.67 1137.48 905.55 249.91 468.24
6914973607125-back_camera1-21.jpg 132 1253.29 1147.33 1142.95 906.95 220.67 480.75
6914973607125-back_camera1-20.jpg 132 1230.87 1152.83 1100.65 929.23 260.43 447.2
6914973607125-back_camera1-23.jpg 132 1267.73 1144.7 1098.29 906.95 338.89 475.49
6914973607125-back_camera1-26.jpg 132 1264.66 1149.98 1006.18 957.31 516.96 385.34
6914973607125-back_camera1-24.jpg 132 1265.04 1145.36 1064.87 922.02 400.35 446.67
6914973607125-back_camera1-25.jpg 132 1263.36 1149.74 1023.15 941.01 480.41 417.46
6914973607125-back_camera1-27.jpg 132 1260.99 1147.58 989.03 968.39 543.92 358.38
6914973607125-back_camera1-28.jpg 132 1262.68 1145.64 977.64 985.89 570.08 319.5
6914973607125-back_camera1-31.jpg 132 1250.6 1138.36 955.97 1050.23 589.25 176.25
6914973607125-back_camera1-2.jpg 132 1280.06 1157.33 1159.54 939.28 241.04 436.09
6914973607125-back_camera1-33.jpg 132 1255.86 1160.72 971.75 1018.67 568.21 284.1
6914973607125-back_camera1-29.jpg 132 1257.85 1145.83 968.57 1004.03 578.55 283.6
6914973607125-back_camera1-30.jpg 132 1256.85 1141.29 970.09 1033.06 573.52 216.46
6914973607125-back_camera1-32.jpg 132 1258.71 1153.01 969.9 1046.0 577.62 214.02
6914973607125-back_camera1-34.jpg 132 1260.38 1163.39 980.79 1002.09 559.17 322.6
6914973607125-back_camera1-35.jpg 132 1259.8 1160.71 995.43 966.05 528.75 389.33
6914973607125-back_camera1-37.jpg 132 1261.48 1163.54 1038.95 955.58 445.05 415.92
6914973607125-back_camera1-38.jpg 132 1259.8 1172.56 1055.93 950.27 407.74 444.57
6914973607125-back_camera1-36.jpg 132 1260.8 1168.51 1022.14 961.57 477.31 413.88
6914973607125-back_camera1-40.jpg 132 1267.69 1162.04 1142.74 931.86 249.91 460.35
6914973607125-back_camera1-39.jpg 132 1266.38 1162.03 1100.65 923.96 331.45 476.14
6914973607125-back_camera1-3.jpg 132 1287.2 1150.62 1113.56 932.57 347.28 436.09
6914973607125-back_camera1-4.jpg 132 1287.74 1146.23 1090.4 931.44 394.67 429.57
6914973607125-back_camera1-5.jpg 132 1286.12 1147.33 1058.88 938.48 454.48 417.7
6914973607125-back_camera1-6.jpg 132 1287.43 1138.36 1034.89 942.38 505.07 391.96
6914973607125-back_camera1-9.jpg 132 1265.45 1126.19 983.98 995.37 562.95 261.65
6914973607125-back_camera1-7.jpg 132 1274.27 1133.1 1008.58 960.79 531.38 344.61
6914973607125-back_camera1-8.jpg 132 1276.63 1134.06 1001.6 977.72 550.07 312.67
6914973607125-back_camera2-11.jpg 132 1253.22 879.25 1153.26 621.45 199.92 515.59
6914973607125-back_camera2-13.jpg 132 1263.32 873.0 1122.98 620.07 280.68 505.86
6914973607125-back_camera2-12.jpg 132 1260.63 867.27 1151.32 607.22 218.62 520.09
6914973607125-back_camera2-10.jpg 132 1253.47 873.5 1125.12 612.94 256.7 521.12
6914973607125-back_camera2-16.jpg 132 1266.38 880.56 1045.41 650.38 441.94 460.35
6914973607125-back_camera2-15.jpg 132 1266.14 876.89 1070.41 638.35 391.46 477.09
6914973607125-back_camera2-19.jpg 132 1272.95 885.82 1011.21 737.19 523.49 297.26
6914973607125-back_camera2-17.jpg 132 1265.05 884.8 1021.86 677.18 486.38 415.24
6914973607125-back_camera2-14.jpg 132 1261.82 872.34 1091.35 620.2 340.94 504.27
6914973607125-back_camera2-18.jpg 132 1265.81 883.7 1009.41 713.21 512.8 340.97
6914973607125-back_camera2-20.jpg 132 1265.88 884.81 1008.63 763.21 514.5 243.19
6914973607125-back_camera2-1.jpg 132 1280.85 868.73 1008.58 760.87 544.53 215.71
6914973607125-back_camera2-24.jpg 132 1272.6 879.35 1023.3 705.6 498.59 347.5
6914973607125-back_camera2-22.jpg 132 1269.01 879.25 1000.69 763.5 536.64 231.49
6914973607125-back_camera2-23.jpg 132 1273.86 883.7 1006.72 737.38 534.28 292.65
6914973607125-back_camera2-26.jpg 132 1275.67 878.32 1055.64 638.03 440.05 480.59
6914973607125-back_camera2-27.jpg 132 1284.82 877.87 1086.6 639.21 396.44 477.32
6914973607125-back_camera2-21.jpg 132 1263.75 883.19 1003.32 779.28 520.85 207.82
6914973607125-back_camera2-25.jpg 132 1279.53 887.14 1045.41 660.91 468.24 452.46
6914973607125-back_camera2-28.jpg 132 1280.53 878.82 1102.92 627.47 355.21 502.69
6914973607125-back_camera2-29.jpg 132 1281.95 876.41 1125.97 614.08 311.96 524.66
6914973607125-back_camera2-31.jpg 132 1284.79 875.3 1190.09 613.56 189.4 523.49
6914973607125-back_camera2-2.jpg 132 1275.65 860.62 1022.72 756.75 505.86 207.74
6914973607125-back_camera2-32.jpg 132 1282.65 877.12 1174.18 621.17 216.95 511.9
6914973607125-back_camera2-33.jpg 132 1279.54 875.3 1132.22 610.93 294.63 528.75
6914973607125-back_camera2-30.jpg 132 1287.1 877.62 1167.43 618.73 239.33 517.79
6914973607125-back_camera2-35.jpg 132 1279.53 880.56 1066.45 629.34 426.15 502.44
6914973607125-back_camera2-36.jpg 132 1281.32 866.92 1052.17 651.26 458.29 431.33
6914973607125-back_camera2-3.jpg 132 1276.63 862.88 1017.04 707.51 519.19 310.74
6914973607125-back_camera2-37.jpg 132 1276.9 877.93 1032.26 658.28 489.29 439.31
6914973607125-back_camera2-39.jpg 132 1278.86 859.91 1023.13 713.69 511.46 292.43
6914973607125-back_camera2-34.jpg 132 1284.79 883.19 1103.28 624.08 363.02 518.22
6914973607125-back_camera2-38.jpg 132 1277.25 860.82 1026.62 683.39 501.26 354.86
6914973607125-back_camera2-4.jpg 132 1269.01 868.72 995.43 692.47 547.16 352.5
6914973607125-back_camera2-40.jpg 132 1276.38 859.75 1019.92 743.07 512.91 233.36
6914973607125-back_camera2-5.jpg 132 1272.08 867.75 1018.36 667.28 507.43 400.94
6914973607125-back_camera2-6.jpg 132 1262.44 867.4 1029.63 634.6 465.61 465.61
6914973607125-back_camera2-8.jpg 132 1255.86 872.67 1074.35 616.19 363.02 512.96
6914973607125-back_camera2-7.jpg 132 1262.43 868.13 1063.21 623.54 398.45 489.19
6914973607125-back_camera3-10.jpg 132 1382.49 1402.26 1080.16 1337.02 604.66 130.49
6914973607125-back_camera2-9.jpg 132 1254.54 867.4 1095.39 600.4 318.3 534.01
6914973607125-back_camera3-11.jpg 132 1376.87 1405.36 1076.98 1326.44 599.77 157.83
6914973607125-back_camera3-15.jpg 132 1350.48 1420.75 1091.47 1312.83 518.02 215.84
6914973607125-back_camera3-12.jpg 132 1377.53 1409.52 1072.58 1329.42 609.9 160.2
6914973607125-back_camera3-13.jpg 132 1366.35 1414.57 1071.72 1313.29 589.25 202.55
6914973607125-back_camera3-14.jpg 132 1361.2 1422.04 1082.09 1325.67 558.23 192.73
6914973607125-back_camera3-16.jpg 132 1333.46 1425.09 1084.87 1289.62 497.18 270.95
6914973607125-back_camera3-17.jpg 132 1345.47 1426.14 1140.88 1297.79 409.17 256.7
6914973607125-back_camera3-18.jpg 132 1341.06 1425.12 1181.28 1296.9 319.55 256.43
6914973607125-back_camera3-19.jpg 132 1340.04 1421.14 1213.77 1284.35 252.54 273.58
6914973607125-back_camera3-1.jpg 132 1404.21 1431.26 1267.84 1293.3 272.75 275.92
6914973607125-back_camera3-20.jpg 132 1363.61 1427.1 1250.65 1285.24 225.92 283.72
6914973607125-back_camera3-21.jpg 132 1373.51 1424.73 1236.85 1290.55 273.33 268.37
6914973607125-back_camera3-23.jpg 132 1384.38 1418.32 1168.27 1294.63 432.23 247.38
6914973607125-back_camera3-22.jpg 132 1379.38 1419.22 1198.11 1282.62 362.53 273.21
6914973607125-back_camera3-24.jpg 132 1386.9 1419.04 1132.45 1294.77 508.91 248.54
6914973607125-back_camera3-30.jpg 132 1366.34 1415.89 1055.93 1331.71 620.82 168.36
6914973607125-back_camera3-28.jpg 132 1371.48 1416.58 1063.9 1337.94 615.15 157.28
6914973607125-back_camera3-29.jpg 132 1371.49 1419.22 1056.25 1340.41 630.49 157.62
6914973607125-back_camera3-27.jpg 132 1367.66 1417.2 1069.09 1315.92 597.14 202.55
6914973607125-back_camera3-26.jpg 132 1376.67 1417.4 1078.32 1318.86 596.7 197.09
6914973607125-back_camera3-25.jpg 132 1378.07 1419.23 1090.41 1298.38 575.32 241.69
6914973607125-back_camera3-31.jpg 132 1363.71 1425.09 1045.41 1329.07 636.6 192.03
6914973607125-back_camera3-2.jpg 132 1407.5 1426.58 1233.36 1289.63 348.29 273.9
6914973607125-back_camera3-32.jpg 132 1373.85 1426.56 1068.59 1335.38 610.52 182.36
6914973607125-back_camera3-33.jpg 132 1371.5 1429.73 1072.02 1322.02 598.96 215.42
6914973607125-back_camera3-34.jpg 132 1369.37 1433.84 1082.37 1314.98 574.0 237.72
6914973607125-back_camera3-35.jpg 132 1371.37 1435.56 1121.27 1309.83 500.2 251.46
6914973607125-back_camera3-38.jpg 132 1378.01 1439.76 1201.41 1294.04 353.2 291.44
6914973607125-back_camera3-36.jpg 132 1366.34 1436.93 1145.37 1294.88 441.94 284.1
6914973607125-back_camera3-39.jpg 132 1381.04 1438.17 1249.87 1290.89 262.35 294.56
6914973607125-back_camera3-40.jpg 132 1397.91 1438.25 1282.16 1286.99 231.49 302.52
6914973607125-back_camera3-3.jpg 132 1414.96 1418.94 1190.8 1289.9 448.33 258.08
6914973607125-back_camera3-6.jpg 132 1412.7 1409.93 1141.54 1303.68 542.33 212.49
6914973607125-back_camera3-37.jpg 132 1367.65 1434.29 1153.26 1279.09 428.78 310.41
6914973607125-back_camera3-5.jpg 132 1416.72 1414.93 1153.38 1294.61 526.67 240.65
6914973607125-back_camera3-4.jpg 132 1413.93 1418.33 1175.71 1285.98 476.45 264.69
6914973607125-back_camera3-8.jpg 132 1383.79 1404.17 1080.91 1314.58 605.76 179.19
6914973607125-back_camera3-9.jpg 132 1378.49 1403.35 1068.72 1317.46 619.55 171.78
6914973607125_camera0-10.jpg 132 1426.84 1268.58 1100.65 1202.81 652.38 131.53
6914973607125-back_camera3-7.jpg 132 1396.7 1405.36 1100.96 1308.63 591.49 193.46
6914973607125_camera0-11.jpg 132 1429.48 1263.32 1113.81 1200.18 631.34 126.27
6914973607125_camera0-12.jpg 132 1421.39 1269.16 1103.89 1207.4 634.99 123.52
6914973607125_camera0-13.jpg 132 1428.15 1260.67 1108.54 1192.28 639.23 136.79
6914973607125_camera0-16.jpg 132 1418.25 1273.46 1144.7 1213.2 547.09 120.52
6914973607125_camera0-15.jpg 132 1428.14 1270.12 1128.98 1203.54 598.32 133.17
6914973607125_camera0-14.jpg 132 1431.81 1268.08 1120.14 1207.0 623.33 122.16
6914973607125_camera0-17.jpg 132 1412.38 1261.99 1150.63 1181.76 523.49 160.47
6914973607125_camera0-18.jpg 132 1420.91 1274.36 1195.73 1206.96 450.36 134.79
6914973607125_camera0-19.jpg 132 1419.45 1269.16 1229.34 1193.89 380.22 150.54
6914973607125_camera0-1.jpg 132 1378.18 1279.09 1261.12 1179.13 234.12 199.92
6914973607125_camera0-21.jpg 132 1450.24 1267.45 1341.5 1196.77 217.48 141.36
6914973607125_camera0-20.jpg 132 1418.96 1267.26 1271.64 1184.39 294.63 165.73
6914973607125_camera0-24.jpg 132 1439.8 1266.85 1216.5 1188.04 446.59 157.62
6914973607125_camera0-27.jpg 132 1421.11 1258.88 1136.08 1189.84 570.06 138.08
6914973607125_camera0-23.jpg 132 1447.88 1259.36 1240.07 1181.76 415.63 155.2
6914973607125_camera0-22.jpg 132 1455.48 1265.2 1316.16 1191.8 278.64 146.8
6914973607125_camera0-26.jpg 132 1422.21 1260.34 1164.13 1191.68 516.15 137.31
6914973607125_camera0-25.jpg 132 1433.42 1256.73 1190.09 1176.5 486.66 160.47
6914973607125_camera0-28.jpg 132 1405.66 1260.33 1106.23 1196.64 598.87 127.38
6914973607125_camera0-29.jpg 132 1400.54 1246.21 1079.61 1171.24 641.86 149.94
6914973607125_camera0-31.jpg 132 1388.66 1255.33 1073.89 1203.79 629.55 103.07
6914973607125_camera0-30.jpg 132 1391.32 1250.16 1063.82 1179.13 655.01 142.05
6914973607125_camera0-2.jpg 132 1376.02 1277.85 1237.06 1191.96 277.93 171.78
6914973607125_camera0-32.jpg 132 1375.55 1260.67 1061.19 1187.02 628.71 147.31
6914973607125_camera0-34.jpg 132 1377.99 1265.16 1071.94 1202.52 612.1 125.28
6914973607125_camera0-33.jpg 132 1389.12 1260.34 1074.8 1198.3 628.65 124.08
6914973607125_camera0-35.jpg 132 1368.51 1269.08 1064.74 1200.04 607.54 138.08
6914973607125_camera0-36.jpg 132 1342.66 1259.36 1050.67 1181.76 583.99 155.2
6914973607125_camera0-37.jpg 132 1357.94 1271.1 1105.81 1195.77 504.27 150.65
6914973607125_camera0-39.jpg 132 1351.87 1275.14 1150.63 1181.76 402.48 186.77
6914973607125_camera0-4.jpg 132 1399.24 1280.59 1182.52 1192.08 433.44 177.01
6914973607125_camera0-38.jpg 132 1355.97 1272.7 1131.79 1190.82 448.37 163.77
6914973607125_camera0-40.jpg 132 1357.06 1275.1 1210.94 1192.18 292.23 165.83
6914973607125_camera0-3.jpg 132 1395.28 1273.83 1219.03 1181.76 352.5 184.14
6914973607125_camera0-5.jpg 132 1404.02 1276.88 1150.9 1194.99 506.23 163.78
6914973607125_camera0-6.jpg 132 1405.8 1272.51 1119.07 1187.02 573.47 170.99
6914973607125_camera0-7.jpg 132 1417.92 1273.21 1121.38 1205.02 593.08 136.38
6914973607125_camera1-10.jpg 132 1273.74 1152.39 984.23 1058.78 579.02 187.22
6914973607125_camera0-9.jpg 132 1426.84 1267.25 1105.91 1187.02 641.86 160.47
6914973607125_camera1-13.jpg 132 1276.03 1153.65 986.07 1014.42 579.92 278.46
6914973607125_camera1-12.jpg 132 1278.22 1147.2 987.76 1044.52 580.92 205.36
6914973607125_camera1-11.jpg 132 1266.38 1156.78 961.23 1060.76 610.29 192.03
6914973607125_camera0-8.jpg 132 1417.48 1269.48 1106.17 1193.3 622.61 152.37
6914973607125_camera1-14.jpg 132 1276.9 1151.51 998.06 981.84 557.68 339.34
6914973607125_camera1-15.jpg 132 1279.12 1147.01 1016.9 970.0 524.43 354.03
6914973607125_camera1-18.jpg 132 1281.23 1135.28 1110.76 929.93 340.94 410.71
6914973607125_camera1-19.jpg 132 1279.62 1134.47 1140.39 920.45 278.46 428.04
6914973607125_camera1-17.jpg 132 1279.53 1148.88 1074.35 939.75 410.37 418.26
6914973607125_camera1-1.jpg 132 1241.46 1159.15 1103.54 920.09 275.84 478.12
6914973607125_camera1-16.jpg 132 1287.43 1144.56 1060.67 959.82 453.53 369.48
6914973607125_camera1-21.jpg 132 1301.89 1126.52 1163.79 889.77 276.21 473.5
6914973607125_camera1-20.jpg 132 1282.17 1125.0 1171.84 901.7 220.67 446.59
6914973607125_camera1-23.jpg 132 1299.07 1113.5 1099.56 892.86 399.01 441.28
6914973607125_camera1-26.jpg 132 1274.27 1113.36 1016.47 921.33 515.59 384.06
6914973607125_camera1-28.jpg 132 1258.54 1098.72 972.19 954.24 572.69 288.97
6914973607125_camera1-24.jpg 132 1291.22 1111.71 1066.84 904.77 448.77 413.88
6914973607125_camera1-22.jpg 132 1296.63 1118.62 1126.96 879.24 339.35 478.77
6914973607125_camera1-27.jpg 132 1265.11 1100.04 990.58 933.22 549.05 333.63
6914973607125_camera1-25.jpg 132 1282.16 1117.31 1045.41 910.81 473.5 413.0
6914973607125_camera1-29.jpg 132 1248.67 1100.82 967.31 995.48 562.72 210.68
6914973607125_camera1-2.jpg 132 1244.02 1152.82 1087.5 921.33 313.04 462.98
6914973607125_camera1-33.jpg 132 1236.7 1122.07 955.49 959.26 562.42 325.61
6914973607125_camera1-30.jpg 132 1245.4 1105.3 953.8 1009.41 583.2 191.77
6914973607125_camera1-34.jpg 132 1219.03 1110.73 934.93 910.81 568.21 399.85
6914973607125_camera1-31.jpg 132 1249.64 1109.67 962.17 1000.25 574.95 218.84
6914973607125_camera1-32.jpg 132 1239.15 1113.12 950.34 971.59 577.62 283.06
6914973607125_camera1-35.jpg 132 1219.13 1135.51 956.43 927.97 525.41 415.07
6914973607125_camera1-37.jpg 132 1216.39 1152.83 1016.47 905.55 399.85 494.55
6914973607125_camera1-36.jpg 132 1220.05 1144.53 979.54 928.07 481.02 432.91
6914973607125_camera1-40.jpg 132 1229.64 1165.72 1124.56 920.09 210.16 491.25
6914973607125_camera1-39.jpg 132 1222.0 1163.14 1084.91 925.45 274.18 475.38
6914973607125_camera1-3.jpg 132 1249.38 1153.07 1063.06 930.27 372.65 445.6
6914973607125_camera1-38.jpg 132 1220.44 1153.89 1045.75 906.95 349.39 493.88
6914973607125_camera1-4.jpg 132 1251.29 1155.32 1036.42 942.83 429.74 424.98
6914973607125_camera1-5.jpg 132 1258.53 1155.2 1011.59 943.73 493.88 422.95
6914973607125_camera1-6.jpg 132 1265.24 1153.31 993.03 975.78 544.42 355.06
6914973607125_camera2-11.jpg 132 1304.7 860.56 1200.04 606.84 209.32 507.44
6914973607125_camera1-8.jpg 132 1274.3 1157.83 985.32 1012.03 577.95 291.6
6914973607125_camera1-9.jpg 132 1274.93 1154.08 992.8 1036.6 564.27 234.96
6914973607125_camera1-7.jpg 132 1267.72 1149.95 985.32 985.76 564.81 328.38
6914973607125_camera2-12.jpg 132 1300.67 859.83 1172.23 600.56 256.89 518.54
6914973607125_camera2-10.jpg 132 1294.0 857.05 1187.61 594.34 212.79 525.41
6914973607125_camera2-13.jpg 132 1295.59 851.07 1139.39 595.76 312.4 510.62
6914973607125_camera2-14.jpg 132 1293.04 854.2 1107.75 599.43 370.57 509.54
6914973607125_camera2-15.jpg 132 1292.07 850.34 1074.94 612.94 434.26 474.79
6914973607125_camera2-18.jpg 132 1266.26 843.13 1020.46 684.56 491.59 317.15
6914973607125_camera2-16.jpg 132 1283.48 843.74 1045.41 621.45 476.14 444.57
6914973607125_camera2-17.jpg 132 1269.18 849.23 1026.82 655.68 484.72 387.11
6914973607125_camera2-1.jpg 132 1286.07 897.05 1031.56 782.88 509.03 228.35
6914973607125_camera2-19.jpg 132 1258.49 843.73 1003.32 697.73 510.33 291.99
6914973607125_camera2-20.jpg 132 1260.47 844.46 1004.04 749.78 512.86 189.36
6914973607125_camera2-21.jpg 132 1261.16 839.97 1001.09 725.69 520.15 228.55
6914973607125_camera2-24.jpg 132 1248.06 856.68 1006.62 653.18 482.87 407.01
6914973607125_camera2-23.jpg 132 1257.17 863.46 995.43 676.69 523.49 373.54
6914973607125_camera2-22.jpg 132 1258.54 845.21 990.58 704.67 535.91 281.09
6914973607125_camera2-25.jpg 132 1251.91 870.03 1008.58 645.12 486.66 449.83
6914973607125_camera2-28.jpg 132 1241.27 877.5 1089.57 627.74 303.41 499.52
6914973607125_camera2-27.jpg 132 1239.18 874.01 1046.55 626.56 385.27 494.9
6914973607125_camera2-30.jpg 132 1247.96 883.2 1142.74 616.19 210.45 534.01
6914973607125_camera2-26.jpg 132 1240.15 864.92 1019.48 625.86 441.34 478.12
6914973607125_camera2-29.jpg 132 1244.15 879.09 1124.82 625.63 238.66 506.92
6914973607125_camera2-31.jpg 132 1246.65 883.2 1132.22 616.19 228.86 534.01
6914973607125_camera2-2.jpg 132 1290.06 900.29 1029.63 758.24 520.86 284.1
6914973607125_camera2-32.jpg 132 1251.97 885.93 1106.17 617.98 291.6 535.91
6914973607125_camera2-33.jpg 132 1253.57 889.93 1087.06 638.58 333.01 502.69
6914973607125_camera2-34.jpg 132 1257.02 895.2 1059.89 646.74 394.25 496.92
6914973607125_camera2-37.jpg 132 1261.12 895.03 1011.21 703.0 499.81 384.06
6914973607125_camera2-39.jpg 132 1286.12 899.07 1024.73 762.46 522.78 273.21
6914973607125_camera2-36.jpg 132 1267.04 897.85 1036.31 682.98 461.46 429.74
6914973607125_camera2-3.jpg 132 1287.42 897.65 1019.1 731.93 536.64 331.45
6914973607125_camera2-35.jpg 132 1258.43 894.73 1038.4 655.68 440.05 478.1
6914973607125_camera2-5.jpg 132 1299.04 885.64 1068.63 677.9 460.82 415.49
6914973607125_camera2-40.jpg 132 1280.85 891.08 1016.47 779.28 528.75 223.6
6914973607125_camera2-6.jpg 132 1296.12 872.16 1093.35 631.1 405.55 482.12
6914973607125_camera2-4.jpg 132 1295.32 897.66 1045.41 705.63 499.81 384.06
6914973607125_camera2-38.jpg 132 1279.21 897.02 1027.71 738.23 503.0 317.58
6914973607125_camera2-7.jpg 132 1299.54 867.72 1129.87 625.89 339.35 483.66
6914973607125_camera2-8.jpg 132 1300.57 862.15 1145.37 610.93 310.41 502.44
6914973607125_camera2-9.jpg 132 1292.35 863.29 1159.17 604.39 266.35 517.81
6914973607125_camera3-11.jpg 132 1396.02 1424.85 1088.38 1350.32 615.28 149.06
6914973607125_camera3-10.jpg 132 1392.43 1423.56 1078.8 1352.15 627.27 142.82
6914973607125_camera3-16.jpg 132 1397.82 1422.45 1189.55 1303.93 416.53 237.03
6914973607125_camera3-12.jpg 132 1392.67 1424.23 1086.62 1343.36 612.1 161.75
6914973607125_camera3-13.jpg 132 1401.18 1423.03 1116.63 1326.25 569.09 193.56
6914973607125_camera3-14.jpg 132 1403.31 1424.09 1148.92 1320.48 508.77 207.21
6914973607125_camera3-17.jpg 132 1395.33 1415.36 1217.49 1292.94 355.68 244.84
6914973607125_camera3-18.jpg 132 1399.45 1413.73 1264.66 1292.42 269.58 242.62
6914973607125_camera3-15.jpg 132 1394.58 1418.37 1145.6 1304.49 497.96 227.75
6914973607125_camera3-19.jpg 132 1407.6 1406.62 1296.13 1277.41 222.93 258.43
6914973607125_camera3-20.jpg 132 1422.12 1404.45 1286.19 1281.44 271.85 246.02
6914973607125_camera3-1.jpg 132 1361.93 1437.62 1171.82 1298.65 380.22 277.93
6914973607125_camera3-21.jpg 132 1419.84 1400.36 1243.14 1280.75 353.4 239.22
6914973607125_camera3-23.jpg 132 1409.06 1398.69 1164.9 1285.78 488.31 225.82
6914973607125_camera3-24.jpg 132 1399.03 1390.49 1131.83 1289.8 534.4 201.39
6914973607125_camera3-22.jpg 132 1408.31 1402.45 1205.65 1278.92 405.31 247.05
6914973607125_camera3-25.jpg 132 1391.92 1390.06 1120.76 1290.15 542.33 199.81
6914973607125_camera3-26.jpg 132 1384.34 1392.52 1089.04 1293.12 590.6 198.8
6914973607125_camera3-29.jpg 132 1362.78 1391.07 1051.08 1319.66 623.41 142.82
6914973607125_camera3-28.jpg 132 1364.86 1391.89 1063.56 1316.57 602.59 150.65
6914973607125_camera3-27.jpg 132 1371.7 1387.32 1075.95 1304.06 591.49 166.51
6914973607125_camera3-30.jpg 132 1362.95 1401.74 1050.28 1313.24 625.34 177.01
6914973607125_camera3-33.jpg 132 1337.42 1416.83 1052.66 1301.97 569.52 229.71
6914973607125_camera3-2.jpg 132 1365.02 1433.0 1156.58 1297.58 416.89 270.84
6914973607125_camera3-31.jpg 132 1356.45 1408.85 1053.35 1316.42 606.21 184.85
6914973607125_camera3-35.jpg 132 1326.47 1421.73 1076.66 1278.63 499.61 286.2
6914973607125_camera3-32.jpg 132 1355.77 1408.28 1063.19 1304.41 585.15 207.74
6914973607125_camera3-36.jpg 132 1322.76 1425.69 1099.42 1276.8 446.67 297.78
6914973607125_camera3-38.jpg 132 1327.67 1437.56 1184.16 1291.67 287.02 291.78
6914973607125_camera3-39.jpg 132 1338.67 1436.08 1228.65 1283.05 220.03 306.05
6914973607125_camera3-34.jpg 132 1333.11 1416.93 1061.94 1291.65 542.33 250.55
6914973607125_camera3-37.jpg 132 1324.36 1430.95 1139.9 1278.75 368.92 304.4
6914973607125_camera3-3.jpg 132 1376.81 1423.97 1138.15 1295.53 477.32 256.89
6914973607125_camera3-5.jpg 132 1380.54 1427.23 1088.43 1315.21 584.22 224.04
6914973607125_camera3-4.jpg 132 1378.47 1420.78 1118.4 1305.02 520.13 231.52
6914973607125_camera3-6.jpg 132 1384.38 1423.58 1085.46 1332.4 597.83 182.36
6914973607125_camera3-40.jpg 132 1350.68 1435.16 1213.37 1282.13 274.62 306.05
6914973607125_camera3-8.jpg 132 1390.08 1422.37 1087.99 1350.22 604.18 144.3
6914973607125_camera3-7.jpg 132 1388.62 1423.22 1078.78 1336.02 619.67 174.41
6914973607125_camera3-9.jpg 132 1392.8 1425.36 1085.29 1358.51 615.01 133.7
