6924513908216_camera0-10.jpg 134 1426.66 946.36 1305.82 757.21 241.69 378.29
6924513908216_camera0-11.jpg 134 1437.37 935.81 1295.32 745.09 284.1 381.43
6924513908216_camera0-13.jpg 134 1417.53 942.98 1300.76 755.76 233.54 374.43
6924513908216_camera0-12.jpg 134 1425.56 945.73 1306.79 755.7 237.53 380.05
6924513908216_camera0-14.jpg 134 1416.19 946.53 1295.99 759.15 240.41 374.76
6924513908216_camera0-16.jpg 134 1411.73 946.84 1289.17 759.62 245.12 374.43
6924513908216_camera0-15.jpg 134 1412.38 939.75 1295.32 745.09 234.12 389.33
6924513908216_camera0-17.jpg 134 1411.38 945.25 1291.17 759.29 240.41 371.93
6924513908216_camera0-1.jpg 134 1454.95 946.21 1340.78 762.26 228.35 367.9
6924513908216_camera0-21.jpg 134 1416.62 943.67 1292.35 758.42 248.54 370.51
6924513908216_camera0-22.jpg 134 1412.11 947.78 1289.86 758.24 244.49 379.08
6924513908216_camera0-19.jpg 134 1407.12 947.64 1282.16 752.98 249.91 389.33
6924513908216_camera0-18.jpg 134 1406.82 946.98 1287.42 762.12 238.79 369.71
6924513908216_camera0-20.jpg 134 1400.54 939.75 1276.9 750.35 247.27 378.8
6924513908216_camera0-26.jpg 134 1422.36 948.76 1300.76 755.76 243.19 386.01
6924513908216_camera0-23.jpg 134 1413.4 947.58 1298.85 761.51 229.1 372.13
6924513908216_camera0-24.jpg 134 1407.12 951.59 1269.01 760.87 276.21 381.43
6924513908216_camera0-25.jpg 134 1420.56 947.66 1299.79 761.55 241.53 372.23
6924513908216_camera0-27.jpg 134 1426.85 942.38 1297.95 758.24 257.8 368.28
6924513908216_camera0-28.jpg 134 1428.55 951.82 1313.39 762.72 230.31 378.19
6924513908216_camera0-31.jpg 134 1445.73 950.15 1321.65 760.14 248.15 380.02
6924513908216_camera0-2.jpg 134 1455.79 946.33 1342.67 752.98 226.23 386.7
6924513908216_camera0-29.jpg 134 1439.65 954.11 1311.23 763.04 256.85 382.14
6924513908216_camera0-30.jpg 134 1444.91 950.0 1320.67 761.51 248.49 376.98
6924513908216_camera0-33.jpg 134 1450.45 949.84 1332.16 759.59 236.57 380.5
6924513908216_camera0-32.jpg 134 1447.94 951.21 1329.15 763.93 237.58 374.56
6924513908216_camera0-35.jpg 134 1456.12 950.97 1337.84 761.55 236.57 378.84
6924513908216_camera0-37.jpg 134 1458.45 951.47 1339.68 761.44 237.53 380.05
6924513908216_camera0-34.jpg 134 1452.18 950.6 1335.21 763.93 233.95 373.34
6924513908216_camera0-36.jpg 134 1456.26 947.34 1337.15 760.87 238.22 372.94
6924513908216_camera0-39.jpg 134 1459.2 949.44 1340.09 762.97 238.22 372.94
6924513908216_camera0-38.jpg 134 1455.83 949.39 1337.64 761.51 236.37 375.77
6924513908216_camera0-40.jpg 134 1458.41 943.7 1340.04 747.72 236.75 391.96
6924513908216_camera0-3.jpg 134 1456.88 947.85 1339.42 759.91 234.92 375.88
6924513908216_camera0-4.jpg 134 1452.5 946.93 1340.85 766.03 223.31 361.81
6924513908216_camera0-6.jpg 134 1446.57 947.64 1316.36 763.5 260.43 368.28
6924513908216_camera1-10.jpg 134 1220.11 1059.86 1100.17 870.44 239.88 378.84
6924513908216_camera0-8.jpg 134 1437.63 948.18 1318.24 762.72 238.79 370.92
6924513908216_camera0-7.jpg 134 1437.37 942.38 1311.1 752.98 252.54 378.8
6924513908216_camera0-9.jpg 134 1438.68 941.07 1321.62 752.98 234.12 376.17
6924513908216_camera0-5.jpg 134 1449.51 946.0 1332.88 758.24 233.26 375.53
6924513908216_camera1-12.jpg 134 1235.95 1067.21 1118.59 878.51 234.73 377.41
6924513908216_camera1-13.jpg 134 1243.7 1070.0 1129.15 886.36 229.1 367.28
6924513908216_camera1-11.jpg 134 1224.28 1048.92 1108.54 855.57 231.49 386.7
6924513908216_camera1-15.jpg 134 1263.4 1075.06 1142.63 888.94 241.53 372.23
6924513908216_camera1-14.jpg 134 1249.28 1071.27 1124.33 879.24 249.91 384.06
6924513908216_camera1-17.jpg 134 1274.6 1076.07 1155.81 888.79 237.58 374.56
6924513908216_camera1-16.jpg 134 1266.38 1072.59 1137.48 879.24 257.8 386.7
6924513908216_camera1-18.jpg 134 1283.62 1075.99 1166.29 890.25 234.67 371.48
6924513908216_camera1-1.jpg 134 1228.06 1018.92 1113.2 833.87 229.72 370.1
6924513908216_camera1-20.jpg 134 1291.87 1069.58 1168.23 881.99 247.28 375.18
6924513908216_camera1-21.jpg 134 1291.38 1066.02 1166.42 871.35 249.91 389.33
6924513908216_camera1-22.jpg 134 1300.06 1063.34 1183.69 874.24 232.73 378.19
6924513908216_camera1-24.jpg 134 1309.72 1053.55 1193.91 855.85 231.61 395.39
6924513908216_camera1-19.jpg 134 1289.3 1072.91 1170.27 883.41 238.06 379.01
6924513908216_camera1-23.jpg 134 1299.26 1054.18 1174.31 858.2 249.91 391.96
6924513908216_camera1-26.jpg 134 1315.27 1040.19 1196.87 845.22 236.81 389.95
6924513908216_camera1-28.jpg 134 1313.6 1027.89 1194.26 837.31 238.67 381.16
6924513908216_camera1-27.jpg 134 1315.51 1034.52 1195.57 840.96 239.88 387.11
6924513908216_camera1-25.jpg 134 1313.22 1045.84 1197.37 852.59 231.7 386.5
6924513908216_camera1-29.jpg 134 1313.09 1022.79 1195.33 830.16 235.51 385.27
6924513908216_camera1-2.jpg 134 1224.29 1016.03 1098.02 824.0 252.54 384.06
6924513908216_camera1-31.jpg 134 1299.67 1016.79 1186.94 826.78 225.46 380.02
6924513908216_camera1-32.jpg 134 1280.85 1017.35 1161.16 831.89 239.38 370.91
6924513908216_camera1-30.jpg 134 1305.94 1020.91 1189.06 829.74 233.77 382.35
6924513908216_camera1-36.jpg 134 1259.63 1011.13 1146.62 829.03 226.02 364.21
6924513908216_camera1-34.jpg 134 1276.38 1013.75 1164.56 829.01 223.64 369.49
6924513908216_camera1-33.jpg 134 1279.53 1006.83 1169.05 821.37 220.97 370.91
6924513908216_camera1-35.jpg 134 1266.12 1013.03 1149.75 829.39 232.73 367.28
6924513908216_camera1-39.jpg 134 1245.34 1017.35 1126.96 826.63 236.75 381.43
6924513908216_camera1-38.jpg 134 1245.08 1013.25 1128.8 826.78 232.55 372.93
6924513908216_camera1-37.jpg 134 1249.29 1010.77 1121.7 818.74 255.17 384.06
6924513908216_camera1-6.jpg 134 1212.95 1040.13 1094.51 855.71 236.89 368.84
6924513908216_camera1-4.jpg 134 1216.24 1035.35 1102.92 847.58 226.64 375.53
6924513908216_camera1-3.jpg 134 1222.94 1027.09 1113.42 844.17 219.03 365.83
6924513908216_camera1-40.jpg 134 1234.78 1017.27 1120.49 832.85 228.58 368.84
6924513908216_camera1-7.jpg 134 1214.13 1046.3 1095.1 858.36 238.06 375.88
6924513908216_camera1-5.jpg 134 1213.77 1037.83 1097.96 850.89 231.61 373.88
6924513908216_camera2-10.jpg 134 1295.96 890.17 1192.58 782.87 206.76 214.61
6924513908216_camera1-9.jpg 134 1214.59 1055.78 1093.35 867.9 242.48 375.77
6924513908216_camera1-8.jpg 134 1215.19 1050.08 1098.3 867.26 233.79 365.63
6924513908216_camera2-11.jpg 134 1298.7 883.41 1192.2 770.65 213.0 225.53
6924513908216_camera2-12.jpg 134 1302.51 881.38 1199.7 772.9 205.61 216.95
6924513908216_camera2-13.jpg 134 1303.31 876.22 1204.87 768.45 196.89 215.53
6924513908216_camera2-15.jpg 134 1312.43 860.44 1208.24 747.46 208.39 225.95
6924513908216_camera2-17.jpg 134 1313.86 845.92 1207.15 730.12 213.41 231.61
6924513908216_camera2-14.jpg 134 1308.84 867.88 1208.69 756.61 200.29 222.55
6924513908216_camera2-16.jpg 134 1315.04 847.67 1200.61 734.56 228.86 226.23
6924513908216_camera2-18.jpg 134 1314.59 840.76 1208.6 726.26 211.99 229.0
6924513908216_camera2-1.jpg 134 1232.31 881.37 1127.38 775.73 209.86 211.28
6924513908216_camera2-22.jpg 134 1299.26 824.0 1182.2 708.26 234.12 231.49
6924513908216_camera2-21.jpg 134 1303.1 825.24 1195.57 708.61 215.06 233.26
6924513908216_camera2-19.jpg 134 1313.17 835.77 1205.41 721.33 215.52 228.87
6924513908216_camera2-20.jpg 134 1308.48 830.58 1205.88 713.52 205.19 234.12
6924513908216_camera2-23.jpg 134 1288.38 822.3 1183.67 708.39 209.42 227.83
6924513908216_camera2-24.jpg 134 1277.46 819.46 1169.1 705.31 216.72 228.3
6924513908216_camera2-26.jpg 134 1263.75 810.85 1150.63 684.58 226.23 252.54
6924513908216_camera2-27.jpg 134 1256.35 812.09 1149.1 697.59 214.5 229.0
6924513908216_camera2-28.jpg 134 1250.14 814.01 1144.81 702.7 210.67 222.62
6924513908216_camera2-25.jpg 134 1272.02 814.73 1164.25 700.58 215.54 228.3
6924513908216_camera2-2.jpg 134 1237.44 888.45 1129.59 781.91 215.71 213.08
6924513908216_camera2-31.jpg 134 1235.86 825.37 1128.8 710.51 214.12 229.72
6924513908216_camera2-29.jpg 134 1244.86 815.82 1138.21 701.97 213.3 227.69
6924513908216_camera2-32.jpg 134 1237.44 829.26 1126.96 716.15 220.97 226.23
6924513908216_camera2-30.jpg 134 1239.3 817.46 1130.52 702.6 217.56 229.72
6924513908216_camera2-33.jpg 134 1228.24 837.15 1116.44 724.04 223.6 226.23
6924513908216_camera2-35.jpg 134 1225.54 848.61 1115.46 741.21 220.16 214.79
6924513908216_camera2-34.jpg 134 1227.44 842.39 1124.53 733.31 205.82 218.16
6924513908216_camera2-36.jpg 134 1220.34 856.89 1108.54 745.09 223.6 223.6
6924513908216_camera2-37.jpg 134 1221.67 860.11 1113.2 753.05 216.95 214.12
6924513908216_camera2-39.jpg 134 1220.34 870.04 1111.17 758.24 218.34 223.6
6924513908216_camera2-38.jpg 134 1219.88 866.55 1111.68 760.57 216.41 211.95
6924513908216_camera2-3.jpg 134 1247.21 891.3 1144.4 785.66 205.61 211.28
6924513908216_camera2-4.jpg 134 1255.95 893.9 1150.9 786.37 210.1 215.06
6924513908216_camera2-7.jpg 134 1278.66 899.63 1168.2 788.02 220.92 223.22
6924513908216_camera2-40.jpg 134 1225.62 876.84 1122.26 773.98 206.71 205.71
6924513908216_camera2-6.jpg 134 1271.66 897.21 1162.48 789.68 218.37 215.06
6924513908216_camera2-5.jpg 134 1265.18 896.77 1161.61 793.2 207.14 207.14
6924513908216_camera2-9.jpg 134 1291.7 898.83 1184.69 787.22 214.02 223.22
6924513908216_camera3-11.jpg 134 1348.87 1295.33 1231.89 1089.87 233.95 410.92
6924513908216_camera3-10.jpg 134 1341.15 1295.9 1220.38 1089.11 241.53 413.58
6924513908216_camera3-12.jpg 134 1355.82 1297.51 1232.18 1089.69 247.27 415.63
6924513908216_camera2-8.jpg 134 1284.72 896.69 1180.9 792.51 207.63 208.36
6924513908216_camera3-13.jpg 134 1365.61 1296.85 1242.24 1091.95 246.73 409.8
6924513908216_camera3-14.jpg 134 1369.82 1301.67 1248.2 1094.49 243.24 414.36
6924513908216_camera3-18.jpg 134 1399.98 1300.2 1273.9 1091.9 252.15 416.6
6924513908216_camera3-16.jpg 134 1388.88 1298.66 1266.22 1093.76 245.31 409.8
6924513908216_camera3-17.jpg 134 1393.97 1297.51 1266.38 1084.43 255.17 426.15
6924513908216_camera3-15.jpg 134 1379.63 1299.52 1260.21 1097.38 238.84 404.27
6924513908216_camera3-19.jpg 134 1404.4 1297.36 1284.68 1092.56 239.44 409.6
6924513908216_camera3-21.jpg 134 1416.36 1290.39 1296.36 1085.54 240.01 409.71
6924513908216_camera3-1.jpg 134 1341.31 1275.02 1227.16 1075.79 228.3 398.46
6924513908216_camera3-22.jpg 134 1420.63 1290.46 1301.16 1086.41 238.95 408.09
6924513908216_camera3-23.jpg 134 1424.66 1287.23 1304.33 1082.43 240.66 409.6
6924513908216_camera3-20.jpg 134 1411.02 1293.3 1293.44 1089.66 235.16 407.28
6924513908216_camera3-25.jpg 134 1422.9 1284.36 1300.58 1076.54 244.64 415.63
6924513908216_camera3-26.jpg 134 1425.84 1283.04 1305.07 1082.87 241.53 400.35
6924513908216_camera3-24.jpg 134 1427.49 1287.06 1308.39 1085.23 238.19 403.65
6924513908216_camera3-28.jpg 134 1417.63 1272.52 1292.68 1068.65 249.91 407.74
6924513908216_camera3-27.jpg 134 1427.95 1281.8 1305.79 1076.63 244.32 410.33
6924513908216_camera3-30.jpg 134 1413.27 1272.71 1295.58 1073.48 235.39 398.46
6924513908216_camera3-2.jpg 134 1337.41 1281.72 1208.51 1076.54 257.8 410.37
6924513908216_camera3-32.jpg 134 1396.47 1273.09 1283.22 1076.72 226.5 392.74
6924513908216_camera3-29.jpg 134 1411.05 1272.51 1290.05 1058.12 242.01 428.78
6924513908216_camera3-31.jpg 134 1404.3 1271.01 1291.57 1072.49 225.46 397.04
6924513908216_camera3-34.jpg 134 1379.52 1269.17 1261.34 1072.8 236.37 392.74
6924513908216_camera3-33.jpg 134 1386.07 1265.94 1261.12 1060.76 249.91 410.37
6924513908216_camera3-36.jpg 134 1369.26 1269.86 1249.79 1071.18 238.95 397.36
6924513908216_camera3-38.jpg 134 1352.49 1271.54 1234.05 1075.17 236.89 392.74
6924513908216_camera3-39.jpg 134 1350.56 1275.15 1221.66 1071.28 257.8 407.74
6924513908216_camera3-35.jpg 134 1374.24 1260.67 1253.23 1058.12 242.01 405.11
6924513908216_camera3-37.jpg 134 1359.94 1269.91 1243.66 1072.1 232.55 395.62
6924513908216_camera3-5.jpg 134 1326.69 1282.51 1211.84 1083.38 229.71 398.25
6924513908216_camera3-4.jpg 134 1328.1 1282.72 1211.73 1080.89 232.73 403.65
6924513908216_camera3-3.jpg 134 1333.92 1279.05 1217.13 1077.68 233.58 402.73
6924513908216_camera3-40.jpg 134 1337.4 1268.56 1219.03 1058.12 236.75 420.89
6924513908216_camera3-6.jpg 134 1323.27 1286.38 1200.55 1080.34 245.44 412.07
6924513908216_camera3-7.jpg 134 1327.25 1288.05 1206.72 1085.44 241.05 405.21
6924513908216_camera3-9.jpg 134 1334.78 1286.99 1211.14 1073.91 247.27 426.15
6924513908216_camera3-8.jpg 134 1326.88 1289.62 1190.09 1079.17 273.58 420.89
