6924513908155_camera0-10.jpg 135 1393.78 1127.31 1277.62 938.74 232.32 377.13
6924513908155_camera0-11.jpg 135 1396.46 1127.11 1279.78 940.1 233.36 374.01
6924513908155_camera0-12.jpg 135 1397.32 1129.17 1283.82 944.32 226.99 369.71
6924513908155_camera0-13.jpg 135 1395.48 1126.03 1276.69 935.82 237.58 380.41
6924513908155_camera0-17.jpg 135 1405.8 1129.37 1294.54 944.12 222.52 370.49
6924513908155_camera0-14.jpg 135 1399.03 1126.61 1282.66 939.33 232.73 374.56
6924513908155_camera0-16.jpg 135 1401.77 1127.2 1284.05 941.24 235.45 371.92
6924513908155_camera0-15.jpg 135 1402.02 1128.36 1287.16 942.14 229.71 372.43
6924513908155_camera0-20.jpg 135 1404.15 1130.67 1285.71 944.1 236.89 373.15
6924513908155_camera0-21.jpg 135 1407.61 1128.26 1289.74 942.52 235.74 371.48
6924513908155_camera0-18.jpg 135 1406.76 1126.4 1295.41 942.16 222.69 368.49
6924513908155_camera0-22.jpg 135 1407.56 1127.23 1288.22 941.1 238.67 372.26
6924513908155_camera0-1.jpg 135 1406.44 1127.98 1285.07 941.5 242.74 372.96
6924513908155_camera0-23.jpg 135 1407.4 1128.99 1284.8 940.42 245.2 377.15
6924513908155_camera0-19.jpg 135 1407.83 1126.97 1294.98 941.73 225.69 370.49
6924513908155_camera0-27.jpg 135 1415.5 1126.55 1302.25 938.49 226.5 376.11
6924513908155_camera0-28.jpg 135 1417.25 1125.67 1306.9 941.93 220.69 367.49
6924513908155_camera0-24.jpg 135 1409.02 1126.97 1288.41 942.72 241.22 368.5
6924513908155_camera0-30.jpg 135 1419.99 1126.46 1302.07 939.96 235.85 373.0
6924513908155_camera0-25.jpg 135 1408.51 1127.79 1288.9 941.57 239.22 372.43
6924513908155_camera0-2.jpg 135 1405.02 1124.56 1281.9 940.66 246.24 367.8
6924513908155_camera0-29.jpg 135 1420.77 1126.94 1307.17 942.86 227.19 368.16
6924513908155_camera0-26.jpg 135 1410.45 1124.63 1292.01 939.4 236.89 370.47
6924513908155_camera0-32.jpg 135 1416.03 1126.02 1300.69 943.69 230.68 364.66
6924513908155_camera0-33.jpg 135 1416.0 1126.53 1300.66 944.2 230.68 364.66
6924513908155_camera0-31.jpg 135 1420.61 1127.09 1303.52 943.59 234.18 366.99
6924513908155_camera0-39.jpg 135 1409.73 1126.51 1295.39 945.26 228.68 362.5
6924513908155_camera0-36.jpg 135 1408.35 1125.41 1298.83 943.08 219.03 364.66
6924513908155_camera0-34.jpg 135 1414.8 1126.36 1296.56 941.96 236.49 368.8
6924513908155_camera0-38.jpg 135 1408.54 1126.2 1297.69 943.96 221.69 364.49
6924513908155_camera0-35.jpg 135 1411.55 1127.63 1298.73 944.82 225.63 365.63
6924513908155_camera0-37.jpg 135 1408.99 1127.14 1299.14 944.9 219.7 364.49
6924513908155_camera0-3.jpg 135 1407.98 1127.89 1284.01 939.85 247.95 376.09
6924513908155_camera0-7.jpg 135 1394.87 1127.12 1283.61 941.88 222.52 370.49
6924513908155_camera0-9.jpg 135 1392.82 1125.69 1276.41 943.64 232.82 364.11
6924513908155_camera0-5.jpg 135 1401.95 1127.24 1277.37 941.28 249.16 371.92
6924513908155_camera1-12.jpg 135 1253.34 1049.49 1137.42 865.41 231.84 368.16
6924513908155_camera0-4.jpg 135 1407.49 1128.9 1284.58 942.49 245.83 372.82
6924513908155_camera0-40.jpg 135 1408.26 1128.59 1287.41 943.67 241.7 369.84
6924513908155_camera1-11.jpg 135 1251.36 1046.55 1135.82 863.06 231.07 366.99
6924513908155_camera0-8.jpg 135 1394.25 1127.15 1276.79 939.39 234.92 375.53
6924513908155_camera1-14.jpg 135 1255.47 1050.25 1141.88 866.17 227.18 368.16
6924513908155_camera1-13.jpg 135 1252.77 1049.19 1137.96 864.77 229.62 368.84
6924513908155_camera1-15.jpg 135 1260.2 1051.63 1148.94 866.39 222.52 370.49
6924513908155_camera1-17.jpg 135 1264.76 1050.02 1152.55 865.68 224.42 368.69
6924513908155_camera0-6.jpg 135 1398.24 1126.1 1279.98 940.85 236.51 370.49
6924513908155_camera1-18.jpg 135 1263.71 1051.78 1151.12 865.53 225.19 372.51
6924513908155_camera1-10.jpg 135 1251.16 1046.82 1133.99 863.23 234.35 367.17
6924513908155_camera1-16.jpg 135 1262.55 1051.46 1151.7 867.43 221.69 368.06
6924513908155_camera1-19.jpg 135 1264.01 1051.14 1147.56 866.19 232.9 369.9
6924513908155_camera1-1.jpg 135 1266.62 1030.59 1148.95 840.68 235.34 379.81
6924513908155_camera1-20.jpg 135 1263.42 1050.94 1147.01 865.83 232.82 370.22
6924513908155_camera1-21.jpg 135 1261.95 1049.35 1144.39 862.77 235.11 373.15
6924513908155_camera1-24.jpg 135 1264.62 1046.45 1144.62 861.21 240.0 370.49
6924513908155_camera1-22.jpg 135 1263.8 1045.66 1142.24 861.32 243.12 368.69
6924513908155_camera1-23.jpg 135 1263.32 1047.29 1143.9 861.46 238.84 371.65
6924513908155_camera1-28.jpg 135 1278.01 1041.13 1162.68 857.68 230.66 366.91
6924513908155_camera1-26.jpg 135 1271.5 1045.51 1159.37 860.66 224.27 369.71
6924513908155_camera1-30.jpg 135 1278.02 1039.9 1163.68 856.16 228.68 367.49
6924513908155_camera1-29.jpg 135 1279.7 1040.03 1164.36 856.54 230.68 366.99
6924513908155_camera1-31.jpg 135 1276.26 1039.16 1161.5 853.92 229.52 370.49
6924513908155_camera1-25.jpg 135 1268.03 1047.19 1152.7 863.29 230.66 367.8
6924513908155_camera1-27.jpg 135 1275.3 1042.82 1161.01 857.36 228.58 370.92
6924513908155_camera1-2.jpg 135 1267.41 1031.53 1149.08 841.79 236.67 379.47
6924513908155_camera1-32.jpg 135 1274.3 1037.47 1159.03 853.51 230.53 367.93
6924513908155_camera1-33.jpg 135 1274.2 1037.62 1161.22 854.02 225.97 367.21
6924513908155_camera1-36.jpg 135 1264.34 1033.74 1149.79 847.07 229.1 373.34
6924513908155_camera1-34.jpg 135 1271.08 1036.74 1157.0 851.82 228.15 369.84
6924513908155_camera1-35.jpg 135 1267.15 1036.49 1158.22 850.67 217.86 371.65
6924513908155_camera1-38.jpg 135 1268.54 1031.92 1155.19 843.18 226.69 377.48
6924513908155_camera1-6.jpg 135 1256.41 1039.22 1147.06 853.98 218.7 370.49
6924513908155_camera1-37.jpg 135 1268.91 1032.93 1156.49 844.78 224.85 376.31
6924513908155_camera1-4.jpg 135 1264.28 1033.42 1147.78 845.27 233.01 376.31
6924513908155_camera1-7.jpg 135 1252.56 1038.94 1140.35 852.81 224.42 372.26
6924513908155_camera1-3.jpg 135 1266.12 1031.3 1149.28 841.56 233.68 379.47
6924513908155_camera1-40.jpg 135 1263.51 1031.25 1147.14 839.04 232.73 384.43
6924513908155_camera1-5.jpg 135 1258.93 1037.4 1146.37 849.95 225.12 374.91
6924513908155_camera1-9.jpg 135 1248.11 1044.81 1135.38 856.75 225.46 376.11
6924513908155_camera1-8.jpg 135 1249.64 1044.36 1135.35 860.98 228.58 366.76
6924513908155_camera1-39.jpg 135 1267.91 1030.15 1149.99 841.06 235.85 378.19
6924513908155_camera2-10.jpg 135 1266.2 864.71 1159.33 757.84 213.74 213.74
6924513908155_camera2-13.jpg 135 1264.76 861.38 1153.29 753.03 222.95 216.69
6924513908155_camera2-11.jpg 135 1266.22 860.51 1156.68 753.64 219.08 213.74
6924513908155_camera2-14.jpg 135 1269.43 858.83 1161.89 753.81 215.07 210.04
6924513908155_camera2-19.jpg 135 1278.02 852.88 1171.15 746.46 213.74 212.84
6924513908155_camera2-15.jpg 135 1271.62 855.31 1166.91 753.75 209.41 203.12
6924513908155_camera2-12.jpg 135 1266.3 862.01 1154.31 753.14 223.99 217.74
6924513908155_camera2-18.jpg 135 1280.27 856.46 1176.08 745.58 208.39 221.75
6924513908155_camera2-17.jpg 135 1281.2 849.67 1182.52 749.53 197.36 200.29
6924513908155_camera2-1.jpg 135 1254.51 853.63 1148.54 739.34 211.95 228.58
6924513908155_camera2-16.jpg 135 1274.4 860.46 1169.32 752.7 210.17 215.52
6924513908155_camera2-27.jpg 135 1266.62 846.59 1165.97 734.84 201.3 223.5
6924513908155_camera2-23.jpg 135 1276.45 850.53 1172.63 744.05 207.63 212.97
6924513908155_camera2-24.jpg 135 1274.44 848.09 1172.09 740.6 204.7 214.97
6924513908155_camera2-29.jpg 135 1270.26 841.55 1163.55 726.35 213.42 230.39
6924513908155_camera2-25.jpg 135 1269.58 848.43 1167.24 740.38 204.68 216.11
6924513908155_camera2-26.jpg 135 1266.63 842.64 1166.49 739.07 200.29 207.14
6924513908155_camera2-22.jpg 135 1278.48 853.63 1172.76 741.04 211.45 225.19
6924513908155_camera2-20.jpg 135 1281.24 854.23 1175.95 745.75 210.57 216.95
6924513908155_camera2-21.jpg 135 1279.46 851.36 1174.91 743.63 209.1 215.46
6924513908155_camera2-30.jpg 135 1269.24 836.64 1163.95 728.06 210.57 217.17
6924513908155_camera2-28.jpg 135 1268.62 841.31 1166.65 727.77 203.94 227.09
6924513908155_camera2-2.jpg 135 1254.65 855.21 1146.6 737.79 216.1 234.85
6924513908155_camera2-34.jpg 135 1267.69 842.21 1161.67 737.66 212.03 209.1
6924513908155_camera2-31.jpg 135 1271.3 839.98 1162.2 725.99 218.19 227.98
6924513908155_camera2-39.jpg 135 1255.0 849.39 1150.45 743.74 209.1 211.3
6924513908155_camera2-35.jpg 135 1263.27 850.66 1158.63 739.34 209.28 222.64
6924513908155_camera2-36.jpg 135 1259.0 853.16 1156.09 743.51 205.82 219.31
6924513908155_camera2-33.jpg 135 1270.34 841.34 1162.49 733.85 215.7 214.97
6924513908155_camera2-32.jpg 135 1269.57 844.82 1159.65 731.84 219.84 225.95
6924513908155_camera2-38.jpg 135 1254.78 850.73 1152.49 747.16 204.57 207.14
6924513908155_camera2-37.jpg 135 1255.82 855.0 1154.0 746.36 203.64 217.28
6924513908155_camera2-5.jpg 135 1261.27 861.94 1157.89 751.81 206.76 220.27
6924513908155_camera2-8.jpg 135 1266.57 865.0 1164.07 759.03 205.01 211.93
6924513908155_camera2-3.jpg 135 1256.6 857.78 1149.58 740.38 214.03 234.81
6924513908155_camera2-4.jpg 135 1259.47 852.57 1156.33 744.72 206.29 215.7
6924513908155_camera2-6.jpg 135 1264.78 861.91 1166.37 757.2 196.83 209.41
6924513908155_camera2-9.jpg 135 1265.49 863.58 1159.52 757.16 211.95 212.84
6924513908155_camera2-40.jpg 135 1255.32 848.88 1151.14 740.29 208.36 217.17
6924513908155_camera2-7.jpg 135 1267.56 867.49 1169.41 762.47 196.29 210.03
6924513908155_camera3-11.jpg 135 1365.65 1286.89 1248.81 1087.17 233.68 399.45
6924513908155_camera3-12.jpg 135 1368.61 1286.24 1249.82 1082.6 237.58 407.28
6924513908155_camera3-10.jpg 135 1366.44 1287.31 1245.59 1085.2 241.7 404.22
6924513908155_camera3-13.jpg 135 1372.93 1286.3 1255.53 1087.34 234.81 397.93
6924513908155_camera3-15.jpg 135 1375.11 1287.28 1260.22 1086.14 229.77 402.28
6924513908155_camera3-14.jpg 135 1375.92 1286.1 1263.5 1085.13 224.85 401.94
6924513908155_camera3-16.jpg 135 1378.25 1288.66 1263.7 1088.05 229.1 401.22
6924513908155_camera3-18.jpg 135 1374.24 1288.26 1257.35 1088.45 233.79 399.61
6924513908155_camera3-17.jpg 135 1376.32 1288.38 1259.78 1087.46 233.07 401.84
6924513908155_camera3-19.jpg 135 1378.57 1287.03 1262.16 1087.16 232.82 399.73
6924513908155_camera3-1.jpg 135 1377.7 1281.86 1252.16 1077.66 251.07 408.39
6924513908155_camera3-22.jpg 135 1377.3 1286.9 1252.64 1088.84 249.32 396.12
6924513908155_camera3-20.jpg 135 1377.52 1287.27 1256.31 1083.63 242.43 407.28
6924513908155_camera3-21.jpg 135 1376.28 1286.91 1254.63 1088.47 243.3 396.89
6924513908155_camera3-23.jpg 135 1378.5 1283.96 1257.46 1081.36 242.08 405.21
6924513908155_camera3-24.jpg 135 1382.21 1285.52 1263.44 1084.6 237.53 401.84
6924513908155_camera3-29.jpg 135 1388.95 1282.28 1271.12 1084.06 235.67 396.45
6924513908155_camera3-26.jpg 135 1390.33 1284.79 1272.77 1084.86 235.11 399.86
6924513908155_camera3-2.jpg 135 1376.56 1281.75 1252.59 1078.16 247.95 407.17
6924513908155_camera3-34.jpg 135 1380.32 1278.44 1264.99 1080.51 230.66 395.86
6924513908155_camera3-28.jpg 135 1391.2 1282.73 1274.86 1084.01 232.68 397.45
6924513908155_camera3-25.jpg 135 1386.63 1283.27 1272.34 1082.22 228.58 402.09
6924513908155_camera3-27.jpg 135 1393.68 1283.16 1275.79 1079.58 235.79 407.17
6924513908155_camera3-33.jpg 135 1384.18 1279.12 1270.19 1079.63 227.98 398.97
6924513908155_camera3-31.jpg 135 1388.69 1280.46 1272.35 1083.74 232.68 393.45
6924513908155_camera3-36.jpg 135 1377.02 1278.9 1260.36 1079.86 233.33 398.08
6924513908155_camera3-30.jpg 135 1389.34 1284.14 1274.0 1085.5 230.68 397.28
6924513908155_camera3-4.jpg 135 1369.22 1282.8 1253.0 1081.09 232.44 403.43
6924513908155_camera3-38.jpg 135 1382.1 1279.1 1264.43 1078.71 235.34 400.78
6924513908155_camera3-39.jpg 135 1373.72 1279.04 1257.05 1072.57 233.34 412.94
6924513908155_camera3-3.jpg 135 1375.66 1279.79 1257.4 1078.82 236.51 401.94
6924513908155_camera3-35.jpg 135 1375.86 1279.98 1263.65 1079.45 224.42 401.05
6924513908155_camera3-8.jpg 135 1365.08 1285.49 1250.32 1085.68 229.52 399.61
6924513908155_camera3-37.jpg 135 1380.11 1280.32 1266.61 1079.84 226.99 400.97
6924513908155_camera3-7.jpg 135 1363.59 1284.56 1246.7 1081.43 233.77 406.25
6924513908155_camera3-32.jpg 135 1387.23 1282.05 1271.89 1085.15 230.68 393.79
6924513908155_camera3-40.jpg 135 1380.27 1280.37 1261.83 1078.65 236.89 403.43
6924513908155_camera3-6.jpg 135 1369.04 1283.76 1253.92 1081.65 230.24 404.22
6924513908155_camera3-9.jpg 135 1364.16 1284.7 1244.68 1085.21 238.97 398.97
6924513908155_camera3-5.jpg 135 1367.05 1284.32 1251.72 1084.31 230.66 400.01
