6954432710218-back_camera0-10.jpg 136 1407.12 1089.69 1216.4 1034.45 381.43 110.48
6954432710218-back_camera0-12.jpg 136 1426.66 1093.47 1232.26 1043.56 388.8 99.83
6954432710218-back_camera0-11.jpg 136 1414.15 1091.33 1238.93 1044.55 350.45 93.56
6954432710218-back_camera0-13.jpg 136 1423.47 1093.84 1223.07 1039.8 400.81 108.08
6954432710218-back_camera0-15.jpg 136 1422.18 1095.54 1221.46 1048.61 401.44 93.87
6954432710218-back_camera0-17.jpg 136 1424.04 1093.47 1227.01 1030.42 394.05 126.1
6954432710218-back_camera0-16.jpg 136 1421.59 1089.69 1211.14 1026.56 420.89 126.27
6954432710218-back_camera0-18.jpg 136 1425.24 1098.35 1240.92 1039.48 368.64 117.73
6954432710218-back_camera0-19.jpg 136 1423.55 1092.49 1261.01 1038.58 325.08 107.83
6954432710218-back_camera0-20.jpg 136 1427.17 1095.45 1281.45 1037.55 291.44 115.8
6954432710218-back_camera0-21.jpg 136 1438.76 1095.73 1312.35 1042.04 252.82 107.38
6954432710218-back_camera0-1.jpg 136 1424.65 1090.03 1297.85 1033.39 253.61 113.28
6954432710218-back_camera0-25.jpg 136 1449.2 1094.95 1242.7 1026.56 413.0 136.79
6954432710218-back_camera0-24.jpg 136 1448.24 1094.97 1261.35 1030.8 373.79 128.35
6954432710218-back_camera0-29.jpg 136 1444.78 1092.67 1254.29 1040.83 380.97 103.69
6954432710218-back_camera0-22.jpg 136 1440.0 1092.33 1276.9 1026.56 326.19 131.53
6954432710218-back_camera0-26.jpg 136 1449.37 1093.52 1248.64 1031.76 401.45 123.52
6954432710218-back_camera0-23.jpg 136 1449.4 1096.07 1283.69 1039.77 331.42 112.59
6954432710218-back_camera0-27.jpg 136 1445.73 1097.62 1239.41 1039.48 412.64 116.28
6954432710218-back_camera0-2.jpg 136 1427.58 1089.56 1287.77 1036.63 279.61 105.85
6954432710218-back_camera0-28.jpg 136 1446.61 1094.19 1245.37 1040.12 402.47 108.15
6954432710218-back_camera0-30.jpg 136 1433.41 1087.07 1242.7 1016.04 381.43 142.05
6954432710218-back_camera0-31.jpg 136 1448.61 1089.72 1275.76 1039.77 345.7 99.9
6954432710218-back_camera0-32.jpg 136 1451.99 1089.94 1265.05 1037.83 373.88 104.22
6954432710218-back_camera0-33.jpg 136 1443.94 1084.43 1247.96 1023.93 391.96 121.01
6954432710218-back_camera0-34.jpg 136 1446.23 1089.72 1250.39 1041.36 391.68 96.73
6954432710218-back_camera0-35.jpg 136 1438.76 1093.25 1235.27 1036.17 406.97 114.15
6954432710218-back_camera0-36.jpg 136 1433.42 1091.01 1229.55 1029.19 407.74 123.64
6954432710218-back_camera0-40.jpg 136 1416.53 1090.89 1269.58 1031.72 293.91 118.35
6954432710218-back_camera0-38.jpg 136 1429.01 1090.26 1252.99 1032.38 352.04 115.76
6954432710218-back_camera0-37.jpg 136 1434.89 1094.49 1238.99 1033.69 391.8 121.59
6954432710218-back_camera0-5.jpg 136 1421.59 1091.01 1221.66 1023.93 399.85 134.16
6954432710218-back_camera0-3.jpg 136 1426.53 1090.97 1267.5 1037.96 318.06 106.02
6954432710218-back_camera0-39.jpg 136 1422.21 1091.6 1260.09 1031.21 324.25 120.77
6954432710218-back_camera0-4.jpg 136 1423.38 1089.65 1242.96 1033.86 360.85 111.59
6954432710218-back_camera0-6.jpg 136 1416.93 1092.51 1222.68 1040.18 388.51 104.66
6954432710218-back_camera0-8.jpg 136 1410.77 1090.62 1206.18 1033.69 409.17 113.87
6954432710218-back_camera0-9.jpg 136 1409.75 1085.75 1208.51 1023.93 402.48 123.64
6954432710218-back_camera1-10.jpg 136 1267.83 1134.12 1107.67 1033.43 320.32 201.39
6954432710218-back_camera1-11.jpg 136 1271.49 1135.5 1105.98 1030.8 331.01 209.41
6954432710218-back_camera1-12.jpg 136 1266.38 1135.73 1090.13 1016.04 352.5 239.38
6954432710218-back_camera1-14.jpg 136 1259.67 1138.45 1077.44 997.85 364.46 281.21
6954432710218-back_camera1-13.jpg 136 1267.94 1140.81 1086.52 1010.53 362.85 260.56
6954432710218-back_camera1-16.jpg 136 1257.17 1135.73 1069.09 979.21 376.17 313.04
6954432710218-back_camera1-15.jpg 136 1260.42 1137.36 1075.0 990.4 370.84 293.91
6954432710218-back_camera1-17.jpg 136 1255.15 1141.13 1084.02 990.35 342.26 301.56
6954432710218-back_camera1-1.jpg 136 1275.59 1150.19 1137.48 997.62 276.21 305.15
6954432710218-back_camera1-18.jpg 136 1253.47 1141.13 1092.47 985.76 322.0 310.74
6954432710218-back_camera1-19.jpg 136 1251.42 1140.87 1110.29 999.73 282.27 282.27
6954432710218-back_camera1-22.jpg 136 1265.07 1138.36 1124.33 989.73 281.47 297.26
6954432710218-back_camera1-20.jpg 136 1251.83 1136.36 1126.98 999.43 249.69 273.85
6954432710218-back_camera1-21.jpg 136 1259.54 1140.84 1143.33 1009.67 232.43 262.33
6954432710218-back_camera1-23.jpg 136 1258.29 1143.7 1098.1 991.23 320.39 304.95
6954432710218-back_camera1-25.jpg 136 1249.27 1142.31 1063.82 979.21 370.91 326.19
6954432710218-back_camera1-24.jpg 136 1258.05 1144.05 1089.96 990.23 336.18 307.64
6954432710218-back_camera1-27.jpg 136 1246.65 1143.62 1050.67 997.62 391.96 291.99
6954432710218-back_camera1-26.jpg 136 1257.33 1147.57 1069.15 991.23 376.36 312.67
6954432710218-back_camera1-2.jpg 136 1274.26 1144.76 1134.26 999.32 280.0 290.87
6954432710218-back_camera1-29.jpg 136 1250.6 1140.98 1069.09 1010.77 363.02 260.43
6954432710218-back_camera1-32.jpg 136 1262.66 1147.31 1085.98 1027.26 353.36 240.09
6954432710218-back_camera1-31.jpg 136 1266.98 1148.53 1101.96 1037.55 330.04 221.96
6954432710218-back_camera1-28.jpg 136 1253.57 1143.64 1072.79 1012.82 361.55 261.65
6954432710218-back_camera1-34.jpg 136 1263.12 1150.46 1073.01 1002.81 380.22 295.3
6954432710218-back_camera1-30.jpg 136 1252.49 1146.23 1090.74 1042.25 323.5 207.96
6954432710218-back_camera1-33.jpg 136 1259.8 1146.24 1066.45 1008.14 386.7 276.21
6954432710218-back_camera1-35.jpg 136 1265.79 1151.72 1078.23 997.54 375.11 308.37
6954432710218-back_camera1-36.jpg 136 1266.01 1154.32 1078.8 995.09 374.43 318.46
6954432710218-back_camera1-37.jpg 136 1261.38 1152.82 1090.8 995.83 341.17 313.98
6954432710218-back_camera1-38.jpg 136 1257.17 1156.78 1087.5 984.47 339.35 344.61
6954432710218-back_camera1-39.jpg 136 1262.44 1146.26 1119.43 1002.26 286.02 287.99
6954432710218-back_camera1-3.jpg 136 1276.63 1142.05 1116.16 986.54 320.94 311.02
6954432710218-back_camera1-40.jpg 136 1268.11 1142.71 1156.31 1014.27 223.59 256.89
6954432710218-back_camera1-4.jpg 136 1271.64 1138.36 1098.02 979.21 347.24 318.3
6954432710218-back_camera1-6.jpg 136 1272.77 1141.78 1084.59 987.37 376.36 308.81
6954432710218-back_camera2-12.jpg 136 1264.57 865.84 1146.32 712.93 236.51 305.83
6954432710218-back_camera1-5.jpg 136 1274.27 1140.99 1090.13 981.84 368.28 318.3
6954432710218-back_camera1-9.jpg 136 1268.11 1136.62 1090.22 1010.53 355.77 252.19
6954432710218-back_camera2-10.jpg 136 1265.53 863.1 1157.7 720.38 215.66 285.44
6954432710218-back_camera2-11.jpg 136 1266.01 864.81 1161.79 719.09 208.45 291.44
6954432710218-back_camera1-8.jpg 136 1270.69 1139.52 1091.86 1008.45 357.67 262.14
6954432710218-back_camera1-7.jpg 136 1269.23 1143.38 1078.96 994.77 380.54 297.23
6954432710218-back_camera2-14.jpg 136 1264.76 867.16 1109.45 697.23 310.62 339.86
6954432710218-back_camera2-16.jpg 136 1264.66 871.68 1101.33 711.52 326.67 320.32
6954432710218-back_camera2-15.jpg 136 1263.75 872.66 1095.39 697.73 336.71 349.87
6954432710218-back_camera2-13.jpg 136 1268.91 869.63 1125.12 703.65 287.58 331.97
6954432710218-back_camera2-18.jpg 136 1264.78 872.14 1105.75 729.42 318.06 285.44
6954432710218-back_camera2-1.jpg 136 1276.63 865.78 1127.05 749.97 299.16 231.61
6954432710218-back_camera2-17.jpg 136 1266.38 867.41 1092.76 708.26 347.24 318.3
6954432710218-back_camera2-19.jpg 136 1267.15 874.48 1110.95 742.86 312.4 263.24
6954432710218-back_camera2-23.jpg 136 1271.81 869.63 1107.75 730.67 328.11 277.93
6954432710218-back_camera2-20.jpg 136 1267.04 873.26 1121.94 762.26 290.19 222.01
6954432710218-back_camera2-22.jpg 136 1271.63 872.67 1105.91 739.82 331.45 265.69
6954432710218-back_camera2-21.jpg 136 1269.84 870.72 1124.86 763.71 289.96 214.02
6954432710218-back_camera2-24.jpg 136 1271.81 869.63 1103.89 717.16 335.83 304.95
6954432710218-back_camera2-25.jpg 136 1274.96 873.49 1109.82 717.18 330.29 312.62
6954432710218-back_camera2-27.jpg 136 1275.59 877.93 1116.44 703.0 318.3 349.87
6954432710218-back_camera2-26.jpg 136 1273.74 874.46 1109.68 705.58 328.11 337.76
6954432710218-back_camera2-28.jpg 136 1273.61 872.14 1131.57 713.11 284.08 318.06
6954432710218-back_camera2-30.jpg 136 1277.5 867.0 1163.59 717.41 227.83 299.17
6954432710218-back_camera2-29.jpg 136 1279.11 869.09 1144.28 710.27 269.66 317.63
6954432710218-back_camera2-2.jpg 136 1276.76 863.69 1124.52 741.36 304.47 244.66
6954432710218-back_camera2-33.jpg 136 1280.84 871.36 1140.11 705.63 281.47 331.45
6954432710218-back_camera2-34.jpg 136 1277.46 864.95 1127.74 695.38 299.44 339.14
6954432710218-back_camera2-32.jpg 136 1277.01 871.45 1157.4 719.9 239.22 303.11
6954432710218-back_camera2-31.jpg 136 1279.82 869.37 1179.91 724.61 199.81 289.52
6954432710218-back_camera2-36.jpg 136 1280.02 865.3 1114.33 699.6 331.39 331.39
6954432710218-back_camera2-35.jpg 136 1276.89 864.77 1108.54 695.1 336.71 339.34
6954432710218-back_camera2-3.jpg 136 1271.81 862.16 1114.02 722.62 315.57 279.09
6954432710218-back_camera2-4.jpg 136 1273.41 858.66 1110.87 711.98 325.08 293.37
6954432710218-back_camera2-37.jpg 136 1278.22 864.78 1105.91 700.37 344.61 328.82
6954432710218-back_camera2-40.jpg 136 1275.66 859.99 1128.98 753.83 293.37 212.31
6954432710218-back_camera2-39.jpg 136 1278.33 860.76 1119.54 729.58 317.58 262.35
6954432710218-back_camera2-6.jpg 136 1270.02 861.64 1107.89 695.38 324.25 332.52
6954432710218-back_camera2-38.jpg 136 1279.72 864.66 1116.62 723.98 326.21 281.36
6954432710218-back_camera2-5.jpg 136 1263.75 850.31 1092.76 681.95 341.98 336.71
6954432710218-back_camera2-8.jpg 136 1265.05 862.46 1117.81 697.03 294.47 330.87
6954432710218-back_camera2-7.jpg 136 1270.51 861.89 1113.89 689.62 313.23 344.55
6954432710218-back_camera2-9.jpg 136 1266.39 861.5 1136.59 707.23 259.61 308.54
6954432710218-back_camera3-12.jpg 136 1386.07 1364.59 1190.09 1271.2 391.96 186.77
6954432710218-back_camera3-13.jpg 136 1387.26 1362.73 1184.98 1266.85 404.56 191.77
6954432710218-back_camera3-10.jpg 136 1385.07 1361.46 1210.41 1289.42 349.32 144.08
6954432710218-back_camera3-14.jpg 136 1386.27 1366.47 1189.4 1269.96 393.73 193.01
6954432710218-back_camera3-16.jpg 136 1388.42 1363.9 1209.88 1268.59 357.08 190.62
6954432710218-back_camera3-11.jpg 136 1386.73 1363.74 1199.15 1282.18 375.15 163.11
6954432710218-back_camera3-15.jpg 136 1388.7 1369.85 1195.35 1268.57 386.7 202.55
6954432710218-back_camera3-19.jpg 136 1400.39 1364.05 1269.04 1272.11 262.7 183.89
6954432710218-back_camera3-17.jpg 136 1389.88 1365.1 1233.57 1274.71 312.62 180.78
6954432710218-back_camera3-18.jpg 136 1392.51 1364.06 1250.65 1269.48 283.72 189.15
6954432710218-back_camera3-20.jpg 136 1410.87 1366.65 1270.19 1276.26 281.36 180.78
6954432710218-back_camera3-1.jpg 136 1392.15 1351.86 1234.51 1258.66 315.28 186.4
6954432710218-back_camera3-21.jpg 136 1412.21 1366.68 1250.65 1264.23 323.12 204.91
6954432710218-back_camera3-23.jpg 136 1413.7 1368.54 1221.66 1260.68 384.07 215.71
6954432710218-back_camera3-25.jpg 136 1411.33 1358.72 1216.96 1267.65 388.74 182.14
6954432710218-back_camera3-22.jpg 136 1410.9 1364.05 1234.89 1258.97 352.02 210.16
6954432710218-back_camera3-24.jpg 136 1412.38 1364.1 1222.48 1270.31 379.81 187.57
6954432710218-back_camera3-26.jpg 136 1410.91 1360.12 1213.88 1264.23 394.05 191.77
6954432710218-back_camera3-28.jpg 136 1399.23 1356.7 1216.4 1271.2 365.65 170.99
6954432710218-back_camera3-33.jpg 136 1408.28 1354.86 1211.25 1258.97 394.05 191.77
6954432710218-back_camera3-2.jpg 136 1387.92 1355.66 1219.04 1263.69 337.77 183.95
6954432710218-back_camera3-29.jpg 136 1413.13 1352.15 1245.95 1286.23 334.37 131.84
6954432710218-back_camera3-32.jpg 136 1412.22 1354.86 1213.88 1261.6 396.68 186.52
6954432710218-back_camera3-30.jpg 136 1414.01 1355.95 1234.79 1278.17 358.44 155.55
6954432710218-back_camera3-27.jpg 136 1407.38 1357.72 1225.02 1277.64 364.73 160.16
6954432710218-back_camera3-31.jpg 136 1410.91 1356.17 1219.13 1264.23 383.55 183.89
6954432710218-back_camera3-34.jpg 136 1403.17 1350.12 1208.51 1242.27 389.33 215.71
6954432710218-back_camera3-39.jpg 136 1383.06 1351.76 1262.77 1266.81 240.58 169.9
6954432710218-back_camera3-35.jpg 136 1396.45 1353.54 1208.62 1251.09 375.67 204.91
6954432710218-back_camera3-36.jpg 136 1388.69 1352.75 1200.61 1247.53 376.17 210.45
6954432710218-back_camera3-38.jpg 136 1384.46 1354.06 1244.85 1262.18 279.22 183.75
6954432710218-back_camera3-37.jpg 136 1388.19 1354.73 1232.56 1263.66 311.26 182.14
6954432710218-back_camera3-40.jpg 136 1393.83 1354.86 1250.65 1261.6 286.35 186.52
6954432710218-back_camera3-3.jpg 136 1386.54 1356.52 1204.97 1262.96 363.14 187.12
6954432710218-back_camera3-5.jpg 136 1383.44 1354.07 1179.57 1258.05 407.74 192.03
6954432710218-back_camera3-6.jpg 136 1378.06 1360.11 1179.72 1269.48 396.68 181.26
6954432710218_camera0-11.jpg 136 1386.66 1272.57 1214.04 1224.32 345.24 96.5
6954432710218-back_camera3-8.jpg 136 1374.75 1359.22 1197.37 1288.54 354.76 141.36
6954432710218-back_camera3-9.jpg 136 1372.91 1356.69 1197.98 1279.09 349.87 155.2
6954432710218-back_camera3-7.jpg 136 1374.12 1356.17 1182.35 1269.48 383.55 173.38
6954432710218-back_camera3-4.jpg 136 1383.38 1355.55 1188.73 1260.24 389.3 190.62
6954432710218_camera0-10.jpg 136 1389.9 1271.18 1207.09 1220.89 365.63 100.58
6954432710218_camera0-14.jpg 136 1394.36 1271.09 1188.81 1217.05 411.1 108.08
6954432710218_camera0-12.jpg 136 1396.6 1269.88 1213.77 1213.33 365.65 113.11
6954432710218_camera0-13.jpg 136 1394.56 1270.59 1206.64 1224.61 375.83 91.97
6954432710218_camera0-15.jpg 136 1390.5 1275.91 1186.88 1217.05 407.24 117.73
6954432710218_camera0-16.jpg 136 1390.67 1274.54 1187.78 1221.28 405.78 106.52
6954432710218_camera0-17.jpg 136 1391.28 1274.66 1199.63 1220.49 383.3 108.35
6954432710218_camera0-19.jpg 136 1387.39 1275.14 1213.77 1218.59 347.24 113.11
6954432710218_camera0-18.jpg 136 1389.54 1276.88 1204.25 1217.05 370.57 119.66
6954432710218_camera0-22.jpg 136 1406.45 1273.52 1268.49 1220.39 275.92 106.25
6954432710218_camera0-1.jpg 136 1402.08 1271.09 1269.87 1211.26 264.42 119.66
6954432710218_camera0-21.jpg 136 1393.96 1272.52 1263.75 1208.07 260.43 128.9
6954432710218_camera0-20.jpg 136 1391.17 1272.38 1242.9 1218.47 296.54 107.83
6954432710218_camera0-25.jpg 136 1410.61 1275.38 1218.29 1221.14 384.64 108.49
6954432710218_camera0-27.jpg 136 1408.84 1275.91 1200.39 1218.98 416.89 113.87
6954432710218_camera0-23.jpg 136 1408.42 1276.46 1240.07 1213.33 336.71 126.27
6954432710218_camera0-24.jpg 136 1410.75 1274.0 1236.58 1223.32 348.35 101.36
6954432710218_camera0-29.jpg 136 1407.87 1273.02 1210.04 1218.98 395.66 108.08
6954432710218_camera0-26.jpg 136 1413.43 1273.19 1216.8 1217.69 393.27 111.0
6954432710218_camera0-28.jpg 136 1407.06 1275.13 1203.44 1221.51 407.23 107.24
6954432710218_camera0-2.jpg 136 1413.66 1272.05 1273.73 1209.33 279.86 125.45
6954432710218_camera0-30.jpg 136 1410.22 1274.47 1222.64 1226.89 375.15 95.15
6954432710218_camera0-31.jpg 136 1411.06 1272.51 1226.92 1218.59 368.28 107.85
6954432710218_camera0-34.jpg 136 1415.59 1270.12 1211.97 1213.19 407.24 113.87
6954432710218_camera0-32.jpg 136 1420.66 1269.61 1243.85 1224.41 353.63 90.39
6954432710218_camera0-35.jpg 136 1414.62 1273.02 1210.04 1217.05 409.17 111.94
6954432710218_camera0-33.jpg 136 1416.33 1271.2 1208.51 1215.96 415.63 110.48
6954432710218_camera0-36.jpg 136 1410.96 1270.95 1209.76 1218.54 402.4 104.83
6954432710218_camera0-37.jpg 136 1406.85 1273.45 1218.93 1219.54 375.83 107.83
6954432710218_camera0-38.jpg 136 1400.54 1276.46 1213.77 1202.81 373.54 147.31
6954432710218_camera0-39.jpg 136 1399.18 1272.05 1233.2 1209.33 331.97 125.45
6954432710218_camera0-40.jpg 136 1400.7 1271.75 1253.9 1216.02 293.59 111.46
6954432710218_camera0-3.jpg 136 1412.69 1271.09 1250.57 1211.26 324.25 119.66
6954432710218_camera0-4.jpg 136 1409.75 1275.15 1221.66 1208.07 376.17 134.16
6954432710218_camera0-7.jpg 136 1397.55 1269.31 1196.95 1211.43 401.2 115.76
6954432710218_camera0-5.jpg 136 1405.85 1272.02 1217.45 1216.22 376.79 111.59
6954432710218_camera0-6.jpg 136 1401.12 1272.06 1202.32 1211.26 397.59 121.59
6954432710218_camera0-8.jpg 136 1395.28 1269.89 1187.46 1202.81 415.63 134.16
6954432710218_camera0-9.jpg 136 1391.06 1272.98 1197.37 1217.25 387.38 111.46
6954432710218_camera1-10.jpg 136 1248.64 1136.95 1080.73 1027.9 335.83 218.1
6954432710218_camera1-11.jpg 136 1250.6 1135.73 1074.35 1018.67 352.5 234.12
6954432710218_camera1-12.jpg 136 1253.05 1141.58 1082.58 1021.85 340.94 239.45
6954432710218_camera1-16.jpg 136 1249.83 1149.97 1070.33 993.49 359.0 312.97
6954432710218_camera1-13.jpg 136 1254.3 1146.18 1071.49 1009.7 365.61 272.97
6954432710218_camera1-14.jpg 136 1249.28 1143.62 1055.93 997.62 386.7 291.99
6954432710218_camera1-15.jpg 136 1252.86 1145.72 1071.4 994.85 362.91 301.75
6954432710218_camera1-17.jpg 136 1248.5 1155.29 1078.11 994.82 340.79 320.94
6954432710218_camera1-18.jpg 136 1251.91 1150.19 1087.5 992.36 328.82 315.67
6954432710218_camera1-19.jpg 136 1250.89 1152.09 1112.25 1004.99 277.28 294.19
6954432710218_camera1-1.jpg 136 1269.22 1135.82 1150.97 1003.29 236.51 265.05
6954432710218_camera1-20.jpg 136 1247.97 1143.62 1119.07 989.73 257.8 307.78
6954432710218_camera1-21.jpg 136 1264.09 1152.39 1140.56 1014.39 247.05 276.0
6954432710218_camera1-23.jpg 136 1259.81 1147.57 1087.5 987.1 344.61 320.93
6954432710218_camera1-22.jpg 136 1264.78 1154.18 1124.78 1012.14 280.0 284.08
6954432710218_camera1-24.jpg 136 1265.05 1154.32 1090.38 998.95 349.34 310.74
6954432710218_camera1-27.jpg 136 1269.01 1152.82 1074.35 1010.77 389.33 284.1
6954432710218_camera1-26.jpg 136 1268.79 1152.75 1083.25 1004.48 371.07 296.54
6954432710218_camera1-25.jpg 136 1266.02 1154.32 1082.66 998.95 366.71 310.74
6954432710218_camera1-29.jpg 136 1265.07 1143.62 1090.13 1021.3 349.87 244.64
6954432710218_camera1-28.jpg 136 1269.48 1147.66 1086.88 1020.01 365.2 255.3
6954432710218_camera1-2.jpg 136 1269.59 1137.72 1130.27 994.32 278.64 286.8
6954432710218_camera1-31.jpg 136 1278.56 1142.74 1111.61 1033.69 333.9 218.1
6954432710218_camera1-30.jpg 136 1263.75 1143.62 1095.39 1031.82 336.71 223.6
6954432710218_camera1-32.jpg 136 1274.78 1147.28 1101.48 1025.63 346.6 243.3
6954432710218_camera1-33.jpg 136 1274.97 1146.19 1091.34 1006.4 367.26 279.58
6954432710218_camera1-34.jpg 136 1273.26 1144.12 1092.48 1002.99 361.55 282.27
6954432710218_camera1-35.jpg 136 1267.69 1142.31 1079.61 987.1 376.17 310.41
6954432710218_camera1-38.jpg 136 1263.06 1137.74 1106.44 982.69 313.23 310.1
6954432710218_camera1-36.jpg 136 1266.01 1144.67 1086.52 983.51 358.99 322.32
6954432710218_camera1-37.jpg 136 1267.67 1143.03 1098.45 990.11 338.45 305.83
6954432710218_camera1-39.jpg 136 1260.91 1139.57 1129.39 993.16 263.04 292.82
6954432710218_camera1-4.jpg 136 1260.19 1137.47 1087.34 984.44 345.7 306.05
6954432710218_camera1-3.jpg 136 1266.7 1135.43 1106.23 981.58 320.94 307.71
6954432710218_camera1-40.jpg 136 1261.83 1136.64 1147.65 1001.4 228.35 270.49
6954432710218_camera1-6.jpg 136 1258.71 1137.94 1070.77 987.59 375.88 300.7
6954432710218_camera1-5.jpg 136 1259.26 1140.39 1078.11 983.23 362.3 314.32
6954432710218_camera1-7.jpg 136 1255.86 1142.3 1063.82 997.62 384.07 289.36
6954432710218_camera1-9.jpg 136 1249.09 1138.05 1079.18 1021.15 339.81 233.79
6954432710218_camera1-8.jpg 136 1252.8 1140.82 1073.38 1008.29 358.84 265.05
6954432710218_camera2-10.jpg 136 1261.12 887.13 1142.74 726.67 236.75 320.93
6954432710218_camera2-11.jpg 136 1269.88 883.14 1159.86 736.46 220.03 293.37
6954432710218_camera2-12.jpg 136 1271.27 881.99 1147.98 728.13 246.57 307.71
6954432710218_camera2-14.jpg 136 1275.39 881.88 1127.92 719.34 294.95 325.08
6954432710218_camera2-13.jpg 136 1274.7 884.11 1136.7 721.02 276.0 326.18
6954432710218_camera2-15.jpg 136 1276.89 883.19 1111.17 708.26 331.45 349.87
6954432710218_camera2-16.jpg 136 1276.48 882.33 1114.05 722.62 324.86 319.42
6954432710218_camera2-17.jpg 136 1276.63 881.22 1107.75 724.88 337.76 312.67
6954432710218_camera2-19.jpg 136 1279.53 877.93 1113.81 737.19 331.45 281.47
6954432710218_camera2-18.jpg 136 1280.52 879.61 1118.77 741.65 323.5 275.92
6954432710218_camera2-21.jpg 136 1282.5 874.73 1137.94 766.52 289.12 216.41
6954432710218_camera2-1.jpg 136 1263.12 867.71 1117.4 757.69 291.44 220.03
6954432710218_camera2-20.jpg 136 1276.9 875.31 1121.7 745.09 310.41 260.43
6954432710218_camera2-23.jpg 136 1284.49 872.13 1124.78 734.85 319.42 274.56
6954432710218_camera2-24.jpg 136 1282.42 868.25 1119.47 715.23 325.9 306.05
6954432710218_camera2-25.jpg 136 1282.16 868.73 1113.81 700.37 336.71 336.71
6954432710218_camera2-26.jpg 136 1280.33 868.76 1121.3 703.62 318.06 330.29
6954432710218_camera2-22.jpg 136 1280.77 874.88 1124.43 748.32 312.67 253.11
6954432710218_camera2-28.jpg 136 1277.7 865.53 1133.87 703.29 287.66 324.48
6954432710218_camera2-27.jpg 136 1281.09 863.99 1131.57 695.44 299.03 337.09
6954432710218_camera2-2.jpg 136 1261.74 870.74 1106.23 745.01 311.02 251.46
6954432710218_camera2-29.jpg 136 1279.11 863.3 1150.9 705.31 256.42 315.98
6954432710218_camera2-30.jpg 136 1277.01 862.62 1170.99 721.26 212.04 282.72
6954432710218_camera2-32.jpg 136 1275.59 859.51 1148.0 695.1 255.17 328.82
6954432710218_camera2-33.jpg 136 1273.74 859.99 1130.91 694.0 285.65 331.97
6954432710218_camera2-36.jpg 136 1267.65 864.63 1101.72 704.5 331.87 320.27
6954432710218_camera2-34.jpg 136 1272.91 860.78 1124.76 698.35 296.31 324.86
6954432710218_camera2-37.jpg 136 1270.33 859.52 1098.02 700.37 344.61 318.3
6954432710218_camera2-31.jpg 136 1275.31 862.73 1170.65 721.37 209.32 282.72
6954432710218_camera2-38.jpg 136 1265.05 860.95 1101.96 719.09 326.18 283.72
6954432710218_camera2-35.jpg 136 1268.84 862.54 1107.88 699.2 321.91 326.67
6954432710218_camera2-40.jpg 136 1258.49 864.78 1105.91 750.35 305.15 228.86
6954432710218_camera2-39.jpg 136 1263.4 865.77 1107.89 746.66 311.02 238.22
6954432710218_camera2-3.jpg 136 1261.8 867.7 1100.05 729.63 323.5 276.15
6954432710218_camera2-4.jpg 136 1259.78 872.87 1093.27 718.39 333.01 308.96
6954432710218_camera2-5.jpg 136 1262.43 866.1 1100.65 700.37 323.56 331.45
6954432710218_camera2-6.jpg 136 1262.57 876.52 1097.96 708.61 329.21 335.83
6954432710218_camera2-8.jpg 136 1264.3 878.54 1122.16 717.18 284.27 322.72
6954432710218_camera2-7.jpg 136 1261.19 874.46 1103.89 707.51 314.6 333.9
6954432710218_camera2-9.jpg 136 1267.32 880.7 1143.63 727.1 247.38 307.19
6954432710218_camera3-11.jpg 136 1366.95 1429.16 1177.59 1348.85 378.73 160.62
6954432710218_camera3-10.jpg 136 1370.24 1427.42 1192.67 1352.15 355.13 150.54
6954432710218_camera3-12.jpg 136 1367.87 1428.84 1172.77 1346.12 390.2 165.44
6954432710218_camera3-14.jpg 136 1364.49 1433.75 1163.77 1334.35 401.45 198.8
6954432710218_camera3-15.jpg 136 1359.77 1429.04 1163.79 1326.44 391.96 205.19
6954432710218_camera3-17.jpg 136 1361.11 1433.1 1189.88 1333.84 342.45 198.52
6954432710218_camera3-13.jpg 136 1364.58 1430.53 1163.38 1339.23 402.4 182.6
6954432710218_camera3-19.jpg 136 1361.41 1431.42 1236.36 1345.11 250.1 172.62
6954432710218_camera3-16.jpg 136 1357.69 1435.14 1169.51 1334.78 376.36 200.73
6954432710218_camera3-18.jpg 136 1361.08 1430.35 1203.24 1329.07 315.67 202.55
6954432710218_camera3-21.jpg 136 1383.67 1435.17 1228.04 1343.42 311.26 183.5
6954432710218_camera3-1.jpg 136 1384.67 1426.23 1229.99 1331.11 309.36 190.25
6954432710218_camera3-20.jpg 136 1382.12 1432.98 1237.44 1329.07 289.36 207.82
6954432710218_camera3-23.jpg 136 1381.38 1435.04 1197.2 1342.62 368.35 184.85
6954432710218_camera3-22.jpg 136 1383.7 1438.47 1206.13 1339.07 355.13 198.8
6954432710218_camera3-26.jpg 136 1381.27 1433.19 1179.83 1341.16 402.88 184.05
6954432710218_camera3-25.jpg 136 1382.42 1433.88 1183.3 1342.81 398.25 182.14
6954432710218_camera3-24.jpg 136 1383.44 1429.03 1182.2 1323.81 402.48 210.45
6954432710218_camera3-28.jpg 136 1382.78 1430.32 1190.74 1350.22 384.08 160.2
6954432710218_camera3-27.jpg 136 1380.14 1431.83 1185.77 1350.27 388.74 163.11
6954432710218_camera3-32.jpg 136 1389.54 1427.43 1190.74 1338.64 397.59 177.57
6954432710218_camera3-29.jpg 136 1384.76 1427.72 1205.88 1350.12 357.76 155.2
6954432710218_camera3-30.jpg 136 1393.95 1425.64 1212.08 1354.63 363.75 142.02
6954432710218_camera3-31.jpg 136 1392.72 1428.19 1200.82 1345.48 383.81 165.43
6954432710218_camera3-2.jpg 136 1380.82 1428.0 1211.31 1333.63 339.03 188.74
6954432710218_camera3-33.jpg 136 1386.07 1426.4 1179.57 1326.44 413.0 199.92
6954432710218_camera3-34.jpg 136 1383.28 1429.54 1186.87 1337.12 392.82 184.85
6954432710218_camera3-35.jpg 136 1380.03 1427.0 1188.13 1329.78 383.8 194.44
6954432710218_camera3-37.jpg 136 1379.5 1426.4 1205.88 1318.55 347.24 215.71
6954432710218_camera3-38.jpg 136 1372.4 1426.95 1231.27 1332.6 282.27 188.71
6954432710218_camera3-36.jpg 136 1377.17 1428.72 1201.25 1333.77 351.85 189.9
6954432710218_camera3-4.jpg 136 1370.29 1419.83 1161.16 1315.92 418.26 207.82
6954432710218_camera3-5.jpg 136 1369.89 1424.42 1167.85 1328.05 404.09 192.74
6954432710218_camera3-39.jpg 136 1382.12 1423.77 1247.96 1326.44 268.32 194.66
6954432710218_camera3-3.jpg 136 1379.02 1425.74 1197.57 1329.23 362.91 193.01
6954432710218_camera3-40.jpg 136 1386.52 1425.37 1249.57 1336.24 273.9 178.25
6954432710218_camera3-7.jpg 136 1366.31 1426.31 1175.34 1342.04 381.94 168.54
6954432710218_camera3-8.jpg 136 1361.39 1425.51 1179.03 1347.81 364.73 155.4
6954432710218_camera3-6.jpg 136 1366.29 1426.46 1166.08 1330.79 400.42 191.34
6954432710218_camera3-9.jpg 136 1357.84 1423.31 1188.62 1352.63 338.45 141.36
