6954432710621-back_camera0-13.jpg 137 1440.76 1088.41 1243.66 1036.65 394.2 103.51
6954432710621-back_camera0-12.jpg 137 1444.65 1088.13 1256.74 1042.94 375.83 90.39
6954432710621-back_camera0-14.jpg 137 1437.37 1088.38 1232.18 1026.56 410.37 123.64
6954432710621-back_camera0-11.jpg 137 1447.15 1090.53 1267.77 1039.48 358.76 102.1
6954432710621-back_camera0-16.jpg 137 1426.6 1090.4 1234.72 1040.45 383.75 99.9
6954432710621-back_camera0-10.jpg 137 1441.31 1088.38 1255.86 1029.19 370.91 118.38
6954432710621-back_camera0-15.jpg 137 1431.65 1089.24 1233.43 1036.91 396.44 104.66
6954432710621-back_camera0-19.jpg 137 1411.2 1090.33 1259.1 1032.51 304.21 115.64
6954432710621-back_camera0-17.jpg 137 1423.39 1088.41 1241.82 1034.5 363.14 107.83
6954432710621-back_camera0-18.jpg 137 1412.38 1089.69 1237.44 1026.56 349.87 126.27
6954432710621-back_camera0-1.jpg 137 1453.53 1095.5 1317.4 1035.23 272.26 120.53
6954432710621-back_camera0-22.jpg 137 1419.02 1090.25 1265.23 1041.32 307.57 97.86
6954432710621-back_camera0-21.jpg 137 1423.03 1091.59 1289.86 1036.17 266.35 110.84
6954432710621-back_camera0-20.jpg 137 1406.83 1090.74 1279.06 1036.37 255.53 108.74
6954432710621-back_camera0-23.jpg 137 1418.19 1089.35 1243.56 1034.28 349.26 110.14
6954432710621-back_camera0-25.jpg 137 1412.27 1093.96 1217.9 1041.63 388.74 104.66
6954432710621-back_camera0-29.jpg 137 1404.49 1091.0 1205.88 1037.08 397.22 107.85
6954432710621-back_camera0-28.jpg 137 1407.23 1094.19 1211.39 1045.83 391.68 96.73
6954432710621-back_camera0-27.jpg 137 1406.73 1092.66 1202.54 1036.65 408.39 112.02
6954432710621-back_camera0-2.jpg 137 1458.41 1093.64 1297.95 1023.93 320.93 139.42
6954432710621-back_camera0-32.jpg 137 1424.86 1091.21 1235.25 1043.63 379.22 95.15
6954432710621-back_camera0-30.jpg 137 1411.7 1089.6 1233.45 1037.43 356.51 104.34
6954432710621-back_camera0-31.jpg 137 1423.74 1096.2 1240.82 1046.57 365.84 99.26
6954432710621-back_camera0-33.jpg 137 1427.58 1094.53 1232.53 1043.56 390.1 101.94
6954432710621-back_camera0-34.jpg 137 1428.91 1097.01 1219.25 1039.28 419.32 115.47
6954432710621-back_camera0-35.jpg 137 1430.79 1097.59 1224.29 1037.08 413.0 121.01
6954432710621-back_camera0-37.jpg 137 1430.49 1098.2 1241.89 1032.86 377.19 130.69
6954432710621-back_camera0-39.jpg 137 1433.46 1096.08 1289.38 1042.39 288.16 107.38
6954432710621-back_camera0-38.jpg 137 1432.33 1099.07 1263.49 1042.55 337.67 113.04
6954432710621-back_camera0-3.jpg 137 1449.2 1094.95 1269.01 1023.93 360.39 142.05
6954432710621-back_camera0-4.jpg 137 1460.26 1094.08 1268.36 1031.21 383.81 125.73
6954432710621-back_camera0-40.jpg 137 1437.96 1095.62 1309.52 1039.89 256.89 111.46
6954432710621-back_camera0-7.jpg 137 1452.82 1094.08 1252.17 1033.81 401.29 120.53
6954432710621-back_camera0-5.jpg 137 1454.71 1095.11 1258.35 1034.97 392.73 120.28
6954432710621-back_camera0-8.jpg 137 1448.56 1094.08 1250.75 1035.23 395.62 117.69
6954432710621-back_camera0-9.jpg 137 1445.65 1093.69 1261.57 1042.43 368.16 102.52
6954432710621-back_camera1-39.jpg 137 1276.89 1160.71 1153.26 1013.4 247.27 294.63
6954432710621-back_camera1-38.jpg 137 1271.81 1166.14 1132.49 1018.67 278.64 294.95
6954432710621-back_camera1-40.jpg 137 1286.53 1162.03 1164.42 1027.24 244.21 269.58
6954432710621-back_camera2-1.jpg 137 1287.39 907.96 1137.67 791.33 299.44 233.26
6954432710621-back_camera2-22.jpg 137 1250.16 831.86 1089.69 697.03 320.94 269.66
6954432710621-back_camera2-27.jpg 137 1228.78 858.69 1083.43 692.07 290.69 333.23
6954432710621-back_camera2-30.jpg 137 1226.92 875.3 1124.33 721.41 205.19 307.78
6954432710621-back_camera2-40.jpg 137 1284.3 913.09 1144.75 816.36 279.09 193.46
6954432710621-back_camera3-11.jpg 137 1406.26 1443.14 1207.74 1358.06 397.04 170.16
6954432710621-back_camera3-10.jpg 137 1403.18 1445.62 1213.76 1365.39 378.84 160.47
6954432710621-back_camera3-13.jpg 137 1416.68 1442.81 1216.19 1349.7 400.97 186.21
6954432710621-back_camera3-12.jpg 137 1415.55 1443.61 1216.53 1357.18 398.03 172.85
6954432710621-back_camera3-17.jpg 137 1421.59 1434.3 1253.23 1334.34 336.71 199.92
6954432710621-back_camera3-14.jpg 137 1418.6 1438.89 1224.91 1345.79 387.38 186.21
6954432710621-back_camera3-15.jpg 137 1422.21 1438.18 1233.62 1338.92 377.19 198.52
6954432710621-back_camera3-16.jpg 137 1418.95 1436.93 1240.07 1334.34 357.76 205.19
6954432710621-back_camera3-19.jpg 137 1433.79 1426.02 1308.51 1341.18 250.55 169.68
6954432710621-back_camera3-18.jpg 137 1422.33 1427.31 1286.2 1337.26 272.26 180.09
6954432710621-back_camera3-20.jpg 137 1433.98 1422.6 1289.9 1338.33 288.16 168.54
6954432710621-back_camera3-21.jpg 137 1429.89 1422.58 1262.57 1328.99 334.65 187.18
6954432710621-back_camera3-1.jpg 137 1338.45 1441.91 1181.46 1346.77 313.98 190.29
6954432710621-back_camera3-22.jpg 137 1415.01 1421.14 1226.92 1321.18 376.17 199.92
6954432710621-back_camera3-23.jpg 137 1415.24 1417.38 1222.39 1323.08 385.7 188.59
6954432710621-back_camera3-24.jpg 137 1406.08 1414.32 1206.85 1319.31 398.46 190.01
6954432710621-back_camera3-2.jpg 137 1332.14 1443.51 1142.74 1336.97 378.8 213.08
6954432710621-back_camera3-34.jpg 137 1336.09 1415.88 1137.48 1313.29 397.22 205.19
6954432710621-back_camera3-37.jpg 137 1317.69 1428.12 1152.26 1327.21 330.87 201.83
6954432710621-back_camera3-36.jpg 137 1317.59 1425.54 1142.93 1331.75 349.32 187.57
6954432710621-back_camera3-35.jpg 137 1321.62 1419.83 1129.59 1318.55 384.07 202.55
6954432710621-back_camera3-38.jpg 137 1316.55 1430.44 1174.53 1337.69 284.04 185.5
6954432710621-back_camera3-39.jpg 137 1324.25 1431.57 1195.21 1341.52 258.08 180.09
6954432710621-back_camera3-40.jpg 137 1335.3 1438.08 1187.48 1343.88 295.64 188.4
6954432710621-back_camera3-7.jpg 137 1367.99 1450.9 1168.76 1360.86 398.46 180.09
6954432710621-back_camera3-9.jpg 137 1392.85 1444.82 1219.09 1375.48 347.52 138.67
6954432710621_camera0-11.jpg 137 1404.48 1273.84 1224.29 1208.07 360.39 131.53
6954432710621_camera0-10.jpg 137 1396.12 1277.75 1212.99 1225.58 366.26 104.34
6954432710621_camera0-13.jpg 137 1416.79 1274.97 1221.74 1226.61 390.1 96.73
6954432710621_camera0-15.jpg 137 1415.0 1273.84 1200.61 1215.96 428.79 115.75
6954432710621_camera0-16.jpg 137 1416.25 1274.88 1221.02 1221.46 390.46 106.85
6954432710621_camera0-12.jpg 137 1411.62 1275.78 1222.91 1225.15 377.41 101.26
6954432710621_camera0-14.jpg 137 1416.24 1276.76 1214.85 1229.98 402.78 93.56
6954432710621_camera0-17.jpg 137 1418.95 1280.41 1224.29 1218.59 389.33 123.64
6954432710621_camera0-19.jpg 137 1418.59 1274.79 1260.92 1220.42 315.34 108.74
6954432710621_camera0-18.jpg 137 1417.32 1275.73 1235.52 1219.35 363.6 112.76
6954432710621_camera0-1.jpg 137 1379.24 1273.21 1255.55 1219.52 247.38 107.38
6954432710621_camera0-21.jpg 137 1428.15 1273.84 1292.68 1210.7 270.95 126.27
6954432710621_camera0-23.jpg 137 1434.57 1272.19 1274.86 1221.22 319.42 101.94
6954432710621_camera0-20.jpg 137 1420.26 1273.84 1274.27 1213.33 291.99 121.01
6954432710621_camera0-22.jpg 137 1430.69 1272.62 1279.77 1220.45 301.85 104.34
6954432710621_camera0-24.jpg 137 1429.92 1273.79 1249.83 1224.18 360.19 99.22
6954432710621_camera0-26.jpg 137 1421.97 1270.73 1227.71 1219.19 388.51 103.07
6954432710621_camera0-28.jpg 137 1399.22 1272.52 1197.98 1215.96 402.48 113.11
6954432710621_camera0-27.jpg 137 1412.46 1269.53 1208.8 1217.75 407.33 103.56
6954432710621_camera0-32.jpg 137 1400.99 1270.88 1215.45 1227.39 371.07 86.99
6954432710621_camera0-29.jpg 137 1405.86 1272.06 1218.07 1222.22 375.57 99.67
6954432710621_camera0-30.jpg 137 1403.17 1262.0 1216.4 1205.44 373.54 113.11
6954432710621_camera0-31.jpg 137 1407.88 1269.56 1230.35 1226.16 355.06 86.79
6954432710621_camera0-2.jpg 137 1385.08 1276.03 1245.08 1223.7 280.0 104.66
6954432710621_camera0-33.jpg 137 1396.59 1269.88 1195.35 1215.96 402.48 107.85
6954432710621_camera0-37.jpg 137 1380.99 1275.77 1188.26 1219.51 385.47 112.51
6954432710621_camera0-34.jpg 137 1396.34 1272.7 1198.91 1220.37 394.86 104.66
6954432710621_camera0-38.jpg 137 1375.32 1274.88 1194.1 1218.5 362.45 112.76
6954432710621_camera0-35.jpg 137 1392.64 1268.58 1179.57 1205.44 426.15 126.27
6954432710621_camera0-36.jpg 137 1385.16 1273.86 1185.22 1219.16 399.88 109.39
6954432710621_camera0-39.jpg 137 1373.44 1273.5 1210.11 1215.62 326.67 115.76
6954432710621_camera0-3.jpg 137 1386.07 1271.2 1216.4 1208.07 339.34 126.27
6954432710621_camera0-40.jpg 137 1371.46 1274.67 1230.1 1219.62 282.72 110.1
6954432710621_camera0-4.jpg 137 1389.85 1277.32 1198.68 1215.86 382.34 122.93
6954432710621_camera0-5.jpg 137 1387.14 1276.09 1196.85 1220.59 380.58 111.0
6954432710621_camera0-7.jpg 137 1390.62 1278.72 1186.43 1219.16 408.39 119.11
6954432710621_camera0-6.jpg 137 1391.24 1278.45 1196.19 1221.36 390.1 114.18
6954432710621_camera1-10.jpg 137 1261.57 1158.0 1101.82 1054.63 319.5 206.73
6954432710621_camera0-8.jpg 137 1386.07 1271.2 1171.68 1208.07 428.78 126.27
6954432710621_camera0-9.jpg 137 1395.89 1277.26 1199.23 1221.42 393.32 111.67
6954432710621_camera1-26.jpg 137 1274.82 1134.49 1094.83 991.77 359.97 285.44
6954432710621_camera2-10.jpg 137 1290.3 870.3 1191.86 731.66 196.89 277.28
6954432710621_camera2-11.jpg 137 1290.68 866.61 1175.71 713.58 229.95 306.05
6954432710621_camera2-13.jpg 137 1291.37 868.73 1142.74 700.37 297.26 336.71
6954432710621_camera2-12.jpg 137 1292.65 868.93 1161.1 710.53 263.11 316.81
6954432710621_camera2-19.jpg 137 1277.69 853.02 1123.13 731.78 309.12 242.48
6954432710621_camera2-21.jpg 137 1273.32 851.72 1126.08 736.74 294.47 229.95
6954432710621_camera2-20.jpg 137 1270.84 850.89 1129.39 748.32 282.89 205.14
6954432710621_camera2-22.jpg 137 1268.85 853.11 1112.54 722.62 312.62 260.97
6954432710621_camera2-1.jpg 137 1276.74 889.12 1129.46 775.21 294.56 227.83
6954432710621_camera2-23.jpg 137 1267.46 856.18 1106.51 710.29 321.91 291.78
6954432710621_camera2-26.jpg 137 1256.78 859.16 1094.65 690.42 324.25 337.48
6954432710621_camera2-28.jpg 137 1254.43 865.1 1129.15 710.49 250.55 309.22
6954432710621_camera2-27.jpg 137 1254.54 858.2 1100.65 687.21 307.78 341.98
6954432710621_camera2-2.jpg 137 1279.12 893.07 1119.47 758.24 319.29 269.66
6954432710621_camera2-29.jpg 137 1252.35 868.32 1143.61 723.56 217.48 289.52
6954432710621_camera2-31.jpg 137 1253.72 872.96 1134.25 723.95 238.95 298.02
6954432710621_camera2-30.jpg 137 1255.95 869.91 1149.25 725.16 213.41 289.51
6954432710621_camera2-35.jpg 137 1259.76 883.96 1099.37 721.53 320.78 324.86
6954432710621_camera2-34.jpg 137 1255.86 879.25 1098.02 705.63 315.67 347.24
6954432710621_camera2-38.jpg 137 1265.87 887.28 1102.92 751.63 325.9 271.31
6954432710621_camera2-32.jpg 137 1253.56 877.24 1115.6 716.28 275.92 321.91
6954432710621_camera2-37.jpg 137 1264.25 883.41 1091.97 733.06 344.55 300.7
6954432710621_camera2-39.jpg 137 1268.36 889.76 1114.5 764.86 307.71 249.81
6954432710621_camera2-36.jpg 137 1261.12 888.45 1084.87 724.04 352.5 328.82
6954432710621_camera2-4.jpg 137 1282.65 887.05 1116.04 724.69 333.23 324.72
6954432710621_camera2-5.jpg 137 1282.33 884.55 1118.99 721.21 326.67 326.67
6954432710621_camera2-3.jpg 137 1280.85 885.82 1116.44 734.56 328.82 302.52
6954432710621_camera2-6.jpg 137 1285.94 881.01 1123.51 713.21 324.86 335.6
6954432710621_camera2-40.jpg 137 1269.58 888.91 1129.58 789.01 280.0 199.81
6954432710621_camera2-9.jpg 137 1292.68 873.48 1179.87 725.32 225.63 296.31
6954432710621_camera3-10.jpg 137 1386.74 1433.81 1206.76 1362.45 359.97 142.72
6954432710621_camera3-15.jpg 137 1392.55 1436.52 1202.54 1338.68 380.03 195.68
6954432710621_camera3-13.jpg 137 1388.7 1438.25 1184.83 1334.34 407.74 207.82
6954432710621_camera3-12.jpg 137 1387.36 1435.86 1185.29 1345.81 404.13 180.09
6954432710621_camera3-16.jpg 137 1389.14 1436.0 1220.26 1340.86 337.77 190.29
6954432710621_camera3-14.jpg 137 1393.46 1438.97 1192.1 1340.97 402.73 195.99
6954432710621_camera3-11.jpg 137 1391.33 1436.93 1187.46 1347.49 407.74 178.88
6954432710621_camera3-17.jpg 137 1393.26 1434.87 1231.96 1337.26 322.6 195.21
6954432710621_camera3-18.jpg 137 1392.28 1431.53 1250.24 1341.82 284.08 179.42
6954432710621_camera3-20.jpg 137 1407.23 1428.2 1260.13 1339.8 294.19 176.8
6954432710621_camera3-1.jpg 137 1359.9 1431.49 1199.51 1337.7 320.78 187.57
6954432710621_camera3-19.jpg 137 1396.59 1426.41 1261.12 1334.34 270.95 184.14
6954432710621_camera3-21.jpg 137 1403.84 1426.26 1240.06 1331.25 327.56 190.01
6954432710621_camera3-22.jpg 137 1403.8 1427.57 1229.82 1335.14 347.96 184.85
6954432710621_camera3-2.jpg 137 1363.39 1430.82 1183.89 1333.01 359.0 195.61
6954432710621_camera3-35.jpg 137 1352.23 1426.14 1164.32 1331.0 375.83 190.29
6954432710621_camera3-34.jpg 137 1357.13 1425.09 1150.63 1323.81 413.0 202.55
6954432710621_camera3-32.jpg 137 1366.83 1424.08 1168.31 1328.95 397.04 190.25
6954432710621_camera3-33.jpg 137 1360.18 1422.62 1163.29 1332.91 393.79 179.42
6954432710621_camera3-37.jpg 137 1346.25 1428.64 1184.14 1334.86 324.21 187.57
6954432710621_camera3-38.jpg 137 1347.76 1429.09 1200.53 1330.65 294.47 196.87
6954432710621_camera3-36.jpg 137 1348.25 1428.04 1170.64 1334.48 355.21 187.12
6954432710621_camera3-39.jpg 137 1355.82 1430.36 1226.92 1331.71 257.8 197.29
6954432710621_camera3-3.jpg 137 1362.65 1437.35 1170.75 1333.95 383.81 206.79
6954432710621_camera3-40.jpg 137 1363.18 1429.86 1224.54 1340.83 277.28 178.06
6954432710621_camera3-5.jpg 137 1363.27 1437.3 1161.22 1340.08 404.09 194.44
6954432710621_camera3-6.jpg 137 1362.4 1432.99 1158.53 1336.97 407.74 192.03
6954432710621_camera3-4.jpg 137 1364.32 1438.17 1160.83 1337.26 406.97 201.83
6954432710621_camera3-9.jpg 137 1382.26 1435.33 1210.32 1367.37 343.88 135.92
6954432710621_camera3-7.jpg 137 1370.28 1440.88 1179.57 1344.86 381.43 192.03
6954432710621_camera3-8.jpg 137 1367.47 1439.15 1181.36 1354.78 372.23 168.74
