6954432710249-back_camera0-10.jpg 138 1411.73 1274.34 1227.65 1225.31 368.16 98.05
6954432710249-back_camera0-15.jpg 138 1422.8 1271.03 1222.31 1220.74 400.97 100.58
6954432710249-back_camera0-13.jpg 138 1424.28 1273.02 1227.41 1224.77 393.73 96.5
6954432710249-back_camera0-14.jpg 138 1423.45 1273.41 1223.64 1224.48 399.61 97.86
6954432710249-back_camera0-12.jpg 138 1423.31 1272.06 1237.06 1220.91 372.5 102.29
6954432710249-back_camera0-16.jpg 138 1419.73 1273.45 1221.51 1226.67 396.44 93.56
6954432710249-back_camera0-17.jpg 138 1413.12 1274.39 1218.73 1218.15 388.77 112.49
6954432710249-back_camera0-18.jpg 138 1411.06 1273.84 1224.29 1215.96 373.54 115.75
6954432710249-back_camera0-25.jpg 138 1409.62 1268.49 1221.37 1213.44 376.51 110.1
6954432710249-back_camera0-23.jpg 138 1416.42 1269.43 1250.16 1211.53 332.52 115.8
6954432710249-back_camera0-1.jpg 138 1386.08 1269.89 1253.23 1205.44 265.69 128.9
6954432710249-back_camera0-24.jpg 138 1413.78 1269.55 1236.96 1218.81 353.63 101.49
6954432710249-back_camera0-19.jpg 138 1410.77 1274.95 1240.92 1217.05 339.69 115.8
6954432710249-back_camera0-20.jpg 138 1407.14 1270.41 1265.78 1220.8 282.72 99.22
6954432710249-back_camera0-21.jpg 138 1412.38 1269.88 1276.9 1213.33 270.95 113.11
6954432710249-back_camera0-22.jpg 138 1419.72 1271.1 1278.28 1216.5 282.89 109.19
6954432710249-back_camera0-28.jpg 138 1395.27 1273.84 1184.83 1208.07 420.89 131.53
6954432710249-back_camera0-26.jpg 138 1401.22 1272.49 1198.24 1221.75 405.96 101.49
6954432710249-back_camera0-27.jpg 138 1395.17 1269.97 1193.52 1216.16 403.3 107.61
6954432710249-back_camera0-29.jpg 138 1387.47 1271.1 1192.26 1216.5 390.42 109.19
6954432710249-back_camera0-2.jpg 138 1402.94 1273.49 1261.38 1219.9 283.11 107.18
6954432710249-back_camera0-30.jpg 138 1386.07 1267.26 1190.09 1210.7 391.96 113.11
6954432710249-back_camera0-39.jpg 138 1382.3 1275.12 1216.87 1214.73 330.87 120.77
6954432710249-back_camera0-31.jpg 138 1388.46 1267.43 1213.8 1221.22 349.32 92.43
6954432710249-back_camera0-3.jpg 138 1401.86 1272.52 1229.55 1202.81 344.61 139.42
6954432710249-back_camera0-33.jpg 138 1393.11 1269.19 1204.4 1221.62 377.41 95.15
6954432710249-back_camera0-36.jpg 138 1383.75 1274.95 1179.16 1213.19 409.17 123.52
6954432710249-back_camera0-32.jpg 138 1390.02 1268.58 1197.98 1205.44 384.07 126.27
6954432710249-back_camera0-35.jpg 138 1386.73 1272.48 1184.88 1222.19 403.69 100.58
6954432710249-back_camera0-38.jpg 138 1382.51 1275.22 1198.88 1214.84 367.26 120.77
6954432710249-back_camera0-34.jpg 138 1392.64 1267.26 1190.09 1202.81 405.11 128.9
6954432710249-back_camera0-37.jpg 138 1384.1 1273.21 1194.6 1217.71 379.0 111.0
6954432710249-back_camera0-5.jpg 138 1411.14 1277.37 1214.28 1216.57 393.73 121.59
6954432710249-back_camera0-4.jpg 138 1407.12 1272.52 1213.77 1202.81 386.7 139.42
6954432710249-back_camera0-40.jpg 138 1385.7 1273.2 1246.95 1220.87 277.51 104.66
6954432710249-back_camera0-7.jpg 138 1404.48 1271.2 1184.83 1202.81 439.31 136.79
6954432710249-back_camera0-8.jpg 138 1409.97 1275.12 1212.2 1222.11 395.54 106.02
6954432710249-back_camera0-6.jpg 138 1410.18 1275.98 1215.13 1219.68 390.1 112.59
6954432710249-back_camera1-13.jpg 138 1278.56 1147.57 1092.31 1012.46 372.5 270.21
6954432710249-back_camera0-9.jpg 138 1412.25 1275.72 1219.92 1222.71 384.66 106.02
6954432710249-back_camera1-14.jpg 138 1274.27 1148.88 1084.87 1000.25 378.8 297.26
6954432710249-back_camera1-17.jpg 138 1265.68 1140.59 1100.54 991.07 330.29 299.03
6954432710249-back_camera1-11.jpg 138 1274.97 1147.85 1102.92 1037.83 344.1 220.03
6954432710249-back_camera1-12.jpg 138 1279.9 1147.63 1102.37 1027.31 355.06 240.65
6954432710249-back_camera1-15.jpg 138 1269.81 1140.18 1082.69 994.29 374.24 291.78
6954432710249-back_camera1-18.jpg 138 1269.03 1139.41 1115.17 991.35 307.71 296.13
6954432710249-back_camera1-16.jpg 138 1274.89 1140.68 1102.84 993.21 344.11 294.95
6954432710249-back_camera1-1.jpg 138 1258.49 1154.13 1126.96 1008.14 263.06 291.99
6954432710249-back_camera1-20.jpg 138 1268.66 1135.16 1154.18 1004.01 228.97 262.31
6954432710249-back_camera1-21.jpg 138 1276.33 1132.42 1153.32 997.18 246.02 270.49
6954432710249-back_camera1-19.jpg 138 1263.75 1137.05 1119.07 987.1 289.36 299.89
6954432710249-back_camera1-22.jpg 138 1271.87 1134.73 1127.56 989.64 288.61 290.19
6954432710249-back_camera1-23.jpg 138 1276.89 1131.79 1111.17 973.95 331.45 315.67
6954432710249-back_camera1-24.jpg 138 1265.46 1130.95 1094.99 981.1 340.94 299.71
6954432710249-back_camera1-30.jpg 138 1245.52 1133.03 1087.73 1034.71 315.57 196.63
6954432710249-back_camera1-31.jpg 138 1249.19 1137.07 1081.81 1025.48 334.77 223.18
6954432710249-back_camera1-25.jpg 138 1259.63 1133.69 1079.05 983.98 361.17 299.42
6954432710249-back_camera1-26.jpg 138 1259.8 1134.41 1066.45 981.84 386.7 305.15
6954432710249-back_camera1-27.jpg 138 1249.33 1133.07 1064.99 996.94 368.68 272.26
6954432710249-back_camera1-29.jpg 138 1244.38 1133.65 1077.19 1020.16 334.37 226.99
6954432710249-back_camera1-28.jpg 138 1253.22 1135.72 1063.82 994.99 378.8 281.47
6954432710249-back_camera1-2.jpg 138 1261.23 1156.34 1112.31 1008.4 297.85 295.88
6954432710249-back_camera1-32.jpg 138 1248.45 1140.67 1072.43 1016.98 352.04 247.38
6954432710249-back_camera1-33.jpg 138 1242.7 1142.31 1055.93 992.36 373.54 299.89
6954432710249-back_camera1-35.jpg 138 1243.89 1150.58 1056.72 995.0 374.35 311.15
6954432710249-back_camera1-36.jpg 138 1243.56 1147.78 1067.54 992.83 352.04 309.9
6954432710249-back_camera1-37.jpg 138 1241.33 1151.47 1073.94 994.96 334.77 313.03
6954432710249-back_camera1-34.jpg 138 1241.39 1140.99 1045.41 987.1 391.96 307.78
6954432710249-back_camera1-3.jpg 138 1262.57 1158.6 1096.31 1003.09 332.52 311.02
6954432710249-back_camera1-38.jpg 138 1242.81 1151.01 1091.93 999.45 301.75 303.11
6954432710249-back_camera1-39.jpg 138 1244.35 1153.89 1112.19 1008.91 264.32 289.96
6954432710249-back_camera1-4.jpg 138 1265.07 1162.03 1082.24 1005.51 365.65 313.04
6954432710249-back_camera1-6.jpg 138 1264.78 1157.58 1079.92 1013.5 369.71 288.16
6954432710249-back_camera1-7.jpg 138 1266.98 1153.36 1078.8 1010.53 376.36 285.65
6954432710249-back_camera1-5.jpg 138 1263.79 1156.34 1078.7 1005.25 370.17 302.18
6954432710249-back_camera1-40.jpg 138 1253.17 1156.2 1138.2 1020.1 229.94 272.21
6954432710249-back_camera1-9.jpg 138 1269.15 1151.89 1106.05 1043.83 326.21 216.12
6954432710249-back_camera1-8.jpg 138 1266.41 1155.2 1082.52 1019.91 367.78 270.58
6954432710249-back_camera2-10.jpg 138 1275.59 863.47 1161.16 708.26 228.86 310.41
6954432710249-back_camera2-12.jpg 138 1278.5 859.01 1157.98 701.23 241.04 315.57
6954432710249-back_camera2-11.jpg 138 1278.22 862.15 1161.16 703.0 234.12 318.3
6954432710249-back_camera2-13.jpg 138 1277.01 856.51 1137.01 694.08 280.0 324.85
6954432710249-back_camera2-14.jpg 138 1276.77 860.45 1122.91 691.8 307.71 337.3
6954432710249-back_camera2-19.jpg 138 1263.39 859.99 1104.58 736.74 317.63 246.5
6954432710249-back_camera2-1.jpg 138 1284.53 876.85 1139.1 770.15 290.87 213.4
6954432710249-back_camera2-21.jpg 138 1263.09 862.26 1117.65 755.56 290.87 213.4
6954432710249-back_camera2-24.jpg 138 1255.86 873.99 1092.76 708.26 326.19 331.45
6954432710249-back_camera2-20.jpg 138 1262.16 859.99 1117.4 753.83 289.51 212.31
6954432710249-back_camera2-25.jpg 138 1259.44 873.15 1097.5 712.38 323.88 321.55
6954432710249-back_camera2-28.jpg 138 1258.43 877.35 1117.81 708.61 281.24 337.48
6954432710249-back_camera2-27.jpg 138 1259.58 874.18 1113.33 712.71 292.5 322.93
6954432710249-back_camera2-29.jpg 138 1259.85 879.92 1137.74 726.9 244.21 306.05
6954432710249-back_camera2-26.jpg 138 1259.45 876.33 1105.66 714.06 307.57 324.55
6954432710249-back_camera2-31.jpg 138 1266.38 885.82 1150.63 737.19 231.49 297.26
6954432710249-back_camera2-30.jpg 138 1262.56 884.8 1155.86 738.39 213.41 292.82
6954432710249-back_camera2-33.jpg 138 1268.98 885.39 1123.58 718.01 290.81 334.77
6954432710249-back_camera2-32.jpg 138 1269.01 883.19 1129.59 716.15 278.84 334.08
6954432710249-back_camera2-36.jpg 138 1276.19 883.27 1111.73 723.56 328.93 319.42
6954432710249-back_camera2-34.jpg 138 1271.67 889.76 1116.16 718.54 311.02 342.45
6954432710249-back_camera2-35.jpg 138 1271.63 884.51 1108.54 713.52 326.19 341.98
6954432710249-back_camera2-37.jpg 138 1279.83 884.81 1112.5 734.5 334.65 300.62
6954432710249-back_camera2-6.jpg 138 1286.11 864.78 1119.07 692.47 334.08 344.61
6954432710249-back_camera2-8.jpg 138 1282.93 862.82 1146.62 704.37 272.62 316.89
6954432710249-back_camera2-5.jpg 138 1282.16 866.09 1116.44 695.1 331.45 341.98
6954432710249-back_camera2-7.jpg 138 1286.56 867.42 1131.05 697.03 311.02 340.79
6954432710249-back_camera2-9.jpg 138 1281.92 858.67 1161.1 705.64 241.64 306.07
6954432710249-back_camera3-11.jpg 138 1394.7 1431.24 1204.21 1357.26 380.97 147.96
6954432710249-back_camera3-17.jpg 138 1383.74 1428.39 1217.76 1330.92 331.97 194.94
6954432710249-back_camera3-19.jpg 138 1384.24 1423.94 1254.03 1338.03 260.43 171.83
6954432710249-back_camera3-20.jpg 138 1390.01 1422.45 1247.96 1329.07 284.1 186.77
6954432710249-back_camera3-22.jpg 138 1386.64 1424.12 1207.15 1327.34 358.99 193.56
6954432710249-back_camera3-1.jpg 138 1376.87 1434.3 1208.51 1326.44 336.71 215.71
6954432710249-back_camera3-26.jpg 138 1363.52 1421.84 1173.23 1338.92 380.58 165.83
6954432710249-back_camera3-23.jpg 138 1383.75 1424.53 1192.67 1325.13 382.15 198.8
6954432710249-back_camera3-25.jpg 138 1370.29 1421.14 1158.53 1326.44 423.52 189.4
6954432710249-back_camera3-24.jpg 138 1379.11 1424.59 1184.85 1329.44 388.51 190.29
6954432710249-back_camera3-28.jpg 138 1358.49 1422.15 1176.73 1342.69 363.51 158.93
6954432710249-back_camera3-29.jpg 138 1365.03 1423.77 1187.46 1344.86 355.13 157.83
6954432710249-back_camera3-27.jpg 138 1360.59 1424.53 1169.51 1340.57 382.15 167.92
6954432710249-back_camera3-30.jpg 138 1365.65 1422.55 1187.25 1348.81 356.8 147.48
6954432710249-back_camera3-2.jpg 138 1383.43 1435.61 1197.98 1329.07 370.91 213.08
6954432710249-back_camera3-33.jpg 138 1361.94 1431.08 1161.21 1340.42 401.46 181.31
6954432710249-back_camera3-31.jpg 138 1364.44 1426.46 1169.51 1340.57 389.87 171.78
6954432710249-back_camera3-32.jpg 138 1363.11 1428.41 1164.36 1339.6 397.5 177.63
6954432710249-back_camera3-38.jpg 138 1358.05 1431.9 1216.69 1340.15 282.72 183.5
6954432710249-back_camera3-37.jpg 138 1354.39 1435.69 1185.64 1337.26 337.49 196.87
6954432710249-back_camera3-35.jpg 138 1355.82 1430.35 1155.89 1318.55 399.85 223.6
6954432710249-back_camera3-34.jpg 138 1359.16 1430.65 1161.39 1333.47 395.53 194.37
6954432710249-back_camera3-3.jpg 138 1383.74 1441.9 1188.81 1338.64 389.87 206.52
6954432710249-back_camera3-36.jpg 138 1359.77 1438.24 1176.94 1329.07 365.65 218.34
6954432710249-back_camera3-4.jpg 138 1380.53 1436.4 1184.8 1341.26 391.46 190.29
6954432710249-back_camera3-40.jpg 138 1380.81 1429.03 1232.18 1323.81 297.26 210.45
6954432710249-back_camera3-39.jpg 138 1370.92 1435.7 1240.23 1343.88 261.39 183.63
6954432710249-back_camera3-5.jpg 138 1383.03 1435.4 1177.64 1341.82 410.78 187.17
6954432710249-back_camera3-6.jpg 138 1383.26 1432.97 1181.61 1342.32 403.31 181.31
6954432710249-back_camera3-8.jpg 138 1383.34 1429.07 1200.53 1348.84 365.61 160.47
6954432710249-back_camera3-7.jpg 138 1382.12 1436.93 1179.57 1342.23 405.11 189.4
6954432710249_camera0-10.jpg 138 1358.52 1275.23 1162.48 1216.5 392.08 117.46
6954432710249_camera0-11.jpg 138 1358.41 1272.43 1179.22 1224.86 358.38 95.15
6954432710249_camera0-13.jpg 138 1374.11 1273.45 1184.1 1222.4 380.03 102.1
6954432710249_camera0-14.jpg 138 1374.87 1279.22 1182.2 1233.24 385.34 91.97
6954432710249_camera0-12.jpg 138 1360.59 1273.98 1183.02 1224.77 355.13 98.43
6954432710249_camera0-15.jpg 138 1377.66 1276.14 1178.64 1225.4 398.03 101.49
6954432710249_camera0-16.jpg 138 1386.07 1280.41 1171.68 1218.59 428.78 123.64
6954432710249_camera0-19.jpg 138 1394.09 1280.18 1208.8 1223.11 370.57 114.15
6954432710249_camera0-20.jpg 138 1398.71 1281.37 1236.96 1225.87 323.5 111.0
6954432710249_camera0-18.jpg 138 1391.33 1280.41 1184.83 1221.22 413.0 118.38
6954432710249_camera0-1.jpg 138 1388.57 1272.06 1242.85 1213.19 291.44 117.73
6954432710249_camera0-21.jpg 138 1405.37 1280.37 1258.41 1224.15 293.91 112.43
6954432710249_camera0-23.jpg 138 1432.46 1275.54 1291.33 1225.59 282.27 99.9
6954432710249_camera0-22.jpg 138 1420.56 1278.54 1286.56 1221.46 268.0 114.15
6954432710249_camera0-24.jpg 138 1438.3 1278.43 1275.76 1226.89 325.08 103.07
6954432710249_camera0-25.jpg 138 1441.23 1278.53 1255.12 1223.11 372.23 110.84
6954432710249_camera0-26.jpg 138 1447.89 1273.84 1250.6 1215.96 394.59 115.75
6954432710249_camera0-27.jpg 138 1444.89 1276.88 1245.77 1225.23 398.25 103.3
6954432710249_camera0-30.jpg 138 1440.06 1274.87 1250.75 1225.24 378.61 99.26
6954432710249_camera0-29.jpg 138 1438.68 1268.58 1232.18 1210.7 413.0 115.75
6954432710249_camera0-28.jpg 138 1448.19 1279.26 1243.05 1223.01 410.28 112.5
6954432710249_camera0-2.jpg 138 1391.34 1263.32 1258.49 1205.44 265.69 115.75
6954432710249_camera0-32.jpg 138 1444.7 1269.09 1273.43 1225.6 342.53 86.99
6954432710249_camera0-35.jpg 138 1438.68 1264.63 1237.44 1205.44 402.48 118.38
6954432710249_camera0-31.jpg 138 1443.09 1272.94 1263.09 1228.67 360.0 88.54
6954432710249_camera0-33.jpg 138 1446.53 1271.33 1259.7 1223.99 373.65 94.68
6954432710249_camera0-34.jpg 138 1436.05 1264.62 1229.55 1208.07 413.0 113.11
6954432710249_camera0-39.jpg 138 1400.0 1268.87 1230.33 1216.54 339.35 104.66
6954432710249_camera0-36.jpg 138 1427.06 1269.94 1230.65 1221.01 392.82 97.86
6954432710249_camera0-38.jpg 138 1413.7 1267.26 1216.4 1202.81 394.59 128.9
6954432710249_camera0-37.jpg 138 1422.12 1268.7 1227.75 1212.97 388.74 111.46
6954432710249_camera0-40.jpg 138 1394.67 1267.07 1242.24 1208.22 304.87 117.69
6954432710249_camera0-3.jpg 138 1395.15 1265.67 1258.55 1212.66 273.2 106.02
6954432710249_camera0-4.jpg 138 1383.44 1269.89 1221.66 1202.81 323.56 134.16
6954432710249_camera0-7.jpg 138 1370.92 1272.74 1170.75 1214.84 400.35 115.8
6954432710249_camera0-6.jpg 138 1375.11 1271.59 1190.45 1218.0 369.32 107.18
6954432710249_camera0-5.jpg 138 1379.78 1270.62 1192.61 1211.06 374.35 119.11
6954432710249_camera0-8.jpg 138 1365.41 1271.84 1162.89 1215.72 405.03 112.24
6954432710249_camera1-11.jpg 138 1227.31 1153.36 1068.96 1055.49 316.7 195.73
6954432710249_camera1-10.jpg 138 1220.35 1146.25 1042.78 1021.3 355.13 249.91
6954432710249_camera0-9.jpg 138 1363.26 1273.63 1164.82 1220.62 396.89 106.02
6954432710249_camera1-12.jpg 138 1232.17 1156.77 1066.45 1042.34 331.45 228.86
6954432710249_camera1-14.jpg 138 1232.62 1168.53 1049.46 1030.57 366.31 275.92
6954432710249_camera1-13.jpg 138 1234.05 1163.21 1049.59 1030.04 368.92 266.35
6954432710249_camera1-17.jpg 138 1247.81 1177.17 1071.79 1017.8 352.04 318.74
6954432710249_camera1-15.jpg 138 1237.73 1171.44 1050.61 1022.38 374.24 298.12
6954432710249_camera1-16.jpg 138 1238.0 1174.12 1053.19 1017.51 369.61 313.23
6954432710249_camera1-18.jpg 138 1251.96 1177.12 1086.25 1016.16 331.42 321.91
6954432710249_camera1-19.jpg 138 1257.3 1175.19 1100.82 1018.7 312.97 312.98
6954432710249_camera1-21.jpg 138 1270.85 1172.51 1156.67 1040.1 228.35 264.82
6954432710249_camera1-22.jpg 138 1284.15 1173.35 1155.71 1032.67 256.89 281.36
6954432710249_camera1-1.jpg 138 1243.7 1117.67 1131.11 988.43 225.18 258.48
6954432710249_camera1-20.jpg 138 1262.78 1176.24 1129.38 1033.52 266.8 285.44
6954432710249_camera1-23.jpg 138 1290.05 1176.5 1140.11 1018.67 299.89 315.67
6954432710249_camera1-26.jpg 138 1295.11 1161.78 1114.33 1011.58 361.55 300.39
6954432710249_camera1-25.jpg 138 1295.36 1166.41 1120.7 1013.5 349.32 305.83
6954432710249_camera1-24.jpg 138 1292.68 1165.97 1124.33 1005.51 336.71 320.93
6954432710249_camera1-27.jpg 138 1296.44 1157.4 1108.53 1010.72 375.83 293.37
6954432710249_camera1-29.jpg 138 1311.1 1144.93 1121.7 1010.77 378.8 268.32
6954432710249_camera1-2.jpg 138 1250.34 1117.89 1124.61 978.57 251.46 278.64
6954432710249_camera1-28.jpg 138 1296.82 1151.35 1112.08 1015.76 369.48 271.17
6954432710249_camera1-30.jpg 138 1291.37 1140.99 1124.33 1029.19 334.08 223.6
6954432710249_camera1-31.jpg 138 1296.97 1133.59 1138.88 1038.06 316.17 191.05
6954432710249_camera1-32.jpg 138 1299.64 1127.68 1136.54 1018.26 326.21 218.84
6954432710249_camera1-35.jpg 138 1284.08 1123.86 1097.96 976.62 372.23 294.47
6954432710249_camera1-36.jpg 138 1282.16 1115.99 1098.02 958.16 368.28 315.67
6954432710249_camera1-33.jpg 138 1292.58 1126.89 1112.25 998.68 360.65 256.42
6954432710249_camera1-38.jpg 138 1264.24 1116.6 1100.9 967.54 326.67 298.12
6954432710249_camera1-34.jpg 138 1291.37 1123.89 1100.65 973.95 381.43 299.89
6954432710249_camera1-37.jpg 138 1273.07 1121.64 1099.09 970.09 347.96 303.11
6954432710249_camera1-40.jpg 138 1249.29 1116.0 1121.7 971.32 255.17 289.36
6954432710249_camera1-4.jpg 138 1238.54 1126.54 1082.23 976.34 312.62 300.39
6954432710249_camera1-3.jpg 138 1241.07 1120.55 1093.0 970.0 296.13 301.09
6954432710249_camera1-39.jpg 138 1259.81 1119.94 1116.44 966.05 286.73 307.78
6954432710249_camera1-7.jpg 138 1224.53 1136.51 1039.79 986.66 369.48 299.71
6954432710249_camera1-6.jpg 138 1228.07 1131.65 1046.56 974.25 363.01 314.8
6954432710249_camera1-5.jpg 138 1229.55 1130.47 1050.67 973.95 357.76 313.04
6954432710249_camera1-8.jpg 138 1225.26 1141.45 1040.4 1001.45 369.71 280.0
6954432710249_camera1-9.jpg 138 1219.25 1144.94 1038.03 1010.7 362.45 268.48
6954432710249_camera2-11.jpg 138 1283.48 905.55 1176.94 760.87 213.08 289.36
6954432710249_camera2-10.jpg 138 1275.82 905.13 1156.1 752.9 239.45 304.47
6954432710249_camera2-13.jpg 138 1293.29 898.39 1158.58 736.03 269.42 324.72
6954432710249_camera2-12.jpg 138 1285.94 902.88 1174.52 756.56 222.84 292.65
6954432710249_camera2-15.jpg 138 1297.99 893.28 1145.08 728.14 305.83 330.29
6954432710249_camera2-17.jpg 138 1304.52 885.82 1134.85 729.3 339.34 313.04
6954432710249_camera2-14.jpg 138 1296.13 896.27 1152.91 731.78 286.44 328.98
6954432710249_camera2-19.jpg 138 1306.4 873.22 1144.28 733.43 324.25 279.58
6954432710249_camera2-18.jpg 138 1305.79 880.66 1139.53 726.81 332.52 307.71
6954432710249_camera2-1.jpg 138 1236.13 880.56 1087.5 771.39 297.26 218.34
6954432710249_camera2-16.jpg 138 1302.06 888.12 1136.94 724.34 330.23 327.55
6954432710249_camera2-20.jpg 138 1304.74 863.95 1150.36 743.13 308.76 241.64
6954432710249_camera2-21.jpg 138 1305.84 863.47 1153.26 752.98 305.15 220.97
6954432710249_camera2-23.jpg 138 1297.94 852.94 1140.11 724.04 315.67 257.8
6954432710249_camera2-24.jpg 138 1295.89 848.05 1134.94 703.74 321.91 288.61
6954432710249_camera2-22.jpg 138 1306.53 854.11 1157.74 739.78 297.57 228.66
6954432710249_camera2-25.jpg 138 1293.41 841.89 1128.49 685.69 329.84 312.4
6954432710249_camera2-26.jpg 138 1288.27 842.9 1124.71 678.3 327.12 329.21
6954432710249_camera2-27.jpg 138 1282.16 843.73 1124.33 671.43 315.67 344.61
6954432710249_camera2-29.jpg 138 1272.25 837.48 1138.37 676.41 267.77 322.14
6954432710249_camera2-32.jpg 138 1258.39 839.49 1146.6 690.43 223.59 298.12
6954432710249_camera2-28.jpg 138 1278.22 838.47 1124.33 671.43 307.78 334.08
6954432710249_camera2-30.jpg 138 1267.95 835.86 1152.14 684.35 231.61 303.02
6954432710249_camera2-33.jpg 138 1254.52 841.78 1126.08 683.43 256.89 316.7
6954432710249_camera2-31.jpg 138 1262.93 837.02 1159.37 694.34 207.12 285.36
6954432710249_camera2-2.jpg 138 1241.89 884.11 1092.31 771.2 299.16 225.82
6954432710249_camera2-35.jpg 138 1244.84 851.07 1090.23 687.73 309.22 326.67
6954432710249_camera2-34.jpg 138 1253.23 852.94 1100.65 684.58 305.15 336.71
6954432710249_camera2-36.jpg 138 1239.41 853.37 1073.15 685.45 332.52 335.83
6954432710249_camera2-37.jpg 138 1241.34 858.9 1074.84 702.59 333.01 312.62
6954432710249_camera2-38.jpg 138 1237.62 863.18 1069.82 712.83 335.6 300.7
6954432710249_camera2-39.jpg 138 1239.41 870.74 1078.11 736.74 322.6 268.0
6954432710249_camera2-3.jpg 138 1242.35 889.13 1086.72 762.04 311.26 254.18
6954432710249_camera2-40.jpg 138 1240.08 871.36 1082.24 747.72 315.67 247.27
6954432710249_camera2-5.jpg 138 1251.47 898.39 1083.43 738.87 336.07 319.05
6954432710249_camera2-8.jpg 138 1264.7 902.63 1115.18 737.49 299.03 330.29
6954432710249_camera2-4.jpg 138 1240.07 889.77 1074.35 739.82 331.45 299.89
6954432710249_camera2-9.jpg 138 1270.84 903.83 1132.7 740.05 276.27 327.56
6954432710249_camera2-6.jpg 138 1253.5 900.68 1088.8 735.97 329.41 329.41
6954432710249_camera2-7.jpg 138 1259.8 897.66 1098.02 718.78 323.56 357.76
6954432710249_camera3-13.jpg 138 1350.72 1442.9 1147.24 1348.61 406.97 188.59
6954432710249_camera3-14.jpg 138 1351.9 1444.79 1147.59 1348.84 408.62 191.9
6954432710249_camera3-15.jpg 138 1354.14 1444.49 1150.41 1346.42 407.47 196.13
6954432710249_camera3-17.jpg 138 1366.78 1444.58 1192.8 1348.75 347.96 191.65
6954432710249_camera3-18.jpg 138 1375.56 1443.51 1205.88 1342.23 339.35 202.55
6954432710249_camera3-19.jpg 138 1376.72 1446.92 1227.83 1349.79 297.78 194.27
6954432710249_camera3-22.jpg 138 1410.99 1441.93 1248.45 1351.54 325.08 180.78
6954432710249_camera3-20.jpg 138 1389.21 1442.66 1262.12 1356.35 254.18 172.62
6954432710249_camera3-21.jpg 138 1405.22 1442.73 1258.81 1350.09 292.82 185.29
6954432710249_camera3-26.jpg 138 1416.3 1434.12 1215.7 1342.94 401.2 182.36
6954432710249_camera3-23.jpg 138 1413.69 1440.88 1229.55 1342.23 368.28 197.29
6954432710249_camera3-27.jpg 138 1416.42 1433.21 1217.07 1340.57 398.7 185.29
6954432710249_camera3-25.jpg 138 1417.09 1438.51 1217.28 1347.33 399.61 182.36
6954432710249_camera3-24.jpg 138 1419.34 1445.25 1221.64 1342.68 395.39 205.14
6954432710249_camera3-28.jpg 138 1413.79 1429.17 1221.47 1346.33 384.64 165.69
6954432710249_camera3-29.jpg 138 1411.74 1424.88 1235.04 1353.52 353.4 142.72
6954432710249_camera3-30.jpg 138 1420.86 1422.87 1249.6 1358.98 342.53 127.77
6954432710249_camera3-35.jpg 138 1393.5 1417.86 1195.69 1323.56 395.62 188.59
6954432710249_camera3-33.jpg 138 1408.03 1420.28 1206.66 1331.68 402.73 177.2
6954432710249_camera3-31.jpg 138 1417.63 1422.46 1237.44 1344.86 360.39 155.2
6954432710249_camera3-32.jpg 138 1413.72 1419.84 1225.02 1341.35 377.41 156.99
6954432710249_camera3-36.jpg 138 1384.28 1418.09 1196.39 1320.25 375.77 195.68
6954432710249_camera3-34.jpg 138 1396.08 1417.14 1203.75 1326.75 384.66 180.78
6954432710249_camera3-37.jpg 138 1378.84 1414.93 1198.95 1318.28 359.77 193.31
6954432710249_camera3-38.jpg 138 1370.93 1415.85 1210.46 1320.72 320.94 190.25
6954432710249_camera3-3.jpg 138 1354.52 1419.47 1183.26 1322.74 342.52 193.46
6954432710249_camera3-4.jpg 138 1342.66 1425.09 1155.89 1321.18 373.54 207.82
6954432710249_camera3-6.jpg 138 1338.66 1425.77 1140.97 1325.68 395.39 200.17
6954432710249_camera3-5.jpg 138 1339.19 1423.53 1142.56 1328.38 393.27 190.29
