6954432710645-back_camera0-12.jpg 139 1428.49 1071.56 1284.41 991.36 288.16 160.39
6954432710645-back_camera0-10.jpg 139 1411.06 1072.6 1255.86 981.84 310.41 181.51
6954432710645-back_camera0-11.jpg 139 1420.02 1074.27 1290.32 993.84 259.41 160.86
6954432710645-back_camera0-13.jpg 139 1431.54 1074.93 1255.0 989.85 353.08 170.16
6954432710645-back_camera0-14.jpg 139 1428.79 1075.45 1232.95 993.79 391.68 163.33
6954432710645-back_camera0-16.jpg 139 1415.01 1075.23 1174.31 981.84 481.4 186.77
6954432710645-back_camera0-15.jpg 139 1430.48 1074.22 1213.76 986.54 433.44 175.36
6954432710645-back_camera0-17.jpg 139 1425.85 1073.12 1190.02 991.57 471.65 163.11
6954432710645-back_camera0-18.jpg 139 1422.9 1075.22 1176.94 989.73 491.92 170.99
6954432710645-back_camera0-19.jpg 139 1423.87 1072.57 1187.3 989.85 473.14 165.43
6954432710645-back_camera0-21.jpg 139 1424.21 1067.33 1195.35 989.73 457.72 155.2
6954432710645-back_camera0-1.jpg 139 1439.38 1070.52 1220.55 1005.5 437.67 130.03
6954432710645-back_camera0-20.jpg 139 1420.19 1072.98 1190.63 995.12 459.11 155.72
6954432710645-back_camera0-22.jpg 139 1432.96 1070.91 1203.84 996.47 458.25 148.89
6954432710645-back_camera0-24.jpg 139 1431.25 1073.98 1193.38 998.55 475.73 150.87
6954432710645-back_camera0-23.jpg 139 1433.42 1076.54 1190.09 992.36 486.66 168.36
6954432710645-back_camera0-27.jpg 139 1427.18 1078.37 1207.15 994.82 440.05 167.09
6954432710645-back_camera0-25.jpg 139 1428.99 1073.91 1193.5 997.0 470.97 153.82
6954432710645-back_camera0-26.jpg 139 1428.16 1080.49 1190.09 994.99 476.14 170.99
6954432710645-back_camera0-28.jpg 139 1428.83 1080.84 1227.0 993.16 403.66 175.36
6954432710645-back_camera0-29.jpg 139 1433.42 1077.86 1250.6 989.73 365.65 176.25
6954432710645-back_camera0-30.jpg 139 1431.92 1075.22 1282.86 989.59 298.12 171.26
6954432710645-back_camera0-32.jpg 139 1452.82 1076.35 1300.38 991.27 304.87 170.16
6954432710645-back_camera0-33.jpg 139 1459.73 1071.28 1271.64 984.47 376.17 173.62
6954432710645-back_camera0-31.jpg 139 1445.96 1075.48 1314.12 993.93 263.69 163.11
6954432710645-back_camera0-35.jpg 139 1454.48 1075.88 1236.93 993.16 435.09 165.43
6954432710645-back_camera0-2.jpg 139 1446.94 1071.08 1226.52 1007.65 440.84 126.86
6954432710645-back_camera0-34.jpg 139 1462.36 1071.28 1261.12 984.47 402.48 173.62
6954432710645-back_camera0-37.jpg 139 1448.47 1077.33 1211.49 999.78 473.97 155.09
6954432710645-back_camera0-36.jpg 139 1449.4 1076.24 1223.43 998.54 451.94 155.41
6954432710645-back_camera0-38.jpg 139 1441.31 1077.85 1197.98 1000.25 486.66 155.2
6954432710645-back_camera0-39.jpg 139 1437.93 1075.06 1203.84 1003.09 468.18 143.93
6954432710645-back_camera0-3.jpg 139 1439.67 1072.39 1207.92 1009.19 463.5 126.41
6954432710645-back_camera0-5.jpg 139 1430.79 1072.6 1187.46 992.36 486.66 160.47
6954432710645-back_camera0-4.jpg 139 1435.86 1075.18 1198.46 1002.81 474.79 144.75
6954432710645-back_camera0-6.jpg 139 1423.87 1073.39 1192.26 998.12 463.21 150.54
6954432710645-back_camera0-40.jpg 139 1428.15 1073.9 1192.72 997.62 470.87 152.57
6954432710645-back_camera0-7.jpg 139 1420.37 1075.77 1206.97 1000.33 426.8 150.87
6954432710645-back_camera0-8.jpg 139 1415.01 1071.28 1208.51 981.84 413.0 178.88
6954432710645-back_camera0-9.jpg 139 1412.22 1072.46 1229.83 990.27 364.78 164.38
6954432710645-back_camera1-11.jpg 139 1262.44 1127.84 1040.15 994.99 444.57 265.69
6954432710645-back_camera1-10.jpg 139 1271.64 1122.57 1069.09 1002.88 405.11 239.38
6954432710645-back_camera1-12.jpg 139 1269.01 1126.53 1053.3 976.58 431.42 299.89
6954432710645-back_camera1-13.jpg 139 1266.38 1127.83 1048.04 966.05 436.68 323.56
6954432710645-back_camera1-15.jpg 139 1257.55 1128.92 1049.59 954.26 415.92 349.32
6954432710645-back_camera1-14.jpg 139 1263.51 1130.23 1046.56 961.49 433.91 337.48
6954432710645-back_camera1-17.jpg 139 1255.4 1132.12 1069.15 942.98 372.5 378.29
6954432710645-back_camera1-16.jpg 139 1252.99 1129.93 1056.88 949.55 392.21 360.76
6954432710645-back_camera1-19.jpg 139 1250.7 1133.14 1109.57 957.92 282.27 350.45
6954432710645-back_camera1-18.jpg 139 1251.54 1134.06 1082.66 946.84 337.76 374.43
6954432710645-back_camera1-20.jpg 139 1257.99 1125.63 1144.49 958.45 226.99 334.37
6954432710645-back_camera1-1.jpg 139 1273.33 1142.06 1131.05 961.73 284.55 360.65
6954432710645-back_camera1-21.jpg 139 1264.61 1126.42 1117.81 944.29 293.59 364.27
6954432710645-back_camera1-22.jpg 139 1263.4 1130.47 1096.31 941.88 334.18 377.19
6954432710645-back_camera1-23.jpg 139 1259.78 1133.73 1084.02 949.65 351.51 368.16
6954432710645-back_camera1-25.jpg 139 1255.86 1130.46 1042.78 939.75 426.15 381.43
6954432710645-back_camera1-24.jpg 139 1263.12 1130.19 1065.29 939.12 395.66 382.15
6954432710645-back_camera1-26.jpg 139 1256.69 1130.49 1041.26 955.83 430.87 349.32
6954432710645-back_camera1-28.jpg 139 1256.62 1129.53 1036.02 980.94 441.2 297.17
6954432710645-back_camera1-27.jpg 139 1256.33 1128.61 1038.28 967.65 436.09 321.91
6954432710645-back_camera1-2.jpg 139 1269.01 1139.67 1113.81 952.9 310.41 373.54
6954432710645-back_camera1-29.jpg 139 1250.5 1129.07 1042.54 1004.02 415.92 250.1
6954432710645-back_camera1-30.jpg 139 1254.54 1127.83 1048.04 1013.4 413.0 228.86
6954432710645-back_camera1-31.jpg 139 1260.46 1131.14 1058.28 1009.04 404.37 244.21
6954432710645-back_camera1-34.jpg 139 1255.86 1135.72 1034.89 960.79 441.94 349.87
6954432710645-back_camera1-32.jpg 139 1257.88 1131.93 1040.33 988.01 435.09 287.85
6954432710645-back_camera1-33.jpg 139 1262.48 1134.31 1046.03 975.73 432.91 317.15
6954432710645-back_camera1-36.jpg 139 1257.53 1138.88 1066.44 947.8 382.17 382.17
6954432710645-back_camera1-37.jpg 139 1254.68 1137.19 1071.53 946.9 366.31 380.58
6954432710645-back_camera1-35.jpg 139 1253.23 1137.04 1034.89 950.27 436.68 373.54
6954432710645-back_camera1-38.jpg 139 1257.57 1137.43 1097.86 950.54 319.42 373.79
6954432710645-back_camera1-39.jpg 139 1259.24 1133.34 1133.96 954.94 250.55 356.8
6954432710645-back_camera1-3.jpg 139 1271.64 1138.36 1084.87 947.64 373.54 381.43
6954432710645-back_camera1-9.jpg 139 1268.0 1129.57 1062.64 997.29 410.71 264.56
6954432710645-back_camera1-40.jpg 139 1263.2 1133.88 1149.03 963.3 228.35 341.17
6954432710645-back_camera1-4.jpg 139 1278.22 1131.78 1076.98 942.38 402.48 378.8
6954432710645-back_camera1-5.jpg 139 1273.84 1140.35 1065.2 958.21 417.28 364.27
6954432710645-back_camera1-8.jpg 139 1268.43 1130.27 1054.35 985.18 428.16 290.19
6954432710645-back_camera1-6.jpg 139 1271.64 1134.41 1050.67 960.79 441.94 347.24
6954432710645-back_camera1-7.jpg 139 1272.11 1130.7 1055.65 970.54 432.91 320.32
6954432710645-back_camera2-12.jpg 139 1267.91 863.17 1121.23 672.88 293.37 380.58
6954432710645-back_camera2-13.jpg 139 1272.3 866.59 1117.69 670.75 309.22 391.68
6954432710645-back_camera2-10.jpg 139 1265.95 859.61 1158.64 684.78 214.61 349.66
6954432710645-back_camera2-14.jpg 139 1266.81 863.3 1094.87 670.97 343.88 384.66
6954432710645-back_camera2-11.jpg 139 1268.61 863.61 1144.92 678.87 247.38 369.48
6954432710645-back_camera2-15.jpg 139 1265.82 867.59 1075.19 683.68 381.25 367.82
6954432710645-back_camera2-16.jpg 139 1265.46 866.92 1072.79 686.15 385.34 361.55
6954432710645-back_camera2-17.jpg 139 1267.33 869.37 1073.87 702.86 386.93 333.01
6954432710645-back_camera2-21.jpg 139 1268.13 870.32 1082.6 744.25 371.07 252.14
6954432710645-back_camera2-19.jpg 139 1264.86 871.38 1080.78 740.95 368.16 260.86
6954432710645-back_camera2-22.jpg 139 1267.15 870.28 1072.5 723.95 389.3 292.65
6954432710645-back_camera2-1.jpg 139 1282.16 862.14 1087.5 734.56 389.33 255.17
6954432710645-back_camera2-18.jpg 139 1266.21 872.64 1074.56 722.45 383.3 300.39
6954432710645-back_camera2-20.jpg 139 1263.75 873.99 1084.87 763.5 357.76 220.97
6954432710645-back_camera2-23.jpg 139 1270.19 871.95 1076.73 714.96 386.93 313.98
6954432710645-back_camera2-24.jpg 139 1269.83 873.02 1069.62 696.97 400.42 352.1
6954432710645-back_camera2-25.jpg 139 1270.33 868.72 1071.72 679.32 397.22 378.8
6954432710645-back_camera2-26.jpg 139 1271.93 873.35 1091.94 681.47 359.97 383.75
6954432710645-back_camera2-29.jpg 139 1273.69 879.23 1134.42 687.73 278.54 383.0
6954432710645-back_camera2-27.jpg 139 1270.33 875.3 1098.02 674.06 344.61 402.48
6954432710645-back_camera2-28.jpg 139 1275.89 870.72 1125.02 676.35 301.75 388.74
6954432710645-back_camera2-2.jpg 139 1275.65 861.94 1088.08 732.14 375.15 259.61
6954432710645-back_camera2-30.jpg 139 1273.32 871.57 1164.13 693.73 218.37 355.68
6954432710645-back_camera2-31.jpg 139 1275.2 869.32 1157.74 689.21 234.92 360.22
6954432710645-back_camera2-35.jpg 139 1280.77 870.74 1094.65 677.18 372.23 387.12
6954432710645-back_camera2-34.jpg 139 1278.16 870.46 1105.88 673.15 344.55 394.63
6954432710645-back_camera2-33.jpg 139 1277.7 870.78 1126.14 677.77 303.11 386.02
6954432710645-back_camera2-32.jpg 139 1276.9 868.72 1140.11 679.32 273.58 378.8
6954432710645-back_camera2-39.jpg 139 1277.46 860.81 1094.65 740.05 365.61 241.53
6954432710645-back_camera2-37.jpg 139 1277.69 863.65 1080.59 692.07 394.21 343.16
6954432710645-back_camera2-36.jpg 139 1278.22 866.09 1079.61 681.95 397.22 368.28
6954432710645-back_camera2-38.jpg 139 1276.77 863.05 1082.57 711.14 388.41 303.83
6954432710645-back_camera2-3.jpg 139 1276.9 863.47 1079.61 705.63 394.59 315.67
6954432710645-back_camera2-40.jpg 139 1276.27 864.36 1099.02 754.46 354.5 219.79
6954432710645-back_camera2-4.jpg 139 1270.85 863.65 1080.56 690.8 380.58 345.7
6954432710645-back_camera2-5.jpg 139 1272.77 862.88 1082.66 674.7 380.22 376.36
6954432710645-back_camera2-8.jpg 139 1269.58 860.95 1126.07 672.24 287.02 377.41
6954432710645-back_camera2-6.jpg 139 1266.38 858.2 1087.5 660.91 357.76 394.59
6954432710645-back_camera2-7.jpg 139 1269.83 862.23 1102.03 664.89 335.6 394.67
6954432710645-back_camera3-10.jpg 139 1389.85 1414.8 1164.65 1323.61 450.39 182.39
6954432710645-back_camera3-13.jpg 139 1380.24 1413.81 1148.98 1300.03 462.51 227.56
6954432710645-back_camera3-12.jpg 139 1382.12 1422.46 1142.74 1313.29 478.77 218.34
6954432710645-back_camera3-11.jpg 139 1382.13 1414.68 1151.8 1319.4 460.66 190.56
6954432710645-back_camera3-14.jpg 139 1373.29 1416.15 1143.73 1299.36 459.11 233.58
6954432710645-back_camera2-9.jpg 139 1266.7 861.63 1136.01 673.87 261.39 375.53
6954432710645-back_camera3-17.jpg 139 1364.06 1416.74 1190.08 1299.16 347.96 235.15
6954432710645-back_camera3-15.jpg 139 1365.97 1413.36 1154.21 1294.25 423.51 238.22
6954432710645-back_camera3-16.jpg 139 1370.36 1416.93 1168.99 1296.11 402.73 241.64
6954432710645-back_camera3-18.jpg 139 1365.23 1415.66 1214.45 1296.33 301.56 238.66
6954432710645-back_camera3-19.jpg 139 1366.34 1411.93 1229.55 1284.35 273.58 255.17
6954432710645-back_camera3-20.jpg 139 1385.82 1414.19 1238.58 1289.29 294.47 249.81
6954432710645-back_camera3-22.jpg 139 1382.43 1415.74 1183.42 1290.46 398.03 250.55
6954432710645-back_camera3-21.jpg 139 1382.51 1415.01 1193.91 1284.32 377.19 261.39
6954432710645-back_camera3-1.jpg 139 1392.86 1421.82 1208.95 1298.32 367.82 247.0
6954432710645-back_camera3-23.jpg 139 1388.71 1418.52 1171.68 1294.88 434.05 247.27
6954432710645-back_camera3-25.jpg 139 1374.56 1412.56 1141.45 1292.04 466.21 241.04
6954432710645-back_camera3-24.jpg 139 1380.5 1411.71 1154.33 1287.63 452.34 248.15
6954432710645-back_camera3-27.jpg 139 1369.34 1413.71 1137.82 1308.26 463.04 210.91
6954432710645-back_camera3-26.jpg 139 1373.4 1412.54 1132.7 1294.25 481.41 236.57
6954432710645-back_camera3-29.jpg 139 1372.16 1409.35 1152.01 1319.41 440.31 179.88
6954432710645-back_camera3-30.jpg 139 1380.95 1412.01 1159.87 1318.58 442.16 186.86
6954432710645-back_camera3-28.jpg 139 1367.34 1411.98 1138.63 1311.62 457.42 200.73
6954432710645-back_camera3-2.jpg 139 1397.9 1421.15 1200.61 1289.62 394.59 263.06
6954432710645-back_camera3-31.jpg 139 1378.75 1412.12 1143.83 1305.62 469.85 213.0
6954432710645-back_camera3-32.jpg 139 1376.11 1416.93 1141.41 1305.93 469.39 222.01
6954432710645-back_camera3-35.jpg 139 1369.28 1419.98 1149.25 1287.63 440.05 264.69
6954432710645-back_camera3-33.jpg 139 1376.39 1415.86 1142.49 1297.72 467.8 236.28
6954432710645-back_camera3-34.jpg 139 1371.26 1417.16 1141.7 1288.29 459.11 257.74
6954432710645-back_camera3-39.jpg 139 1391.84 1415.46 1261.8 1296.53 260.07 237.86
6954432710645-back_camera3-36.jpg 139 1367.62 1419.15 1172.41 1285.98 390.42 266.35
6954432710645-back_camera3-37.jpg 139 1358.46 1419.83 1166.42 1276.46 384.07 286.73
6954432710645-back_camera3-38.jpg 139 1370.08 1418.48 1222.61 1297.17 294.95 242.62
6954432710645-back_camera3-3.jpg 139 1398.22 1417.5 1185.64 1290.94 425.16 253.11
6954432710645-back_camera3-40.jpg 139 1390.02 1417.19 1226.92 1284.35 326.19 265.69
6954432710645-back_camera3-4.jpg 139 1392.25 1420.06 1166.28 1301.92 451.94 236.28
6954432710645-back_camera3-6.jpg 139 1386.4 1415.87 1148.35 1306.24 476.11 219.26
6954432710645-back_camera3-5.jpg 139 1390.01 1415.88 1153.26 1292.25 473.5 247.27
6954432710645-back_camera3-7.jpg 139 1384.5 1416.06 1150.0 1310.87 469.0 210.38
6954432710645-back_camera3-8.jpg 139 1382.65 1413.55 1165.27 1320.12 434.76 186.86
6954432710645-back_camera3-9.jpg 139 1380.81 1410.62 1155.89 1313.29 449.83 194.66
6954432710645_camera0-10.jpg 139 1410.89 1072.88 1262.62 994.39 296.54 156.99
6954432710645_camera0-12.jpg 139 1429.42 1069.97 1281.95 985.6 294.94 168.74
6954432710645_camera0-11.jpg 139 1417.08 1072.34 1287.09 987.77 259.98 169.14
6954432710645_camera0-14.jpg 139 1429.47 1072.6 1229.55 976.58 399.85 192.03
6954432710645_camera0-15.jpg 139 1426.67 1075.59 1213.38 990.75 426.57 169.68
6954432710645_camera0-16.jpg 139 1428.0 1074.22 1195.57 986.54 464.87 175.36
6954432710645_camera0-13.jpg 139 1431.08 1069.87 1258.23 987.41 345.7 164.92
6954432710645_camera0-18.jpg 139 1426.85 1075.23 1179.57 981.84 494.55 186.77
6954432710645_camera0-17.jpg 139 1427.27 1076.27 1187.39 989.42 479.76 173.71
6954432710645_camera0-1.jpg 139 1439.81 1070.35 1219.65 1004.57 440.31 131.56
6954432710645_camera0-20.jpg 139 1421.15 1073.27 1195.18 996.36 451.94 153.82
6954432710645_camera0-23.jpg 139 1430.57 1072.91 1196.67 1003.93 467.8 137.96
6954432710645_camera0-19.jpg 139 1418.95 1067.34 1179.57 976.58 478.77 181.51
6954432710645_camera0-21.jpg 139 1428.24 1071.64 1206.74 995.12 443.0 153.04
6954432710645_camera0-22.jpg 139 1434.13 1072.47 1208.16 1004.28 451.94 136.38
6954432710645_camera0-24.jpg 139 1437.37 1077.86 1192.72 997.62 489.29 160.47
6954432710645_camera0-25.jpg 139 1429.62 1073.8 1194.14 998.47 470.97 150.65
6954432710645_camera0-26.jpg 139 1425.52 1075.22 1190.09 994.99 470.87 160.47
6954432710645_camera0-28.jpg 139 1430.09 1077.62 1233.98 990.66 392.21 173.91
6954432710645_camera0-2.jpg 139 1444.74 1069.53 1221.9 1005.09 445.68 128.87
6954432710645_camera0-29.jpg 139 1426.84 1076.54 1247.96 984.47 357.76 184.14
6954432710645_camera0-27.jpg 139 1424.75 1075.23 1208.3 995.94 432.91 158.58
6954432710645_camera0-31.jpg 139 1445.26 1075.23 1305.84 981.84 278.84 186.77
6954432710645_camera0-30.jpg 139 1434.71 1076.23 1281.84 990.43 305.74 171.61
6954432710645_camera0-36.jpg 139 1448.61 1073.87 1220.26 1000.13 456.7 147.48
6954432710645_camera0-32.jpg 139 1454.46 1073.91 1287.42 987.1 334.08 173.62
6954432710645_camera0-37.jpg 139 1443.94 1076.54 1192.72 994.99 502.44 163.1
6954432710645_camera0-35.jpg 139 1451.26 1073.34 1236.65 997.49 429.21 151.7
6954432710645_camera0-34.jpg 139 1449.2 1064.71 1240.07 971.32 418.26 186.77
6954432710645_camera0-33.jpg 139 1454.82 1072.99 1276.42 992.91 356.8 160.16
6954432710645_camera0-38.jpg 139 1438.68 1073.91 1192.72 992.36 491.92 163.1
6954432710645_camera0-39.jpg 139 1436.2 1074.76 1203.1 1005.78 466.21 137.96
6954432710645_camera0-40.jpg 139 1436.28 1073.4 1210.46 1003.09 451.63 140.62
6954432710645_camera0-4.jpg 139 1436.05 1080.48 1192.72 1000.25 486.66 160.47
6954432710645_camera0-5.jpg 139 1433.18 1070.44 1195.57 999.29 475.22 142.3
6954432710645_camera0-6.jpg 139 1425.95 1070.72 1199.18 1000.94 453.53 139.55
6954432710645_camera0-3.jpg 139 1442.61 1074.55 1208.11 1006.03 469.0 137.03
6954432710645_camera0-7.jpg 139 1408.43 1069.97 1182.2 979.21 452.46 181.51
6954432710645_camera0-8.jpg 139 1414.25 1074.53 1215.37 1000.53 397.76 148.0
6954432710645_camera0-9.jpg 139 1409.74 1068.65 1224.29 981.84 370.91 173.62
6954432710645_camera1-12.jpg 139 1240.41 1152.31 1080.66 953.41 319.5 397.8
6954432710645_camera1-11.jpg 139 1238.5 1144.83 1106.22 964.45 264.56 360.76
6954432710645_camera1-13.jpg 139 1242.7 1148.88 1053.3 950.27 378.8 397.22
6954432710645_camera1-10.jpg 139 1229.49 1144.65 1111.2 964.33 236.57 360.65
6954432710645_camera1-15.jpg 139 1252.93 1157.1 1039.94 967.59 425.99 379.01
6954432710645_camera1-14.jpg 139 1248.5 1155.28 1048.33 960.07 400.35 390.42
6954432710645_camera1-17.jpg 139 1259.49 1155.33 1037.1 989.32 444.79 332.02
6954432710645_camera1-16.jpg 139 1256.47 1157.38 1039.22 981.36 434.5 352.04
6954432710645_camera1-18.jpg 139 1263.58 1153.63 1044.38 998.12 438.4 311.02
6954432710645_camera1-19.jpg 139 1268.46 1155.07 1061.52 1025.83 413.88 258.48
6954432710645_camera1-1.jpg 139 1242.71 1110.74 1034.89 976.58 415.63 268.32
6954432710645_camera1-21.jpg 139 1287.25 1149.5 1074.94 1016.32 424.61 266.35
6954432710645_camera1-20.jpg 139 1278.23 1148.96 1078.42 1039.54 399.61 218.84
6954432710645_camera1-22.jpg 139 1291.46 1149.43 1070.63 995.95 441.66 306.97
6954432710645_camera1-24.jpg 139 1288.75 1146.24 1071.72 966.05 434.05 360.39
6954432710645_camera1-23.jpg 139 1290.56 1148.88 1072.51 987.13 436.09 323.5
6954432710645_camera1-26.jpg 139 1292.35 1137.91 1093.0 946.84 398.7 382.15
6954432710645_camera1-25.jpg 139 1290.91 1142.99 1083.18 959.04 415.47 367.9
6954432710645_camera1-28.jpg 139 1289.61 1128.38 1128.85 938.03 321.52 380.7
6954432710645_camera1-27.jpg 139 1291.11 1136.95 1107.75 939.12 366.71 395.66
6954432710645_camera1-29.jpg 139 1289.73 1124.3 1157.32 942.73 264.82 363.14
6954432710645_camera1-2.jpg 139 1235.13 1114.76 1017.04 964.21 436.19 301.09
6954432710645_camera1-30.jpg 139 1292.68 1121.26 1171.68 939.75 242.01 363.02
6954432710645_camera1-33.jpg 139 1292.13 1116.22 1112.94 938.62 358.38 355.21
6954432710645_camera1-34.jpg 139 1286.56 1115.59 1089.69 935.26 393.73 360.65
6954432710645_camera1-31.jpg 139 1298.14 1123.24 1157.19 948.72 281.91 349.03
6954432710645_camera1-37.jpg 139 1259.19 1104.91 1047.49 953.47 423.4 302.88
6954432710645_camera1-32.jpg 139 1288.74 1117.32 1121.7 926.6 334.08 381.43
6954432710645_camera1-39.jpg 139 1248.51 1104.83 1046.68 979.93 403.66 249.8
6954432710645_camera1-4.jpg 139 1225.85 1120.3 1010.98 956.18 429.74 328.25
6954432710645_camera1-35.jpg 139 1275.58 1114.68 1066.45 937.12 418.26 355.13
6954432710645_camera1-38.jpg 139 1257.0 1105.16 1043.56 964.21 426.89 281.91
6954432710645_camera1-36.jpg 139 1270.46 1108.55 1058.63 944.82 423.66 327.46
6954432710645_camera1-3.jpg 139 1231.28 1118.62 1011.25 954.56 440.05 328.11
6954432710645_camera1-40.jpg 139 1249.34 1103.18 1051.64 994.82 395.39 216.72
6954432710645_camera1-7.jpg 139 1217.62 1135.86 1046.36 955.87 342.53 359.97
6954432710645_camera1-5.jpg 139 1213.77 1125.2 995.43 937.12 436.68 376.17
6954432710645_camera1-6.jpg 139 1219.24 1130.91 1021.91 945.66 394.67 370.51
6954432710645_camera1-9.jpg 139 1220.38 1141.22 1079.76 961.73 281.24 358.99
6954432710645_camera2-10.jpg 139 1286.08 897.06 1114.02 795.57 344.11 202.98
6954432710645_camera1-8.jpg 139 1220.07 1134.89 1063.45 956.35 313.23 357.08
6954432710645_camera2-12.jpg 139 1293.99 892.57 1105.29 754.61 377.41 275.92
6954432710645_camera2-13.jpg 139 1298.96 889.17 1103.28 727.52 391.37 323.3
6954432710645_camera2-11.jpg 139 1287.42 892.39 1100.65 768.76 373.54 247.27
6954432710645_camera2-14.jpg 139 1299.11 885.38 1105.64 709.36 386.93 352.04
6954432710645_camera2-18.jpg 139 1303.51 866.93 1156.29 675.86 294.44 382.14
6954432710645_camera2-17.jpg 139 1304.01 869.74 1136.68 673.34 334.65 392.79
6954432710645_camera2-15.jpg 139 1303.13 880.81 1117.6 695.28 371.07 371.07
6954432710645_camera2-19.jpg 139 1303.13 858.01 1175.23 667.99 255.8 380.05
6954432710645_camera2-16.jpg 139 1302.58 878.11 1122.2 686.63 360.76 382.96
6954432710645_camera2-1.jpg 139 1240.08 881.87 1116.44 689.84 247.27 384.06
6954432710645_camera2-22.jpg 139 1298.14 846.91 1160.97 660.59 274.34 372.65
6954432710645_camera2-21.jpg 139 1299.85 851.38 1184.09 668.23 231.52 366.31
6954432710645_camera2-20.jpg 139 1300.26 856.78 1195.33 679.81 209.86 353.95
6954432710645_camera2-23.jpg 139 1295.32 842.41 1137.48 642.49 315.67 399.85
6954432710645_camera2-27.jpg 139 1273.32 837.65 1078.11 670.56 390.42 334.18
6954432710645_camera2-25.jpg 139 1278.89 840.32 1093.81 655.23 370.17 370.17
6954432710645_camera2-26.jpg 139 1275.59 837.16 1079.61 655.65 391.96 363.02
6954432710645_camera2-24.jpg 139 1288.21 843.44 1112.85 645.75 350.72 395.39
6954432710645_camera2-29.jpg 139 1259.8 835.85 1069.09 703.0 381.43 265.69
6954432710645_camera2-30.jpg 139 1257.61 840.13 1081.42 733.43 352.37 213.41
6954432710645_camera2-28.jpg 139 1264.46 834.03 1072.5 686.37 383.93 295.33
6954432710645_camera2-34.jpg 139 1242.7 854.25 1048.04 671.43 389.33 365.65
6954432710645_camera2-38.jpg 139 1237.75 873.22 1091.34 680.49 292.82 385.46
6954432710645_camera2-2.jpg 139 1252.07 893.95 1104.06 697.84 296.01 392.21
6954432710645_camera2-32.jpg 139 1249.28 843.73 1055.93 692.47 386.7 302.52
6954432710645_camera2-31.jpg 139 1256.07 840.96 1075.69 725.33 360.76 231.26
6954432710645_camera2-36.jpg 139 1236.1 860.95 1055.64 666.98 360.92 387.94
6954432710645_camera2-35.jpg 139 1240.07 854.26 1050.67 658.28 378.8 391.96
6954432710645_camera2-33.jpg 139 1247.02 844.77 1048.34 683.68 397.36 322.18
6954432710645_camera2-37.jpg 139 1235.26 865.27 1069.55 672.6 331.42 385.34
6954432710645_camera2-40.jpg 139 1243.55 883.15 1142.63 705.31 201.83 355.68
6954432710645_camera2-3.jpg 139 1254.94 893.94 1091.21 698.76 327.46 390.36
6954432710645_camera2-4.jpg 139 1255.07 897.13 1080.56 702.48 349.03 389.3
6954432710645_camera2-39.jpg 139 1239.4 876.53 1112.85 690.42 253.11 372.23
6954432710645_camera2-5.jpg 139 1259.75 902.88 1074.21 714.96 371.07 375.83
6954432710645_camera2-7.jpg 139 1272.8 901.67 1080.92 745.47 383.76 312.4
6954432710645_camera2-9.jpg 139 1281.24 899.82 1094.77 774.32 372.94 250.99
6954432710645_camera2-6.jpg 139 1266.61 902.08 1073.87 722.86 385.49 358.44
6954432710645_camera3-10.jpg 139 1356.65 1413.73 1209.18 1283.69 294.95 260.07
6954432710645_camera2-8.jpg 139 1277.9 901.69 1088.3 760.09 379.21 283.2
6954432710645_camera3-14.jpg 139 1368.92 1419.62 1141.37 1289.59 455.11 260.07
6954432710645_camera3-11.jpg 139 1358.38 1419.15 1187.91 1290.71 340.94 256.89
6954432710645_camera3-12.jpg 139 1364.72 1416.89 1170.47 1282.89 388.51 267.99
6954432710645_camera3-13.jpg 139 1366.8 1419.97 1149.25 1284.32 435.09 271.31
6954432710645_camera3-15.jpg 139 1370.17 1419.78 1132.56 1290.91 475.22 257.74
6954432710645_camera3-16.jpg 139 1373.28 1419.74 1137.8 1302.39 470.97 234.69
6954432710645_camera3-18.jpg 139 1382.94 1414.72 1155.52 1307.76 454.85 213.92
6954432710645_camera3-17.jpg 139 1377.26 1419.62 1147.33 1307.03 459.87 225.18
6954432710645_camera3-19.jpg 139 1395.81 1412.4 1178.12 1321.57 435.39 181.67
6954432710645_camera3-20.jpg 139 1404.33 1408.71 1171.84 1303.63 464.98 210.16
6954432710645_camera3-1.jpg 139 1352.54 1396.92 1127.36 1300.98 450.36 191.88
6954432710645_camera3-21.jpg 139 1410.14 1416.17 1173.57 1304.5 473.14 223.34
6954432710645_camera3-24.jpg 139 1406.88 1413.18 1182.5 1289.49 448.77 247.38
6954432710645_camera3-25.jpg 139 1409.67 1412.73 1202.47 1287.85 414.41 249.76
6954432710645_camera3-26.jpg 139 1404.68 1409.62 1212.01 1284.34 385.34 250.55
6954432710645_camera3-23.jpg 139 1409.2 1414.64 1175.03 1293.14 468.34 243.01
6954432710645_camera3-22.jpg 139 1408.43 1415.88 1163.79 1292.25 489.29 247.27
6954432710645_camera3-27.jpg 139 1402.27 1402.65 1237.62 1278.7 329.31 247.91
6954432710645_camera3-28.jpg 139 1403.15 1401.99 1263.47 1278.96 279.36 246.06
6954432710645_camera3-29.jpg 139 1416.76 1400.0 1292.28 1286.62 248.97 226.76
6954432710645_camera3-2.jpg 139 1345.68 1400.8 1115.75 1294.56 459.87 212.49
6954432710645_camera3-30.jpg 139 1419.58 1402.76 1270.74 1289.26 297.67 226.99
6954432710645_camera3-36.jpg 139 1376.86 1396.16 1145.37 1289.62 462.98 213.08
6954432710645_camera3-31.jpg 139 1417.61 1401.85 1239.26 1286.78 356.7 230.13
6954432710645_camera3-32.jpg 139 1409.99 1404.42 1212.73 1287.06 394.51 234.73
6954432710645_camera3-38.jpg 139 1362.26 1389.61 1147.39 1306.36 429.74 166.51
6954432710645_camera3-33.jpg 139 1404.2 1399.6 1195.08 1289.5 418.25 220.19
6954432710645_camera3-35.jpg 139 1388.7 1393.52 1155.89 1284.35 465.61 218.34
6954432710645_camera3-34.jpg 139 1396.62 1395.41 1175.41 1286.79 442.43 217.25
6954432710645_camera3-37.jpg 139 1373.79 1393.77 1144.81 1297.12 457.96 193.31
6954432710645_camera3-39.jpg 139 1364.44 1393.29 1155.91 1316.38 417.06 153.82
6954432710645_camera3-4.jpg 139 1333.24 1401.87 1111.23 1293.24 444.01 217.25
6954432710645_camera3-5.jpg 139 1329.29 1403.14 1115.21 1287.61 428.16 231.07
6954432710645_camera3-3.jpg 139 1338.72 1400.1 1098.02 1281.72 481.4 236.75
6954432710645_camera3-7.jpg 139 1328.01 1407.81 1172.61 1293.63 310.81 228.35
6954432710645_camera3-6.jpg 139 1327.21 1412.2 1132.56 1286.02 389.3 252.37
6954432710645_camera3-40.jpg 139 1361.08 1393.53 1126.96 1297.51 468.24 192.03
6954432710645_camera3-8.jpg 139 1331.32 1410.2 1198.91 1291.27 264.82 237.86
6954432710645_camera3-9.jpg 139 1342.94 1412.06 1219.25 1294.71 247.38 234.69
