6907777825963-back_camera0-11.jpg 14 1442.05 1334.73 957.81 1157.37 968.48 354.72
6907777825963-back_camera0-12.jpg 14 1530.76 1325.13 1034.89 1152.83 991.73 344.61
6907777825963-back_camera0-10.jpg 14 1326.75 1340.63 834.95 1145.26 983.6 390.75
6907777825963-back_camera0-16.jpg 14 1540.33 1296.21 907.05 1149.92 1266.56 292.58
6907777825963-back_camera0-13.jpg 14 1547.85 1315.91 1005.95 1147.56 1083.8 336.71
6907777825963-back_camera0-14.jpg 14 1554.43 1298.82 958.6 1131.78 1191.65 334.08
6907777825963-back_camera0-15.jpg 14 1548.46 1308.52 931.79 1150.34 1233.34 316.36
6907777825963-back_camera0-18.jpg 14 1503.01 1288.55 879.77 1161.38 1246.48 254.33
6907777825963-back_camera0-17.jpg 14 1513.65 1297.51 861.27 1152.83 1304.77 289.36
6907777825963-back_camera0-19.jpg 14 1489.29 1285.38 895.42 1167.9 1187.74 234.96
6907777825963-back_camera0-1.jpg 14 1312.41 1293.56 703.43 1150.19 1217.96 286.73
6907777825963-back_camera0-20.jpg 14 1536.53 1270.92 923.46 1153.02 1226.13 235.8
6907777825963-back_camera0-22.jpg 14 1571.53 1255.42 937.56 1155.46 1267.94 199.92
6907777825963-back_camera0-21.jpg 14 1569.74 1268.4 972.94 1161.38 1193.6 214.04
6907777825963-back_camera0-24.jpg 14 1539.96 1256.73 913.88 1168.61 1252.16 176.25
6907777825963-back_camera0-25.jpg 14 1502.56 1261.03 893.34 1165.75 1218.44 190.56
6907777825963-back_camera0-23.jpg 14 1591.14 1257.07 985.53 1171.45 1211.22 171.23
6907777825963-back_camera0-28.jpg 14 1417.63 1242.26 877.05 1137.04 1081.17 210.45
6907777825963-back_camera0-26.jpg 14 1500.49 1246.21 879.68 1152.83 1241.63 186.77
6907777825963-back_camera0-2.jpg 14 1360.73 1296.1 768.97 1161.38 1183.52 269.44
6907777825963-back_camera0-27.jpg 14 1461.47 1258.25 881.12 1158.64 1160.69 199.22
6907777825963-back_camera0-30.jpg 14 1383.43 1252.79 921.77 1152.83 923.33 199.92
6907777825963-back_camera0-29.jpg 14 1390.48 1249.83 904.0 1152.96 972.96 193.74
6907777825963-back_camera0-32.jpg 14 1475.31 1240.69 1053.52 1153.82 843.58 173.75
6907777825963-back_camera0-31.jpg 14 1428.16 1255.41 1000.69 1147.56 854.94 215.71
6907777825963-back_camera0-33.jpg 14 1455.78 1249.09 953.74 1150.8 1004.07 196.57
6907777825963-back_camera0-34.jpg 14 1446.43 1257.16 914.2 1156.11 1064.45 202.11
6907777825963-back_camera0-37.jpg 14 1342.66 1255.41 740.26 1137.04 1204.81 236.75
6907777825963-back_camera0-36.jpg 14 1380.34 1248.79 794.33 1157.06 1172.01 183.46
6907777825963-back_camera0-35.jpg 14 1393.12 1250.71 803.29 1150.89 1179.66 199.64
6907777825963-back_camera0-38.jpg 14 1312.41 1254.1 700.8 1147.56 1223.22 213.08
6907777825963-back_camera0-39.jpg 14 1295.34 1265.41 698.95 1156.36 1192.78 218.1
6907777825963-back_camera0-3.jpg 14 1379.61 1309.95 781.56 1166.41 1196.11 287.07
6907777825963-back_camera0-6.jpg 14 1334.78 1336.96 682.39 1147.56 1304.77 378.8
6907777825963-back_camera0-4.jpg 14 1354.31 1317.84 721.58 1153.67 1265.46 328.33
6907777825963-back_camera0-40.jpg 14 1298.44 1291.0 705.72 1161.07 1185.44 259.86
6907777825963-back_camera0-5.jpg 14 1333.95 1336.62 688.76 1158.78 1290.38 355.68
6907777825963-back_camera1-10.jpg 14 1259.81 1263.31 853.38 810.85 812.85 904.92
6907777825963-back_camera0-8.jpg 14 1300.29 1343.94 708.53 1156.34 1183.52 375.2
6907777825963-back_camera0-7.jpg 14 1314.42 1345.24 684.03 1152.75 1260.78 384.97
6907777825963-back_camera0-9.jpg 14 1309.79 1335.65 766.57 1131.78 1086.43 407.74
6907777825963-back_camera1-13.jpg 14 1379.15 1290.29 864.33 791.19 1029.64 998.2
6907777825963-back_camera1-14.jpg 14 1373.32 1286.03 831.92 783.66 1082.8 1004.74
6907777825963-back_camera1-11.jpg 14 1360.09 1272.8 952.57 826.51 815.04 892.58
6907777825963-back_camera1-16.jpg 14 1362.39 1250.15 790.24 787.17 1144.3 925.96
6907777825963-back_camera1-15.jpg 14 1367.02 1270.91 801.7 781.14 1130.64 979.55
6907777825963-back_camera1-12.jpg 14 1372.6 1285.7 904.94 798.39 935.32 974.62
6907777825963-back_camera1-17.jpg 14 1338.72 1227.8 769.2 784.54 1139.04 886.51
6907777825963-back_camera1-18.jpg 14 1339.82 1207.78 783.54 804.52 1112.57 806.52
6907777825963-back_camera1-19.jpg 14 1345.3 1183.08 813.92 824.0 1062.76 718.15
6907777825963-back_camera1-20.jpg 14 1413.21 1145.76 872.19 866.08 1082.04 559.36
6907777825963-back_camera1-1.jpg 14 1228.24 1193.45 690.95 833.44 1074.58 720.02
6907777825963-back_camera1-21.jpg 14 1425.41 1133.12 899.1 860.06 1052.62 546.11
6907777825963-back_camera1-24.jpg 14 1359.76 1155.45 782.35 784.54 1154.83 741.82
6907777825963-back_camera1-23.jpg 14 1394.21 1150.12 814.55 806.25 1159.33 687.74
6907777825963-back_camera1-22.jpg 14 1407.11 1133.1 832.33 810.85 1149.56 644.49
6907777825963-back_camera1-25.jpg 14 1331.3 1151.03 776.12 762.48 1110.37 777.09
6907777825963-back_camera1-26.jpg 14 1321.51 1154.92 775.91 765.21 1091.21 779.43
6907777825963-back_camera1-27.jpg 14 1294.01 1152.63 785.08 760.62 1017.85 784.02
6907777825963-back_camera1-29.jpg 14 1251.91 1135.72 845.49 784.54 812.85 702.37
6907777825963-back_camera1-28.jpg 14 1275.66 1148.05 798.83 769.79 953.66 756.51
6907777825963-back_camera1-31.jpg 14 1314.95 1106.89 912.14 737.48 805.63 738.82
6907777825963-back_camera1-30.jpg 14 1280.26 1110.47 899.14 768.32 762.24 684.29
6907777825963-back_camera1-2.jpg 14 1224.53 1219.49 656.56 812.2 1135.94 814.57
6907777825963-back_camera1-32.jpg 14 1304.22 1122.2 855.04 731.18 898.36 782.04
6907777825963-back_camera1-33.jpg 14 1290.72 1134.4 785.73 713.9 1009.99 841.0
6907777825963-back_camera1-34.jpg 14 1273.51 1141.79 744.65 713.99 1057.71 855.6
6907777825963-back_camera1-35.jpg 14 1234.78 1149.09 667.18 729.71 1135.19 838.76
6907777825963-back_camera1-36.jpg 14 1229.65 1149.01 662.92 738.19 1133.47 821.64
6907777825963-back_camera1-38.jpg 14 1181.83 1149.53 631.8 807.38 1100.06 684.29
6907777825963-back_camera1-37.jpg 14 1200.01 1161.8 629.19 760.62 1141.64 802.36
6907777825963-back_camera1-6.jpg 14 1197.72 1281.01 610.85 756.04 1173.74 1049.94
6907777825963-back_camera1-3.jpg 14 1218.35 1237.45 624.6 788.13 1187.49 898.64
6907777825963-back_camera1-5.jpg 14 1195.1 1273.26 599.71 762.37 1190.77 1021.78
6907777825963-back_camera1-39.jpg 14 1175.21 1151.08 645.6 830.59 1059.22 640.98
6907777825963-back_camera1-40.jpg 14 1211.47 1177.86 688.79 856.91 1045.36 641.89
6907777825963-back_camera1-4.jpg 14 1208.2 1258.85 604.95 773.5 1206.49 970.69
6907777825963-back_camera1-8.jpg 14 1209.17 1281.01 688.79 756.04 1040.77 1049.94
6907777825963-back_camera1-7.jpg 14 1204.59 1290.18 652.11 765.21 1104.96 1049.94
6907777825963-back_camera1-9.jpg 14 1225.88 1274.57 787.7 795.12 876.37 958.9
6907777825963-back_camera2-11.jpg 14 1358.0 853.22 886.41 506.27 943.18 693.91
6907777825963-back_camera2-12.jpg 14 1355.89 838.56 853.85 444.26 1004.09 788.6
6907777825963-back_camera2-10.jpg 14 1335.24 872.65 889.78 541.03 890.93 663.25
6907777825963-back_camera2-13.jpg 14 1347.18 836.7 828.19 399.96 1037.98 873.49
6907777825963-back_camera2-14.jpg 14 1342.58 829.25 812.58 352.57 1059.99 953.36
6907777825963-back_camera2-16.jpg 14 1313.26 809.27 808.94 304.0 1008.63 1010.55
6907777825963-back_camera2-15.jpg 14 1329.61 820.35 806.05 327.58 1047.12 985.53
6907777825963-back_camera2-17.jpg 14 1301.09 809.05 829.6 306.37 942.97 1005.36
6907777825963-back_camera2-22.jpg 14 1237.38 789.6 814.87 284.32 845.01 1010.55
6907777825963-back_camera2-21.jpg 14 1256.67 776.77 904.94 315.01 703.46 923.53
6907777825963-back_camera2-19.jpg 14 1273.28 800.97 882.85 338.59 780.85 924.77
6907777825963-back_camera2-1.jpg 14 1281.48 960.38 918.65 479.16 725.67 962.43
6907777825963-back_camera2-20.jpg 14 1257.94 779.77 943.88 343.57 628.13 872.4
6907777825963-back_camera2-18.jpg 14 1289.51 803.25 849.92 309.77 879.18 986.97
6907777825963-back_camera2-24.jpg 14 1226.54 796.75 751.74 274.8 949.59 1043.89
6907777825963-back_camera2-25.jpg 14 1216.37 810.88 712.05 301.75 1008.63 1018.25
6907777825963-back_camera2-26.jpg 14 1215.4 820.0 696.65 311.08 1037.5 1017.85
6907777825963-back_camera2-23.jpg 14 1232.8 788.85 786.95 275.18 891.69 1027.34
6907777825963-back_camera2-28.jpg 14 1195.56 841.59 698.94 406.84 993.23 869.49
6907777825963-back_camera2-27.jpg 14 1204.6 831.69 693.38 347.98 1022.43 967.42
6907777825963-back_camera2-29.jpg 14 1192.65 853.81 728.09 475.51 929.12 756.59
6907777825963-back_camera2-30.jpg 14 1187.65 867.9 756.17 544.6 862.96 646.61
6907777825963-back_camera2-2.jpg 14 1294.0 957.77 881.36 444.26 825.28 1027.02
6907777825963-back_camera2-33.jpg 14 1186.24 907.61 665.12 446.76 1042.23 921.7
6907777825963-back_camera2-35.jpg 14 1200.32 928.62 684.46 414.68 1031.72 1027.87
6907777825963-back_camera2-31.jpg 14 1182.84 885.22 707.88 519.74 949.92 730.96
6907777825963-back_camera2-34.jpg 14 1191.71 913.08 663.75 430.49 1055.92 965.18
6907777825963-back_camera2-32.jpg 14 1182.07 893.0 682.46 483.55 999.22 818.9
6907777825963-back_camera2-37.jpg 14 1216.06 932.55 730.06 407.58 972.0 1049.94
6907777825963-back_camera2-36.jpg 14 1208.53 930.85 703.13 411.39 1010.8 1038.92
6907777825963-back_camera2-39.jpg 14 1243.57 937.25 852.54 455.84 782.05 962.83
6907777825963-back_camera2-3.jpg 14 1302.08 956.19 853.58 432.69 896.99 1047.01
6907777825963-back_camera2-38.jpg 14 1233.78 941.95 813.89 453.59 839.79 976.73
6907777825963-back_camera2-40.jpg 14 1272.15 955.07 947.9 505.91 648.5 898.31
6907777825963-back_camera2-5.jpg 14 1321.8 933.89 813.73 414.14 1016.13 1039.51
6907777825963-back_camera2-6.jpg 14 1326.1 925.67 803.42 407.58 1045.36 1036.19
6907777825963-back_camera2-4.jpg 14 1309.67 948.55 832.03 415.64 955.28 1065.82
6907777825963-back_camera3-11.jpg 14 1516.93 1510.42 988.09 1232.49 1057.67 555.86
6907777825963-back_camera3-10.jpg 14 1489.06 1515.74 1018.84 1240.21 940.43 551.06
6907777825963-back_camera2-8.jpg 14 1328.38 900.47 821.75 439.68 1013.26 921.57
6907777825963-back_camera2-9.jpg 14 1327.08 879.01 863.04 501.82 928.08 754.38
6907777825963-back_camera2-7.jpg 14 1328.65 916.23 817.19 437.77 1022.92 956.93
6907777825963-back_camera3-13.jpg 14 1516.64 1519.22 910.31 1223.28 1212.66 591.89
6907777825963-back_camera3-17.jpg 14 1449.39 1464.41 868.72 1235.4 1161.34 458.02
6907777825963-back_camera3-15.jpg 14 1486.74 1500.7 863.06 1232.7 1247.37 536.01
6907777825963-back_camera3-16.jpg 14 1476.7 1487.6 861.71 1234.96 1229.98 505.28
6907777825963-back_camera3-14.jpg 14 1504.53 1508.38 884.16 1223.0 1240.75 570.75
6907777825963-back_camera3-18.jpg 14 1485.33 1437.15 895.59 1232.57 1179.48 409.17
6907777825963-back_camera3-1.jpg 14 1334.17 1495.78 722.89 1224.79 1222.56 541.99
6907777825963-back_camera3-19.jpg 14 1521.49 1437.93 921.76 1264.69 1199.46 346.47
6907777825963-back_camera3-20.jpg 14 1560.27 1414.33 969.67 1264.61 1181.2 299.44
6907777825963-back_camera3-21.jpg 14 1551.84 1409.58 952.22 1257.55 1199.23 304.05
6907777825963-back_camera3-22.jpg 14 1508.39 1411.93 892.84 1237.0 1231.11 349.87
6907777825963-back_camera3-25.jpg 14 1406.93 1422.93 854.62 1241.42 1104.62 363.01
6907777825963-back_camera3-28.jpg 14 1346.61 1415.88 916.51 1239.63 860.2 352.5
6907777825963-back_camera3-23.jpg 14 1484.41 1421.51 878.79 1242.26 1211.25 358.49
6907777825963-back_camera3-26.jpg 14 1380.81 1415.88 837.59 1229.11 1086.43 373.54
6907777825963-back_camera3-24.jpg 14 1458.29 1422.2 859.86 1244.81 1196.86 354.79
6907777825963-back_camera3-29.jpg 14 1395.28 1414.57 977.01 1250.16 836.53 328.82
6907777825963-back_camera3-32.jpg 14 1405.13 1419.59 874.8 1228.87 1060.67 381.44
6907777825963-back_camera3-27.jpg 14 1362.29 1428.96 868.64 1249.87 987.3 358.19
6907777825963-back_camera3-31.jpg 14 1417.63 1417.2 929.66 1221.22 975.95 391.96
6907777825963-back_camera3-30.jpg 14 1441.22 1408.3 1019.8 1242.84 842.85 330.92
6907777825963-back_camera3-2.jpg 14 1317.49 1509.77 694.27 1221.91 1246.43 575.71
6907777825963-back_camera3-34.jpg 14 1355.82 1427.72 779.72 1226.48 1152.19 402.48
6907777825963-back_camera3-33.jpg 14 1377.31 1426.73 807.75 1227.33 1139.12 398.8
6907777825963-back_camera3-35.jpg 14 1305.84 1429.04 703.43 1226.48 1204.81 405.11
6907777825963-back_camera3-36.jpg 14 1292.58 1422.9 694.5 1235.64 1196.16 374.52
6907777825963-back_camera3-37.jpg 14 1267.21 1424.36 678.74 1242.14 1176.94 364.43
6907777825963-back_camera3-38.jpg 14 1261.12 1436.92 695.54 1234.37 1131.15 405.11
6907777825963-back_camera3-39.jpg 14 1278.21 1452.71 690.28 1237.0 1175.87 431.42
6907777825963-back_camera3-7.jpg 14 1276.9 1536.89 727.11 1189.65 1099.58 694.47
6907777825963-back_camera3-40.jpg 14 1347.28 1482.37 767.46 1239.84 1159.63 485.06
6907777825963-back_camera3-4.jpg 14 1292.48 1532.59 652.25 1209.99 1280.46 645.19
6907777825963_camera0-11.jpg 14 1403.17 1244.89 911.25 1139.67 983.84 210.45
6907777825963-back_camera3-8.jpg 14 1289.04 1537.77 795.22 1216.83 987.64 641.88
6907777825963-back_camera3-6.jpg 14 1277.95 1549.22 675.04 1200.77 1205.83 696.91
6907777825963-back_camera3-9.jpg 14 1420.27 1515.84 934.93 1218.59 970.68 594.51
6907777825963_camera0-12.jpg 14 1493.92 1242.26 995.43 1137.04 996.99 210.45
6907777825963_camera0-13.jpg 14 1573.23 1257.78 1035.57 1169.27 1075.32 177.01
6907777825963_camera0-10.jpg 14 1344.74 1263.34 841.11 1165.58 1007.25 195.51
6907777825963_camera0-16.jpg 14 1578.1 1254.11 929.66 1158.09 1296.88 192.03
6907777825963_camera0-14.jpg 14 1592.57 1255.42 992.8 1155.46 1199.55 199.92
6907777825963_camera0-15.jpg 14 1578.11 1255.42 940.19 1160.72 1275.83 189.4
6907777825963_camera0-19.jpg 14 1525.72 1254.68 904.63 1163.22 1242.17 182.92
6907777825963_camera0-17.jpg 14 1546.54 1254.1 900.73 1144.93 1291.62 218.34
6907777825963_camera0-18.jpg 14 1543.08 1259.46 892.6 1162.64 1300.95 193.64
6907777825963_camera0-1.jpg 14 1309.79 1237.0 708.7 1097.58 1202.18 278.84
6907777825963_camera0-23.jpg 14 1575.74 1255.66 971.09 1146.19 1209.29 218.95
6907777825963_camera0-21.jpg 14 1541.28 1248.84 950.71 1131.78 1181.13 234.12
6907777825963_camera0-22.jpg 14 1569.05 1245.81 974.27 1157.54 1189.56 176.54
6907777825963_camera0-26.jpg 14 1497.88 1239.64 887.58 1118.63 1220.59 242.01
6907777825963_camera0-20.jpg 14 1535.93 1262.28 971.47 1165.56 1128.93 193.45
6907777825963_camera0-25.jpg 14 1516.29 1251.47 890.21 1131.78 1252.16 239.38
6907777825963_camera0-27.jpg 14 1455.72 1243.43 885.69 1129.59 1140.07 227.68
6907777825963_camera0-28.jpg 14 1437.72 1244.39 894.27 1120.32 1086.9 248.15
6907777825963_camera0-29.jpg 14 1404.49 1238.32 871.79 1100.21 1065.39 276.21
6907777825963_camera0-24.jpg 14 1556.3 1260.17 932.65 1146.33 1247.31 227.68
6907777825963_camera0-2.jpg 14 1356.34 1232.28 735.16 1106.89 1242.36 250.78
6907777825963_camera0-32.jpg 14 1482.09 1234.37 1042.78 1092.32 878.61 284.1
6907777825963_camera0-31.jpg 14 1421.58 1233.06 969.12 1079.17 904.92 307.78
6907777825963_camera0-33.jpg 14 1462.35 1239.04 977.28 1091.26 970.13 295.56
6907777825963_camera0-34.jpg 14 1458.62 1246.16 920.35 1092.72 1076.55 306.88
6907777825963_camera0-35.jpg 14 1423.04 1243.11 853.12 1092.56 1139.84 301.09
6907777825963_camera0-30.jpg 14 1368.97 1231.75 898.1 1084.43 941.75 294.63
6907777825963_camera0-36.jpg 14 1398.17 1243.84 807.75 1097.47 1180.84 292.74
6907777825963_camera0-37.jpg 14 1376.87 1231.75 771.83 1073.91 1210.07 315.67
6907777825963_camera0-38.jpg 14 1326.78 1241.88 708.89 1093.82 1235.79 296.13
6907777825963_camera0-40.jpg 14 1284.83 1243.69 675.61 1093.55 1218.44 300.28
6907777825963_camera0-5.jpg 14 1376.81 1250.12 743.96 1149.0 1265.69 202.23
6907777825963_camera0-39.jpg 14 1298.52 1243.16 691.38 1100.06 1214.28 286.2
6907777825963_camera0-3.jpg 14 1393.95 1234.37 795.5 1105.47 1196.91 257.8
6907777825963_camera0-4.jpg 14 1390.3 1246.12 771.58 1126.18 1237.44 239.88
6907777825963_camera0-6.jpg 14 1343.98 1248.84 698.17 1134.41 1291.62 228.86
6907777825963_camera0-9.jpg 14 1313.8 1261.62 740.88 1150.25 1145.84 222.73
6907777825963_camera0-8.jpg 14 1324.53 1256.81 739.37 1155.75 1170.31 202.11
6907777825963_camera0-7.jpg 14 1343.92 1250.29 709.48 1136.97 1268.88 226.64
6907777825963_camera1-10.jpg 14 1250.6 1244.89 829.7 831.89 841.79 826.0
6907777825963_camera1-14.jpg 14 1398.11 1228.28 837.15 803.43 1121.92 849.69
6907777825963_camera1-12.jpg 14 1383.44 1214.64 919.14 821.37 928.6 786.54
6907777825963_camera1-11.jpg 14 1352.69 1225.8 928.35 850.26 848.68 751.07
6907777825963_camera1-13.jpg 14 1393.28 1226.64 871.09 810.87 1044.37 831.54
6907777825963_camera1-17.jpg 14 1375.55 1194.91 771.83 810.85 1207.44 768.13
6907777825963_camera1-15.jpg 14 1393.38 1217.57 795.69 792.88 1195.38 849.38
6907777825963_camera1-16.jpg 14 1392.64 1197.55 782.35 779.28 1220.59 836.53
6907777825963_camera1-20.jpg 14 1368.97 1151.51 832.33 863.46 1073.28 576.1
6907777825963_camera1-18.jpg 14 1369.15 1170.26 789.9 817.88 1158.51 704.75
6907777825963_camera1-19.jpg 14 1357.1 1154.39 807.69 840.44 1098.82 627.9
6907777825963_camera1-1.jpg 14 1197.98 1130.47 653.45 834.53 1089.06 591.88
6907777825963_camera1-21.jpg 14 1416.51 1126.74 885.66 829.76 1061.7 593.96
6907777825963_camera1-22.jpg 14 1413.69 1118.62 856.01 779.28 1115.37 678.69
6907777825963_camera1-24.jpg 14 1372.7 1127.32 796.42 709.43 1152.56 835.78
6907777825963_camera1-23.jpg 14 1395.39 1128.11 821.1 741.7 1148.58 772.81
6907777825963_camera1-26.jpg 14 1320.31 1112.05 756.05 666.17 1128.52 891.77
6907777825963_camera1-28.jpg 14 1284.25 1110.76 798.36 674.37 971.78 872.79
6907777825963_camera1-2.jpg 14 1238.99 1173.27 693.38 833.98 1091.21 678.57
6907777825963_camera1-25.jpg 14 1347.93 1129.14 763.94 695.1 1167.98 868.09
6907777825963_camera1-29.jpg 14 1267.23 1096.54 828.36 676.81 877.74 839.46
6907777825963_camera1-27.jpg 14 1297.59 1117.89 779.53 669.13 1036.12 897.53
6907777825963_camera1-31.jpg 14 1319.29 1084.14 937.14 675.76 764.3 816.77
6907777825963_camera1-30.jpg 14 1259.8 1085.74 871.79 695.1 776.02 781.28
6907777825963_camera1-33.jpg 14 1287.45 1110.17 780.49 634.65 1013.92 951.04
6907777825963_camera1-36.jpg 14 1224.29 1106.79 635.04 626.71 1178.5 960.16
6907777825963_camera1-32.jpg 14 1301.62 1101.42 845.43 651.83 912.38 899.18
6907777825963_camera1-35.jpg 14 1237.99 1119.61 675.04 639.61 1125.9 959.99
6907777825963_camera1-34.jpg 14 1266.38 1112.05 729.74 631.97 1073.28 960.16
6907777825963_camera1-37.jpg 14 1178.51 1124.26 594.45 687.87 1168.11 872.79
6907777825963_camera1-38.jpg 14 1172.17 1122.62 590.54 688.36 1163.26 868.51
6907777825963_camera1-39.jpg 14 1148.01 1115.99 571.91 726.67 1152.19 778.65
6907777825963_camera1-7.jpg 14 1198.87 1262.39 634.5 790.91 1128.73 942.97
6907777825963_camera1-3.jpg 14 1229.55 1194.91 661.34 810.85 1136.41 768.13
6907777825963_camera1-5.jpg 14 1209.93 1236.96 615.98 790.67 1187.91 892.58
6907777825963_camera1-4.jpg 14 1222.98 1215.97 621.89 795.07 1202.18 841.79
6907777825963_camera1-40.jpg 14 1159.99 1121.72 618.32 782.82 1083.35 677.81
6907777825963_camera1-6.jpg 14 1204.57 1248.84 627.15 774.02 1154.83 949.64
6907777825963_camera2-10.jpg 14 1352.93 877.04 887.83 530.34 930.21 693.4
6907777825963_camera1-8.jpg 14 1208.7 1261.94 713.74 805.75 989.93 912.38
6907777825963_camera1-9.jpg 14 1213.63 1253.91 740.12 809.27 947.03 889.28
6907777825963_camera2-12.jpg 14 1350.55 833.21 869.16 437.31 962.79 791.81
6907777825963_camera2-11.jpg 14 1351.43 848.29 899.09 506.55 904.69 683.48
6907777825963_camera2-15.jpg 14 1329.61 800.93 804.12 285.07 1050.97 1031.72
6907777825963_camera2-13.jpg 14 1349.24 813.48 840.22 366.28 1018.04 894.4
6907777825963_camera2-17.jpg 14 1308.88 784.71 816.72 253.67 984.33 1062.08
6907777825963_camera2-16.jpg 14 1318.99 788.5 795.5 250.54 1046.97 1075.91
6907777825963_camera2-14.jpg 14 1341.16 810.56 812.79 327.42 1056.75 966.28
6907777825963_camera2-21.jpg 14 1252.08 784.83 908.49 323.34 687.17 922.97
6907777825963_camera2-1.jpg 14 1279.54 946.33 942.82 487.29 673.43 918.07
6907777825963_camera2-24.jpg 14 1209.31 794.84 724.24 267.43 970.13 1054.82
6907777825963_camera2-22.jpg 14 1238.99 783.12 844.79 293.91 788.41 978.42
6907777825963_camera2-19.jpg 14 1278.21 776.65 866.53 276.84 823.37 999.62
6907777825963_camera2-18.jpg 14 1292.32 778.56 832.52 251.39 919.6 1054.34
6907777825963_camera2-20.jpg 14 1259.81 767.45 898.1 303.15 723.41 928.6
6907777825963_camera2-23.jpg 14 1222.04 788.03 772.06 270.22 899.96 1035.62
6907777825963_camera2-25.jpg 14 1198.08 799.64 685.1 270.31 1025.95 1058.67
6907777825963_camera2-28.jpg 14 1173.58 826.09 648.09 357.87 1050.97 936.44
6907777825963_camera2-26.jpg 14 1190.09 810.85 656.08 289.99 1068.02 1041.71
6907777825963_camera2-27.jpg 14 1175.72 818.63 643.02 333.08 1065.39 971.1
6907777825963_camera2-31.jpg 14 1185.11 882.56 728.09 536.08 914.03 692.95
6907777825963_camera2-30.jpg 14 1172.99 852.94 698.17 497.81 949.64 710.26
6907777825963_camera2-29.jpg 14 1169.1 840.96 669.49 427.38 999.22 827.17
6907777825963_camera2-33.jpg 14 1187.45 902.92 656.08 442.57 1062.75 920.7
6907777825963_camera2-2.jpg 14 1297.3 948.56 904.63 466.79 785.34 963.53
6907777825963_camera2-34.jpg 14 1193.13 925.67 656.7 425.92 1072.87 999.51
6907777825963_camera2-32.jpg 14 1186.14 892.39 687.65 466.24 996.99 852.31
6907777825963_camera2-36.jpg 14 1200.72 946.0 677.47 410.9 1046.49 1070.19
6907777825963_camera2-35.jpg 14 1193.9 939.2 668.42 425.27 1050.97 1027.87
6907777825963_camera2-37.jpg 14 1215.08 964.74 732.37 426.78 965.42 1075.91
6907777825963_camera2-38.jpg 14 1221.65 959.48 750.78 432.05 941.75 1054.86
6907777825963_camera2-39.jpg 14 1232.99 961.14 821.89 463.19 822.21 995.91
6907777825963_camera2-3.jpg 14 1307.75 941.72 849.26 421.34 916.98 1040.77
6907777825963_camera2-40.jpg 14 1245.33 960.92 893.08 498.13 704.5 925.58
6907777825963_camera2-6.jpg 14 1338.72 926.6 798.14 413.63 1081.17 1025.93
6907777825963_camera2-7.jpg 14 1345.01 917.07 810.86 425.27 1068.3 983.6
6907777825963_camera2-4.jpg 14 1324.25 942.38 829.7 403.11 989.1 1078.54
6907777825963_camera2-5.jpg 14 1337.55 934.85 812.58 393.83 1049.94 1082.04
6907777825963_camera2-8.jpg 14 1347.93 902.92 829.7 474.14 1036.45 857.57
6907777825963_camera3-12.jpg 14 1530.75 1426.41 955.97 1244.9 1149.56 363.02
6907777825963_camera2-9.jpg 14 1353.61 891.29 844.68 471.77 1017.85 839.04
6907777825963_camera3-16.jpg 14 1489.38 1426.17 851.58 1250.11 1275.59 352.13
6907777825963_camera3-11.jpg 14 1525.49 1425.1 998.06 1252.79 1054.86 344.61
6907777825963_camera3-10.jpg 14 1472.88 1439.56 984.91 1265.94 975.95 347.24
6907777825963_camera3-14.jpg 14 1520.24 1431.9 885.03 1247.94 1270.41 367.92
6907777825963_camera3-17.jpg 14 1466.68 1434.78 848.33 1253.41 1236.7 362.74
6907777825963_camera3-13.jpg 14 1529.91 1430.01 915.2 1247.8 1229.41 364.43
6907777825963_camera3-15.jpg 14 1500.5 1429.03 863.9 1234.37 1273.2 389.33
6907777825963_camera3-19.jpg 14 1487.35 1407.99 892.84 1247.53 1189.02 320.93
6907777825963_camera3-18.jpg 14 1454.09 1417.85 876.63 1260.97 1154.92 313.75
6907777825963_camera3-1.jpg 14 1345.3 1410.62 756.05 1223.85 1178.5 373.54
6907777825963_camera3-25.jpg 14 1411.81 1406.78 815.58 1154.14 1192.45 505.28
6907777825963_camera3-20.jpg 14 1526.81 1389.57 948.08 1223.85 1157.46 331.45
6907777825963_camera3-26.jpg 14 1389.79 1400.12 833.78 1164.19 1112.02 471.87
6907777825963_camera3-27.jpg 14 1355.82 1386.94 863.9 1150.19 983.84 473.5
6907777825963_camera3-28.jpg 14 1342.65 1392.1 881.17 1152.93 922.97 478.33
6907777825963_camera3-22.jpg 14 1505.76 1394.84 903.36 1184.39 1204.81 420.89
6907777825963_camera3-21.jpg 14 1537.05 1401.54 953.54 1214.37 1167.02 374.35
6907777825963_camera3-24.jpg 14 1437.37 1394.84 842.86 1158.09 1189.02 473.5
6907777825963_camera3-23.jpg 14 1474.43 1411.19 863.77 1170.1 1221.32 482.18
6907777825963_camera3-29.jpg 14 1374.24 1380.37 942.82 1144.93 862.83 470.87
6907777825963_camera3-2.jpg 14 1357.34 1427.59 751.85 1250.34 1210.98 354.5
6907777825963_camera3-31.jpg 14 1433.42 1384.32 958.6 1113.37 949.64 541.9
6907777825963_camera3-33.jpg 14 1379.2 1393.82 811.85 1105.09 1134.7 577.46
6907777825963_camera3-30.jpg 14 1430.79 1372.48 1000.69 1126.52 860.2 491.92
6907777825963_camera3-32.jpg 14 1412.38 1388.26 874.42 1105.47 1075.91 565.58
6907777825963_camera3-34.jpg 14 1353.24 1400.5 761.76 1118.37 1182.96 564.26
6907777825963_camera3-35.jpg 14 1315.05 1396.16 716.59 1118.63 1196.91 555.05
6907777825963_camera3-38.jpg 14 1234.81 1402.74 648.19 1160.72 1173.24 484.03
6907777825963_camera3-3.jpg 14 1337.66 1435.59 709.06 1235.13 1257.21 400.92
6907777825963_camera3-37.jpg 14 1249.28 1385.63 656.08 1131.78 1186.39 507.7
6907777825963_camera3-39.jpg 14 1271.01 1392.83 666.44 1177.52 1209.13 430.62
6907777825963_camera3-36.jpg 14 1298.8 1398.05 682.67 1128.63 1232.25 538.84
6907777825963_camera3-40.jpg 14 1312.59 1391.57 702.72 1198.53 1219.73 386.07
6907777825963_camera3-4.jpg 14 1320.3 1442.18 690.28 1234.37 1260.05 415.63
6907777825963_camera3-5.jpg 14 1303.07 1457.64 686.24 1238.56 1233.66 438.16
6907777825963_camera3-7.jpg 14 1279.54 1467.18 716.59 1247.53 1125.89 439.31
6907777825963_camera3-6.jpg 14 1270.32 1465.87 685.02 1244.9 1170.61 441.94
6907777825963_camera3-9.jpg 14 1369.4 1452.76 892.59 1259.72 953.63 386.07
6907777825963_camera3-8.jpg 14 1316.34 1458.46 840.6 1250.72 951.48 415.48
