6923450605981-back_camera0-10.jpg 140 1432.8 1066.18 1248.48 994.77 368.64 142.82
6923450605981-back_camera0-12.jpg 140 1438.08 1065.88 1260.7 1004.71 354.76 122.33
6923450605981-back_camera0-13.jpg 140 1437.45 1062.71 1253.95 1002.91 366.99 119.61
6923450605981-back_camera0-19.jpg 140 1416.84 1070.35 1283.44 1001.03 266.8 138.64
6923450605981-back_camera0-20.jpg 140 1417.53 1068.43 1298.83 993.16 237.4 150.54
6923450605981-back_camera0-22.jpg 140 1430.79 1070.08 1313.34 995.31 234.91 149.54
6923450605981-back_camera0-21.jpg 140 1421.25 1068.48 1321.86 995.75 198.79 145.46
6923450605981-back_camera0-23.jpg 140 1429.65 1066.78 1291.52 991.51 276.27 150.54
6923450605981-back_camera0-26.jpg 140 1426.82 1072.53 1247.98 1003.79 357.67 137.48
6923450605981-back_camera0-25.jpg 140 1428.13 1073.26 1254.43 998.95 347.41 148.61
6923450605981-back_camera0-24.jpg 140 1430.29 1070.83 1271.88 995.65 316.81 150.35
6923450605981-back_camera0-6.jpg 140 1444.21 1067.93 1258.1 986.87 372.23 162.12
6923450605981-back_camera0-8.jpg 140 1438.68 1068.65 1237.44 984.47 402.48 168.36
6923450605981-back_camera0-7.jpg 140 1443.94 1067.34 1255.86 987.1 376.17 160.47
6923450605981-back_camera0-9.jpg 140 1438.75 1069.39 1248.64 993.16 380.22 152.47
6923450605981-back_camera1-19.jpg 140 1262.43 1133.09 1142.74 968.68 239.38 328.82
6923450605981-back_camera1-18.jpg 140 1272.95 1134.4 1137.48 968.68 270.95 331.45
6923450605981-back_camera1-17.jpg 140 1269.46 1136.44 1124.16 982.16 290.6 308.57
6923450605981-back_camera1-20.jpg 140 1271.53 1128.67 1177.56 975.64 187.94 306.07
6923450605981-back_camera1-21.jpg 140 1282.18 1127.62 1174.47 970.0 215.42 315.24
6923450605981-back_camera1-22.jpg 140 1281.08 1126.51 1161.24 975.22 239.67 302.58
6923450605981-back_camera1-23.jpg 140 1279.83 1125.39 1138.99 969.67 281.67 311.44
6923450605981-back_camera1-26.jpg 140 1271.67 1124.99 1093.03 977.88 357.28 294.23
6923450605981-back_camera1-28.jpg 140 1265.8 1121.02 1088.83 998.86 353.95 244.32
6923450605981-back_camera1-27.jpg 140 1269.05 1119.74 1087.78 980.51 362.53 278.46
6923450605981-back_camera1-29.jpg 140 1262.21 1119.19 1092.75 1017.12 338.92 204.14
6923450605981-back_camera1-2.jpg 140 1253.98 1133.25 1133.64 977.46 240.67 311.57
6923450605981-back_camera1-32.jpg 140 1258.54 1118.43 1085.15 998.9 346.77 239.06
6923450605981-back_camera1-33.jpg 140 1256.76 1117.94 1083.75 992.12 346.02 251.65
6923450605981-back_camera1-34.jpg 140 1254.75 1122.2 1076.21 981.25 357.08 281.91
6923450605981-back_camera1-40.jpg 140 1245.33 1126.53 1155.89 976.58 178.88 299.89
6923450605981-back_camera1-39.jpg 140 1243.29 1127.49 1134.94 975.7 216.7 303.58
6923450605981-back_camera1-4.jpg 140 1256.53 1136.94 1103.1 978.93 306.86 316.02
6923450605981-back_camera1-38.jpg 140 1243.34 1126.49 1110.48 963.24 265.71 326.5
6923450605981-back_camera1-37.jpg 140 1246.38 1124.43 1096.55 963.64 299.66 321.58
6923450605981-back_camera1-3.jpg 140 1254.62 1133.23 1116.66 976.24 275.92 313.98
6923450605981-back_camera1-5.jpg 140 1256.37 1135.02 1086.52 975.79 339.69 318.46
6923450605981-back_camera2-10.jpg 140 1284.34 867.62 1205.7 725.49 157.28 284.27
6923450605981-back_camera1-6.jpg 140 1255.91 1135.51 1074.64 983.14 362.53 304.74
6923450605981-back_camera2-11.jpg 140 1283.64 867.6 1193.89 715.71 179.5 303.77
6923450605981-back_camera1-9.jpg 140 1258.86 1135.74 1094.94 1035.6 327.83 200.29
6923450605981-back_camera2-13.jpg 140 1284.35 867.71 1165.65 705.58 237.4 324.25
6923450605981-back_camera2-12.jpg 140 1282.46 863.58 1171.78 709.76 221.37 307.63
6923450605981-back_camera2-14.jpg 140 1280.1 863.19 1147.57 708.24 265.05 309.9
6923450605981-back_camera2-19.jpg 140 1272.07 856.27 1117.02 751.34 310.1 209.86
6923450605981-back_camera2-15.jpg 140 1282.16 867.41 1132.22 710.89 299.89 313.04
6923450605981-back_camera2-18.jpg 140 1272.98 857.04 1111.42 733.57 323.12 246.94
6923450605981-back_camera2-17.jpg 140 1279.93 858.33 1121.12 723.5 317.63 269.66
6923450605981-back_camera2-21.jpg 140 1268.51 855.86 1124.43 772.94 288.16 165.83
6923450605981-back_camera2-16.jpg 140 1278.22 864.78 1121.7 716.15 313.04 297.26
6923450605981-back_camera2-24.jpg 140 1264.15 861.18 1104.4 720.22 319.5 281.91
6923450605981-back_camera2-20.jpg 140 1271.81 856.12 1121.26 769.27 301.09 173.71
6923450605981-back_camera2-22.jpg 140 1267.69 855.58 1111.17 745.09 313.04 220.97
6923450605981-back_camera2-26.jpg 140 1263.39 861.64 1117.81 706.96 291.16 309.36
6923450605981-back_camera2-23.jpg 140 1269.01 858.2 1105.91 729.3 326.19 257.8
6923450605981-back_camera2-27.jpg 140 1260.56 860.68 1125.93 703.04 269.25 315.28
6923450605981-back_camera2-29.jpg 140 1261.75 866.55 1160.22 715.79 203.05 301.52
6923450605981-back_camera2-28.jpg 140 1263.12 865.77 1138.63 707.51 248.98 316.53
6923450605981-back_camera2-32.jpg 140 1265.07 871.36 1158.53 710.89 213.08 320.93
6923450605981-back_camera2-30.jpg 140 1260.4 868.28 1181.18 724.98 158.45 286.6
6923450605981-back_camera2-31.jpg 140 1261.74 872.39 1174.06 721.85 175.36 301.09
6923450605981-back_camera2-33.jpg 140 1262.93 877.31 1139.21 714.43 247.45 325.76
6923450605981-back_camera2-34.jpg 140 1262.43 876.62 1124.33 718.78 276.21 315.67
6923450605981-back_camera2-36.jpg 140 1266.04 875.81 1112.29 731.78 307.5 288.06
6923450605981-back_camera2-35.jpg 140 1264.78 876.22 1120.7 726.7 288.16 299.03
6923450605981-back_camera2-37.jpg 140 1266.38 872.66 1103.28 734.56 326.19 276.21
6923450605981-back_camera2-38.jpg 140 1269.15 879.19 1112.17 760.68 313.96 237.03
6923450605981-back_camera2-39.jpg 140 1270.01 877.36 1114.5 776.44 311.02 201.83
6923450605981-back_camera2-4.jpg 140 1279.54 876.61 1121.7 737.19 315.67 278.84
6923450605981-back_camera2-6.jpg 140 1284.08 874.88 1136.01 720.2 296.13 309.36
6923450605981-back_camera2-8.jpg 140 1279.8 871.47 1158.24 717.18 243.12 308.58
6923450605981-back_camera2-5.jpg 140 1279.54 873.98 1126.96 729.3 305.15 289.36
6923450605981-back_camera2-7.jpg 140 1281.24 869.72 1147.54 713.54 267.4 312.37
6923450605981-back_camera3-16.jpg 140 1384.63 1410.03 1224.38 1295.75 320.5 228.55
6923450605981-back_camera3-15.jpg 140 1384.14 1409.4 1211.69 1300.35 344.91 218.11
6923450605981-back_camera3-17.jpg 140 1385.19 1410.16 1245.5 1303.19 279.38 213.95
6923450605981-back_camera3-18.jpg 140 1385.95 1407.39 1261.16 1293.12 249.57 228.55
6923450605981-back_camera3-23.jpg 140 1395.28 1396.15 1226.92 1281.72 336.71 228.86
6923450605981-back_camera3-20.jpg 140 1399.22 1405.37 1279.53 1292.25 239.38 226.23
6923450605981-back_camera3-19.jpg 140 1386.68 1407.54 1289.58 1303.71 194.2 207.66
6923450605981-back_camera3-21.jpg 140 1397.26 1404.27 1260.22 1296.18 274.07 216.17
6923450605981-back_camera3-22.jpg 140 1395.66 1402.66 1243.14 1294.86 305.04 215.61
6923450605981-back_camera3-24.jpg 140 1392.43 1401.78 1212.11 1295.9 360.65 211.76
6923450605981_camera0-10.jpg 140 1414.76 1063.46 1235.27 998.12 358.99 130.69
6923450605981_camera0-11.jpg 140 1409.8 1065.12 1233.62 1001.43 352.37 127.38
6923450605981_camera0-12.jpg 140 1404.01 1059.34 1227.0 996.47 354.03 125.73
6923450605981_camera0-13.jpg 140 1398.49 1060.03 1214.06 996.91 368.86 126.24
6923450605981_camera0-1.jpg 140 1488.38 1070.92 1384.16 991.51 208.45 158.82
6923450605981_camera0-27.jpg 140 1422.64 1076.4 1228.26 996.17 388.77 160.47
6923450605981_camera0-28.jpg 140 1428.83 1077.96 1234.56 1003.16 388.54 149.61
6923450605981_camera0-26.jpg 140 1411.07 1077.86 1213.77 987.1 394.59 181.51
6923450605981_camera0-30.jpg 140 1445.19 1075.09 1261.14 1001.9 368.1 146.37
6923450605981_camera0-2.jpg 140 1481.77 1065.95 1354.38 986.54 254.77 158.82
6923450605981_camera0-29.jpg 140 1435.74 1075.71 1243.38 1001.8 384.72 147.83
6923450605981_camera0-31.jpg 140 1457.09 1079.05 1271.8 1008.6 370.57 140.89
6923450605981_camera0-32.jpg 140 1473.49 1078.36 1281.59 1011.36 383.81 134.0
6923450605981_camera0-39.jpg 140 1480.25 1074.22 1341.29 995.09 277.93 158.26
6923450605981_camera0-3.jpg 140 1475.51 1060.75 1324.25 968.68 302.52 184.14
6923450605981_camera0-40.jpg 140 1479.74 1070.91 1366.7 996.38 226.08 149.06
6923450605981_camera0-9.jpg 140 1425.52 1065.96 1241.89 994.82 367.26 142.27
6923450605981_camera1-11.jpg 140 1257.17 1133.1 1074.35 1021.3 365.65 223.6
6923450605981_camera1-10.jpg 140 1258.43 1132.12 1091.34 1034.52 334.18 195.21
6923450605981_camera1-13.jpg 140 1257.88 1132.96 1080.3 1001.44 355.16 263.04
6923450605981_camera1-14.jpg 140 1259.97 1135.15 1084.13 989.1 351.67 292.11
6923450605981_camera1-12.jpg 140 1260.68 1136.51 1085.5 1013.61 350.37 245.8
6923450605981_camera1-17.jpg 140 1260.67 1137.32 1120.29 975.67 280.76 323.3
6923450605981_camera1-15.jpg 140 1260.44 1134.74 1093.98 981.7 332.92 306.07
6923450605981_camera1-18.jpg 140 1264.09 1136.95 1140.56 975.79 247.05 322.32
6923450605981_camera1-16.jpg 140 1266.38 1140.99 1108.54 976.58 315.67 328.82
6923450605981_camera1-19.jpg 140 1263.51 1134.49 1164.25 979.93 198.52 309.12
6923450605981_camera1-23.jpg 140 1275.37 1130.67 1124.55 974.95 301.63 311.44
6923450605981_camera1-20.jpg 140 1273.07 1130.78 1177.94 976.1 190.25 309.36
6923450605981_camera1-1.jpg 140 1257.22 1124.99 1145.57 967.37 223.3 315.24
6923450605981_camera1-27.jpg 140 1268.28 1123.34 1094.7 997.15 347.15 252.37
6923450605981_camera1-25.jpg 140 1270.84 1126.33 1094.65 983.23 352.37 286.2
6923450605981_camera1-26.jpg 140 1270.36 1124.99 1085.15 985.76 370.41 278.46
6923450605981_camera1-29.jpg 140 1265.06 1119.81 1099.85 1020.54 330.42 198.54
6923450605981_camera1-28.jpg 140 1267.72 1122.37 1093.03 1004.15 349.39 236.43
6923450605981_camera1-2.jpg 140 1255.95 1128.82 1121.12 968.35 269.66 320.94
6923450605981_camera1-34.jpg 140 1259.26 1122.47 1084.59 977.72 349.34 289.51
6923450605981_camera1-3.jpg 140 1255.76 1130.92 1107.89 975.2 295.74 311.44
6923450605981_camera1-39.jpg 140 1248.64 1125.37 1148.28 971.93 200.73 306.88
6923450605981_camera1-38.jpg 140 1250.17 1125.14 1130.61 969.35 239.12 311.58
6923450605981_camera1-37.jpg 140 1247.96 1119.94 1105.91 960.79 284.1 318.3
6923450605981_camera1-40.jpg 140 1254.41 1125.42 1161.83 974.28 185.16 302.28
6923450605981_camera1-9.jpg 140 1254.33 1134.81 1083.52 1040.23 341.62 189.15
6923450605981_camera2-10.jpg 140 1283.47 875.3 1195.35 718.78 176.25 313.04
6923450605981_camera2-11.jpg 140 1282.42 872.53 1181.09 713.3 202.66 318.46
6923450605981_camera2-14.jpg 140 1284.8 870.04 1137.48 713.52 294.63 313.04
6923450605981_camera2-12.jpg 140 1282.06 868.89 1166.66 713.06 230.79 311.66
6923450605981_camera2-19.jpg 140 1277.69 858.68 1124.55 764.39 306.29 188.59
6923450605981_camera2-13.jpg 140 1282.06 866.11 1153.74 707.14 256.63 317.93
6923450605981_camera2-16.jpg 140 1279.94 864.12 1122.78 723.5 314.32 281.24
6923450605981_camera2-15.jpg 140 1283.45 866.32 1134.21 718.61 298.47 295.41
6923450605981_camera2-17.jpg 140 1281.67 865.52 1121.89 736.32 319.55 258.4
6923450605981_camera2-22.jpg 140 1274.86 857.98 1118.88 738.87 311.96 238.22
6923450605981_camera2-23.jpg 140 1275.62 858.5 1120.23 725.68 310.79 265.64
6923450605981_camera2-25.jpg 140 1269.02 859.52 1121.7 700.37 294.63 318.3
6923450605981_camera2-26.jpg 140 1267.76 859.97 1135.51 704.61 264.49 310.71
6923450605981_camera2-24.jpg 140 1268.47 860.82 1117.46 710.51 302.03 300.62
6923450605981_camera2-28.jpg 140 1263.75 860.83 1150.63 697.73 226.23 326.19
6923450605981_camera2-27.jpg 140 1268.34 858.11 1143.8 705.32 249.08 305.58
6923450605981_camera2-29.jpg 140 1263.43 859.7 1172.02 712.77 182.83 293.87
6923450605981_camera2-2.jpg 140 1269.89 876.41 1114.62 757.3 310.54 238.22
6923450605981_camera2-31.jpg 140 1264.12 862.71 1163.63 711.32 200.99 302.77
6923450605981_camera2-30.jpg 140 1264.83 864.25 1186.17 716.84 157.31 294.83
6923450605981_camera2-33.jpg 140 1262.74 867.08 1133.47 710.05 258.54 314.06
6923450605981_camera2-32.jpg 140 1264.83 866.68 1149.97 708.68 229.72 316.01
6923450605981_camera2-34.jpg 140 1264.93 870.02 1121.71 711.92 286.44 316.21
6923450605981_camera2-36.jpg 140 1262.43 875.29 1105.91 731.93 313.04 286.73
6923450605981_camera2-35.jpg 140 1260.89 871.67 1113.4 725.3 294.99 292.75
6923450605981_camera2-38.jpg 140 1266.49 872.86 1114.98 765.74 303.01 214.23
6923450605981_camera2-37.jpg 140 1262.43 877.94 1105.91 747.72 313.04 260.43
6923450605981_camera2-3.jpg 140 1270.84 877.08 1112.35 745.52 316.97 263.11
6923450605981_camera2-4.jpg 140 1269.01 877.93 1113.81 729.3 310.41 297.26
6923450605981_camera2-7.jpg 140 1277.73 875.85 1154.05 720.92 247.37 309.86
6923450605981_camera2-9.jpg 140 1275.59 873.98 1190.09 721.41 170.99 305.15
6923450605981_camera2-6.jpg 140 1275.03 875.02 1142.53 718.97 264.99 312.1
6923450605981_camera2-8.jpg 140 1278.22 875.3 1166.42 713.52 223.6 323.56
6923450605981_camera3-1.jpg 140 1372.4 1413.46 1230.36 1304.72 284.08 217.48
6923450605981_camera3-20.jpg 140 1395.24 1413.62 1269.34 1301.17 251.81 224.89
6923450605981_camera3-2.jpg 140 1373.1 1412.64 1213.02 1303.87 320.15 217.55
6923450605981_camera3-35.jpg 140 1365.03 1411.99 1199.6 1300.32 330.87 223.34
6923450605981_camera3-37.jpg 140 1363.01 1410.86 1234.52 1302.65 256.99 216.41
6923450605981_camera3-38.jpg 140 1361.57 1411.87 1255.58 1305.15 211.99 213.43
6923450605981_camera3-39.jpg 140 1372.22 1413.44 1267.03 1297.63 210.38 231.61
6923450605981_camera3-4.jpg 140 1368.81 1414.11 1184.3 1308.67 369.02 210.87
6923450605981_camera3-6.jpg 140 1367.22 1414.36 1175.32 1320.89 383.81 186.94
6923450605981_camera3-40.jpg 140 1372.94 1416.14 1243.9 1302.82 258.08 226.64
