69019388-back_camera0-11.jpg 141 1410.95 1273.87 1241.9 1234.07 338.1 79.6
69019388-back_camera0-13.jpg 141 1416.98 1270.22 1242.4 1232.71 349.15 75.01
69019388-back_camera0-12.jpg 141 1418.81 1273.62 1244.99 1231.55 347.63 84.15
69019388-back_camera0-10.jpg 141 1411.11 1273.38 1239.26 1232.6 343.69 81.55
69019388-back_camera0-14.jpg 141 1416.12 1270.98 1245.43 1232.33 341.37 77.31
69019388-back_camera0-18.jpg 141 1414.67 1272.61 1294.38 1225.03 240.58 95.15
69019388-back_camera0-16.jpg 141 1414.97 1270.51 1256.65 1222.24 316.64 96.53
69019388-back_camera0-15.jpg 141 1415.82 1270.13 1254.07 1230.04 323.5 80.19
69019388-back_camera0-1.jpg 141 1386.48 1273.64 1327.1 1221.4 118.77 104.48
69019388-back_camera0-19.jpg 141 1413.66 1272.97 1314.37 1223.33 198.58 99.29
69019388-back_camera0-17.jpg 141 1415.47 1273.53 1272.23 1225.25 286.47 96.56
69019388-back_camera0-20.jpg 141 1414.9 1273.72 1335.87 1224.16 158.06 99.12
69019388-back_camera0-21.jpg 141 1415.47 1272.72 1357.53 1218.81 115.88 107.83
69019388-back_camera0-22.jpg 141 1422.77 1273.11 1354.01 1223.55 137.52 99.12
69019388-back_camera0-24.jpg 141 1418.75 1270.62 1304.35 1220.11 228.81 101.02
69019388-back_camera0-23.jpg 141 1421.55 1270.55 1316.94 1215.02 209.22 111.05
69019388-back_camera0-27.jpg 141 1410.16 1270.01 1249.87 1225.81 320.58 88.4
69019388-back_camera0-26.jpg 141 1415.76 1269.57 1260.18 1216.42 311.16 106.3
69019388-back_camera0-29.jpg 141 1405.98 1271.93 1232.67 1227.34 346.61 89.19
69019388-back_camera0-25.jpg 141 1416.28 1270.76 1276.6 1222.92 279.37 95.68
69019388-back_camera0-30.jpg 141 1400.54 1268.57 1219.03 1226.48 363.02 84.18
69019388-back_camera0-28.jpg 141 1410.64 1270.95 1244.37 1226.16 332.55 89.57
69019388-back_camera0-36.jpg 141 1390.09 1273.15 1236.85 1227.6 306.47 91.11
69019388-back_camera0-35.jpg 141 1388.14 1265.47 1225.62 1218.59 325.04 93.76
69019388-back_camera0-31.jpg 141 1398.25 1268.85 1227.22 1227.8 342.05 82.09
69019388-back_camera0-32.jpg 141 1399.82 1262.33 1232.63 1224.46 334.37 75.73
69019388-back_camera0-34.jpg 141 1390.28 1266.7 1221.06 1222.5 338.44 88.4
69019388-back_camera0-2.jpg 141 1394.31 1274.13 1332.32 1222.04 123.99 104.18
69019388-back_camera0-33.jpg 141 1394.37 1264.88 1219.92 1220.41 348.9 88.93
69019388-back_camera0-37.jpg 141 1385.94 1269.84 1246.79 1217.66 278.3 104.36
69019388-back_camera0-38.jpg 141 1382.23 1272.11 1262.51 1220.57 239.45 103.07
69019388-back_camera0-39.jpg 141 1382.59 1273.42 1280.79 1220.74 203.6 105.37
69019388-back_camera0-3.jpg 141 1400.85 1271.49 1308.08 1214.34 185.54 114.3
69019388-back_camera0-40.jpg 141 1383.88 1273.22 1303.49 1224.29 160.78 97.86
69019388-back_camera0-6.jpg 141 1406.68 1274.19 1261.57 1222.4 290.22 103.58
69019388-back_camera0-4.jpg 141 1403.34 1273.15 1279.92 1216.0 246.83 114.3
69019388-back_camera0-8.jpg 141 1406.17 1278.84 1235.07 1233.4 342.2 90.87
69019388-back_camera0-7.jpg 141 1407.64 1273.29 1248.44 1223.15 318.41 100.27
69019388-back_camera0-5.jpg 141 1406.11 1273.34 1270.57 1217.99 271.07 110.7
69019388-back_camera1-11.jpg 141 1270.35 1149.3 1111.85 1094.83 317.0 108.94
69019388-back_camera0-9.jpg 141 1407.59 1271.74 1235.07 1226.3 345.04 90.88
69019388-back_camera1-10.jpg 141 1268.99 1149.03 1112.28 1090.54 313.43 116.98
69019388-back_camera1-15.jpg 141 1269.45 1144.7 1124.97 1032.56 288.97 224.29
69019388-back_camera1-1.jpg 141 1252.83 1151.66 1196.41 1017.21 112.84 268.91
69019388-back_camera1-20.jpg 141 1273.12 1141.58 1221.86 1011.09 102.52 260.97
69019388-back_camera1-21.jpg 141 1277.59 1140.47 1220.66 1008.95 113.85 263.03
69019388-back_camera1-25.jpg 141 1269.78 1136.09 1130.41 1020.93 278.73 230.31
69019388-back_camera1-37.jpg 141 1245.83 1144.56 1130.25 1014.44 231.15 260.24
69019388-back_camera1-3.jpg 141 1260.55 1150.92 1158.61 1016.36 203.88 269.13
69019388-back_camera1-4.jpg 141 1260.87 1148.91 1132.48 1023.84 256.77 250.14
69019388-back_camera1-39.jpg 141 1245.39 1146.06 1171.41 1012.08 147.96 267.96
69019388-back_camera1-40.jpg 141 1246.79 1147.25 1190.46 1008.93 112.65 276.65
69019388-back_camera1-8.jpg 141 1265.38 1152.74 1107.04 1063.76 316.68 177.97
69019388-back_camera2-11.jpg 141 1285.72 865.63 1240.16 724.0 91.11 283.27
69019388-back_camera1-9.jpg 141 1267.32 1152.15 1109.07 1077.58 316.51 149.14
69019388-back_camera2-30.jpg 141 1260.72 874.85 1210.79 736.54 99.86 276.62
69019388-back_camera2-3.jpg 141 1281.11 879.75 1138.9 790.29 284.41 178.93
69019388-back_camera3-11.jpg 141 1388.98 1429.57 1216.39 1377.71 345.18 103.72
69019388-back_camera3-13.jpg 141 1387.27 1430.03 1223.09 1360.78 328.37 138.5
69019388-back_camera3-12.jpg 141 1388.42 1428.63 1220.87 1366.87 335.1 123.53
69019388-back_camera3-10.jpg 141 1386.26 1428.1 1219.78 1387.01 332.97 82.17
69019388-back_camera3-14.jpg 141 1387.44 1428.9 1232.47 1352.11 309.94 153.58
69019388-back_camera3-20.jpg 141 1396.49 1424.65 1334.16 1340.77 124.66 167.77
69019388-back_camera3-1.jpg 141 1366.93 1431.12 1279.49 1339.22 174.88 183.81
69019388-back_camera3-18.jpg 141 1388.27 1427.22 1307.13 1341.5 162.27 171.45
69019388-back_camera3-19.jpg 141 1388.33 1427.62 1335.32 1342.57 106.02 170.1
69019388-back_camera3-23.jpg 141 1390.11 1424.03 1250.09 1343.33 280.03 161.4
69019388-back_camera3-21.jpg 141 1394.08 1426.73 1308.7 1344.85 170.76 163.77
69019388-back_camera3-24.jpg 141 1388.88 1423.09 1245.58 1349.11 286.6 147.96
69019388-back_camera3-2.jpg 141 1372.19 1434.92 1263.88 1345.75 216.61 178.34
69019388-back_camera3-30.jpg 141 1372.49 1413.62 1204.54 1364.94 335.91 97.37
69019388-back_camera3-38.jpg 141 1357.49 1431.06 1281.38 1342.49 152.21 177.14
69019388-back_camera3-40.jpg 141 1368.87 1428.9 1306.34 1340.55 125.05 176.7
69019388-back_camera3-4.jpg 141 1382.0 1430.3 1229.36 1348.49 305.28 163.62
69019388-back_camera3-39.jpg 141 1360.34 1430.9 1304.9 1342.66 110.87 176.48
69019388-back_camera3-9.jpg 141 1386.34 1427.22 1216.07 1377.05 340.53 100.34
69019388_camera0-12.jpg 141 1360.85 1274.31 1186.41 1234.66 348.87 79.29
69019388_camera0-11.jpg 141 1356.12 1275.64 1182.18 1237.54 347.88 76.2
69019388_camera0-14.jpg 141 1369.9 1278.7 1195.39 1238.52 349.02 80.37
69019388_camera0-13.jpg 141 1365.19 1277.82 1190.93 1242.87 348.52 69.9
69019388_camera0-10.jpg 141 1353.63 1277.3 1177.21 1235.88 352.85 82.83
69019388_camera0-15.jpg 141 1375.16 1279.93 1206.41 1237.26 337.49 85.35
69019388_camera0-17.jpg 141 1388.22 1281.59 1246.66 1234.4 283.11 94.37
69019388_camera0-16.jpg 141 1382.25 1282.59 1224.24 1238.42 316.02 88.33
69019388_camera0-19.jpg 141 1405.18 1281.87 1303.38 1230.97 203.6 101.8
69019388_camera0-18.jpg 141 1396.87 1281.21 1273.95 1234.03 245.83 94.37
69019388_camera0-21.jpg 141 1432.34 1282.39 1372.03 1224.45 120.61 115.88
69019388_camera0-22.jpg 141 1438.73 1281.76 1365.25 1229.61 146.96 104.31
69019388_camera0-1.jpg 141 1375.17 1270.66 1321.33 1216.0 107.68 109.33
69019388_camera0-23.jpg 141 1445.61 1279.3 1348.59 1226.59 194.04 105.43
69019388_camera0-20.jpg 141 1414.04 1282.25 1338.89 1232.15 150.29 100.19
69019388_camera0-27.jpg 141 1460.88 1277.76 1294.66 1227.41 332.45 100.7
69019388_camera0-24.jpg 141 1451.83 1282.29 1331.2 1225.92 241.26 112.74
69019388_camera0-25.jpg 141 1454.73 1280.66 1317.33 1228.97 274.8 103.38
69019388_camera0-26.jpg 141 1458.18 1278.5 1305.93 1228.94 304.5 99.12
69019388_camera0-29.jpg 141 1458.85 1273.93 1285.55 1229.08 346.6 89.71
69019388_camera0-28.jpg 141 1455.16 1276.7 1284.77 1230.56 340.78 92.29
69019388_camera0-2.jpg 141 1380.27 1271.89 1310.88 1217.82 138.78 108.15
69019388_camera0-30.jpg 141 1452.85 1271.83 1279.25 1232.8 347.19 78.06
69019388_camera0-31.jpg 141 1452.12 1272.0 1281.05 1236.03 342.14 71.95
69019388_camera0-32.jpg 141 1451.38 1268.81 1278.98 1235.77 344.81 66.08
69019388_camera0-33.jpg 141 1442.38 1266.77 1270.57 1231.98 343.62 69.58
69019388_camera0-34.jpg 141 1436.88 1270.05 1266.61 1228.37 340.53 83.36
69019388_camera0-36.jpg 141 1418.95 1267.48 1269.15 1223.46 299.6 88.04
69019388_camera0-35.jpg 141 1427.16 1269.13 1266.87 1225.82 320.58 86.62
69019388_camera0-37.jpg 141 1410.11 1268.26 1277.31 1222.77 265.59 90.98
69019388_camera0-3.jpg 141 1372.15 1270.67 1274.01 1218.0 196.29 105.34
69019388_camera0-38.jpg 141 1399.79 1268.18 1281.93 1220.62 235.71 95.13
69019388_camera0-40.jpg 141 1387.79 1269.88 1309.93 1216.46 155.72 106.85
69019388_camera0-39.jpg 141 1393.35 1267.64 1297.48 1218.71 191.73 97.86
69019388_camera0-7.jpg 141 1358.22 1274.85 1199.88 1228.39 316.68 92.91
69019388_camera0-5.jpg 141 1366.45 1272.74 1237.54 1221.89 257.83 101.69
69019388_camera0-4.jpg 141 1370.39 1275.5 1259.79 1220.77 221.2 109.46
69019388_camera0-6.jpg 141 1362.71 1273.94 1218.25 1224.42 288.93 99.03
69019388_camera0-9.jpg 141 1354.68 1273.93 1181.38 1228.51 346.59 90.85
69019388_camera0-8.jpg 141 1355.82 1276.31 1189.99 1230.1 331.65 92.43
69019388_camera1-13.jpg 141 1228.65 1168.83 1070.54 1078.62 316.22 180.42
69019388_camera1-17.jpg 141 1253.92 1180.83 1138.1 1045.9 231.65 269.85
69019388_camera1-16.jpg 141 1247.98 1174.47 1118.66 1052.72 258.64 243.5
69019388_camera1-15.jpg 141 1241.29 1175.36 1098.92 1055.95 284.73 238.81
69019388_camera1-14.jpg 141 1234.38 1171.7 1082.93 1069.17 302.91 205.05
69019388_camera1-19.jpg 141 1270.76 1175.03 1200.08 1039.79 141.36 270.49
69019388_camera1-21.jpg 141 1290.78 1173.03 1220.59 1036.75 140.38 272.56
69019388_camera1-20.jpg 141 1279.24 1175.04 1230.02 1041.1 98.45 267.89
69019388_camera1-22.jpg 141 1296.25 1169.59 1211.85 1032.51 168.81 274.15
69019388_camera1-24.jpg 141 1306.85 1164.26 1185.75 1035.86 242.2 256.8
69019388_camera1-25.jpg 141 1308.06 1155.7 1172.06 1035.4 272.0 240.59
69019388_camera1-30.jpg 141 1303.27 1123.73 1147.36 1071.58 311.82 104.31
69019388_camera1-29.jpg 141 1306.09 1129.68 1151.14 1063.27 309.9 132.82
69019388_camera1-33.jpg 141 1290.33 1113.4 1134.03 1024.94 312.6 176.92
69019388_camera1-34.jpg 141 1280.88 1113.76 1129.61 1011.01 302.53 205.51
69019388_camera1-36.jpg 141 1268.35 1108.74 1144.66 989.13 247.38 239.22
69019388_camera1-37.jpg 141 1262.43 1107.45 1150.69 978.7 223.48 257.5
69019388_camera1-39.jpg 141 1246.43 1109.34 1175.06 976.52 142.74 265.64
69019388_camera1-40.jpg 141 1240.28 1110.44 1193.1 982.29 94.37 256.31
69019388_camera1-38.jpg 141 1255.9 1108.33 1158.99 974.14 193.82 268.37
69019388_camera1-6.jpg 141 1219.12 1134.72 1076.12 1023.96 286.01 221.51
69019388_camera1-5.jpg 141 1220.99 1129.77 1089.73 1009.6 262.53 240.34
69019388_camera1-7.jpg 141 1218.54 1140.68 1064.73 1038.6 307.62 204.16
69019388_camera1-9.jpg 141 1214.48 1150.32 1051.9 1078.62 325.16 143.41
69019388_camera1-8.jpg 141 1215.17 1144.92 1058.05 1058.65 314.25 172.54
69019388_camera2-11.jpg 141 1297.6 907.12 1251.62 767.57 91.97 279.09
69019388_camera2-10.jpg 141 1289.55 908.02 1240.33 767.46 98.44 281.12
69019388_camera2-12.jpg 141 1300.78 902.58 1235.54 762.19 130.49 280.78
69019388_camera2-40.jpg 141 1235.49 885.91 1095.68 841.06 279.61 89.71
69019388_camera3-13.jpg 141 1346.17 1447.98 1177.04 1376.99 338.27 141.98
69019388_camera3-11.jpg 141 1336.37 1442.36 1161.63 1388.12 349.47 108.49
69019388_camera3-10.jpg 141 1335.83 1439.99 1159.48 1390.7 352.69 98.57
69019388_camera3-19.jpg 141 1398.16 1451.02 1345.53 1362.81 105.27 176.42
69019388_camera3-21.jpg 141 1421.44 1449.18 1321.25 1359.47 200.39 179.42
69019388_camera3-1.jpg 141 1345.35 1423.07 1258.38 1331.96 173.94 182.22
69019388_camera3-20.jpg 141 1412.49 1450.03 1342.01 1360.32 140.97 179.42
69019388_camera3-22.jpg 141 1424.76 1446.8 1306.37 1358.19 236.79 177.22
69019388_camera3-25.jpg 141 1431.36 1435.4 1268.44 1360.81 325.84 149.18
69019388_camera3-29.jpg 141 1422.4 1423.36 1254.45 1378.33 335.91 90.06
69019388_camera3-26.jpg 141 1431.65 1433.91 1260.95 1363.87 341.4 140.08
69019388_camera3-30.jpg 141 1422.25 1421.59 1251.6 1374.0 341.3 95.18
69019388_camera3-28.jpg 141 1426.05 1426.32 1257.12 1375.64 337.86 101.36
69019388_camera3-33.jpg 141 1402.72 1414.66 1241.58 1343.86 322.29 141.6
69019388_camera3-31.jpg 141 1415.05 1420.62 1244.06 1365.41 341.99 110.42
69019388_camera3-32.jpg 141 1410.79 1418.11 1241.82 1348.53 337.94 139.15
69019388_camera3-38.jpg 141 1360.37 1416.07 1285.22 1330.44 150.29 171.26
69019388_camera3-34.jpg 141 1393.73 1414.08 1242.09 1338.26 303.29 151.64
69019388_camera3-39.jpg 141 1354.13 1416.94 1302.17 1332.1 103.92 169.69
69019388_camera3-4.jpg 141 1334.58 1428.04 1190.46 1346.87 288.24 162.34
69019388_camera3-40.jpg 141 1355.76 1417.78 1289.18 1332.69 133.15 170.17
69019388_camera3-3.jpg 141 1339.43 1425.8 1205.25 1344.15 268.37 163.29
69019388_camera3-8.jpg 141 1330.21 1437.15 1156.98 1382.49 346.46 109.33
69019388_camera3-9.jpg 141 1330.77 1439.38 1158.32 1393.67 344.91 91.41
