6911316101043-back_camera0-10.jpg 142 1390.02 1077.85 1169.05 1000.25 441.94 155.2
6911316101043-back_camera0-11.jpg 142 1434.73 1076.54 1203.24 1000.25 462.98 152.57
6911316101043-back_camera0-12.jpg 142 1435.05 1075.98 1162.52 1011.42 545.05 129.13
6911316101043-back_camera0-13.jpg 142 1426.77 1085.05 1106.28 1008.33 640.98 153.44
6911316101043-back_camera0-14.jpg 142 1413.69 1089.69 1053.3 1005.51 720.78 168.36
6911316101043-back_camera0-15.jpg 142 1402.93 1086.69 1020.99 1020.09 763.89 133.2
6911316101043-back_camera0-17.jpg 142 1384.75 1088.38 966.49 1016.04 836.52 144.68
6911316101043-back_camera0-16.jpg 142 1391.09 1086.57 985.92 1017.27 810.33 138.59
6911316101043-back_camera0-19.jpg 142 1356.45 1087.87 945.74 1035.54 821.43 104.66
6911316101043-back_camera0-21.jpg 142 1384.27 1092.57 971.76 1037.34 825.02 110.46
6911316101043-back_camera0-22.jpg 142 1397.91 1084.43 982.28 1016.04 831.26 136.79
6911316101043-back_camera0-1.jpg 142 1502.34 1081.29 1099.3 1024.32 806.08 113.94
6911316101043-back_camera0-18.jpg 142 1364.9 1094.87 947.3 1027.51 835.2 134.71
6911316101043-back_camera0-20.jpg 142 1362.92 1096.57 957.19 1044.24 811.46 104.66
6911316101043-back_camera0-26.jpg 142 1379.49 1105.48 977.01 1021.3 804.96 168.36
6911316101043-back_camera0-23.jpg 142 1388.34 1091.7 964.08 1024.53 848.51 134.35
6911316101043-back_camera0-25.jpg 142 1380.67 1095.86 966.79 1023.14 827.77 145.44
6911316101043-back_camera0-24.jpg 142 1380.81 1094.95 942.82 1010.77 875.98 168.36
6911316101043-back_camera0-28.jpg 142 1389.1 1101.0 1067.63 1012.59 642.94 176.81
6911316101043-back_camera0-27.jpg 142 1384.76 1098.89 1011.21 1008.14 747.09 181.51
6911316101043-back_camera0-2.jpg 142 1499.12 1079.41 1089.2 1024.7 819.84 109.42
6911316101043-back_camera0-30.jpg 142 1433.63 1097.69 1203.12 1014.26 461.02 166.87
6911316101043-back_camera0-29.jpg 142 1397.01 1097.93 1123.49 1007.54 547.03 180.78
6911316101043-back_camera0-31.jpg 142 1486.03 1104.16 1232.18 1016.04 507.7 176.25
6911316101043-back_camera0-32.jpg 142 1502.24 1095.36 1204.57 1020.6 595.34 149.51
6911316101043-back_camera0-33.jpg 142 1508.39 1101.53 1163.79 1013.4 689.21 176.25
6911316101043-back_camera0-34.jpg 142 1511.02 1100.21 1129.59 1013.4 762.87 173.62
6911316101043-back_camera0-35.jpg 142 1513.69 1099.01 1110.0 1026.29 807.38 145.44
6911316101043-back_camera0-36.jpg 142 1509.36 1102.53 1086.67 1023.95 845.37 157.16
6911316101043-back_camera0-38.jpg 142 1493.93 1094.95 1071.72 1016.04 844.42 157.83
6911316101043-back_camera0-3.jpg 142 1483.4 1080.65 1065.21 1020.65 836.39 120.0
6911316101043-back_camera0-37.jpg 142 1497.87 1092.33 1082.24 1016.04 831.26 152.57
6911316101043-back_camera0-39.jpg 142 1480.55 1085.92 1080.14 1027.25 800.81 117.35
6911316101043-back_camera0-5.jpg 142 1457.9 1086.7 1048.81 1018.64 818.19 136.13
6911316101043-back_camera0-40.jpg 142 1492.62 1084.43 1071.72 1026.56 841.79 115.75
6911316101043-back_camera0-7.jpg 142 1416.91 1079.52 1070.89 1010.78 692.04 137.48
6911316101043-back_camera0-6.jpg 142 1429.48 1079.16 1045.41 1000.25 768.13 157.83
6911316101043-back_camera0-4.jpg 142 1470.73 1084.19 1057.43 1017.37 826.59 133.64
6911316101043-back_camera0-9.jpg 142 1393.76 1081.77 1128.24 1000.7 531.04 162.13
6911316101043-back_camera0-8.jpg 142 1395.28 1088.38 1082.24 1008.14 626.08 160.47
6911316101043-back_camera1-11.jpg 142 1237.44 1163.35 1024.37 863.46 426.15 599.77
6911316101043-back_camera1-10.jpg 142 1204.67 1147.57 1003.95 856.13 401.45 582.88
6911316101043-back_camera1-13.jpg 142 1236.26 1171.44 941.52 854.8 589.49 633.28
6911316101043-back_camera1-12.jpg 142 1239.28 1165.88 985.33 857.99 507.89 615.78
6911316101043-back_camera1-17.jpg 142 1230.86 1187.02 840.22 921.33 781.28 531.38
6911316101043-back_camera1-14.jpg 142 1236.92 1177.22 906.29 868.0 661.26 618.45
6911316101043-back_camera1-15.jpg 142 1234.7 1180.08 872.67 876.74 724.06 606.68
6911316101043-back_camera1-16.jpg 142 1233.5 1176.51 853.38 889.77 760.24 573.47
6911316101043-back_camera1-1.jpg 142 1276.68 1106.74 912.88 934.94 727.6 343.59
6911316101043-back_camera1-18.jpg 142 1232.4 1175.52 847.06 943.2 770.68 464.63
6911316101043-back_camera1-19.jpg 142 1229.77 1172.24 851.87 969.46 755.8 405.55
6911316101043-back_camera1-20.jpg 142 1245.34 1169.92 863.9 1013.4 762.87 313.04
6911316101043-back_camera1-23.jpg 142 1266.38 1179.4 872.89 945.0 786.99 468.8
6911316101043-back_camera1-22.jpg 142 1267.8 1174.3 883.25 978.46 769.1 391.68
6911316101043-back_camera1-25.jpg 142 1262.44 1183.07 887.58 908.18 749.72 549.79
6911316101043-back_camera1-24.jpg 142 1253.23 1179.12 856.01 923.96 794.44 510.33
6911316101043-back_camera1-21.jpg 142 1268.41 1172.86 902.1 1014.28 732.62 317.15
6911316101043-back_camera1-26.jpg 142 1267.77 1181.28 913.27 890.59 709.0 581.38
6911316101043-back_camera1-27.jpg 142 1271.64 1173.88 950.71 884.51 641.86 578.73
6911316101043-back_camera1-2.jpg 142 1266.55 1108.72 886.67 902.07 759.77 413.29
6911316101043-back_camera1-29.jpg 142 1277.14 1167.96 1040.34 888.6 473.61 558.72
6911316101043-back_camera1-31.jpg 142 1316.36 1163.35 1098.02 881.88 436.68 562.94
6911316101043-back_camera1-32.jpg 142 1325.78 1162.04 1059.9 879.85 531.75 564.37
6911316101043-back_camera1-28.jpg 142 1272.26 1173.2 986.14 884.37 572.23 577.67
6911316101043-back_camera1-30.jpg 142 1290.06 1154.14 1087.5 881.88 405.11 544.53
6911316101043-back_camera1-33.jpg 142 1325.55 1158.13 1021.5 864.69 608.1 586.89
6911316101043-back_camera1-36.jpg 142 1302.04 1138.74 928.25 881.84 747.57 513.79
6911316101043-back_camera1-35.jpg 142 1313.41 1146.2 955.37 872.53 716.09 547.35
6911316101043-back_camera1-37.jpg 142 1293.99 1129.15 921.77 892.4 744.45 473.5
6911316101043-back_camera1-38.jpg 142 1280.56 1120.53 905.52 919.93 750.07 401.2
6911316101043-back_camera1-34.jpg 142 1316.37 1148.88 979.65 868.72 673.43 560.31
6911316101043-back_camera1-39.jpg 142 1267.28 1114.32 905.72 947.02 723.11 334.6
6911316101043-back_camera1-3.jpg 142 1258.38 1113.62 875.95 883.31 764.87 460.62
6911316101043-back_camera1-6.jpg 142 1225.6 1117.31 877.05 821.37 697.1 591.88
6911316101043-back_camera1-40.jpg 142 1271.8 1111.13 912.62 968.41 718.35 285.44
6911316101043-back_camera1-4.jpg 142 1244.81 1114.37 864.65 855.47 760.32 517.79
6911316101043-back_camera1-7.jpg 142 1211.9 1131.7 885.76 833.21 652.28 596.98
6911316101043-back_camera1-8.jpg 142 1203.24 1133.09 905.99 831.89 594.51 602.4
6911316101043-back_camera1-9.jpg 142 1204.24 1143.44 970.37 847.7 467.74 591.48
6911316101043-back_camera2-10.jpg 142 1259.98 909.19 941.92 729.09 636.12 360.2
6911316101043-back_camera1-5.jpg 142 1230.87 1119.94 861.27 839.79 739.19 560.31
6911316101043-back_camera2-13.jpg 142 1277.68 910.19 934.48 656.02 686.41 508.35
6911316101043-back_camera2-11.jpg 142 1268.22 911.29 944.37 732.4 647.7 357.79
6911316101043-back_camera2-12.jpg 142 1274.2 908.13 934.33 684.57 679.75 447.12
6911316101043-back_camera2-14.jpg 142 1284.93 909.66 942.41 618.79 685.05 581.75
6911316101043-back_camera2-16.jpg 142 1282.16 912.13 961.23 574.1 641.86 676.06
6911316101043-back_camera2-15.jpg 142 1289.05 909.9 956.01 593.83 666.08 632.14
6911316101043-back_camera2-17.jpg 142 1298.25 902.24 1007.56 561.21 581.38 682.06
6911316101043-back_camera2-19.jpg 142 1303.51 891.84 1085.36 562.23 436.31 659.22
6911316101043-back_camera2-18.jpg 142 1300.58 892.39 1040.15 553.05 520.85 678.69
6911316101043-back_camera2-1.jpg 142 1238.44 867.1 1063.08 545.37 350.72 643.45
6911316101043-back_camera2-20.jpg 142 1306.57 882.0 1147.54 572.1 318.06 619.81
6911316101043-back_camera2-21.jpg 142 1312.41 877.92 1124.33 553.05 376.17 649.75
6911316101043-back_camera2-24.jpg 142 1313.7 866.69 1024.19 525.53 579.03 682.33
6911316101043-back_camera2-23.jpg 142 1312.41 871.36 1050.67 524.12 523.49 694.47
6911316101043-back_camera2-25.jpg 142 1310.89 860.07 994.53 531.02 632.72 658.09
6911316101043-back_camera2-22.jpg 142 1316.36 876.62 1092.76 539.9 447.2 673.43
6911316101043-back_camera2-26.jpg 142 1306.68 852.88 976.39 540.94 660.58 623.89
6911316101043-back_camera2-28.jpg 142 1297.53 844.14 956.01 586.76 683.05 514.76
6911316101043-back_camera2-27.jpg 142 1304.17 849.75 963.76 561.14 680.82 577.22
6911316101043-back_camera2-29.jpg 142 1287.42 845.05 958.6 618.82 657.65 452.46
6911316101043-back_camera2-30.jpg 142 1281.88 838.48 963.08 663.32 637.59 350.31
6911316101043-back_camera2-2.jpg 142 1236.91 871.46 1018.76 535.05 436.31 672.82
6911316101043-back_camera2-31.jpg 142 1275.59 829.26 948.08 647.75 655.01 363.02
6911316101043-back_camera2-32.jpg 142 1277.63 829.99 941.26 603.93 672.75 452.13
6911316101043-back_camera2-33.jpg 142 1269.02 834.03 924.91 574.09 688.22 519.87
6911316101043-back_camera2-34.jpg 142 1261.38 833.87 917.52 540.34 687.73 587.05
6911316101043-back_camera2-36.jpg 142 1249.76 838.27 935.2 507.35 629.11 661.84
6911316101043-back_camera2-38.jpg 142 1236.12 841.1 969.12 500.44 534.01 681.32
6911316101043-back_camera2-37.jpg 142 1248.22 844.14 954.95 500.14 586.53 688.0
6911316101043-back_camera2-35.jpg 142 1255.91 836.8 925.68 516.74 660.47 640.12
6911316101043-back_camera2-39.jpg 142 1236.72 856.87 1019.65 525.95 434.15 661.84
6911316101043-back_camera2-5.jpg 142 1236.78 890.38 917.73 553.71 638.1 673.35
6911316101043-back_camera2-4.jpg 142 1234.82 885.83 948.08 534.64 573.47 702.37
6911316101043-back_camera2-40.jpg 142 1235.56 860.85 1065.36 544.49 340.41 632.72
6911316101043-back_camera2-6.jpg 142 1246.65 896.35 916.51 576.73 660.28 639.23
6911316101043-back_camera2-3.jpg 142 1235.82 876.06 980.05 531.2 511.53 689.72
6911316101043-back_camera2-7.jpg 142 1244.84 897.85 906.28 605.27 677.12 585.15
6911316101043-back_camera2-8.jpg 142 1252.14 902.57 904.22 635.49 695.84 534.15
6911316101043-back_camera2-9.jpg 142 1255.66 905.42 925.03 695.31 661.26 420.23
6911316101043-back_camera3-10.jpg 142 1362.39 1430.36 1134.85 1255.42 455.09 349.87
6911316101043-back_camera3-11.jpg 142 1366.72 1440.3 1089.44 1269.03 554.56 342.53
6911316101043-back_camera3-12.jpg 142 1366.34 1442.19 1042.78 1263.31 647.12 357.76
6911316101043-back_camera3-13.jpg 142 1367.66 1446.08 1010.05 1265.42 715.22 361.32
6911316101043-back_camera3-16.jpg 142 1355.82 1451.4 948.08 1289.62 815.48 323.56
6911316101043-back_camera3-14.jpg 142 1362.24 1445.41 973.73 1271.51 777.02 347.81
6911316101043-back_camera3-15.jpg 142 1358.45 1442.19 955.97 1265.94 804.96 352.5
6911316101043-back_camera3-21.jpg 142 1393.89 1433.56 977.97 1332.3 831.85 202.52
6911316101043-back_camera3-19.jpg 142 1370.29 1436.92 958.6 1323.81 823.37 226.23
6911316101043-back_camera3-17.jpg 142 1345.96 1443.2 931.92 1307.09 828.08 272.22
6911316101043-back_camera3-1.jpg 142 1387.39 1404.04 984.91 1281.72 804.96 244.64
6911316101043-back_camera3-22.jpg 142 1390.52 1433.52 963.08 1312.61 854.87 241.82
6911316101043-back_camera3-18.jpg 142 1346.48 1443.11 942.11 1324.18 808.74 237.86
6911316101043-back_camera3-20.jpg 142 1393.36 1435.4 981.33 1338.17 824.06 194.47
6911316101043-back_camera3-23.jpg 142 1386.07 1440.88 961.23 1305.4 849.68 270.95
6911316101043-back_camera3-24.jpg 142 1384.55 1444.01 975.14 1299.76 818.81 288.49
6911316101043-back_camera3-25.jpg 142 1379.1 1439.92 999.84 1289.14 758.52 301.56
6911316101043-back_camera3-26.jpg 142 1376.69 1444.13 1027.74 1278.32 697.9 331.63
6911316101043-back_camera3-29.jpg 142 1408.43 1431.67 1184.83 1286.99 447.2 289.36
6911316101043-back_camera3-30.jpg 142 1454.95 1433.68 1209.15 1298.32 491.59 270.73
6911316101043-back_camera3-27.jpg 142 1380.61 1434.18 1074.56 1283.53 612.1 301.3
6911316101043-back_camera3-28.jpg 142 1382.12 1430.35 1124.33 1281.72 515.59 297.26
6911316101043-back_camera3-31.jpg 142 1457.45 1436.9 1165.34 1297.23 584.22 279.35
6911316101043-back_camera3-34.jpg 142 1428.16 1423.78 1042.78 1286.99 770.76 273.58
6911316101043-back_camera3-36.jpg 142 1410.04 1414.32 1005.8 1302.39 808.48 223.86
6911316101043-back_camera3-2.jpg 142 1374.18 1407.0 962.66 1268.06 823.05 277.89
6911316101043-back_camera3-32.jpg 142 1450.52 1435.62 1119.07 1292.25 662.91 286.73
6911316101043-back_camera3-35.jpg 142 1413.69 1422.46 1024.37 1292.25 778.65 260.43
6911316101043-back_camera3-37.jpg 142 1395.08 1412.19 992.29 1316.25 805.57 191.88
6911316101043-back_camera3-33.jpg 142 1449.2 1430.34 1084.78 1290.66 728.85 279.35
6911316101043-back_camera3-38.jpg 142 1384.76 1405.36 982.28 1308.03 804.96 194.66
6911316101043-back_camera3-39.jpg 142 1379.49 1401.41 963.86 1302.77 831.26 197.29
6911316101043-back_camera3-4.jpg 142 1340.68 1408.59 945.82 1250.8 789.71 315.57
6911316101043-back_camera3-3.jpg 142 1358.51 1408.88 950.13 1262.82 816.77 292.11
6911316101043-back_camera3-40.jpg 142 1393.96 1404.04 998.06 1284.35 791.81 239.38
6911316101043-back_camera3-7.jpg 142 1306.97 1422.92 998.32 1244.74 617.29 356.37
6911316101043-back_camera3-5.jpg 142 1322.72 1411.5 951.79 1247.77 741.87 327.46
6911316101043-back_camera3-8.jpg 142 1303.62 1422.54 1036.33 1250.96 534.59 343.16
6911316101043-back_camera3-6.jpg 142 1313.72 1417.2 974.38 1239.63 678.69 355.13
6911316101043_camera0-11.jpg 142 1355.41 1292.65 1128.97 1199.85 452.89 185.61
6911316101043-back_camera3-9.jpg 142 1340.04 1430.36 1121.7 1260.68 436.68 339.35
6911316101043_camera0-12.jpg 142 1422.18 1299.45 1186.7 1201.92 470.97 195.05
6911316101043_camera0-13.jpg 142 1437.37 1296.19 1153.26 1192.28 568.21 207.82
6911316101043_camera0-15.jpg 142 1443.85 1301.37 1073.84 1198.69 740.02 205.36
6911316101043_camera0-10.jpg 142 1336.07 1289.11 1063.84 1202.49 544.46 173.24
6911316101043_camera0-16.jpg 142 1442.85 1302.66 1039.1 1198.01 807.5 209.3
6911316101043_camera0-14.jpg 142 1439.33 1300.53 1107.11 1196.66 664.44 207.74
6911316101043_camera0-19.jpg 142 1437.37 1288.3 1008.58 1187.02 857.57 202.55
6911316101043_camera0-17.jpg 142 1455.78 1300.14 1042.78 1184.39 826.0 231.49
6911316101043_camera0-1.jpg 142 1351.38 1266.39 951.17 1214.07 800.43 104.65
6911316101043_camera0-18.jpg 142 1434.94 1298.83 1009.16 1202.89 851.56 191.88
6911316101043_camera0-20.jpg 142 1436.05 1285.67 1021.73 1181.76 828.63 207.82
6911316101043_camera0-21.jpg 142 1448.15 1286.93 1035.51 1204.69 825.28 164.49
6911316101043_camera0-25.jpg 142 1451.84 1279.1 1034.89 1200.18 833.89 157.83
6911316101043_camera0-23.jpg 142 1474.93 1281.84 1057.04 1204.41 835.78 154.85
6911316101043_camera0-22.jpg 142 1471.85 1281.54 1067.39 1206.59 808.91 149.9
6911316101043_camera0-28.jpg 142 1416.19 1280.72 1077.63 1206.98 677.12 147.48
6911316101043_camera0-27.jpg 142 1425.53 1280.41 1053.3 1202.81 744.45 155.2
6911316101043_camera0-24.jpg 142 1459.39 1274.99 1040.68 1206.92 837.43 136.13
6911316101043_camera0-2.jpg 142 1367.4 1269.96 964.36 1218.34 806.08 103.24
6911316101043_camera0-26.jpg 142 1433.78 1279.12 1042.1 1210.93 783.37 136.38
6911316101043_camera0-29.jpg 142 1410.09 1278.06 1110.69 1202.9 598.8 150.31
6911316101043_camera0-30.jpg 142 1405.72 1277.56 1150.11 1202.25 511.23 150.61
6911316101043_camera0-31.jpg 142 1424.43 1278.1 1204.87 1206.21 439.12 143.77
6911316101043_camera0-35.jpg 142 1432.1 1268.57 1063.82 1184.39 736.56 168.36
6911316101043_camera0-33.jpg 142 1452.66 1273.35 1169.77 1212.15 565.79 122.4
6911316101043_camera0-32.jpg 142 1456.95 1273.72 1219.98 1209.47 473.95 128.49
6911316101043_camera0-34.jpg 142 1445.26 1269.88 1111.17 1194.91 668.17 149.94
6911316101043_camera0-3.jpg 142 1370.16 1272.23 964.21 1215.11 811.91 114.25
6911316101043_camera0-36.jpg 142 1420.13 1278.45 1031.59 1206.68 777.09 143.54
6911316101043_camera0-4.jpg 142 1359.76 1272.64 942.57 1211.83 834.37 121.62
6911316101043_camera0-5.jpg 142 1357.13 1272.52 924.4 1202.81 865.46 139.42
6911316101043_camera0-38.jpg 142 1382.6 1274.06 968.95 1216.78 827.3 114.55
6911316101043_camera0-8.jpg 142 1325.57 1283.04 963.86 1202.81 723.41 160.47
6911316101043_camera0-37.jpg 142 1402.98 1277.33 996.72 1208.55 812.52 137.55
6911316101043_camera0-40.jpg 142 1350.11 1272.4 944.24 1214.24 811.74 116.32
6911316101043_camera0-6.jpg 142 1337.38 1276.96 932.21 1208.37 810.33 137.18
6911316101043_camera0-39.jpg 142 1358.82 1272.23 955.13 1214.56 807.38 115.34
6911316101043_camera0-7.jpg 142 1332.15 1281.72 934.93 1194.91 794.44 173.62
6911316101043_camera1-10.jpg 142 1215.5 1206.15 1013.67 921.61 403.66 569.09
6911316101043_camera0-9.jpg 142 1333.15 1290.07 1013.9 1208.4 638.5 163.34
6911316101043_camera1-13.jpg 142 1278.92 1223.32 979.47 909.02 598.91 628.6
6911316101043_camera1-11.jpg 142 1262.19 1213.88 1053.66 920.51 417.06 586.73
6911316101043_camera1-12.jpg 142 1275.59 1217.28 1008.58 908.18 534.01 618.19
6911316101043_camera1-14.jpg 142 1281.87 1222.9 946.1 905.92 671.53 633.96
6911316101043_camera1-16.jpg 142 1289.37 1216.06 908.26 925.6 762.22 580.92
6911316101043_camera1-15.jpg 142 1288.21 1219.97 921.53 906.7 733.37 626.54
6911316101043_camera1-18.jpg 142 1287.42 1197.55 895.47 950.27 783.91 494.55
6911316101043_camera1-17.jpg 142 1288.87 1207.33 898.71 935.68 780.31 543.3
6911316101043_camera1-19.jpg 142 1284.7 1182.76 905.99 976.52 757.42 412.48
6911316101043_camera1-22.jpg 142 1311.06 1169.5 938.27 970.62 745.57 397.76
6911316101043_camera1-1.jpg 142 1226.92 1134.41 858.64 976.58 736.56 315.67
6911316101043_camera1-20.jpg 142 1294.93 1173.18 923.92 999.94 742.03 346.47
6911316101043_camera1-21.jpg 142 1313.8 1168.33 949.63 1005.21 728.33 326.24
6911316101043_camera1-23.jpg 142 1303.2 1169.92 916.51 934.49 773.39 470.87
6911316101043_camera1-24.jpg 142 1298.26 1166.39 920.36 906.19 755.8 520.41
6911316101043_camera1-25.jpg 142 1292.54 1168.45 931.78 887.77 721.52 561.36
6911316101043_camera1-28.jpg 142 1272.96 1155.45 987.54 855.57 570.84 599.77
6911316101043_camera1-27.jpg 142 1280.24 1157.33 959.3 850.14 641.89 614.38
6911316101043_camera1-26.jpg 142 1285.81 1162.34 937.92 871.72 695.78 581.23
6911316101043_camera1-30.jpg 142 1271.34 1141.69 1080.78 870.66 381.11 542.07
6911316101043_camera1-32.jpg 142 1295.34 1145.93 1037.26 868.71 516.15 554.44
6911316101043_camera1-29.jpg 142 1266.38 1150.2 1027.0 858.2 478.77 583.99
6911316101043_camera1-31.jpg 142 1296.99 1142.59 1086.99 876.01 420.01 533.15
6911316101043_camera1-34.jpg 142 1277.77 1147.24 951.23 868.81 653.07 556.87
6911316101043_camera1-36.jpg 142 1252.03 1144.69 879.5 885.81 745.06 517.77
6911316101043_camera1-2.jpg 142 1221.27 1151.22 846.71 955.45 749.11 391.53
6911316101043_camera1-33.jpg 142 1284.8 1147.57 979.65 858.2 610.29 578.73
6911316101043_camera1-39.jpg 142 1213.01 1133.67 847.62 963.47 730.77 340.41
6911316101043_camera1-35.jpg 142 1266.35 1146.55 911.85 873.58 709.0 545.93
6911316101043_camera1-38.jpg 142 1222.97 1138.36 834.96 929.23 776.02 418.26
6911316101043_camera1-37.jpg 142 1240.94 1142.66 861.15 905.59 759.58 474.14
6911316101043_camera1-5.jpg 142 1204.84 1180.74 831.49 907.1 746.69 547.29
6911316101043_camera1-3.jpg 142 1215.08 1159.4 834.96 931.86 760.24 455.09
6911316101043_camera1-4.jpg 142 1211.68 1174.42 831.1 921.49 761.17 505.86
6911316101043_camera1-40.jpg 142 1214.06 1131.87 852.23 986.41 723.66 290.92
6911316101043_camera1-8.jpg 142 1204.56 1201.49 908.62 897.66 591.88 607.66
6911316101043_camera1-7.jpg 142 1199.04 1198.59 870.77 895.13 656.54 606.91
6911316101043_camera2-16.jpg 142 1307.73 859.36 990.13 527.73 635.2 663.25
6911316101043_camera2-12.jpg 142 1314.03 882.23 985.77 662.6 656.51 439.26
6911316101043_camera1-9.jpg 142 1199.3 1206.75 942.82 905.55 512.96 602.4
6911316101043_camera1-6.jpg 142 1200.56 1188.91 849.13 899.71 702.85 578.4
6911316101043_camera2-14.jpg 142 1313.62 874.1 979.81 588.66 667.61 570.88
6911316101043_camera2-13.jpg 142 1315.04 873.99 974.38 618.82 681.32 510.33
6911316101043_camera2-10.jpg 142 1307.12 897.09 985.64 714.77 642.96 364.63
6911316101043_camera2-11.jpg 142 1311.1 880.57 987.54 705.63 647.12 349.87
6911316101043_camera2-17.jpg 142 1302.93 849.85 1012.55 505.02 580.76 689.65
6911316101043_camera2-18.jpg 142 1300.87 850.55 1042.39 511.19 516.96 678.71
6911316101043_camera2-15.jpg 142 1310.6 867.46 979.49 552.67 662.21 629.59
6911316101043_camera2-19.jpg 142 1295.82 843.93 1073.39 509.38 444.86 669.11
6911316101043_camera2-1.jpg 142 1257.17 916.07 1076.98 597.77 360.39 636.6
6911316101043_camera2-21.jpg 142 1292.77 836.08 1120.71 523.42 344.11 625.32
6911316101043_camera2-20.jpg 142 1296.84 840.25 1116.04 519.07 361.59 642.36
6911316101043_camera2-24.jpg 142 1274.2 840.61 982.88 508.98 582.64 663.25
6911316101043_camera2-22.jpg 142 1286.86 837.59 1069.61 511.71 434.5 651.75
6911316101043_camera2-25.jpg 142 1268.36 839.3 950.72 510.09 635.27 658.43
6911316101043_camera2-2.jpg 142 1265.99 915.05 1045.98 581.7 440.01 666.69
6911316101043_camera2-26.jpg 142 1259.92 842.61 927.84 534.57 664.17 616.07
6911316101043_camera2-23.jpg 142 1280.84 837.15 1021.73 503.07 518.22 668.17
6911316101043_camera2-28.jpg 142 1247.97 846.36 906.13 592.86 683.69 506.99
6911316101043_camera2-27.jpg 142 1252.78 844.55 912.17 559.08 681.23 570.93
6911316101043_camera2-30.jpg 142 1236.24 849.26 916.14 673.92 640.2 350.68
6911316101043_camera2-29.jpg 142 1242.24 847.34 904.76 626.84 674.97 441.0
6911316101043_camera2-31.jpg 142 1237.64 854.85 920.66 676.66 633.96 356.37
6911316101043_camera2-32.jpg 142 1239.42 861.51 912.89 641.36 653.07 440.31
6911316101043_camera2-33.jpg 142 1240.08 870.04 898.1 613.56 683.95 512.96
6911316101043_camera2-36.jpg 142 1235.31 887.26 919.24 555.64 632.14 663.25
6911316101043_camera2-34.jpg 142 1236.26 874.75 899.38 585.43 673.75 578.64
6911316101043_camera2-35.jpg 142 1234.82 881.87 900.73 560.94 668.17 641.86
6911316101043_camera2-38.jpg 142 1236.68 900.58 977.64 552.12 518.09 696.91
6911316101043_camera2-3.jpg 142 1269.95 916.35 1017.42 579.64 505.07 673.42
6911316101043_camera2-39.jpg 142 1246.67 908.6 1039.49 577.68 414.36 661.84
6911316101043_camera2-37.jpg 142 1237.45 904.24 953.34 568.84 568.21 670.8
6911316101043_camera2-4.jpg 142 1277.59 914.69 989.53 574.98 576.11 679.43
6911316101043_camera2-6.jpg 142 1290.37 912.62 957.02 599.28 666.69 626.68
6911316101043_camera2-40.jpg 142 1240.07 908.18 1053.3 589.88 373.54 636.6
6911316101043_camera2-5.jpg 142 1283.69 915.3 971.3 586.25 624.79 658.09
6911316101043_camera2-7.jpg 142 1295.32 910.82 953.34 621.45 683.95 578.73
6911316101043_camera2-8.jpg 142 1299.35 909.93 956.16 652.77 686.37 514.32
6911316101043_camera2-9.jpg 142 1303.7 903.32 966.72 680.29 673.96 446.07
6911316101043_camera3-10.jpg 142 1391.84 1486.16 1158.58 1304.65 466.52 363.01
6911316101043_camera3-11.jpg 142 1407.12 1490.87 1116.07 1294.5 582.09 392.74
6911316101043_camera3-13.jpg 142 1416.83 1491.93 1047.74 1297.67 738.17 388.51
6911316101043_camera3-12.jpg 142 1412.38 1489.55 1074.35 1292.25 676.06 394.59
6911316101043_camera3-14.jpg 142 1419.26 1490.78 1019.25 1302.72 800.02 376.11
6911316101043_camera3-15.jpg 142 1414.12 1486.31 992.19 1301.91 843.86 368.8
6911316101043_camera3-16.jpg 142 1416.32 1471.13 990.17 1294.88 852.31 352.5
6911316101043_camera3-17.jpg 142 1406.63 1472.66 981.32 1313.57 850.63 318.19
6911316101043_camera3-19.jpg 142 1422.49 1455.39 1011.67 1340.14 821.64 230.51
6911316101043_camera3-18.jpg 142 1402.62 1465.24 993.5 1330.45 818.25 269.58
6911316101043_camera3-1.jpg 142 1336.09 1434.3 929.66 1336.97 812.85 194.66
6911316101043_camera3-20.jpg 142 1445.02 1443.78 1040.18 1341.68 809.68 204.19
6911316101043_camera3-22.jpg 142 1424.22 1447.45 1005.95 1310.66 836.53 273.58
6911316101043_camera3-21.jpg 142 1444.8 1448.41 1031.15 1330.33 827.3 236.17
6911316101043_camera3-24.jpg 142 1409.01 1454.32 1014.95 1302.09 788.12 304.47
6911316101043_camera3-25.jpg 142 1405.8 1456.66 1034.89 1292.25 741.82 328.82
6911316101043_camera3-26.jpg 142 1386.56 1452.78 1042.97 1289.65 687.17 326.26
6911316101043_camera3-23.jpg 142 1421.27 1453.07 1010.35 1310.03 821.84 286.07
6911316101043_camera3-29.jpg 142 1399.22 1442.18 1179.57 1279.09 439.31 326.19
6911316101043_camera3-2.jpg 142 1328.2 1443.5 903.36 1318.55 849.68 249.91
6911316101043_camera3-28.jpg 142 1379.41 1445.51 1127.8 1290.11 503.22 310.81
6911316101043_camera3-27.jpg 142 1386.22 1452.33 1085.61 1287.47 601.23 329.71
6911316101043_camera3-31.jpg 142 1421.59 1444.83 1134.85 1292.25 573.47 305.15
6911316101043_camera3-32.jpg 142 1417.04 1445.41 1092.75 1298.73 648.58 293.37
6911316101043_camera3-30.jpg 142 1432.47 1439.71 1198.5 1297.2 467.94 285.02
6911316101043_camera3-33.jpg 142 1407.12 1447.46 1045.41 1300.14 723.41 294.63
6911316101043_camera3-34.jpg 142 1394.79 1445.11 1009.32 1303.29 770.93 283.64
6911316101043_camera3-38.jpg 142 1321.67 1432.36 922.06 1339.59 799.23 185.53
6911316101043_camera3-3.jpg 142 1316.36 1448.76 905.99 1313.29 820.74 270.95
6911316101043_camera3-35.jpg 142 1375.42 1444.75 970.68 1308.62 809.48 272.26
6911316101043_camera3-37.jpg 142 1346.92 1434.76 929.71 1317.83 834.43 233.87
6911316101043_camera3-4.jpg 142 1316.36 1443.5 908.62 1281.72 815.48 323.56
6911316101043_camera3-36.jpg 142 1357.53 1437.71 948.66 1314.68 817.73 246.06
6911316101043_camera3-39.jpg 142 1336.14 1429.62 934.05 1351.18 804.18 156.89
6911316101043_camera3-40.jpg 142 1344.41 1433.62 944.06 1347.6 800.7 172.05
6911316101043_camera3-5.jpg 142 1306.43 1465.45 921.62 1313.75 769.62 303.41
6911316101043_camera3-6.jpg 142 1305.36 1465.05 944.74 1304.54 721.23 321.02
6911316101043_camera3-7.jpg 142 1304.22 1471.07 981.18 1310.46 646.08 321.22
6911316101043_camera3-8.jpg 142 1308.85 1473.58 1035.04 1315.4 547.62 316.36
6911316101043_camera3-9.jpg 142 1328.19 1482.97 1103.28 1305.4 449.83 355.13
