6911316101012-back_camera0-13.jpg 143 1468.84 1110.82 1146.0 1023.86 645.67 173.91
6911316101012-back_camera0-12.jpg 143 1462.36 1109.41 1176.94 1013.4 570.84 192.03
6911316101012-back_camera0-11.jpg 143 1457.25 1111.38 1228.86 1019.46 456.78 183.84
6911316101012-back_camera0-10.jpg 143 1392.21 1111.02 1162.34 1021.44 459.74 179.15
6911316101012-back_camera0-14.jpg 143 1475.52 1101.53 1116.44 1005.51 718.15 192.03
6911316101012-back_camera0-17.jpg 143 1439.7 1108.37 1013.69 1027.54 852.02 161.65
6911316101012-back_camera0-15.jpg 143 1460.56 1107.32 1069.27 1023.65 782.57 167.34
6911316101012-back_camera0-18.jpg 143 1430.79 1105.48 1011.21 1018.67 839.16 173.62
6911316101012-back_camera0-16.jpg 143 1451.84 1100.21 1037.52 1013.4 828.63 173.62
6911316101012-back_camera0-19.jpg 143 1413.95 1100.26 1002.69 1034.43 822.53 131.65
6911316101012-back_camera0-21.jpg 143 1451.84 1105.48 1032.26 1039.71 839.16 131.53
6911316101012-back_camera0-20.jpg 143 1429.47 1094.95 1003.32 1021.3 852.31 147.31
6911316101012-back_camera0-1.jpg 143 1447.53 1091.6 1035.68 1034.51 823.69 114.18
6911316101012-back_camera0-22.jpg 143 1447.39 1095.57 1012.86 1037.83 869.07 115.49
6911316101012-back_camera0-24.jpg 143 1423.53 1102.23 1003.3 1040.38 840.45 123.69
6911316101012-back_camera0-25.jpg 143 1409.75 1101.53 1003.32 1034.45 812.85 134.16
6911316101012-back_camera0-23.jpg 143 1433.17 1099.35 1007.39 1042.26 851.56 114.18
6911316101012-back_camera0-27.jpg 143 1396.59 1096.26 1048.04 1010.77 697.1 170.99
6911316101012-back_camera0-28.jpg 143 1399.22 1101.53 1084.87 1021.3 628.71 160.47
6911316101012-back_camera0-26.jpg 143 1407.81 1106.03 1021.74 1033.03 772.14 146.01
6911316101012-back_camera0-2.jpg 143 1448.89 1095.04 1028.66 1034.78 840.46 120.52
6911316101012-back_camera0-30.jpg 143 1429.47 1101.53 1200.61 1023.93 457.72 155.2
6911316101012-back_camera0-29.jpg 143 1399.81 1102.83 1143.13 1031.41 513.35 142.83
6911316101012-back_camera0-32.jpg 143 1471.57 1094.95 1163.79 1021.3 615.56 147.31
6911316101012-back_camera0-31.jpg 143 1467.92 1096.68 1214.2 1027.7 507.44 137.96
6911316101012-back_camera0-33.jpg 143 1471.22 1100.82 1122.27 1026.58 697.9 148.49
6911316101012-back_camera0-39.jpg 143 1422.9 1083.11 1003.32 1008.14 839.16 149.94
6911316101012-back_camera0-37.jpg 143 1436.89 1093.51 1007.24 1023.32 859.31 140.38
6911316101012-back_camera0-35.jpg 143 1459.18 1093.18 1051.64 1024.99 815.08 136.38
6911316101012-back_camera0-34.jpg 143 1449.2 1096.27 1058.56 1016.04 781.28 160.47
6911316101012-back_camera0-36.jpg 143 1467.62 1101.53 1034.89 1016.04 865.46 170.99
6911316101012-back_camera0-38.jpg 143 1426.92 1093.83 999.49 1023.83 854.87 140.0
6911316101012-back_camera0-40.jpg 143 1433.6 1082.71 1016.54 1030.38 834.11 104.66
6911316101012-back_camera0-3.jpg 143 1432.11 1098.9 998.06 1026.56 868.09 144.68
6911316101012-back_camera0-4.jpg 143 1423.01 1101.67 997.23 1027.14 851.56 149.06
6911316101012-back_camera0-9.jpg 143 1392.99 1111.24 1110.86 1020.91 564.26 180.66
6911316101012-back_camera0-5.jpg 143 1414.21 1108.38 998.03 1028.27 832.37 160.23
6911316101012-back_camera0-7.jpg 143 1397.91 1105.47 1027.0 1010.77 741.82 189.4
6911316101012-back_camera0-6.jpg 143 1403.75 1110.47 1007.98 1026.83 791.54 167.28
6911316101012-back_camera0-8.jpg 143 1393.9 1112.91 1069.22 1025.96 649.37 173.91
6911316101012-back_camera1-10.jpg 143 1255.86 1217.28 1050.67 905.55 410.37 623.45
6911316101012-back_camera1-15.jpg 143 1314.59 1199.74 946.9 898.52 735.37 602.44
6911316101012-back_camera1-13.jpg 143 1309.83 1212.82 1001.18 900.93 617.3 623.78
6911316101012-back_camera1-11.jpg 143 1294.39 1210.75 1076.2 913.17 436.38 595.17
6911316101012-back_camera1-12.jpg 143 1303.17 1215.62 1028.08 899.26 550.19 632.72
6911316101012-back_camera1-14.jpg 143 1314.76 1205.57 970.65 900.31 688.22 610.52
6911316101012-back_camera1-17.jpg 143 1303.05 1179.38 911.07 928.4 783.95 501.97
6911316101012-back_camera1-16.jpg 143 1309.01 1185.84 925.12 910.18 767.77 551.32
6911316101012-back_camera1-18.jpg 143 1296.85 1169.97 908.34 946.38 777.02 447.19
6911316101012-back_camera1-19.jpg 143 1292.2 1158.39 915.71 973.39 752.97 370.01
6911316101012-back_camera1-1.jpg 143 1225.94 1166.92 851.01 983.79 749.87 366.27
6911316101012-back_camera1-21.jpg 143 1314.47 1143.65 938.3 979.61 752.34 328.09
6911316101012-back_camera1-20.jpg 143 1302.84 1145.34 933.13 1002.62 739.42 285.44
6911316101012-back_camera1-29.jpg 143 1236.69 1137.68 1005.15 862.58 463.08 550.19
6911316101012-back_camera1-22.jpg 143 1304.79 1143.39 922.75 956.69 764.07 373.4
6911316101012-back_camera1-24.jpg 143 1269.02 1146.24 890.21 879.24 757.61 534.01
6911316101012-back_camera1-23.jpg 143 1299.39 1142.67 910.88 923.59 777.02 438.16
6911316101012-back_camera1-25.jpg 143 1268.93 1145.15 903.48 872.92 730.9 544.46
6911316101012-back_camera1-26.jpg 143 1259.26 1148.67 911.85 870.74 694.82 555.86
6911316101012-back_camera1-28.jpg 143 1241.38 1137.05 977.01 852.94 528.75 568.21
6911316101012-back_camera1-32.jpg 143 1261.93 1148.79 997.37 854.63 529.12 588.32
6911316101012-back_camera1-2.jpg 143 1222.97 1185.71 829.7 942.38 786.54 486.66
6911316101012-back_camera1-27.jpg 143 1245.44 1147.74 946.83 861.54 597.22 572.4
6911316101012-back_camera1-31.jpg 143 1265.27 1142.64 1048.82 860.38 432.91 564.53
6911316101012-back_camera1-30.jpg 143 1241.28 1137.68 1046.42 867.17 389.72 541.02
6911316101012-back_camera1-33.jpg 143 1261.12 1156.77 961.23 855.57 599.77 602.4
6911316101012-back_camera1-34.jpg 143 1245.8 1154.03 911.86 858.02 667.87 592.02
6911316101012-back_camera1-38.jpg 143 1208.5 1160.72 816.55 937.12 783.91 447.2
6911316101012-back_camera1-36.jpg 143 1228.12 1158.7 846.48 885.83 763.29 545.73
6911316101012-back_camera1-3.jpg 143 1220.15 1194.98 824.55 934.49 791.2 520.98
6911316101012-back_camera1-35.jpg 143 1233.49 1159.4 871.79 866.09 723.41 586.62
6911316101012-back_camera1-37.jpg 143 1221.69 1161.53 831.33 915.47 780.72 492.12
6911316101012-back_camera1-40.jpg 143 1213.77 1168.61 842.86 1005.51 741.82 326.19
6911316101012-back_camera1-5.jpg 143 1219.32 1210.43 840.0 904.14 758.63 612.58
6911316101012-back_camera1-39.jpg 143 1203.72 1160.16 823.93 974.63 759.58 371.07
6911316101012-back_camera1-7.jpg 143 1222.61 1221.96 890.81 883.43 663.59 677.07
6911316101012-back_camera1-8.jpg 143 1229.55 1218.59 948.08 892.4 562.94 652.38
6911316101012-back_camera1-6.jpg 143 1217.84 1214.0 855.23 899.49 725.22 629.02
6911316101012-back_camera2-10.jpg 143 1311.51 864.53 986.79 690.82 649.45 347.41
6911316101012-back_camera1-4.jpg 143 1217.71 1197.55 821.81 910.81 791.81 573.47
6911316101012-back_camera1-9.jpg 143 1240.27 1218.95 991.55 894.75 497.44 648.4
6911316101012-back_camera2-11.jpg 143 1318.06 858.07 993.37 679.54 649.37 357.06
6911316101012-back_camera2-14.jpg 143 1305.84 856.88 958.6 550.42 694.47 612.93
6911316101012-back_camera2-12.jpg 143 1311.62 854.53 968.87 630.89 685.5 447.28
6911316101012-back_camera2-17.jpg 143 1282.39 838.99 996.02 494.63 572.74 688.71
6911316101012-back_camera2-15.jpg 143 1300.84 845.89 963.05 532.92 675.58 625.94
6911316101012-back_camera2-13.jpg 143 1307.98 848.46 959.15 587.14 697.66 522.64
6911316101012-back_camera2-21.jpg 143 1260.47 835.05 1073.19 505.95 374.56 658.2
6911316101012-back_camera2-1.jpg 143 1291.12 916.18 1106.33 585.58 369.57 661.19
6911316101012-back_camera2-18.jpg 143 1275.59 839.79 1011.21 489.92 528.75 699.73
6911316101012-back_camera2-19.jpg 143 1270.08 839.06 1053.52 499.11 433.12 679.9
6911316101012-back_camera2-20.jpg 143 1263.5 836.86 1090.16 515.64 346.68 642.44
6911316101012-back_camera2-16.jpg 143 1290.36 842.38 975.86 503.27 628.99 678.21
6911316101012-back_camera2-24.jpg 143 1245.34 850.31 934.93 510.96 620.82 678.69
6911316101012-back_camera2-22.jpg 143 1256.74 840.77 1034.73 503.79 444.01 673.95
6911316101012-back_camera2-23.jpg 143 1252.79 844.95 983.69 494.03 538.2 701.84
6911316101012-back_camera2-25.jpg 143 1242.24 855.85 911.85 526.16 660.79 659.37
6911316101012-back_camera2-26.jpg 143 1242.19 860.85 904.56 550.04 675.27 621.62
6911316101012-back_camera2-27.jpg 143 1236.16 867.48 886.54 591.11 699.24 552.74
6911316101012-back_camera2-28.jpg 143 1236.57 873.58 889.16 625.43 694.82 496.3
6911316101012-back_camera2-29.jpg 143 1238.5 874.85 899.94 665.53 677.12 418.64
6911316101012-back_camera2-32.jpg 143 1241.28 889.11 890.53 648.4 701.49 481.42
6911316101012-back_camera2-36.jpg 143 1255.21 909.39 933.99 565.14 642.44 688.5
6911316101012-back_camera2-30.jpg 143 1234.44 879.46 912.96 707.47 642.96 343.97
6911316101012-back_camera2-2.jpg 143 1299.91 911.27 1056.5 566.37 486.83 689.81
6911316101012-back_camera2-33.jpg 143 1243.1 896.66 892.78 628.17 700.63 536.98
6911316101012-back_camera2-31.jpg 143 1235.56 886.4 910.02 699.51 651.07 373.79
6911316101012-back_camera2-34.jpg 143 1245.86 902.86 895.11 602.55 701.49 600.62
6911316101012-back_camera2-35.jpg 143 1247.91 909.02 910.43 584.3 674.97 649.45
6911316101012-back_camera2-39.jpg 143 1271.38 915.55 1052.18 574.03 438.4 683.05
6911316101012-back_camera2-38.jpg 143 1268.78 915.28 1011.89 568.79 513.79 692.98
6911316101012-back_camera2-37.jpg 143 1258.6 911.23 969.39 562.57 578.42 697.31
6911316101012-back_camera2-3.jpg 143 1299.79 909.62 1025.17 556.42 549.24 706.4
6911316101012-back_camera2-40.jpg 143 1286.44 914.61 1118.99 597.32 334.91 634.57
6911316101012-back_camera2-4.jpg 143 1308.03 910.61 1010.22 562.48 595.61 696.25
6911316101012-back_camera2-5.jpg 143 1308.18 899.8 985.58 563.03 645.19 673.55
6911316101012-back_camera2-7.jpg 143 1313.83 887.54 968.13 600.52 691.39 574.05
6911316101012-back_camera2-6.jpg 143 1308.02 898.23 967.32 577.33 681.4 641.8
6911316101012-back_camera2-8.jpg 143 1314.62 877.23 966.54 629.06 696.15 496.34
6911316101012-back_camera3-13.jpg 143 1448.22 1473.07 1066.93 1303.03 762.58 340.07
6911316101012-back_camera3-11.jpg 143 1442.15 1480.38 1146.52 1315.24 591.26 330.29
6911316101012-back_camera3-12.jpg 143 1448.36 1476.81 1104.26 1305.59 688.2 342.45
6911316101012-back_camera3-10.jpg 143 1430.24 1476.56 1184.18 1311.9 492.12 329.31
6911316101012-back_camera2-9.jpg 143 1312.56 874.54 967.32 651.81 690.47 445.47
6911316101012-back_camera3-14.jpg 143 1445.81 1469.33 1040.64 1310.75 810.33 317.15
6911316101012-back_camera3-15.jpg 143 1438.2 1467.1 1018.24 1312.62 839.93 308.96
6911316101012-back_camera3-17.jpg 143 1418.03 1446.85 994.83 1327.0 846.39 239.7
6911316101012-back_camera3-18.jpg 143 1409.99 1445.21 1000.2 1342.53 819.58 205.36
6911316101012-back_camera3-16.jpg 143 1428.59 1457.28 1005.98 1323.28 845.21 267.99
6911316101012-back_camera3-19.jpg 143 1431.2 1434.82 1017.55 1349.97 827.3 169.7
6911316101012-back_camera3-20.jpg 143 1442.63 1431.67 1029.63 1342.23 826.0 178.88
6911316101012-back_camera3-1.jpg 143 1343.82 1462.86 924.38 1332.03 838.87 261.65
6911316101012-back_camera3-21.jpg 143 1428.16 1440.88 1008.58 1334.34 839.16 213.08
6911316101012-back_camera3-26.jpg 143 1356.22 1433.39 1020.83 1296.22 670.78 274.34
6911316101012-back_camera3-23.jpg 143 1396.6 1434.3 987.54 1294.88 818.11 278.84
6911316101012-back_camera3-22.jpg 143 1418.7 1431.72 998.69 1319.51 840.02 224.42
6911316101012-back_camera3-24.jpg 143 1374.23 1440.88 990.17 1289.62 768.13 302.52
6911316101012-back_camera3-25.jpg 143 1366.82 1432.36 1013.46 1294.53 706.72 275.66
6911316101012-back_camera3-28.jpg 143 1337.41 1432.99 1095.39 1292.25 484.03 281.47
6911316101012-back_camera3-29.jpg 143 1361.6 1439.38 1149.56 1300.06 424.08 278.64
6911316101012-back_camera3-2.jpg 143 1330.83 1465.87 900.73 1305.4 860.2 320.93
6911316101012-back_camera3-27.jpg 143 1340.97 1438.87 1066.59 1296.36 548.77 285.02
6911316101012-back_camera3-30.jpg 143 1384.76 1443.5 1137.48 1281.72 494.55 323.56
6911316101012-back_camera3-32.jpg 143 1377.92 1451.72 1042.58 1285.9 670.68 331.63
6911316101012-back_camera3-35.jpg 143 1341.35 1448.77 921.77 1289.62 839.16 318.3
6911316101012-back_camera3-31.jpg 143 1387.02 1444.48 1102.16 1292.44 569.71 304.08
6911316101012-back_camera3-33.jpg 143 1371.6 1447.44 1013.84 1281.72 715.52 331.45
6911316101012-back_camera3-36.jpg 143 1332.99 1443.41 913.56 1306.24 838.87 274.34
6911316101012-back_camera3-34.jpg 143 1361.08 1443.5 961.23 1276.46 799.7 334.08
6911316101012-back_camera3-37.jpg 143 1321.26 1442.62 900.58 1320.29 841.36 244.66
6911316101012-back_camera3-38.jpg 143 1309.54 1439.21 895.89 1324.66 827.3 229.1
6911316101012-back_camera3-39.jpg 143 1321.62 1438.25 905.99 1331.71 831.26 213.08
6911316101012-back_camera3-5.jpg 143 1327.04 1481.03 936.68 1294.17 780.72 373.71
6911316101012-back_camera3-40.jpg 143 1345.29 1457.2 929.22 1332.3 832.13 249.8
6911316101012-back_camera3-3.jpg 143 1333.46 1473.76 908.62 1302.77 849.68 341.98
6911316101012-back_camera3-7.jpg 143 1334.93 1483.38 1025.7 1292.3 618.45 382.17
6911316101012-back_camera3-4.jpg 143 1328.9 1483.86 911.69 1293.3 834.43 381.12
6911316101012-back_camera3-9.jpg 143 1377.91 1485.47 1145.48 1302.66 464.87 365.61
6911316101012-back_camera3-6.jpg 143 1322.93 1489.55 961.23 1292.25 723.41 394.59
6911316101012-back_camera3-8.jpg 143 1347.63 1486.62 1102.97 1300.79 489.32 371.65
6911316101012_camera0-10.jpg 143 1364.66 1281.91 1136.36 1216.57 456.6 130.69
6911316101012_camera0-11.jpg 143 1425.53 1281.73 1179.57 1205.44 491.92 152.57
6911316101012_camera0-16.jpg 143 1443.85 1282.78 1023.65 1215.78 840.4 134.0
6911316101012_camera0-13.jpg 143 1437.3 1277.52 1123.32 1215.67 627.96 123.69
6911316101012_camera0-12.jpg 143 1432.11 1281.72 1142.74 1208.07 578.73 147.31
6911316101012_camera0-15.jpg 143 1448.28 1292.33 1050.54 1214.9 795.48 154.85
6911316101012_camera0-14.jpg 143 1445.74 1287.7 1083.44 1216.09 724.6 143.22
6911316101012_camera0-18.jpg 143 1408.43 1281.73 958.6 1215.96 899.66 131.53
6911316101012_camera0-20.jpg 143 1440.84 1272.3 1022.2 1227.44 837.28 89.71
6911316101012_camera0-19.jpg 143 1426.55 1273.67 1002.3 1222.05 848.51 103.24
6911316101012_camera0-17.jpg 143 1439.6 1279.36 1010.65 1220.68 857.9 117.35
6911316101012_camera0-1.jpg 143 1364.6 1269.33 946.35 1207.46 836.49 123.74
6911316101012_camera0-23.jpg 143 1463.14 1268.37 1033.01 1201.37 860.26 134.0
6911316101012_camera0-22.jpg 143 1472.11 1266.01 1055.05 1212.1 834.11 107.83
6911316101012_camera0-26.jpg 143 1425.53 1269.12 1025.64 1182.5 799.78 173.24
6911316101012_camera0-24.jpg 143 1453.46 1264.13 1030.06 1200.25 846.8 127.77
6911316101012_camera0-21.jpg 143 1458.13 1267.37 1031.23 1216.63 853.81 101.47
6911316101012_camera0-29.jpg 143 1399.22 1267.26 1103.28 1171.24 591.88 192.03
6911316101012_camera0-25.jpg 143 1442.22 1265.69 1029.96 1194.47 824.51 142.45
6911316101012_camera0-2.jpg 143 1376.87 1269.89 948.08 1202.81 857.57 134.16
6911316101012_camera0-30.jpg 143 1402.69 1260.36 1177.25 1185.21 450.88 150.29
6911316101012_camera0-28.jpg 143 1410.26 1267.83 1079.66 1176.88 661.19 181.9
6911316101012_camera0-27.jpg 143 1415.01 1263.31 1037.52 1171.24 754.98 184.14
6911316101012_camera0-31.jpg 143 1449.44 1261.59 1235.36 1186.83 428.16 149.51
6911316101012_camera0-35.jpg 143 1425.76 1270.81 1044.71 1181.19 762.1 179.23
6911316101012_camera0-34.jpg 143 1446.58 1265.94 1090.13 1171.24 712.89 189.4
6911316101012_camera0-32.jpg 143 1455.89 1267.68 1191.43 1183.31 528.92 168.74
6911316101012_camera0-33.jpg 143 1444.82 1268.18 1140.16 1187.21 609.32 161.94
6911316101012_camera0-36.jpg 143 1404.48 1268.57 992.8 1176.5 823.37 184.14
6911316101012_camera0-37.jpg 143 1394.56 1269.43 976.01 1185.06 837.09 168.74
6911316101012_camera0-3.jpg 143 1368.99 1275.54 946.95 1222.53 844.08 106.02
6911316101012_camera0-40.jpg 143 1354.51 1265.94 940.19 1197.55 828.63 136.79
6911316101012_camera0-38.jpg 143 1373.1 1267.94 952.66 1187.83 840.88 160.23
6911316101012_camera0-5.jpg 143 1346.61 1280.41 919.14 1213.33 854.94 134.16
6911316101012_camera0-8.jpg 143 1328.47 1280.32 985.94 1216.1 685.05 128.45
6911316101012_camera0-39.jpg 143 1356.14 1268.33 945.63 1196.01 821.02 144.64
6911316101012_camera0-7.jpg 143 1320.31 1275.15 937.56 1202.81 765.5 144.68
6911316101012_camera0-4.jpg 143 1352.75 1279.87 924.31 1222.13 856.88 115.47
6911316101012_camera1-12.jpg 143 1283.74 1206.04 986.41 904.74 594.66 602.59
6911316101012_camera1-11.jpg 143 1276.22 1201.16 1010.18 901.71 532.09 598.91
6911316101012_camera1-13.jpg 143 1288.74 1208.07 963.86 902.92 649.75 610.29
6911316101012_camera1-10.jpg 143 1267.62 1197.85 1050.08 914.96 435.09 565.78
6911316101012_camera0-6.jpg 143 1332.85 1281.61 928.48 1218.97 808.74 125.28
6911316101012_camera0-9.jpg 143 1334.78 1281.73 1040.15 1205.44 589.25 152.57
6911316101012_camera1-14.jpg 143 1288.04 1208.44 927.13 906.72 721.82 603.44
6911316101012_camera1-15.jpg 143 1289.04 1200.43 906.18 916.12 765.72 568.62
6911316101012_camera1-17.jpg 143 1284.79 1183.08 879.68 939.75 810.22 486.66
6911316101012_camera1-18.jpg 143 1284.21 1179.27 894.91 977.88 778.61 402.78
6911316101012_camera1-16.jpg 143 1289.32 1194.23 892.94 932.41 792.75 523.65
6911316101012_camera1-1.jpg 143 1228.34 1136.53 849.69 962.06 757.29 348.95
6911316101012_camera1-19.jpg 143 1285.01 1170.57 906.16 1001.0 757.69 339.14
6911316101012_camera1-20.jpg 143 1307.49 1151.15 930.98 998.92 753.01 304.47
6911316101012_camera1-24.jpg 143 1296.61 1152.44 912.66 867.48 767.9 569.92
6911316101012_camera1-22.jpg 143 1310.32 1152.13 914.76 918.26 791.12 467.74
6911316101012_camera1-21.jpg 143 1316.48 1152.92 933.62 961.49 765.72 382.86
6911316101012_camera1-26.jpg 143 1276.18 1150.12 928.88 841.59 694.6 617.05
6911316101012_camera1-23.jpg 143 1304.07 1157.21 915.56 897.28 777.02 519.87
6911316101012_camera1-27.jpg 143 1279.53 1143.62 971.75 829.26 615.56 628.71
6911316101012_camera1-28.jpg 143 1269.01 1142.3 1000.69 839.79 536.64 605.03
6911316101012_camera1-25.jpg 143 1289.49 1152.73 924.25 851.01 730.48 603.44
6911316101012_camera1-30.jpg 143 1295.7 1132.09 1102.14 844.94 387.11 574.29
6911316101012_camera1-29.jpg 143 1268.89 1132.8 1054.02 841.02 429.74 583.56
6911316101012_camera1-2.jpg 143 1216.71 1146.31 821.8 935.73 789.83 421.15
6911316101012_camera1-31.jpg 143 1294.0 1130.47 1053.3 818.74 481.4 623.45
6911316101012_camera1-32.jpg 143 1289.17 1134.81 1010.87 827.17 556.6 615.28
6911316101012_camera1-38.jpg 143 1219.03 1129.15 834.96 908.18 768.13 441.94
6911316101012_camera1-33.jpg 143 1281.94 1133.74 963.48 822.73 636.92 622.03
6911316101012_camera1-35.jpg 143 1258.66 1129.86 889.97 838.08 737.38 583.56
6911316101012_camera1-37.jpg 143 1228.24 1114.68 832.33 868.72 791.81 491.92
6911316101012_camera1-39.jpg 143 1209.26 1122.17 838.34 949.44 741.84 345.46
6911316101012_camera1-36.jpg 143 1241.66 1131.45 853.84 859.9 775.65 543.1
6911316101012_camera1-40.jpg 143 1221.36 1126.3 848.9 981.52 744.92 289.55
6911316101012_camera1-4.jpg 143 1201.2 1163.74 813.01 900.0 776.39 527.49
6911316101012_camera1-6.jpg 143 1197.27 1181.7 850.78 885.95 692.98 591.49
6911316101012_camera1-5.jpg 143 1198.78 1172.53 826.25 888.72 745.06 567.61
6911316101012_camera1-8.jpg 143 1201.67 1188.7 920.16 886.98 563.02 603.44
6911316101012_camera1-3.jpg 143 1213.25 1151.93 817.28 916.0 791.94 471.87
6911316101012_camera1-7.jpg 143 1198.97 1185.39 884.2 886.48 629.55 597.83
6911316101012_camera1-9.jpg 143 1212.12 1191.31 994.34 904.23 435.57 574.16
6911316101012_camera2-12.jpg 143 1316.63 875.03 969.35 619.72 694.56 510.62
6911316101012_camera2-11.jpg 143 1316.04 880.32 970.27 654.05 691.54 452.54
6911316101012_camera2-13.jpg 143 1314.35 871.03 961.91 590.74 704.87 560.57
6911316101012_camera2-16.jpg 143 1305.84 856.88 984.91 505.7 641.86 702.37
6911316101012_camera2-14.jpg 143 1315.46 866.42 968.05 554.57 694.82 623.69
6911316101012_camera2-15.jpg 143 1304.52 863.46 966.49 529.38 676.06 668.17
6911316101012_camera2-19.jpg 143 1295.59 842.35 1093.4 510.13 404.37 664.44
6911316101012_camera2-21.jpg 143 1288.38 835.8 1087.92 498.52 400.92 674.56
6911316101012_camera2-17.jpg 143 1301.89 850.31 1005.95 497.81 591.88 705.0
6911316101012_camera2-1.jpg 143 1262.57 912.92 1063.22 577.92 398.7 670.01
6911316101012_camera2-20.jpg 143 1291.96 836.8 1135.65 520.1 312.62 633.4
6911316101012_camera2-18.jpg 143 1300.88 846.86 1046.42 493.82 508.92 706.08
6911316101012_camera2-22.jpg 143 1280.85 834.53 1027.0 484.66 507.7 699.73
6911316101012_camera2-23.jpg 143 1275.8 831.87 992.08 477.01 567.44 709.71
6911316101012_camera2-24.jpg 143 1270.9 833.27 956.19 485.35 629.43 695.84
6911316101012_camera2-25.jpg 143 1263.02 833.9 930.01 505.65 666.02 656.51
6911316101012_camera2-26.jpg 143 1257.85 836.71 911.85 523.33 691.99 626.76
6911316101012_camera2-30.jpg 143 1238.98 849.15 913.45 686.39 651.06 325.53
6911316101012_camera2-27.jpg 143 1245.34 834.52 890.21 555.68 710.26 557.68
6911316101012_camera2-32.jpg 143 1235.31 866.77 885.3 620.7 700.02 492.14
6911316101012_camera2-29.jpg 143 1237.45 847.67 895.47 642.49 683.95 410.37
6911316101012_camera2-28.jpg 143 1243.63 842.48 890.97 591.29 705.32 502.39
6911316101012_camera2-2.jpg 143 1270.32 917.39 1016.47 568.84 507.7 697.1
6911316101012_camera2-31.jpg 143 1237.64 857.27 903.69 651.2 667.9 412.13
6911316101012_camera2-33.jpg 143 1234.44 871.45 880.65 587.14 707.58 568.62
6911316101012_camera2-35.jpg 143 1232.18 883.19 895.47 542.53 673.43 681.32
6911316101012_camera2-36.jpg 143 1235.84 892.66 931.44 548.04 608.8 689.24
6911316101012_camera2-34.jpg 143 1226.91 883.2 877.05 563.58 699.73 639.23
6911316101012_camera2-37.jpg 143 1236.68 902.64 958.06 547.51 557.25 710.27
6911316101012_camera2-38.jpg 143 1240.97 902.12 998.44 554.23 485.06 695.78
6911316101012_camera2-39.jpg 143 1245.34 901.61 1048.04 563.58 394.59 676.06
6911316101012_camera2-3.jpg 143 1275.57 919.66 996.93 567.29 557.28 704.75
6911316101012_camera2-40.jpg 143 1258.48 908.21 1093.49 588.96 329.98 638.5
6911316101012_camera2-5.jpg 143 1293.99 908.18 966.49 581.99 655.01 652.38
6911316101012_camera2-7.jpg 143 1302.49 906.07 947.36 623.11 710.27 565.91
6911316101012_camera2-6.jpg 143 1291.09 914.49 944.69 602.73 692.8 623.52
6911316101012_camera3-10.jpg 143 1411.48 1365.99 1162.62 1208.59 497.72 314.8
6911316101012_camera3-13.jpg 143 1393.52 1372.64 1023.36 1207.18 740.32 330.92
6911316101012_camera2-4.jpg 143 1286.57 916.38 970.62 569.08 631.9 694.6
6911316101012_camera3-12.jpg 143 1400.95 1369.83 1063.46 1206.76 674.97 326.14
6911316101012_camera3-11.jpg 143 1407.11 1367.31 1112.55 1206.1 589.11 322.43
6911316101012_camera3-14.jpg 143 1380.81 1369.85 995.43 1208.07 770.76 323.56
6911316101012_camera3-15.jpg 143 1367.64 1369.75 958.24 1224.09 818.81 291.32
6911316101012_camera3-16.jpg 143 1365.03 1379.05 953.34 1234.37 823.37 289.36
6911316101012_camera3-17.jpg 143 1351.1 1371.05 947.45 1252.41 807.3 237.28
6911316101012_camera3-18.jpg 143 1349.25 1371.16 945.45 1265.94 807.59 210.45
6911316101012_camera3-19.jpg 143 1372.94 1364.92 968.08 1257.04 809.72 215.76
6911316101012_camera3-1.jpg 143 1426.84 1365.9 1016.47 1255.42 820.74 220.97
6911316101012_camera3-21.jpg 143 1381.39 1378.48 968.1 1230.82 826.59 295.33
6911316101012_camera3-20.jpg 143 1392.65 1367.22 995.43 1239.63 794.44 255.17
6911316101012_camera3-24.jpg 143 1368.97 1386.94 979.65 1192.28 778.65 389.33
6911316101012_camera3-22.jpg 143 1371.61 1383.0 953.34 1213.33 836.53 339.34
6911316101012_camera3-25.jpg 143 1363.08 1394.55 1006.28 1205.85 713.59 377.41
6911316101012_camera3-23.jpg 143 1365.03 1385.63 958.6 1208.07 812.85 355.13
6911316101012_camera3-26.jpg 143 1364.28 1393.46 1043.97 1201.13 640.62 384.66
6911316101012_camera3-27.jpg 143 1368.75 1397.22 1092.85 1208.22 551.81 378.0
6911316101012_camera3-30.jpg 143 1446.84 1382.11 1191.53 1226.7 510.62 310.81
6911316101012_camera3-2.jpg 143 1408.43 1365.91 998.06 1244.9 820.74 242.01
6911316101012_camera3-29.jpg 143 1436.43 1387.97 1220.06 1217.66 432.74 340.62
6911316101012_camera3-28.jpg 143 1377.05 1392.31 1154.82 1210.86 444.47 362.91
6911316101012_camera3-31.jpg 143 1455.78 1379.05 1137.48 1223.85 636.6 310.41
6911316101012_camera3-32.jpg 143 1458.81 1380.88 1115.16 1219.66 687.29 322.43
6911316101012_camera3-37.jpg 143 1420.67 1359.83 1017.84 1252.3 805.66 215.06
6911316101012_camera3-38.jpg 143 1403.17 1361.95 995.43 1263.31 815.48 197.29
6911316101012_camera3-35.jpg 143 1441.12 1365.24 1035.72 1228.5 810.8 273.48
6911316101012_camera3-33.jpg 143 1455.19 1378.75 1080.03 1222.99 750.32 311.52
6911316101012_camera3-36.jpg 143 1429.42 1365.37 1018.91 1239.17 821.02 252.4
6911316101012_camera3-34.jpg 143 1448.33 1373.09 1053.38 1229.79 789.9 286.6
6911316101012_camera3-3.jpg 143 1394.37 1358.27 996.98 1235.94 794.77 244.65
6911316101012_camera3-40.jpg 143 1434.74 1360.64 1027.0 1271.2 815.48 178.88
6911316101012_camera3-6.jpg 143 1360.6 1357.39 1064.97 1226.9 591.26 260.97
6911316101012_camera3-39.jpg 143 1434.65 1358.95 1038.68 1285.41 791.94 147.07
6911316101012_camera3-8.jpg 143 1357.13 1364.59 1142.74 1213.33 428.78 302.52
6911316101012_camera3-7.jpg 143 1354.55 1358.34 1100.02 1218.66 509.06 279.35
6911316101012_camera3-4.jpg 143 1387.2 1359.95 1004.58 1236.94 765.24 246.02
6911316101012_camera3-9.jpg 143 1398.07 1360.34 1187.36 1211.14 421.43 298.39
6911316101012_camera3-5.jpg 143 1374.23 1365.9 1016.47 1231.74 715.52 268.32
