6923450663981_camera0-11.jpg 144 1397.85 1100.65 1300.38 886.42 194.94 428.47
6923450663981_camera0-10.jpg 144 1397.37 1102.52 1306.08 887.73 182.57 429.57
6923450663981_camera0-12.jpg 144 1396.34 1097.76 1298.73 884.35 195.21 426.82
6923450663981_camera0-13.jpg 144 1398.73 1098.33 1298.5 886.9 200.47 422.86
6923450663981_camera0-15.jpg 144 1399.75 1100.02 1309.36 887.18 180.78 425.69
6923450663981_camera0-14.jpg 144 1398.93 1103.3 1306.05 887.76 185.76 431.07
6923450663981_camera0-16.jpg 144 1400.5 1102.96 1310.56 886.83 179.88 432.26
6923450663981_camera0-17.jpg 144 1398.92 1103.08 1316.62 889.51 164.6 427.14
6923450663981_camera0-19.jpg 144 1401.62 1103.55 1327.19 893.25 148.85 420.6
6923450663981_camera0-18.jpg 144 1401.77 1103.29 1323.07 889.17 157.4 428.24
6923450663981_camera0-1.jpg 144 1412.91 1101.61 1334.66 887.59 156.49 428.04
6923450663981_camera0-20.jpg 144 1401.53 1104.83 1324.61 888.94 153.85 431.78
6923450663981_camera0-23.jpg 144 1410.54 1104.62 1337.07 894.45 146.94 420.35
6923450663981_camera0-21.jpg 144 1403.01 1104.0 1329.63 889.17 146.76 429.66
6923450663981_camera0-22.jpg 144 1408.22 1104.49 1333.07 888.25 150.31 432.49
6923450663981_camera0-25.jpg 144 1417.51 1101.99 1339.26 885.67 156.49 432.64
6923450663981_camera0-24.jpg 144 1414.25 1103.12 1339.83 891.68 148.85 422.89
6923450663981_camera0-27.jpg 144 1419.8 1104.31 1337.15 891.0 165.3 426.62
6923450663981_camera0-26.jpg 144 1416.66 1102.58 1333.0 889.17 167.32 426.82
6923450663981_camera0-28.jpg 144 1421.3 1100.95 1334.05 890.19 174.51 421.52
6923450663981_camera0-2.jpg 144 1409.57 1102.58 1334.41 890.59 150.31 423.98
6923450663981_camera0-31.jpg 144 1420.82 1102.22 1329.6 891.16 182.44 422.13
6923450663981_camera0-29.jpg 144 1420.27 1101.72 1331.67 888.85 177.2 425.74
6923450663981_camera0-30.jpg 144 1419.19 1102.49 1328.64 891.0 181.1 422.97
6923450663981_camera0-33.jpg 144 1418.07 1101.16 1327.32 889.17 181.5 423.98
6923450663981_camera0-32.jpg 144 1418.66 1101.62 1328.27 891.89 180.78 419.46
6923450663981_camera0-34.jpg 144 1416.86 1098.22 1327.11 889.96 179.5 416.53
6923450663981_camera0-37.jpg 144 1418.08 1101.16 1337.25 889.17 161.65 423.98
6923450663981_camera0-35.jpg 144 1416.66 1104.71 1331.58 890.59 170.16 428.24
6923450663981_camera0-39.jpg 144 1416.52 1100.84 1339.78 888.56 153.48 424.55
6923450663981_camera0-36.jpg 144 1414.94 1100.66 1329.86 887.35 170.16 426.62
6923450663981_camera0-40.jpg 144 1416.9 1101.71 1342.99 893.32 147.83 416.78
6923450663981_camera0-38.jpg 144 1419.34 1102.25 1340.97 892.97 156.74 418.56
6923450663981_camera0-4.jpg 144 1407.78 1100.71 1329.54 891.3 156.49 418.83
6923450663981_camera0-3.jpg 144 1404.91 1100.85 1328.97 889.13 151.89 423.44
6923450663981_camera1-10.jpg 144 1256.61 1020.95 1168.44 848.06 176.33 345.79
6923450663981_camera0-5.jpg 144 1399.33 1102.39 1318.16 885.93 162.34 432.92
6923450663981_camera0-7.jpg 144 1393.54 1100.45 1302.7 880.13 181.67 440.65
6923450663981_camera0-6.jpg 144 1395.8 1102.67 1317.49 892.81 156.62 419.73
6923450663981_camera0-8.jpg 144 1401.31 1100.91 1313.61 892.61 175.41 416.6
6923450663981_camera0-9.jpg 144 1395.28 1104.16 1303.21 887.14 184.14 434.05
6923450663981_camera1-11.jpg 144 1255.86 1021.3 1161.16 837.16 189.4 368.28
6923450663981_camera1-13.jpg 144 1261.65 1025.9 1172.38 845.79 178.54 360.22
6923450663981_camera1-15.jpg 144 1253.23 1031.82 1169.05 847.68 168.36 368.28
6923450663981_camera1-14.jpg 144 1257.18 1023.93 1166.42 842.42 181.51 363.02
6923450663981_camera1-17.jpg 144 1257.98 1034.0 1179.67 846.06 156.62 375.88
6923450663981_camera1-12.jpg 144 1258.2 1023.08 1169.55 850.02 177.31 346.12
6923450663981_camera1-18.jpg 144 1261.12 1029.19 1182.2 839.79 157.83 378.8
6923450663981_camera1-16.jpg 144 1259.53 1031.94 1177.64 849.37 163.77 365.14
6923450663981_camera1-19.jpg 144 1257.17 1037.09 1176.94 837.16 160.47 399.85
6923450663981_camera1-20.jpg 144 1262.47 1033.72 1192.56 850.71 139.82 366.02
6923450663981_camera1-1.jpg 144 1262.43 1004.2 1190.09 818.74 144.68 370.91
6923450663981_camera1-21.jpg 144 1258.49 1033.14 1174.31 837.16 168.36 391.96
6923450663981_camera1-24.jpg 144 1274.27 1027.88 1192.72 834.53 163.1 386.7
6923450663981_camera1-23.jpg 144 1271.7 1031.92 1195.13 844.04 153.14 375.77
6923450663981_camera1-22.jpg 144 1270.32 1037.09 1190.09 839.79 160.47 394.59
6923450663981_camera1-25.jpg 144 1276.27 1030.97 1199.7 848.05 153.14 365.84
6923450663981_camera1-26.jpg 144 1275.38 1028.35 1192.53 847.86 165.69 360.97
6923450663981_camera1-2.jpg 144 1267.69 1008.14 1187.46 816.11 160.47 384.07
6923450663981_camera1-28.jpg 144 1278.2 1027.73 1190.08 846.03 176.24 363.41
6923450663981_camera1-29.jpg 144 1274.27 1022.62 1179.57 839.79 189.4 365.65
6923450663981_camera1-27.jpg 144 1276.9 1029.19 1192.72 845.05 168.36 368.28
6923450663981_camera1-32.jpg 144 1272.02 1018.21 1181.27 840.96 181.5 354.5
6923450663981_camera1-31.jpg 144 1274.15 1019.63 1182.69 843.8 182.92 351.67
6923450663981_camera1-30.jpg 144 1275.59 1016.04 1182.2 834.53 186.77 363.02
6923450663981_camera1-33.jpg 144 1272.14 1014.61 1180.09 837.41 184.1 354.4
6923450663981_camera1-34.jpg 144 1272.03 1015.38 1182.69 835.29 178.67 360.17
6923450663981_camera1-35.jpg 144 1274.97 1015.5 1190.6 832.69 168.74 365.61
6923450663981_camera1-39.jpg 144 1269.01 1006.83 1184.83 824.0 168.36 365.65
6923450663981_camera1-38.jpg 144 1275.6 1009.5 1200.42 824.25 150.35 370.51
6923450663981_camera1-37.jpg 144 1275.77 1012.54 1201.02 831.44 149.5 362.2
6923450663981_camera1-36.jpg 144 1275.58 1013.4 1195.35 829.26 160.47 368.28
6923450663981_camera1-3.jpg 144 1264.22 1011.83 1191.19 828.2 146.05 367.26
6923450663981_camera1-40.jpg 144 1275.67 1012.28 1202.06 822.78 147.22 379.01
6923450663981_camera1-4.jpg 144 1261.12 1012.09 1182.2 824.0 157.83 376.17
6923450663981_camera1-5.jpg 144 1258.5 1013.12 1182.55 835.65 151.9 354.95
6923450663981_camera1-7.jpg 144 1259.26 1017.15 1170.75 836.0 177.01 362.3
6923450663981_camera2-12.jpg 144 1262.43 859.51 1190.09 771.39 144.68 176.25
6923450663981_camera1-8.jpg 144 1260.22 1016.16 1169.03 830.39 182.39 371.54
6923450663981_camera1-6.jpg 144 1254.54 1006.83 1174.31 821.37 160.47 370.91
6923450663981_camera2-10.jpg 144 1263.12 858.2 1193.32 769.6 139.61 177.2
6923450663981_camera1-9.jpg 144 1255.72 1020.34 1165.67 842.38 180.09 355.92
6923450663981_camera2-14.jpg 144 1266.38 851.62 1192.72 760.87 147.31 181.51
6923450663981_camera2-11.jpg 144 1258.43 852.54 1192.26 764.86 132.35 175.36
6923450663981_camera2-13.jpg 144 1267.15 853.2 1198.69 767.29 136.93 171.83
6923450663981_camera2-16.jpg 144 1274.15 855.86 1200.53 774.79 147.24 162.13
6923450663981_camera2-17.jpg 144 1272.08 853.46 1196.88 784.86 150.4 137.2
6923450663981_camera2-18.jpg 144 1273.44 861.52 1194.03 784.24 158.82 154.56
6923450663981_camera2-1.jpg 144 1251.82 849.24 1174.06 769.83 155.51 158.82
6923450663981_camera2-15.jpg 144 1269.0 856.88 1190.09 779.28 157.83 155.2
6923450663981_camera2-20.jpg 144 1273.86 857.24 1185.26 783.4 177.2 147.67
6923450663981_camera2-19.jpg 144 1271.25 852.24 1193.85 787.31 154.81 129.86
6923450663981_camera2-22.jpg 144 1273.31 851.71 1190.6 774.79 165.43 153.85
6923450663981_camera2-21.jpg 144 1287.43 855.56 1211.14 779.28 152.57 152.57
6923450663981_camera2-25.jpg 144 1271.74 838.62 1196.85 771.42 149.79 134.39
6923450663981_camera2-24.jpg 144 1272.52 847.84 1190.63 769.98 163.77 155.72
6923450663981_camera2-23.jpg 144 1280.84 847.67 1200.61 768.76 160.47 157.83
6923450663981_camera2-27.jpg 144 1272.02 844.51 1199.7 760.14 144.64 168.74
6923450663981_camera2-26.jpg 144 1273.44 844.5 1202.54 761.55 141.8 165.91
6923450663981_camera2-29.jpg 144 1274.78 837.77 1210.7 759.13 128.16 157.28
6923450663981_camera2-31.jpg 144 1267.69 841.11 1197.98 747.72 139.42 186.77
6923450663981_camera2-30.jpg 144 1274.42 840.1 1209.77 758.14 129.31 163.92
6923450663981_camera2-2.jpg 144 1261.11 852.97 1176.54 777.36 169.14 151.21
6923450663981_camera2-28.jpg 144 1273.43 843.09 1205.37 757.3 136.13 171.58
6923450663981_camera2-32.jpg 144 1267.2 839.42 1205.14 756.82 124.11 165.2
6923450663981_camera2-33.jpg 144 1263.74 841.11 1195.35 750.35 136.79 181.51
6923450663981_camera2-35.jpg 144 1259.26 842.82 1191.64 759.07 135.24 167.5
6923450663981_camera2-34.jpg 144 1262.35 840.87 1199.82 761.35 125.05 159.03
6923450663981_camera2-36.jpg 144 1259.83 845.73 1188.2 769.78 143.25 151.9
6923450663981_camera2-37.jpg 144 1258.55 843.8 1181.27 765.81 154.56 155.98
6923450663981_camera2-39.jpg 144 1250.6 839.78 1166.42 763.5 168.36 152.57
6923450663981_camera2-38.jpg 144 1262.04 835.19 1183.65 770.28 156.78 129.82
6923450663981_camera2-3.jpg 144 1264.09 857.09 1179.16 775.06 169.85 164.06
6923450663981_camera2-40.jpg 144 1258.49 838.47 1171.68 763.5 173.62 149.94
6923450663981_camera2-6.jpg 144 1258.47 859.96 1187.57 780.65 141.81 158.63
6923450663981_camera2-4.jpg 144 1260.58 858.79 1179.14 781.61 162.87 154.36
6923450663981_camera2-5.jpg 144 1261.9 850.16 1188.29 783.4 147.22 133.53
6923450663981_camera3-11.jpg 144 1367.65 1252.79 1269.01 1026.56 197.29 452.46
6923450663981_camera2-8.jpg 144 1259.97 863.65 1186.94 770.06 146.05 187.18
6923450663981_camera2-9.jpg 144 1258.06 853.59 1193.43 773.13 129.25 160.92
6923450663981_camera3-10.jpg 144 1365.03 1254.1 1274.27 1039.71 181.51 428.78
6923450663981_camera2-7.jpg 144 1257.36 861.79 1182.91 774.11 148.89 175.36
6923450663981_camera3-16.jpg 144 1369.22 1260.41 1297.09 1042.67 144.27 435.49
6923450663981_camera3-12.jpg 144 1369.98 1256.92 1282.99 1042.84 173.98 428.16
6923450663981_camera3-13.jpg 144 1363.71 1256.74 1271.64 1034.45 184.14 444.57
6923450663981_camera3-14.jpg 144 1371.06 1261.19 1286.71 1045.55 168.7 431.29
6923450663981_camera3-18.jpg 144 1371.92 1260.83 1300.56 1045.39 142.72 430.87
6923450663981_camera3-15.jpg 144 1367.66 1256.74 1276.9 1034.45 181.51 444.57
6923450663981_camera3-17.jpg 144 1374.23 1255.42 1292.68 1031.82 163.1 447.2
6923450663981_camera3-19.jpg 144 1379.5 1259.37 1297.95 1031.82 163.1 455.09
6923450663981_camera3-22.jpg 144 1382.54 1260.67 1308.56 1044.56 147.96 432.23
6923450663981_camera3-21.jpg 144 1384.75 1260.68 1305.84 1034.45 157.83 452.46
6923450663981_camera3-1.jpg 144 1375.7 1250.44 1297.88 1029.34 155.63 442.21
6923450663981_camera3-24.jpg 144 1390.44 1258.86 1317.04 1044.78 146.8 428.16
6923450663981_camera3-25.jpg 144 1391.11 1260.47 1305.19 1040.32 171.83 440.31
6923450663981_camera3-20.jpg 144 1379.47 1263.38 1304.2 1039.21 150.54 448.33
6923450663981_camera3-23.jpg 144 1391.34 1261.99 1303.21 1042.34 176.25 439.31
6923450663981_camera3-26.jpg 144 1389.12 1258.86 1301.67 1041.39 174.9 434.94
6923450663981_camera3-27.jpg 144 1389.75 1257.95 1305.48 1043.87 168.54 428.16
6923450663981_camera3-2.jpg 144 1375.29 1250.76 1300.85 1033.1 148.89 435.33
6923450663981_camera3-30.jpg 144 1388.7 1251.48 1292.68 1029.19 192.03 444.57
6923450663981_camera3-28.jpg 144 1389.8 1257.09 1301.11 1044.38 177.38 425.42
6923450663981_camera3-31.jpg 144 1388.7 1248.85 1295.32 1023.93 186.77 449.83
6923450663981_camera3-29.jpg 144 1389.32 1256.71 1303.69 1044.67 171.26 424.08
6923450663981_camera3-33.jpg 144 1386.77 1254.61 1297.43 1036.23 178.67 436.75
6923450663981_camera3-32.jpg 144 1390.02 1252.79 1295.32 1034.45 189.4 436.68
6923450663981_camera3-35.jpg 144 1389.04 1250.92 1307.35 1035.75 163.39 430.34
6923450663981_camera3-34.jpg 144 1386.18 1255.25 1303.93 1037.59 164.49 435.33
6923450663981_camera3-39.jpg 144 1385.31 1250.36 1314.83 1037.15 140.97 426.41
6923450663981_camera3-3.jpg 144 1371.12 1251.44 1295.15 1035.7 151.93 431.48
6923450663981_camera3-36.jpg 144 1384.76 1250.16 1297.95 1029.19 173.62 441.94
6923450663981_camera3-37.jpg 144 1388.39 1253.22 1317.32 1039.43 142.14 427.57
6923450663981_camera3-40.jpg 144 1379.5 1248.85 1303.21 1026.56 152.57 444.57
6923450663981_camera3-38.jpg 144 1383.34 1254.32 1307.47 1036.65 151.73 435.33
6923450663981_camera3-5.jpg 144 1362.39 1248.84 1279.53 1034.45 165.73 428.78
6923450663981_camera3-4.jpg 144 1368.65 1250.43 1296.61 1037.03 144.08 426.8
6923450663981_camera3-9.jpg 144 1367.1 1255.9 1275.64 1040.37 182.92 431.07
6923450663981_camera3-6.jpg 144 1365.03 1256.74 1279.53 1034.45 170.99 444.57
6923450663981_camera3-8.jpg 144 1368.68 1253.37 1277.93 1037.83 181.5 431.07
6923450663981_camera3-7.jpg 144 1371.6 1250.16 1284.79 1034.45 173.62 431.42
