6911316510005-back_camera0-10.jpg 145 1388.9 1252.33 1156.47 1190.58 464.86 123.5
6911316510005-back_camera0-12.jpg 145 1397.48 1251.07 1159.7 1191.91 475.56 118.32
6911316510005-back_camera0-11.jpg 145 1390.98 1252.41 1155.84 1197.36 470.29 110.1
6911316510005-back_camera0-13.jpg 145 1395.92 1249.39 1159.12 1190.55 473.61 117.69
6911316510005-back_camera0-14.jpg 145 1396.69 1250.91 1162.91 1187.01 467.55 127.8
6911316510005-back_camera0-19.jpg 145 1405.64 1254.05 1276.07 1178.4 259.14 151.29
6911316510005-back_camera0-18.jpg 145 1400.89 1255.11 1240.46 1180.36 320.87 149.5
6911316510005-back_camera0-16.jpg 145 1396.02 1255.83 1190.3 1186.37 411.44 138.93
6911316510005-back_camera0-15.jpg 145 1395.62 1252.81 1176.11 1188.92 439.03 127.77
6911316510005-back_camera0-17.jpg 145 1398.57 1257.71 1213.82 1185.39 369.49 144.64
6911316510005-back_camera0-1.jpg 145 1382.74 1257.74 1316.33 1182.5 132.82 150.49
6911316510005-back_camera0-21.jpg 145 1417.64 1262.0 1350.56 1179.13 134.16 165.73
6911316510005-back_camera0-22.jpg 145 1431.51 1254.97 1350.54 1176.91 161.94 156.12
6911316510005-back_camera0-20.jpg 145 1413.69 1259.36 1313.73 1173.87 199.92 170.99
6911316510005-back_camera0-23.jpg 145 1434.87 1255.98 1317.75 1178.12 234.24 155.72
6911316510005-back_camera0-24.jpg 145 1438.84 1255.86 1293.59 1176.85 290.49 158.01
6911316510005-back_camera0-25.jpg 145 1439.42 1254.56 1271.56 1177.09 335.73 154.95
6911316510005-back_camera0-26.jpg 145 1432.11 1254.1 1229.55 1173.87 405.11 160.47
6911316510005-back_camera0-28.jpg 145 1429.47 1252.79 1203.24 1181.76 452.46 142.05
6911316510005-back_camera0-27.jpg 145 1436.3 1251.38 1226.64 1178.46 419.32 145.85
6911316510005-back_camera0-29.jpg 145 1429.51 1247.75 1196.78 1180.73 465.47 134.03
6911316510005-back_camera0-33.jpg 145 1410.67 1247.74 1179.6 1193.37 462.14 108.74
6911316510005-back_camera0-31.jpg 145 1420.26 1250.16 1184.83 1184.39 470.87 131.53
6911316510005-back_camera0-2.jpg 145 1391.64 1258.66 1298.92 1179.49 185.44 158.35
6911316510005-back_camera0-30.jpg 145 1425.08 1245.89 1190.36 1183.68 469.45 124.42
6911316510005-back_camera0-34.jpg 145 1388.7 1242.26 1145.37 1173.87 486.66 136.79
6911316510005-back_camera0-32.jpg 145 1416.35 1246.6 1184.17 1193.67 464.36 105.85
6911316510005-back_camera0-35.jpg 145 1398.0 1254.65 1181.15 1187.86 433.7 133.58
6911316510005-back_camera0-38.jpg 145 1388.06 1253.69 1230.0 1181.81 316.11 143.77
6911316510005-back_camera0-37.jpg 145 1392.95 1251.99 1213.53 1181.99 358.84 140.0
6911316510005-back_camera0-39.jpg 145 1386.37 1254.3 1256.98 1180.25 258.77 148.09
6911316510005-back_camera0-36.jpg 145 1394.97 1251.3 1195.75 1186.06 398.45 130.49
6911316510005-back_camera0-40.jpg 145 1382.08 1256.86 1283.11 1181.33 197.94 151.06
6911316510005-back_camera0-5.jpg 145 1394.72 1257.56 1226.4 1179.19 336.63 156.74
6911316510005-back_camera0-4.jpg 145 1393.87 1257.28 1254.64 1179.81 278.45 154.95
6911316510005-back_camera0-3.jpg 145 1391.84 1259.13 1281.23 1180.43 221.21 157.4
6911316510005-back_camera0-6.jpg 145 1392.66 1258.62 1205.77 1184.54 373.79 148.16
6911316510005-back_camera1-10.jpg 145 1249.38 1138.08 1028.96 1069.5 440.83 137.15
6911316510005-back_camera0-7.jpg 145 1393.61 1254.64 1184.97 1183.28 417.28 142.72
6911316510005-back_camera1-11.jpg 145 1253.52 1139.72 1033.99 1072.04 439.05 135.37
6911316510005-back_camera1-15.jpg 145 1252.75 1151.67 1060.42 1002.16 384.66 299.03
6911316510005-back_camera0-9.jpg 145 1394.17 1254.96 1158.17 1189.06 472.0 131.8
6911316510005-back_camera0-8.jpg 145 1390.88 1254.8 1170.0 1185.48 441.75 138.64
6911316510005-back_camera1-12.jpg 145 1252.81 1145.52 1032.21 1051.33 441.2 188.39
6911316510005-back_camera1-14.jpg 145 1254.66 1150.3 1047.99 1018.17 413.34 264.25
6911316510005-back_camera1-16.jpg 145 1256.92 1149.28 1084.07 989.91 345.7 318.74
6911316510005-back_camera1-17.jpg 145 1260.79 1153.18 1108.95 982.19 303.68 341.98
6911316510005-back_camera1-13.jpg 145 1252.6 1148.94 1036.95 1035.09 431.3 227.71
6911316510005-back_camera1-18.jpg 145 1264.41 1151.02 1140.72 971.83 247.38 358.38
6911316510005-back_camera1-19.jpg 145 1270.39 1152.14 1175.1 968.24 190.58 367.8
6911316510005-back_camera1-1.jpg 145 1245.88 1131.86 1175.4 948.94 140.97 365.83
6911316510005-back_camera1-20.jpg 145 1275.24 1148.09 1210.7 960.61 129.07 374.95
6911316510005-back_camera1-22.jpg 145 1289.68 1143.3 1185.78 951.6 207.8 383.39
6911316510005-back_camera1-21.jpg 145 1283.71 1144.7 1208.96 953.27 149.5 382.86
6911316510005-back_camera1-23.jpg 145 1288.74 1142.31 1155.89 947.64 265.69 389.33
6911316510005-back_camera1-25.jpg 145 1290.02 1131.54 1113.69 967.23 352.66 328.62
6911316510005-back_camera1-24.jpg 145 1288.74 1137.04 1132.22 958.16 313.04 357.76
6911316510005-back_camera1-30.jpg 145 1275.59 1115.99 1053.3 1042.34 444.57 147.31
6911316510005-back_camera1-26.jpg 145 1289.31 1128.32 1095.42 977.56 387.78 301.52
6911316510005-back_camera1-27.jpg 145 1285.54 1120.79 1078.37 989.07 414.34 263.43
6911316510005-back_camera1-2.jpg 145 1244.02 1131.79 1126.96 937.12 234.12 389.33
6911316510005-back_camera1-28.jpg 145 1283.48 1117.03 1068.98 1004.82 429.0 224.42
6911316510005-back_camera1-29.jpg 145 1280.85 1117.32 1061.19 1029.19 439.31 176.25
6911316510005-back_camera1-31.jpg 145 1271.37 1114.13 1053.43 1043.14 435.87 141.98
6911316510005-back_camera1-33.jpg 145 1259.81 1114.68 1040.15 1000.25 439.31 228.86
6911316510005-back_camera1-32.jpg 145 1269.01 1118.63 1042.78 1016.04 452.46 205.19
6911316510005-back_camera1-36.jpg 145 1248.98 1119.38 1079.33 953.29 339.3 332.18
6911316510005-back_camera1-35.jpg 145 1255.42 1119.18 1066.86 966.04 377.13 306.29
6911316510005-back_camera1-34.jpg 145 1257.17 1112.06 1058.56 973.95 397.22 276.21
6911316510005-back_camera1-40.jpg 145 1242.38 1128.4 1178.26 942.15 128.24 372.51
6911316510005-back_camera1-38.jpg 145 1251.91 1125.2 1124.33 934.49 255.17 381.43
6911316510005-back_camera1-37.jpg 145 1247.56 1120.0 1100.17 943.22 294.78 353.55
6911316510005-back_camera1-3.jpg 145 1247.97 1138.36 1119.07 950.27 257.8 376.17
6911316510005-back_camera1-39.jpg 145 1245.16 1126.38 1150.36 938.6 189.61 375.57
6911316510005-back_camera1-8.jpg 145 1244.68 1138.24 1031.39 1027.23 426.57 222.01
6911316510005-back_camera1-6.jpg 145 1246.87 1138.22 1056.58 994.82 380.58 286.8
6911316510005-back_camera1-5.jpg 145 1246.6 1137.73 1072.62 975.21 347.96 325.04
6911316510005-back_camera1-4.jpg 145 1246.4 1138.27 1093.49 963.61 305.83 349.32
6911316510005-back_camera1-7.jpg 145 1246.53 1138.21 1039.81 1006.5 413.45 263.43
6911316510005-back_camera2-11.jpg 145 1289.99 882.2 1230.53 688.73 118.93 386.93
6911316510005-back_camera2-10.jpg 145 1283.94 883.83 1220.74 690.14 126.41 387.38
6911316510005-back_camera1-9.jpg 145 1244.99 1137.93 1027.11 1050.91 435.76 174.04
6911316510005-back_camera2-12.jpg 145 1290.37 876.97 1204.07 681.9 172.59 390.15
6911316510005-back_camera2-14.jpg 145 1292.64 875.54 1160.12 691.36 265.05 368.35
6911316510005-back_camera2-13.jpg 145 1292.44 877.28 1182.01 683.51 220.86 387.55
6911316510005-back_camera2-16.jpg 145 1292.85 868.18 1124.53 710.55 336.63 315.26
6911316510005-back_camera2-15.jpg 145 1292.64 870.09 1139.73 698.15 305.83 343.88
6911316510005-back_camera2-19.jpg 145 1288.14 858.81 1093.54 769.08 389.21 179.46
6911316510005-back_camera2-1.jpg 145 1261.85 885.62 1068.52 824.45 386.66 122.34
6911316510005-back_camera2-17.jpg 145 1290.81 865.9 1110.03 727.94 361.55 275.92
6911316510005-back_camera2-20.jpg 145 1285.91 855.42 1092.46 794.24 386.9 122.37
6911316510005-back_camera2-18.jpg 145 1290.46 860.43 1100.96 745.46 379.0 229.94
6911316510005-back_camera2-21.jpg 145 1284.09 852.34 1091.86 794.08 384.47 116.51
6911316510005-back_camera2-24.jpg 145 1274.77 848.06 1091.18 715.62 367.17 264.88
6911316510005-back_camera2-23.jpg 145 1280.87 849.34 1091.37 740.71 379.0 217.25
6911316510005-back_camera2-22.jpg 145 1281.92 851.41 1088.03 765.92 387.78 170.99
6911316510005-back_camera2-25.jpg 145 1272.71 850.98 1099.41 699.43 346.6 303.11
6911316510005-back_camera2-26.jpg 145 1270.36 850.69 1114.25 683.14 312.21 335.11
6911316510005-back_camera2-28.jpg 145 1265.06 850.31 1142.74 660.91 244.64 378.8
6911316510005-back_camera2-2.jpg 145 1264.67 886.51 1072.8 791.37 383.75 190.29
6911316510005-back_camera2-27.jpg 145 1262.43 849.0 1121.7 663.54 281.47 370.91
6911316510005-back_camera2-31.jpg 145 1258.58 861.95 1198.27 668.44 120.61 387.01
6911316510005-back_camera2-32.jpg 145 1255.65 862.5 1172.35 667.35 166.6 390.29
6911316510005-back_camera2-29.jpg 145 1260.79 852.11 1171.1 658.98 179.38 386.25
6911316510005-back_camera2-30.jpg 145 1257.22 857.98 1196.96 664.51 120.52 386.93
6911316510005-back_camera2-33.jpg 145 1256.62 863.98 1146.52 672.33 220.19 383.3
6911316510005-back_camera2-36.jpg 145 1255.92 871.63 1084.55 716.29 342.74 310.68
6911316510005-back_camera2-35.jpg 145 1253.22 871.46 1098.95 700.87 308.54 341.17
6911316510005-back_camera2-37.jpg 145 1255.61 875.34 1072.1 739.61 367.01 271.46
6911316510005-back_camera2-34.jpg 145 1255.37 866.1 1119.27 681.59 272.19 369.02
6911316510005-back_camera2-39.jpg 145 1258.17 880.04 1063.61 793.82 389.13 172.43
6911316510005-back_camera2-40.jpg 145 1258.91 883.39 1065.65 821.41 386.51 123.97
6911316510005-back_camera2-3.jpg 145 1265.9 886.06 1074.2 777.45 383.41 217.22
6911316510005-back_camera2-38.jpg 145 1253.8 876.51 1061.57 764.09 384.47 224.85
6911316510005-back_camera2-5.jpg 145 1270.42 887.5 1096.1 733.02 348.65 308.95
6911316510005-back_camera2-4.jpg 145 1267.72 887.55 1083.55 754.34 368.35 266.41
6911316510005-back_camera2-7.jpg 145 1275.25 886.65 1137.21 703.3 276.08 366.71
6911316510005-back_camera2-6.jpg 145 1272.67 889.53 1116.34 719.32 312.66 340.41
6911316510005-back_camera2-9.jpg 145 1281.12 885.32 1194.13 691.63 173.98 387.38
6911316510005-back_camera2-8.jpg 145 1280.02 887.55 1163.34 696.12 233.36 382.86
6911316510005-back_camera3-12.jpg 145 1366.62 1414.46 1138.95 1332.23 455.34 164.47
6911316510005-back_camera3-11.jpg 145 1366.01 1412.35 1130.18 1341.67 471.65 141.36
6911316510005-back_camera3-10.jpg 145 1366.41 1408.62 1133.98 1346.09 464.86 125.05
6911316510005-back_camera3-14.jpg 145 1370.77 1417.79 1165.41 1318.68 410.71 198.22
6911316510005-back_camera3-17.jpg 145 1376.78 1422.04 1246.42 1303.08 260.71 237.92
6911316510005-back_camera3-13.jpg 145 1367.74 1417.98 1148.9 1325.21 437.67 185.53
6911316510005-back_camera3-16.jpg 145 1374.01 1419.95 1213.05 1304.83 321.92 230.24
6911316510005-back_camera3-18.jpg 145 1383.6 1419.83 1286.07 1296.93 195.05 245.79
6911316510005-back_camera3-15.jpg 145 1370.86 1421.38 1186.46 1313.33 368.8 216.1
6911316510005-back_camera3-19.jpg 145 1389.99 1417.23 1327.46 1293.54 125.05 247.38
6911316510005-back_camera3-1.jpg 145 1363.01 1414.84 1253.86 1293.66 218.31 242.36
6911316510005-back_camera3-20.jpg 145 1403.98 1417.07 1322.42 1292.02 163.11 250.1
6911316510005-back_camera3-21.jpg 145 1408.75 1416.93 1295.71 1291.74 226.07 250.38
6911316510005-back_camera3-25.jpg 145 1407.42 1405.4 1200.48 1301.53 413.88 207.74
6911316510005-back_camera3-22.jpg 145 1410.68 1416.03 1266.03 1291.98 289.31 248.09
6911316510005-back_camera3-23.jpg 145 1411.06 1409.31 1237.44 1289.62 347.24 239.38
6911316510005-back_camera3-24.jpg 145 1410.02 1409.87 1220.41 1299.77 379.22 220.19
6911316510005-back_camera3-26.jpg 145 1406.56 1405.7 1186.39 1311.48 440.34 188.44
6911316510005-back_camera3-27.jpg 145 1397.91 1396.15 1163.79 1308.03 468.24 176.25
6911316510005-back_camera3-28.jpg 145 1396.45 1398.05 1166.74 1325.33 459.42 145.44
6911316510005-back_camera3-31.jpg 145 1383.12 1400.56 1150.8 1325.03 464.64 151.06
6911316510005-back_camera3-2.jpg 145 1365.76 1415.38 1214.62 1297.06 302.28 236.64
6911316510005-back_camera3-29.jpg 145 1391.2 1397.28 1160.47 1337.82 461.46 118.93
6911316510005-back_camera3-30.jpg 145 1389.38 1396.63 1159.67 1335.47 459.42 122.33
6911316510005-back_camera3-32.jpg 145 1377.01 1402.78 1151.06 1316.53 451.9 172.51
6911316510005-back_camera3-34.jpg 145 1368.09 1406.2 1168.76 1304.11 398.66 204.19
6911316510005-back_camera3-35.jpg 145 1362.75 1407.33 1183.84 1297.17 357.82 220.32
6911316510005-back_camera3-33.jpg 145 1370.06 1404.53 1157.57 1313.35 424.98 182.36
6911316510005-back_camera3-38.jpg 145 1356.56 1408.84 1259.04 1287.72 195.03 242.23
6911316510005-back_camera3-36.jpg 145 1360.07 1408.78 1204.49 1292.1 311.15 233.36
6911316510005-back_camera3-37.jpg 145 1357.58 1409.52 1229.13 1288.55 256.89 241.94
6911316510005-back_camera3-39.jpg 145 1356.93 1410.48 1287.91 1288.03 138.04 244.91
6911316510005-back_camera3-3.jpg 145 1364.52 1417.23 1201.98 1303.85 325.08 226.76
6911316510005-back_camera3-4.jpg 145 1363.65 1416.21 1174.05 1305.78 379.21 220.86
6911316510005-back_camera3-6.jpg 145 1362.06 1413.23 1139.02 1315.05 446.07 196.37
6911316510005-back_camera3-40.jpg 145 1361.56 1413.18 1284.09 1289.49 154.95 247.38
6911316510005-back_camera3-7.jpg 145 1363.91 1412.73 1133.67 1329.9 460.48 165.65
6911316510005-back_camera3-5.jpg 145 1362.21 1414.85 1155.35 1314.85 413.73 200.0
6911316510005-back_camera3-9.jpg 145 1363.28 1409.12 1126.47 1345.3 473.61 127.65
6911316510005_camera0-11.jpg 145 1407.58 1251.23 1171.39 1194.53 472.38 113.41
6911316510005-back_camera3-8.jpg 145 1361.77 1412.61 1127.31 1340.57 468.93 144.08
6911316510005_camera0-10.jpg 145 1409.86 1252.18 1171.81 1190.72 476.1 122.93
6911316510005_camera0-13.jpg 145 1404.29 1247.8 1169.83 1196.83 468.93 101.94
6911316510005_camera0-14.jpg 145 1401.38 1247.44 1165.53 1192.89 471.7 109.09
6911316510005_camera0-12.jpg 145 1409.94 1247.63 1175.48 1198.7 468.93 97.86
6911316510005_camera0-18.jpg 145 1393.44 1250.54 1226.14 1181.56 334.6 137.96
6911316510005_camera0-17.jpg 145 1395.09 1250.8 1205.48 1184.88 379.22 131.84
6911316510005_camera0-1.jpg 145 1400.35 1259.0 1317.7 1179.39 165.3 159.22
6911316510005_camera0-16.jpg 145 1397.11 1249.78 1187.79 1189.52 418.64 120.52
6911316510005_camera0-15.jpg 145 1399.76 1248.96 1177.53 1189.15 444.47 119.61
6911316510005_camera0-19.jpg 145 1393.69 1251.21 1254.38 1177.99 278.61 146.45
6911316510005_camera0-22.jpg 145 1410.16 1250.48 1327.93 1175.05 164.47 150.87
6911316510005_camera0-20.jpg 145 1396.25 1252.86 1303.53 1176.29 185.44 153.14
6911316510005_camera0-21.jpg 145 1398.62 1251.54 1336.1 1177.46 125.05 148.16
6911316510005_camera0-23.jpg 145 1414.69 1251.86 1306.07 1175.18 217.25 153.35
6911316510005_camera0-24.jpg 145 1415.64 1251.15 1284.82 1175.04 261.65 152.23
6911316510005_camera0-29.jpg 145 1408.11 1251.13 1177.18 1182.46 461.86 137.34
6911316510005_camera0-25.jpg 145 1418.36 1248.9 1257.29 1171.43 322.14 154.95
6911316510005_camera0-28.jpg 145 1412.04 1250.45 1189.62 1181.17 444.85 138.56
6911316510005_camera0-26.jpg 145 1416.04 1251.64 1231.87 1175.53 368.35 152.23
6911316510005_camera0-27.jpg 145 1415.2 1250.63 1208.4 1178.4 413.59 144.47
6911316510005_camera0-2.jpg 145 1410.74 1257.0 1341.46 1176.17 138.56 161.65
6911316510005_camera0-31.jpg 145 1402.42 1244.68 1167.73 1186.8 469.39 115.76
6911316510005_camera0-32.jpg 145 1404.76 1247.57 1170.3 1191.84 468.93 111.46
6911316510005_camera0-33.jpg 145 1400.55 1246.21 1158.53 1184.39 484.03 123.64
6911316510005_camera0-30.jpg 145 1405.81 1242.27 1158.53 1165.98 494.55 152.57
6911316510005_camera0-35.jpg 145 1396.86 1253.29 1175.5 1189.8 442.72 126.99
6911316510005_camera0-34.jpg 145 1393.96 1240.95 1153.26 1171.24 481.4 139.42
6911316510005_camera0-37.jpg 145 1397.91 1250.16 1205.88 1163.35 384.06 173.62
6911316510005_camera0-36.jpg 145 1396.58 1255.15 1188.52 1187.73 416.12 134.84
6911316510005_camera0-38.jpg 145 1395.66 1255.05 1231.2 1181.65 328.93 146.8
6911316510005_camera0-39.jpg 145 1399.22 1259.36 1253.23 1181.76 291.99 155.2
6911316510005_camera0-40.jpg 145 1400.46 1256.47 1306.0 1177.63 188.93 157.67
6911316510005_camera0-7.jpg 145 1414.86 1252.65 1208.43 1180.68 412.86 143.94
6911316510005_camera0-6.jpg 145 1415.61 1252.68 1230.75 1180.64 369.71 144.08
6911316510005_camera0-3.jpg 145 1414.71 1256.38 1311.33 1175.57 206.76 161.61
6911316510005_camera0-8.jpg 145 1412.41 1251.69 1190.18 1185.09 444.47 133.2
6911316510005_camera0-4.jpg 145 1415.01 1256.73 1274.27 1168.61 281.47 176.25
6911316510005_camera0-5.jpg 145 1416.69 1256.29 1250.83 1180.07 331.73 152.45
6911316510005_camera0-9.jpg 145 1412.25 1250.0 1181.86 1188.84 460.78 122.33
6911316510005_camera1-10.jpg 145 1261.12 1125.2 1040.15 1050.23 441.94 149.94
6911316510005_camera1-11.jpg 145 1264.14 1125.52 1047.24 1057.14 433.8 136.75
6911316510005_camera1-12.jpg 145 1262.18 1124.46 1044.48 1046.07 435.4 156.78
6911316510005_camera1-13.jpg 145 1258.83 1128.43 1043.57 1024.24 430.52 208.39
6911316510005_camera1-15.jpg 145 1255.68 1127.18 1061.31 989.9 388.74 274.56
6911316510005_camera1-16.jpg 145 1254.97 1127.98 1077.37 970.99 355.21 313.98
6911316510005_camera1-17.jpg 145 1253.09 1127.95 1095.42 960.09 315.34 335.73
6911316510005_camera1-14.jpg 145 1257.2 1127.09 1050.4 1002.07 413.59 250.03
6911316510005_camera1-18.jpg 145 1252.52 1129.28 1119.99 953.26 265.05 352.04
6911316510005_camera1-20.jpg 145 1255.95 1132.04 1197.93 944.64 116.03 374.8
6911316510005_camera1-19.jpg 145 1254.52 1128.73 1152.58 945.92 203.88 365.63
6911316510005_camera1-1.jpg 145 1265.64 1133.4 1207.25 946.38 116.79 374.04
6911316510005_camera1-21.jpg 145 1265.11 1132.05 1187.49 940.88 155.23 382.34
6911316510005_camera1-22.jpg 145 1267.49 1129.86 1162.3 936.04 210.39 387.64
6911316510005_camera1-24.jpg 145 1267.66 1132.81 1123.36 951.24 288.61 363.14
6911316510005_camera1-23.jpg 145 1268.41 1133.57 1146.4 944.32 244.01 378.49
6911316510005_camera1-25.jpg 145 1267.7 1130.46 1095.39 952.9 344.61 355.13
6911316510005_camera1-26.jpg 145 1266.91 1131.77 1079.91 973.42 374.01 316.71
6911316510005_camera1-27.jpg 145 1263.91 1130.31 1062.75 990.31 402.33 280.0
6911316510005_camera1-29.jpg 145 1257.18 1122.58 1034.89 1023.93 444.57 197.29
6911316510005_camera1-28.jpg 145 1261.35 1129.09 1048.95 1009.31 424.8 239.56
6911316510005_camera1-31.jpg 145 1255.86 1123.88 1032.26 1052.86 447.2 142.05
6911316510005_camera1-2.jpg 145 1268.18 1131.74 1179.15 949.61 178.06 364.27
6911316510005_camera1-30.jpg 145 1259.1 1128.86 1039.28 1052.29 439.64 153.14
6911316510005_camera1-32.jpg 145 1261.57 1127.86 1042.49 1042.36 438.16 170.99
6911316510005_camera1-33.jpg 145 1254.55 1131.78 1029.63 1021.3 449.83 220.97
6911316510005_camera1-35.jpg 145 1258.48 1131.79 1063.82 979.21 389.33 305.15
6911316510005_camera1-40.jpg 145 1261.49 1131.89 1197.82 943.98 127.35 375.82
6911316510005_camera1-38.jpg 145 1256.46 1134.52 1128.02 948.98 256.89 371.07
6911316510005_camera1-39.jpg 145 1254.54 1138.36 1142.74 945.01 223.6 386.7
6911316510005_camera1-3.jpg 145 1269.01 1131.78 1148.0 942.38 242.01 378.8
6911316510005_camera1-36.jpg 145 1256.54 1134.51 1079.86 971.7 353.36 325.61
6911316510005_camera1-37.jpg 145 1253.23 1133.1 1095.39 950.27 315.67 365.65
6911316510005_camera1-5.jpg 145 1264.5 1132.81 1094.3 970.0 340.41 325.61
6911316510005_camera1-4.jpg 145 1268.6 1130.43 1120.92 956.02 295.35 348.83
6911316510005_camera1-7.jpg 145 1267.31 1125.56 1065.46 987.6 403.69 275.92
6911316510005_camera1-6.jpg 145 1267.38 1128.88 1081.84 972.68 371.07 312.4
6911316510005_camera1-8.jpg 145 1268.02 1126.13 1057.12 1008.79 421.81 234.69
6911316510005_camera2-14.jpg 145 1273.07 869.29 1150.96 681.38 244.21 375.83
6911316510005_camera2-11.jpg 145 1272.96 863.46 1208.51 660.91 128.9 405.11
6911316510005_camera2-13.jpg 145 1273.61 867.38 1172.35 675.05 202.52 384.66
6911316510005_camera2-10.jpg 145 1270.85 866.2 1198.33 670.41 145.03 391.59
6911316510005_camera2-12.jpg 145 1273.8 868.25 1199.82 676.02 147.96 384.47
6911316510005_camera1-9.jpg 145 1262.73 1122.49 1042.32 1023.19 440.83 198.6
6911316510005_camera2-18.jpg 145 1273.12 873.97 1086.65 751.94 372.95 244.05
6911316510005_camera2-15.jpg 145 1272.96 868.72 1124.33 684.58 297.26 368.28
6911316510005_camera2-16.jpg 145 1272.71 870.74 1109.46 709.05 326.5 323.39
6911316510005_camera2-17.jpg 145 1266.38 870.04 1082.24 718.78 368.28 302.52
6911316510005_camera2-19.jpg 145 1271.03 872.48 1077.0 777.57 388.06 189.82
6911316510005_camera2-1.jpg 145 1278.22 868.72 1071.72 813.48 413.0 110.48
6911316510005_camera2-22.jpg 145 1273.8 870.09 1077.24 782.69 393.12 174.8
6911316510005_camera2-20.jpg 145 1271.42 873.17 1076.24 816.15 390.36 114.04
6911316510005_camera2-21.jpg 145 1274.28 868.73 1071.72 802.96 405.11 131.53
6911316510005_camera2-23.jpg 145 1274.38 870.57 1083.35 768.16 382.05 204.83
6911316510005_camera2-27.jpg 145 1278.22 864.78 1132.22 679.32 291.99 370.91
6911316510005_camera2-24.jpg 145 1270.33 868.72 1082.24 742.45 376.17 252.54
6911316510005_camera2-25.jpg 145 1275.63 869.62 1099.96 724.37 351.35 290.51
6911316510005_camera2-28.jpg 145 1274.27 875.3 1150.63 684.58 247.27 381.43
6911316510005_camera2-2.jpg 145 1273.9 869.54 1079.24 793.19 389.33 152.7
6911316510005_camera2-29.jpg 145 1270.33 870.04 1171.68 674.06 197.29 391.96
6911316510005_camera2-33.jpg 145 1275.74 869.36 1172.88 677.0 205.72 384.72
6911316510005_camera2-32.jpg 145 1274.26 866.1 1195.35 666.17 157.83 399.85
6911316510005_camera2-26.jpg 145 1270.32 872.67 1103.28 708.26 334.08 328.82
6911316510005_camera2-30.jpg 145 1274.19 871.55 1203.71 677.57 140.97 387.96
6911316510005_camera2-31.jpg 145 1274.66 869.49 1222.56 673.12 104.2 392.74
6911316510005_camera2-34.jpg 145 1276.9 871.35 1148.0 679.32 257.8 384.06
6911316510005_camera2-36.jpg 145 1275.36 868.65 1110.1 706.82 330.53 323.66
6911316510005_camera2-37.jpg 145 1275.95 867.47 1097.69 726.5 356.51 281.94
6911316510005_camera2-35.jpg 145 1275.59 868.72 1126.96 687.21 297.26 363.02
6911316510005_camera2-38.jpg 145 1275.36 868.46 1086.27 747.74 378.18 241.43
6911316510005_camera2-39.jpg 145 1275.59 868.14 1083.86 774.84 383.47 186.6
6911316510005_camera2-7.jpg 145 1268.1 869.27 1122.41 693.36 291.38 351.82
6911316510005_camera2-6.jpg 145 1272.34 869.84 1108.47 704.19 327.73 331.29
6911316510005_camera2-8.jpg 145 1270.6 868.97 1146.7 678.6 247.8 380.73
6911316510005_camera2-3.jpg 145 1267.7 862.15 1069.09 755.61 397.22 213.08
6911316510005_camera2-4.jpg 145 1273.05 868.4 1087.79 744.78 370.51 247.25
6911316510005_camera2-5.jpg 145 1270.33 864.78 1095.39 716.15 349.87 297.26
6911316510005_camera2-9.jpg 145 1270.35 869.69 1169.27 675.99 202.16 387.4
6911316510005_camera2-40.jpg 145 1274.49 867.24 1080.17 807.54 388.63 119.4
6911316510005_camera3-12.jpg 145 1372.14 1332.01 1153.88 1242.93 436.51 178.15
6911316510005_camera3-10.jpg 145 1377.08 1324.6 1154.39 1263.68 445.38 121.83
6911316510005_camera3-11.jpg 145 1374.97 1327.62 1152.74 1250.15 444.47 154.95
6911316510005_camera3-13.jpg 145 1372.31 1331.78 1169.11 1233.23 406.41 197.09
6911316510005_camera3-16.jpg 145 1370.01 1338.7 1224.11 1221.58 291.81 234.24
6911316510005_camera3-15.jpg 145 1366.34 1336.97 1197.98 1215.96 336.71 242.01
6911316510005_camera3-14.jpg 145 1371.2 1335.17 1180.91 1228.13 380.58 214.08
6911316510005_camera3-19.jpg 145 1391.0 1344.81 1328.84 1214.93 124.32 259.75
6911316510005_camera3-18.jpg 145 1375.43 1343.08 1291.16 1215.99 168.54 254.18
6911316510005_camera3-17.jpg 145 1373.06 1339.7 1256.27 1217.18 233.58 245.03
6911316510005_camera3-22.jpg 145 1405.1 1345.78 1255.24 1222.09 299.71 247.38
6911316510005_camera3-1.jpg 145 1405.61 1334.96 1286.53 1219.69 238.16 230.53
6911316510005_camera3-23.jpg 145 1411.67 1341.73 1237.24 1222.8 348.87 237.86
6911316510005_camera3-20.jpg 145 1397.78 1346.68 1308.07 1216.2 179.42 260.97
6911316510005_camera3-21.jpg 145 1403.18 1346.3 1279.24 1217.87 247.88 256.86
6911316510005_camera3-24.jpg 145 1410.97 1343.0 1216.6 1234.26 388.74 217.48
6911316510005_camera3-25.jpg 145 1411.86 1340.41 1199.59 1239.75 424.54 201.33
6911316510005_camera3-26.jpg 145 1412.15 1340.06 1189.36 1246.74 445.59 186.63
6911316510005_camera3-27.jpg 145 1409.63 1337.38 1183.61 1257.57 452.04 159.61
6911316510005_camera3-28.jpg 145 1408.54 1335.39 1179.92 1266.69 457.24 137.4
6911316510005_camera3-29.jpg 145 1411.61 1335.82 1185.98 1278.05 451.26 115.53
6911316510005_camera3-2.jpg 145 1402.95 1331.12 1255.74 1222.84 294.43 216.57
6911316510005_camera3-34.jpg 145 1402.1 1337.46 1211.81 1230.08 380.58 214.76
6911316510005_camera3-30.jpg 145 1413.51 1337.41 1185.16 1267.73 456.7 139.36
6911316510005_camera3-32.jpg 145 1408.77 1338.4 1193.82 1247.53 429.9 181.75
6911316510005_camera3-31.jpg 145 1410.88 1337.94 1188.42 1255.17 444.92 165.54
6911316510005_camera3-36.jpg 145 1400.31 1337.64 1259.32 1216.1 281.98 243.09
6911316510005_camera3-37.jpg 145 1398.66 1336.72 1285.17 1213.71 226.99 246.02
6911316510005_camera3-33.jpg 145 1406.08 1338.88 1201.14 1237.08 409.87 203.6
6911316510005_camera3-40.jpg 145 1404.53 1336.37 1303.84 1220.61 201.39 231.52
6911316510005_camera3-38.jpg 145 1397.77 1335.32 1324.49 1213.57 146.56 243.51
6911316510005_camera3-39.jpg 145 1404.86 1335.19 1333.5 1215.58 142.72 239.22
6911316510005_camera3-4.jpg 145 1394.84 1329.21 1200.55 1235.18 388.58 188.06
6911316510005_camera3-5.jpg 145 1393.87 1330.16 1186.13 1246.9 415.47 166.51
6911316510005_camera3-3.jpg 145 1400.38 1330.19 1230.47 1230.97 339.81 198.45
6911316510005_camera3-6.jpg 145 1390.87 1329.29 1172.71 1255.89 436.31 146.8
6911316510005_camera3-7.jpg 145 1384.05 1329.83 1158.87 1265.61 450.36 128.45
6911316510005_camera3-8.jpg 145 1381.38 1329.52 1157.69 1275.35 447.38 108.35
6911316510005_camera3-9.jpg 145 1380.9 1326.0 1157.31 1274.46 447.19 103.07
