6911316380288-back_camera0-10.jpg 146 1420.53 1086.98 1176.75 1033.33 487.56 107.31
6911316380288-back_camera0-12.jpg 146 1422.1 1083.8 1180.88 1038.38 482.43 90.84
6911316380288-back_camera0-11.jpg 146 1418.31 1083.79 1176.71 1034.93 483.19 97.71
6911316380288-back_camera0-15.jpg 146 1415.22 1086.26 1185.46 1026.34 459.53 119.84
6911316380288-back_camera0-14.jpg 146 1416.77 1086.75 1176.12 1028.93 481.31 115.64
6911316380288-back_camera0-16.jpg 146 1413.83 1091.12 1200.2 1028.63 427.25 124.97
6911316380288-back_camera0-17.jpg 146 1414.37 1091.91 1221.63 1022.11 385.47 139.6
6911316380288-back_camera0-13.jpg 146 1419.73 1089.08 1174.37 1038.7 490.72 100.76
6911316380288-back_camera0-18.jpg 146 1415.86 1089.8 1249.95 1016.26 331.81 147.07
6911316380288-back_camera0-21.jpg 146 1429.97 1089.34 1355.22 1010.33 149.5 158.01
6911316380288-back_camera0-22.jpg 146 1440.61 1089.75 1350.03 1014.04 181.15 151.42
6911316380288-back_camera0-20.jpg 146 1421.44 1090.58 1316.31 1010.97 210.27 159.22
6911316380288-back_camera0-1.jpg 146 1428.64 1086.55 1356.58 1017.85 144.13 137.4
6911316380288-back_camera0-24.jpg 146 1446.2 1089.11 1291.52 1009.7 309.36 158.82
6911316380288-back_camera0-23.jpg 146 1444.32 1090.3 1327.99 1014.35 232.66 151.9
6911316380288-back_camera0-26.jpg 146 1452.11 1090.26 1249.48 1014.21 405.26 152.1
6911316380288-back_camera0-25.jpg 146 1449.63 1090.38 1268.72 1013.5 361.82 153.76
6911316380288-back_camera0-27.jpg 146 1451.39 1088.38 1228.97 1015.98 444.85 144.81
6911316380288-back_camera0-28.jpg 146 1450.14 1088.57 1213.4 1020.79 473.49 135.56
6911316380288-back_camera0-19.jpg 146 1418.84 1091.33 1282.6 1017.47 272.48 147.72
6911316380288-back_camera0-2.jpg 146 1438.14 1084.87 1339.72 1012.8 196.85 144.13
6911316380288-back_camera0-29.jpg 146 1447.58 1087.21 1204.69 1019.35 485.78 135.73
6911316380288-back_camera0-33.jpg 146 1442.35 1079.09 1199.93 1028.38 484.83 101.42
6911316380288-back_camera0-30.jpg 146 1444.38 1084.94 1198.14 1023.05 492.48 123.79
6911316380288-back_camera0-32.jpg 146 1447.35 1083.24 1202.44 1027.94 489.82 110.6
6911316380288-back_camera0-35.jpg 146 1435.33 1084.7 1204.55 1028.34 461.56 112.73
6911316380288-back_camera0-31.jpg 146 1442.68 1083.86 1200.68 1026.26 483.99 115.19
6911316380288-back_camera0-34.jpg 146 1439.18 1083.32 1197.47 1030.61 483.43 105.43
6911316380288-back_camera0-37.jpg 146 1428.31 1086.33 1229.4 1024.17 397.81 124.32
6911316380288-back_camera0-39.jpg 146 1424.62 1087.43 1276.68 1018.15 295.87 138.56
6911316380288-back_camera0-36.jpg 146 1433.26 1088.05 1216.22 1026.92 434.08 122.26
6911316380288-back_camera0-38.jpg 146 1427.7 1087.89 1252.07 1019.83 351.26 136.13
6911316380288-back_camera0-40.jpg 146 1423.18 1088.76 1311.19 1017.92 223.99 141.68
6911316380288-back_camera0-5.jpg 146 1436.44 1087.92 1249.52 1020.65 373.85 134.54
6911316380288-back_camera0-3.jpg 146 1440.04 1090.38 1307.21 1018.49 265.66 143.77
6911316380288-back_camera0-4.jpg 146 1439.86 1088.51 1278.81 1016.19 322.09 144.64
6911316380288-back_camera0-8.jpg 146 1427.57 1087.5 1190.29 1027.41 474.55 120.17
6911316380288-back_camera0-9.jpg 146 1423.57 1086.45 1182.14 1029.7 482.86 113.5
6911316380288-back_camera1-14.jpg 146 1282.84 1161.49 1073.88 1007.9 417.91 307.18
6911316380288-back_camera1-11.jpg 146 1276.21 1163.0 1050.04 1059.29 452.35 207.42
6911316380288-back_camera1-12.jpg 146 1277.84 1160.0 1055.76 1036.99 444.15 246.02
6911316380288-back_camera1-10.jpg 146 1267.45 1162.46 1043.18 1094.34 448.53 136.24
6911316380288-back_camera0-7.jpg 146 1430.9 1088.89 1205.87 1025.36 450.06 127.06
6911316380288-back_camera1-16.jpg 146 1287.91 1157.69 1114.97 976.94 345.88 361.5
6911316380288-back_camera1-13.jpg 146 1281.49 1162.21 1063.11 1023.91 436.77 276.6
6911316380288-back_camera1-15.jpg 146 1285.58 1159.72 1093.08 993.25 385.0 332.95
6911316380288-back_camera1-18.jpg 146 1293.58 1147.25 1176.02 958.45 235.11 377.6
6911316380288-back_camera1-19.jpg 146 1294.24 1148.32 1205.45 957.35 177.57 381.94
6911316380288-back_camera1-17.jpg 146 1289.65 1155.91 1141.18 967.75 296.94 376.33
6911316380288-back_camera1-20.jpg 146 1301.94 1144.39 1234.75 957.65 134.39 373.48
6911316380288-back_camera1-22.jpg 146 1305.12 1133.17 1178.19 946.05 253.86 374.25
6911316380288-back_camera1-1.jpg 146 1228.93 1152.39 1140.53 957.98 176.81 388.82
6911316380288-back_camera1-21.jpg 146 1304.18 1138.84 1208.33 949.42 191.71 378.83
6911316380288-back_camera1-23.jpg 146 1300.77 1128.82 1148.45 945.12 304.63 367.39
6911316380288-back_camera1-26.jpg 146 1286.33 1114.12 1076.95 968.54 418.75 291.16
6911316380288-back_camera1-24.jpg 146 1296.81 1125.26 1121.64 950.42 350.34 349.68
6911316380288-back_camera1-25.jpg 146 1291.89 1120.49 1097.01 957.29 389.77 326.4
6911316380288-back_camera1-27.jpg 146 1277.5 1111.96 1058.6 984.14 437.81 255.64
6911316380288-back_camera1-28.jpg 146 1270.55 1109.75 1048.74 1002.35 443.61 214.79
6911316380288-back_camera1-2.jpg 146 1234.9 1157.0 1113.97 961.06 241.87 391.89
6911316380288-back_camera1-29.jpg 146 1259.88 1105.98 1038.63 1025.78 442.49 160.4
6911316380288-back_camera1-30.jpg 146 1257.13 1105.87 1038.99 1035.01 436.28 141.71
6911316380288-back_camera1-31.jpg 146 1254.16 1106.43 1032.08 1015.58 444.17 181.71
6911316380288-back_camera1-32.jpg 146 1246.64 1110.62 1025.66 999.17 441.97 222.9
6911316380288-back_camera1-33.jpg 146 1237.49 1114.77 1020.5 981.97 433.98 265.59
6911316380288-back_camera1-36.jpg 146 1224.04 1126.13 1049.49 948.91 349.1 354.44
6911316380288-back_camera1-37.jpg 146 1217.76 1135.87 1069.27 948.34 296.98 375.05
6911316380288-back_camera1-34.jpg 146 1227.5 1118.52 1022.16 966.61 410.68 303.81
6911316380288-back_camera1-35.jpg 146 1224.91 1122.89 1032.17 956.2 385.47 333.38
6911316380288-back_camera1-38.jpg 146 1214.73 1139.2 1093.62 948.62 242.23 381.16
6911316380288-back_camera1-39.jpg 146 1217.38 1141.11 1122.09 947.41 190.58 387.4
6911316380288-back_camera1-3.jpg 146 1238.19 1160.79 1087.28 967.91 301.82 385.76
6911316380288-back_camera1-40.jpg 146 1225.31 1149.42 1158.34 956.09 133.95 386.66
6911316380288-back_camera1-4.jpg 146 1240.38 1163.2 1063.66 976.94 353.43 372.51
6911316380288-back_camera1-5.jpg 146 1244.89 1164.79 1050.67 992.0 388.44 345.58
6911316380288-back_camera1-7.jpg 146 1252.63 1168.06 1031.26 1029.13 442.74 277.86
6911316380288-back_camera1-8.jpg 146 1255.16 1165.7 1027.27 1046.59 455.79 238.22
6911316380288-back_camera1-6.jpg 146 1249.9 1166.62 1040.2 1011.23 419.4 310.79
6911316380288-back_camera2-10.jpg 146 1304.17 864.71 1248.4 668.87 111.53 391.67
6911316380288-back_camera1-9.jpg 146 1259.68 1162.2 1033.3 1065.69 452.77 193.02
6911316380288-back_camera2-11.jpg 146 1303.18 859.14 1210.95 659.37 184.46 399.54
6911316380288-back_camera2-12.jpg 146 1300.5 852.51 1182.63 655.42 235.74 394.18
6911316380288-back_camera2-13.jpg 146 1299.19 847.32 1165.72 654.63 266.95 385.38
6911316380288-back_camera2-17.jpg 146 1284.09 838.88 1089.89 701.11 388.39 275.54
6911316380288-back_camera2-15.jpg 146 1294.0 842.1 1124.08 668.73 339.84 346.73
6911316380288-back_camera2-14.jpg 146 1297.16 846.15 1143.73 660.66 306.86 370.98
6911316380288-back_camera2-18.jpg 146 1278.91 835.83 1081.11 725.29 395.6 221.09
6911316380288-back_camera2-16.jpg 146 1291.22 839.74 1108.78 684.02 364.88 311.44
6911316380288-back_camera2-20.jpg 146 1267.88 835.27 1074.01 774.26 387.73 122.03
6911316380288-back_camera2-22.jpg 146 1257.3 837.46 1059.21 730.97 396.17 212.97
6911316380288-back_camera2-21.jpg 146 1262.84 834.29 1065.47 756.8 394.73 154.98
6911316380288-back_camera2-19.jpg 146 1273.33 834.2 1073.89 746.94 398.88 174.51
6911316380288-back_camera2-24.jpg 146 1248.88 844.21 1062.0 691.97 373.75 304.47
6911316380288-back_camera2-23.jpg 146 1252.35 839.28 1056.79 708.02 391.12 262.53
6911316380288-back_camera2-1.jpg 146 1281.87 901.0 1084.39 825.23 394.95 151.55
6911316380288-back_camera2-26.jpg 146 1238.5 853.49 1081.97 669.8 313.05 367.39
6911316380288-back_camera2-25.jpg 146 1245.23 848.98 1071.1 677.91 348.26 342.14
6911316380288-back_camera2-28.jpg 146 1236.63 862.8 1127.95 662.27 217.37 401.07
6911316380288-back_camera2-27.jpg 146 1238.63 858.83 1106.92 663.71 263.43 390.23
6911316380288-back_camera2-2.jpg 146 1287.62 899.39 1089.38 794.53 396.48 209.72
6911316380288-back_camera2-29.jpg 146 1235.34 869.53 1156.76 669.95 157.16 399.16
6911316380288-back_camera2-31.jpg 146 1241.61 878.81 1160.35 678.79 162.52 400.05
6911316380288-back_camera2-33.jpg 146 1245.39 888.1 1112.98 694.45 264.83 387.29
6911316380288-back_camera2-35.jpg 146 1253.82 895.43 1084.6 721.75 338.44 347.37
6911316380288-back_camera2-34.jpg 146 1249.27 895.1 1098.13 711.9 302.28 366.4
6911316380288-back_camera2-37.jpg 146 1260.51 898.57 1064.95 764.62 391.12 267.89
6911316380288-back_camera2-30.jpg 146 1238.79 872.92 1178.23 677.0 121.12 391.85
6911316380288-back_camera2-32.jpg 146 1241.01 885.06 1138.15 689.47 205.72 391.18
6911316380288-back_camera2-40.jpg 146 1277.33 900.73 1079.91 840.82 394.84 119.81
6911316380288-back_camera2-39.jpg 146 1272.03 902.1 1073.24 817.79 397.57 168.61
6911316380288-back_camera2-3.jpg 146 1292.47 897.86 1100.11 767.71 384.72 260.3
6911316380288-back_camera2-36.jpg 146 1256.5 896.94 1071.71 742.63 369.58 308.63
6911316380288-back_camera2-38.jpg 146 1266.32 903.02 1066.74 794.08 399.16 217.88
6911316380288-back_camera2-5.jpg 146 1299.94 889.26 1125.39 720.94 349.1 336.63
6911316380288-back_camera2-4.jpg 146 1294.39 893.46 1108.39 742.68 371.99 301.57
6911316380288-back_camera2-7.jpg 146 1303.38 879.81 1165.86 686.93 275.03 385.76
6911316380288-back_camera2-8.jpg 146 1305.15 875.34 1191.75 676.21 226.81 398.26
6911316380288-back_camera2-6.jpg 146 1300.78 885.09 1141.38 700.17 318.79 369.84
6911316380288-back_camera3-10.jpg 146 1385.44 1346.55 1151.04 1275.56 468.81 141.98
6911316380288-back_camera3-11.jpg 146 1382.34 1347.51 1148.83 1266.25 467.02 162.52
6911316380288-back_camera3-13.jpg 146 1381.08 1352.98 1160.22 1249.32 441.72 207.32
6911316380288-back_camera3-14.jpg 146 1378.96 1356.34 1173.13 1247.4 411.66 217.88
6911316380288-back_camera3-16.jpg 146 1380.73 1358.32 1219.29 1238.1 322.89 240.45
6911316380288-back_camera2-9.jpg 146 1305.45 871.42 1221.07 671.4 168.77 400.05
6911316380288-back_camera3-15.jpg 146 1378.75 1357.35 1192.61 1242.52 372.29 229.66
6911316380288-back_camera3-17.jpg 146 1381.65 1360.49 1249.49 1236.82 264.32 247.35
6911316380288-back_camera3-18.jpg 146 1386.42 1360.32 1282.61 1239.33 207.63 241.98
6911316380288-back_camera3-12.jpg 146 1381.37 1348.59 1148.0 1258.47 466.73 180.23
6911316380288-back_camera3-19.jpg 146 1392.47 1359.6 1323.12 1238.23 138.71 242.74
6911316380288-back_camera3-1.jpg 146 1401.96 1350.24 1278.58 1232.75 246.76 234.98
6911316380288-back_camera3-22.jpg 146 1409.26 1358.79 1260.97 1235.42 296.57 246.73
6911316380288-back_camera3-21.jpg 146 1406.81 1359.23 1282.02 1235.85 249.57 246.76
6911316380288-back_camera3-20.jpg 146 1403.61 1359.65 1308.28 1232.55 190.65 254.2
6911316380288-back_camera3-23.jpg 146 1411.33 1357.12 1243.64 1238.5 335.37 237.23
6911316380288-back_camera3-24.jpg 146 1410.97 1356.2 1217.72 1241.08 386.51 230.24
6911316380288-back_camera3-25.jpg 146 1412.09 1356.3 1200.75 1250.96 422.67 210.68
6911316380288-back_camera3-26.jpg 146 1413.35 1351.52 1189.02 1253.1 448.66 196.85
6911316380288-back_camera3-28.jpg 146 1407.89 1344.89 1170.88 1271.97 474.02 145.85
6911316380288-back_camera3-29.jpg 146 1406.3 1344.3 1170.05 1280.18 472.51 128.24
6911316380288-back_camera3-2.jpg 146 1399.97 1350.66 1247.87 1236.06 304.21 229.2
6911316380288-back_camera3-27.jpg 146 1409.19 1349.16 1177.91 1261.2 462.56 175.92
6911316380288-back_camera3-30.jpg 146 1408.37 1343.62 1175.0 1277.47 466.73 132.31
6911316380288-back_camera3-34.jpg 146 1394.39 1348.2 1184.1 1244.62 420.59 207.17
6911316380288-back_camera3-33.jpg 146 1397.12 1346.81 1178.34 1249.92 437.56 193.77
6911316380288-back_camera3-32.jpg 146 1402.82 1345.2 1171.02 1260.3 463.6 169.81
6911316380288-back_camera3-31.jpg 146 1406.88 1343.93 1174.61 1269.34 464.55 149.18
6911316380288-back_camera3-37.jpg 146 1388.09 1350.18 1245.58 1232.49 285.02 235.39
6911316380288-back_camera3-35.jpg 146 1391.29 1348.69 1198.93 1238.71 384.72 219.97
6911316380288-back_camera3-39.jpg 146 1385.31 1351.07 1302.59 1236.1 165.44 229.94
6911316380288-back_camera3-3.jpg 146 1398.56 1350.25 1221.71 1239.04 353.69 222.42
6911316380288-back_camera3-38.jpg 146 1387.93 1350.54 1276.46 1231.77 222.94 237.53
6911316380288-back_camera3-36.jpg 146 1390.1 1348.38 1221.78 1230.82 336.63 235.11
6911316380288-back_camera3-40.jpg 146 1401.08 1351.11 1316.67 1235.3 168.81 231.62
6911316380288-back_camera3-5.jpg 146 1392.75 1349.13 1176.58 1252.77 432.35 192.73
6911316380288-back_camera3-6.jpg 146 1389.96 1346.81 1162.83 1259.04 454.27 175.54
6911316380288-back_camera3-7.jpg 146 1386.64 1346.01 1151.96 1268.02 469.36 155.98
6911316380288-back_camera3-4.jpg 146 1397.19 1349.32 1198.38 1245.85 397.62 206.94
6911316380288-back_camera3-8.jpg 146 1382.97 1346.18 1149.9 1282.27 466.13 127.82
6911316380288_camera0-10.jpg 146 1382.25 1259.38 1138.53 1201.48 487.45 115.81
6911316380288_camera0-11.jpg 146 1383.72 1261.0 1141.09 1207.42 485.27 107.16
6911316380288-back_camera3-9.jpg 146 1383.56 1344.11 1150.49 1286.7 466.13 114.81
6911316380288_camera0-14.jpg 146 1385.08 1261.78 1146.65 1201.95 476.85 119.66
6911316380288_camera0-13.jpg 146 1388.44 1260.69 1143.03 1203.44 490.83 114.5
6911316380288_camera0-16.jpg 146 1387.11 1265.34 1177.19 1199.69 419.84 131.29
6911316380288_camera0-17.jpg 146 1388.88 1265.38 1200.47 1196.17 376.83 138.41
6911316380288_camera0-15.jpg 146 1385.14 1260.6 1157.15 1196.92 455.97 127.35
6911316380288_camera0-12.jpg 146 1386.72 1259.54 1142.94 1209.53 487.56 100.01
6911316380288_camera0-19.jpg 146 1396.71 1265.74 1267.69 1193.73 258.04 144.01
6911316380288_camera0-1.jpg 146 1397.8 1262.87 1325.91 1190.09 143.77 145.55
6911316380288_camera0-18.jpg 146 1393.55 1266.77 1230.51 1194.88 326.08 143.77
6911316380288_camera0-21.jpg 146 1420.92 1266.56 1343.31 1189.99 155.23 153.14
6911316380288_camera0-20.jpg 146 1404.39 1265.12 1306.46 1190.63 195.86 148.98
6911316380288_camera0-23.jpg 146 1433.91 1265.29 1291.71 1192.88 284.41 144.81
6911316380288_camera0-22.jpg 146 1428.99 1265.82 1320.05 1192.15 217.88 147.34
6911316380288_camera0-25.jpg 146 1440.62 1264.25 1244.24 1194.97 392.76 138.56
6911316380288_camera0-26.jpg 146 1438.01 1262.04 1221.11 1193.99 433.8 136.09
6911316380288_camera0-24.jpg 146 1438.7 1264.23 1265.97 1193.29 345.47 141.89
6911316380288_camera0-27.jpg 146 1437.74 1260.44 1205.68 1194.8 464.11 131.29
6911316380288_camera0-28.jpg 146 1433.67 1260.12 1193.22 1196.45 480.9 127.35
6911316380288_camera0-29.jpg 146 1432.41 1257.96 1188.91 1198.04 487.01 119.84
6911316380288_camera0-32.jpg 146 1427.21 1256.04 1184.47 1206.04 485.48 100.0
6911316380288_camera0-2.jpg 146 1398.2 1260.95 1291.33 1183.86 213.74 154.19
6911316380288_camera0-33.jpg 146 1420.61 1258.11 1180.47 1206.02 480.27 104.18
6911316380288_camera0-34.jpg 146 1414.93 1258.74 1182.05 1199.52 465.76 118.45
6911316380288_camera0-30.jpg 146 1426.26 1257.69 1183.9 1205.02 484.72 105.34
6911316380288_camera0-31.jpg 146 1429.28 1257.16 1186.09 1205.4 486.38 103.51
6911316380288_camera0-36.jpg 146 1405.38 1259.48 1198.89 1195.36 412.97 128.24
6911316380288_camera0-39.jpg 146 1389.45 1261.78 1268.01 1189.89 242.89 143.77
6911316380288_camera0-35.jpg 146 1408.7 1258.17 1187.71 1198.63 441.97 119.08
6911316380288_camera0-38.jpg 146 1393.2 1259.94 1243.59 1188.57 299.23 142.74
6911316380288_camera0-3.jpg 146 1398.95 1262.27 1251.67 1187.27 294.55 150.0
6911316380288_camera0-40.jpg 146 1388.93 1261.44 1293.64 1188.86 190.58 145.16
6911316380288_camera0-37.jpg 146 1397.78 1259.78 1219.48 1193.37 356.59 132.82
6911316380288_camera0-4.jpg 146 1395.69 1262.88 1232.72 1190.36 325.95 145.03
6911316380288_camera0-7.jpg 146 1391.08 1261.89 1163.97 1192.61 454.22 138.56
6911316380288_camera0-5.jpg 146 1393.91 1263.84 1204.36 1194.02 379.11 139.64
6911316380288_camera0-8.jpg 146 1386.21 1258.86 1149.68 1193.1 473.05 131.51
6911316380288_camera1-11.jpg 146 1243.72 1141.52 1015.48 1052.97 456.48 177.09
6911316380288_camera1-12.jpg 146 1242.95 1145.94 1015.48 1033.35 454.95 225.19
6911316380288_camera0-6.jpg 146 1392.45 1260.49 1182.42 1187.87 420.06 145.25
6911316380288_camera1-10.jpg 146 1242.82 1137.28 1016.76 1068.58 452.12 137.4
6911316380288_camera0-9.jpg 146 1381.83 1260.29 1139.47 1198.84 484.72 122.9
6911316380288_camera1-16.jpg 146 1252.55 1156.95 1076.66 979.73 351.77 354.44
6911316380288_camera1-14.jpg 146 1245.38 1152.33 1032.53 997.37 425.69 309.92
6911316380288_camera1-15.jpg 146 1248.41 1155.12 1054.14 991.0 388.54 328.24
6911316380288_camera1-13.jpg 146 1245.64 1148.24 1022.75 1012.74 445.79 270.99
6911316380288_camera1-1.jpg 146 1252.09 1126.93 1155.91 935.02 192.36 383.83
6911316380288_camera1-19.jpg 146 1261.97 1158.91 1168.98 966.7 185.98 384.43
6911316380288_camera1-20.jpg 146 1273.08 1157.04 1205.52 966.97 135.11 380.14
6911316380288_camera1-18.jpg 146 1259.24 1157.69 1131.96 963.92 254.55 387.54
6911316380288_camera1-17.jpg 146 1255.29 1159.99 1099.96 970.37 310.66 379.23
6911316380288_camera1-23.jpg 146 1288.79 1153.23 1133.38 967.55 310.81 371.36
6911316380288_camera1-27.jpg 146 1287.24 1137.09 1063.34 1005.14 447.8 263.9
6911316380288_camera1-26.jpg 146 1287.98 1140.0 1078.11 988.31 419.75 303.39
6911316380288_camera1-24.jpg 146 1289.79 1148.79 1112.32 970.93 354.95 355.72
6911316380288_camera1-21.jpg 146 1279.59 1155.34 1182.52 962.98 194.14 384.72
6911316380288_camera1-25.jpg 146 1290.77 1144.59 1093.83 978.4 393.88 332.38
6911316380288_camera1-22.jpg 146 1283.84 1152.62 1159.16 960.7 249.36 383.83
6911316380288_camera1-2.jpg 146 1253.19 1130.02 1128.61 937.37 249.16 385.29
6911316380288_camera1-29.jpg 146 1284.9 1129.17 1059.83 1042.15 450.15 174.04
6911316380288_camera1-28.jpg 146 1286.13 1133.37 1061.33 1020.39 449.61 225.95
6911316380288_camera1-31.jpg 146 1282.43 1124.74 1058.93 1033.65 447.0 182.17
6911316380288_camera1-34.jpg 146 1266.6 1122.87 1058.28 971.17 416.64 303.39
6911316380288_camera1-32.jpg 146 1275.49 1125.2 1051.07 1011.21 448.84 227.98
6911316380288_camera1-30.jpg 146 1283.59 1125.69 1059.45 1058.72 448.27 133.95
6911316380288_camera1-33.jpg 146 1272.64 1123.98 1053.56 990.78 438.16 266.41
6911316380288_camera1-35.jpg 146 1262.52 1124.9 1071.87 956.65 381.3 336.5
6911316380288_camera1-36.jpg 146 1258.88 1125.09 1086.41 946.38 344.94 357.41
6911316380288_camera1-38.jpg 146 1249.56 1127.42 1136.01 936.84 227.09 381.16
6911316380288_camera1-37.jpg 146 1253.2 1125.35 1109.96 937.82 286.49 375.05
6911316380288_camera1-39.jpg 146 1248.21 1126.47 1164.5 935.0 167.43 382.94
6911316380288_camera1-4.jpg 146 1248.22 1127.99 1074.12 947.65 348.21 360.68
6911316380288_camera1-40.jpg 146 1255.24 1127.13 1188.27 939.61 133.95 375.05
6911316380288_camera1-6.jpg 146 1244.4 1135.02 1033.72 981.26 421.36 307.52
6911316380288_camera1-7.jpg 146 1241.54 1135.95 1021.13 1000.23 440.81 271.44
6911316380288_camera1-5.jpg 146 1245.75 1133.75 1051.97 963.42 387.55 340.67
6911316380288_camera1-8.jpg 146 1240.76 1136.28 1014.05 1021.78 453.42 229.0
6911316380288_camera1-3.jpg 146 1248.63 1131.13 1089.81 946.29 317.64 369.69
6911316380288_camera2-10.jpg 146 1279.14 889.43 1220.26 690.53 117.77 397.81
6911316380288_camera1-9.jpg 146 1237.74 1137.78 1012.27 1044.91 450.95 185.74
6911316380288_camera2-11.jpg 146 1284.31 887.57 1207.94 685.14 152.73 404.86
6911316380288_camera2-12.jpg 146 1288.65 887.17 1184.84 686.8 207.63 400.75
6911316380288_camera2-13.jpg 146 1288.64 881.6 1159.61 683.36 258.07 396.48
6911316380288_camera2-14.jpg 146 1292.99 880.31 1140.7 691.38 304.57 377.85
6911316380288_camera2-16.jpg 146 1293.03 874.58 1108.3 717.33 369.46 314.5
6911316380288_camera2-18.jpg 146 1292.84 868.5 1091.9 755.29 401.87 226.41
6911316380288_camera2-17.jpg 146 1295.16 870.99 1100.51 735.88 389.3 270.22
6911316380288_camera2-19.jpg 146 1293.87 862.62 1090.44 779.04 406.86 167.17
6911316380288_camera2-15.jpg 146 1289.5 878.01 1120.69 704.3 337.61 347.43
6911316380288_camera2-1.jpg 146 1255.35 881.6 1054.81 800.85 401.07 161.5
6911316380288_camera2-22.jpg 146 1289.04 855.12 1087.9 749.39 402.28 211.45
6911316380288_camera2-20.jpg 146 1290.51 863.01 1092.04 802.32 396.94 121.37
6911316380288_camera2-21.jpg 146 1290.17 860.16 1089.25 779.41 401.84 161.5
6911316380288_camera2-24.jpg 146 1283.03 851.75 1096.65 698.28 372.75 306.93
6911316380288_camera2-23.jpg 146 1285.96 853.27 1090.02 722.77 391.89 261.0
6911316380288_camera2-28.jpg 146 1268.02 848.14 1155.37 649.55 225.31 397.19
6911316380288_camera2-27.jpg 146 1271.07 847.07 1134.08 651.21 273.99 391.72
6911316380288_camera2-25.jpg 146 1282.05 849.02 1108.84 677.58 346.43 342.87
6911316380288_camera2-26.jpg 146 1276.51 847.22 1120.66 663.32 311.7 367.8
6911316380288_camera2-29.jpg 146 1266.19 849.07 1180.91 648.15 170.56 401.84
6911316380288_camera2-32.jpg 146 1259.83 854.73 1153.41 655.24 212.84 398.97
6911316380288_camera2-2.jpg 146 1256.95 883.38 1056.92 776.23 400.05 214.31
6911316380288_camera2-30.jpg 146 1264.39 850.52 1205.69 652.07 117.41 396.89
6911316380288_camera2-31.jpg 146 1262.38 851.71 1183.57 650.44 157.63 402.53
6911316380288_camera2-34.jpg 146 1255.8 858.49 1103.17 671.48 305.25 374.01
6911316380288_camera2-35.jpg 146 1253.34 861.79 1081.01 684.57 344.65 354.44
6911316380288_camera2-37.jpg 146 1250.61 868.64 1053.52 736.23 394.18 264.83
6911316380288_camera2-33.jpg 146 1259.72 856.0 1129.25 658.3 260.94 395.41
6911316380288_camera2-38.jpg 146 1250.42 868.02 1049.88 765.95 401.08 204.14
6911316380288_camera2-36.jpg 146 1253.9 864.26 1069.72 708.87 368.37 310.79
6911316380288_camera2-39.jpg 146 1252.92 874.45 1051.56 795.87 402.73 157.16
6911316380288_camera2-3.jpg 146 1260.91 884.66 1067.33 743.38 387.17 282.57
6911316380288_camera2-5.jpg 146 1263.27 887.33 1085.61 713.67 355.33 347.32
6911316380288_camera2-4.jpg 146 1261.87 888.01 1073.32 736.87 377.09 302.28
6911316380288_camera2-40.jpg 146 1254.09 875.78 1056.49 821.48 395.19 108.61
6911316380288_camera2-8.jpg 146 1275.45 891.33 1161.51 692.54 227.89 397.59
6911316380288_camera2-9.jpg 146 1277.04 890.52 1189.97 690.5 174.13 400.05
6911316380288_camera2-7.jpg 146 1271.84 889.59 1138.33 695.3 267.02 388.58
6911316380288_camera2-6.jpg 146 1267.05 889.91 1108.43 704.34 317.23 371.14
6911316380288_camera3-10.jpg 146 1382.28 1343.16 1147.56 1269.5 469.45 147.32
6911316380288_camera3-11.jpg 146 1379.25 1343.95 1144.85 1263.21 468.81 161.48
6911316380288_camera3-12.jpg 146 1375.24 1346.02 1146.24 1252.13 458.0 187.78
6911316380288_camera3-13.jpg 146 1373.91 1348.1 1155.38 1246.3 437.05 203.6
6911316380288_camera3-14.jpg 146 1375.11 1350.62 1168.5 1244.65 413.22 211.95
6911316380288_camera3-16.jpg 146 1373.51 1353.83 1213.21 1234.05 320.6 239.56
6911316380288_camera3-15.jpg 146 1371.28 1352.67 1190.9 1234.35 360.76 236.64
6911316380288_camera3-17.jpg 146 1376.25 1354.8 1247.57 1231.9 257.37 245.8
6911316380288_camera3-20.jpg 146 1398.0 1356.01 1299.91 1234.25 196.18 243.51
6911316380288_camera3-18.jpg 146 1378.48 1356.68 1277.42 1232.71 202.11 247.95
6911316380288_camera3-19.jpg 146 1388.17 1356.65 1317.56 1235.28 141.22 242.74
6911316380288_camera3-21.jpg 146 1403.87 1358.79 1273.34 1235.89 261.06 245.8
6911316380288_camera3-1.jpg 146 1408.62 1345.76 1284.63 1230.28 247.98 230.96
6911316380288_camera3-25.jpg 146 1411.86 1354.08 1189.95 1253.02 443.81 202.11
6911316380288_camera3-26.jpg 146 1411.52 1351.96 1180.23 1259.6 462.58 184.73
6911316380288_camera3-24.jpg 146 1410.42 1354.8 1207.21 1245.73 406.43 218.14
6911316380288_camera3-27.jpg 146 1409.64 1349.84 1175.41 1269.36 468.47 160.96
6911316380288_camera3-28.jpg 146 1408.74 1347.29 1173.44 1277.64 470.6 139.3
6911316380288_camera3-30.jpg 146 1412.18 1347.23 1176.69 1280.06 470.98 134.35
6911316380288_camera3-2.jpg 146 1405.44 1346.3 1252.9 1229.19 305.07 234.21
6911316380288_camera3-29.jpg 146 1415.11 1345.32 1178.1 1285.01 474.03 120.61
6911316380288_camera3-31.jpg 146 1409.38 1346.02 1175.87 1266.99 467.02 158.06
6911316380288_camera3-36.jpg 146 1396.15 1346.3 1239.29 1229.89 313.73 232.82
6911316380288_camera3-32.jpg 146 1407.19 1346.45 1178.9 1255.89 456.58 181.11
6911316380288_camera3-33.jpg 146 1404.36 1347.27 1190.04 1245.47 428.63 203.6
6911316380288_camera3-34.jpg 146 1399.21 1347.05 1206.78 1238.11 384.87 217.88
6911316380288_camera3-35.jpg 146 1398.88 1348.45 1224.07 1235.48 349.61 225.95
6911316380288_camera3-37.jpg 146 1395.83 1347.85 1268.39 1229.21 254.88 237.27
6911316380288_camera3-40.jpg 146 1409.39 1346.02 1295.65 1228.46 227.48 235.11
6911316380288_camera3-4.jpg 146 1398.99 1345.56 1196.16 1243.16 405.66 204.79
6911316380288_camera3-39.jpg 146 1408.44 1345.29 1328.52 1227.42 159.84 235.74
6911316380288_camera3-38.jpg 146 1395.45 1346.01 1315.96 1228.57 158.99 234.89
6911316380288_camera3-3.jpg 146 1403.32 1345.17 1227.27 1233.81 352.09 222.73
6911316380288_camera3-5.jpg 146 1394.47 1341.11 1172.72 1245.69 443.5 190.83
6911316380288_camera3-7.jpg 146 1384.22 1343.08 1150.64 1268.65 467.16 148.85
6911316380288_camera3-6.jpg 146 1390.31 1343.62 1162.29 1257.25 456.04 172.73
6911316380288_camera3-9.jpg 146 1379.82 1339.65 1144.63 1276.45 470.37 126.4
6911316380288_camera3-8.jpg 146 1381.64 1340.54 1147.41 1275.44 468.47 130.2
