6911316380271-back_camera0-10.jpg 147 1416.9 1264.87 1170.66 1203.31 492.48 123.12
6911316380271-back_camera0-11.jpg 147 1416.0 1263.98 1164.4 1211.11 503.19 105.74
6911316380271-back_camera0-13.jpg 147 1417.66 1260.65 1168.56 1210.35 498.2 100.61
6911316380271-back_camera0-19.jpg 147 1408.97 1265.36 1282.11 1198.76 253.72 133.2
6911316380271-back_camera0-12.jpg 147 1416.05 1263.29 1162.63 1214.07 506.84 98.45
6911316380271-back_camera0-14.jpg 147 1412.83 1264.8 1166.59 1207.13 492.48 115.33
6911316380271-back_camera0-15.jpg 147 1414.19 1267.6 1184.49 1210.02 459.41 115.15
6911316380271-back_camera0-17.jpg 147 1407.12 1264.63 1205.88 1197.55 402.48 134.16
6911316380271-back_camera0-18.jpg 147 1412.94 1264.54 1255.15 1199.52 315.57 130.03
6911316380271-back_camera0-16.jpg 147 1414.01 1266.65 1203.13 1204.67 421.76 123.97
6911316380271-back_camera0-22.jpg 147 1420.27 1258.05 1313.73 1176.5 213.08 163.1
6911316380271-back_camera0-20.jpg 147 1408.72 1265.18 1309.6 1196.48 198.25 137.4
6911316380271-back_camera0-1.jpg 147 1402.35 1269.9 1322.15 1199.22 160.39 141.36
6911316380271-back_camera0-21.jpg 147 1416.32 1256.73 1334.77 1176.5 163.1 160.47
6911316380271-back_camera0-23.jpg 147 1424.22 1262.71 1294.41 1192.71 259.61 140.0
6911316380271-back_camera0-25.jpg 147 1412.38 1256.73 1216.4 1187.02 391.96 139.42
6911316380271-back_camera0-27.jpg 147 1408.78 1262.79 1183.32 1196.82 450.92 131.95
6911316380271-back_camera0-24.jpg 147 1421.38 1264.26 1256.69 1191.94 329.38 144.64
6911316380271-back_camera0-29.jpg 147 1397.34 1259.36 1160.27 1201.48 474.14 115.76
6911316380271-back_camera0-28.jpg 147 1405.8 1255.42 1163.79 1184.39 484.03 142.05
6911316380271-back_camera0-26.jpg 147 1414.0 1260.25 1203.38 1192.57 421.24 135.37
6911316380271-back_camera0-2.jpg 147 1405.8 1267.25 1292.68 1187.02 226.23 160.47
6911316380271-back_camera0-30.jpg 147 1390.97 1257.97 1147.33 1202.52 487.29 110.91
6911316380271-back_camera0-34.jpg 147 1382.62 1262.11 1145.82 1201.13 473.61 121.95
6911316380271-back_camera0-31.jpg 147 1392.82 1258.34 1153.98 1209.41 477.67 97.86
6911316380271-back_camera0-32.jpg 147 1387.38 1251.47 1137.48 1192.28 499.81 118.38
6911316380271-back_camera0-37.jpg 147 1375.82 1265.91 1200.66 1195.0 350.31 141.82
6911316380271-back_camera0-35.jpg 147 1378.3 1266.58 1160.14 1206.77 436.31 119.61
6911316380271-back_camera0-33.jpg 147 1385.92 1260.04 1141.01 1205.35 489.82 109.39
6911316380271-back_camera0-36.jpg 147 1374.23 1265.94 1153.26 1197.55 441.94 136.79
6911316380271-back_camera0-38.jpg 147 1377.19 1270.92 1223.85 1198.19 306.68 145.46
6911316380271-back_camera0-3.jpg 147 1410.38 1271.66 1275.81 1203.02 269.13 137.28
6911316380271-back_camera0-5.jpg 147 1416.33 1267.25 1221.66 1189.65 389.33 155.2
6911316380271-back_camera0-40.jpg 147 1383.78 1270.5 1291.61 1193.02 184.35 154.96
6911316380271-back_camera0-4.jpg 147 1412.9 1270.34 1245.92 1196.87 333.96 146.94
6911316380271-back_camera0-39.jpg 147 1379.27 1268.93 1253.2 1199.15 252.14 139.55
6911316380271-back_camera0-6.jpg 147 1416.32 1265.94 1195.35 1194.91 441.94 142.05
6911316380271-back_camera0-8.jpg 147 1419.36 1268.98 1177.49 1205.17 483.74 127.62
6911316380271-back_camera0-7.jpg 147 1416.72 1271.29 1189.44 1204.62 454.56 133.34
6911316380271-back_camera1-10.jpg 147 1269.01 1138.35 1032.26 1058.12 473.5 160.47
6911316380271-back_camera0-9.jpg 147 1417.75 1269.22 1175.59 1213.8 484.33 110.85
6911316380271-back_camera1-11.jpg 147 1272.58 1140.87 1035.3 1053.59 474.56 174.55
6911316380271-back_camera1-13.jpg 147 1273.88 1142.07 1052.57 1012.94 442.61 258.26
6911316380271-back_camera1-15.jpg 147 1271.64 1141.46 1072.85 980.77 397.58 321.38
6911316380271-back_camera1-12.jpg 147 1271.81 1141.29 1039.96 1032.11 463.69 218.37
6911316380271-back_camera1-14.jpg 147 1274.97 1140.26 1069.05 994.15 411.85 292.23
6911316380271-back_camera1-16.jpg 147 1272.47 1139.8 1092.73 962.55 359.48 354.51
6911316380271-back_camera1-17.jpg 147 1267.29 1139.12 1109.71 954.27 315.16 369.71
6911316380271-back_camera1-19.jpg 147 1268.24 1135.2 1175.13 946.95 186.21 376.51
6911316380271-back_camera1-18.jpg 147 1270.43 1138.17 1146.36 948.87 248.15 378.61
6911316380271-back_camera1-20.jpg 147 1272.96 1126.52 1205.88 939.75 134.16 373.54
6911316380271-back_camera1-1.jpg 147 1259.59 1158.4 1155.72 964.94 207.74 386.93
6911316380271-back_camera1-21.jpg 147 1277.59 1133.76 1186.43 941.11 182.31 385.29
6911316380271-back_camera1-22.jpg 147 1277.43 1133.17 1157.33 941.01 240.2 384.33
6911316380271-back_camera1-23.jpg 147 1273.55 1130.45 1126.75 946.28 293.59 368.35
6911316380271-back_camera1-24.jpg 147 1271.72 1130.76 1098.84 951.51 345.77 358.5
6911316380271-back_camera1-27.jpg 147 1255.9 1123.23 1038.06 989.05 435.68 268.37
6911316380271-back_camera1-25.jpg 147 1266.65 1131.25 1075.83 963.52 381.65 335.46
6911316380271-back_camera1-29.jpg 147 1250.1 1122.4 1028.12 1032.12 443.96 180.57
6911316380271-back_camera1-26.jpg 147 1261.77 1127.22 1054.14 976.46 415.26 301.52
6911316380271-back_camera1-28.jpg 147 1255.27 1126.32 1033.71 1013.5 443.11 225.63
6911316380271-back_camera1-30.jpg 147 1248.65 1124.15 1027.2 1057.18 442.91 133.95
6911316380271-back_camera1-31.jpg 147 1248.22 1127.86 1019.3 1037.53 457.84 180.66
6911316380271-back_camera1-2.jpg 147 1260.87 1158.86 1135.8 962.55 250.14 392.61
6911316380271-back_camera1-32.jpg 147 1243.56 1129.89 1019.31 1017.77 448.5 224.25
6911316380271-back_camera1-33.jpg 147 1242.7 1139.67 1019.1 1002.88 447.2 273.58
6911316380271-back_camera1-34.jpg 147 1239.69 1141.74 1032.41 992.23 414.56 299.03
6911316380271-back_camera1-36.jpg 147 1238.27 1149.62 1062.13 968.79 352.28 361.65
6911316380271-back_camera1-35.jpg 147 1239.05 1146.15 1053.56 972.87 370.98 346.56
6911316380271-back_camera1-38.jpg 147 1238.92 1152.64 1122.96 957.44 231.92 390.4
6911316380271-back_camera1-4.jpg 147 1266.54 1157.8 1096.87 977.81 339.35 359.97
6911316380271-back_camera1-37.jpg 147 1243.27 1151.37 1103.44 960.81 279.65 381.12
6911316380271-back_camera1-39.jpg 147 1246.06 1160.6 1156.46 967.93 179.19 385.34
6911316380271-back_camera1-3.jpg 147 1265.06 1156.76 1111.17 968.68 307.78 376.17
6911316380271-back_camera1-5.jpg 147 1269.22 1156.47 1074.63 985.93 389.18 341.09
6911316380271-back_camera1-40.jpg 147 1257.65 1159.59 1186.29 968.42 142.73 382.34
6911316380271-back_camera1-8.jpg 147 1273.86 1147.51 1049.47 1030.16 448.77 234.69
6911316380271-back_camera1-6.jpg 147 1268.88 1149.74 1057.25 992.23 423.26 315.03
6911316380271-back_camera1-7.jpg 147 1273.85 1151.97 1054.3 1010.91 439.1 282.13
6911316380271-back_camera1-9.jpg 147 1273.7 1147.29 1048.75 1056.22 449.9 182.14
6911316380271-back_camera2-10.jpg 147 1281.85 859.39 1219.25 661.28 125.19 396.23
6911316380271-back_camera2-12.jpg 147 1278.26 856.53 1177.21 652.77 202.1 407.52
6911316380271-back_camera2-11.jpg 147 1282.05 857.32 1211.57 662.18 140.97 390.29
6911316380271-back_camera2-13.jpg 147 1279.09 854.05 1152.36 662.71 253.46 382.67
6911316380271-back_camera2-16.jpg 147 1271.27 857.25 1085.81 698.15 370.92 318.19
6911316380271-back_camera2-14.jpg 147 1275.25 855.4 1125.75 664.75 299.0 381.3
6911316380271-back_camera2-15.jpg 147 1271.8 855.04 1107.67 682.98 328.25 344.11
6911316380271-back_camera2-19.jpg 147 1260.19 857.27 1058.38 768.2 403.61 178.13
6911316380271-back_camera2-17.jpg 147 1265.45 856.5 1074.48 719.9 381.94 273.2
6911316380271-back_camera2-18.jpg 147 1260.87 855.7 1062.91 742.22 395.92 226.95
6911316380271-back_camera2-21.jpg 147 1259.62 858.53 1060.12 782.48 399.01 152.1
6911316380271-back_camera2-22.jpg 147 1257.98 861.26 1063.61 762.04 388.74 198.45
6911316380271-back_camera2-20.jpg 147 1261.91 852.77 1060.17 783.98 403.47 137.58
6911316380271-back_camera2-1.jpg 147 1290.05 877.92 1084.87 779.28 410.37 197.29
6911316380271-back_camera2-23.jpg 147 1257.23 861.85 1063.77 734.19 386.93 255.31
6911316380271-back_camera2-24.jpg 147 1249.55 867.56 1053.38 713.92 392.33 307.29
6911316380271-back_camera2-25.jpg 147 1255.61 871.25 1079.69 702.03 351.83 338.44
6911316380271-back_camera2-29.jpg 147 1260.35 877.93 1174.04 682.2 172.62 391.46
6911316380271-back_camera2-27.jpg 147 1258.25 875.31 1121.03 681.07 274.44 388.47
6911316380271-back_camera2-26.jpg 147 1256.07 871.01 1099.08 690.24 313.98 361.55
6911316380271-back_camera2-28.jpg 147 1258.06 878.84 1143.46 681.42 229.2 394.84
6911316380271-back_camera2-2.jpg 147 1282.64 873.45 1077.46 766.24 410.36 214.41
6911316380271-back_camera2-34.jpg 147 1273.19 886.69 1122.41 703.54 301.56 366.31
6911316380271-back_camera2-30.jpg 147 1261.7 883.01 1200.76 686.63 121.89 392.76
6911316380271-back_camera2-32.jpg 147 1270.33 887.13 1161.16 679.32 218.34 415.63
6911316380271-back_camera2-33.jpg 147 1267.79 882.04 1140.8 688.06 253.98 387.96
6911316380271-back_camera2-31.jpg 147 1262.11 880.13 1180.94 681.07 162.34 398.13
6911316380271-back_camera2-36.jpg 147 1276.3 883.02 1096.32 728.41 359.97 309.22
6911316380271-back_camera2-35.jpg 147 1277.56 884.64 1101.98 717.49 351.15 334.31
6911316380271-back_camera2-39.jpg 147 1281.18 882.36 1079.37 794.85 403.62 175.02
6911316380271-back_camera2-37.jpg 147 1279.54 880.56 1076.98 758.24 405.11 244.64
6911316380271-back_camera2-38.jpg 147 1283.81 880.3 1086.72 779.71 394.18 201.17
6911316380271-back_camera2-40.jpg 147 1288.74 873.99 1084.87 805.59 407.74 136.79
6911316380271-back_camera2-4.jpg 147 1286.55 871.09 1097.78 719.01 377.54 304.16
6911316380271-back_camera2-5.jpg 147 1284.48 867.38 1112.54 700.87 343.88 333.01
6911316380271-back_camera2-3.jpg 147 1288.2 873.1 1091.07 738.91 394.27 268.37
6911316380271-back_camera2-7.jpg 147 1284.06 865.63 1142.42 672.64 283.27 385.98
6911316380271-back_camera2-9.jpg 147 1282.59 859.65 1193.78 663.02 177.61 393.27
6911316380271-back_camera2-6.jpg 147 1285.69 864.77 1132.44 678.79 306.5 371.96
6911316380271-back_camera2-8.jpg 147 1284.28 868.51 1165.77 666.14 237.01 404.74
6911316380271-back_camera3-11.jpg 147 1389.84 1419.4 1141.36 1338.47 496.97 161.87
6911316380271-back_camera3-10.jpg 147 1395.05 1417.83 1155.05 1353.17 480.0 129.32
6911316380271-back_camera3-12.jpg 147 1388.67 1417.92 1148.62 1328.59 480.1 178.67
6911316380271-back_camera3-16.jpg 147 1383.45 1419.77 1221.94 1300.49 323.03 238.55
6911316380271-back_camera3-14.jpg 147 1389.15 1418.61 1183.8 1312.36 410.71 212.49
6911316380271-back_camera3-19.jpg 147 1392.68 1416.12 1319.14 1294.57 147.07 243.09
6911316380271-back_camera3-17.jpg 147 1381.84 1419.96 1253.39 1303.4 256.89 233.11
6911316380271-back_camera3-18.jpg 147 1383.55 1418.11 1286.66 1298.3 193.77 239.61
6911316380271-back_camera3-15.jpg 147 1387.43 1419.78 1201.5 1308.77 371.86 222.01
6911316380271-back_camera3-13.jpg 147 1392.53 1415.64 1168.4 1318.2 448.25 194.89
6911316380271-back_camera3-20.jpg 147 1396.16 1415.89 1295.48 1293.24 201.36 245.31
6911316380271-back_camera3-1.jpg 147 1384.76 1431.67 1226.92 1300.14 315.67 263.06
6911316380271-back_camera3-21.jpg 147 1394.46 1415.68 1266.81 1297.54 255.31 236.28
6911316380271-back_camera3-22.jpg 147 1392.36 1414.78 1235.37 1295.85 313.98 237.86
6911316380271-back_camera3-23.jpg 147 1392.91 1411.05 1204.83 1297.21 376.17 227.68
6911316380271-back_camera3-26.jpg 147 1375.54 1406.68 1140.11 1310.66 470.87 192.03
6911316380271-back_camera3-24.jpg 147 1387.12 1412.5 1181.4 1302.96 411.44 219.08
6911316380271-back_camera3-27.jpg 147 1369.13 1409.52 1129.69 1325.05 478.88 168.95
6911316380271-back_camera3-25.jpg 147 1384.76 1410.62 1163.79 1308.03 441.94 205.19
6911316380271-back_camera3-28.jpg 147 1365.2 1408.79 1127.04 1337.42 476.32 142.74
6911316380271-back_camera3-32.jpg 147 1355.99 1417.55 1122.88 1329.54 466.21 176.02
6911316380271-back_camera3-2.jpg 147 1386.78 1432.62 1223.0 1307.83 327.56 249.57
6911316380271-back_camera3-33.jpg 147 1349.25 1417.2 1121.7 1313.29 455.09 207.82
6911316380271-back_camera3-31.jpg 147 1361.62 1413.16 1120.4 1330.74 482.44 164.85
6911316380271-back_camera3-29.jpg 147 1365.37 1407.29 1129.54 1350.2 471.65 114.18
6911316380271-back_camera3-30.jpg 147 1362.52 1411.56 1120.3 1343.85 484.44 135.43
6911316380271-back_camera3-36.jpg 147 1347.01 1423.9 1180.52 1302.14 332.97 243.52
6911316380271-back_camera3-34.jpg 147 1352.68 1422.18 1147.56 1314.55 410.24 215.26
6911316380271-back_camera3-37.jpg 147 1354.5 1429.04 1240.07 1300.14 228.86 257.8
6911316380271-back_camera3-35.jpg 147 1349.49 1425.74 1176.19 1310.88 346.6 229.71
6911316380271-back_camera3-39.jpg 147 1373.53 1430.09 1299.62 1306.3 147.83 247.58
6911316380271-back_camera3-40.jpg 147 1376.87 1431.67 1263.75 1300.14 226.23 263.06
6911316380271-back_camera3-3.jpg 147 1389.57 1432.0 1202.45 1315.44 374.24 233.11
6911316380271-back_camera3-4.jpg 147 1388.7 1427.72 1179.57 1310.66 418.26 234.12
6911316380271-back_camera3-5.jpg 147 1388.62 1428.0 1161.08 1324.25 455.08 207.5
6911316380271-back_camera3-38.jpg 147 1357.62 1431.45 1272.78 1306.17 169.68 250.55
6911316380271-back_camera3-6.jpg 147 1392.64 1422.45 1155.89 1323.81 473.5 197.29
6911316380271-back_camera3-7.jpg 147 1391.33 1422.47 1148.0 1336.97 486.66 170.99
6911316380271_camera0-10.jpg 147 1387.9 1272.38 1138.94 1215.29 497.93 114.18
6911316380271-back_camera3-9.jpg 147 1385.11 1416.45 1139.11 1353.5 492.0 125.9
6911316380271_camera0-15.jpg 147 1414.89 1272.71 1188.92 1210.87 451.94 123.69
6911316380271-back_camera3-8.jpg 147 1393.14 1418.97 1149.5 1344.16 487.29 149.61
6911316380271_camera0-12.jpg 147 1394.5 1268.61 1136.49 1208.69 516.02 119.83
6911316380271_camera0-11.jpg 147 1397.32 1271.42 1152.66 1220.45 489.32 101.94
6911316380271_camera0-13.jpg 147 1404.03 1271.2 1153.72 1211.81 500.62 118.79
6911316380271_camera0-14.jpg 147 1409.74 1271.2 1155.89 1208.07 507.7 126.27
6911316380271_camera0-16.jpg 147 1416.1 1272.73 1211.67 1207.06 408.86 131.35
6911316380271_camera0-18.jpg 147 1426.42 1273.48 1268.35 1200.01 316.15 146.94
6911316380271_camera0-17.jpg 147 1417.63 1276.46 1237.44 1197.55 360.39 157.83
6911316380271_camera0-19.jpg 147 1428.16 1271.21 1303.21 1200.18 249.91 142.05
6911316380271_camera0-1.jpg 147 1366.38 1267.46 1294.25 1193.1 144.27 148.72
6911316380271_camera0-20.jpg 147 1435.62 1274.19 1349.99 1202.54 171.26 143.3
6911316380271_camera0-21.jpg 147 1450.52 1267.25 1366.34 1189.65 168.36 155.2
6911316380271_camera0-23.jpg 147 1459.24 1268.63 1312.44 1199.31 293.59 138.64
6911316380271_camera0-22.jpg 147 1458.41 1263.31 1340.04 1184.39 236.75 157.83
6911316380271_camera0-24.jpg 147 1458.57 1268.15 1278.14 1196.42 360.85 143.47
6911316380271_camera0-27.jpg 147 1442.62 1259.36 1203.24 1192.28 478.77 134.16
6911316380271_camera0-26.jpg 147 1452.77 1265.14 1235.97 1201.94 433.59 126.41
6911316380271_camera0-28.jpg 147 1436.05 1265.94 1192.72 1202.81 486.66 126.27
6911316380271_camera0-25.jpg 147 1455.22 1267.42 1257.45 1204.89 395.53 125.05
6911316380271_camera0-29.jpg 147 1434.12 1261.84 1186.74 1202.89 494.76 117.89
6911316380271_camera0-2.jpg 147 1372.83 1272.62 1267.37 1194.43 210.92 156.37
6911316380271_camera0-30.jpg 147 1422.08 1262.4 1181.49 1213.47 481.17 97.86
6911316380271_camera0-34.jpg 147 1393.96 1263.32 1169.05 1202.81 449.83 121.01
6911316380271_camera0-31.jpg 147 1415.16 1261.81 1170.31 1209.68 489.71 104.25
6911316380271_camera0-33.jpg 147 1400.53 1262.79 1164.02 1212.5 473.01 100.58
6911316380271_camera0-35.jpg 147 1379.49 1258.05 1155.89 1189.65 447.2 136.79
6911316380271_camera0-36.jpg 147 1371.29 1267.32 1167.13 1200.83 408.32 132.99
6911316380271_camera0-32.jpg 147 1413.69 1259.37 1179.57 1197.55 468.24 123.64
6911316380271_camera0-4.jpg 147 1376.28 1271.94 1207.51 1198.54 337.53 146.8
6911316380271_camera0-37.jpg 147 1370.29 1264.62 1197.98 1192.28 344.61 144.68
6911316380271_camera0-39.jpg 147 1362.39 1261.99 1234.81 1181.76 255.17 160.47
6911316380271_camera0-5.jpg 147 1378.95 1272.36 1177.79 1200.32 402.33 144.08
6911316380271_camera0-38.jpg 147 1362.11 1267.64 1210.55 1199.68 303.11 135.92
6911316380271_camera0-3.jpg 147 1374.22 1271.74 1235.07 1192.22 278.3 159.03
6911316380271_camera0-40.jpg 147 1357.78 1267.4 1268.07 1195.36 179.42 144.08
6911316380271_camera0-9.jpg 147 1383.44 1269.89 1129.59 1202.81 507.7 134.16
6911316380271_camera1-10.jpg 147 1248.44 1159.67 1018.18 1090.1 460.53 139.15
6911316380271_camera1-11.jpg 147 1255.39 1166.42 1027.85 1073.36 455.08 186.13
6911316380271_camera0-7.jpg 147 1381.04 1272.41 1152.11 1204.26 457.87 136.31
6911316380271_camera0-8.jpg 147 1376.87 1269.89 1124.33 1197.55 505.07 144.68
6911316380271_camera0-6.jpg 147 1377.74 1272.23 1163.66 1201.55 428.16 141.36
6911316380271_camera1-12.jpg 147 1262.85 1166.54 1036.2 1051.65 453.3 229.77
6911316380271_camera1-13.jpg 147 1264.31 1165.17 1045.47 1031.29 437.67 267.77
6911316380271_camera1-14.jpg 147 1268.2 1165.12 1059.37 1009.27 417.67 311.7
6911316380271_camera1-16.jpg 147 1277.39 1163.79 1113.27 984.6 328.25 358.38
6911316380271_camera1-17.jpg 147 1285.27 1158.35 1139.2 965.01 292.13 386.68
6911316380271_camera1-18.jpg 147 1284.8 1151.51 1161.16 952.9 247.27 397.22
6911316380271_camera1-19.jpg 147 1290.13 1153.49 1207.9 963.2 164.47 380.58
6911316380271_camera1-15.jpg 147 1274.33 1165.67 1085.59 997.91 377.48 335.53
6911316380271_camera1-21.jpg 147 1303.2 1139.67 1187.46 947.64 231.49 384.06
6911316380271_camera1-1.jpg 147 1228.23 1122.58 1129.59 939.75 197.29 365.65
6911316380271_camera1-20.jpg 147 1295.32 1147.57 1213.77 950.27 163.1 394.59
6911316380271_camera1-22.jpg 147 1306.44 1139.5 1178.0 953.96 256.89 371.07
6911316380271_camera1-25.jpg 147 1297.94 1122.57 1098.02 960.79 399.85 323.56
6911316380271_camera1-23.jpg 147 1305.84 1133.1 1142.74 950.27 326.19 365.65
6911316380271_camera1-26.jpg 147 1296.62 1120.34 1087.98 975.58 417.28 289.52
6911316380271_camera1-24.jpg 147 1303.21 1133.1 1126.96 960.79 352.5 344.61
6911316380271_camera1-27.jpg 147 1289.65 1115.5 1068.28 991.45 442.74 248.09
6911316380271_camera1-28.jpg 147 1282.3 1112.11 1062.11 1009.49 440.39 205.24
6911316380271_camera1-29.jpg 147 1288.74 1105.48 1045.41 1016.04 486.66 178.88
6911316380271_camera1-2.jpg 147 1227.49 1143.64 1102.68 953.19 249.61 380.91
6911316380271_camera1-31.jpg 147 1263.75 1104.15 1037.52 1010.77 452.46 186.77
6911316380271_camera1-30.jpg 147 1268.3 1107.0 1049.46 1041.08 437.67 131.84
6911316380271_camera1-33.jpg 147 1247.79 1106.88 1029.6 974.93 436.38 263.9
6911316380271_camera1-32.jpg 147 1256.12 1108.8 1037.97 998.7 436.31 220.19
6911316380271_camera1-35.jpg 147 1235.82 1115.95 1048.36 948.08 374.93 335.74
6911316380271_camera1-34.jpg 147 1240.08 1110.73 1029.63 955.53 420.89 310.41
6911316380271_camera1-36.jpg 147 1226.26 1118.21 1062.92 941.4 326.67 353.63
6911316380271_camera1-37.jpg 147 1225.61 1119.94 1087.5 937.12 276.21 365.65
6911316380271_camera1-3.jpg 147 1231.2 1150.74 1077.26 961.65 307.89 378.19
6911316380271_camera1-38.jpg 147 1216.39 1129.15 1092.76 937.12 247.27 384.06
6911316380271_camera1-39.jpg 147 1220.26 1131.13 1135.31 944.24 169.9 373.79
6911316380271_camera1-5.jpg 147 1234.78 1155.81 1032.12 994.74 405.33 322.13
6911316380271_camera1-6.jpg 147 1234.81 1156.77 1021.73 997.62 426.15 318.3
6911316380271_camera1-40.jpg 147 1226.87 1135.16 1162.98 950.31 127.77 369.71
6911316380271_camera1-7.jpg 147 1234.81 1151.51 1008.58 1016.04 452.46 270.95
6911316380271_camera1-4.jpg 147 1230.87 1148.88 1050.67 968.68 360.39 360.39
6911316380271_camera1-8.jpg 147 1239.53 1160.01 1013.56 1048.21 451.94 223.59
6911316380271_camera2-12.jpg 147 1310.34 872.03 1198.16 671.11 224.35 401.84
6911316380271_camera2-10.jpg 147 1305.68 879.82 1251.31 682.73 108.74 394.18
6911316380271_camera2-13.jpg 147 1309.36 862.96 1180.23 669.95 258.25 386.02
6911316380271_camera2-14.jpg 147 1306.94 862.23 1153.74 679.9 306.41 364.66
6911316380271_camera2-11.jpg 147 1308.47 871.36 1224.29 658.28 168.36 426.15
6911316380271_camera2-15.jpg 147 1304.31 853.6 1130.65 681.46 347.32 344.27
6911316380271_camera1-9.jpg 147 1244.02 1160.72 1013.84 1068.65 460.35 184.14
6911316380271_camera2-18.jpg 147 1292.84 847.08 1093.03 740.48 399.61 213.2
6911316380271_camera2-17.jpg 147 1305.84 847.68 1095.39 713.52 420.89 268.32
6911316380271_camera2-1.jpg 147 1265.8 906.55 1065.31 826.07 400.99 160.96
6911316380271_camera2-16.jpg 147 1304.53 855.58 1121.7 703.0 365.65 305.15
6911316380271_camera2-23.jpg 147 1266.38 835.84 1066.45 697.73 399.85 276.21
6911316380271_camera2-21.jpg 147 1277.0 833.88 1078.56 753.68 396.89 160.39
6911316380271_camera2-19.jpg 147 1279.53 835.85 1063.82 745.09 431.42 181.51
6911316380271_camera2-22.jpg 147 1275.35 831.94 1079.39 726.6 391.92 210.68
6911316380271_camera2-20.jpg 147 1281.07 838.46 1084.66 786.13 392.82 104.66
6911316380271_camera2-25.jpg 147 1251.91 835.85 1071.72 660.91 360.39 349.87
6911316380271_camera2-26.jpg 147 1249.72 842.42 1098.85 658.93 301.75 366.99
6911316380271_camera2-27.jpg 147 1245.33 846.36 1103.28 642.49 284.1 407.74
6911316380271_camera2-24.jpg 147 1259.71 834.1 1076.7 680.92 366.02 306.35
6911316380271_camera2-29.jpg 147 1237.44 854.25 1153.26 645.12 168.36 418.26
6911316380271_camera2-28.jpg 147 1244.02 850.31 1134.85 650.38 218.34 399.85
6911316380271_camera2-30.jpg 147 1240.79 860.68 1186.62 666.12 108.35 389.13
6911316380271_camera2-2.jpg 147 1271.63 902.92 1066.45 789.81 410.37 226.23
6911316380271_camera2-32.jpg 147 1237.59 872.14 1130.21 675.05 214.76 394.18
6911316380271_camera2-31.jpg 147 1237.44 868.72 1148.0 658.28 178.88 420.89
6911316380271_camera2-33.jpg 147 1238.93 879.09 1106.98 685.32 263.9 387.54
6911316380271_camera2-36.jpg 147 1244.02 896.34 1048.04 737.19 391.96 318.3
6911316380271_camera2-37.jpg 147 1250.89 896.61 1053.42 773.11 394.95 246.99
6911316380271_camera2-34.jpg 147 1245.33 887.14 1084.87 703.0 320.93 368.28
6911316380271_camera2-35.jpg 147 1244.45 888.03 1069.45 715.75 350.01 344.56
6911316380271_camera2-38.jpg 147 1253.23 902.93 1045.41 792.44 415.63 220.97
6911316380271_camera2-3.jpg 147 1277.7 903.4 1084.0 768.48 387.4 269.84
6911316380271_camera2-40.jpg 147 1264.15 902.99 1068.42 850.66 391.46 104.66
6911316380271_camera2-39.jpg 147 1257.17 904.24 1050.67 813.48 413.0 181.51
6911316380271_camera2-4.jpg 147 1292.68 904.24 1103.28 750.35 378.8 307.78
6911316380271_camera2-6.jpg 147 1288.56 897.28 1134.29 711.75 308.54 371.07
6911316380271_camera2-5.jpg 147 1291.38 901.61 1113.81 721.41 355.13 360.39
6911316380271_camera3-10.jpg 147 1374.19 1428.74 1131.57 1358.74 485.24 140.0
6911316380271_camera2-9.jpg 147 1303.38 885.91 1222.51 687.69 161.75 396.44
6911316380271_camera2-7.jpg 147 1297.79 893.55 1164.59 699.3 266.41 388.51
6911316380271_camera3-14.jpg 147 1387.95 1434.72 1187.46 1326.66 400.97 216.12
6911316380271_camera3-12.jpg 147 1380.32 1432.94 1148.57 1342.55 463.5 180.78
6911316380271_camera2-8.jpg 147 1301.48 892.53 1192.74 694.08 217.48 396.89
6911316380271_camera3-11.jpg 147 1378.8 1433.69 1139.96 1351.56 477.67 164.27
6911316380271_camera3-15.jpg 147 1393.2 1431.73 1213.78 1315.81 358.84 231.85
6911316380271_camera3-16.jpg 147 1396.28 1431.16 1247.22 1313.02 298.12 236.28
6911316380271_camera3-18.jpg 147 1406.22 1427.6 1316.88 1304.84 178.67 245.52
6911316380271_camera3-17.jpg 147 1403.26 1426.86 1282.29 1306.57 241.94 240.58
6911316380271_camera3-13.jpg 147 1384.49 1432.32 1160.33 1328.92 448.33 206.79
6911316380271_camera3-1.jpg 147 1344.84 1424.19 1208.14 1298.62 273.4 251.14
6911316380271_camera3-19.jpg 147 1423.88 1424.34 1347.77 1306.2 152.23 236.28
6911316380271_camera3-20.jpg 147 1427.4 1422.44 1314.37 1302.11 226.07 240.66
6911316380271_camera3-21.jpg 147 1428.84 1418.28 1288.16 1304.11 281.36 228.35
6911316380271_camera3-27.jpg 147 1408.03 1403.05 1162.68 1324.91 490.69 156.27
6911316380271_camera3-22.jpg 147 1428.44 1418.12 1258.54 1306.67 339.81 222.91
6911316380271_camera3-24.jpg 147 1421.8 1413.53 1207.68 1310.01 428.24 207.03
6911316380271_camera3-30.jpg 147 1380.74 1400.59 1145.25 1333.19 470.97 134.79
6911316380271_camera3-26.jpg 147 1411.1 1405.75 1173.32 1321.4 475.56 168.7
6911316380271_camera3-23.jpg 147 1427.79 1415.12 1232.11 1305.13 391.37 219.99
6911316380271_camera3-32.jpg 147 1360.54 1404.74 1136.27 1317.07 448.54 175.34
6911316380271_camera3-29.jpg 147 1387.82 1399.55 1149.89 1343.44 475.86 112.21
6911316380271_camera3-28.jpg 147 1397.87 1402.13 1154.33 1337.26 487.08 129.75
6911316380271_camera3-31.jpg 147 1369.85 1403.45 1134.0 1323.97 471.7 158.97
6911316380271_camera3-2.jpg 147 1345.87 1426.4 1180.57 1302.43 330.6 247.95
6911316380271_camera3-25.jpg 147 1415.41 1409.49 1191.82 1317.07 447.19 184.85
6911316380271_camera3-33.jpg 147 1352.36 1409.71 1135.95 1309.08 432.81 201.27
6911316380271_camera3-35.jpg 147 1339.42 1410.11 1164.76 1298.65 349.32 222.91
6911316380271_camera3-36.jpg 147 1332.45 1413.14 1181.5 1294.7 301.9 236.89
6911316380271_camera3-34.jpg 147 1338.72 1411.94 1132.22 1302.77 413.0 218.34
6911316380271_camera3-37.jpg 147 1329.39 1417.3 1217.94 1299.04 222.91 236.51
6911316380271_camera3-38.jpg 147 1330.62 1415.15 1240.33 1295.74 180.58 238.82
6911316380271_camera3-39.jpg 147 1340.03 1421.15 1261.12 1289.62 157.83 263.06
6911316380271_camera3-6.jpg 147 1354.19 1429.54 1116.33 1335.08 475.73 188.93
6911316380271_camera3-4.jpg 147 1349.92 1428.35 1134.38 1314.91 431.07 226.88
6911316380271_camera3-5.jpg 147 1352.79 1429.33 1119.89 1326.58 465.8 205.5
6911316380271_camera3-40.jpg 147 1341.21 1419.76 1235.19 1290.55 212.04 258.43
6911316380271_camera3-7.jpg 147 1356.31 1429.4 1114.14 1346.52 484.33 165.77
6911316380271_camera3-8.jpg 147 1357.85 1428.46 1113.47 1355.18 488.76 146.56
6911316380271_camera3-3.jpg 147 1347.68 1427.47 1154.67 1308.71 386.03 237.51
6911316380271_camera3-9.jpg 147 1366.91 1427.35 1123.41 1366.66 487.01 121.37
