6901424286213-back_camera0-10.jpg 148 1361.09 1263.31 1205.88 1184.39 310.41 157.83
6901424286213-back_camera0-15.jpg 148 1409.75 1267.25 1171.68 1187.02 476.14 160.47
6901424286213-back_camera0-13.jpg 148 1396.7 1267.35 1202.13 1191.04 389.13 152.62
6901424286213-back_camera0-12.jpg 148 1393.96 1263.31 1226.92 1173.87 334.08 178.88
6901424286213-back_camera0-17.jpg 148 1415.58 1267.93 1171.41 1182.74 488.33 170.39
6901424286213-back_camera0-18.jpg 148 1418.95 1269.88 1174.31 1187.02 489.29 165.73
6901424286213-back_camera0-14.jpg 148 1403.22 1271.1 1191.77 1191.29 422.91 159.61
6901424286213-back_camera0-11.jpg 148 1390.01 1265.93 1234.81 1187.02 310.41 157.83
6901424286213-back_camera0-16.jpg 148 1412.9 1273.35 1173.45 1198.02 478.9 150.65
6901424286213-back_camera0-20.jpg 148 1426.06 1266.31 1203.87 1193.73 444.39 145.16
6901424286213-back_camera0-23.jpg 148 1451.08 1263.79 1220.01 1192.43 462.14 142.72
6901424286213-back_camera0-19.jpg 148 1413.69 1267.25 1176.94 1187.02 473.5 160.47
6901424286213-back_camera0-22.jpg 148 1448.46 1263.64 1221.81 1197.74 453.3 131.8
6901424286213-back_camera0-25.jpg 148 1449.47 1264.6 1214.3 1192.7 470.35 143.8
6901424286213-back_camera0-21.jpg 148 1440.0 1265.94 1219.03 1194.91 441.94 142.05
6901424286213-back_camera0-24.jpg 148 1451.45 1268.32 1211.97 1199.22 478.97 138.19
6901424286213-back_camera0-27.jpg 148 1441.32 1267.26 1224.29 1184.39 434.05 165.73
6901424286213-back_camera0-26.jpg 148 1447.39 1267.88 1218.46 1195.64 457.87 144.47
6901424286213-back_camera0-30.jpg 148 1429.48 1259.37 1266.38 1179.13 326.19 160.47
6901424286213-back_camera0-28.jpg 148 1437.9 1261.32 1233.74 1183.91 408.32 154.81
6901424286213-back_camera0-2.jpg 148 1380.83 1255.7 1170.83 1188.42 420.0 134.56
6901424286213-back_camera0-32.jpg 148 1442.63 1248.84 1269.01 1168.61 347.24 160.47
6901424286213-back_camera0-29.jpg 148 1434.95 1261.8 1252.38 1187.44 365.13 148.72
6901424286213-back_camera0-31.jpg 148 1446.57 1248.84 1305.84 1163.35 281.47 170.99
6901424286213-back_camera0-33.jpg 148 1438.25 1259.59 1252.01 1188.19 372.48 142.8
6901424286213-back_camera0-36.jpg 148 1408.51 1259.65 1176.08 1182.62 464.87 154.07
6901424286213-back_camera0-34.jpg 148 1429.04 1262.54 1224.47 1190.5 409.13 144.08
6901424286213-back_camera0-39.jpg 148 1387.39 1255.42 1161.16 1179.13 452.46 152.57
6901424286213-back_camera0-37.jpg 148 1403.5 1259.45 1171.51 1184.64 463.98 149.61
6901424286213-back_camera0-38.jpg 148 1390.35 1258.95 1161.32 1185.55 458.06 146.8
6901424286213-back_camera0-3.jpg 148 1372.91 1259.36 1145.37 1184.39 455.09 149.94
6901424286213-back_camera0-35.jpg 148 1422.94 1262.75 1203.33 1191.68 439.22 142.14
6901424286213-back_camera0-4.jpg 148 1367.62 1258.91 1132.07 1186.33 471.11 145.16
6901424286213-back_camera0-40.jpg 148 1375.25 1254.15 1160.3 1183.67 429.9 140.97
6901424286213-back_camera1-11.jpg 148 1247.64 1161.56 1087.34 978.55 320.6 366.02
6901424286213-back_camera0-8.jpg 148 1354.5 1265.94 1142.74 1181.76 423.52 168.36
6901424286213-back_camera0-5.jpg 148 1362.64 1262.24 1130.21 1188.84 464.86 146.8
6901424286213-back_camera0-6.jpg 148 1358.45 1264.62 1124.33 1184.39 468.24 160.47
6901424286213-back_camera1-12.jpg 148 1248.57 1163.51 1075.36 974.26 346.43 378.49
6901424286213-back_camera0-9.jpg 148 1356.3 1266.43 1168.72 1191.68 375.15 149.51
6901424286213-back_camera1-10.jpg 148 1244.02 1154.14 1111.17 979.21 265.69 349.87
6901424286213-back_camera1-14.jpg 148 1258.91 1168.55 1052.31 975.54 413.2 386.02
6901424286213-back_camera0-7.jpg 148 1356.22 1261.99 1132.69 1180.06 447.06 163.86
6901424286213-back_camera1-13.jpg 148 1253.22 1163.35 1048.04 973.95 410.37 378.8
6901424286213-back_camera1-17.jpg 148 1270.52 1167.6 1052.47 993.96 436.09 347.28
6901424286213-back_camera1-15.jpg 148 1266.73 1167.83 1046.51 979.28 440.45 377.09
6901424286213-back_camera1-18.jpg 148 1276.9 1163.35 1061.19 1002.88 431.42 320.93
6901424286213-back_camera1-19.jpg 148 1280.54 1159.18 1081.41 1015.78 398.25 286.8
6901424286213-back_camera1-16.jpg 148 1269.8 1168.05 1047.67 987.14 444.26 361.82
6901424286213-back_camera1-1.jpg 148 1235.75 1113.7 1042.06 978.46 387.38 270.49
6901424286213-back_camera1-20.jpg 148 1286.69 1155.94 1093.0 1030.89 387.38 250.1
6901424286213-back_camera1-25.jpg 148 1298.39 1138.5 1085.04 953.01 426.71 370.98
6901424286213-back_camera1-23.jpg 148 1302.43 1147.84 1085.18 976.57 434.5 342.53
6901424286213-back_camera1-22.jpg 148 1301.86 1147.43 1088.12 988.91 427.47 317.04
6901424286213-back_camera1-21.jpg 148 1299.26 1147.56 1092.76 1002.88 413.0 289.36
6901424286213-back_camera1-27.jpg 148 1293.99 1128.5 1105.73 942.96 376.51 371.07
6901424286213-back_camera1-26.jpg 148 1301.89 1133.1 1098.02 945.01 407.74 376.17
6901424286213-back_camera1-29.jpg 148 1289.04 1121.96 1138.38 947.41 301.31 349.1
6901424286213-back_camera1-24.jpg 148 1300.53 1146.55 1084.41 963.73 432.23 365.63
6901424286213-back_camera1-2.jpg 148 1229.09 1117.93 1023.87 969.14 410.43 297.59
6901424286213-back_camera1-28.jpg 148 1289.78 1125.1 1119.57 941.15 340.42 367.9
6901424286213-back_camera1-33.jpg 148 1283.48 1112.06 1095.39 929.23 376.17 365.65
6901424286213-back_camera1-30.jpg 148 1291.53 1115.54 1164.8 950.88 253.46 329.31
6901424286213-back_camera1-31.jpg 148 1294.0 1106.79 1137.48 923.96 313.04 365.65
6901424286213-back_camera1-32.jpg 148 1286.61 1110.02 1120.11 929.24 333.01 361.55
6901424286213-back_camera1-36.jpg 148 1255.86 1108.11 1042.78 926.6 426.15 363.02
6901424286213-back_camera1-35.jpg 148 1265.58 1106.89 1055.58 923.4 420.0 366.99
6901424286213-back_camera1-37.jpg 148 1254.55 1102.85 1037.52 934.49 434.05 336.71
6901424286213-back_camera1-34.jpg 148 1274.24 1108.98 1075.02 922.24 398.45 373.48
6901424286213-back_camera1-38.jpg 148 1240.08 1117.31 1027.0 960.79 426.15 313.04
6901424286213-back_camera1-3.jpg 148 1224.92 1121.61 1012.88 954.42 424.08 334.37
6901424286213-back_camera1-6.jpg 148 1217.43 1138.53 1012.08 946.65 410.71 383.75
6901424286213-back_camera1-7.jpg 148 1215.68 1144.55 1026.07 955.62 379.22 377.86
6901424286213-back_camera1-40.jpg 148 1233.5 1106.79 1040.15 984.47 386.7 244.64
6901424286213-back_camera1-5.jpg 148 1219.68 1135.78 1005.98 950.53 427.41 370.49
6901424286213-back_camera1-4.jpg 148 1222.98 1125.2 1003.32 950.27 439.31 349.87
6901424286213-back_camera1-39.jpg 148 1229.56 1104.15 1032.26 966.05 394.59 276.21
6901424286213-back_camera1-9.jpg 148 1221.75 1154.09 1072.38 974.34 298.73 359.5
6901424286213-back_camera1-8.jpg 148 1222.97 1142.3 1048.04 955.53 349.87 373.54
6901424286213-back_camera2-13.jpg 148 1304.52 880.56 1105.91 710.89 397.22 339.34
6901424286213-back_camera2-10.jpg 148 1298.5 890.21 1131.0 775.19 335.0 230.03
6901424286213-back_camera2-15.jpg 148 1309.88 866.53 1123.14 677.79 373.48 377.48
6901424286213-back_camera2-12.jpg 148 1304.12 884.8 1118.82 735.18 370.6 299.25
6901424286213-back_camera2-11.jpg 148 1302.47 887.97 1127.13 749.91 350.68 276.12
6901424286213-back_camera2-14.jpg 148 1310.99 875.67 1115.61 696.83 390.76 357.67
6901424286213-back_camera2-17.jpg 148 1304.52 856.88 1133.84 665.81 341.36 382.14
6901424286213-back_camera2-16.jpg 148 1308.55 863.29 1130.3 671.64 356.51 383.3
6901424286213-back_camera2-18.jpg 148 1307.37 854.89 1148.21 665.58 318.31 378.62
6901424286213-back_camera2-1.jpg 148 1251.82 894.19 1128.33 722.34 246.99 343.69
6901424286213-back_camera2-20.jpg 148 1300.89 844.94 1182.68 677.21 236.42 335.46
6901424286213-back_camera2-22.jpg 148 1292.25 836.6 1146.62 654.27 291.26 364.66
6901424286213-back_camera2-19.jpg 148 1302.01 848.58 1161.75 671.81 280.53 353.55
6901424286213-back_camera2-21.jpg 148 1296.35 840.72 1170.62 666.74 251.46 347.96
6901424286213-back_camera2-23.jpg 148 1283.71 837.21 1118.29 642.28 330.85 389.86
6901424286213-back_camera2-24.jpg 148 1280.13 834.9 1103.04 642.09 354.18 385.63
6901424286213-back_camera2-25.jpg 148 1272.99 833.19 1083.42 641.39 379.13 383.6
6901424286213-back_camera2-27.jpg 148 1262.44 833.09 1069.21 662.82 386.46 340.53
6901424286213-back_camera2-26.jpg 148 1269.05 830.64 1076.75 645.65 384.6 369.99
6901424286213-back_camera2-28.jpg 148 1257.8 835.82 1070.42 679.97 374.76 311.69
6901424286213-back_camera2-29.jpg 148 1255.66 840.38 1078.12 707.57 355.08 265.63
6901424286213-back_camera2-2.jpg 148 1256.05 899.94 1112.25 715.19 287.6 369.49
6901424286213-back_camera2-31.jpg 148 1246.13 845.99 1072.87 718.16 346.52 255.65
6901424286213-back_camera2-32.jpg 148 1238.71 851.07 1052.5 701.37 372.43 299.4
6901424286213-back_camera2-33.jpg 148 1240.05 856.72 1050.14 691.29 379.81 330.87
6901424286213-back_camera2-30.jpg 148 1247.41 841.6 1079.1 727.48 336.63 228.24
6901424286213-back_camera2-34.jpg 148 1237.86 862.29 1041.61 682.01 392.51 360.56
6901424286213-back_camera2-36.jpg 148 1237.38 873.89 1051.92 681.16 370.92 385.47
6901424286213-back_camera2-37.jpg 148 1240.3 878.6 1069.83 685.13 340.94 386.93
6901424286213-back_camera2-39.jpg 148 1242.88 890.29 1105.96 712.59 273.84 355.39
6901424286213-back_camera2-35.jpg 148 1238.07 865.73 1047.59 682.23 380.97 366.99
6901424286213-back_camera2-3.jpg 148 1259.31 902.45 1091.36 710.15 335.91 384.6
6901424286213-back_camera2-38.jpg 148 1235.44 884.4 1076.48 698.72 317.93 371.36
6901424286213-back_camera2-6.jpg 148 1273.84 904.85 1084.23 719.99 379.22 369.71
6901424286213-back_camera2-5.jpg 148 1265.6 906.81 1073.2 713.7 384.8 386.22
6901424286213-back_camera2-4.jpg 148 1266.76 905.36 1090.74 709.63 352.04 391.46
6901424286213-back_camera2-9.jpg 148 1291.31 896.24 1109.35 763.0 363.93 266.47
6901424286213-back_camera2-40.jpg 148 1246.22 892.67 1133.8 725.49 224.85 334.37
6901424286213-back_camera3-10.jpg 148 1364.33 1427.62 1186.03 1302.26 356.6 250.72
6901424286213-back_camera3-11.jpg 148 1370.65 1432.68 1176.92 1306.36 387.46 252.65
6901424286213-back_camera2-7.jpg 148 1284.07 905.4 1082.79 733.94 402.55 342.91
6901424286213-back_camera3-12.jpg 148 1371.38 1431.83 1166.13 1304.74 410.49 254.18
6901424286213-back_camera2-8.jpg 148 1284.67 902.04 1093.59 745.04 382.16 314.01
6901424286213-back_camera3-13.jpg 148 1377.96 1433.56 1153.69 1304.24 448.54 258.64
6901424286213-back_camera3-15.jpg 148 1385.53 1429.74 1146.4 1308.64 478.26 242.19
6901424286213-back_camera3-14.jpg 148 1383.03 1433.43 1150.6 1305.66 464.86 255.53
6901424286213-back_camera3-16.jpg 148 1389.95 1428.57 1156.57 1313.22 466.76 230.7
6901424286213-back_camera3-17.jpg 148 1391.3 1429.05 1164.31 1318.27 453.98 221.55
6901424286213-back_camera3-18.jpg 148 1396.64 1426.0 1181.88 1320.66 429.52 210.68
6901424286213-back_camera3-19.jpg 148 1407.31 1421.34 1195.39 1328.22 423.84 186.24
6901424286213-back_camera3-1.jpg 148 1345.95 1400.61 1126.72 1291.45 438.46 218.31
6901424286213-back_camera3-20.jpg 148 1420.5 1423.69 1202.07 1323.67 436.87 200.04
6901424286213-back_camera3-22.jpg 148 1423.57 1420.26 1190.46 1306.88 466.21 226.76
6901424286213-back_camera3-23.jpg 148 1418.1 1420.87 1185.72 1300.49 464.75 240.76
6901424286213-back_camera3-24.jpg 148 1417.85 1419.18 1192.9 1294.81 449.9 248.74
6901424286213-back_camera3-21.jpg 148 1422.51 1421.03 1190.45 1311.49 464.11 219.08
6901424286213-back_camera3-25.jpg 148 1414.31 1416.51 1196.64 1290.05 435.34 252.92
6901424286213-back_camera3-28.jpg 148 1403.61 1405.72 1247.82 1286.88 311.57 237.67
6901424286213-back_camera3-27.jpg 148 1404.23 1413.48 1225.84 1294.56 356.78 237.85
6901424286213-back_camera3-26.jpg 148 1409.38 1410.65 1207.3 1287.01 404.17 247.28
6901424286213-back_camera3-29.jpg 148 1415.04 1402.95 1274.47 1292.19 281.14 221.51
6901424286213-back_camera3-2.jpg 148 1339.43 1410.22 1108.14 1294.19 462.58 232.06
6901424286213-back_camera3-32.jpg 148 1401.22 1404.96 1200.03 1283.48 402.38 242.96
6901424286213-back_camera3-30.jpg 148 1414.05 1403.89 1251.46 1289.06 325.18 229.66
6901424286213-back_camera3-31.jpg 148 1408.74 1402.9 1224.49 1282.07 368.49 241.66
6901424286213-back_camera3-33.jpg 148 1394.09 1400.99 1176.06 1277.89 436.06 246.2
6901424286213-back_camera3-34.jpg 148 1383.36 1401.41 1159.09 1279.08 448.54 244.66
6901424286213-back_camera3-35.jpg 148 1373.71 1403.7 1143.18 1285.77 461.06 235.87
6901424286213-back_camera3-38.jpg 148 1345.64 1398.86 1132.57 1299.61 426.14 198.51
6901424286213-back_camera3-3.jpg 148 1334.03 1413.13 1104.63 1294.15 458.79 237.96
6901424286213-back_camera3-37.jpg 148 1355.23 1399.68 1131.57 1293.96 447.32 211.45
6901424286213-back_camera3-39.jpg 148 1343.3 1397.19 1136.39 1307.74 413.81 178.91
6901424286213-back_camera3-36.jpg 148 1364.24 1400.37 1136.56 1289.02 455.37 222.69
6901424286213-back_camera3-5.jpg 148 1328.01 1417.98 1104.24 1291.75 447.54 252.46
6901424286213-back_camera3-40.jpg 148 1348.74 1402.68 1139.03 1307.14 419.42 191.07
6901424286213-back_camera3-4.jpg 148 1329.42 1412.29 1100.51 1285.32 457.82 253.95
6901424286213-back_camera3-9.jpg 148 1347.2 1423.17 1201.6 1305.17 291.21 236.0
6901424286213-back_camera3-7.jpg 148 1328.12 1422.81 1141.95 1295.27 372.34 255.07
6901424286213_camera0-11.jpg 148 1405.82 1261.35 1259.83 1185.56 291.97 151.58
6901424286213-back_camera3-6.jpg 148 1327.99 1419.78 1119.15 1291.54 417.67 256.48
6901424286213-back_camera3-8.jpg 148 1331.37 1423.53 1167.1 1300.2 328.54 246.66
6901424286213_camera0-10.jpg 148 1392.51 1262.87 1228.51 1184.59 328.0 156.55
6901424286213_camera0-12.jpg 148 1428.21 1261.07 1267.43 1186.67 321.55 148.79
6901424286213_camera0-14.jpg 148 1440.16 1263.02 1233.09 1187.91 414.15 150.22
6901424286213_camera0-13.jpg 148 1436.39 1262.07 1251.14 1188.17 370.49 147.8
6901424286213_camera0-15.jpg 148 1443.69 1264.18 1223.58 1187.51 440.23 153.35
6901424286213_camera0-18.jpg 148 1444.88 1261.7 1211.77 1188.3 466.21 146.8
6901424286213_camera0-16.jpg 148 1441.27 1265.75 1210.63 1192.12 461.27 147.27
6901424286213_camera0-19.jpg 148 1441.81 1252.94 1212.19 1178.13 459.23 149.61
6901424286213_camera0-20.jpg 148 1442.81 1256.69 1231.11 1186.29 423.41 140.8
6901424286213_camera0-22.jpg 148 1451.43 1252.83 1232.05 1182.54 438.76 140.57
6901424286213_camera0-1.jpg 148 1368.56 1253.72 1160.85 1183.32 415.42 140.8
6901424286213_camera0-17.jpg 148 1443.81 1259.25 1209.0 1179.77 469.62 158.97
6901424286213_camera0-21.jpg 148 1448.41 1255.23 1241.86 1185.86 413.11 138.75
6901424286213_camera0-23.jpg 148 1449.18 1252.36 1222.19 1187.86 453.97 129.01
6901424286213_camera0-25.jpg 148 1434.69 1253.14 1204.51 1185.24 460.36 135.81
6901424286213_camera0-24.jpg 148 1442.99 1252.05 1209.21 1180.88 467.55 142.34
6901424286213_camera0-26.jpg 148 1426.06 1252.57 1196.74 1183.7 458.63 137.73
6901424286213_camera0-28.jpg 148 1408.74 1251.05 1208.25 1176.3 400.97 149.51
6901424286213_camera0-2.jpg 148 1372.5 1259.06 1149.78 1190.9 445.45 136.31
6901424286213_camera0-30.jpg 148 1395.2 1249.62 1236.76 1177.97 316.89 143.3
6901424286213_camera0-27.jpg 148 1416.5 1250.59 1202.13 1176.02 428.74 149.13
6901424286213_camera0-31.jpg 148 1393.39 1246.88 1254.95 1173.76 276.88 146.25
6901424286213_camera0-29.jpg 148 1401.89 1250.58 1221.8 1173.78 360.19 153.59
6901424286213_camera0-32.jpg 148 1401.77 1249.44 1247.98 1178.37 307.57 142.14
6901424286213_camera0-36.jpg 148 1375.43 1254.54 1152.52 1182.5 445.83 144.08
6901424286213_camera0-33.jpg 148 1392.82 1247.89 1210.47 1169.97 364.69 155.85
6901424286213_camera0-39.jpg 148 1358.32 1252.12 1136.96 1181.63 442.72 140.97
6901424286213_camera0-35.jpg 148 1382.47 1249.53 1167.85 1173.38 429.25 152.29
6901424286213_camera0-34.jpg 148 1390.3 1254.01 1192.54 1179.93 395.53 148.16
6901424286213_camera0-37.jpg 148 1367.98 1258.66 1137.3 1186.26 461.36 144.8
6901424286213_camera0-4.jpg 148 1370.12 1261.68 1136.34 1192.36 467.57 138.64
6901424286213_camera0-38.jpg 148 1362.51 1253.1 1135.52 1179.02 453.98 148.16
6901424286213_camera0-3.jpg 148 1371.68 1256.98 1145.08 1187.66 453.21 138.64
6901424286213_camera0-40.jpg 148 1354.8 1254.41 1139.26 1185.09 431.07 138.64
6901424286213_camera0-5.jpg 148 1372.71 1260.35 1137.37 1186.95 470.68 146.8
6901424286213_camera0-7.jpg 148 1375.55 1263.92 1149.78 1187.25 451.54 153.35
6901424286213_camera0-6.jpg 148 1375.7 1260.95 1140.56 1187.55 470.29 146.8
6901424286213_camera0-8.jpg 148 1382.12 1260.68 1169.05 1179.13 426.15 163.1
6901424286213_camera1-11.jpg 148 1280.35 1167.0 1137.63 990.3 285.44 353.4
6901424286213_camera1-12.jpg 148 1286.23 1165.54 1117.15 977.76 338.16 375.56
6901424286213_camera0-9.jpg 148 1386.11 1268.19 1197.62 1185.65 376.99 165.07
6901424286213_camera1-10.jpg 148 1265.12 1164.69 1134.63 993.43 260.97 342.53
6901424286213_camera1-13.jpg 148 1290.45 1161.69 1101.6 966.45 377.7 390.48
6901424286213_camera1-15.jpg 148 1295.17 1156.14 1082.58 964.16 425.18 383.96
6901424286213_camera1-14.jpg 148 1294.3 1161.13 1091.77 967.44 405.05 387.38
6901424286213_camera1-16.jpg 148 1298.26 1149.44 1079.41 964.14 437.69 370.6
6901424286213_camera1-18.jpg 148 1298.12 1139.65 1083.5 978.46 429.25 322.38
6901424286213_camera1-21.jpg 148 1303.58 1121.76 1107.1 990.77 392.96 261.98
6901424286213_camera1-1.jpg 148 1228.77 1146.41 1027.21 1001.95 403.11 288.93
6901424286213_camera1-19.jpg 148 1294.72 1131.62 1090.34 985.22 408.76 292.8
6901424286213_camera1-17.jpg 148 1299.85 1145.64 1085.15 969.39 429.4 352.51
6901424286213_camera1-20.jpg 148 1299.68 1126.19 1108.7 999.11 381.96 254.17
6901424286213_camera1-23.jpg 148 1297.41 1118.8 1082.15 953.54 430.52 330.53
6901424286213_camera1-22.jpg 148 1302.98 1120.97 1097.35 969.52 411.26 302.91
6901424286213_camera1-24.jpg 148 1291.91 1117.62 1076.49 944.44 430.84 346.35
6901424286213_camera1-25.jpg 148 1281.56 1110.12 1067.53 926.74 428.06 366.76
6901424286213_camera1-26.jpg 148 1275.22 1108.05 1070.36 918.65 409.73 378.8
6901424286213_camera1-27.jpg 148 1267.75 1109.93 1078.82 924.4 377.86 371.07
6901424286213_camera1-29.jpg 148 1253.39 1105.26 1101.11 930.07 304.57 350.37
6901424286213_camera1-28.jpg 148 1260.99 1107.38 1086.87 924.74 348.24 365.28
6901424286213_camera1-30.jpg 148 1251.08 1105.83 1123.99 940.0 254.18 331.65
6901424286213_camera1-2.jpg 148 1227.66 1148.3 1013.46 985.21 428.41 326.18
6901424286213_camera1-31.jpg 148 1255.13 1107.47 1113.15 938.01 283.96 338.92
6901424286213_camera1-32.jpg 148 1248.97 1111.79 1081.62 928.01 334.7 367.56
6901424286213_camera1-34.jpg 148 1240.18 1115.85 1043.09 928.27 394.18 375.15
6901424286213_camera1-35.jpg 148 1232.28 1121.28 1024.57 935.54 415.42 371.49
6901424286213_camera1-37.jpg 148 1220.35 1125.2 1000.69 947.64 439.31 355.13
6901424286213_camera1-39.jpg 148 1214.89 1131.26 1012.25 988.86 405.29 284.8
6901424286213_camera1-38.jpg 148 1221.05 1126.55 1008.06 971.6 425.98 309.9
6901424286213_camera1-33.jpg 148 1243.03 1112.17 1060.17 928.42 365.72 367.51
6901424286213_camera1-3.jpg 148 1228.28 1150.73 1011.03 977.91 434.5 345.65
6901424286213_camera1-36.jpg 148 1225.85 1120.92 1008.6 942.62 434.5 356.6
6901424286213_camera1-40.jpg 148 1222.98 1137.04 1024.37 1005.51 397.22 263.06
6901424286213_camera1-5.jpg 148 1232.02 1161.48 1013.83 971.79 436.38 379.38
6901424286213_camera1-4.jpg 148 1231.6 1156.63 1012.93 976.07 437.34 361.13
6901424286213_camera1-6.jpg 148 1237.93 1165.02 1026.87 971.77 422.13 386.5
6901424286213_camera1-8.jpg 148 1247.74 1167.81 1066.94 975.85 361.59 383.92
6901424286213_camera1-9.jpg 148 1253.52 1168.65 1100.61 984.48 305.83 368.35
6901424286213_camera1-7.jpg 148 1238.62 1164.13 1040.24 971.83 396.77 384.6
6901424286213_camera2-10.jpg 148 1308.36 860.72 1138.88 745.59 338.96 230.25
6901424286213_camera2-12.jpg 148 1304.71 853.04 1121.51 708.44 366.4 289.2
6901424286213_camera2-11.jpg 148 1309.09 859.12 1136.22 733.16 345.74 251.93
6901424286213_camera2-17.jpg 148 1285.84 836.12 1109.82 643.79 352.04 384.66
6901424286213_camera2-13.jpg 148 1300.89 848.11 1110.82 685.19 380.14 325.84
6901424286213_camera2-18.jpg 148 1278.48 834.25 1116.98 643.28 323.0 381.94
6901424286213_camera2-14.jpg 148 1299.14 843.99 1106.81 666.61 384.66 354.76
6901424286213_camera2-16.jpg 148 1291.91 837.7 1103.87 644.96 376.09 385.47
6901424286213_camera2-15.jpg 148 1294.17 837.03 1103.88 649.12 380.58 375.83
6901424286213_camera2-19.jpg 148 1272.14 833.1 1132.12 652.51 280.04 361.17
6901424286213_camera2-1.jpg 148 1285.79 901.25 1149.84 719.97 271.91 362.55
6901424286213_camera2-20.jpg 148 1267.56 833.95 1150.22 666.68 234.67 334.54
6901424286213_camera2-21.jpg 148 1260.12 834.76 1135.15 659.74 249.94 350.05
6901424286213_camera2-24.jpg 148 1248.46 843.19 1072.1 648.53 352.72 389.33
6901424286213_camera2-22.jpg 148 1261.25 837.2 1117.17 653.7 288.16 366.99
6901424286213_camera2-25.jpg 148 1244.43 845.88 1056.02 653.0 376.83 385.76
6901424286213_camera2-23.jpg 148 1254.39 838.36 1093.03 646.12 322.72 384.47
6901424286213_camera2-27.jpg 148 1238.87 853.83 1048.14 680.11 381.45 347.43
6901424286213_camera2-26.jpg 148 1243.8 851.8 1052.56 668.32 382.47 366.95
6901424286213_camera2-28.jpg 148 1238.64 860.16 1047.99 702.11 381.3 316.11
6901424286213_camera2-31.jpg 148 1238.41 877.7 1065.89 753.66 345.03 248.09
6901424286213_camera2-2.jpg 148 1292.38 900.79 1138.78 711.86 307.19 377.86
6901424286213_camera2-33.jpg 148 1241.69 890.41 1048.55 723.65 386.29 333.53
6901424286213_camera2-29.jpg 148 1237.14 868.33 1057.15 727.19 359.97 282.27
6901424286213_camera2-30.jpg 148 1233.15 877.5 1067.02 762.49 332.26 230.03
6901424286213_camera2-35.jpg 148 1249.72 897.77 1059.24 711.36 380.97 372.82
6901424286213_camera2-34.jpg 148 1247.14 894.39 1052.79 712.82 388.7 363.15
6901424286213_camera2-32.jpg 148 1240.61 884.04 1055.0 736.7 371.22 294.68
6901424286213_camera2-36.jpg 148 1256.2 901.95 1072.71 707.58 366.99 388.74
6901424286213_camera2-38.jpg 148 1266.36 903.24 1108.83 714.94 315.05 376.6
6901424286213_camera2-37.jpg 148 1261.56 902.06 1090.95 706.65 341.21 390.83
6901424286213_camera2-3.jpg 148 1293.29 896.87 1130.0 700.92 326.58 391.9
6901424286213_camera2-39.jpg 148 1270.87 905.59 1132.56 723.84 276.62 363.5
6901424286213_camera2-7.jpg 148 1304.65 879.83 1111.54 698.08 386.22 363.5
6901424286213_camera2-40.jpg 148 1276.0 904.61 1156.59 735.51 238.83 338.19
6901424286213_camera2-4.jpg 148 1299.83 894.85 1125.65 700.87 348.35 387.96
6901424286213_camera2-8.jpg 148 1306.81 876.66 1116.36 712.54 380.91 328.24
6901424286213_camera2-5.jpg 148 1302.52 889.07 1112.96 692.41 379.12 393.32
6901424286213_camera3-11.jpg 148 1407.03 1429.96 1221.59 1304.42 370.88 251.07
6901424286213_camera3-10.jpg 148 1402.91 1430.2 1241.55 1310.78 322.72 238.84
6901424286213_camera2-6.jpg 148 1304.34 885.41 1113.26 695.55 382.16 379.73
6901424286213_camera2-9.jpg 148 1308.81 869.0 1126.1 728.6 365.43 280.79
6901424286213_camera3-14.jpg 148 1417.53 1426.86 1186.97 1298.53 461.12 256.65
6901424286213_camera3-12.jpg 148 1411.55 1429.9 1208.35 1302.81 406.41 254.18
6901424286213_camera3-13.jpg 148 1412.8 1427.64 1191.94 1298.96 441.72 257.37
6901424286213_camera3-16.jpg 148 1416.46 1422.6 1184.84 1303.86 463.25 237.48
6901424286213_camera3-17.jpg 148 1416.11 1416.55 1189.93 1303.27 452.35 226.56
6901424286213_camera3-15.jpg 148 1418.95 1421.25 1185.78 1296.92 466.35 248.66
6901424286213_camera3-18.jpg 148 1415.1 1414.85 1203.33 1308.96 423.54 211.77
6901424286213_camera3-1.jpg 148 1343.85 1421.0 1113.46 1310.78 460.77 220.44
6901424286213_camera3-24.jpg 148 1400.02 1402.21 1177.11 1283.28 445.83 237.86
6901424286213_camera3-19.jpg 148 1420.56 1405.38 1213.28 1310.83 414.56 189.1
6901424286213_camera3-22.jpg 148 1416.93 1401.46 1189.94 1288.27 453.97 226.38
6901424286213_camera3-21.jpg 148 1421.41 1403.46 1200.54 1299.48 441.75 207.96
6901424286213_camera3-23.jpg 148 1407.72 1400.64 1178.76 1282.97 457.93 235.35
6901424286213_camera3-25.jpg 148 1391.36 1400.74 1175.24 1276.08 432.23 249.32
6901424286213_camera3-20.jpg 148 1425.18 1406.6 1210.1 1310.54 430.16 192.12
6901424286213_camera3-27.jpg 148 1372.51 1398.41 1187.51 1277.31 369.99 242.2
6901424286213_camera3-26.jpg 148 1382.82 1400.62 1183.01 1278.97 399.61 243.3
6901424286213_camera3-28.jpg 148 1368.54 1397.39 1210.93 1278.83 315.22 237.13
6901424286213_camera3-31.jpg 148 1367.68 1402.94 1191.66 1286.05 352.04 233.79
6901424286213_camera3-2.jpg 148 1344.51 1424.66 1109.91 1306.41 469.19 236.51
6901424286213_camera3-30.jpg 148 1374.37 1398.21 1219.41 1282.57 309.92 231.29
6901424286213_camera3-29.jpg 148 1368.47 1395.82 1231.55 1283.54 273.84 224.55
6901424286213_camera3-32.jpg 148 1361.54 1406.12 1165.81 1281.07 391.46 250.1
6901424286213_camera3-33.jpg 148 1353.92 1401.63 1144.59 1281.14 418.67 240.98
6901424286213_camera3-34.jpg 148 1349.24 1406.3 1125.24 1283.04 448.01 246.51
6901424286213_camera3-39.jpg 148 1334.09 1410.39 1125.25 1317.33 417.67 186.13
6901424286213_camera3-35.jpg 148 1342.6 1405.33 1115.41 1285.49 454.37 239.67
6901424286213_camera3-38.jpg 148 1327.61 1411.64 1110.36 1310.47 434.5 202.34
6901424286213_camera3-36.jpg 148 1335.8 1408.42 1105.8 1293.61 460.01 229.62
6901424286213_camera3-3.jpg 148 1347.09 1425.68 1113.19 1303.58 467.8 244.21
6901424286213_camera3-4.jpg 148 1347.95 1427.92 1115.8 1302.97 464.31 249.91
6901424286213_camera3-37.jpg 148 1332.81 1412.55 1106.1 1302.74 453.43 219.61
6901424286213_camera3-5.jpg 148 1351.45 1428.78 1129.51 1302.37 443.88 252.82
6901424286213_camera3-40.jpg 148 1347.16 1414.57 1133.87 1315.71 426.58 197.71
6901424286213_camera3-6.jpg 148 1352.78 1433.19 1141.2 1302.63 423.16 261.11
6901424286213_camera3-7.jpg 148 1357.78 1429.88 1167.27 1297.36 381.01 265.05
6901424286213_camera3-8.jpg 148 1367.42 1428.42 1198.34 1305.14 338.16 246.56
6901424286213_camera3-9.jpg 148 1382.76 1427.15 1241.4 1310.26 282.72 233.79
