6907992632483-back_camera0-12.jpg 149 1451.88 1262.78 1201.64 1175.02 500.48 175.51
6907992632483-back_camera0-11.jpg 149 1435.11 1261.99 1237.05 1171.7 396.12 180.58
6907992632483-back_camera0-10.jpg 149 1395.37 1263.76 1198.96 1171.34 392.82 184.85
6907992632483-back_camera0-13.jpg 149 1465.52 1261.99 1170.44 1173.15 590.15 177.67
6907992632483-back_camera0-16.jpg 149 1475.85 1262.37 1103.19 1181.49 745.31 161.75
6907992632483-back_camera0-17.jpg 149 1467.61 1260.08 1079.53 1181.84 776.15 156.48
6907992632483-back_camera0-15.jpg 149 1474.45 1262.72 1117.71 1178.78 713.48 167.88
6907992632483-back_camera0-18.jpg 149 1462.77 1261.64 1074.7 1186.32 776.13 150.65
6907992632483-back_camera0-14.jpg 149 1472.71 1260.73 1144.16 1176.27 657.09 168.93
6907992632483-back_camera0-20.jpg 149 1454.03 1258.15 1072.72 1191.13 762.62 134.03
6907992632483-back_camera0-19.jpg 149 1454.69 1257.74 1075.49 1187.0 758.41 141.49
6907992632483-back_camera0-21.jpg 149 1465.68 1255.75 1079.84 1194.05 771.68 123.4
6907992632483-back_camera0-1.jpg 149 1362.9 1258.72 975.35 1189.44 775.1 138.56
6907992632483-back_camera0-22.jpg 149 1463.09 1264.96 1070.96 1201.32 784.26 127.28
6907992632483-back_camera0-24.jpg 149 1438.8 1266.93 1051.42 1205.77 774.76 122.33
6907992632483-back_camera0-23.jpg 149 1450.39 1259.05 1053.63 1196.98 793.53 124.14
6907992632483-back_camera0-26.jpg 149 1411.32 1267.05 1057.14 1201.81 708.35 130.49
6907992632483-back_camera0-27.jpg 149 1394.4 1266.36 1068.23 1198.2 652.35 136.31
6907992632483-back_camera0-28.jpg 149 1388.03 1268.68 1099.45 1197.84 577.16 141.68
6907992632483-back_camera0-29.jpg 149 1380.71 1267.74 1132.25 1196.94 496.93 141.6
6907992632483-back_camera0-25.jpg 149 1429.29 1266.69 1051.88 1202.47 754.82 128.45
6907992632483-back_camera0-32.jpg 149 1414.48 1268.82 1175.29 1194.61 478.39 148.43
6907992632483-back_camera0-30.jpg 149 1377.66 1267.65 1181.28 1196.29 392.76 142.73
6907992632483-back_camera0-2.jpg 149 1372.44 1257.16 981.78 1183.91 781.32 146.5
6907992632483-back_camera0-31.jpg 149 1419.91 1266.76 1231.17 1195.86 377.48 141.8
6907992632483-back_camera0-33.jpg 149 1404.05 1268.89 1120.06 1193.64 567.97 150.51
6907992632483-back_camera0-35.jpg 149 1384.05 1271.78 1044.42 1196.25 679.25 151.06
6907992632483-back_camera0-36.jpg 149 1372.12 1271.31 1008.49 1196.23 727.25 150.16
6907992632483-back_camera0-37.jpg 149 1361.55 1269.89 983.15 1194.51 756.8 150.77
6907992632483-back_camera0-34.jpg 149 1396.1 1271.04 1082.0 1194.99 628.2 152.1
6907992632483-back_camera0-38.jpg 149 1347.25 1272.45 955.35 1197.9 783.8 149.09
6907992632483-back_camera0-40.jpg 149 1348.34 1258.31 960.27 1188.7 776.13 139.22
6907992632483-back_camera0-39.jpg 149 1347.12 1266.74 957.48 1198.5 779.27 136.48
6907992632483-back_camera0-4.jpg 149 1357.28 1254.8 956.26 1172.64 802.05 164.31
6907992632483-back_camera0-6.jpg 149 1349.38 1262.71 989.12 1166.56 720.51 192.3
6907992632483-back_camera0-9.jpg 149 1371.93 1264.67 1137.96 1167.44 467.94 194.47
6907992632483-back_camera0-3.jpg 149 1363.65 1260.98 962.58 1181.21 802.14 159.53
6907992632483-back_camera1-10.jpg 149 1289.03 1187.95 1097.34 896.87 383.38 582.17
6907992632483-back_camera0-8.jpg 149 1359.08 1264.17 1057.69 1168.4 602.77 191.54
6907992632483-back_camera1-12.jpg 149 1303.06 1188.92 1039.92 883.85 526.28 610.15
6907992632483-back_camera0-5.jpg 149 1351.51 1263.21 958.19 1172.34 786.64 181.75
6907992632483-back_camera1-11.jpg 149 1293.99 1190.5 1072.08 890.59 443.83 599.82
6907992632483-back_camera1-15.jpg 149 1313.17 1172.34 968.13 891.19 690.08 562.29
6907992632483-back_camera0-7.jpg 149 1354.78 1267.15 1013.99 1170.01 681.58 194.29
6907992632483-back_camera1-16.jpg 149 1312.43 1157.49 958.26 897.21 708.34 520.56
6907992632483-back_camera1-19.jpg 149 1299.48 1132.78 948.82 971.21 701.32 323.13
6907992632483-back_camera1-17.jpg 149 1308.5 1154.57 954.82 922.65 707.36 463.84
6907992632483-back_camera1-18.jpg 149 1302.51 1140.16 947.3 943.06 710.42 394.21
6907992632483-back_camera1-1.jpg 149 1227.53 1148.9 867.22 961.92 720.61 373.97
6907992632483-back_camera1-20.jpg 149 1310.33 1130.38 956.33 1004.37 708.0 252.03
6907992632483-back_camera1-21.jpg 149 1309.36 1136.64 948.9 979.85 720.92 313.58
6907992632483-back_camera1-22.jpg 149 1303.91 1134.13 939.56 950.19 728.7 367.89
6907992632483-back_camera1-29.jpg 149 1245.13 1114.12 1052.97 858.18 384.33 511.88
6907992632483-back_camera1-28.jpg 149 1248.42 1115.78 1016.47 856.54 463.9 518.48
6907992632483-back_camera1-30.jpg 149 1267.41 1116.85 1096.31 866.94 342.2 499.81
6907992632483-back_camera1-32.jpg 149 1255.12 1128.8 1000.07 861.37 510.09 534.85
6907992632483-back_camera1-34.jpg 149 1237.91 1134.01 919.85 868.48 636.13 531.05
6907992632483-back_camera1-31.jpg 149 1263.45 1125.4 1052.7 862.38 421.5 526.05
6907992632483-back_camera1-33.jpg 149 1247.67 1129.75 955.56 859.62 584.22 540.26
6907992632483-back_camera1-37.jpg 149 1213.76 1138.29 850.86 931.23 725.81 414.11
6907992632483-back_camera1-36.jpg 149 1218.03 1135.41 864.47 901.13 707.12 468.57
6907992632483-back_camera1-35.jpg 149 1226.71 1133.28 890.66 887.79 672.1 490.99
6907992632483-back_camera1-38.jpg 149 1210.75 1140.8 850.98 962.13 719.54 357.34
6907992632483-back_camera1-39.jpg 149 1205.96 1143.94 847.43 996.27 717.06 295.34
6907992632483-back_camera1-40.jpg 149 1226.26 1141.04 873.82 984.4 704.88 313.28
6907992632483-back_camera1-7.jpg 149 1228.27 1196.3 949.47 889.62 557.59 613.35
6907992632483-back_camera1-9.jpg 149 1254.94 1185.14 1081.61 901.45 346.66 567.39
6907992632483-back_camera1-8.jpg 149 1233.86 1197.19 988.5 893.14 490.72 608.1
6907992632483-back_camera2-11.jpg 149 1311.04 863.51 989.43 681.05 643.22 364.92
6907992632483-back_camera2-10.jpg 149 1308.61 861.68 997.64 705.29 621.93 312.79
6907992632483-back_camera2-20.jpg 149 1267.73 837.24 1124.32 529.11 286.82 616.25
6907992632483-back_camera2-21.jpg 149 1258.09 837.95 1075.53 525.16 365.12 625.58
6907992632483-back_camera2-25.jpg 149 1239.33 850.72 940.32 548.4 598.02 604.65
6907992632483-back_camera2-26.jpg 149 1232.37 856.23 922.3 578.9 620.14 554.66
6907992632483-back_camera2-27.jpg 149 1234.57 860.34 918.33 610.6 632.48 499.48
6907992632483-back_camera2-28.jpg 149 1234.01 867.1 919.27 655.25 629.49 423.7
6907992632483-back_camera2-29.jpg 149 1229.39 870.6 915.59 695.24 627.61 350.72
6907992632483-back_camera2-30.jpg 149 1237.3 876.69 931.9 728.01 610.79 297.36
6907992632483-back_camera2-37.jpg 149 1262.6 916.61 1014.69 601.17 495.82 630.87
6907992632483-back_camera2-38.jpg 149 1266.66 912.85 1054.62 589.82 424.08 646.06
6907992632483-back_camera2-39.jpg 149 1273.66 913.4 1103.76 600.78 339.81 625.24
6907992632483-back_camera2-40.jpg 149 1280.51 903.26 1127.16 585.91 306.7 634.71
6907992632483-back_camera3-10.jpg 149 1377.07 1419.93 1142.25 1257.0 469.64 325.87
6907992632483-back_camera3-11.jpg 149 1383.16 1419.86 1105.0 1253.17 556.32 333.38
6907992632483-back_camera3-12.jpg 149 1383.28 1422.82 1052.79 1259.09 660.98 327.46
6907992632483-back_camera2-9.jpg 149 1312.22 868.04 1005.81 712.51 612.82 311.07
6907992632483-back_camera3-13.jpg 149 1377.06 1420.11 1017.82 1261.79 718.48 316.64
6907992632483-back_camera3-15.jpg 149 1375.31 1421.22 994.72 1275.33 761.17 291.78
6907992632483-back_camera3-14.jpg 149 1378.99 1419.86 1001.86 1266.19 754.26 307.33
6907992632483-back_camera3-16.jpg 149 1360.34 1418.5 966.0 1283.4 788.67 270.19
6907992632483-back_camera3-18.jpg 149 1358.47 1414.75 979.83 1308.15 757.28 213.2
6907992632483-back_camera3-19.jpg 149 1372.81 1418.69 985.17 1324.27 775.28 188.85
6907992632483-back_camera3-1.jpg 149 1367.49 1398.74 975.51 1266.26 783.95 264.96
6907992632483-back_camera3-21.jpg 149 1383.27 1435.45 985.69 1331.47 795.15 207.96
6907992632483-back_camera3-20.jpg 149 1384.02 1425.37 989.99 1326.68 788.06 197.37
6907992632483-back_camera3-17.jpg 149 1361.67 1413.88 979.62 1294.55 764.1 238.67
6907992632483-back_camera3-23.jpg 149 1370.8 1438.24 983.16 1308.62 775.28 259.24
6907992632483-back_camera3-25.jpg 149 1362.86 1434.99 1026.45 1291.59 672.82 286.8
6907992632483-back_camera3-26.jpg 149 1362.91 1435.83 1062.09 1286.94 601.64 297.78
6907992632483-back_camera3-22.jpg 149 1377.13 1435.85 979.72 1314.29 794.83 243.12
6907992632483-back_camera3-27.jpg 149 1360.02 1429.34 1097.34 1278.83 525.37 301.02
6907992632483-back_camera3-28.jpg 149 1368.87 1428.68 1167.02 1283.92 403.69 289.52
6907992632483-back_camera3-24.jpg 149 1365.65 1438.23 997.68 1295.72 735.94 285.02
6907992632483-back_camera3-2.jpg 149 1355.02 1405.16 962.8 1260.22 784.44 289.88
6907992632483-back_camera3-29.jpg 149 1418.41 1428.98 1209.68 1279.89 417.46 298.18
6907992632483-back_camera3-30.jpg 149 1421.09 1427.92 1183.96 1278.83 474.25 298.18
6907992632483-back_camera3-31.jpg 149 1422.22 1429.52 1144.94 1279.23 554.56 300.58
6907992632483-back_camera3-32.jpg 149 1416.74 1431.35 1098.29 1282.77 636.9 297.15
6907992632483-back_camera3-35.jpg 149 1387.71 1418.49 1009.81 1287.05 755.8 262.89
6907992632483-back_camera3-33.jpg 149 1407.99 1428.35 1066.63 1280.97 682.72 294.76
6907992632483-back_camera3-38.jpg 149 1366.13 1408.04 986.9 1312.97 758.46 190.14
6907992632483-back_camera3-36.jpg 149 1379.66 1420.59 993.26 1301.48 772.81 238.22
6907992632483-back_camera3-37.jpg 149 1370.68 1416.57 983.75 1308.65 773.86 215.83
6907992632483-back_camera3-40.jpg 149 1380.85 1394.48 998.7 1280.33 764.3 228.3
6907992632483-back_camera3-34.jpg 149 1396.59 1423.12 1032.79 1283.3 727.59 279.64
6907992632483-back_camera3-5.jpg 149 1321.35 1416.0 984.71 1241.97 673.27 348.06
6907992632483-back_camera3-39.jpg 149 1378.22 1393.63 997.96 1296.22 760.51 194.82
6907992632483-back_camera3-4.jpg 149 1332.6 1413.09 967.39 1244.25 730.41 337.67
6907992632483-back_camera3-3.jpg 149 1342.72 1408.29 959.86 1248.12 765.72 320.35
6907992632483-back_camera3-6.jpg 149 1316.85 1415.83 1013.93 1242.82 605.83 346.02
6907992632483-back_camera3-7.jpg 149 1316.07 1417.07 1057.88 1242.0 516.38 350.14
6907992632483-back_camera3-9.jpg 149 1364.32 1415.08 1172.09 1253.72 384.47 322.72
6907992632483_camera0-12.jpg 149 1351.87 1267.84 1147.07 1182.76 409.6 170.16
6907992632483-back_camera3-8.jpg 149 1322.6 1415.66 1115.84 1250.46 413.52 330.4
6907992632483_camera0-14.jpg 149 1419.5 1270.01 1144.37 1184.17 550.26 171.68
6907992632483_camera0-11.jpg 149 1331.65 1265.73 1108.57 1184.25 446.17 162.97
6907992632483_camera0-10.jpg 149 1321.43 1265.29 1058.23 1185.68 526.41 159.21
6907992632483_camera0-13.jpg 149 1405.88 1268.45 1185.01 1184.18 441.75 168.54
6907992632483_camera0-15.jpg 149 1429.66 1272.55 1106.38 1185.72 646.55 173.66
6907992632483_camera0-17.jpg 149 1443.53 1272.21 1051.45 1187.01 784.16 170.4
6907992632483_camera0-18.jpg 149 1447.07 1270.69 1040.76 1192.05 812.62 157.28
6907992632483_camera0-19.jpg 149 1442.58 1268.57 1030.1 1196.88 824.96 143.38
6907992632483_camera0-21.jpg 149 1446.26 1267.41 1047.6 1198.13 797.32 138.56
6907992632483_camera0-20.jpg 149 1446.51 1268.45 1038.74 1199.13 815.54 138.64
6907992632483_camera0-16.jpg 149 1439.41 1272.53 1078.29 1188.82 722.25 167.43
6907992632483_camera0-1.jpg 149 1348.48 1269.51 962.46 1200.19 772.04 138.64
6907992632483_camera0-22.jpg 149 1467.64 1266.98 1067.16 1201.95 800.97 130.05
6907992632483_camera0-23.jpg 149 1481.28 1263.12 1082.31 1201.82 797.95 122.6
6907992632483_camera0-24.jpg 149 1488.38 1271.14 1086.05 1203.86 804.66 134.56
6907992632483_camera0-25.jpg 149 1482.54 1271.16 1085.64 1202.59 793.79 137.15
6907992632483_camera0-26.jpg 149 1476.14 1274.73 1092.76 1200.76 766.76 147.94
6907992632483_camera0-27.jpg 149 1468.13 1275.0 1107.26 1201.6 721.75 146.8
6907992632483_camera0-29.jpg 149 1446.65 1276.36 1144.31 1198.88 604.69 154.96
6907992632483_camera0-30.jpg 149 1437.6 1275.4 1178.46 1201.01 518.28 148.79
6907992632483_camera0-28.jpg 149 1456.38 1275.15 1118.83 1198.58 675.09 153.14
6907992632483_camera0-31.jpg 149 1424.22 1276.1 1205.76 1195.77 436.93 160.65
6907992632483_camera0-32.jpg 149 1455.38 1272.94 1262.25 1200.42 386.25 145.03
6907992632483_camera0-2.jpg 149 1348.14 1264.01 964.67 1200.1 766.94 127.82
6907992632483_camera0-36.jpg 149 1432.46 1278.25 1086.44 1199.03 692.04 158.45
6907992632483_camera0-34.jpg 149 1453.84 1277.47 1158.49 1197.25 590.7 160.44
6907992632483_camera0-33.jpg 149 1467.19 1276.32 1237.09 1198.85 460.2 154.95
6907992632483_camera0-37.jpg 149 1414.04 1277.66 1045.01 1200.19 738.06 154.95
6907992632483_camera0-38.jpg 149 1398.82 1274.08 1014.92 1195.42 767.81 157.31
6907992632483_camera0-3.jpg 149 1352.44 1255.55 973.9 1195.07 757.09 120.97
6907992632483_camera0-35.jpg 149 1441.87 1276.57 1114.22 1195.83 655.29 161.48
6907992632483_camera0-40.jpg 149 1361.4 1270.39 971.3 1198.35 780.2 144.08
6907992632483_camera0-6.jpg 149 1320.26 1257.87 938.12 1187.96 764.27 139.81
6907992632483_camera0-39.jpg 149 1379.34 1273.95 987.1 1196.34 784.47 155.23
6907992632483_camera0-5.jpg 149 1327.61 1257.85 942.95 1189.89 769.32 135.92
6907992632483_camera0-4.jpg 149 1337.24 1254.3 950.13 1188.37 774.23 131.87
6907992632483_camera0-7.jpg 149 1314.46 1258.32 941.27 1185.13 746.39 146.37
6907992632483_camera0-8.jpg 149 1311.14 1257.91 959.3 1179.85 703.69 156.12
6907992632483_camera1-10.jpg 149 1259.41 1162.4 1088.04 896.83 342.75 531.14
6907992632483_camera1-12.jpg 149 1274.05 1167.94 1028.71 890.66 490.68 554.56
6907992632483_camera0-9.jpg 149 1313.45 1263.32 1007.16 1181.28 612.58 164.08
6907992632483_camera1-14.jpg 149 1274.67 1169.51 960.01 895.63 629.32 547.77
6907992632483_camera1-11.jpg 149 1274.97 1167.01 1070.4 893.46 409.13 547.09
6907992632483_camera1-15.jpg 149 1268.59 1167.91 926.44 904.16 684.29 527.5
6907992632483_camera1-17.jpg 149 1255.06 1161.69 883.24 932.88 743.63 457.62
6907992632483_camera1-16.jpg 149 1266.17 1164.82 911.41 921.52 709.52 486.6
6907992632483_camera1-13.jpg 149 1270.99 1169.9 980.68 889.89 580.62 560.02
6907992632483_camera1-18.jpg 149 1249.98 1157.43 880.09 962.19 739.78 390.48
6907992632483_camera1-20.jpg 149 1264.24 1153.46 914.0 1018.75 700.49 269.42
6907992632483_camera1-1.jpg 149 1278.99 1132.53 936.46 976.22 685.05 312.62
6907992632483_camera1-19.jpg 149 1252.24 1150.61 896.47 986.97 711.54 327.28
6907992632483_camera1-21.jpg 149 1274.12 1170.21 914.17 992.01 719.9 356.4
6907992632483_camera1-22.jpg 149 1276.17 1167.59 908.01 967.99 736.33 399.2
6907992632483_camera1-24.jpg 149 1275.86 1176.62 923.64 917.91 704.44 517.42
6907992632483_camera1-25.jpg 149 1263.45 1181.62 939.95 905.69 646.99 551.85
6907992632483_camera1-23.jpg 149 1274.14 1174.46 913.77 944.14 720.75 460.65
6907992632483_camera1-27.jpg 149 1263.47 1180.86 1000.79 885.51 525.37 590.69
6907992632483_camera1-26.jpg 149 1265.05 1184.66 961.55 896.72 607.01 575.88
6907992632483_camera1-28.jpg 149 1261.97 1181.35 1038.63 893.49 446.67 575.71
6907992632483_camera1-30.jpg 149 1297.1 1173.17 1104.93 898.18 384.33 549.98
6907992632483_camera1-2.jpg 149 1261.19 1142.97 907.79 934.33 706.8 417.28
6907992632483_camera1-29.jpg 149 1258.38 1178.74 1077.82 899.6 361.13 558.27
6907992632483_camera1-31.jpg 149 1300.88 1170.69 1069.74 886.38 462.27 568.62
6907992632483_camera1-35.jpg 149 1289.69 1157.37 949.89 892.32 679.61 530.1
6907992632483_camera1-37.jpg 149 1272.26 1146.42 906.98 933.35 730.55 426.15
6907992632483_camera1-34.jpg 149 1295.74 1163.87 972.1 884.38 647.29 558.98
6907992632483_camera1-33.jpg 149 1299.76 1164.09 1008.2 877.97 583.11 572.23
6907992632483_camera1-32.jpg 149 1302.27 1168.55 1041.56 881.71 521.42 573.68
6907992632483_camera1-36.jpg 149 1284.99 1155.47 927.57 905.59 714.83 499.75
6907992632483_camera1-38.jpg 149 1266.87 1142.12 905.31 947.75 723.11 388.74
6907992632483_camera1-40.jpg 149 1270.4 1128.49 922.96 997.74 694.88 261.49
6907992632483_camera1-6.jpg 149 1240.49 1158.0 927.15 885.87 626.68 544.26
6907992632483_camera1-4.jpg 149 1245.64 1153.03 901.53 898.51 688.22 509.03
6907992632483_camera1-3.jpg 149 1251.95 1144.98 898.87 908.18 706.17 473.61
6907992632483_camera1-7.jpg 149 1236.34 1155.71 953.5 867.93 565.67 575.57
6907992632483_camera1-5.jpg 149 1243.74 1157.63 916.28 893.07 654.92 529.12
6907992632483_camera1-8.jpg 149 1233.74 1160.3 988.74 881.2 490.0 558.19
6907992632483_camera1-39.jpg 149 1262.75 1139.15 914.79 977.4 695.92 323.5
6907992632483_camera1-9.jpg 149 1237.91 1158.85 1033.44 889.77 408.94 538.15
6907992632483_camera2-12.jpg 149 1327.14 898.59 1019.96 732.08 614.37 333.01
6907992632483_camera2-13.jpg 149 1329.62 894.62 1009.9 689.21 639.44 410.83
6907992632483_camera2-10.jpg 149 1313.18 918.17 997.95 747.78 630.45 340.78
6907992632483_camera2-11.jpg 149 1319.69 901.7 1020.27 761.31 598.84 280.78
6907992632483_camera2-16.jpg 149 1337.3 868.48 1036.28 568.87 602.05 599.21
6907992632483_camera2-15.jpg 149 1338.65 875.29 1025.35 600.05 626.6 550.49
6907992632483_camera2-14.jpg 149 1337.31 876.29 1013.57 634.19 647.48 484.19
6907992632483_camera2-17.jpg 149 1335.53 856.76 1051.12 539.53 568.82 634.46
6907992632483_camera2-1.jpg 149 1226.55 913.91 1071.78 608.63 309.54 610.57
6907992632483_camera2-18.jpg 149 1331.5 849.03 1072.57 525.71 517.87 646.63
6907992632483_camera2-19.jpg 149 1324.43 841.6 1098.66 515.42 451.54 652.35
6907992632483_camera2-23.jpg 149 1292.87 814.82 1084.23 497.44 417.28 634.76
6907992632483_camera2-22.jpg 149 1304.76 824.22 1127.51 516.93 354.51 614.59
6907992632483_camera2-20.jpg 149 1316.49 839.95 1123.23 519.07 386.51 641.75
6907992632483_camera2-24.jpg 149 1285.26 811.85 1043.22 492.91 484.08 637.87
6907992632483_camera2-25.jpg 149 1274.53 808.12 1002.51 494.73 544.03 626.79
6907992632483_camera2-21.jpg 149 1303.82 829.28 1146.93 524.33 313.78 609.89
6907992632483_camera2-26.jpg 149 1267.26 811.59 966.44 508.95 601.64 605.28
6907992632483_camera2-28.jpg 149 1250.86 815.64 927.55 554.32 646.61 522.64
6907992632483_camera2-2.jpg 149 1247.82 924.42 1083.73 618.13 328.17 612.58
6907992632483_camera2-29.jpg 149 1241.27 824.83 913.71 594.05 655.12 461.56
6907992632483_camera2-27.jpg 149 1258.75 815.03 942.13 530.01 633.24 570.04
6907992632483_camera2-30.jpg 149 1234.1 828.32 915.31 635.58 637.58 385.47
6907992632483_camera2-32.jpg 149 1226.28 844.98 917.39 675.17 617.79 339.63
6907992632483_camera2-31.jpg 149 1227.41 830.71 921.43 688.37 611.97 284.68
6907992632483_camera2-33.jpg 149 1215.87 854.88 897.6 641.83 636.54 426.1
6907992632483_camera2-36.jpg 149 1207.77 883.76 907.51 580.4 600.52 606.73
6907992632483_camera2-34.jpg 149 1209.63 867.2 892.0 601.32 635.27 531.75
6907992632483_camera2-37.jpg 149 1209.38 892.7 927.96 573.09 562.84 639.21
6907992632483_camera2-38.jpg 149 1213.88 899.81 954.39 574.38 518.99 650.86
6907992632483_camera2-39.jpg 149 1218.03 907.4 993.18 581.06 449.71 652.69
6907992632483_camera2-35.jpg 149 1205.97 878.66 900.2 591.13 611.54 575.07
6907992632483_camera2-4.jpg 149 1269.69 939.01 1008.98 619.96 521.42 638.1
6907992632483_camera2-6.jpg 149 1284.88 937.18 979.81 635.76 610.15 602.85
6907992632483_camera2-40.jpg 149 1220.66 914.25 1035.81 594.84 369.71 638.81
6907992632483_camera2-3.jpg 149 1262.4 938.4 1034.51 618.74 455.79 639.32
6907992632483_camera2-7.jpg 149 1290.9 935.25 974.51 646.16 632.78 578.19
6907992632483_camera2-5.jpg 149 1272.7 939.87 995.81 621.94 553.78 635.86
6907992632483_camera2-8.jpg 149 1300.75 928.43 971.91 666.61 657.68 523.65
6907992632483_camera2-9.jpg 149 1308.81 922.86 984.64 714.41 648.33 416.9
6907992632483_camera3-11.jpg 149 1382.59 1452.69 1142.14 1287.05 480.9 331.29
6907992632483_camera3-13.jpg 149 1401.16 1453.65 1088.57 1289.53 625.18 328.24
6907992632483_camera3-10.jpg 149 1363.69 1449.58 1163.76 1288.39 399.86 322.38
6907992632483_camera3-16.jpg 149 1412.96 1444.62 1014.77 1300.38 796.39 288.49
6907992632483_camera3-14.jpg 149 1406.26 1453.89 1051.96 1291.81 708.59 324.17
6907992632483_camera3-17.jpg 149 1416.95 1440.87 1014.34 1306.84 805.22 268.06
6907992632483_camera3-18.jpg 149 1415.85 1429.54 1014.65 1311.54 802.4 236.0
6907992632483_camera3-12.jpg 149 1388.39 1453.89 1119.48 1287.05 537.83 333.69
6907992632483_camera3-20.jpg 149 1435.71 1417.72 1044.76 1325.99 781.91 183.46
6907992632483_camera3-1.jpg 149 1322.22 1394.25 949.96 1302.08 744.51 184.35
6907992632483_camera3-15.jpg 149 1415.53 1449.4 1034.3 1293.64 762.45 311.52
6907992632483_camera3-21.jpg 149 1455.24 1430.82 1063.84 1332.86 782.81 195.92
6907992632483_camera3-19.jpg 149 1415.27 1421.56 1025.2 1319.14 780.13 204.83
6907992632483_camera3-22.jpg 149 1457.61 1440.92 1065.32 1328.64 784.57 224.55
6907992632483_camera3-24.jpg 149 1445.52 1441.44 1068.81 1303.85 753.42 275.18
6907992632483_camera3-23.jpg 149 1451.78 1440.46 1063.19 1313.18 777.17 254.55
6907992632483_camera3-25.jpg 149 1433.68 1437.17 1077.83 1291.71 711.71 290.92
6907992632483_camera3-2.jpg 149 1314.69 1400.23 937.54 1293.21 754.31 214.03
6907992632483_camera3-28.jpg 149 1411.52 1430.59 1154.14 1276.07 514.75 309.03
6907992632483_camera3-30.jpg 149 1422.87 1422.42 1235.41 1275.21 374.91 294.43
6907992632483_camera3-27.jpg 149 1419.01 1434.76 1120.22 1272.67 597.57 324.17
6907992632483_camera3-26.jpg 149 1426.35 1438.06 1097.28 1282.65 658.13 310.81
6907992632483_camera3-29.jpg 149 1401.82 1430.42 1189.24 1273.26 425.16 314.32
6907992632483_camera3-32.jpg 149 1430.12 1420.45 1163.54 1260.22 533.17 320.47
6907992632483_camera3-31.jpg 149 1437.16 1421.02 1217.17 1266.66 439.99 308.72
6907992632483_camera3-34.jpg 149 1396.27 1416.52 1045.7 1262.86 701.13 307.33
6907992632483_camera3-33.jpg 149 1415.43 1419.72 1107.81 1260.57 615.25 318.31
6907992632483_camera3-36.jpg 149 1366.51 1415.27 988.86 1272.55 755.3 285.45
6907992632483_camera3-35.jpg 149 1379.1 1415.05 1009.61 1266.76 738.98 296.57
6907992632483_camera3-37.jpg 149 1349.08 1413.99 961.53 1282.2 775.1 263.57
6907992632483_camera3-38.jpg 149 1334.26 1412.15 948.49 1292.18 771.53 239.95
6907992632483_camera3-39.jpg 149 1317.9 1409.79 942.31 1306.93 751.19 205.72
6907992632483_camera3-4.jpg 149 1289.36 1423.72 915.08 1279.06 748.56 289.32
6907992632483_camera3-40.jpg 149 1321.97 1404.74 945.8 1308.12 752.35 193.25
6907992632483_camera3-7.jpg 149 1282.12 1436.01 958.84 1275.26 646.55 321.49
6907992632483_camera3-6.jpg 149 1282.36 1430.65 941.72 1276.58 681.28 308.14
6907992632483_camera3-3.jpg 149 1293.91 1411.32 915.2 1279.37 757.42 263.9
6907992632483_camera3-5.jpg 149 1286.43 1425.68 919.98 1270.71 732.91 309.94
6907992632483_camera3-8.jpg 149 1289.08 1442.94 1005.36 1271.72 567.44 342.45
6907992632483_camera3-9.jpg 149 1307.47 1443.35 1095.71 1276.26 423.51 334.18
