6907777800519-back_camera0-10.jpg 15 1413.61 1084.58 899.91 970.0 1027.4 229.15
6907777800519-back_camera0-12.jpg 15 1518.91 1104.15 1000.69 963.42 1036.45 281.47
6907777800519-back_camera0-11.jpg 15 1514.97 1089.69 1011.21 947.64 1007.51 284.1
6907777800519-back_camera0-17.jpg 15 1418.64 1099.68 806.74 954.89 1223.81 289.59
6907777800519-back_camera0-15.jpg 15 1465.72 1106.35 866.11 956.44 1199.23 299.81
6907777800519-back_camera0-16.jpg 15 1428.16 1106.79 808.66 952.9 1239.0 307.78
6907777800519-back_camera0-18.jpg 15 1427.47 1092.12 799.19 952.37 1256.55 279.51
6907777800519-back_camera0-13.jpg 15 1530.76 1113.37 950.71 960.79 1160.09 305.15
6907777800519-back_camera0-14.jpg 15 1501.53 1105.14 906.97 968.77 1189.12 272.74
6907777800519-back_camera0-20.jpg 15 1445.26 1091.0 808.66 958.16 1273.2 265.69
6907777800519-back_camera0-22.jpg 15 1521.7 1081.52 909.8 957.41 1223.81 248.22
6907777800519-back_camera0-1.jpg 15 1396.59 1080.48 737.63 950.27 1317.92 260.43
6907777800519-back_camera0-19.jpg 15 1418.95 1098.89 779.72 960.79 1278.46 276.21
6907777800519-back_camera0-24.jpg 15 1465.64 1099.23 809.69 951.17 1311.89 296.13
6907777800519-back_camera0-23.jpg 15 1501.49 1093.25 870.06 958.19 1262.86 270.11
6907777800519-back_camera0-21.jpg 15 1489.15 1073.24 864.66 957.41 1248.99 231.67
6907777800519-back_camera0-25.jpg 15 1422.9 1106.79 766.57 955.53 1312.66 302.52
6907777800519-back_camera0-26.jpg 15 1354.44 1103.47 771.49 947.34 1165.9 312.25
6907777800519-back_camera0-27.jpg 15 1372.35 1106.38 768.49 947.29 1207.71 318.19
6907777800519-back_camera0-28.jpg 15 1320.31 1100.22 758.68 929.23 1123.26 341.98
6907777800519-back_camera0-29.jpg 15 1323.74 1102.54 828.85 947.27 989.77 310.54
6907777800519-back_camera0-30.jpg 15 1366.62 1102.28 883.75 950.57 965.73 303.41
6907777800519-back_camera0-2.jpg 15 1441.32 1073.9 798.14 952.9 1286.35 242.01
6907777800519-back_camera0-31.jpg 15 1422.67 1096.4 934.78 945.08 975.79 302.64
6907777800519-back_camera0-36.jpg 15 1386.45 1082.59 723.82 949.85 1325.26 265.48
6907777800519-back_camera0-35.jpg 15 1418.65 1087.89 777.01 945.84 1283.29 284.1
6907777800519-back_camera0-34.jpg 15 1448.93 1084.88 831.39 945.91 1235.08 277.93
6907777800519-back_camera0-32.jpg 15 1469.48 1078.33 939.87 946.1 1059.22 264.45
6907777800519-back_camera0-33.jpg 15 1464.2 1080.08 884.21 949.65 1159.99 260.86
6907777800519-back_camera0-38.jpg 15 1342.99 1086.08 679.6 947.11 1326.78 277.93
6907777800519-back_camera0-37.jpg 15 1361.89 1083.21 696.17 949.57 1331.45 267.28
6907777800519-back_camera0-39.jpg 15 1319.08 1078.34 690.06 948.83 1258.04 259.01
6907777800519-back_camera0-40.jpg 15 1345.89 1077.15 705.27 955.53 1281.25 243.24
6907777800519-back_camera0-4.jpg 15 1440.26 1080.49 785.34 968.56 1309.84 223.86
6907777800519-back_camera0-6.jpg 15 1384.15 1091.84 720.79 966.82 1326.73 250.03
6907777800519-back_camera0-5.jpg 15 1420.14 1090.46 748.41 970.26 1343.47 240.41
6907777800519-back_camera0-3.jpg 15 1461.44 1073.2 812.07 965.37 1298.74 215.66
6907777800519-back_camera0-7.jpg 15 1374.14 1083.44 733.16 957.23 1281.96 252.43
6907777800519-back_camera0-8.jpg 15 1348.11 1088.38 762.23 970.42 1171.75 235.92
6907777800519-back_camera0-9.jpg 15 1344.72 1086.14 807.28 967.74 1074.88 236.81
6907777800519-back_camera1-11.jpg 15 1358.7 1273.46 904.59 849.12 908.23 848.68
6907777800519-back_camera1-15.jpg 15 1370.8 1264.62 804.22 771.07 1133.16 987.11
6907777800519-back_camera1-12.jpg 15 1376.87 1225.16 905.99 808.22 941.75 833.89
6907777800519-back_camera1-14.jpg 15 1410.77 1270.93 825.96 780.69 1169.62 980.47
6907777800519-back_camera1-13.jpg 15 1402.28 1274.69 869.69 803.8 1065.17 941.78
6907777800519-back_camera1-17.jpg 15 1382.12 1215.97 777.09 750.35 1210.07 931.23
6907777800519-back_camera1-16.jpg 15 1369.55 1253.3 779.04 771.07 1181.01 964.45
6907777800519-back_camera1-18.jpg 15 1376.34 1218.57 797.92 797.99 1156.84 841.16
6907777800519-back_camera1-19.jpg 15 1370.29 1172.55 798.14 781.91 1144.3 781.28
6907777800519-back_camera1-23.jpg 15 1390.01 1156.77 784.98 734.56 1210.07 844.42
6907777800519-back_camera1-22.jpg 15 1413.61 1147.53 844.51 758.48 1138.2 778.1
6907777800519-back_camera1-21.jpg 15 1432.69 1129.55 885.07 765.75 1095.24 727.6
6907777800519-back_camera1-24.jpg 15 1380.81 1118.63 787.61 716.15 1186.39 804.96
6907777800519-back_camera1-26.jpg 15 1295.26 1146.27 738.75 667.82 1113.02 956.89
6907777800519-back_camera1-20.jpg 15 1376.87 1148.88 808.66 826.63 1136.41 644.49
6907777800519-back_camera1-28.jpg 15 1267.59 1138.37 757.5 670.63 1020.18 935.48
6907777800519-back_camera1-27.jpg 15 1289.64 1146.55 734.61 661.0 1110.06 971.1
6907777800519-back_camera1-25.jpg 15 1336.82 1156.35 746.31 687.97 1181.01 936.75
6907777800519-back_camera1-29.jpg 15 1236.12 1110.74 787.61 687.21 897.03 847.05
6907777800519-back_camera1-2.jpg 15 1237.53 1237.72 656.23 857.56 1162.61 760.32
6907777800519-back_camera1-30.jpg 15 1237.44 1102.84 842.86 695.1 789.17 815.48
6907777800519-back_camera1-31.jpg 15 1301.89 1121.25 895.47 731.93 812.85 778.65
6907777800519-back_camera1-32.jpg 15 1276.46 1136.88 812.57 703.78 927.78 866.19
6907777800519-back_camera1-36.jpg 15 1178.26 1167.3 590.32 705.63 1175.87 923.33
6907777800519-back_camera1-33.jpg 15 1267.69 1142.3 748.15 687.21 1039.08 910.18
6907777800519-back_camera1-35.jpg 15 1207.92 1159.33 668.96 696.4 1077.92 925.86
6907777800519-back_camera1-34.jpg 15 1242.7 1155.45 700.8 687.21 1083.8 936.49
6907777800519-back_camera1-37.jpg 15 1169.7 1175.78 584.0 734.43 1171.41 882.69
6907777800519-back_camera1-38.jpg 15 1162.47 1160.71 571.91 734.56 1181.13 852.31
6907777800519-back_camera1-39.jpg 15 1133.54 1154.14 540.34 776.65 1186.39 754.98
6907777800519-back_camera1-5.jpg 15 1209.03 1295.25 616.18 828.47 1185.71 933.56
6907777800519-back_camera1-3.jpg 15 1227.27 1253.29 630.47 851.65 1193.6 803.28
6907777800519-back_camera1-6.jpg 15 1201.93 1313.28 603.47 831.89 1196.92 962.79
6907777800519-back_camera1-4.jpg 15 1238.59 1277.21 640.54 846.61 1196.11 861.2
6907777800519-back_camera1-40.jpg 15 1149.4 1173.22 583.49 851.49 1131.82 643.45
6907777800519-back_camera1-7.jpg 15 1190.09 1327.76 598.21 839.79 1183.76 975.95
6907777800519-back_camera1-8.jpg 15 1208.64 1307.04 666.85 822.32 1083.59 969.44
6907777800519-back_camera2-11.jpg 15 1351.92 836.53 892.36 494.07 919.12 684.93
6907777800519-back_camera1-9.jpg 15 1216.4 1302.76 716.59 824.0 999.62 957.53
6907777800519-back_camera2-10.jpg 15 1354.63 867.98 878.23 490.71 952.8 754.54
6907777800519-back_camera2-12.jpg 15 1354.81 811.38 855.6 413.99 998.41 794.77
6907777800519-back_camera2-22.jpg 15 1216.73 787.14 800.96 289.7 831.54 994.88
6907777800519-back_camera2-21.jpg 15 1232.84 784.47 856.67 309.42 752.33 950.1
6907777800519-back_camera2-18.jpg 15 1287.12 774.51 803.07 233.04 968.09 1082.95
6907777800519-back_camera2-20.jpg 15 1243.63 774.85 887.32 312.77 712.63 924.16
6907777800519-back_camera2-1.jpg 15 1312.14 953.5 959.07 484.94 706.15 937.13
6907777800519-back_camera2-24.jpg 15 1192.72 800.32 679.76 245.27 1025.93 1110.11
6907777800519-back_camera2-25.jpg 15 1185.0 813.51 674.54 265.28 1020.92 1096.47
6907777800519-back_camera2-23.jpg 15 1212.26 798.72 754.65 265.45 915.22 1066.54
6907777800519-back_camera2-26.jpg 15 1174.31 825.32 629.78 313.67 1089.06 1023.3
6907777800519-back_camera2-29.jpg 15 1162.01 869.9 654.67 469.81 1014.68 800.19
6907777800519-back_camera2-27.jpg 15 1153.27 820.06 616.63 316.3 1073.28 1007.51
6907777800519-back_camera2-2.jpg 15 1322.95 941.04 887.32 433.64 871.27 1014.81
6907777800519-back_camera2-30.jpg 15 1154.58 881.87 658.71 510.96 991.73 741.82
6907777800519-back_camera2-28.jpg 15 1171.87 846.62 645.58 368.17 1052.58 956.89
6907777800519-back_camera2-31.jpg 15 1174.27 907.96 711.48 551.58 925.58 712.75
6907777800519-back_camera2-34.jpg 15 1199.22 944.1 649.15 433.6 1100.13 1021.0
6907777800519-back_camera2-35.jpg 15 1196.67 955.53 666.61 413.63 1060.12 1083.8
6907777800519-back_camera2-36.jpg 15 1214.68 944.82 680.83 421.05 1067.69 1047.54
6907777800519-back_camera2-38.jpg 15 1228.53 973.78 776.52 441.19 904.01 1065.17
6907777800519-back_camera2-37.jpg 15 1216.4 954.22 727.11 413.63 978.58 1081.17
6907777800519-back_camera2-33.jpg 15 1176.94 922.65 629.78 437.31 1094.32 970.68
6907777800519-back_camera2-39.jpg 15 1258.74 966.22 847.03 463.85 823.43 1004.74
6907777800519-back_camera2-3.jpg 15 1332.56 947.43 863.85 425.8 937.41 1043.27
6907777800519-back_camera2-6.jpg 15 1353.18 933.49 811.78 393.35 1082.8 1080.28
6907777800519-back_camera2-5.jpg 15 1346.88 927.2 814.3 378.24 1065.17 1097.91
6907777800519-back_camera2-7.jpg 15 1354.44 925.93 814.3 408.46 1080.28 1034.95
6907777800519-back_camera2-8.jpg 15 1361.64 900.7 822.13 435.44 1079.02 930.53
6907777800519-back_camera3-10.jpg 15 1494.19 1476.14 970.42 1241.96 1047.54 468.37
6907777800519-back_camera3-11.jpg 15 1549.7 1498.77 987.23 1241.52 1124.95 514.5
6907777800519-back_camera3-17.jpg 15 1490.34 1460.19 868.5 1236.55 1243.67 447.29
6907777800519-back_camera3-14.jpg 15 1527.53 1508.14 869.23 1238.39 1316.6 539.51
6907777800519-back_camera3-13.jpg 15 1543.32 1510.89 895.64 1234.62 1295.35 552.55
6907777800519-back_camera3-16.jpg 15 1491.68 1482.44 836.96 1239.44 1309.43 486.0
6907777800519-back_camera3-21.jpg 15 1528.12 1438.24 879.68 1181.76 1296.88 512.96
6907777800519-back_camera3-15.jpg 15 1529.8 1490.48 876.45 1226.5 1306.7 527.96
6907777800519-back_camera3-22.jpg 15 1529.44 1461.04 909.98 1214.26 1238.92 493.55
6907777800519-back_camera3-18.jpg 15 1449.2 1429.04 829.7 1202.81 1239.0 452.46
6907777800519-back_camera3-20.jpg 15 1557.24 1443.7 948.45 1223.67 1217.59 440.05
6907777800519-back_camera3-1.jpg 15 1411.76 1441.76 838.43 1268.52 1146.67 346.47
6907777800519-back_camera3-19.jpg 15 1490.17 1419.35 862.05 1228.01 1256.24 382.67
6907777800519-back_camera3-23.jpg 15 1487.89 1468.59 857.1 1209.22 1261.59 518.74
6907777800519-back_camera3-24.jpg 15 1461.46 1461.03 839.48 1181.52 1243.96 559.03
6907777800519-back_camera3-25.jpg 15 1412.09 1472.27 808.23 1190.96 1207.71 562.61
6907777800519-back_camera3-29.jpg 15 1362.59 1432.62 897.72 1192.74 929.74 479.76
6907777800519-back_camera3-30.jpg 15 1408.58 1423.27 947.76 1191.6 921.64 463.34
6907777800519-back_camera3-28.jpg 15 1322.94 1453.53 828.3 1181.39 989.29 544.28
6907777800519-back_camera3-27.jpg 15 1350.66 1452.22 809.26 1189.08 1082.8 526.29
6907777800519-back_camera3-2.jpg 15 1407.99 1484.89 814.04 1281.25 1187.91 407.28
6907777800519-back_camera3-26.jpg 15 1367.03 1462.29 811.78 1194.11 1110.5 536.36
6907777800519-back_camera3-31.jpg 15 1426.2 1437.11 940.2 1206.7 972.0 460.82
6907777800519-back_camera3-36.jpg 15 1281.63 1455.32 639.0 1213.62 1285.26 483.41
6907777800519-back_camera3-34.jpg 15 1332.74 1457.74 726.85 1203.36 1211.79 508.77
6907777800519-back_camera3-33.jpg 15 1367.95 1450.45 778.24 1193.07 1179.43 514.76
6907777800519-back_camera3-32.jpg 15 1391.32 1446.79 834.63 1199.46 1113.37 494.65
6907777800519-back_camera3-35.jpg 15 1312.35 1458.14 672.19 1199.94 1280.31 516.41
6907777800519-back_camera3-37.jpg 15 1243.8 1459.39 601.09 1219.51 1285.42 479.76
6907777800519-back_camera3-38.jpg 15 1227.09 1467.15 604.39 1240.52 1245.4 453.26
6907777800519-back_camera3-39.jpg 15 1257.49 1445.93 617.88 1254.55 1279.21 382.76
6907777800519-back_camera3-3.jpg 15 1398.72 1495.9 795.72 1270.91 1206.01 449.98
6907777800519-back_camera3-40.jpg 15 1317.92 1427.04 680.83 1254.55 1274.18 344.98
6907777800519-back_camera3-6.jpg 15 1295.78 1524.65 653.03 1269.39 1285.49 510.52
6907777800519-back_camera3-7.jpg 15 1288.96 1529.03 695.94 1272.18 1186.04 513.7
6907777800519-back_camera3-4.jpg 15 1376.97 1500.79 759.71 1271.08 1234.53 459.43
6907777800519-back_camera3-5.jpg 15 1330.88 1517.04 690.73 1262.96 1280.31 508.16
6907777800519-back_camera3-9.jpg 15 1411.09 1484.96 912.5 1257.07 997.18 455.78
6907777800519_camera0-11.jpg 15 1351.88 1265.93 800.77 1142.3 1102.21 247.27
6907777800519_camera0-10.jpg 15 1312.88 1268.39 728.68 1153.82 1168.41 229.15
6907777800519-back_camera3-8.jpg 15 1330.39 1507.66 831.61 1259.51 997.57 496.3
6907777800519_camera0-12.jpg 15 1531.32 1259.65 981.91 1145.81 1098.82 227.68
6907777800519_camera0-13.jpg 15 1558.37 1252.78 1005.95 1137.04 1104.84 231.49
6907777800519_camera0-15.jpg 15 1595.2 1251.47 942.82 1129.15 1304.77 244.64
6907777800519_camera0-14.jpg 15 1585.03 1257.79 984.99 1154.18 1200.07 207.21
6907777800519_camera0-16.jpg 15 1590.95 1246.38 904.6 1133.37 1372.7 226.03
6907777800519_camera0-17.jpg 15 1574.46 1246.99 877.16 1130.36 1394.61 233.26
6907777800519_camera0-1.jpg 15 1239.86 1231.89 620.4 1111.02 1238.92 241.74
6907777800519_camera0-23.jpg 15 1547.86 1234.38 982.28 1121.26 1131.15 226.23
6907777800519_camera0-19.jpg 15 1527.78 1241.88 881.86 1135.47 1291.85 212.83
6907777800519_camera0-20.jpg 15 1527.88 1240.01 893.31 1131.78 1269.14 216.46
6907777800519_camera0-18.jpg 15 1557.05 1237.01 877.05 1116.0 1360.01 242.01
6907777800519_camera0-21.jpg 15 1540.78 1236.92 930.13 1141.23 1221.3 191.38
6907777800519_camera0-24.jpg 15 1533.98 1229.37 941.68 1113.88 1184.61 230.98
6907777800519_camera0-22.jpg 15 1613.28 1237.22 968.92 1133.83 1288.73 206.79
6907777800519_camera0-25.jpg 15 1522.87 1233.06 887.58 1113.37 1270.57 239.38
6907777800519_camera0-27.jpg 15 1444.37 1239.45 847.57 1122.89 1193.6 233.11
6907777800519_camera0-26.jpg 15 1482.09 1226.48 848.12 1089.69 1267.94 273.58
6907777800519_camera0-29.jpg 15 1392.76 1237.93 842.25 1114.74 1101.02 246.38
6907777800519_camera0-28.jpg 15 1417.39 1234.4 839.48 1116.05 1155.82 236.7
6907777800519_camera0-30.jpg 15 1380.82 1231.74 848.12 1102.84 1065.39 257.8
6907777800519_camera0-2.jpg 15 1282.49 1234.77 629.03 1115.66 1306.93 238.22
6907777800519_camera0-31.jpg 15 1352.12 1236.91 891.09 1119.54 922.05 234.75
6907777800519_camera0-34.jpg 15 1448.69 1229.37 909.09 1110.66 1079.2 237.42
6907777800519_camera0-35.jpg 15 1429.47 1226.48 858.64 1097.58 1141.67 257.8
6907777800519_camera0-37.jpg 15 1351.88 1229.11 716.59 1100.21 1270.57 257.8
6907777800519_camera0-32.jpg 15 1433.75 1236.92 970.42 1116.05 926.67 241.74
6907777800519_camera0-33.jpg 15 1463.94 1229.01 987.36 1106.68 953.16 244.65
6907777800519_camera0-38.jpg 15 1305.28 1228.1 646.86 1101.54 1316.85 253.11
6907777800519_camera0-36.jpg 15 1380.81 1222.54 766.57 1094.95 1228.48 255.17
6907777800519_camera0-3.jpg 15 1338.07 1235.66 690.91 1123.61 1294.32 224.11
6907777800519_camera0-39.jpg 15 1294.0 1223.85 677.13 1094.95 1233.74 257.8
6907777800519_camera0-40.jpg 15 1246.36 1227.27 600.78 1106.36 1291.15 241.83
6907777800519_camera0-4.jpg 15 1361.27 1245.2 697.56 1137.28 1327.42 215.84
6907777800519_camera0-5.jpg 15 1347.93 1244.89 648.19 1134.41 1399.47 220.97
6907777800519_camera0-6.jpg 15 1309.94 1258.47 597.74 1138.16 1424.4 240.61
6907777800519_camera0-9.jpg 15 1305.34 1264.62 675.8 1156.34 1259.07 216.56
6907777800519_camera0-8.jpg 15 1313.24 1269.96 628.34 1154.99 1369.79 229.95
6907777800519_camera1-11.jpg 15 1290.06 1255.42 845.49 837.16 889.14 836.53
6907777800519_camera1-10.jpg 15 1238.61 1257.07 786.6 803.8 904.01 906.53
6907777800519_camera1-15.jpg 15 1416.32 1237.01 787.61 713.52 1257.42 1046.97
6907777800519_camera1-12.jpg 15 1411.07 1264.62 895.47 813.48 1031.19 902.29
6907777800519_camera0-7.jpg 15 1316.66 1263.37 620.4 1146.27 1392.53 234.19
6907777800519_camera1-13.jpg 15 1420.95 1268.46 867.03 776.3 1107.85 984.33
6907777800519_camera1-16.jpg 15 1425.53 1238.32 800.77 731.93 1249.53 1012.77
6907777800519_camera1-17.jpg 15 1397.09 1202.15 768.62 736.34 1256.93 931.63
6907777800519_camera1-14.jpg 15 1429.47 1275.14 837.59 774.02 1183.76 1002.25
6907777800519_camera1-19.jpg 15 1395.99 1148.79 834.44 771.07 1123.09 755.44
6907777800519_camera1-18.jpg 15 1397.75 1182.59 791.42 748.67 1212.66 867.84
6907777800519_camera1-1.jpg 15 1139.14 1121.09 585.15 818.91 1107.98 604.35
6907777800519_camera1-20.jpg 15 1400.26 1120.39 835.31 789.52 1129.91 661.74
6907777800519_camera1-21.jpg 15 1453.9 1104.72 894.88 791.21 1118.05 627.02
6907777800519_camera1-22.jpg 15 1483.4 1092.32 934.93 737.19 1096.95 710.26
6907777800519_camera1-25.jpg 15 1353.17 1099.68 794.15 655.23 1118.05 888.9
6907777800519_camera1-23.jpg 15 1418.07 1096.55 843.19 697.03 1149.76 799.05
6907777800519_camera1-26.jpg 15 1355.97 1096.82 789.1 642.56 1133.74 908.53
6907777800519_camera1-27.jpg 15 1307.84 1089.61 763.93 632.57 1087.83 914.08
6907777800519_camera1-24.jpg 15 1392.64 1098.9 829.7 668.8 1125.89 860.2
6907777800519_camera1-2.jpg 15 1176.91 1167.68 625.44 841.58 1102.94 652.2
6907777800519_camera1-29.jpg 15 1268.7 1072.07 789.85 634.07 957.71 876.0
6907777800519_camera1-28.jpg 15 1286.11 1076.54 792.87 631.97 986.47 889.14
6907777800519_camera1-30.jpg 15 1242.38 1065.69 804.22 647.68 876.31 836.02
6907777800519_camera1-31.jpg 15 1224.3 1051.55 803.4 663.54 841.79 776.02
6907777800519_camera1-33.jpg 15 1258.26 1076.32 787.22 637.45 942.08 877.74
6907777800519_camera1-35.jpg 15 1204.56 1098.89 658.71 642.49 1091.69 912.81
6907777800519_camera1-36.jpg 15 1192.84 1097.11 589.83 627.28 1206.01 939.66
6907777800519_camera1-34.jpg 15 1233.68 1090.42 724.58 639.3 1018.21 902.25
6907777800519_camera1-32.jpg 15 1282.16 1076.54 840.22 658.28 883.88 836.52
6907777800519_camera1-38.jpg 15 1150.63 1106.79 537.71 695.1 1225.85 823.37
6907777800519_camera1-37.jpg 15 1137.28 1111.96 548.98 665.79 1176.6 892.35
6907777800519_camera1-3.jpg 15 1199.3 1209.38 595.58 813.48 1207.44 791.8
6907777800519_camera1-39.jpg 15 1123.01 1116.06 528.16 725.4 1189.71 781.32
6907777800519_camera1-40.jpg 15 1102.62 1136.2 552.41 776.1 1100.42 720.19
6907777800519_camera1-5.jpg 15 1169.05 1248.84 553.49 781.91 1231.11 933.86
6907777800519_camera1-6.jpg 15 1213.15 1279.9 633.77 781.36 1158.76 997.08
6907777800519_camera1-4.jpg 15 1186.98 1233.14 605.29 781.14 1163.38 904.01
6907777800519_camera1-7.jpg 15 1190.1 1294.88 616.63 797.7 1146.93 994.36
6907777800519_camera1-8.jpg 15 1205.87 1279.74 622.92 771.07 1165.9 1017.33
6907777800519_camera2-10.jpg 15 1368.97 871.36 840.22 482.03 1057.49 778.65
6907777800519_camera2-11.jpg 15 1378.97 852.03 899.68 504.73 958.58 694.6
6907777800519_camera1-9.jpg 15 1255.86 1272.51 798.14 784.54 915.44 975.95
6907777800519_camera2-12.jpg 15 1382.13 808.84 872.21 385.79 1019.84 846.09
6907777800519_camera2-15.jpg 15 1347.76 777.27 778.67 230.51 1138.18 1093.52
6907777800519_camera2-14.jpg 15 1356.78 776.34 808.19 273.95 1097.17 1004.78
6907777800519_camera2-13.jpg 15 1368.28 792.47 831.92 320.32 1072.73 944.3
6907777800519_camera2-16.jpg 15 1321.62 734.57 769.2 203.19 1104.84 1062.76
6907777800519_camera2-17.jpg 15 1313.99 758.45 777.44 191.97 1073.11 1132.95
6907777800519_camera2-22.jpg 15 1213.16 750.67 793.22 227.43 839.88 1046.48
6907777800519_camera2-1.jpg 15 1268.82 973.78 909.98 499.11 717.67 949.34
6907777800519_camera2-18.jpg 15 1271.64 758.23 784.98 200.55 973.32 1115.37
6907777800519_camera2-19.jpg 15 1265.07 734.56 819.18 195.29 891.77 1078.54
6907777800519_camera2-20.jpg 15 1261.26 753.44 869.69 259.89 783.14 987.11
6907777800519_camera2-21.jpg 15 1225.6 727.99 877.05 253.17 697.1 949.64
6907777800519_camera2-26.jpg 15 1162.15 796.46 603.81 238.12 1116.68 1116.68
6907777800519_camera2-25.jpg 15 1183.52 789.81 648.19 216.34 1070.65 1146.93
6907777800519_camera2-29.jpg 15 1139.13 841.58 607.81 390.83 1062.65 901.49
6907777800519_camera2-24.jpg 15 1199.36 765.0 699.86 227.97 999.0 1074.07
6907777800519_camera2-28.jpg 15 1132.22 820.06 579.8 300.52 1104.84 1039.08
6907777800519_camera2-2.jpg 15 1306.92 979.72 909.05 475.97 795.74 1007.49
6907777800519_camera2-27.jpg 15 1159.28 813.88 602.77 280.03 1113.02 1067.69
6907777800519_camera2-32.jpg 15 1159.26 916.1 662.65 510.23 993.23 811.74
6907777800519_camera2-30.jpg 15 1137.49 843.74 624.52 429.42 1025.93 828.63
6907777800519_camera2-34.jpg 15 1178.17 953.63 625.44 446.23 1105.46 1014.81
6907777800519_camera2-37.jpg 15 1215.08 977.89 698.17 411.0 1033.82 1133.78
6907777800519_camera2-36.jpg 15 1217.01 968.08 708.84 425.27 1016.33 1085.62
6907777800519_camera2-33.jpg 15 1178.7 919.16 657.58 452.64 1042.23 933.05
6907777800519_camera2-35.jpg 15 1191.76 954.27 650.45 427.38 1082.62 1053.79
6907777800519_camera2-31.jpg 15 1142.74 866.09 648.19 505.7 989.1 720.78
6907777800519_camera2-38.jpg 15 1219.71 978.81 726.16 441.19 987.11 1075.24
6907777800519_camera2-40.jpg 15 1248.77 984.44 833.96 473.39 829.61 1022.1
6907777800519_camera2-39.jpg 15 1221.66 966.06 761.31 442.57 920.7 1046.97
6907777800519_camera2-3.jpg 15 1326.74 971.26 887.32 431.12 878.83 1080.28
6907777800519_camera2-6.jpg 15 1364.26 947.86 818.56 400.24 1091.39 1095.24
6907777800519_camera2-5.jpg 15 1342.67 958.17 800.77 395.22 1083.8 1125.89
6907777800519_camera2-9.jpg 15 1368.28 888.16 841.99 446.23 1052.58 883.87
6907777800519_camera2-7.jpg 15 1363.3 924.77 816.64 390.62 1093.32 1068.3
6907777800519_camera2-4.jpg 15 1366.34 973.94 884.94 421.52 962.79 1104.84
6907777800519_camera3-14.jpg 15 1557.15 1429.56 892.36 1184.04 1329.58 491.04
6907777800519_camera3-12.jpg 15 1565.1 1438.12 950.64 1197.0 1228.92 482.24
6907777800519_camera3-10.jpg 15 1462.36 1444.82 929.66 1213.33 1065.39 462.98
6907777800519_camera2-8.jpg 15 1374.58 922.16 821.85 421.05 1105.46 1002.22
6907777800519_camera3-16.jpg 15 1520.63 1409.41 857.1 1184.04 1327.06 450.75
6907777800519_camera3-13.jpg 15 1569.93 1430.84 911.51 1179.38 1316.85 502.92
6907777800519_camera3-11.jpg 15 1558.22 1445.43 1014.46 1214.92 1087.51 461.02
6907777800519_camera3-15.jpg 15 1532.08 1407.99 842.86 1168.61 1378.43 478.77
6907777800519_camera3-19.jpg 15 1540.78 1374.16 909.98 1209.22 1261.59 329.88
6907777800519_camera3-18.jpg 15 1480.78 1402.73 845.49 1194.91 1270.57 415.63
6907777800519_camera3-17.jpg 15 1489.47 1389.34 847.11 1185.85 1284.71 406.97
6907777800519_camera3-1.jpg 15 1301.95 1394.82 661.33 1221.59 1281.25 346.47
6907777800519_camera3-20.jpg 15 1495.44 1386.75 950.27 1214.26 1090.35 344.98
6907777800519_camera3-22.jpg 15 1518.91 1381.69 898.1 1160.72 1241.63 441.94
6907777800519_camera3-21.jpg 15 1593.25 1377.85 963.94 1175.62 1258.62 404.46
6907777800519_camera3-24.jpg 15 1436.06 1371.99 838.86 1133.31 1194.39 477.37
6907777800519_camera3-27.jpg 15 1353.09 1376.25 819.21 1145.12 1067.76 462.27
6907777800519_camera3-26.jpg 15 1383.39 1369.12 816.81 1128.64 1133.16 480.96
6907777800519_camera3-23.jpg 15 1522.2 1382.69 880.87 1159.25 1282.66 446.88
6907777800519_camera3-29.jpg 15 1322.96 1379.2 879.77 1179.01 886.38 400.38
6907777800519_camera3-2.jpg 15 1322.95 1419.49 683.35 1234.4 1279.21 370.17
6907777800519_camera3-25.jpg 15 1434.61 1377.89 822.27 1135.36 1224.68 485.06
6907777800519_camera3-30.jpg 15 1379.62 1354.02 920.06 1151.31 919.12 405.42
6907777800519_camera3-28.jpg 15 1339.33 1382.97 839.48 1166.41 999.7 433.12
6907777800519_camera3-32.jpg 15 1404.41 1369.24 876.22 1136.61 1056.39 465.27
6907777800519_camera3-31.jpg 15 1406.95 1366.79 969.88 1147.71 874.15 438.16
6907777800519_camera3-33.jpg 15 1374.2 1351.7 806.0 1110.12 1136.41 483.17
6907777800519_camera3-34.jpg 15 1362.13 1373.81 777.37 1136.22 1169.53 475.17
6907777800519_camera3-37.jpg 15 1251.19 1379.2 615.36 1138.72 1271.66 480.96
6907777800519_camera3-36.jpg 15 1294.01 1368.54 666.61 1123.89 1254.79 489.29
6907777800519_camera3-4.jpg 15 1300.3 1443.41 620.4 1219.3 1359.79 448.23
6907777800519_camera3-40.jpg 15 1238.76 1377.74 616.63 1179.13 1244.27 397.22
6907777800519_camera3-6.jpg 15 1267.69 1460.61 611.36 1210.7 1312.66 499.81
6907777800519_camera3-38.jpg 15 1217.19 1374.16 590.18 1158.86 1254.03 430.6
6907777800519_camera3-3.jpg 15 1313.36 1435.38 647.63 1232.45 1331.45 405.87
6907777800519_camera3-39.jpg 15 1213.76 1381.69 595.58 1184.39 1236.37 394.59
6907777800519_camera3-8.jpg 15 1281.41 1453.48 695.94 1219.3 1170.93 468.37
6907777800519_camera3-5.jpg 15 1286.11 1452.71 595.58 1223.85 1381.06 457.72
6907777800519_camera3-7.jpg 15 1281.85 1461.22 656.07 1222.23 1251.55 477.99
6907777800519_camera3-9.jpg 15 1354.43 1444.66 816.81 1234.4 1075.24 420.53
