6914782114371-back_camera0-10.jpg 150 1419.14 1264.28 1125.78 1206.4 586.73 115.76
6914782114371-back_camera0-11.jpg 150 1418.32 1265.93 1118.8 1206.03 599.03 119.81
6914782114371-back_camera0-12.jpg 150 1421.62 1262.11 1127.38 1208.22 588.47 107.77
6914782114371-back_camera0-13.jpg 150 1412.21 1265.17 1121.81 1209.59 580.8 111.17
6914782114371-back_camera0-15.jpg 150 1409.42 1264.2 1143.01 1207.78 532.82 112.85
6914782114371-back_camera0-14.jpg 150 1410.67 1264.83 1128.87 1205.97 563.61 117.72
6914782114371-back_camera0-16.jpg 150 1404.23 1264.15 1158.17 1202.18 492.12 123.95
6914782114371-back_camera0-17.jpg 150 1407.12 1263.31 1174.31 1189.65 465.61 147.31
6914782114371-back_camera0-19.jpg 150 1401.33 1266.53 1240.03 1190.85 322.6 151.37
6914782114371-back_camera0-18.jpg 150 1401.28 1265.2 1205.44 1192.26 391.68 145.89
6914782114371-back_camera0-20.jpg 150 1404.61 1266.12 1302.51 1185.3 204.19 161.65
6914782114371-back_camera0-1.jpg 150 1387.0 1270.5 1306.92 1188.04 160.16 164.92
6914782114371-back_camera0-21.jpg 150 1421.81 1266.54 1344.34 1190.81 154.95 151.46
6914782114371-back_camera0-24.jpg 150 1423.44 1265.21 1236.59 1184.27 373.71 161.88
6914782114371-back_camera0-25.jpg 150 1416.32 1263.31 1184.83 1189.65 462.98 147.31
6914782114371-back_camera0-22.jpg 150 1423.48 1265.63 1302.17 1187.93 242.62 155.41
6914782114371-back_camera0-26.jpg 150 1418.49 1262.4 1163.72 1188.1 509.54 148.61
6914782114371-back_camera0-23.jpg 150 1423.47 1263.83 1276.09 1188.68 294.76 150.29
6914782114371-back_camera0-29.jpg 150 1403.18 1262.2 1113.47 1197.06 579.43 130.28
6914782114371-back_camera0-27.jpg 150 1416.42 1261.28 1156.81 1191.28 519.22 140.0
6914782114371-back_camera0-28.jpg 150 1416.33 1265.94 1132.22 1194.91 568.21 142.05
6914782114371-back_camera0-30.jpg 150 1394.63 1257.63 1104.53 1201.71 580.2 111.84
6914782114371-back_camera0-2.jpg 150 1405.8 1267.26 1305.84 1176.5 199.92 181.51
6914782114371-back_camera0-31.jpg 150 1394.91 1258.68 1101.27 1201.61 587.29 114.15
6914782114371-back_camera0-33.jpg 150 1388.47 1261.56 1098.95 1205.15 579.03 112.82
6914782114371-back_camera0-35.jpg 150 1380.92 1267.03 1105.76 1196.72 550.32 140.61
6914782114371-back_camera0-34.jpg 150 1384.75 1265.65 1097.61 1199.72 574.29 131.87
6914782114371-back_camera0-32.jpg 150 1393.57 1257.37 1104.96 1207.42 577.22 99.9
6914782114371-back_camera0-38.jpg 150 1375.32 1268.99 1178.43 1189.51 393.78 158.97
6914782114371-back_camera0-36.jpg 150 1376.05 1268.38 1122.02 1192.42 508.05 151.93
6914782114371-back_camera0-37.jpg 150 1376.96 1265.64 1142.91 1188.57 468.09 154.15
6914782114371-back_camera0-39.jpg 150 1377.06 1269.6 1214.19 1184.52 325.74 170.16
6914782114371-back_camera0-3.jpg 150 1418.86 1265.44 1253.86 1175.67 330.01 179.53
6914782114371-back_camera0-40.jpg 150 1381.71 1269.8 1259.56 1186.55 244.3 166.51
6914782114371-back_camera0-7.jpg 150 1424.88 1269.02 1155.68 1189.5 538.39 159.03
6914782114371-back_camera0-5.jpg 150 1423.8 1270.87 1200.36 1183.9 446.88 173.94
6914782114371-back_camera0-6.jpg 150 1425.47 1269.19 1176.91 1188.37 497.11 161.65
6914782114371-back_camera0-8.jpg 150 1422.95 1268.16 1139.91 1196.64 566.08 143.03
6914782114371-back_camera0-4.jpg 150 1418.87 1271.62 1240.72 1186.2 356.29 170.85
6914782114371-back_camera1-10.jpg 150 1274.84 1140.38 1007.89 1067.26 533.89 146.25
6914782114371-back_camera1-11.jpg 150 1276.27 1142.29 1006.85 1056.5 538.84 171.58
6914782114371-back_camera1-12.jpg 150 1271.63 1139.81 1001.61 1020.53 540.04 238.55
6914782114371-back_camera0-9.jpg 150 1421.01 1267.17 1129.31 1199.72 583.41 134.91
6914782114371-back_camera1-13.jpg 150 1271.64 1134.41 1011.21 979.21 520.86 310.41
6914782114371-back_camera1-15.jpg 150 1263.52 1139.45 1026.71 954.4 473.61 370.1
6914782114371-back_camera1-14.jpg 150 1266.57 1141.27 1021.11 967.93 490.92 346.68
6914782114371-back_camera1-16.jpg 150 1260.92 1139.57 1049.99 935.26 421.86 408.62
6914782114371-back_camera1-19.jpg 150 1261.08 1138.06 1147.13 914.41 227.89 447.29
6914782114371-back_camera1-17.jpg 150 1263.38 1143.5 1079.43 932.59 367.9 421.81
6914782114371-back_camera1-18.jpg 150 1257.17 1140.98 1098.02 910.81 318.3 460.35
6914782114371-back_camera1-21.jpg 150 1276.27 1135.2 1162.83 910.44 226.88 449.51
6914782114371-back_camera1-1.jpg 150 1262.68 1157.82 1170.56 930.54 184.25 454.56
6914782114371-back_camera1-23.jpg 150 1276.74 1135.48 1105.14 923.95 343.19 423.05
6914782114371-back_camera1-24.jpg 150 1272.73 1133.08 1074.92 923.21 395.62 419.73
6914782114371-back_camera1-25.jpg 150 1270.55 1133.39 1039.48 945.82 462.14 375.15
6914782114371-back_camera1-20.jpg 150 1275.3 1137.18 1200.49 914.32 149.61 445.73
6914782114371-back_camera1-22.jpg 150 1275.8 1134.61 1129.39 908.79 292.82 451.63
6914782114371-back_camera1-27.jpg 150 1263.99 1129.96 1011.86 973.65 504.27 312.62
6914782114371-back_camera1-28.jpg 150 1257.78 1127.9 991.28 993.87 533.0 268.06
6914782114371-back_camera1-26.jpg 150 1264.22 1128.82 1013.59 953.46 501.26 350.72
6914782114371-back_camera1-29.jpg 150 1256.57 1130.41 986.99 1024.16 539.16 212.49
6914782114371-back_camera1-30.jpg 150 1253.22 1125.2 977.01 1044.97 552.42 160.47
6914782114371-back_camera1-2.jpg 150 1264.83 1157.79 1140.25 927.46 249.16 460.65
6914782114371-back_camera1-31.jpg 150 1250.59 1122.58 977.01 1026.56 547.16 192.03
6914782114371-back_camera1-32.jpg 150 1247.92 1131.55 979.14 1014.2 537.57 234.69
6914782114371-back_camera1-34.jpg 150 1238.03 1137.88 985.29 969.39 505.47 336.98
6914782114371-back_camera1-33.jpg 150 1241.89 1137.09 975.54 991.51 532.7 291.16
6914782114371-back_camera1-36.jpg 150 1237.7 1145.22 1029.97 939.87 415.47 410.71
6914782114371-back_camera1-3.jpg 150 1269.01 1150.2 1090.13 929.23 357.76 441.94
6914782114371-back_camera1-38.jpg 150 1242.68 1153.34 1088.13 929.69 309.1 447.29
6914782114371-back_camera1-35.jpg 150 1238.7 1143.2 1004.12 949.34 469.16 387.72
6914782114371-back_camera1-37.jpg 150 1238.41 1151.05 1055.26 935.38 366.31 431.33
6914782114371-back_camera1-39.jpg 150 1240.07 1159.39 1124.33 923.96 231.49 470.87
6914782114371-back_camera1-40.jpg 150 1249.67 1156.01 1173.83 930.03 151.69 451.96
6914782114371-back_camera1-4.jpg 150 1271.31 1155.05 1077.75 938.8 387.11 432.49
6914782114371-back_camera1-5.jpg 150 1276.91 1150.7 1051.73 950.1 450.36 401.2
6914782114371-back_camera1-6.jpg 150 1271.81 1148.53 1028.52 966.3 486.57 364.46
6914782114371-back_camera1-7.jpg 150 1273.76 1148.94 1013.71 986.41 520.09 325.06
6914782114371-back_camera1-8.jpg 150 1275.59 1143.62 1008.58 997.62 534.01 291.99
6914782114371-back_camera1-9.jpg 150 1273.49 1142.11 1000.97 1029.29 545.05 225.63
6914782114371-back_camera2-10.jpg 150 1276.63 862.67 1207.77 621.35 137.72 482.65
6914782114371-back_camera2-12.jpg 150 1278.22 855.56 1169.05 605.66 218.34 499.81
6914782114371-back_camera2-11.jpg 150 1280.12 859.92 1207.97 624.04 144.3 471.76
6914782114371-back_camera2-18.jpg 150 1267.87 859.74 1028.31 719.92 479.12 279.64
6914782114371-back_camera2-13.jpg 150 1275.57 856.56 1118.88 621.17 313.38 470.78
6914782114371-back_camera2-19.jpg 150 1264.05 860.63 1019.05 753.59 490.0 214.08
6914782114371-back_camera2-17.jpg 150 1267.53 860.82 1033.44 687.11 468.18 347.41
6914782114371-back_camera2-14.jpg 150 1275.67 858.36 1096.97 634.46 357.41 447.8
6914782114371-back_camera2-16.jpg 150 1267.26 858.18 1049.09 666.14 436.34 384.08
6914782114371-back_camera2-15.jpg 150 1273.18 859.62 1081.53 647.58 383.3 424.08
6914782114371-back_camera2-20.jpg 150 1263.16 863.12 1023.34 799.84 479.64 126.56
6914782114371-back_camera2-1.jpg 150 1284.49 874.18 1048.66 800.1 471.65 148.16
6914782114371-back_camera2-21.jpg 150 1263.42 864.17 1023.42 771.55 480.01 185.24
6914782114371-back_camera2-22.jpg 150 1263.74 867.41 1021.73 737.19 484.03 260.43
6914782114371-back_camera2-23.jpg 150 1260.83 867.81 1027.04 721.69 467.57 292.23
6914782114371-back_camera2-24.jpg 150 1261.99 868.03 1035.79 694.37 452.41 347.32
6914782114371-back_camera2-25.jpg 150 1260.91 869.91 1054.95 658.98 411.93 421.86
6914782114371-back_camera2-29.jpg 150 1264.76 878.17 1154.68 635.81 220.16 484.72
6914782114371-back_camera2-27.jpg 150 1261.52 877.35 1093.26 648.92 336.52 456.86
6914782114371-back_camera2-26.jpg 150 1261.43 875.45 1078.52 657.58 365.83 435.73
6914782114371-back_camera2-30.jpg 150 1266.12 879.58 1192.87 640.61 146.5 477.94
6914782114371-back_camera2-2.jpg 150 1283.68 874.36 1044.26 773.0 478.84 202.72
6914782114371-back_camera2-32.jpg 150 1269.26 879.84 1161.88 639.25 214.76 481.17
6914782114371-back_camera2-31.jpg 150 1268.37 883.76 1194.6 643.24 147.54 481.05
6914782114371-back_camera2-33.jpg 150 1269.01 883.18 1129.59 647.75 278.84 470.87
6914782114371-back_camera2-28.jpg 150 1264.24 875.06 1118.59 630.74 291.3 488.64
6914782114371-back_camera2-36.jpg 150 1273.38 880.41 1060.1 689.32 426.57 382.17
6914782114371-back_camera2-34.jpg 150 1274.67 881.1 1107.5 652.08 334.35 458.04
6914782114371-back_camera2-35.jpg 150 1274.85 882.26 1081.38 673.73 386.93 417.06
6914782114371-back_camera2-3.jpg 150 1282.89 870.4 1048.34 717.06 469.1 306.68
6914782114371-back_camera2-37.jpg 150 1281.67 877.89 1046.75 707.18 469.85 341.42
6914782114371-back_camera2-38.jpg 150 1275.59 877.92 1032.26 731.93 486.66 291.99
6914782114371-back_camera2-39.jpg 150 1281.76 879.13 1038.27 773.11 486.99 212.04
6914782114371-back_camera2-5.jpg 150 1282.87 866.23 1073.59 669.86 418.56 392.74
6914782114371-back_camera2-4.jpg 150 1283.23 871.43 1054.62 702.46 457.22 337.94
6914782114371-back_camera2-6.jpg 150 1283.12 867.38 1093.51 654.66 379.22 425.44
6914782114371-back_camera2-9.jpg 150 1278.93 861.95 1167.24 622.98 223.38 477.94
6914782114371-back_camera2-40.jpg 150 1284.29 871.02 1046.42 801.25 475.73 139.55
6914782114371-back_camera2-7.jpg 150 1281.18 867.48 1114.0 639.13 334.37 456.7
6914782114371-back_camera3-10.jpg 150 1392.6 1417.32 1103.24 1346.15 578.72 142.34
6914782114371-back_camera2-8.jpg 150 1280.96 865.78 1137.04 625.07 287.85 481.41
6914782114371-back_camera3-11.jpg 150 1392.78 1418.48 1106.66 1342.37 572.23 152.23
6914782114371-back_camera3-12.jpg 150 1388.7 1421.14 1105.91 1323.81 565.57 194.66
6914782114371-back_camera3-14.jpg 150 1377.63 1422.66 1139.09 1306.45 477.09 232.43
6914782114371-back_camera3-13.jpg 150 1381.15 1419.67 1121.4 1307.46 519.5 224.42
6914782114371-back_camera3-16.jpg 150 1371.04 1421.97 1177.18 1288.88 387.72 266.18
6914782114371-back_camera3-15.jpg 150 1376.24 1424.47 1148.65 1296.14 455.18 256.66
6914782114371-back_camera3-18.jpg 150 1375.07 1421.52 1252.74 1282.88 244.66 277.28
6914782114371-back_camera3-19.jpg 150 1379.04 1419.15 1299.56 1282.53 158.97 273.25
6914782114371-back_camera3-21.jpg 150 1399.09 1418.65 1233.97 1279.04 330.23 279.22
6914782114371-back_camera3-17.jpg 150 1373.37 1424.12 1213.66 1292.28 319.42 263.69
6914782114371-back_camera3-1.jpg 150 1386.76 1433.13 1243.54 1286.37 286.44 293.53
6914782114371-back_camera3-20.jpg 150 1392.65 1418.51 1266.38 1276.46 252.54 284.1
6914782114371-back_camera3-24.jpg 150 1387.22 1415.98 1145.59 1291.13 483.27 249.69
6914782114371-back_camera3-26.jpg 150 1379.44 1414.84 1102.73 1320.48 553.43 188.71
6914782114371-back_camera3-22.jpg 150 1396.1 1417.28 1200.41 1282.97 391.37 268.61
6914782114371-back_camera3-25.jpg 150 1384.97 1414.17 1116.46 1306.41 537.01 215.52
6914782114371-back_camera3-30.jpg 150 1366.5 1407.67 1079.7 1337.67 573.59 140.0
6914782114371-back_camera3-23.jpg 150 1392.65 1414.56 1171.68 1279.09 441.94 270.95
6914782114371-back_camera3-29.jpg 150 1368.4 1412.94 1077.24 1345.11 582.33 135.66
6914782114371-back_camera3-27.jpg 150 1376.14 1411.61 1087.52 1314.95 577.24 193.31
6914782114371-back_camera3-2.jpg 150 1391.84 1433.03 1216.77 1292.77 350.14 280.53
6914782114371-back_camera3-28.jpg 150 1369.73 1409.51 1084.29 1333.78 570.88 151.46
6914782114371-back_camera3-31.jpg 150 1358.44 1407.99 1063.82 1318.55 589.25 178.88
6914782114371-back_camera3-35.jpg 150 1347.25 1426.57 1121.18 1294.26 452.14 264.62
6914782114371-back_camera3-32.jpg 150 1359.81 1415.59 1080.71 1318.06 558.19 195.05
6914782114371-back_camera3-33.jpg 150 1355.65 1422.39 1086.55 1310.18 538.2 224.42
6914782114371-back_camera3-36.jpg 150 1351.87 1426.4 1153.26 1281.72 397.22 289.36
6914782114371-back_camera3-39.jpg 150 1360.64 1432.27 1277.69 1286.21 165.91 292.11
6914782114371-back_camera3-37.jpg 150 1350.38 1427.13 1186.61 1279.47 327.55 295.33
6914782114371-back_camera3-34.jpg 150 1351.82 1425.95 1103.65 1304.64 496.34 242.62
6914782114371-back_camera3-38.jpg 150 1353.19 1432.98 1226.92 1284.35 252.54 297.26
6914782114371-back_camera3-4.jpg 150 1395.68 1428.82 1160.19 1299.58 470.97 258.48
6914782114371-back_camera3-3.jpg 150 1394.09 1430.46 1167.44 1292.33 453.29 276.27
6914782114371-back_camera3-40.jpg 150 1380.36 1431.05 1275.02 1289.07 210.68 283.96
6914782114371-back_camera3-5.jpg 150 1393.23 1427.9 1119.15 1299.48 548.15 256.85
6914782114371-back_camera3-6.jpg 150 1395.28 1423.78 1121.7 1310.66 547.16 226.23
6914782114371-back_camera3-7.jpg 150 1392.94 1422.65 1106.14 1323.43 573.59 198.45
6914782114371-back_camera3-8.jpg 150 1389.71 1420.92 1094.77 1333.01 589.89 175.83
6914782114371-back_camera3-9.jpg 150 1390.84 1422.32 1093.01 1343.75 595.66 157.14
6914782114371_camera0-11.jpg 150 1391.67 1259.63 1100.68 1206.51 581.98 106.25
6914782114371_camera0-12.jpg 150 1395.33 1263.37 1096.17 1207.4 598.32 111.94
6914782114371_camera0-13.jpg 150 1395.28 1264.63 1100.65 1197.55 589.25 134.16
6914782114371_camera0-10.jpg 150 1385.89 1262.73 1093.65 1205.64 584.47 114.18
6914782114371_camera0-14.jpg 150 1391.34 1271.21 1113.81 1200.18 555.05 142.05
6914782114371_camera0-16.jpg 150 1396.81 1269.19 1161.42 1195.46 470.78 147.47
6914782114371_camera0-15.jpg 150 1394.78 1266.76 1137.2 1201.51 515.15 130.49
6914782114371_camera0-17.jpg 150 1401.74 1266.36 1208.43 1187.15 386.62 158.41
6914782114371_camera0-19.jpg 150 1424.21 1265.94 1318.99 1181.76 210.45 168.36
6914782114371_camera0-18.jpg 150 1409.86 1272.24 1243.24 1192.83 333.23 158.82
6914782114371_camera0-20.jpg 150 1444.03 1267.05 1364.86 1189.19 158.34 155.72
6914782114371_camera0-21.jpg 150 1446.68 1265.79 1338.33 1190.06 216.7 151.46
6914782114371_camera0-24.jpg 150 1457.86 1262.22 1247.18 1188.82 421.36 146.8
6914782114371_camera0-22.jpg 150 1454.62 1266.36 1309.9 1188.43 289.43 155.85
6914782114371_camera0-1.jpg 150 1382.38 1260.2 1289.75 1175.63 185.25 169.14
6914782114371_camera0-27.jpg 150 1447.42 1264.16 1170.2 1193.26 554.44 141.8
6914782114371_camera0-23.jpg 150 1454.46 1264.62 1274.27 1179.13 360.39 170.99
6914782114371_camera0-25.jpg 150 1455.25 1264.29 1217.58 1192.64 475.34 143.3
6914782114371_camera0-29.jpg 150 1432.23 1255.49 1144.21 1198.45 576.04 114.08
6914782114371_camera0-26.jpg 150 1451.65 1265.3 1190.33 1191.76 522.64 147.07
6914782114371_camera0-28.jpg 150 1438.03 1262.58 1145.38 1198.14 585.29 128.87
6914782114371_camera0-2.jpg 150 1384.4 1266.79 1258.58 1184.65 251.65 164.27
6914782114371_camera0-30.jpg 150 1425.72 1255.73 1139.7 1203.88 572.04 103.69
6914782114371_camera0-34.jpg 150 1398.23 1257.86 1123.13 1196.88 550.19 121.95
6914782114371_camera0-31.jpg 150 1421.76 1258.49 1131.69 1210.78 580.14 95.42
6914782114371_camera0-32.jpg 150 1414.38 1261.29 1121.74 1202.22 585.29 118.13
6914782114371_camera0-35.jpg 150 1385.45 1260.06 1136.49 1196.63 497.93 126.86
6914782114371_camera0-33.jpg 150 1404.0 1255.63 1118.98 1196.68 570.04 117.9
6914782114371_camera0-37.jpg 150 1371.51 1259.76 1175.78 1187.72 391.46 144.08
6914782114371_camera0-36.jpg 150 1379.67 1261.65 1152.13 1191.52 455.08 140.26
6914782114371_camera0-39.jpg 150 1365.65 1258.95 1239.08 1173.8 253.14 170.3
6914782114371_camera0-38.jpg 150 1369.87 1262.82 1202.54 1182.7 334.65 160.23
6914782114371_camera0-3.jpg 150 1386.63 1265.61 1211.29 1184.73 350.68 161.75
6914782114371_camera0-40.jpg 150 1374.38 1264.76 1301.57 1184.37 145.63 160.78
6914782114371_camera0-4.jpg 150 1386.41 1266.83 1164.49 1183.17 443.84 167.32
6914782114371_camera0-5.jpg 150 1387.31 1265.84 1146.86 1186.58 480.9 158.52
6914782114371_camera0-8.jpg 150 1387.4 1264.92 1092.97 1189.75 588.87 150.35
6914782114371_camera0-6.jpg 150 1385.47 1267.78 1125.97 1186.95 518.99 161.65
6914782114371_camera0-7.jpg 150 1383.78 1265.16 1111.03 1193.01 545.5 144.3
6914782114371_camera0-9.jpg 150 1386.64 1261.99 1088.03 1194.99 597.22 134.0
6914782114371_camera1-10.jpg 150 1248.26 1152.31 979.94 1070.63 536.63 163.35
6914782114371_camera1-11.jpg 150 1251.06 1158.46 974.52 1041.67 553.08 233.58
6914782114371_camera1-12.jpg 150 1252.51 1159.14 980.37 1014.39 544.28 289.51
6914782114371_camera1-15.jpg 150 1259.05 1166.89 1045.26 966.5 427.57 400.78
6914782114371_camera1-13.jpg 150 1250.6 1163.35 992.8 994.99 515.59 336.71
6914782114371_camera1-14.jpg 150 1254.24 1158.39 1009.4 962.88 489.68 391.02
6914782114371_camera1-17.jpg 150 1270.84 1169.35 1127.74 938.57 286.2 461.56
6914782114371_camera1-16.jpg 150 1266.38 1167.3 1074.35 945.01 384.06 444.57
6914782114371_camera1-1.jpg 150 1237.39 1140.68 1116.87 911.59 241.05 458.19
6914782114371_camera1-19.jpg 150 1293.96 1161.58 1223.28 940.02 141.36 443.11
6914782114371_camera1-18.jpg 150 1276.72 1167.04 1154.56 933.46 244.32 467.16
6914782114371_camera1-20.jpg 150 1299.79 1159.42 1192.26 930.3 215.06 458.25
6914782114371_camera1-22.jpg 150 1307.15 1154.13 1145.37 923.96 323.56 460.35
6914782114371_camera1-21.jpg 150 1302.38 1155.72 1169.85 932.81 265.05 445.83
6914782114371_camera1-23.jpg 150 1305.1 1148.76 1111.4 934.14 387.4 429.25
6914782114371_camera1-26.jpg 150 1297.94 1134.4 1042.78 966.05 510.33 336.71
6914782114371_camera1-25.jpg 150 1302.0 1136.82 1060.46 948.22 483.07 377.19
6914782114371_camera1-27.jpg 150 1294.37 1129.12 1027.79 984.42 533.15 289.4
6914782114371_camera1-24.jpg 150 1306.36 1144.67 1090.92 942.83 430.87 403.69
6914782114371_camera1-29.jpg 150 1274.27 1117.32 1005.95 1029.19 536.64 176.25
6914782114371_camera1-28.jpg 150 1286.61 1118.93 1021.12 1010.7 530.97 216.46
6914782114371_camera1-2.jpg 150 1238.56 1144.32 1087.38 916.78 302.35 455.08
6914782114371_camera1-30.jpg 150 1275.88 1113.45 1008.07 1028.88 535.62 169.14
6914782114371_camera1-33.jpg 150 1257.49 1116.05 1008.19 959.93 498.59 312.25
6914782114371_camera1-31.jpg 150 1269.01 1115.99 998.06 997.62 541.9 236.75
6914782114371_camera1-32.jpg 150 1262.51 1115.76 999.47 978.21 526.08 275.09
6914782114371_camera1-34.jpg 150 1251.87 1118.16 1017.4 941.46 468.93 353.4
6914782114371_camera1-35.jpg 150 1240.75 1123.04 1024.62 917.87 432.26 410.33
6914782114371_camera1-38.jpg 150 1232.92 1130.18 1110.32 904.2 245.2 451.96
6914782114371_camera1-36.jpg 150 1238.95 1124.36 1055.8 915.04 366.31 418.64
6914782114371_camera1-39.jpg 150 1231.57 1135.26 1151.02 910.88 161.09 448.75
6914782114371_camera1-37.jpg 150 1237.35 1128.36 1081.5 907.94 311.7 440.83
6914782114371_camera1-40.jpg 150 1238.76 1138.36 1132.22 908.18 213.08 460.35
6914782114371_camera1-4.jpg 150 1240.24 1145.36 1013.59 945.18 453.29 400.35
6914782114371_camera1-3.jpg 150 1242.09 1143.85 1048.76 932.02 386.66 423.66
6914782114371_camera1-8.jpg 150 1238.76 1152.82 966.49 1037.08 544.53 231.49
6914782114371_camera1-7.jpg 150 1238.5 1148.76 971.71 1002.91 533.57 291.7
6914782114371_camera1-6.jpg 150 1240.02 1149.11 985.32 980.79 509.4 336.63
6914782114371_camera1-5.jpg 150 1238.79 1148.74 1001.72 967.17 474.14 363.14
6914782114371_camera1-9.jpg 150 1240.07 1154.14 963.86 1063.39 552.42 181.51
6914782114371_camera2-11.jpg 150 1299.67 881.38 1196.87 639.61 205.61 483.54
6914782114371_camera2-13.jpg 150 1300.91 871.27 1141.54 642.92 318.74 456.7
6914782114371_camera2-10.jpg 150 1298.6 884.53 1229.56 646.34 138.08 476.37
6914782114371_camera2-12.jpg 150 1306.46 878.4 1169.84 640.47 273.25 475.86
6914782114371_camera2-15.jpg 150 1301.89 867.41 1092.76 671.43 418.26 391.96
6914782114371_camera2-18.jpg 150 1291.87 855.86 1050.81 738.87 482.12 233.97
6914782114371_camera2-14.jpg 150 1304.24 868.47 1115.0 651.18 378.49 434.59
6914782114371_camera2-16.jpg 150 1298.7 861.49 1071.61 686.08 454.18 350.82
6914782114371_camera2-17.jpg 150 1294.79 855.03 1060.1 722.62 469.39 264.82
6914782114371_camera2-1.jpg 150 1262.97 897.58 1020.77 794.13 484.4 206.9
6914782114371_camera2-20.jpg 150 1284.07 843.09 1043.72 750.21 480.7 185.76
6914782114371_camera2-19.jpg 150 1288.26 847.7 1050.59 785.75 475.34 123.9
6914782114371_camera2-21.jpg 150 1281.19 841.25 1044.1 733.49 474.18 215.53
6914782114371_camera2-23.jpg 150 1273.94 839.34 1045.44 677.08 457.0 324.52
6914782114371_camera2-27.jpg 150 1256.72 845.92 1114.0 615.82 285.44 460.2
6914782114371_camera2-22.jpg 150 1279.22 840.71 1043.37 704.08 471.7 273.25
6914782114371_camera2-25.jpg 150 1265.63 841.67 1064.99 629.68 401.29 423.98
6914782114371_camera2-26.jpg 150 1259.09 844.77 1084.58 616.56 349.03 456.42
6914782114371_camera2-28.jpg 150 1257.17 843.73 1134.85 603.03 244.64 481.4
6914782114371_camera2-24.jpg 150 1268.11 841.11 1056.75 652.85 422.72 376.51
6914782114371_camera2-29.jpg 150 1248.62 857.98 1164.25 616.92 168.74 482.12
6914782114371_camera2-2.jpg 150 1267.13 896.69 1031.13 765.33 472.0 262.72
6914782114371_camera2-32.jpg 150 1240.07 863.47 1103.28 624.08 273.58 478.77
6914782114371_camera2-33.jpg 150 1244.67 868.98 1074.74 635.1 339.86 467.76
6914782114371_camera2-31.jpg 150 1248.88 861.57 1144.35 623.83 209.06 475.47
6914782114371_camera2-30.jpg 150 1250.75 860.1 1179.85 618.33 141.8 483.54
6914782114371_camera2-34.jpg 150 1245.33 880.56 1055.93 655.65 378.8 449.83
6914782114371_camera2-35.jpg 150 1246.82 880.29 1039.44 688.06 414.76 384.47
6914782114371_camera2-36.jpg 150 1244.02 884.51 1019.1 713.52 449.83 341.98
6914782114371_camera2-38.jpg 150 1253.59 893.43 1013.94 778.57 479.29 229.72
6914782114371_camera2-4.jpg 150 1278.44 895.75 1071.97 694.23 412.94 403.04
6914782114371_camera2-39.jpg 150 1257.86 891.98 1022.52 820.91 470.68 142.14
6914782114371_camera2-37.jpg 150 1249.28 892.39 1011.21 742.45 476.14 299.89
6914782114371_camera2-40.jpg 150 1261.74 893.9 1018.55 806.22 486.38 175.36
6914782114371_camera2-3.jpg 150 1271.64 898.97 1042.78 726.67 457.72 344.61
6914782114371_camera2-6.jpg 150 1284.8 896.02 1112.2 671.65 345.19 448.75
6914782114371_camera2-7.jpg 150 1286.81 899.52 1143.41 667.09 286.8 464.86
6914782114371_camera2-5.jpg 150 1281.88 899.09 1090.36 685.14 383.04 427.89
6914782114371_camera2-8.jpg 150 1290.05 893.71 1174.31 647.75 231.49 491.92
6914782114371_camera2-9.jpg 150 1294.61 890.39 1209.53 650.34 170.16 480.1
6914782114371_camera3-10.jpg 150 1363.21 1425.3 1072.53 1347.83 581.36 154.95
6914782114371_camera3-11.jpg 150 1366.34 1423.78 1074.35 1321.18 583.99 205.19
6914782114371_camera3-12.jpg 150 1364.89 1427.31 1084.84 1315.99 560.11 222.63
6914782114371_camera3-13.jpg 150 1369.78 1432.94 1109.35 1309.44 520.86 247.0
6914782114371_camera3-14.jpg 150 1371.74 1434.56 1139.99 1307.47 463.5 254.18
6914782114371_camera3-17.jpg 150 1390.88 1435.84 1282.31 1293.5 217.15 284.68
6914782114371_camera3-15.jpg 150 1379.5 1438.24 1171.68 1297.51 415.63 281.47
6914782114371_camera3-20.jpg 150 1428.86 1427.82 1265.91 1287.2 325.9 281.24
6914782114371_camera3-16.jpg 150 1380.82 1436.93 1211.14 1289.62 339.35 294.63
6914782114371_camera3-18.jpg 150 1394.7 1433.96 1315.18 1297.36 159.03 273.2
6914782114371_camera3-22.jpg 150 1430.3 1425.07 1217.71 1289.41 425.17 271.31
6914782114371_camera3-19.jpg 150 1423.22 1431.5 1299.8 1291.17 246.85 280.66
6914782114371_camera3-1.jpg 150 1356.01 1424.84 1186.31 1279.88 339.4 289.91
6914782114371_camera3-24.jpg 150 1422.91 1418.51 1161.16 1297.51 523.49 242.01
6914782114371_camera3-21.jpg 150 1429.5 1428.45 1248.05 1292.53 362.91 271.85
6914782114371_camera3-23.jpg 150 1430.79 1422.46 1192.72 1289.62 476.14 265.69
6914782114371_camera3-26.jpg 150 1410.67 1411.44 1125.3 1315.49 570.75 191.9
6914782114371_camera3-25.jpg 150 1419.78 1414.95 1146.0 1308.45 547.55 212.99
6914782114371_camera3-28.jpg 150 1403.17 1408.0 1113.81 1331.71 578.73 152.57
6914782114371_camera3-27.jpg 150 1402.62 1406.88 1118.77 1328.38 567.7 156.99
6914782114371_camera3-29.jpg 150 1394.77 1404.11 1105.67 1339.0 578.2 130.22
6914782114371_camera3-2.jpg 150 1362.4 1425.09 1158.53 1289.62 407.74 270.95
6914782114371_camera3-30.jpg 150 1386.85 1404.94 1100.27 1325.48 573.16 158.93
6914782114371_camera3-33.jpg 150 1361.48 1411.45 1114.78 1297.96 493.4 226.99
6914782114371_camera3-31.jpg 150 1375.2 1404.67 1095.12 1312.05 560.16 185.24
6914782114371_camera3-32.jpg 150 1367.66 1407.99 1090.13 1297.51 555.05 220.97
6914782114371_camera3-35.jpg 150 1349.83 1414.54 1149.8 1280.93 400.05 267.22
6914782114371_camera3-36.jpg 150 1343.06 1416.89 1182.67 1281.65 320.78 270.49
6914782114371_camera3-34.jpg 150 1355.82 1417.2 1124.33 1297.51 462.98 239.38
6914782114371_camera3-3.jpg 150 1359.83 1425.3 1120.71 1293.94 478.23 262.72
6914782114371_camera3-38.jpg 150 1340.54 1420.09 1256.94 1280.77 167.19 278.64
6914782114371_camera3-39.jpg 150 1353.18 1423.77 1247.96 1276.46 210.45 294.62
6914782114371_camera3-37.jpg 150 1340.47 1418.69 1213.56 1277.6 253.82 282.18
6914782114371_camera3-40.jpg 150 1359.76 1425.09 1203.24 1273.83 313.04 302.52
6914782114371_camera3-6.jpg 150 1355.73 1422.82 1072.33 1322.23 566.8 201.17
6914782114371_camera3-5.jpg 150 1357.46 1425.74 1079.01 1314.05 556.9 223.38
6914782114371_camera3-7.jpg 150 1355.82 1423.77 1058.56 1323.81 594.51 199.92
6914782114371_camera3-4.jpg 150 1357.81 1423.83 1089.2 1305.93 537.22 235.79
6914782114371_camera3-8.jpg 150 1358.6 1422.73 1067.92 1352.83 581.36 139.81
6914782114371_camera3-9.jpg 150 1363.72 1422.82 1070.9 1357.59 585.64 130.46
