6932107253215-back_camera0-11.jpg 152 1437.17 1064.58 1085.15 970.0 704.04 189.15
6932107253215-back_camera0-13.jpg 152 1422.9 1056.81 1037.52 958.16 770.76 197.29
6932107253215-back_camera0-10.jpg 152 1414.66 1064.37 1067.38 979.53 694.56 169.68
6932107253215-back_camera0-14.jpg 152 1414.49 1070.92 1019.82 974.08 789.34 193.68
6932107253215-back_camera0-12.jpg 152 1436.05 1068.64 1048.04 968.68 776.02 199.92
6932107253215-back_camera0-16.jpg 152 1401.71 1073.77 1019.48 970.0 764.46 207.54
6932107253215-back_camera0-15.jpg 152 1407.5 1066.51 1021.48 976.8 772.04 179.42
6932107253215-back_camera0-17.jpg 152 1387.39 1068.64 1032.26 955.53 710.26 226.23
6932107253215-back_camera0-1.jpg 152 1469.64 1070.2 1218.57 960.99 502.14 218.42
6932107253215-back_camera0-22.jpg 152 1462.36 1076.53 1148.0 968.68 628.71 215.71
6932107253215-back_camera0-18.jpg 152 1391.09 1071.55 1067.79 978.93 646.6 185.24
6932107253215-back_camera0-20.jpg 152 1406.76 1071.64 1142.31 970.96 528.91 201.36
6932107253215-back_camera0-19.jpg 152 1389.95 1071.75 1101.27 968.35 577.36 206.79
6932107253215-back_camera0-24.jpg 152 1454.47 1069.96 1074.35 963.42 760.24 213.08
6932107253215-back_camera0-23.jpg 152 1463.15 1074.24 1131.73 972.75 662.85 202.98
6932107253215-back_camera0-21.jpg 152 1456.95 1072.57 1200.53 973.31 512.84 198.52
6932107253215-back_camera0-29.jpg 152 1434.73 1069.96 1058.56 958.16 752.35 223.6
6932107253215-back_camera0-27.jpg 152 1444.9 1080.18 1046.45 976.62 796.9 207.12
6932107253215-back_camera0-28.jpg 152 1434.95 1072.03 1057.48 976.49 754.95 191.07
6932107253215-back_camera0-26.jpg 152 1446.57 1069.96 1055.93 955.53 781.28 228.86
6932107253215-back_camera0-25.jpg 152 1455.16 1078.09 1067.22 971.93 775.88 212.31
6932107253215-back_camera0-30.jpg 152 1454.47 1069.96 1076.98 966.05 754.98 207.82
6932107253215-back_camera0-2.jpg 152 1469.22 1070.51 1182.42 971.96 573.59 197.09
6932107253215-back_camera0-38.jpg 152 1421.38 1073.26 1100.03 968.07 642.71 210.38
6932107253215-back_camera0-35.jpg 152 1438.68 1068.64 1037.52 960.79 802.33 215.71
6932107253215-back_camera0-32.jpg 152 1473.54 1065.37 1098.39 979.06 750.29 172.62
6932107253215-back_camera0-31.jpg 152 1472.53 1064.58 1111.61 970.0 721.84 189.15
6932107253215-back_camera0-33.jpg 152 1461.8 1066.11 1067.13 973.64 789.34 184.93
6932107253215-back_camera0-37.jpg 152 1437.37 1072.59 1090.13 955.53 694.47 234.12
6932107253215-back_camera0-34.jpg 152 1457.1 1063.38 1050.67 955.53 812.85 215.71
6932107253215-back_camera0-36.jpg 152 1435.44 1065.95 1066.53 966.69 737.83 198.52
6932107253215-back_camera0-39.jpg 152 1414.47 1071.77 1133.79 971.07 561.36 201.39
6932107253215-back_camera0-40.jpg 152 1431.31 1069.26 1175.71 965.04 511.19 208.45
6932107253215-back_camera0-5.jpg 152 1441.31 1063.38 1063.82 947.64 754.98 231.49
6932107253215-back_camera0-3.jpg 152 1465.35 1070.31 1145.93 971.76 638.84 197.09
6932107253215-back_camera0-4.jpg 152 1457.1 1069.96 1092.76 952.9 728.67 234.12
6932107253215-back_camera0-6.jpg 152 1437.79 1070.37 1049.85 966.14 775.88 208.45
6932107253215-back_camera0-7.jpg 152 1427.53 1067.51 1046.26 972.36 762.53 190.29
6932107253215-back_camera1-12.jpg 152 1279.53 1185.71 913.88 947.64 731.3 476.14
6932107253215-back_camera1-10.jpg 152 1261.18 1173.62 934.04 1004.74 654.29 337.76
6932107253215-back_camera0-8.jpg 152 1415.02 1067.08 1037.61 973.52 754.82 187.12
6932107253215-back_camera0-9.jpg 152 1393.96 1066.01 1027.0 966.05 733.93 199.92
6932107253215-back_camera1-16.jpg 152 1288.75 1186.73 948.55 896.44 680.4 580.57
6932107253215-back_camera1-15.jpg 152 1290.26 1187.97 937.43 910.46 705.67 555.02
6932107253215-back_camera1-11.jpg 152 1276.9 1181.77 937.56 971.32 678.69 420.89
6932107253215-back_camera1-13.jpg 152 1288.74 1190.67 919.65 935.85 738.19 509.64
6932107253215-back_camera1-14.jpg 152 1283.47 1190.96 911.25 910.81 744.45 560.31
6932107253215-back_camera1-17.jpg 152 1292.82 1176.18 986.31 900.94 613.01 550.49
6932107253215-back_camera1-19.jpg 152 1300.58 1163.35 1050.67 908.18 499.81 510.33
6932107253215-back_camera1-18.jpg 152 1295.31 1168.35 1014.22 893.82 562.18 549.05
6932107253215-back_camera1-1.jpg 152 1216.85 1148.29 967.09 890.6 499.52 515.37
6932107253215-back_camera1-21.jpg 152 1341.28 1143.38 1077.27 880.68 528.03 525.41
6932107253215-back_camera1-20.jpg 152 1335.42 1149.17 1108.75 913.29 453.35 471.76
6932107253215-back_camera1-22.jpg 152 1336.47 1139.67 1048.65 881.19 575.63 516.96
6932107253215-back_camera1-24.jpg 152 1322.89 1130.24 977.44 851.78 690.91 556.93
6932107253215-back_camera1-23.jpg 152 1330.24 1133.9 1014.68 865.12 631.13 537.57
6932107253215-back_camera1-25.jpg 152 1313.73 1117.32 953.34 842.42 720.78 549.79
6932107253215-back_camera1-26.jpg 152 1297.94 1110.55 938.04 854.41 719.81 512.27
6932107253215-back_camera1-27.jpg 152 1286.69 1104.69 934.05 865.33 705.29 478.72
6932107253215-back_camera1-28.jpg 152 1271.73 1095.69 937.93 891.92 667.61 407.54
6932107253215-back_camera1-29.jpg 152 1267.7 1097.58 940.19 916.07 655.01 363.02
6932107253215-back_camera1-30.jpg 152 1276.92 1082.97 956.43 912.21 640.99 341.51
6932107253215-back_camera1-2.jpg 152 1215.19 1153.89 922.28 872.8 585.83 562.18
6932107253215-back_camera1-34.jpg 152 1227.74 1109.98 869.09 844.93 717.3 530.1
6932107253215-back_camera1-33.jpg 152 1242.05 1104.88 890.81 864.63 702.49 480.49
6932107253215-back_camera1-32.jpg 152 1254.6 1097.41 901.26 867.55 706.67 459.73
6932107253215-back_camera1-31.jpg 152 1269.07 1096.29 942.85 908.71 652.43 375.15
6932107253215-back_camera1-38.jpg 152 1187.61 1135.5 919.65 870.17 535.91 530.66
6932107253215-back_camera1-35.jpg 152 1203.97 1120.2 861.44 849.83 685.05 540.75
6932107253215-back_camera1-36.jpg 152 1191.55 1127.62 851.35 851.78 680.4 551.68
6932107253215-back_camera1-37.jpg 152 1184.97 1127.62 888.12 862.29 593.71 530.66
6932107253215-back_camera1-39.jpg 152 1183.3 1140.6 950.98 896.39 464.63 488.42
6932107253215-back_camera1-4.jpg 152 1217.82 1170.97 869.74 875.43 696.16 591.08
6932107253215-back_camera1-3.jpg 152 1216.4 1171.24 892.84 884.51 647.12 573.47
6932107253215-back_camera1-5.jpg 152 1220.64 1176.37 863.85 899.65 713.59 553.43
6932107253215-back_camera1-6.jpg 152 1229.63 1174.9 861.85 896.44 735.57 556.93
6932107253215-back_camera1-40.jpg 152 1197.99 1155.45 950.71 908.18 494.55 494.55
6932107253215-back_camera1-7.jpg 152 1220.45 1173.6 856.6 912.21 727.69 522.78
6932107253215-back_camera2-12.jpg 152 1325.76 862.65 1075.08 553.69 501.37 617.92
6932107253215-back_camera2-11.jpg 152 1332.14 867.41 1105.91 571.47 452.46 591.88
6932107253215-back_camera1-8.jpg 152 1224.38 1180.16 864.48 943.73 719.81 472.86
6932107253215-back_camera2-15.jpg 152 1316.99 842.35 1006.18 525.99 621.62 632.72
6932107253215-back_camera2-10.jpg 152 1324.25 872.66 1132.22 592.51 384.06 560.31
6932107253215-back_camera1-9.jpg 152 1233.59 1178.85 896.01 972.63 675.15 412.44
6932107253215-back_camera2-14.jpg 152 1320.05 848.98 1021.13 532.62 597.83 632.72
6932107253215-back_camera2-19.jpg 152 1279.53 827.94 984.91 592.51 589.25 470.87
6932107253215-back_camera2-16.jpg 152 1307.13 836.02 977.44 523.41 659.38 625.23
6932107253215-back_camera2-13.jpg 152 1323.81 862.32 1041.37 541.77 564.89 641.1
6932107253215-back_camera2-17.jpg 152 1302.89 829.8 986.53 550.7 632.72 558.19
6932107253215-back_camera2-18.jpg 152 1291.37 818.95 977.44 557.56 627.86 522.78
6932107253215-back_camera2-1.jpg 152 1277.55 923.79 981.55 700.88 592.01 445.83
6932107253215-back_camera2-20.jpg 152 1280.45 819.31 1010.87 637.74 539.16 363.14
6932107253215-back_camera2-22.jpg 152 1267.73 815.01 953.8 557.56 627.86 514.9
6932107253215-back_camera2-23.jpg 152 1258.66 822.52 944.0 547.28 629.32 550.49
6932107253215-back_camera2-21.jpg 152 1279.56 816.32 982.7 596.96 593.71 438.71
6932107253215-back_camera2-24.jpg 152 1250.65 828.14 924.9 518.15 651.5 619.98
6932107253215-back_camera2-25.jpg 152 1241.53 830.88 930.72 521.0 621.62 619.77
6932107253215-back_camera2-28.jpg 152 1223.07 851.78 969.56 541.79 507.02 619.98
6932107253215-back_camera2-27.jpg 152 1229.55 847.68 937.56 532.01 583.99 631.34
6932107253215-back_camera2-29.jpg 152 1222.72 861.16 1009.96 576.25 425.51 569.82
6932107253215-back_camera2-26.jpg 152 1228.23 837.15 921.77 505.7 612.93 662.91
6932107253215-back_camera2-30.jpg 152 1221.76 867.54 1024.73 586.45 394.05 562.18
6932107253215-back_camera2-31.jpg 152 1217.71 871.36 982.28 563.58 470.87 615.56
6932107253215-back_camera2-2.jpg 152 1285.28 925.6 979.23 676.63 612.1 497.93
6932107253215-back_camera2-33.jpg 152 1219.13 889.88 927.53 562.81 583.2 654.13
6932107253215-back_camera2-32.jpg 152 1226.65 883.41 960.41 567.05 532.49 632.73
6932107253215-back_camera2-35.jpg 152 1237.51 908.27 914.39 594.34 646.25 627.86
6932107253215-back_camera2-34.jpg 152 1228.59 896.39 928.88 580.83 599.42 631.13
6932107253215-back_camera2-36.jpg 152 1238.76 917.39 919.14 613.56 639.23 607.66
6932107253215-back_camera2-37.jpg 152 1246.71 917.46 930.16 646.88 633.11 541.17
6932107253215-back_camera2-39.jpg 152 1261.63 922.41 978.57 709.66 566.12 425.51
6932107253215-back_camera2-38.jpg 152 1249.28 927.91 948.08 668.8 602.4 518.22
6932107253215-back_camera2-40.jpg 152 1270.35 925.34 985.32 730.94 570.06 388.8
6932107253215-back_camera2-3.jpg 152 1284.79 917.39 961.23 618.82 647.12 597.14
6932107253215-back_camera2-4.jpg 152 1298.12 918.38 980.18 622.64 635.89 591.49
6932107253215-back_camera2-5.jpg 152 1307.74 909.57 987.98 587.68 639.51 643.78
6932107253215-back_camera2-6.jpg 152 1308.45 908.27 998.46 581.2 619.98 654.13
6932107253215-back_camera2-7.jpg 152 1315.05 901.61 1027.0 576.73 576.1 649.75
6932107253215-back_camera3-10.jpg 152 1403.34 1433.11 1037.82 1311.8 731.04 242.62
6932107253215-back_camera2-8.jpg 152 1316.33 891.2 1056.25 575.95 520.15 630.49
6932107253215-back_camera2-9.jpg 152 1318.99 891.08 1095.39 589.88 447.2 602.4
6932107253215-back_camera3-11.jpg 152 1404.27 1432.83 1027.09 1298.26 754.37 269.13
6932107253215-back_camera3-13.jpg 152 1404.33 1436.3 1011.59 1279.99 785.48 312.62
6932107253215-back_camera3-12.jpg 152 1410.54 1439.45 1009.6 1289.1 801.87 300.7
6932107253215-back_camera3-14.jpg 152 1399.22 1435.62 1005.95 1260.68 786.54 349.87
6932107253215-back_camera3-15.jpg 152 1396.6 1431.66 1032.26 1265.94 728.67 331.45
6932107253215-back_camera3-19.jpg 152 1463.44 1404.77 1208.62 1240.58 509.64 328.38
6932107253215-back_camera3-18.jpg 152 1411.5 1418.81 1163.44 1259.78 496.12 318.06
6932107253215-back_camera3-16.jpg 152 1404.49 1425.09 1069.09 1255.42 670.8 339.34
6932107253215-back_camera3-17.jpg 152 1408.28 1421.85 1106.17 1258.97 604.22 325.75
6932107253215-back_camera3-20.jpg 152 1473.43 1407.5 1191.96 1256.85 562.95 301.3
6932107253215-back_camera3-1.jpg 152 1333.45 1432.99 1016.47 1250.16 633.97 365.65
6932107253215-back_camera3-21.jpg 152 1468.69 1408.71 1145.57 1245.84 646.25 325.75
6932107253215-back_camera3-26.jpg 152 1400.55 1390.89 1027.0 1239.63 747.09 302.52
6932107253215-back_camera3-25.jpg 152 1416.52 1395.2 1042.28 1257.24 748.48 275.92
6932107253215-back_camera3-27.jpg 152 1384.63 1387.69 1022.1 1258.97 725.06 257.45
6932107253215-back_camera3-28.jpg 152 1372.91 1380.38 1019.1 1252.79 707.63 255.17
6932107253215-back_camera3-23.jpg 152 1448.42 1402.72 1088.45 1254.45 719.94 296.54
6932107253215-back_camera3-24.jpg 152 1426.85 1400.09 1032.26 1234.37 789.17 331.45
6932107253215-back_camera3-30.jpg 152 1395.14 1385.07 1032.61 1256.35 725.06 257.45
6932107253215-back_camera3-22.jpg 152 1462.48 1406.81 1113.23 1250.19 698.5 313.23
6932107253215-back_camera3-2.jpg 152 1343.98 1426.41 998.06 1255.42 691.84 341.98
6932107253215-back_camera3-29.jpg 152 1393.1 1379.95 1054.65 1271.89 676.89 216.12
6932107253215-back_camera3-32.jpg 152 1351.79 1392.95 969.56 1248.46 764.46 288.97
6932107253215-back_camera3-31.jpg 152 1376.86 1379.05 1008.58 1239.63 736.56 278.84
6932107253215-back_camera3-34.jpg 152 1311.1 1394.84 932.29 1226.48 757.61 336.71
6932107253215-back_camera3-33.jpg 152 1342.6 1394.27 959.05 1243.21 767.09 302.11
6932107253215-back_camera3-35.jpg 152 1303.45 1400.13 965.82 1246.58 675.27 307.11
6932107253215-back_camera3-37.jpg 152 1279.53 1401.41 1003.32 1237.0 552.42 328.82
6932107253215-back_camera3-36.jpg 152 1297.95 1407.4 982.7 1245.84 630.49 323.12
6932107253215-back_camera3-38.jpg 152 1293.45 1411.26 1050.83 1261.75 485.24 299.03
6932107253215-back_camera3-4.jpg 152 1343.65 1431.5 953.68 1262.36 779.94 338.29
6932107253215-back_camera3-3.jpg 152 1337.41 1429.04 940.19 1244.9 794.44 368.28
6932107253215-back_camera3-40.jpg 152 1342.6 1416.59 1061.51 1248.46 562.18 336.26
6932107253215-back_camera3-5.jpg 152 1337.41 1436.93 934.93 1265.94 804.96 341.98
6932107253215-back_camera3-7.jpg 152 1338.4 1431.96 966.54 1294.0 743.72 275.92
6932107253215-back_camera3-6.jpg 152 1336.1 1427.72 937.56 1263.31 797.07 328.82
6932107253215-back_camera3-39.jpg 152 1324.21 1412.65 1069.39 1251.09 509.64 323.12
6932107253215-back_camera3-9.jpg 152 1363.71 1417.19 995.43 1284.35 736.56 265.69
6932107253215-back_camera3-8.jpg 152 1343.3 1431.02 989.68 1306.54 707.25 248.96
6932107253215_camera0-10.jpg 152 1374.23 1243.58 1008.58 1137.04 731.3 213.08
6932107253215_camera0-12.jpg 152 1422.72 1240.58 1066.76 1151.26 711.92 178.64
6932107253215_camera0-11.jpg 152 1392.65 1237.01 1024.37 1123.89 736.56 226.23
6932107253215_camera0-14.jpg 152 1421.32 1245.69 1026.65 1153.29 789.34 184.81
6932107253215_camera0-13.jpg 152 1425.14 1242.19 1055.66 1155.77 738.97 172.85
6932107253215_camera0-15.jpg 152 1409.59 1244.53 1014.22 1146.01 790.73 197.03
6932107253215_camera0-17.jpg 152 1391.33 1246.21 1013.84 1139.67 754.98 213.08
6932107253215_camera0-16.jpg 152 1404.48 1244.89 1013.84 1137.04 781.28 215.71
6932107253215_camera0-19.jpg 152 1391.2 1240.59 1072.02 1140.76 638.37 199.65
6932107253215_camera0-18.jpg 152 1400.29 1249.89 1056.4 1153.38 687.77 193.01
6932107253215_camera0-1.jpg 152 1358.45 1246.21 1095.39 1139.67 526.12 213.08
6932107253215_camera0-20.jpg 152 1395.14 1239.27 1119.3 1138.13 551.68 202.28
6932107253215_camera0-22.jpg 152 1467.18 1243.22 1198.69 1137.17 536.97 212.1
6932107253215_camera0-23.jpg 152 1458.41 1242.27 1145.37 1123.89 626.08 236.75
6932107253215_camera0-21.jpg 152 1424.04 1248.46 1166.59 1146.01 514.9 204.91
6932107253215_camera0-25.jpg 152 1451.36 1241.45 1094.3 1143.39 714.12 196.11
6932107253215_camera0-24.jpg 152 1458.41 1235.69 1090.13 1108.11 736.56 255.17
6932107253215_camera0-26.jpg 152 1442.43 1240.59 1058.88 1132.88 767.09 215.42
6932107253215_camera0-27.jpg 152 1428.16 1237.0 1037.52 1131.78 781.28 210.45
6932107253215_camera0-29.jpg 152 1404.34 1236.64 1024.73 1135.5 759.21 202.28
6932107253215_camera0-28.jpg 152 1412.52 1236.43 1036.69 1143.66 751.65 185.53
6932107253215_camera0-2.jpg 152 1399.22 1247.53 1137.48 1134.41 523.49 226.23
6932107253215_camera0-32.jpg 152 1413.69 1230.43 1040.15 1123.89 747.08 213.08
6932107253215_camera0-30.jpg 152 1391.19 1234.02 1029.98 1135.5 722.43 197.03
6932107253215_camera0-31.jpg 152 1408.53 1239.38 1060.45 1152.96 696.15 172.85
6932107253215_camera0-33.jpg 152 1424.22 1241.19 1053.71 1147.22 741.01 187.94
6932107253215_camera0-34.jpg 152 1401.86 1235.69 1005.95 1121.26 791.81 228.86
6932107253215_camera0-35.jpg 152 1399.08 1243.21 1011.59 1143.38 774.97 199.65
6932107253215_camera0-39.jpg 152 1350.56 1242.27 1029.63 1134.41 641.86 215.71
6932107253215_camera0-40.jpg 152 1354.48 1248.64 1092.15 1152.14 524.66 193.01
6932107253215_camera0-3.jpg 152 1410.91 1252.4 1106.17 1146.01 609.47 212.79
6932107253215_camera0-38.jpg 152 1366.34 1240.95 1016.47 1131.78 699.73 218.34
6932107253215_camera0-36.jpg 152 1381.83 1243.7 1010.76 1150.93 742.14 185.53
6932107253215_camera0-37.jpg 152 1372.82 1243.21 1008.97 1143.38 727.69 199.65
6932107253215_camera0-4.jpg 152 1412.38 1244.89 1074.35 1131.78 676.06 226.23
6932107253215_camera0-9.jpg 152 1376.87 1246.21 995.43 1144.93 762.87 202.55
6932107253215_camera0-8.jpg 152 1385.95 1256.35 987.95 1153.89 795.99 204.91
6932107253215_camera0-5.jpg 152 1401.86 1248.84 1048.04 1139.67 707.63 218.34
6932107253215_camera0-7.jpg 152 1392.9 1253.12 1006.2 1156.62 773.4 193.01
6932107253215_camera1-10.jpg 152 1244.09 1148.64 919.65 970.0 648.88 357.28
6932107253215_camera0-6.jpg 152 1396.59 1250.16 1008.58 1134.41 776.02 231.49
6932107253215_camera1-11.jpg 152 1274.42 1158.08 950.9 974.17 647.04 367.82
6932107253215_camera1-12.jpg 152 1275.19 1160.74 934.03 950.06 682.33 421.36
6932107253215_camera1-15.jpg 152 1265.07 1173.88 903.36 887.14 723.41 573.47
6932107253215_camera1-16.jpg 152 1262.47 1173.6 919.65 885.94 685.65 575.32
6932107253215_camera1-14.jpg 152 1265.07 1164.66 900.73 897.66 728.67 534.01
6932107253215_camera1-17.jpg 152 1261.16 1167.03 932.78 880.68 656.76 572.69
6932107253215_camera1-18.jpg 152 1259.83 1161.94 966.46 892.36 586.73 539.16
6932107253215_camera1-13.jpg 152 1271.64 1155.45 905.99 900.29 731.3 510.33
6932107253215_camera1-19.jpg 152 1263.79 1157.84 1003.71 893.82 520.15 528.03
6932107253215_camera1-23.jpg 152 1302.39 1149.05 986.29 874.97 632.2 548.15
6932107253215_camera1-20.jpg 152 1278.27 1149.59 1052.57 912.91 451.41 473.35
6932107253215_camera1-1.jpg 152 1250.6 1137.05 1011.21 881.88 478.77 510.33
6932107253215_camera1-21.jpg 152 1316.33 1147.33 1069.39 893.82 493.88 507.02
6932107253215_camera1-25.jpg 152 1286.11 1140.99 929.66 855.57 712.89 570.84
6932107253215_camera1-22.jpg 152 1304.51 1148.63 1019.48 878.05 570.06 541.17
6932107253215_camera1-24.jpg 152 1297.94 1144.93 961.23 845.05 673.43 599.77
6932107253215_camera1-26.jpg 152 1281.31 1136.05 928.59 876.44 705.44 519.22
6932107253215_camera1-28.jpg 152 1264.24 1124.6 913.42 895.94 701.64 457.32
6932107253215_camera1-29.jpg 152 1257.22 1119.74 919.65 914.83 675.15 409.82
6932107253215_camera1-30.jpg 152 1261.12 1109.42 934.93 934.49 652.38 349.87
6932107253215_camera1-27.jpg 152 1274.3 1135.5 911.77 878.05 725.06 514.9
6932107253215_camera1-32.jpg 152 1269.01 1109.41 921.77 879.24 694.47 460.35
6932107253215_camera1-2.jpg 152 1255.54 1148.58 985.96 893.27 539.16 510.62
6932107253215_camera1-31.jpg 152 1271.64 1106.79 948.08 916.07 647.12 381.43
6932107253215_camera1-33.jpg 152 1258.54 1132.88 903.89 888.56 709.3 488.63
6932107253215_camera1-38.jpg 152 1224.62 1147.53 928.62 867.19 592.01 560.68
6932107253215_camera1-3.jpg 152 1252.79 1156.1 949.11 884.93 607.35 542.33
6932107253215_camera1-35.jpg 152 1233.49 1130.46 869.16 850.31 728.67 560.31
6932107253215_camera1-36.jpg 152 1229.63 1136.82 882.87 854.41 693.53 564.81
6932107253215_camera1-34.jpg 152 1241.38 1135.72 879.68 871.35 723.41 528.75
6932107253215_camera1-37.jpg 152 1227.3 1144.13 910.14 868.21 634.31 551.85
6932107253215_camera1-39.jpg 152 1221.84 1142.99 963.11 884.26 517.46 517.46
6932107253215_camera1-4.jpg 152 1248.03 1160.45 911.77 878.05 672.52 564.81
6932107253215_camera1-5.jpg 152 1242.7 1160.72 884.94 876.61 715.52 568.21
6932107253215_camera1-40.jpg 152 1227.27 1141.2 1011.6 905.72 431.33 470.97
6932107253215_camera1-9.jpg 152 1236.2 1151.27 893.38 943.73 685.65 415.07
6932107253215_camera1-6.jpg 152 1238.75 1159.4 877.05 871.35 723.41 576.1
6932107253215_camera1-8.jpg 152 1238.75 1155.45 879.68 910.81 718.15 489.29
6932107253215_camera1-7.jpg 152 1238.86 1156.49 880.87 907.66 715.97 497.67
6932107253215_camera2-11.jpg 152 1303.19 878.06 1093.03 591.71 420.32 572.69
6932107253215_camera2-10.jpg 152 1294.0 880.56 1087.5 592.51 413.0 576.1
6932107253215_camera2-13.jpg 152 1299.44 870.78 1032.35 562.23 534.18 617.09
6932107253215_camera2-12.jpg 152 1297.94 872.67 1053.3 566.21 489.29 612.93
6932107253215_camera2-16.jpg 152 1290.07 863.61 966.94 549.68 646.25 627.86
6932107253215_camera2-15.jpg 152 1284.79 859.51 963.86 537.27 641.86 644.49
6932107253215_camera2-14.jpg 152 1296.71 870.1 1005.16 550.0 583.11 640.2
6932107253215_camera2-17.jpg 152 1284.81 857.04 956.43 557.56 656.76 598.96
6932107253215_camera2-18.jpg 152 1274.27 849.0 955.97 571.47 636.6 555.05
6932107253215_camera2-20.jpg 152 1278.24 855.73 990.58 646.88 575.32 417.7
6932107253215_camera2-1.jpg 152 1270.2 896.16 991.1 693.98 558.19 404.37
6932107253215_camera2-23.jpg 152 1271.18 847.27 954.37 577.44 633.62 539.65
6932107253215_camera2-21.jpg 152 1275.59 842.41 982.28 629.34 586.62 426.15
6932107253215_camera2-19.jpg 152 1279.55 854.4 977.44 612.72 604.22 483.37
6932107253215_camera2-27.jpg 152 1255.86 858.2 966.49 529.38 578.73 657.65
6932107253215_camera2-22.jpg 152 1278.28 847.89 980.42 609.24 595.72 477.31
6932107253215_camera2-24.jpg 152 1269.05 846.53 945.92 544.42 646.25 604.22
6932107253215_camera2-28.jpg 152 1245.33 859.51 969.12 539.9 552.42 639.23
6932107253215_camera2-25.jpg 152 1262.97 850.02 945.03 543.18 635.89 613.69
6932107253215_camera2-26.jpg 152 1246.64 854.25 929.66 526.75 633.97 655.01
6932107253215_camera2-29.jpg 152 1253.28 868.86 1014.22 560.18 478.12 617.35
6932107253215_camera2-30.jpg 152 1253.0 867.17 1055.66 589.96 394.67 554.42
6932107253215_camera2-2.jpg 152 1274.27 898.98 966.49 655.65 615.56 486.66
6932107253215_camera2-32.jpg 152 1254.6 870.17 1001.09 562.81 507.02 614.72
6932107253215_camera2-33.jpg 152 1253.57 877.24 985.57 567.22 535.99 620.03
6932107253215_camera2-31.jpg 152 1245.34 864.78 1034.89 581.99 420.89 565.57
6932107253215_camera2-36.jpg 152 1253.28 879.37 924.9 568.06 656.76 622.61
6932107253215_camera2-35.jpg 152 1255.86 881.72 946.63 566.94 618.45 629.55
6932107253215_camera2-34.jpg 152 1250.6 888.46 948.08 566.21 605.03 644.49
6932107253215_camera2-37.jpg 152 1259.85 888.57 932.78 594.34 654.13 588.45
6932107253215_camera2-39.jpg 152 1266.48 891.19 965.78 654.7 601.4 472.98
6932107253215_camera2-38.jpg 152 1261.12 893.72 937.56 626.71 647.12 534.01
6932107253215_camera2-3.jpg 152 1279.55 895.13 961.68 617.98 635.74 554.3
6932107253215_camera2-6.jpg 152 1285.35 890.11 978.5 572.16 613.69 635.89
6932107253215_camera2-40.jpg 152 1270.33 891.08 987.54 692.47 565.58 397.22
6932107253215_camera2-5.jpg 152 1283.49 891.19 959.05 573.32 648.88 635.74
6932107253215_camera2-4.jpg 152 1274.28 891.08 942.82 595.14 662.91 591.88
6932107253215_camera2-9.jpg 152 1287.04 881.85 1049.97 582.14 474.14 599.42
6932107253215_camera2-8.jpg 152 1287.43 884.62 1016.85 565.44 541.17 638.37
6932107253215_camera3-10.jpg 152 1374.6 1404.67 1022.5 1285.01 704.19 239.33
6932107253215_camera2-7.jpg 152 1275.58 895.03 977.01 571.47 597.14 647.12
6932107253215_camera3-12.jpg 152 1379.76 1404.51 1003.14 1280.03 753.24 248.97
6932107253215_camera3-14.jpg 152 1360.98 1408.71 969.56 1258.97 782.85 299.48
6932107253215_camera3-11.jpg 152 1376.86 1405.36 1005.95 1273.83 741.82 263.06
6932107253215_camera3-13.jpg 152 1379.36 1411.45 992.7 1271.77 773.32 279.36
6932107253215_camera3-15.jpg 152 1361.08 1414.57 977.01 1252.79 768.13 323.56
6932107253215_camera3-16.jpg 152 1354.43 1413.97 990.58 1258.97 727.69 309.99
6932107253215_camera3-17.jpg 152 1350.94 1412.72 1017.35 1254.54 667.18 316.36
6932107253215_camera3-1.jpg 152 1393.96 1400.09 1113.81 1234.37 560.31 331.45
6932107253215_camera3-18.jpg 152 1348.58 1412.16 1056.27 1260.46 584.62 303.41
6932107253215_camera3-19.jpg 152 1346.54 1407.4 1087.78 1245.84 517.52 323.12
6932107253215_camera3-21.jpg 152 1401.85 1409.31 1108.54 1239.63 586.62 339.35
6932107253215_camera3-24.jpg 152 1397.78 1408.41 1028.3 1252.21 738.97 312.4
6932107253215_camera3-20.jpg 152 1404.48 1402.72 1148.0 1234.37 512.96 336.71
6932107253215_camera3-22.jpg 152 1414.84 1411.34 1085.15 1245.84 659.38 331.01
6932107253215_camera3-27.jpg 152 1372.94 1405.44 989.01 1264.49 767.86 281.91
6932107253215_camera3-28.jpg 152 1355.83 1410.62 982.28 1265.94 747.09 289.36
6932107253215_camera3-26.jpg 152 1378.07 1406.09 987.95 1253.72 780.23 304.74
6932107253215_camera3-25.jpg 152 1390.87 1408.53 1008.7 1257.88 764.34 301.3
6932107253215_camera3-29.jpg 152 1361.08 1394.84 1008.58 1263.31 705.0 263.06
6932107253215_camera3-23.jpg 152 1403.17 1406.67 1042.78 1239.63 720.78 334.08
6932107253215_camera3-2.jpg 152 1390.63 1407.75 1075.84 1252.7 629.59 310.1
6932107253215_camera3-33.jpg 152 1379.38 1406.08 990.58 1266.85 777.6 278.46
6932107253215_camera3-32.jpg 152 1387.75 1401.1 1019.06 1275.82 737.38 250.55
6932107253215_camera3-30.jpg 152 1380.81 1394.84 1016.47 1268.57 728.67 252.54
6932107253215_camera3-37.jpg 152 1343.91 1413.97 1001.09 1256.35 685.65 315.24
6932107253215_camera3-31.jpg 152 1396.6 1396.16 1032.26 1255.42 728.67 281.47
6932107253215_camera3-36.jpg 152 1348.84 1412.12 992.04 1265.43 713.59 293.37
6932107253215_camera3-35.jpg 152 1351.87 1410.62 966.49 1250.16 770.76 320.93
6932107253215_camera3-34.jpg 152 1366.12 1416.66 975.11 1277.8 782.03 277.73
6932107253215_camera3-39.jpg 152 1329.47 1404.77 1053.63 1248.46 551.68 312.62
6932107253215_camera3-40.jpg 152 1354.5 1405.37 1095.39 1247.53 518.22 315.67
6932107253215_camera3-38.jpg 152 1339.11 1407.71 1031.47 1258.65 615.28 298.12
6932107253215_camera3-3.jpg 152 1385.94 1408.71 1032.61 1248.46 706.67 320.5
6932107253215_camera3-4.jpg 152 1370.29 1404.04 992.8 1229.11 754.98 349.87
6932107253215_camera3-5.jpg 152 1370.77 1408.27 990.98 1267.13 759.58 282.27
6932107253215_camera3-6.jpg 152 1358.37 1415.28 964.31 1272.11 788.11 286.35
6932107253215_camera3-7.jpg 152 1340.04 1405.37 948.08 1258.05 783.91 294.63
6932107253215_camera3-9.jpg 152 1340.99 1404.57 988.6 1282.73 704.77 243.68
6932107253215_camera3-8.jpg 152 1350.56 1404.05 979.65 1265.94 741.82 276.21
