6902007030087-back_camera0-11.jpg 153 1410.21 1241.17 1054.1 1133.11 712.23 216.12
6902007030087-back_camera0-10.jpg 153 1362.76 1238.37 1002.51 1130.05 720.51 216.64
6902007030087-back_camera0-12.jpg 153 1445.41 1237.99 1081.48 1134.12 727.87 207.74
6902007030087-back_camera0-16.jpg 153 1426.05 1241.21 1009.31 1131.16 833.49 220.09
6902007030087-back_camera0-14.jpg 153 1438.8 1241.86 1029.67 1134.48 818.25 214.76
6902007030087-back_camera0-13.jpg 153 1441.15 1236.98 1047.2 1132.13 787.9 209.7
6902007030087-back_camera0-15.jpg 153 1424.63 1241.21 999.37 1126.9 850.53 228.61
6902007030087-back_camera0-20.jpg 153 1405.71 1241.84 1099.88 1137.86 611.65 207.96
6902007030087-back_camera0-22.jpg 153 1477.12 1237.67 1154.73 1137.04 644.77 201.27
6902007030087-back_camera0-18.jpg 153 1410.69 1240.04 1034.07 1133.0 753.24 214.08
6902007030087-back_camera0-1.jpg 153 1357.39 1237.24 1050.76 1128.54 613.26 217.41
6902007030087-back_camera0-17.jpg 153 1417.78 1243.5 1014.2 1138.05 807.15 210.91
6902007030087-back_camera0-23.jpg 153 1475.04 1234.11 1122.9 1122.64 704.28 222.93
6902007030087-back_camera0-19.jpg 153 1408.29 1242.22 1064.9 1137.8 686.77 208.84
6902007030087-back_camera0-21.jpg 153 1447.21 1239.71 1145.46 1135.44 603.5 208.54
6902007030087-back_camera0-24.jpg 153 1460.13 1236.95 1074.62 1131.16 771.02 211.57
6902007030087-back_camera0-25.jpg 153 1447.14 1236.88 1043.69 1131.26 806.91 211.23
6902007030087-back_camera0-26.jpg 153 1438.8 1236.96 1036.19 1130.99 805.22 211.95
6902007030087-back_camera0-28.jpg 153 1405.82 1237.53 1016.52 1129.86 778.59 215.35
6902007030087-back_camera0-2.jpg 153 1400.24 1240.53 1096.57 1134.28 607.35 212.49
6902007030087-back_camera0-27.jpg 153 1404.99 1231.74 996.64 1123.23 816.69 217.01
6902007030087-back_camera0-29.jpg 153 1399.36 1231.12 1028.29 1131.22 742.14 199.81
6902007030087-back_camera0-33.jpg 153 1420.09 1229.07 1032.63 1128.28 774.92 201.58
6902007030087-back_camera0-30.jpg 153 1402.85 1231.95 1055.31 1130.13 695.08 203.64
6902007030087-back_camera0-35.jpg 153 1384.38 1234.37 973.9 1127.67 820.97 213.4
6902007030087-back_camera0-32.jpg 153 1425.7 1231.74 1066.22 1134.83 718.95 193.82
6902007030087-back_camera0-31.jpg 153 1415.86 1234.01 1067.22 1130.63 697.28 206.75
6902007030087-back_camera0-38.jpg 153 1351.95 1238.71 972.2 1126.5 759.5 224.42
6902007030087-back_camera0-34.jpg 153 1391.98 1232.68 980.91 1114.12 822.14 237.13
6902007030087-back_camera0-36.jpg 153 1371.89 1237.01 968.32 1129.18 807.15 215.66
6902007030087-back_camera0-37.jpg 153 1363.58 1239.08 961.03 1125.48 805.1 227.19
6902007030087-back_camera0-40.jpg 153 1336.2 1233.8 1013.07 1124.7 646.25 218.19
6902007030087-back_camera0-39.jpg 153 1344.11 1239.94 989.6 1125.63 709.01 228.61
6902007030087-back_camera0-3.jpg 153 1405.72 1242.68 1059.76 1130.75 691.92 223.86
6902007030087-back_camera0-5.jpg 153 1397.53 1243.33 1003.27 1128.2 788.53 230.26
6902007030087-back_camera0-4.jpg 153 1401.12 1243.15 1022.63 1126.22 756.99 233.87
6902007030087-back_camera0-7.jpg 153 1379.21 1246.41 964.66 1133.31 829.11 226.2
6902007030087-back_camera0-6.jpg 153 1385.7 1245.62 982.01 1133.49 807.38 224.27
6902007030087-back_camera1-12.jpg 153 1289.74 1162.91 927.05 913.41 725.38 499.0
6902007030087-back_camera0-9.jpg 153 1369.94 1241.66 988.68 1131.57 762.53 220.19
6902007030087-back_camera1-10.jpg 153 1261.77 1156.05 937.48 945.22 648.58 421.66
6902007030087-back_camera1-13.jpg 153 1275.37 1170.05 889.38 899.39 771.97 541.31
6902007030087-back_camera0-8.jpg 153 1370.17 1247.01 968.18 1129.12 803.99 235.79
6902007030087-back_camera1-11.jpg 153 1287.66 1161.88 955.44 946.21 664.44 431.33
6902007030087-back_camera1-15.jpg 153 1278.38 1166.66 891.45 874.16 773.86 585.01
6902007030087-back_camera1-17.jpg 153 1278.41 1163.79 918.92 875.99 718.98 575.6
6902007030087-back_camera1-18.jpg 153 1271.63 1157.19 945.29 886.34 652.69 541.7
6902007030087-back_camera1-14.jpg 153 1287.47 1168.22 901.74 886.08 771.47 564.27
6902007030087-back_camera1-19.jpg 153 1272.69 1149.29 983.54 899.83 578.31 498.91
6902007030087-back_camera1-16.jpg 153 1274.83 1163.12 902.81 871.32 744.04 583.59
6902007030087-back_camera1-20.jpg 153 1296.32 1138.63 1024.19 911.54 544.26 454.19
6902007030087-back_camera1-1.jpg 153 1249.49 1150.26 970.39 894.95 558.19 510.62
6902007030087-back_camera1-22.jpg 153 1315.42 1135.73 988.48 867.41 653.89 536.64
6902007030087-back_camera1-23.jpg 153 1308.44 1139.14 958.4 853.48 700.08 571.33
6902007030087-back_camera1-24.jpg 153 1299.52 1139.2 934.83 847.77 729.37 582.87
6902007030087-back_camera1-21.jpg 153 1313.88 1140.38 1019.24 889.77 589.27 501.23
6902007030087-back_camera1-29.jpg 153 1252.59 1112.46 932.04 891.31 641.1 442.31
6902007030087-back_camera1-25.jpg 153 1283.69 1131.73 908.62 846.53 750.15 570.41
6902007030087-back_camera1-2.jpg 153 1249.55 1158.43 929.69 882.06 639.71 552.74
6902007030087-back_camera1-27.jpg 153 1262.83 1120.6 908.53 867.6 708.59 505.99
6902007030087-back_camera1-26.jpg 153 1280.85 1123.89 908.62 839.79 744.45 568.21
6902007030087-back_camera1-28.jpg 153 1256.38 1120.54 915.59 879.26 681.58 482.55
6902007030087-back_camera1-33.jpg 153 1254.38 1118.82 883.31 856.94 742.15 523.75
6902007030087-back_camera1-30.jpg 153 1277.2 1107.4 963.95 907.92 626.51 398.97
6902007030087-back_camera1-32.jpg 153 1269.98 1122.41 918.79 879.72 702.39 485.38
6902007030087-back_camera1-31.jpg 153 1275.63 1108.34 948.35 896.83 654.56 423.02
6902007030087-back_camera1-34.jpg 153 1235.19 1124.07 854.18 836.65 762.03 574.83
6902007030087-back_camera1-35.jpg 153 1228.95 1130.27 852.69 842.62 752.53 575.3
6902007030087-back_camera1-36.jpg 153 1219.45 1129.86 852.52 846.58 733.86 566.55
6902007030087-back_camera1-38.jpg 153 1209.0 1133.02 875.99 863.83 666.02 538.37
6902007030087-back_camera1-37.jpg 153 1217.71 1138.36 863.9 852.94 707.63 570.84
6902007030087-back_camera1-39.jpg 153 1207.12 1134.94 912.5 881.87 589.24 506.15
6902007030087-back_camera1-3.jpg 153 1244.87 1164.6 897.24 867.67 695.26 593.86
6902007030087-back_camera1-6.jpg 153 1241.02 1163.91 866.72 869.66 748.59 588.5
6902007030087-back_camera1-7.jpg 153 1232.55 1166.49 862.28 881.84 740.55 569.29
6902007030087-back_camera1-5.jpg 153 1238.9 1170.89 866.42 867.51 744.96 606.77
6902007030087-back_camera1-40.jpg 153 1223.34 1136.3 950.45 906.89 545.77 458.81
6902007030087-back_camera1-4.jpg 153 1240.97 1168.4 874.9 868.39 732.14 600.02
6902007030087-back_camera1-8.jpg 153 1229.21 1169.37 874.79 905.34 708.84 528.06
6902007030087-back_camera2-10.jpg 153 1299.26 880.56 1055.93 613.56 486.66 534.01
6902007030087-back_camera1-9.jpg 153 1235.22 1163.13 903.69 927.37 663.05 471.53
6902007030087-back_camera2-11.jpg 153 1306.49 863.64 1061.49 576.62 490.0 574.05
6902007030087-back_camera2-12.jpg 153 1304.78 862.75 1022.67 550.99 564.21 623.52
6902007030087-back_camera2-13.jpg 153 1295.88 856.13 984.72 525.81 622.32 660.65
6902007030087-back_camera2-14.jpg 153 1302.89 853.96 980.98 511.7 643.82 684.52
6902007030087-back_camera2-18.jpg 153 1280.5 846.71 966.2 557.87 628.59 577.68
6902007030087-back_camera2-21.jpg 153 1271.43 839.62 982.04 591.78 578.78 495.69
6902007030087-back_camera2-16.jpg 153 1288.2 855.01 950.95 514.86 674.5 680.3
6902007030087-back_camera2-17.jpg 153 1288.44 849.75 960.06 529.69 656.77 640.12
6902007030087-back_camera2-20.jpg 153 1272.63 843.69 1011.44 619.11 522.39 449.16
6902007030087-back_camera2-15.jpg 153 1298.24 857.57 960.25 514.63 675.98 685.88
6902007030087-back_camera2-19.jpg 153 1279.88 842.44 986.27 579.11 587.23 526.67
6902007030087-back_camera2-1.jpg 153 1283.48 897.65 990.17 645.12 586.62 505.07
6902007030087-back_camera2-23.jpg 153 1263.87 843.93 933.24 541.84 661.26 604.18
6902007030087-back_camera2-22.jpg 153 1266.47 842.02 954.26 563.08 624.43 557.88
6902007030087-back_camera2-25.jpg 153 1249.03 853.72 907.31 508.71 683.45 690.03
6902007030087-back_camera2-24.jpg 153 1256.23 843.01 918.44 518.17 675.58 649.68
6902007030087-back_camera2-27.jpg 153 1244.27 858.31 933.61 538.3 621.32 640.02
6902007030087-back_camera2-26.jpg 153 1249.6 853.45 917.51 522.29 664.17 662.32
6902007030087-back_camera2-2.jpg 153 1283.5 900.67 968.06 619.83 630.88 561.68
6902007030087-back_camera2-28.jpg 153 1240.64 862.06 954.65 555.59 571.99 612.93
6902007030087-back_camera2-30.jpg 153 1243.26 875.01 1012.95 599.25 460.62 551.53
6902007030087-back_camera2-31.jpg 153 1248.06 880.28 1001.07 592.59 493.97 575.37
6902007030087-back_camera2-29.jpg 153 1237.95 857.9 966.41 570.9 543.08 574.0
6902007030087-back_camera2-34.jpg 153 1250.4 895.03 919.12 550.98 662.56 688.09
6902007030087-back_camera2-35.jpg 153 1254.65 898.84 916.68 555.35 675.94 686.98
6902007030087-back_camera2-37.jpg 153 1255.21 900.3 924.29 580.9 661.84 638.81
6902007030087-back_camera2-32.jpg 153 1248.67 883.98 973.01 574.09 551.32 619.77
6902007030087-back_camera2-33.jpg 153 1253.23 880.56 942.82 547.79 620.82 665.54
6902007030087-back_camera2-36.jpg 153 1255.53 898.04 921.15 566.76 668.77 662.56
6902007030087-back_camera2-38.jpg 153 1258.85 900.9 937.63 601.5 642.44 598.8
6902007030087-back_camera2-39.jpg 153 1262.86 902.6 968.7 636.98 588.32 531.23
6902007030087-back_camera2-3.jpg 153 1286.73 901.7 955.4 593.91 662.67 615.59
6902007030087-back_camera2-40.jpg 153 1267.41 902.47 1002.07 671.16 530.69 462.62
6902007030087-back_camera2-4.jpg 153 1290.6 899.32 952.15 581.26 676.89 636.12
6902007030087-back_camera2-7.jpg 153 1294.4 891.2 965.91 564.53 656.99 653.35
6902007030087-back_camera2-6.jpg 153 1292.34 892.13 958.54 561.65 667.6 660.97
6902007030087-back_camera2-5.jpg 153 1293.39 898.3 951.86 566.48 683.07 663.63
6902007030087-back_camera2-9.jpg 153 1301.01 882.58 1028.52 588.96 544.98 587.23
6902007030087-back_camera3-10.jpg 153 1413.85 1326.86 1063.26 1189.03 701.17 275.66
6902007030087-back_camera3-13.jpg 153 1381.08 1340.0 985.91 1181.21 790.33 317.58
6902007030087-back_camera3-12.jpg 153 1395.12 1334.79 1001.8 1182.17 786.64 305.23
6902007030087-back_camera3-11.jpg 153 1408.73 1336.76 1033.69 1193.25 750.07 287.02
6902007030087-back_camera2-8.jpg 153 1299.65 886.89 998.83 569.66 601.64 634.46
6902007030087-back_camera3-15.jpg 153 1357.26 1341.19 980.28 1181.79 753.96 318.8
6902007030087-back_camera3-14.jpg 153 1366.15 1343.25 977.64 1185.07 777.02 316.36
6902007030087-back_camera3-16.jpg 153 1355.62 1341.86 1006.75 1183.28 697.74 317.15
6902007030087-back_camera3-17.jpg 153 1348.88 1338.8 1020.38 1184.25 656.99 309.1
6902007030087-back_camera3-19.jpg 153 1399.36 1340.01 1115.37 1182.76 567.97 314.51
6902007030087-back_camera3-18.jpg 153 1351.63 1334.42 1065.16 1176.7 572.94 315.44
6902007030087-back_camera3-20.jpg 153 1413.55 1349.4 1098.33 1185.99 630.44 326.83
6902007030087-back_camera3-23.jpg 153 1402.29 1353.86 1008.94 1182.94 786.69 341.83
6902007030087-back_camera3-1.jpg 153 1438.67 1333.52 1098.53 1173.36 680.29 320.32
6902007030087-back_camera3-22.jpg 153 1407.35 1348.85 1032.13 1180.55 750.44 336.59
6902007030087-back_camera3-26.jpg 153 1381.74 1348.92 1003.03 1199.31 757.42 299.23
6902007030087-back_camera3-21.jpg 153 1416.24 1349.02 1064.2 1179.35 704.08 339.35
6902007030087-back_camera3-24.jpg 153 1400.95 1363.54 1003.66 1187.65 794.58 351.77
6902007030087-back_camera3-28.jpg 153 1389.19 1346.01 1047.88 1211.46 682.62 269.1
6902007030087-back_camera3-25.jpg 153 1388.68 1350.94 997.56 1193.78 782.24 314.33
6902007030087-back_camera3-27.jpg 153 1377.49 1343.34 1024.66 1204.59 705.66 277.51
6902007030087-back_camera3-30.jpg 153 1435.45 1343.11 1069.2 1198.69 732.49 288.84
6902007030087-back_camera3-2.jpg 153 1429.04 1337.5 1054.51 1175.41 749.06 324.18
6902007030087-back_camera3-29.jpg 153 1428.75 1341.25 1090.19 1206.19 677.12 270.11
6902007030087-back_camera3-32.jpg 153 1422.62 1344.96 1026.22 1188.69 792.81 312.54
6902007030087-back_camera3-31.jpg 153 1429.66 1347.52 1049.08 1197.66 761.17 299.71
6902007030087-back_camera3-34.jpg 153 1405.35 1347.2 1013.13 1188.76 784.44 316.89
6902007030087-back_camera3-33.jpg 153 1411.68 1344.48 1008.19 1181.7 806.99 325.56
6902007030087-back_camera3-38.jpg 153 1379.32 1334.45 1097.7 1172.93 563.24 323.03
6902007030087-back_camera3-37.jpg 153 1382.76 1339.35 1065.01 1181.51 635.5 315.67
6902007030087-back_camera3-35.jpg 153 1397.64 1343.78 1024.19 1183.62 746.9 320.32
6902007030087-back_camera3-39.jpg 153 1418.95 1339.6 1129.59 1176.5 578.73 326.19
6902007030087-back_camera3-36.jpg 153 1389.28 1340.33 1031.35 1176.69 715.86 327.28
6902007030087-back_camera3-4.jpg 153 1408.02 1338.28 1022.56 1183.58 770.93 309.41
6902007030087-back_camera3-40.jpg 153 1438.73 1339.34 1128.14 1181.67 621.17 315.34
6902007030087-back_camera3-3.jpg 153 1416.92 1337.96 1037.66 1176.08 758.52 323.76
6902007030087-back_camera3-6.jpg 153 1382.36 1332.41 1008.87 1188.12 746.97 288.58
6902007030087-back_camera3-5.jpg 153 1397.3 1336.81 1008.2 1187.11 778.2 299.4
6902007030087-back_camera3-9.jpg 153 1408.86 1326.24 1071.77 1196.43 674.18 259.61
6902007030087_camera0-10.jpg 153 1310.85 1244.62 929.62 1137.35 762.45 214.55
6902007030087-back_camera3-7.jpg 153 1373.0 1331.55 1019.92 1195.42 706.17 272.26
6902007030087-back_camera3-8.jpg 153 1377.1 1322.71 1039.85 1185.49 674.5 274.44
6902007030087_camera0-14.jpg 153 1386.08 1247.53 987.54 1129.15 797.07 236.75
6902007030087_camera0-11.jpg 153 1313.88 1237.57 959.46 1132.91 708.84 209.32
6902007030087_camera0-13.jpg 153 1378.88 1238.54 1015.75 1135.16 726.25 206.76
6902007030087_camera0-15.jpg 153 1380.8 1245.46 973.22 1138.68 815.15 213.55
6902007030087_camera0-12.jpg 153 1337.31 1241.91 972.39 1135.42 729.84 212.99
6902007030087_camera0-16.jpg 153 1382.39 1248.63 968.51 1144.76 827.77 207.74
6902007030087_camera0-19.jpg 153 1385.77 1252.12 1007.4 1136.25 756.74 231.75
6902007030087_camera0-17.jpg 153 1386.07 1250.15 958.6 1131.78 854.94 236.75
6902007030087_camera0-18.jpg 153 1380.61 1250.1 982.58 1143.06 796.05 214.08
6902007030087_camera0-1.jpg 153 1344.81 1229.0 1052.26 1130.6 585.1 196.81
6902007030087_camera0-21.jpg 153 1410.49 1248.55 1102.86 1140.05 615.26 216.99
6902007030087_camera0-22.jpg 153 1463.67 1251.47 1137.48 1137.04 652.38 228.86
6902007030087_camera0-23.jpg 153 1485.55 1244.39 1144.38 1137.01 682.33 214.76
6902007030087_camera0-25.jpg 153 1485.95 1248.63 1082.2 1141.86 807.5 213.54
6902007030087_camera0-24.jpg 153 1487.49 1247.15 1104.39 1133.89 766.2 226.52
6902007030087_camera0-20.jpg 153 1391.91 1250.25 1050.35 1138.18 683.12 224.14
6902007030087_camera0-26.jpg 153 1483.4 1238.32 1050.67 1116.0 865.46 244.64
6902007030087_camera0-2.jpg 153 1386.9 1232.49 1097.5 1130.21 578.8 204.56
6902007030087_camera0-32.jpg 153 1480.72 1229.85 1135.68 1128.32 690.08 203.05
6902007030087_camera0-27.jpg 153 1480.25 1244.14 1067.77 1138.17 824.96 211.95
6902007030087_camera0-28.jpg 153 1469.8 1239.88 1063.24 1137.79 813.12 204.19
6902007030087_camera0-31.jpg 153 1455.01 1234.14 1110.11 1132.65 689.81 202.98
6902007030087_camera0-29.jpg 153 1456.52 1239.54 1055.78 1132.63 801.48 213.82
6902007030087_camera0-30.jpg 153 1451.12 1236.01 1089.57 1135.32 723.11 201.39
6902007030087_camera0-34.jpg 153 1464.35 1231.84 1083.63 1134.77 761.43 194.14
6902007030087_camera0-33.jpg 153 1481.0 1234.64 1119.35 1137.76 723.31 193.77
6902007030087_camera0-35.jpg 153 1446.58 1223.86 1042.78 1108.11 807.59 231.49
6902007030087_camera0-37.jpg 153 1411.2 1234.86 1015.49 1132.76 791.42 204.19
6902007030087_camera0-38.jpg 153 1381.88 1229.93 1013.72 1127.25 736.32 205.36
6902007030087_camera0-36.jpg 153 1428.15 1233.06 1021.73 1131.78 812.85 202.55
6902007030087_camera0-39.jpg 153 1369.39 1233.61 1017.74 1122.56 703.3 222.1
6902007030087_camera0-3.jpg 153 1390.46 1232.39 1068.71 1130.49 643.5 203.81
6902007030087_camera0-40.jpg 153 1355.52 1231.91 1033.61 1131.45 643.83 200.92
6902007030087_camera0-6.jpg 153 1352.8 1242.14 954.78 1132.72 796.05 218.84
6902007030087_camera0-5.jpg 153 1367.91 1239.11 980.45 1131.68 774.92 214.85
6902007030087_camera0-4.jpg 153 1379.31 1238.37 1021.49 1134.83 715.64 207.07
6902007030087_camera0-8.jpg 153 1321.55 1241.48 914.26 1135.41 814.57 212.13
6902007030087_camera0-7.jpg 153 1347.93 1233.06 942.82 1123.89 810.22 218.34
6902007030087_camera1-10.jpg 153 1176.07 1163.47 837.63 934.56 676.88 457.83
6902007030087_camera0-9.jpg 153 1316.74 1242.73 915.77 1138.75 801.94 207.96
6902007030087_camera1-11.jpg 153 1205.7 1158.12 884.83 957.06 641.75 402.13
6902007030087_camera1-12.jpg 153 1232.94 1169.19 893.09 931.67 679.7 475.04
6902007030087_camera1-13.jpg 153 1227.39 1180.91 867.56 916.35 719.67 529.12
6902007030087_camera1-14.jpg 153 1232.81 1193.75 854.1 905.43 757.42 576.64
6902007030087_camera1-15.jpg 153 1237.76 1194.33 857.18 896.66 761.17 595.34
6902007030087_camera1-16.jpg 153 1236.18 1200.65 850.33 886.15 771.7 629.0
6902007030087_camera1-19.jpg 153 1257.57 1195.09 940.34 912.24 634.46 565.7
6902007030087_camera1-17.jpg 153 1250.6 1197.55 877.05 889.77 747.09 615.56
6902007030087_camera1-18.jpg 153 1248.45 1194.46 898.91 896.28 699.08 596.37
6902007030087_camera1-1.jpg 153 1236.2 1102.15 967.43 874.42 537.54 455.46
6902007030087_camera1-21.jpg 153 1313.22 1186.14 1043.11 951.04 540.22 470.2
6902007030087_camera1-20.jpg 153 1265.74 1186.29 986.25 928.62 558.98 515.34
6902007030087_camera1-23.jpg 153 1329.99 1183.94 985.42 901.96 689.15 563.96
6902007030087_camera1-22.jpg 153 1325.57 1185.7 1019.1 923.96 612.93 523.49
6902007030087_camera1-25.jpg 153 1327.76 1173.48 943.92 876.55 767.68 593.87
6902007030087_camera1-24.jpg 153 1331.38 1180.01 964.39 888.45 733.98 583.11
6902007030087_camera1-26.jpg 153 1322.93 1161.92 935.82 872.65 774.23 578.55
6902007030087_camera1-28.jpg 153 1310.89 1137.82 944.43 879.55 732.93 516.53
6902007030087_camera1-30.jpg 153 1303.28 1121.38 984.62 909.75 637.32 423.27
6902007030087_camera1-29.jpg 153 1302.89 1126.54 955.08 886.95 695.62 479.17
6902007030087_camera1-27.jpg 153 1319.72 1153.37 938.42 874.76 762.6 557.21
6902007030087_camera1-31.jpg 153 1326.02 1105.37 1018.91 911.11 614.22 388.51
6902007030087_camera1-32.jpg 153 1324.36 1103.23 989.2 874.05 670.31 458.37
6902007030087_camera1-34.jpg 153 1297.84 1103.13 931.77 837.67 732.14 530.92
6902007030087_camera1-35.jpg 153 1282.76 1102.92 916.45 825.41 732.62 555.02
6902007030087_camera1-2.jpg 153 1240.2 1111.12 938.6 859.53 603.2 503.19
6902007030087_camera1-33.jpg 153 1312.9 1105.39 959.28 856.43 707.25 497.93
6902007030087_camera1-37.jpg 153 1249.11 1099.5 893.77 817.42 710.67 564.17
6902007030087_camera1-36.jpg 153 1264.31 1100.86 899.68 817.49 729.26 566.74
6902007030087_camera1-38.jpg 153 1229.43 1097.76 903.22 828.64 652.43 538.25
6902007030087_camera1-39.jpg 153 1222.02 1097.46 918.85 837.01 606.33 520.9
6902007030087_camera1-4.jpg 153 1217.88 1130.28 859.69 846.03 716.38 568.5
6902007030087_camera1-40.jpg 153 1212.19 1095.49 945.78 860.54 532.82 469.91
6902007030087_camera1-6.jpg 153 1199.36 1140.87 817.98 857.02 762.75 567.7
6902007030087_camera1-3.jpg 153 1228.76 1117.79 898.1 849.7 661.31 536.17
6902007030087_camera1-7.jpg 153 1189.96 1148.79 805.1 868.78 769.72 560.02
6902007030087_camera1-5.jpg 153 1206.74 1135.45 832.5 848.43 748.48 574.05
6902007030087_camera2-11.jpg 153 1306.84 926.7 1077.5 658.74 458.68 535.93
6902007030087_camera1-9.jpg 153 1178.27 1156.19 819.72 908.85 717.1 494.68
6902007030087_camera2-10.jpg 153 1291.93 928.44 1038.41 633.37 507.03 590.15
6902007030087_camera1-8.jpg 153 1180.36 1157.61 812.46 896.75 735.79 521.72
6902007030087_camera2-12.jpg 153 1312.51 916.22 1049.45 626.08 526.11 580.28
6902007030087_camera2-13.jpg 153 1321.04 912.16 1024.48 600.02 593.12 624.28
6902007030087_camera2-16.jpg 153 1328.89 890.48 977.78 550.63 702.23 679.7
6902007030087_camera2-14.jpg 153 1326.38 901.55 1008.17 572.24 636.42 658.62
6902007030087_camera2-15.jpg 153 1326.22 897.84 991.97 561.77 668.49 672.13
6902007030087_camera2-17.jpg 153 1333.1 878.89 990.21 552.61 685.77 652.57
6902007030087_camera2-19.jpg 153 1328.18 858.47 1010.24 578.58 635.89 559.77
6902007030087_camera2-18.jpg 153 1331.92 868.7 998.41 560.12 667.03 617.16
6902007030087_camera2-20.jpg 153 1325.78 848.98 1032.51 601.03 586.53 495.9
6902007030087_camera2-21.jpg 153 1322.99 841.94 1061.34 618.34 523.3 447.19
6902007030087_camera2-1.jpg 153 1224.35 900.34 962.9 676.3 522.89 448.08
6902007030087_camera2-23.jpg 153 1316.28 827.18 997.25 524.55 638.06 605.26
6902007030087_camera2-25.jpg 153 1294.71 822.53 960.06 487.88 669.3 669.3
6902007030087_camera2-22.jpg 153 1320.51 833.4 1030.99 571.75 579.03 523.3
6902007030087_camera2-24.jpg 153 1305.69 824.83 976.54 508.44 658.31 632.78
6902007030087_camera2-29.jpg 153 1256.94 818.88 972.88 499.41 568.12 638.93
6902007030087_camera2-28.jpg 153 1267.34 817.67 962.48 484.94 609.71 665.47
6902007030087_camera2-26.jpg 153 1288.4 818.91 955.39 478.5 666.02 680.82
6902007030087_camera2-27.jpg 153 1276.03 815.25 943.58 470.88 664.9 688.75
6902007030087_camera2-30.jpg 153 1248.09 820.48 998.08 530.77 500.02 579.43
6902007030087_camera2-2.jpg 153 1233.74 909.21 937.63 637.52 592.22 543.39
6902007030087_camera2-31.jpg 153 1248.01 824.9 1022.04 565.63 451.94 518.54
6902007030087_camera2-32.jpg 153 1240.65 828.56 975.75 538.22 529.8 580.67
6902007030087_camera2-33.jpg 153 1236.12 836.47 940.37 523.28 591.49 626.38
6902007030087_camera2-34.jpg 153 1228.78 845.43 906.9 513.9 643.76 663.07
6902007030087_camera2-36.jpg 153 1220.66 863.94 878.23 536.05 684.87 655.78
6902007030087_camera2-3.jpg 153 1237.11 912.56 922.31 619.04 629.59 587.05
6902007030087_camera2-35.jpg 153 1222.23 849.13 887.32 516.74 669.82 664.79
6902007030087_camera2-38.jpg 153 1211.92 880.85 877.98 575.23 667.88 611.23
6902007030087_camera2-37.jpg 153 1219.97 871.27 879.18 550.74 681.58 641.06
6902007030087_camera2-39.jpg 153 1217.88 886.74 904.69 610.03 626.38 553.43
6902007030087_camera2-40.jpg 153 1217.95 896.62 927.62 649.89 580.67 493.47
6902007030087_camera2-5.jpg 153 1251.2 931.51 904.26 590.09 693.88 682.84
6902007030087_camera2-6.jpg 153 1259.69 928.18 924.53 585.75 670.32 684.87
6902007030087_camera2-7.jpg 153 1267.95 931.75 944.45 592.4 646.99 678.71
6902007030087_camera2-4.jpg 153 1245.68 921.88 911.73 599.2 667.9 645.37
6902007030087_camera3-10.jpg 153 1318.19 1411.09 960.86 1271.5 714.67 279.17
6902007030087_camera2-8.jpg 153 1277.97 930.86 979.06 603.4 597.83 654.92
6902007030087_camera2-9.jpg 153 1289.44 933.02 997.25 605.05 584.39 655.95
6902007030087_camera3-12.jpg 153 1352.53 1427.93 963.43 1273.64 778.2 308.58
6902007030087_camera3-13.jpg 153 1354.26 1429.87 947.51 1272.88 813.5 313.98
6902007030087_camera3-15.jpg 153 1353.84 1439.36 941.2 1268.59 825.28 341.54
6902007030087_camera3-11.jpg 153 1355.65 1415.8 995.12 1271.38 721.06 288.84
6902007030087_camera3-18.jpg 153 1365.36 1434.2 1025.21 1270.08 680.29 328.25
6902007030087_camera3-16.jpg 153 1354.75 1440.69 955.58 1270.53 798.34 340.32
6902007030087_camera3-17.jpg 153 1359.45 1436.99 975.47 1260.49 767.95 352.99
6902007030087_camera3-19.jpg 153 1381.07 1434.27 1073.82 1269.96 614.49 328.62
6902007030087_camera3-14.jpg 153 1356.15 1445.92 935.3 1265.67 841.71 360.5
6902007030087_camera3-1.jpg 153 1369.76 1390.54 1053.4 1235.13 632.72 310.81
6902007030087_camera3-20.jpg 153 1443.42 1427.99 1137.13 1270.94 612.58 314.1
6902007030087_camera3-22.jpg 153 1458.49 1428.81 1074.65 1258.21 767.68 341.19
6902007030087_camera3-21.jpg 153 1459.46 1428.41 1118.82 1265.88 681.28 325.06
6902007030087_camera3-24.jpg 153 1456.4 1422.77 1049.65 1257.06 813.5 331.42
6902007030087_camera3-25.jpg 153 1448.22 1418.54 1034.48 1261.65 827.48 313.78
6902007030087_camera3-23.jpg 153 1459.38 1430.55 1058.64 1259.15 801.48 342.8
6902007030087_camera3-26.jpg 153 1437.25 1412.76 1029.9 1259.62 814.69 306.29
6902007030087_camera3-27.jpg 153 1431.51 1406.71 1039.29 1256.06 784.44 301.31
6902007030087_camera3-29.jpg 153 1419.28 1397.68 1070.04 1252.84 698.48 289.69
6902007030087_camera3-2.jpg 153 1353.12 1395.62 997.61 1238.83 711.03 313.58
6902007030087_camera3-30.jpg 153 1452.61 1392.14 1107.3 1257.28 690.62 269.73
6902007030087_camera3-28.jpg 153 1419.63 1399.74 1053.17 1259.92 732.93 279.64
6902007030087_camera3-32.jpg 153 1437.79 1393.72 1064.08 1249.41 747.42 288.61
6902007030087_camera3-33.jpg 153 1420.62 1389.98 1029.95 1243.61 781.35 292.75
6902007030087_camera3-31.jpg 153 1452.2 1389.11 1087.33 1250.47 729.74 277.27
6902007030087_camera3-34.jpg 153 1396.16 1390.33 1000.75 1240.27 790.82 300.12
6902007030087_camera3-35.jpg 153 1380.21 1383.99 995.66 1231.75 769.1 304.47
6902007030087_camera3-38.jpg 153 1328.09 1387.16 1009.43 1229.44 637.32 315.44
6902007030087_camera3-37.jpg 153 1343.62 1384.9 990.45 1234.36 706.34 301.08
6902007030087_camera3-39.jpg 153 1326.09 1384.62 1039.86 1237.15 572.46 294.95
6902007030087_camera3-36.jpg 153 1359.68 1384.41 988.24 1231.68 742.88 305.46
6902007030087_camera3-3.jpg 153 1340.38 1399.58 958.74 1239.75 763.29 319.66
6902007030087_camera3-4.jpg 153 1327.75 1407.38 930.46 1238.3 794.58 338.17
6902007030087_camera3-5.jpg 153 1315.74 1410.78 914.28 1250.75 802.93 320.06
6902007030087_camera3-40.jpg 153 1358.84 1386.84 1061.17 1239.82 595.34 294.03
6902007030087_camera3-8.jpg 153 1286.15 1417.01 919.16 1272.25 733.98 289.52
6902007030087_camera3-6.jpg 153 1301.05 1412.61 893.18 1254.25 815.73 316.71
6902007030087_camera3-7.jpg 153 1289.64 1416.89 879.25 1254.8 820.79 324.18
6902007030087_camera3-9.jpg 153 1283.38 1412.13 927.53 1271.35 711.71 281.57
