6922130119954-back_camera0-11.jpg 154 1400.74 1265.03 1014.08 1156.8 773.32 216.46
6922130119954-back_camera0-10.jpg 154 1362.19 1256.83 929.86 1138.13 864.67 237.4
6922130119954-back_camera0-12.jpg 154 1488.67 1262.97 1100.95 1157.52 775.44 210.91
6922130119954-back_camera0-14.jpg 154 1525.49 1277.78 1045.41 1160.72 960.16 234.12
6922130119954-back_camera0-15.jpg 154 1523.65 1280.72 1028.69 1168.3 989.93 224.85
6922130119954-back_camera0-18.jpg 154 1486.08 1271.87 978.64 1163.8 1014.87 216.13
6922130119954-back_camera0-16.jpg 154 1517.39 1277.98 1007.7 1163.28 1019.38 229.41
6922130119954-back_camera0-17.jpg 154 1504.53 1281.65 981.49 1163.92 1046.09 235.47
6922130119954-back_camera0-13.jpg 154 1516.15 1271.58 1088.01 1159.39 856.29 224.38
6922130119954-back_camera0-20.jpg 154 1476.16 1266.57 1012.33 1169.84 927.67 193.46
6922130119954-back_camera0-1.jpg 154 1283.5 1259.61 813.99 1135.87 939.02 247.48
6922130119954-back_camera0-23.jpg 154 1518.07 1248.02 1035.69 1154.84 964.75 186.37
6922130119954-back_camera0-19.jpg 154 1469.45 1274.08 995.83 1171.4 947.23 205.36
6922130119954-back_camera0-21.jpg 154 1503.41 1256.93 1032.48 1160.43 941.87 193.01
6922130119954-back_camera0-22.jpg 154 1536.02 1248.85 1071.72 1155.46 928.6 186.77
6922130119954-back_camera0-26.jpg 154 1445.18 1244.76 947.39 1152.13 995.58 185.26
6922130119954-back_camera0-25.jpg 154 1461.03 1243.81 955.63 1142.89 1010.8 201.83
6922130119954-back_camera0-24.jpg 154 1504.19 1242.44 1011.02 1152.05 986.35 180.78
6922130119954-back_camera0-29.jpg 154 1368.13 1240.27 923.34 1133.77 889.58 213.0
6922130119954-back_camera0-33.jpg 154 1390.98 1241.97 984.41 1150.76 813.15 182.43
6922130119954-back_camera0-28.jpg 154 1379.49 1246.21 924.4 1137.04 910.18 218.34
6922130119954-back_camera0-32.jpg 154 1400.7 1244.03 1035.92 1145.6 729.56 196.87
6922130119954-back_camera0-27.jpg 154 1412.1 1241.04 927.38 1147.61 969.43 186.86
6922130119954-back_camera0-2.jpg 154 1328.69 1254.0 848.93 1139.85 959.52 228.3
6922130119954-back_camera0-31.jpg 154 1371.36 1237.6 1008.62 1140.73 725.48 193.74
6922130119954-back_camera0-30.jpg 154 1345.3 1235.69 971.75 1129.15 747.09 213.08
6922130119954-back_camera0-36.jpg 154 1339.63 1250.19 842.89 1152.13 993.48 196.11
6922130119954-back_camera0-35.jpg 154 1358.65 1248.38 880.55 1147.46 956.21 201.83
6922130119954-back_camera0-34.jpg 154 1376.86 1250.15 921.77 1147.56 910.18 205.19
6922130119954-back_camera0-37.jpg 154 1315.09 1251.18 809.4 1151.36 1011.38 199.64
6922130119954-back_camera0-39.jpg 154 1283.65 1251.47 788.1 1157.91 991.1 187.12
6922130119954-back_camera0-38.jpg 154 1299.24 1254.67 790.53 1150.45 1017.42 208.45
6922130119954-back_camera0-40.jpg 154 1276.77 1249.36 788.13 1153.71 977.28 191.3
6922130119954-back_camera0-3.jpg 154 1367.74 1246.93 890.93 1147.93 953.63 197.99
6922130119954-back_camera0-6.jpg 154 1353.3 1260.05 826.04 1151.82 1054.53 216.46
6922130119954-back_camera0-4.jpg 154 1369.14 1246.64 858.78 1144.07 1020.73 205.14
6922130119954-back_camera0-5.jpg 154 1359.76 1260.67 834.96 1147.56 1049.6 226.23
6922130119954-back_camera0-7.jpg 154 1356.34 1259.34 825.31 1150.45 1062.05 217.78
6922130119954-back_camera1-15.jpg 154 1355.67 1227.62 890.38 845.58 930.58 764.07
6922130119954-back_camera0-8.jpg 154 1352.73 1260.73 841.54 1144.92 1022.38 231.61
6922130119954-back_camera1-16.jpg 154 1347.92 1210.69 866.53 824.0 962.79 773.39
6922130119954-back_camera1-10.jpg 154 1250.47 1199.87 907.29 858.84 686.37 682.05
6922130119954-back_camera1-11.jpg 154 1316.05 1223.85 975.23 887.98 681.64 671.74
6922130119954-back_camera1-12.jpg 154 1341.25 1242.86 948.31 872.3 785.89 741.12
6922130119954-back_camera1-13.jpg 154 1355.51 1242.3 936.13 862.63 838.75 759.34
6922130119954-back_camera0-9.jpg 154 1356.64 1261.18 883.03 1149.25 947.23 223.86
6922130119954-back_camera1-14.jpg 154 1355.05 1231.51 901.33 846.26 907.43 770.49
6922130119954-back_camera1-18.jpg 154 1328.17 1167.86 875.99 850.57 904.37 634.57
6922130119954-back_camera1-17.jpg 154 1338.18 1202.19 858.56 834.52 959.24 735.35
6922130119954-back_camera1-1.jpg 154 1174.3 1171.24 750.78 913.44 847.05 515.59
6922130119954-back_camera1-19.jpg 154 1317.38 1151.66 901.89 869.99 830.98 563.34
6922130119954-back_camera1-22.jpg 154 1352.3 1100.62 915.08 818.49 874.44 564.26
6922130119954-back_camera1-20.jpg 154 1345.68 1134.0 925.95 886.55 839.46 494.9
6922130119954-back_camera1-21.jpg 154 1360.99 1102.91 939.14 844.84 843.71 516.15
6922130119954-back_camera1-26.jpg 154 1275.51 1089.43 822.24 739.77 906.53 699.32
6922130119954-back_camera1-23.jpg 154 1338.72 1091.0 871.79 787.17 933.86 607.66
6922130119954-back_camera1-25.jpg 154 1289.0 1094.97 829.51 753.45 918.98 683.05
6922130119954-back_camera1-24.jpg 154 1318.42 1093.26 852.73 762.39 931.39 661.74
6922130119954-back_camera1-30.jpg 154 1231.37 1088.93 907.87 789.22 646.99 599.42
6922130119954-back_camera1-28.jpg 154 1233.07 1091.03 832.66 734.15 800.81 713.77
6922130119954-back_camera1-32.jpg 154 1234.82 1129.14 850.75 784.54 768.13 689.21
6922130119954-back_camera1-29.jpg 154 1217.55 1085.53 844.92 749.66 745.27 671.74
6922130119954-back_camera1-27.jpg 154 1246.72 1085.37 812.45 730.24 868.53 710.26
6922130119954-back_camera1-2.jpg 154 1210.9 1172.7 781.56 884.38 858.68 576.65
6922130119954-back_camera1-31.jpg 154 1251.12 1111.27 916.67 795.2 668.91 632.14
6922130119954-back_camera1-33.jpg 154 1223.66 1144.19 801.58 783.93 844.16 720.52
6922130119954-back_camera1-34.jpg 154 1207.3 1148.07 763.75 783.3 887.1 729.54
6922130119954-back_camera1-36.jpg 154 1175.99 1168.69 697.34 811.63 957.31 714.12
6922130119954-back_camera1-35.jpg 154 1192.02 1160.91 725.34 802.42 933.36 716.99
6922130119954-back_camera1-39.jpg 154 1144.78 1178.3 686.46 881.99 916.63 592.61
6922130119954-back_camera1-5.jpg 154 1214.68 1201.67 726.16 821.43 977.04 760.48
6922130119954-back_camera1-3.jpg 154 1212.55 1185.54 749.4 858.86 926.29 653.35
6922130119954-back_camera1-37.jpg 154 1157.98 1172.82 676.43 834.09 963.1 677.45
6922130119954-back_camera1-38.jpg 154 1159.84 1180.45 692.91 868.72 933.86 623.45
6922130119954-back_camera1-6.jpg 154 1218.82 1211.38 738.57 821.79 960.49 779.18
6922130119954-back_camera1-40.jpg 154 1148.92 1172.28 716.6 902.44 864.64 539.68
6922130119954-back_camera1-4.jpg 154 1208.36 1197.17 722.47 840.8 971.78 712.75
6922130119954-back_camera1-8.jpg 154 1224.36 1217.26 786.23 828.35 876.25 777.81
6922130119954-back_camera2-10.jpg 154 1344.36 854.17 967.9 554.51 752.92 599.32
6922130119954-back_camera1-9.jpg 154 1244.02 1213.33 853.38 845.05 781.28 736.56
6922130119954-back_camera1-7.jpg 154 1219.13 1218.57 751.39 826.72 935.48 783.69
6922130119954-back_camera2-11.jpg 154 1351.08 843.89 995.39 566.79 711.37 554.2
6922130119954-back_camera2-12.jpg 154 1341.35 831.89 948.08 508.33 786.54 647.12
6922130119954-back_camera2-13.jpg 154 1334.3 818.91 935.17 471.41 798.25 695.01
6922130119954-back_camera2-16.jpg 154 1294.0 803.78 867.48 374.36 853.04 858.84
6922130119954-back_camera2-14.jpg 154 1321.62 802.96 890.21 395.22 862.83 815.48
6922130119954-back_camera2-19.jpg 154 1255.18 798.8 933.46 414.38 643.45 768.84
6922130119954-back_camera2-18.jpg 154 1266.3 797.68 910.16 388.67 712.27 818.03
6922130119954-back_camera2-15.jpg 154 1310.03 803.21 881.56 391.14 856.95 824.14
6922130119954-back_camera2-17.jpg 154 1285.36 804.99 880.33 378.65 810.05 852.68
6922130119954-back_camera2-1.jpg 154 1304.53 934.49 1032.26 589.88 544.53 689.21
6922130119954-back_camera2-21.jpg 154 1247.41 805.06 950.27 441.19 594.28 727.74
6922130119954-back_camera2-22.jpg 154 1231.77 813.26 901.56 426.48 660.42 773.56
6922130119954-back_camera2-20.jpg 154 1247.67 802.08 961.06 445.02 573.23 714.12
6922130119954-back_camera2-23.jpg 154 1232.18 816.11 874.42 408.37 715.52 815.48
6922130119954-back_camera2-25.jpg 154 1206.95 846.48 786.24 419.96 841.43 853.04
6922130119954-back_camera2-24.jpg 154 1217.2 830.25 834.44 416.01 765.51 828.47
6922130119954-back_camera2-26.jpg 154 1201.36 854.19 773.85 435.37 855.02 837.65
6922130119954-back_camera2-27.jpg 154 1204.56 871.36 779.72 476.77 849.68 789.17
6922130119954-back_camera2-28.jpg 154 1196.66 877.61 779.24 519.58 834.84 716.05
6922130119954-back_camera2-30.jpg 154 1196.2 900.68 849.32 626.87 693.77 547.62
6922130119954-back_camera2-2.jpg 154 1315.92 941.71 1002.68 564.13 626.48 755.17
6922130119954-back_camera2-29.jpg 154 1193.91 889.76 793.56 549.8 800.7 679.93
6922130119954-back_camera2-32.jpg 154 1224.29 918.71 824.44 563.58 799.7 710.26
6922130119954-back_camera2-33.jpg 154 1224.37 926.3 809.04 538.33 830.66 775.94
6922130119954-back_camera2-31.jpg 154 1203.35 904.53 829.4 604.87 747.89 599.32
6922130119954-back_camera2-34.jpg 154 1233.62 936.09 808.45 528.29 850.33 815.59
6922130119954-back_camera2-3.jpg 154 1331.48 936.76 974.4 534.43 714.16 804.67
6922130119954-back_camera2-36.jpg 154 1253.71 946.08 849.55 516.74 808.32 858.68
6922130119954-back_camera2-37.jpg 154 1261.12 951.59 869.16 521.49 783.91 860.2
6922130119954-back_camera2-35.jpg 154 1243.82 940.09 820.17 512.58 847.3 855.02
6922130119954-back_camera2-40.jpg 154 1291.47 944.82 990.56 572.13 601.83 745.37
6922130119954-back_camera2-38.jpg 154 1277.74 945.95 917.83 534.43 719.82 823.05
6922130119954-back_camera2-4.jpg 154 1337.4 917.39 950.71 495.18 773.39 844.42
6922130119954-back_camera2-5.jpg 154 1337.52 919.02 925.51 483.79 824.02 870.45
6922130119954-back_camera2-39.jpg 154 1285.15 948.34 952.22 549.78 665.87 797.11
6922130119954-back_camera2-7.jpg 154 1348.24 891.15 920.45 488.11 855.58 806.08
6922130119954-back_camera2-6.jpg 154 1345.62 905.79 925.09 489.04 841.06 833.5
6922130119954-back_camera3-10.jpg 154 1429.47 1421.14 1016.47 1223.85 826.0 394.59
6922130119954-back_camera2-8.jpg 154 1350.25 880.67 924.26 495.21 851.98 770.92
6922130119954-back_camera3-12.jpg 154 1405.26 1436.26 934.42 1234.61 941.68 403.31
6922130119954-back_camera3-11.jpg 154 1422.02 1430.55 970.1 1228.04 903.84 405.02
6922130119954-back_camera2-9.jpg 154 1349.86 870.31 946.11 525.95 807.5 688.71
6922130119954-back_camera3-15.jpg 154 1324.25 1436.92 829.7 1231.74 989.1 410.37
6922130119954-back_camera3-16.jpg 154 1302.68 1436.11 816.31 1249.86 972.75 372.5
6922130119954-back_camera3-13.jpg 154 1383.93 1435.91 889.97 1232.14 987.93 407.54
6922130119954-back_camera3-14.jpg 154 1363.4 1436.77 859.95 1234.54 1006.9 404.46
6922130119954-back_camera3-18.jpg 154 1303.2 1421.14 832.33 1258.05 941.75 326.19
6922130119954-back_camera3-1.jpg 154 1436.62 1393.88 928.67 1222.12 1015.91 343.51
6922130119954-back_camera3-17.jpg 154 1294.91 1428.98 817.22 1252.38 955.38 353.2
6922130119954-back_camera3-22.jpg 154 1350.89 1399.16 843.05 1220.63 1015.68 357.06
6922130119954-back_camera3-21.jpg 154 1366.34 1393.53 866.53 1221.22 999.62 344.61
6922130119954-back_camera3-23.jpg 154 1335.38 1407.94 819.21 1216.32 1032.35 383.24
6922130119954-back_camera3-20.jpg 154 1379.84 1391.62 910.83 1231.42 938.01 320.39
6922130119954-back_camera3-19.jpg 154 1345.3 1404.05 861.27 1255.42 968.05 297.26
6922130119954-back_camera3-25.jpg 154 1307.57 1407.53 809.9 1209.58 995.33 395.91
6922130119954-back_camera3-24.jpg 154 1316.32 1410.06 802.97 1214.19 1026.7 391.73
6922130119954-back_camera3-27.jpg 154 1286.12 1411.94 845.49 1218.59 881.25 386.7
6922130119954-back_camera3-26.jpg 154 1296.57 1410.43 831.43 1210.67 930.29 399.52
6922130119954-back_camera3-28.jpg 154 1317.94 1420.33 928.51 1230.7 778.87 379.26
6922130119954-back_camera3-2.jpg 154 1403.17 1394.84 903.36 1215.96 999.62 357.76
6922130119954-back_camera3-29.jpg 154 1375.09 1444.91 984.07 1242.68 782.04 404.46
6922130119954-back_camera3-32.jpg 154 1411.57 1480.56 912.75 1248.51 997.64 464.1
6922130119954-back_camera3-34.jpg 154 1394.1 1480.29 864.71 1252.82 1058.78 454.94
6922130119954-back_camera3-35.jpg 154 1387.86 1471.28 860.59 1259.58 1054.53 423.4
6922130119954-back_camera3-31.jpg 154 1409.74 1469.82 953.34 1244.9 912.81 449.83
6922130119954-back_camera3-30.jpg 154 1416.23 1458.18 997.63 1248.17 837.2 420.01
6922130119954-back_camera3-33.jpg 154 1410.3 1477.69 893.21 1259.38 1034.18 436.61
6922130119954-back_camera3-36.jpg 154 1373.52 1463.56 862.33 1261.73 1022.38 403.66
6922130119954-back_camera3-39.jpg 154 1427.26 1421.27 957.68 1254.99 939.17 332.55
6922130119954-back_camera3-38.jpg 154 1374.24 1447.45 903.36 1276.46 941.75 341.98
6922130119954-back_camera3-37.jpg 154 1367.53 1453.06 887.51 1270.63 960.03 364.86
6922130119954-back_camera3-4.jpg 154 1387.74 1394.27 885.45 1201.87 1004.58 384.81
6922130119954-back_camera3-3.jpg 154 1399.22 1401.42 884.94 1205.44 1028.56 391.96
6922130119954-back_camera3-40.jpg 154 1446.21 1413.81 962.73 1232.38 966.96 362.85
6922130119954_camera0-10.jpg 154 1339.25 1253.26 912.17 1142.95 854.17 220.61
6922130119954-back_camera3-7.jpg 154 1351.88 1381.69 942.82 1202.81 818.11 357.76
6922130119954-back_camera3-5.jpg 154 1379.36 1391.5 904.82 1202.8 949.08 377.41
6922130119954-back_camera3-8.jpg 154 1357.02 1387.75 979.57 1202.94 754.89 369.61
6922130119954-back_camera3-9.jpg 154 1409.53 1403.01 1027.59 1224.0 763.89 358.02
6922130119954-back_camera3-6.jpg 154 1368.97 1381.69 921.77 1184.39 894.4 394.59
6922130119954_camera0-12.jpg 154 1430.02 1261.92 1039.18 1143.22 781.67 237.4
6922130119954_camera0-13.jpg 154 1462.46 1265.86 1045.27 1154.85 834.38 222.01
6922130119954_camera0-14.jpg 154 1461.04 1261.99 998.06 1142.3 925.96 239.38
6922130119954_camera0-11.jpg 154 1349.71 1255.75 967.28 1144.84 764.87 221.82
6922130119954_camera0-17.jpg 154 1442.3 1268.78 913.74 1163.73 1057.12 210.1
6922130119954_camera0-18.jpg 154 1431.99 1264.01 910.27 1165.95 1043.43 196.11
6922130119954_camera0-15.jpg 154 1464.49 1273.17 961.76 1154.14 1005.47 238.06
6922130119954_camera0-16.jpg 154 1457.1 1269.89 937.56 1158.09 1039.08 223.6
6922130119954_camera0-19.jpg 154 1418.71 1259.47 911.43 1164.92 1014.57 189.1
6922130119954_camera0-1.jpg 154 1332.34 1274.68 859.47 1146.33 945.73 256.7
6922130119954_camera0-22.jpg 154 1478.74 1257.02 1014.11 1174.56 929.26 164.92
6922130119954_camera0-20.jpg 154 1413.69 1264.62 927.03 1163.35 973.32 202.55
6922130119954_camera0-21.jpg 154 1437.16 1258.46 969.78 1170.78 934.77 175.36
6922130119954_camera0-23.jpg 154 1486.45 1250.95 1007.29 1166.77 958.33 168.36
6922130119954_camera0-25.jpg 154 1464.71 1259.29 947.88 1165.32 1033.66 187.94
6922130119954_camera0-26.jpg 154 1441.24 1256.99 932.53 1164.35 1017.42 185.29
6922130119954_camera0-24.jpg 154 1476.82 1254.11 971.75 1160.72 1010.14 186.77
6922130119954_camera0-27.jpg 154 1421.8 1250.24 928.25 1156.9 987.1 186.67
6922130119954_camera0-2.jpg 154 1377.3 1265.09 908.31 1146.68 937.98 236.81
6922130119954_camera0-29.jpg 154 1397.9 1250.16 958.6 1158.09 878.61 184.14
6922130119954_camera0-28.jpg 154 1406.42 1256.18 930.8 1161.06 951.24 190.25
6922130119954_camera0-30.jpg 154 1375.48 1258.82 979.51 1157.0 791.94 203.64
6922130119954_camera0-31.jpg 154 1392.92 1260.66 1020.6 1153.82 744.65 213.68
6922130119954_camera0-33.jpg 154 1454.46 1280.4 1042.78 1150.19 823.37 260.43
6922130119954_camera0-32.jpg 154 1445.63 1273.81 1065.06 1156.35 761.15 234.92
6922130119954_camera0-39.jpg 154 1343.87 1277.31 844.26 1149.92 999.22 254.77
6922130119954_camera0-38.jpg 154 1358.32 1278.85 850.87 1148.02 1014.89 261.65
6922130119954_camera0-34.jpg 154 1445.26 1279.88 999.8 1153.66 890.93 252.43
6922130119954_camera0-35.jpg 154 1424.22 1277.77 934.93 1142.3 978.58 270.95
6922130119954_camera0-37.jpg 154 1398.93 1286.24 869.57 1153.12 1058.72 266.25
6922130119954_camera0-36.jpg 154 1404.12 1289.0 902.3 1153.89 1003.63 270.21
6922130119954_camera0-3.jpg 154 1403.72 1257.07 941.2 1146.99 925.03 220.16
6922130119954_camera0-40.jpg 154 1315.04 1269.88 829.7 1139.67 970.68 260.43
6922130119954_camera0-5.jpg 154 1377.97 1251.47 874.76 1146.94 1006.43 209.06
6922130119954_camera0-7.jpg 154 1343.07 1251.52 838.91 1141.92 1008.31 219.2
6922130119954_camera0-4.jpg 154 1391.2 1255.49 896.14 1145.47 990.12 220.03
6922130119954_camera0-6.jpg 154 1363.71 1254.1 856.01 1142.3 1015.4 223.6
6922130119954_camera0-8.jpg 154 1332.49 1252.85 847.78 1142.77 969.43 220.16
6922130119954_camera1-12.jpg 154 1296.19 1209.38 909.3 868.68 773.79 681.4
6922130119954_camera1-10.jpg 154 1218.05 1173.22 870.28 823.33 695.53 699.78
6922130119954_camera1-14.jpg 154 1295.18 1224.61 830.47 843.03 929.43 763.15
6922130119954_camera0-9.jpg 154 1329.51 1251.47 863.9 1129.15 931.23 244.64
6922130119954_camera1-13.jpg 154 1300.12 1217.5 875.99 862.44 848.25 710.11
6922130119954_camera1-15.jpg 154 1290.05 1217.28 806.03 845.05 968.05 744.45
6922130119954_camera1-17.jpg 154 1281.22 1208.94 793.68 863.29 975.08 691.3
6922130119954_camera1-16.jpg 154 1286.65 1227.82 796.42 855.32 980.47 745.0
6922130119954_camera1-11.jpg 154 1273.55 1182.96 931.29 853.65 684.52 658.62
6922130119954_camera1-18.jpg 154 1286.11 1202.81 811.29 873.98 949.64 657.65
6922130119954_camera1-19.jpg 154 1276.03 1191.34 827.27 900.96 897.53 580.76
6922130119954_camera1-21.jpg 154 1311.37 1137.91 893.51 887.97 835.72 499.89
6922130119954_camera1-22.jpg 154 1318.98 1137.05 882.31 850.31 873.35 573.47
6922130119954_camera1-26.jpg 154 1288.76 1132.13 832.72 774.15 912.08 715.97
6922130119954_camera1-27.jpg 154 1274.67 1129.22 834.16 772.85 881.03 712.75
6922130119954_camera1-1.jpg 154 1216.39 1131.78 787.61 868.72 857.57 526.12
6922130119954_camera1-20.jpg 154 1269.66 1173.84 846.98 914.24 845.37 519.19
6922130119954_camera1-25.jpg 154 1298.32 1133.68 837.5 785.1 921.64 697.16
6922130119954_camera1-23.jpg 154 1318.99 1140.99 863.9 816.11 910.18 649.75
6922130119954_camera1-28.jpg 154 1263.28 1122.15 855.07 767.02 816.42 710.26
6922130119954_camera1-24.jpg 154 1309.83 1135.48 851.17 800.93 917.32 669.1
6922130119954_camera1-29.jpg 154 1256.52 1112.85 889.54 785.46 733.96 654.77
6922130119954_camera1-30.jpg 154 1246.65 1118.62 905.99 813.48 681.32 610.29
6922130119954_camera1-2.jpg 154 1244.36 1130.9 822.54 843.22 843.63 575.37
6922130119954_camera1-31.jpg 154 1290.69 1149.33 954.03 828.39 673.32 641.88
6922130119954_camera1-32.jpg 154 1292.68 1165.97 913.88 816.11 757.61 699.73
6922130119954_camera1-34.jpg 154 1270.25 1172.8 824.07 799.45 892.35 746.69
6922130119954_camera1-39.jpg 154 1198.31 1155.09 751.34 851.65 893.94 606.87
6922130119954_camera1-38.jpg 154 1212.45 1152.83 735.0 813.48 954.9 678.69
6922130119954_camera1-35.jpg 154 1257.7 1170.67 785.8 791.42 943.8 758.51
6922130119954_camera1-33.jpg 154 1285.34 1167.47 867.45 804.73 835.78 725.48
6922130119954_camera1-40.jpg 154 1198.99 1155.85 773.25 883.6 851.47 544.5
6922130119954_camera1-37.jpg 154 1223.49 1165.15 746.31 803.8 954.37 722.7
6922130119954_camera1-4.jpg 154 1222.59 1154.32 756.48 794.36 932.22 719.91
6922130119954_camera1-36.jpg 154 1242.7 1168.61 763.94 797.7 957.53 741.82
6922130119954_camera1-7.jpg 154 1200.51 1176.44 750.09 784.71 900.83 783.46
6922130119954_camera1-6.jpg 154 1207.05 1175.35 743.61 788.69 926.88 773.32
6922130119954_camera1-3.jpg 154 1231.54 1144.83 777.01 810.93 909.06 667.8
6922130119954_camera1-5.jpg 154 1213.76 1169.92 740.26 787.17 947.01 765.5
6922130119954_camera2-10.jpg 154 1301.61 886.1 924.73 581.34 753.76 609.51
6922130119954_camera1-8.jpg 154 1203.35 1181.53 784.08 798.77 838.54 765.51
6922130119954_camera1-9.jpg 154 1199.49 1175.72 794.11 797.69 810.76 756.05
6922130119954_camera2-11.jpg 154 1306.82 876.45 960.37 590.8 692.89 571.3
6922130119954_camera2-12.jpg 154 1313.73 868.72 934.93 542.53 757.61 652.38
6922130119954_camera2-13.jpg 154 1315.21 868.08 915.2 504.43 800.02 727.29
6922130119954_camera2-14.jpg 154 1314.14 864.24 904.95 468.89 818.39 790.69
6922130119954_camera2-15.jpg 154 1314.57 854.94 895.24 431.97 838.65 845.94
6922130119954_camera2-17.jpg 154 1304.52 846.36 911.25 408.37 786.54 875.98
6922130119954_camera2-22.jpg 154 1276.32 839.34 948.23 463.17 656.18 752.34
6922130119954_camera2-16.jpg 154 1317.21 856.01 896.5 414.99 841.43 882.05
6922130119954_camera2-18.jpg 154 1301.08 846.32 928.58 417.84 745.0 856.95
6922130119954_camera2-21.jpg 154 1283.39 846.02 1002.68 498.13 561.43 695.78
6922130119954_camera2-1.jpg 154 1267.69 901.61 977.01 550.42 581.36 702.37
6922130119954_camera2-20.jpg 154 1283.24 839.31 977.19 463.77 612.1 751.07
6922130119954_camera2-19.jpg 154 1290.06 843.74 948.08 437.31 683.95 812.85
6922130119954_camera2-23.jpg 154 1265.95 838.84 898.03 438.74 735.85 800.19
6922130119954_camera2-24.jpg 154 1262.08 838.61 850.07 420.79 824.02 835.63
6922130119954_camera2-26.jpg 154 1254.55 850.31 808.66 437.31 891.77 826.0
6922130119954_camera2-28.jpg 154 1244.79 849.37 818.24 477.83 853.09 743.07
6922130119954_camera2-25.jpg 154 1252.2 843.61 826.53 428.66 851.34 829.89
6922130119954_camera2-30.jpg 154 1241.39 860.82 861.27 558.31 760.24 605.03
6922130119954_camera2-27.jpg 154 1248.67 841.58 821.85 453.78 853.65 775.59
6922130119954_camera2-2.jpg 154 1276.9 912.13 953.34 529.38 647.12 765.5
6922130119954_camera2-31.jpg 154 1243.83 862.27 897.35 576.84 692.95 570.86
6922130119954_camera2-29.jpg 154 1247.58 856.01 838.47 513.64 818.22 684.75
6922130119954_camera2-34.jpg 154 1239.86 876.84 834.44 476.45 810.84 800.77
6922130119954_camera2-32.jpg 154 1244.17 868.39 866.16 539.18 756.03 658.43
6922130119954_camera2-37.jpg 154 1238.76 893.71 829.7 460.98 818.11 865.46
6922130119954_camera2-33.jpg 154 1236.09 873.05 839.48 504.15 793.21 737.81
6922130119954_camera2-35.jpg 154 1237.09 890.84 815.54 472.59 843.09 836.49
6922130119954_camera2-36.jpg 154 1240.04 894.36 825.63 456.79 828.82 875.14
6922130119954_camera2-38.jpg 154 1237.44 900.29 858.64 471.5 757.61 857.57
6922130119954_camera2-39.jpg 154 1247.42 902.01 907.47 496.59 679.9 810.84
6922130119954_camera2-40.jpg 154 1256.28 905.34 948.72 519.44 615.12 771.8
6922130119954_camera2-6.jpg 154 1291.78 916.62 852.56 503.87 878.45 825.51
6922130119954_camera2-3.jpg 154 1279.98 915.55 912.88 519.58 734.2 791.94
6922130119954_camera2-4.jpg 154 1284.79 927.9 877.05 510.96 815.48 833.89
6922130119954_camera2-5.jpg 154 1292.74 917.12 879.77 504.15 825.95 825.95
6922130119954_camera2-9.jpg 154 1300.3 896.98 894.88 551.99 810.84 689.97
6922130119954_camera2-7.jpg 154 1295.34 911.45 859.85 514.7 870.97 793.49
6922130119954_camera3-10.jpg 154 1399.22 1435.61 1011.21 1239.63 776.02 391.96
6922130119954_camera3-14.jpg 154 1424.03 1473.18 899.63 1268.54 1048.8 409.29
6922130119954_camera3-12.jpg 154 1434.13 1459.95 973.4 1262.26 921.47 395.39
6922130119954_camera2-8.jpg 154 1295.32 913.44 858.64 532.01 873.35 762.87
6922130119954_camera3-16.jpg 154 1408.58 1457.26 887.32 1267.14 1042.51 380.24
6922130119954_camera3-11.jpg 154 1433.2 1446.44 1016.73 1250.58 832.95 391.73
6922130119954_camera3-13.jpg 154 1427.55 1469.19 927.66 1267.5 999.77 403.38
6922130119954_camera3-15.jpg 154 1408.42 1461.92 879.68 1260.68 1057.49 402.48
6922130119954_camera3-18.jpg 154 1380.9 1442.28 905.44 1284.1 950.93 316.36
6922130119954_camera3-17.jpg 154 1391.33 1447.45 879.68 1268.57 1023.3 357.76
6922130119954_camera3-22.jpg 154 1443.39 1400.88 946.31 1237.54 994.17 326.68
6922130119954_camera3-20.jpg 154 1443.4 1411.27 975.23 1267.35 936.35 287.85
6922130119954_camera3-21.jpg 154 1460.15 1404.04 975.95 1248.73 968.41 310.62
6922130119954_camera3-19.jpg 154 1402.9 1435.06 936.69 1294.72 932.43 280.68
6922130119954_camera3-23.jpg 154 1416.32 1401.41 921.77 1221.22 989.1 360.39
6922130119954_camera3-1.jpg 154 1373.32 1399.34 915.02 1229.37 916.6 339.95
6922130119954_camera3-28.jpg 154 1354.69 1403.51 960.96 1224.98 787.46 357.06
6922130119954_camera3-24.jpg 154 1400.54 1405.36 895.47 1223.85 1010.14 363.02
6922130119954_camera3-27.jpg 154 1362.61 1398.29 929.69 1225.31 865.83 345.96
6922130119954_camera3-25.jpg 154 1399.22 1409.31 913.88 1221.22 970.68 376.17
6922130119954_camera3-26.jpg 154 1380.32 1396.55 908.0 1215.4 944.63 362.3
6922130119954_camera3-31.jpg 154 1437.12 1453.69 1039.36 1247.41 795.53 412.56
6922130119954_camera3-2.jpg 154 1365.3 1407.18 873.53 1214.55 983.54 385.27
6922130119954_camera3-29.jpg 154 1363.71 1423.78 992.8 1242.27 741.82 363.02
6922130119954_camera3-30.jpg 154 1415.23 1446.74 1042.49 1249.77 745.48 393.95
6922130119954_camera3-33.jpg 154 1398.63 1461.79 918.05 1231.84 961.17 459.91
6922130119954_camera3-39.jpg 154 1309.78 1431.67 840.22 1244.9 939.12 373.54
6922130119954_camera3-32.jpg 154 1420.21 1461.88 981.75 1245.43 876.93 432.91
6922130119954_camera3-35.jpg 154 1362.62 1463.85 849.88 1238.39 1025.48 450.92
6922130119954_camera3-36.jpg 154 1334.59 1460.45 819.26 1239.46 1030.65 441.98
6922130119954_camera3-34.jpg 154 1378.99 1465.5 871.04 1233.45 1015.91 464.1
6922130119954_camera3-6.jpg 154 1300.58 1421.15 813.92 1197.55 973.32 447.2
6922130119954_camera3-4.jpg 154 1330.38 1414.12 818.37 1204.85 1024.03 418.55
6922130119954_camera3-38.jpg 154 1300.12 1448.7 829.28 1260.92 941.68 375.56
6922130119954_camera3-3.jpg 154 1346.1 1412.66 842.45 1220.54 1007.3 384.25
6922130119954_camera3-5.jpg 154 1316.95 1423.35 810.31 1201.39 1013.28 443.91
6922130119954_camera3-40.jpg 154 1347.55 1417.2 885.96 1246.07 923.18 342.26
6922130119954_camera3-37.jpg 154 1316.29 1453.51 810.42 1251.47 1011.74 404.07
6922130119954_camera3-8.jpg 154 1305.77 1423.41 885.81 1218.06 839.93 410.71
6922130119954_camera3-9.jpg 154 1322.75 1424.25 937.29 1219.94 770.92 408.62
6922130119954_camera3-7.jpg 154 1301.75 1425.14 839.79 1211.48 923.93 427.32
