6913102210618-back_camera0-11.jpg 155 1443.76 1083.53 999.74 994.72 888.03 177.61
6913102210618-back_camera0-14.jpg 155 1427.36 1070.97 1037.0 996.05 780.72 149.85
6913102210618-back_camera0-18.jpg 155 1474.27 1040.9 1038.18 973.51 872.17 134.79
6913102210618-back_camera0-16.jpg 155 1482.45 1056.78 1085.47 981.62 793.96 150.31
6913102210618-back_camera0-15.jpg 155 1458.39 1058.13 1061.25 982.59 794.29 151.09
6913102210618-back_camera0-13.jpg 155 1434.25 1076.99 1020.76 997.44 826.98 159.1
6913102210618-back_camera0-19.jpg 155 1461.82 1038.52 1010.9 960.33 901.84 156.37
6913102210618-back_camera0-17.jpg 155 1477.16 1046.78 1063.67 971.85 826.98 149.85
6913102210618-back_camera0-1.jpg 155 1420.59 1055.04 974.14 980.63 892.89 148.82
6913102210618-back_camera0-21.jpg 155 1437.53 1038.71 1004.77 958.85 865.52 159.72
6913102210618-back_camera0-22.jpg 155 1420.26 1037.99 1010.17 959.21 820.19 157.56
6913102210618-back_camera0-23.jpg 155 1420.37 1040.53 1027.63 961.74 785.48 157.58
6913102210618-back_camera0-28.jpg 155 1476.17 1068.4 1074.18 981.98 803.98 172.85
6913102210618-back_camera0-24.jpg 155 1410.56 1034.75 1069.22 957.05 682.67 155.41
6913102210618-back_camera0-25.jpg 155 1438.61 1039.07 1115.93 960.29 645.36 157.56
6913102210618-back_camera0-27.jpg 155 1483.93 1062.58 1112.4 975.91 743.05 173.34
6913102210618-back_camera0-26.jpg 155 1487.18 1053.8 1161.31 965.79 651.75 176.02
6913102210618-back_camera0-31.jpg 155 1442.31 1081.67 999.22 995.64 886.18 172.06
6913102210618-back_camera0-33.jpg 155 1418.93 1078.8 1001.74 1005.72 834.38 146.15
6913102210618-back_camera0-32.jpg 155 1433.23 1083.19 995.3 1002.67 875.87 161.04
6913102210618-back_camera0-35.jpg 155 1438.3 1070.31 1047.94 1000.01 780.72 140.6
6913102210618-back_camera0-34.jpg 155 1410.89 1074.66 1018.76 1002.62 784.27 144.08
6913102210618-back_camera0-37.jpg 155 1477.11 1058.86 1063.77 995.18 826.67 127.35
6913102210618-back_camera0-36.jpg 155 1475.91 1069.2 1083.48 997.79 784.87 142.83
6913102210618-back_camera0-3.jpg 155 1403.61 1055.37 1006.02 983.24 795.17 144.25
6913102210618-back_camera0-5.jpg 155 1441.13 1058.49 1106.58 980.79 669.1 155.4
6913102210618-back_camera0-4.jpg 155 1391.78 1058.29 1032.98 980.71 717.6 155.16
6913102210618-back_camera0-6.jpg 155 1485.63 1066.57 1152.62 987.94 666.02 157.25
6913102210618-back_camera1-22.jpg 155 1277.63 1166.93 892.17 905.11 770.93 523.65
6913102210618-back_camera1-23.jpg 155 1268.82 1166.41 872.21 876.83 793.21 579.17
6913102210618-back_camera1-27.jpg 155 1224.75 1177.74 849.55 874.31 750.4 606.87
6913102210618-back_camera1-28.jpg 155 1215.93 1171.45 869.69 879.35 692.49 584.21
6913102210618-back_camera1-29.jpg 155 1215.14 1171.98 908.27 899.05 613.75 545.87
6913102210618-back_camera1-31.jpg 155 1267.56 1172.71 965.38 886.9 604.35 571.62
6913102210618-back_camera1-30.jpg 155 1239.95 1166.6 950.05 904.27 579.81 524.66
6913102210618-back_camera1-2.jpg 155 1271.34 1192.86 884.8 919.64 773.07 546.44
6913102210618-back_camera1-32.jpg 155 1260.01 1181.53 915.02 876.83 689.97 609.39
6913102210618-back_camera1-33.jpg 155 1256.02 1188.83 881.26 872.76 749.52 632.14
6913102210618-back_camera1-34.jpg 155 1249.93 1189.08 857.1 866.76 785.66 644.64
6913102210618-back_camera1-35.jpg 155 1244.05 1195.71 841.66 877.5 804.78 636.42
6913102210618-back_camera1-36.jpg 155 1235.48 1201.52 824.66 887.57 821.64 627.9
6913102210618-back_camera1-3.jpg 155 1267.56 1204.18 862.14 912.08 810.84 584.21
6913102210618-back_camera1-40.jpg 155 1252.45 1181.53 907.47 970.0 689.97 423.05
6913102210618-back_camera1-6.jpg 155 1252.83 1202.67 854.74 882.36 796.18 640.62
6913102210618-back_camera2-18.jpg 155 1256.23 868.02 945.24 529.33 621.98 677.38
6913102210618-back_camera2-17.jpg 155 1261.26 865.5 930.13 516.74 662.27 697.52
6913102210618-back_camera2-16.jpg 155 1263.6 863.93 910.76 503.32 705.68 721.23
6913102210618-back_camera2-20.jpg 155 1252.45 870.54 1013.23 582.21 478.45 576.65
6913102210618-back_camera2-19.jpg 155 1254.36 866.13 982.4 552.94 543.92 626.38
6913102210618-back_camera2-21.jpg 155 1264.07 867.94 997.49 555.41 533.15 625.07
6913102210618-back_camera2-22.jpg 155 1263.78 870.53 967.9 534.36 591.76 672.34
6913102210618-back_camera2-23.jpg 155 1261.49 879.61 936.41 527.57 650.16 704.08
6913102210618-back_camera2-1.jpg 155 1291.17 884.14 1028.13 575.04 526.08 618.2
6913102210618-back_camera2-29.jpg 155 1261.62 897.85 941.56 625.89 640.12 543.92
6913102210618-back_camera2-27.jpg 155 1262.17 891.51 906.51 561.3 711.33 660.42
6913102210618-back_camera2-2.jpg 155 1295.26 883.12 998.12 546.95 594.28 672.34
6913102210618-back_camera2-28.jpg 155 1259.97 894.64 919.04 585.92 681.86 617.44
6913102210618-back_camera2-3.jpg 155 1295.32 885.83 963.86 529.38 662.91 712.89
6913102210618-back_camera2-38.jpg 155 1285.18 886.9 977.97 546.95 614.42 679.9
6913102210618-back_camera2-4.jpg 155 1287.43 871.36 934.93 495.18 705.0 752.35
6913102210618-back_camera2-40.jpg 155 1290.22 881.87 1056.04 592.28 468.37 579.17
6913102210618-back_camera2-37.jpg 155 1284.81 888.68 951.77 534.43 666.08 708.5
6913102210618-back_camera2-5.jpg 155 1291.37 875.3 927.03 505.7 728.67 739.19
6913102210618-back_camera2-39.jpg 155 1286.45 888.15 1013.23 572.13 546.44 632.05
6913102210618-back_camera2-6.jpg 155 1291.16 867.2 928.86 517.66 724.6 699.08
6913102210618-back_camera2-7.jpg 155 1282.16 867.41 921.77 537.27 720.78 660.28
6913102210618-back_camera2-8.jpg 155 1285.51 864.64 950.35 555.64 670.32 618.0
6913102210618-back_camera3-13.jpg 155 1399.73 1381.67 1027.08 1246.88 745.31 269.58
6913102210618-back_camera3-14.jpg 155 1437.36 1363.9 1049.81 1227.95 775.1 271.91
6913102210618-back_camera3-21.jpg 155 1376.87 1369.85 995.43 1200.18 762.87 339.34
6913102210618-back_camera3-33.jpg 155 1388.77 1387.58 1013.31 1258.18 750.93 258.8
6913102210618-back_camera3-32.jpg 155 1362.71 1399.88 984.99 1261.74 755.44 276.28
6913102210618-back_camera3-2.jpg 155 1352.72 1380.61 1007.86 1232.12 689.72 296.98
6913102210618-back_camera3-29.jpg 155 1395.3 1416.32 965.64 1246.16 859.31 340.32
6913102210618-back_camera3-30.jpg 155 1380.87 1406.89 965.38 1252.03 830.98 309.73
6913102210618-back_camera3-34.jpg 155 1411.06 1373.8 1019.1 1242.27 783.91 263.06
6913102210618-back_camera3-31.jpg 155 1373.86 1407.8 971.32 1258.87 805.08 297.86
6913102210618-back_camera3-37.jpg 155 1399.46 1371.77 965.31 1221.87 868.31 299.81
6913102210618-back_camera3-35.jpg 155 1419.48 1373.83 1020.99 1238.54 796.98 270.57
6913102210618-back_camera3-36.jpg 155 1413.62 1370.38 1000.64 1226.85 825.95 287.07
6913102210618-back_camera3-3.jpg 155 1376.86 1393.53 1053.3 1242.27 647.12 302.52
6913102210618-back_camera3-6.jpg 155 1430.11 1416.44 1042.56 1236.73 775.1 359.42
6913102210618_camera0-13.jpg 155 1444.65 1272.9 1079.13 1199.16 731.04 147.48
6913102210618_camera0-11.jpg 155 1431.26 1267.55 1113.05 1188.92 636.42 157.25
6913102210618-back_camera3-5.jpg 155 1431.99 1414.23 1069.18 1244.07 725.61 340.32
6913102210618_camera0-12.jpg 155 1451.01 1272.23 1114.03 1194.65 673.96 155.16
6913102210618_camera0-10.jpg 155 1401.85 1265.94 1066.45 1179.13 670.8 173.62
6913102210618_camera0-14.jpg 155 1427.2 1274.95 1030.37 1200.95 793.67 148.0
6913102210618_camera0-1.jpg 155 1464.03 1290.04 1064.41 1228.19 799.23 123.69
6913102210618_camera0-24.jpg 155 1369.99 1273.94 927.57 1194.53 884.83 158.82
6913102210618_camera0-21.jpg 155 1356.89 1274.33 969.31 1212.36 775.17 123.95
6913102210618_camera0-25.jpg 155 1354.95 1272.53 900.76 1198.53 908.38 148.0
6913102210618_camera0-27.jpg 155 1337.79 1276.24 895.98 1190.55 883.62 171.38
6913102210618_camera0-26.jpg 155 1353.1 1273.78 894.9 1193.17 916.39 161.22
6913102210618_camera0-28.jpg 155 1345.3 1271.2 916.51 1184.39 857.57 173.62
6913102210618_camera0-29.jpg 155 1328.74 1274.34 945.78 1195.71 765.92 157.26
6913102210618_camera0-23.jpg 155 1376.93 1270.49 957.53 1203.21 838.81 134.55
6913102210618_camera0-30.jpg 155 1339.07 1278.39 994.03 1201.62 690.07 153.55
6913102210618_camera0-2.jpg 155 1497.88 1281.73 1076.98 1205.44 841.79 152.57
6913102210618_camera0-32.jpg 155 1435.92 1284.98 1086.86 1202.27 698.13 165.43
6913102210618_camera0-31.jpg 155 1382.43 1280.34 1041.21 1203.97 682.44 152.73
6913102210618_camera0-33.jpg 155 1434.74 1289.62 1040.15 1200.18 789.17 178.88
6913102210618_camera0-34.jpg 155 1459.22 1298.33 1049.43 1231.73 819.58 133.2
6913102210618_camera0-36.jpg 155 1441.01 1297.55 985.12 1223.82 911.78 147.47
6913102210618_camera0-39.jpg 155 1423.55 1291.61 1014.14 1225.14 818.81 132.93
6913102210618_camera0-37.jpg 155 1428.16 1297.5 982.28 1218.59 891.77 157.83
6913102210618_camera0-4.jpg 155 1482.71 1273.41 1045.17 1195.71 875.08 155.41
6913102210618_camera0-3.jpg 155 1491.67 1282.22 1060.72 1202.81 861.91 158.82
6913102210618_camera0-38.jpg 155 1431.95 1293.06 987.9 1229.42 888.11 127.28
6913102210618_camera0-35.jpg 155 1443.86 1290.06 1002.62 1216.06 882.48 148.0
6913102210618_camera0-6.jpg 155 1448.38 1273.67 994.68 1189.6 907.39 168.14
6913102210618_camera0-40.jpg 155 1429.57 1290.39 1031.82 1220.2 795.5 140.38
6913102210618_camera0-5.jpg 155 1463.76 1269.38 1015.78 1193.26 895.96 152.23
6913102210618_camera0-8.jpg 155 1424.92 1269.05 1014.1 1183.49 821.64 171.12
6913102210618_camera0-7.jpg 155 1437.33 1270.95 1007.19 1187.69 860.28 166.51
6913102210618_camera0-9.jpg 155 1413.38 1270.51 1036.4 1184.44 753.96 172.13
6913102210618_camera1-29.jpg 155 1202.98 1184.04 883.54 902.37 638.89 563.34
6913102210618_camera1-30.jpg 155 1238.72 1192.49 938.92 920.96 599.61 543.05
6913102210618_camera1-33.jpg 155 1285.19 1213.97 906.9 899.32 756.59 629.31
6913102210618_camera1-35.jpg 155 1286.09 1212.1 877.07 890.5 818.03 643.2
6913102210618_camera1-32.jpg 155 1284.65 1212.41 936.43 909.16 696.44 606.5
6913102210618_camera1-31.jpg 155 1274.21 1208.5 972.04 927.91 604.35 561.18
6913102210618_camera1-34.jpg 155 1288.61 1210.66 889.3 887.98 798.61 645.36
6913102210618_camera1-36.jpg 155 1285.32 1204.2 871.97 892.68 826.69 623.05
6913102210618_camera1-37.jpg 155 1288.62 1198.61 881.16 902.6 814.92 592.01
6913102210618_camera1-38.jpg 155 1282.86 1189.44 895.42 921.8 774.87 535.28
6913102210618_camera1-39.jpg 155 1288.12 1177.69 938.41 948.6 699.41 458.19
6913102210618_camera1-3.jpg 155 1320.67 1149.92 924.76 870.56 791.82 558.72
6913102210618_camera1-40.jpg 155 1310.97 1163.87 955.81 949.32 710.32 429.1
6913102210618_camera2-19.jpg 155 1242.93 913.32 957.91 589.41 570.04 647.82
6913102210618_camera2-21.jpg 155 1268.42 921.27 1001.96 603.65 532.93 635.25
6913102210618_camera2-23.jpg 155 1281.28 925.45 954.6 569.79 653.35 711.33
6913102210618_camera2-20.jpg 155 1244.81 915.01 1000.56 614.4 488.5 601.23
6913102210618_camera2-24.jpg 155 1286.6 924.67 937.86 562.99 697.47 723.37
6913102210618_camera2-35.jpg 155 1317.9 853.5 957.14 499.88 721.52 707.25
6913102210618_camera2-34.jpg 155 1323.49 860.71 959.24 515.85 728.51 689.72
6913102210618_camera2-36.jpg 155 1311.67 852.62 956.01 490.59 711.33 724.06
6913102210618_camera2-37.jpg 155 1304.63 842.19 978.1 491.61 653.07 701.17
6913102210618_camera2-39.jpg 155 1298.17 837.26 1030.89 524.53 534.56 625.47
6913102210618_camera2-38.jpg 155 1303.14 841.88 993.26 500.55 619.77 682.67
6913102210618_camera2-3.jpg 155 1269.54 831.5 950.09 479.68 638.89 703.64
6913102210618_camera2-40.jpg 155 1294.0 834.94 1053.59 541.5 480.82 586.89
6913102210618_camera3-18.jpg 155 1352.54 1447.37 961.25 1319.71 782.57 255.31
6913102210618_camera3-1.jpg 155 1392.42 1427.6 963.04 1263.15 858.77 328.89
6913102210618_camera3-25.jpg 155 1343.69 1439.05 924.29 1275.41 838.81 327.28
6913102210618_camera3-26.jpg 155 1339.8 1440.07 956.16 1278.24 767.29 323.65
6913102210618_camera3-29.jpg 155 1422.68 1453.78 1088.94 1294.68 667.49 318.19
6913102210618_camera3-28.jpg 155 1367.33 1443.2 1034.32 1291.5 666.02 303.41
6913102210618_camera3-27.jpg 155 1337.63 1440.76 987.32 1280.75 700.63 320.01
6913102210618_camera3-30.jpg 155 1430.73 1462.25 1045.44 1300.6 770.58 323.3
6913102210618_camera3-31.jpg 155 1413.02 1463.55 1006.93 1297.05 812.18 333.01
6913102210618_camera3-33.jpg 155 1391.45 1460.93 947.8 1290.62 887.3 340.62
6913102210618_camera3-32.jpg 155 1409.83 1466.43 979.23 1292.68 861.2 347.5
6913102210618_camera3-34.jpg 155 1382.39 1458.48 932.18 1288.32 900.43 340.32
6913102210618_camera3-35.jpg 155 1369.43 1451.8 923.14 1288.46 892.58 326.68
6913102210618_camera3-36.jpg 155 1361.12 1445.54 932.89 1292.5 856.46 306.07
6913102210618_camera3-37.jpg 155 1346.47 1439.82 948.45 1307.41 796.05 264.82
6913102210618_camera3-38.jpg 155 1372.76 1434.31 976.55 1310.23 792.43 248.15
6913102210618_camera3-40.jpg 155 1408.65 1423.21 997.94 1290.01 821.43 266.41
6913102210618_camera3-39.jpg 155 1411.9 1420.03 1020.72 1294.83 782.36 250.4
