6907777820708-back_camera0-10.jpg 156 1368.07 1289.92 1136.32 1221.28 463.5 137.28
6907777820708-back_camera0-13.jpg 156 1426.51 1291.38 1183.83 1225.93 485.36 130.91
6907777820708-back_camera0-11.jpg 156 1375.11 1291.39 1172.13 1223.2 405.96 136.38
6907777820708-back_camera0-17.jpg 156 1433.84 1297.06 1073.92 1223.7 719.83 146.72
6907777820708-back_camera0-16.jpg 156 1435.99 1292.33 1105.86 1231.98 660.26 120.69
6907777820708-back_camera0-15.jpg 156 1440.98 1292.94 1137.57 1233.74 606.82 118.4
6907777820708-back_camera0-14.jpg 156 1434.39 1290.83 1156.09 1229.38 556.6 122.9
6907777820708-back_camera0-12.jpg 156 1415.07 1289.9 1207.64 1221.78 414.85 136.24
6907777820708-back_camera0-18.jpg 156 1437.37 1301.45 1090.13 1237.0 694.47 128.9
6907777820708-back_camera0-1.jpg 156 1359.57 1287.73 1052.38 1243.56 614.37 88.35
6907777820708-back_camera0-19.jpg 156 1431.55 1297.06 1087.68 1232.87 687.74 128.38
6907777820708-back_camera0-20.jpg 156 1438.12 1292.93 1134.43 1251.78 607.37 82.3
6907777820708-back_camera0-21.jpg 156 1449.2 1288.29 1129.59 1234.37 639.23 107.85
6907777820708-back_camera0-22.jpg 156 1460.18 1287.34 1146.4 1250.97 627.55 72.73
6907777820708-back_camera0-27.jpg 156 1416.32 1284.35 1100.65 1229.11 631.34 110.48
6907777820708-back_camera0-29.jpg 156 1406.78 1285.54 1153.28 1243.4 506.99 84.27
6907777820708-back_camera0-28.jpg 156 1417.8 1290.18 1115.19 1232.87 605.21 114.62
6907777820708-back_camera0-25.jpg 156 1439.09 1287.49 1101.54 1245.82 675.09 83.34
6907777820708-back_camera0-23.jpg 156 1459.73 1290.93 1129.59 1247.53 660.28 86.81
6907777820708-back_camera0-31.jpg 156 1398.1 1284.76 1195.49 1235.78 405.21 97.96
6907777820708-back_camera0-26.jpg 156 1430.36 1285.76 1103.56 1246.73 653.59 78.06
6907777820708-back_camera0-24.jpg 156 1446.57 1284.35 1105.91 1234.37 681.32 99.96
6907777820708-back_camera0-2.jpg 156 1380.07 1281.67 1069.31 1231.66 621.51 100.01
6907777820708-back_camera0-30.jpg 156 1405.8 1289.61 1171.68 1239.63 468.24 99.96
6907777820708-back_camera0-32.jpg 156 1430.12 1287.97 1233.03 1234.96 394.18 106.02
6907777820708-back_camera0-34.jpg 156 1416.9 1285.25 1146.17 1224.24 541.46 122.01
6907777820708-back_camera0-33.jpg 156 1429.25 1285.6 1174.79 1223.7 508.92 123.79
6907777820708-back_camera0-35.jpg 156 1404.48 1288.3 1103.28 1218.59 602.4 139.42
6907777820708-back_camera0-36.jpg 156 1394.89 1288.62 1075.67 1229.2 638.45 118.84
6907777820708-back_camera0-3.jpg 156 1380.53 1283.04 1061.04 1233.17 638.98 99.74
6907777820708-back_camera0-38.jpg 156 1372.28 1286.95 1034.06 1222.21 676.44 129.49
6907777820708-back_camera0-37.jpg 156 1387.99 1292.48 1041.83 1223.7 692.32 137.55
6907777820708-back_camera0-4.jpg 156 1374.95 1285.42 1043.98 1227.65 661.94 115.53
6907777820708-back_camera0-39.jpg 156 1363.7 1290.93 1021.73 1226.48 683.95 128.9
6907777820708-back_camera0-40.jpg 156 1355.18 1288.73 1035.94 1234.7 638.47 108.05
6907777820708-back_camera0-7.jpg 156 1352.94 1288.89 1026.32 1216.42 653.24 144.95
6907777820708-back_camera1-10.jpg 156 1238.22 1186.69 1053.48 961.51 369.48 450.36
6907777820708-back_camera0-5.jpg 156 1369.65 1285.6 1023.49 1214.53 692.32 142.13
6907777820708-back_camera0-6.jpg 156 1358.45 1288.3 1019.1 1208.07 678.69 160.47
6907777820708-back_camera0-9.jpg 156 1357.43 1291.47 1091.82 1221.69 531.23 139.55
6907777820708-back_camera0-8.jpg 156 1357.88 1290.51 1060.07 1219.52 595.61 141.98
6907777820708-back_camera1-12.jpg 156 1275.96 1198.86 1051.61 968.87 448.7 459.98
6907777820708-back_camera1-13.jpg 156 1280.24 1209.94 1023.49 962.36 513.51 495.17
6907777820708-back_camera1-11.jpg 156 1271.42 1193.5 1084.53 975.34 373.79 436.31
6907777820708-back_camera1-14.jpg 156 1283.21 1199.18 1005.05 954.36 556.32 489.65
6907777820708-back_camera1-17.jpg 156 1285.72 1193.64 970.14 970.83 631.16 445.62
6907777820708-back_camera1-19.jpg 156 1284.12 1176.05 988.38 1002.41 591.49 347.28
6907777820708-back_camera1-16.jpg 156 1287.12 1193.89 973.06 948.6 628.13 490.58
6907777820708-back_camera1-15.jpg 156 1286.19 1199.32 989.43 956.51 593.53 485.61
6907777820708-back_camera1-1.jpg 156 1235.25 1150.26 953.89 991.23 562.72 318.06
6907777820708-back_camera1-24.jpg 156 1297.38 1147.0 979.46 937.31 635.85 419.39
6907777820708-back_camera1-18.jpg 156 1285.64 1182.59 975.19 982.56 620.91 400.05
6907777820708-back_camera1-22.jpg 156 1303.17 1154.92 995.98 985.28 614.38 339.28
6907777820708-back_camera1-23.jpg 156 1302.62 1155.35 994.19 975.36 616.86 359.97
6907777820708-back_camera1-21.jpg 156 1307.26 1153.06 1014.87 1005.62 584.77 294.87
6907777820708-back_camera1-20.jpg 156 1303.17 1164.09 1005.15 1012.79 596.04 302.6
6907777820708-back_camera1-26.jpg 156 1279.66 1149.91 990.13 920.51 579.07 458.81
6907777820708-back_camera1-25.jpg 156 1286.9 1151.04 983.75 929.53 606.31 443.02
6907777820708-back_camera1-27.jpg 156 1275.66 1141.16 995.98 902.75 559.36 476.83
6907777820708-back_camera1-28.jpg 156 1266.65 1142.19 1024.78 918.55 483.74 447.28
6907777820708-back_camera1-2.jpg 156 1232.4 1157.58 935.41 972.72 593.98 369.71
6907777820708-back_camera1-29.jpg 156 1266.49 1141.16 1051.0 921.09 430.98 440.15
6907777820708-back_camera1-31.jpg 156 1279.51 1140.08 1093.97 924.58 371.07 430.99
6907777820708-back_camera1-32.jpg 156 1277.1 1141.28 1061.43 915.31 431.33 451.94
6907777820708-back_camera1-33.jpg 156 1268.48 1142.28 1020.15 901.4 496.66 481.77
6907777820708-back_camera1-39.jpg 156 1220.35 1147.56 913.88 966.05 612.93 363.02
6907777820708-back_camera1-36.jpg 156 1243.47 1145.6 933.69 916.16 619.56 458.87
6907777820708-back_camera1-35.jpg 156 1252.64 1145.92 961.38 902.43 582.53 486.99
6907777820708-back_camera1-30.jpg 156 1264.2 1138.88 1073.92 921.09 380.55 435.57
6907777820708-back_camera1-38.jpg 156 1224.51 1149.29 917.43 943.94 614.17 410.69
6907777820708-back_camera1-34.jpg 156 1261.15 1144.91 983.81 899.46 554.68 490.9
6907777820708-back_camera1-37.jpg 156 1229.92 1144.96 919.47 928.27 620.91 433.39
6907777820708-back_camera1-3.jpg 156 1232.11 1164.09 918.04 957.77 628.13 412.64
6907777820708-back_camera1-40.jpg 156 1210.8 1147.83 933.52 994.62 554.56 306.41
6907777820708-back_camera1-4.jpg 156 1222.5 1170.03 904.57 938.11 635.85 463.84
6907777820708-back_camera1-7.jpg 156 1219.4 1189.01 939.85 930.73 559.1 516.56
6907777820708-back_camera1-6.jpg 156 1222.93 1184.72 918.04 925.68 609.79 518.09
6907777820708-back_camera1-8.jpg 156 1224.42 1188.92 974.32 939.5 500.2 498.84
6907777820708-back_camera2-10.jpg 156 1300.63 885.51 1052.97 719.03 495.32 332.97
6907777820708-back_camera1-5.jpg 156 1222.89 1177.43 909.92 932.52 625.95 489.82
6907777820708-back_camera2-12.jpg 156 1309.21 872.63 1051.19 689.46 516.04 366.34
6907777820708-back_camera1-9.jpg 156 1228.12 1190.44 1012.6 949.1 431.03 482.69
6907777820708-back_camera2-11.jpg 156 1310.04 877.53 1055.58 714.77 508.92 325.53
6907777820708-back_camera2-15.jpg 156 1303.51 859.0 1025.21 603.69 556.6 510.62
6907777820708-back_camera2-14.jpg 156 1306.78 865.63 1024.92 625.67 563.71 479.93
6907777820708-back_camera2-16.jpg 156 1303.06 859.38 1032.02 590.16 542.08 538.44
6907777820708-back_camera2-17.jpg 156 1296.16 853.62 1041.6 582.75 509.13 541.75
6907777820708-back_camera2-13.jpg 156 1305.46 875.24 1028.08 655.17 554.77 440.15
6907777820708-back_camera2-18.jpg 156 1293.36 848.72 1059.41 575.98 467.89 545.47
6907777820708-back_camera2-1.jpg 156 1271.79 906.95 1104.88 660.86 333.82 492.17
6907777820708-back_camera2-20.jpg 156 1284.06 845.75 1121.48 604.37 325.16 482.77
6907777820708-back_camera2-19.jpg 156 1288.94 848.86 1081.1 582.68 415.68 532.36
6907777820708-back_camera2-22.jpg 156 1279.54 851.62 1082.24 579.36 394.59 544.53
6907777820708-back_camera2-21.jpg 156 1277.95 845.44 1101.43 586.4 353.04 518.09
6907777820708-back_camera2-23.jpg 156 1272.45 843.01 1056.91 572.72 431.07 540.58
6907777820708-back_camera2-24.jpg 156 1266.39 843.94 1022.61 567.87 487.56 552.15
6907777820708-back_camera2-26.jpg 156 1250.44 847.49 968.47 581.81 563.94 531.36
6907777820708-back_camera2-29.jpg 156 1244.74 860.78 987.1 672.54 515.29 376.48
6907777820708-back_camera2-25.jpg 156 1259.96 844.81 993.18 571.34 533.57 546.94
6907777820708-back_camera2-27.jpg 156 1249.63 850.88 971.3 607.8 556.67 486.17
6907777820708-back_camera2-31.jpg 156 1243.94 865.64 1005.77 713.35 476.34 304.58
6907777820708-back_camera2-28.jpg 156 1245.89 858.24 970.77 634.13 550.25 448.22
6907777820708-back_camera2-30.jpg 156 1241.77 862.39 997.09 699.43 489.35 325.93
6907777820708-back_camera2-2.jpg 156 1280.05 910.0 1084.58 646.61 390.95 526.79
6907777820708-back_camera2-33.jpg 156 1241.65 878.17 972.53 661.97 538.25 432.4
6907777820708-back_camera2-34.jpg 156 1243.47 883.01 966.35 638.71 554.24 488.6
6907777820708-back_camera2-32.jpg 156 1242.82 872.81 985.92 687.95 513.79 369.71
6907777820708-back_camera2-35.jpg 156 1243.96 885.81 961.99 617.69 563.94 536.24
6907777820708-back_camera2-37.jpg 156 1247.58 896.82 1000.28 620.22 494.59 553.2
6907777820708-back_camera2-3.jpg 156 1278.27 907.12 1066.23 637.99 424.08 538.25
6907777820708-back_camera2-39.jpg 156 1255.56 901.85 1051.67 641.46 407.77 520.78
6907777820708-back_camera2-36.jpg 156 1246.85 891.83 985.67 615.14 522.36 553.38
6907777820708-back_camera2-38.jpg 156 1250.66 900.84 1019.56 626.54 462.2 548.59
6907777820708-back_camera2-40.jpg 156 1260.7 904.08 1092.15 656.02 337.09 496.12
6907777820708-back_camera2-5.jpg 156 1288.27 905.41 1028.86 627.25 518.82 556.32
6907777820708-back_camera2-6.jpg 156 1294.01 900.01 1018.76 641.07 550.49 517.87
6907777820708-back_camera2-8.jpg 156 1299.99 895.61 1029.87 675.41 540.25 440.39
6907777820708-back_camera2-7.jpg 156 1298.24 900.91 1021.26 654.84 553.96 492.14
6907777820708-back_camera2-9.jpg 156 1302.57 889.37 1041.01 698.88 523.11 380.97
6907777820708-back_camera3-10.jpg 156 1423.1 1390.92 1200.91 1275.58 444.38 230.68
6907777820708-back_camera2-4.jpg 156 1284.1 907.49 1041.36 628.29 485.48 558.4
6907777820708-back_camera3-13.jpg 156 1407.88 1388.3 1105.55 1267.71 604.66 241.17
6907777820708-back_camera3-12.jpg 156 1414.34 1387.86 1135.31 1269.02 558.06 237.67
6907777820708-back_camera3-11.jpg 156 1421.67 1388.73 1168.27 1269.89 506.8 237.67
6907777820708-back_camera3-15.jpg 156 1386.35 1386.68 1063.65 1276.12 645.39 221.12
6907777820708-back_camera3-16.jpg 156 1379.16 1384.18 1059.63 1282.69 639.06 202.98
6907777820708-back_camera3-18.jpg 156 1362.87 1382.93 1067.27 1308.64 591.19 148.58
6907777820708-back_camera3-19.jpg 156 1386.53 1388.83 1092.36 1306.69 588.35 164.27
6907777820708-back_camera3-21.jpg 156 1375.61 1395.11 1052.33 1287.35 646.55 215.52
6907777820708-back_camera3-20.jpg 156 1382.99 1391.9 1074.85 1295.61 616.29 192.59
6907777820708-back_camera3-17.jpg 156 1364.41 1384.14 1058.06 1298.65 612.71 170.99
6907777820708-back_camera3-14.jpg 156 1396.74 1389.3 1079.29 1271.43 634.9 235.74
6907777820708-back_camera3-1.jpg 156 1427.62 1398.13 1107.52 1298.23 640.2 199.81
6907777820708-back_camera3-22.jpg 156 1367.95 1398.51 1039.63 1277.47 656.64 242.08
6907777820708-back_camera3-24.jpg 156 1355.51 1407.69 1043.12 1277.65 624.79 260.07
6907777820708-back_camera3-23.jpg 156 1361.66 1401.83 1035.43 1273.4 652.45 256.85
6907777820708-back_camera3-25.jpg 156 1355.2 1409.3 1063.11 1278.48 584.19 261.64
6907777820708-back_camera3-26.jpg 156 1351.17 1409.28 1084.17 1279.36 534.0 259.85
6907777820708-back_camera3-29.jpg 156 1399.78 1403.14 1202.01 1278.77 395.54 248.74
6907777820708-back_camera3-28.jpg 156 1357.19 1404.42 1160.29 1285.21 393.8 238.42
6907777820708-back_camera3-27.jpg 156 1355.13 1410.37 1122.03 1286.68 466.21 247.38
6907777820708-back_camera3-30.jpg 156 1403.76 1407.48 1172.48 1272.64 462.56 269.68
6907777820708-back_camera3-2.jpg 156 1422.25 1398.76 1094.87 1286.91 654.76 223.69
6907777820708-back_camera3-33.jpg 156 1410.78 1406.51 1099.35 1265.7 622.87 281.62
6907777820708-back_camera3-31.jpg 156 1406.33 1407.1 1142.7 1260.38 527.26 293.43
6907777820708-back_camera3-32.jpg 156 1408.17 1409.57 1119.3 1268.48 577.75 282.18
6907777820708-back_camera3-34.jpg 156 1403.32 1406.85 1073.66 1265.21 659.32 283.27
6907777820708-back_camera3-35.jpg 156 1403.17 1407.88 1078.09 1281.81 650.16 252.14
6907777820708-back_camera3-36.jpg 156 1396.02 1404.32 1070.45 1292.96 651.14 222.72
6907777820708-back_camera3-37.jpg 156 1393.58 1393.35 1078.51 1287.89 630.13 210.91
6907777820708-back_camera3-39.jpg 156 1431.16 1396.88 1132.01 1313.0 598.31 167.77
6907777820708-back_camera3-38.jpg 156 1407.8 1392.54 1105.97 1309.94 603.65 165.2
6907777820708-back_camera3-40.jpg 156 1427.24 1397.73 1111.15 1297.58 632.18 200.3
6907777820708-back_camera3-3.jpg 156 1416.16 1401.11 1087.9 1282.18 656.51 237.86
6907777820708-back_camera3-4.jpg 156 1406.52 1401.51 1089.96 1276.94 633.12 249.14
6907777820708-back_camera3-5.jpg 156 1399.39 1399.76 1101.92 1271.26 594.95 257.01
6907777820708-back_camera3-6.jpg 156 1396.11 1397.22 1123.58 1274.21 545.05 246.02
6907777820708-back_camera3-9.jpg 156 1414.39 1386.38 1215.17 1270.07 398.45 232.63
6907777820708_camera0-13.jpg 156 1424.16 1294.62 1174.05 1234.38 500.22 120.49
6907777820708_camera0-12.jpg 156 1416.5 1295.4 1204.46 1241.23 424.08 108.35
6907777820708_camera0-11.jpg 156 1361.51 1295.34 1150.03 1238.21 422.97 114.25
6907777820708-back_camera3-8.jpg 156 1385.93 1393.26 1170.58 1275.64 430.71 235.23
6907777820708_camera0-10.jpg 156 1354.7 1295.92 1103.79 1233.19 501.83 125.46
6907777820708-back_camera3-7.jpg 156 1388.38 1393.18 1146.44 1272.89 483.88 240.58
6907777820708_camera0-17.jpg 156 1431.08 1300.66 1089.71 1242.49 682.74 116.34
6907777820708_camera0-14.jpg 156 1427.2 1298.99 1145.16 1241.9 564.08 114.18
6907777820708_camera0-15.jpg 156 1429.61 1297.3 1117.22 1233.4 624.77 127.79
6907777820708_camera0-16.jpg 156 1430.69 1300.12 1096.13 1239.21 669.11 121.82
6907777820708_camera0-19.jpg 156 1425.84 1297.44 1092.05 1242.68 667.57 109.51
6907777820708_camera0-18.jpg 156 1427.07 1297.63 1085.68 1238.6 682.78 118.06
6907777820708_camera0-1.jpg 156 1356.71 1290.41 1048.34 1244.57 616.74 91.68
6907777820708_camera0-21.jpg 156 1432.52 1294.15 1120.91 1249.75 623.21 88.8
6907777820708_camera0-20.jpg 156 1423.21 1293.74 1094.5 1240.5 657.42 106.49
6907777820708_camera0-22.jpg 156 1457.52 1291.68 1144.93 1248.94 625.18 85.49
6907777820708_camera0-27.jpg 156 1429.26 1290.1 1112.03 1231.24 634.46 117.72
6907777820708_camera0-28.jpg 156 1421.66 1290.29 1129.82 1232.62 583.69 115.34
6907777820708_camera0-25.jpg 156 1444.74 1286.4 1104.32 1225.94 680.85 120.93
6907777820708_camera0-24.jpg 156 1453.86 1289.72 1115.92 1239.19 675.88 101.05
6907777820708_camera0-23.jpg 156 1457.66 1290.5 1132.62 1245.85 650.08 89.3
6907777820708_camera0-29.jpg 156 1412.64 1291.17 1144.1 1231.75 537.09 118.84
6907777820708_camera0-26.jpg 156 1437.88 1284.98 1106.5 1221.86 662.75 126.24
6907777820708_camera0-30.jpg 156 1405.97 1285.83 1169.25 1222.54 473.44 126.58
6907777820708_camera0-31.jpg 156 1409.24 1288.26 1208.48 1232.16 401.51 112.19
6907777820708_camera0-2.jpg 156 1383.45 1290.19 1064.68 1244.76 637.54 90.87
6907777820708_camera0-32.jpg 156 1443.09 1287.36 1229.39 1230.56 427.4 113.59
6907777820708_camera0-33.jpg 156 1431.99 1293.03 1183.57 1235.7 496.84 114.66
6907777820708_camera0-36.jpg 156 1402.62 1288.78 1074.62 1227.72 656.0 122.11
6907777820708_camera0-34.jpg 156 1433.78 1290.86 1170.58 1237.37 526.41 106.99
6907777820708_camera0-35.jpg 156 1434.57 1293.04 1145.62 1233.4 577.91 119.27
6907777820708_camera0-4.jpg 156 1369.06 1287.18 1039.93 1240.58 658.25 93.2
6907777820708_camera0-38.jpg 156 1377.04 1293.36 1040.66 1236.99 672.75 112.73
6907777820708_camera0-37.jpg 156 1392.68 1291.62 1059.0 1230.56 667.36 122.11
6907777820708_camera0-39.jpg 156 1368.26 1293.41 1036.97 1239.38 662.58 108.05
6907777820708_camera0-3.jpg 156 1376.28 1285.29 1061.62 1245.19 629.32 80.19
6907777820708_camera0-6.jpg 156 1356.12 1289.71 1019.84 1224.28 672.57 130.87
6907777820708_camera0-40.jpg 156 1356.59 1293.11 1036.65 1243.01 639.87 100.19
6907777820708_camera0-7.jpg 156 1357.89 1294.45 1033.44 1236.24 648.9 116.43
6907777820708_camera0-5.jpg 156 1361.6 1292.54 1026.73 1241.64 669.73 101.8
6907777820708_camera0-9.jpg 156 1349.4 1295.81 1071.44 1241.44 555.92 108.74
6907777820708_camera0-8.jpg 156 1349.62 1295.14 1042.44 1235.75 614.37 118.79
6907777820708_camera1-12.jpg 156 1270.64 1204.6 1043.01 971.76 455.27 465.68
6907777820708_camera1-13.jpg 156 1272.47 1196.12 1014.87 947.64 515.2 496.97
6907777820708_camera1-11.jpg 156 1262.15 1195.9 1077.98 977.75 368.35 436.31
6907777820708_camera1-18.jpg 156 1280.52 1191.51 966.71 987.75 627.61 407.52
6907777820708_camera1-20.jpg 156 1282.1 1175.2 1000.62 1025.35 562.95 299.71
6907777820708_camera1-21.jpg 156 1304.78 1171.76 1020.53 1021.15 568.5 301.22
6907777820708_camera1-1.jpg 156 1221.11 1147.25 943.63 1007.27 554.95 279.96
6907777820708_camera1-22.jpg 156 1306.15 1169.72 1010.56 997.46 591.18 344.52
6907777820708_camera1-23.jpg 156 1301.72 1166.55 994.09 965.63 615.26 401.84
6907777820708_camera1-25.jpg 156 1292.18 1170.61 981.26 932.42 621.84 476.38
6907777820708_camera1-24.jpg 156 1296.43 1164.12 984.25 947.48 624.36 433.28
6907777820708_camera1-26.jpg 156 1285.86 1159.87 992.49 920.42 586.73 478.9
6907777820708_camera1-27.jpg 156 1279.58 1157.55 1001.16 912.55 556.83 490.01
6907777820708_camera1-28.jpg 156 1270.81 1153.05 1016.52 911.19 508.57 483.72
6907777820708_camera1-2.jpg 156 1230.45 1163.62 934.85 986.47 591.19 354.3
6907777820708_camera1-31.jpg 156 1283.78 1143.69 1095.37 932.06 376.83 423.27
6907777820708_camera1-32.jpg 156 1281.47 1145.25 1058.92 922.09 445.1 446.31
6907777820708_camera1-30.jpg 156 1261.7 1142.28 1071.19 922.79 381.01 438.99
6907777820708_camera1-36.jpg 156 1249.15 1149.65 940.57 919.0 617.16 461.31
6907777820708_camera1-29.jpg 156 1269.05 1149.46 1046.81 919.75 444.47 459.42
6907777820708_camera1-34.jpg 156 1264.18 1148.91 988.36 906.22 551.64 485.38
6907777820708_camera1-33.jpg 156 1273.85 1143.59 1018.23 907.07 511.23 473.04
6907777820708_camera1-37.jpg 156 1238.38 1146.76 926.73 930.21 623.29 433.09
6907777820708_camera1-35.jpg 156 1255.89 1144.77 958.54 906.22 594.71 477.09
6907777820708_camera1-38.jpg 156 1230.82 1141.1 919.85 942.31 621.93 397.58
6907777820708_camera1-3.jpg 156 1225.75 1170.04 920.49 971.82 610.52 396.44
6907777820708_camera1-40.jpg 156 1216.84 1145.98 931.79 994.45 570.09 303.05
6907777820708_camera1-39.jpg 156 1222.77 1147.25 927.07 972.48 591.4 349.54
6907777820708_camera1-8.jpg 156 1207.38 1196.16 933.09 947.86 548.58 496.61
6907777820708_camera1-9.jpg 156 1220.28 1200.27 988.36 962.55 463.84 475.44
6907777820708_camera2-13.jpg 156 1307.24 874.68 1036.85 652.59 540.79 444.17
6907777820708_camera2-14.jpg 156 1308.27 870.1 1032.35 630.19 551.85 479.81
6907777820708_camera2-10.jpg 156 1300.38 891.19 1046.22 715.12 508.33 352.14
6907777820708_camera2-11.jpg 156 1305.97 887.12 1064.42 727.28 483.1 319.68
6907777820708_camera2-12.jpg 156 1306.02 878.69 1043.24 683.75 525.56 389.88
6907777820708_camera2-15.jpg 156 1306.78 864.12 1031.72 604.27 550.12 519.69
6907777820708_camera2-16.jpg 156 1305.31 859.87 1042.87 587.91 524.89 543.92
6907777820708_camera2-19.jpg 156 1296.84 847.18 1097.34 583.07 399.0 528.21
6907777820708_camera2-17.jpg 156 1303.87 859.87 1053.99 582.46 499.75 554.82
6907777820708_camera2-20.jpg 156 1290.48 846.45 1118.13 596.42 344.69 500.06
6907777820708_camera2-18.jpg 156 1298.76 852.42 1071.77 583.98 453.98 536.89
6907777820708_camera2-1.jpg 156 1259.92 905.39 1097.34 662.59 325.16 485.61
6907777820708_camera2-22.jpg 156 1283.79 842.55 1089.83 582.69 387.93 519.71
6907777820708_camera2-23.jpg 156 1278.26 839.13 1056.28 564.97 443.96 548.33
6907777820708_camera2-21.jpg 156 1287.6 843.59 1131.48 606.5 312.23 474.18
6907777820708_camera2-24.jpg 156 1269.61 842.59 1024.49 567.55 490.24 550.07
6907777820708_camera2-26.jpg 156 1259.21 848.87 986.5 586.71 545.43 524.31
6907777820708_camera2-25.jpg 156 1263.87 842.35 1003.01 571.97 521.72 540.75
6907777820708_camera2-27.jpg 156 1259.46 849.69 979.45 596.05 560.02 507.29
6907777820708_camera2-2.jpg 156 1270.7 906.5 1074.39 647.28 392.62 518.45
6907777820708_camera2-29.jpg 156 1243.69 852.61 975.37 647.42 536.64 410.37
6907777820708_camera2-28.jpg 156 1250.24 852.27 975.5 624.29 549.48 455.97
6907777820708_camera2-30.jpg 156 1246.43 856.41 993.69 682.47 505.49 347.88
6907777820708_camera2-31.jpg 156 1244.37 862.37 1006.2 703.09 476.34 318.56
6907777820708_camera2-33.jpg 156 1241.28 875.15 968.54 652.42 545.47 445.47
6907777820708_camera2-32.jpg 156 1243.7 867.75 987.6 673.48 512.2 388.54
6907777820708_camera2-34.jpg 156 1240.99 878.89 965.17 632.89 551.64 492.0
6907777820708_camera2-35.jpg 156 1243.09 887.98 965.2 622.82 555.77 530.32
6907777820708_camera2-37.jpg 156 1243.7 896.02 993.22 621.07 500.97 549.9
6907777820708_camera2-40.jpg 156 1255.05 901.23 1084.05 654.17 342.0 494.13
6907777820708_camera2-39.jpg 156 1249.32 901.94 1049.84 638.56 398.97 526.77
6907777820708_camera2-3.jpg 156 1272.18 912.43 1048.54 639.69 447.29 545.47
6907777820708_camera2-36.jpg 156 1241.67 889.92 977.64 622.72 528.06 534.4
6907777820708_camera2-38.jpg 156 1241.47 899.71 1014.99 625.67 452.96 548.09
6907777820708_camera2-5.jpg 156 1285.09 908.19 1022.55 635.83 525.07 544.71
6907777820708_camera2-4.jpg 156 1282.52 911.09 1037.86 640.46 489.32 541.25
6907777820708_camera2-7.jpg 156 1296.72 905.15 1013.99 648.78 565.47 512.74
6907777820708_camera2-9.jpg 156 1300.38 899.01 1032.02 692.41 536.73 413.2
6907777820708_camera2-6.jpg 156 1291.76 910.54 1019.04 649.44 545.45 522.2
6907777820708_camera3-18.jpg 156 1395.88 1462.02 1075.62 1363.43 640.53 197.17
6907777820708_camera3-1.jpg 156 1350.32 1447.37 1035.16 1354.64 630.32 185.46
6907777820708_camera3-20.jpg 156 1430.55 1448.09 1117.13 1362.97 626.84 170.23
6907777820708_camera3-21.jpg 156 1434.01 1449.01 1113.23 1352.11 641.55 193.8
6907777820708_camera3-22.jpg 156 1426.66 1451.59 1094.48 1342.65 664.37 217.88
6907777820708_camera3-24.jpg 156 1409.24 1452.33 1080.44 1320.81 657.59 263.04
6907777820708_camera3-23.jpg 156 1418.15 1449.92 1081.52 1328.36 673.27 243.12
6907777820708_camera3-27.jpg 156 1386.98 1446.5 1119.86 1314.47 534.25 264.06
6907777820708_camera3-26.jpg 156 1394.86 1450.86 1099.41 1316.91 590.89 267.89
6907777820708_camera3-25.jpg 156 1402.39 1450.21 1083.79 1319.3 637.2 261.83
6907777820708_camera3-2.jpg 156 1341.93 1450.71 1011.24 1340.13 661.39 221.16
6907777820708_camera3-28.jpg 156 1379.83 1444.18 1142.94 1313.27 473.78 261.83
6907777820708_camera3-30.jpg 156 1412.1 1440.77 1205.82 1325.58 412.55 230.39
6907777820708_camera3-29.jpg 156 1380.5 1440.73 1180.08 1320.35 400.85 240.77
6907777820708_camera3-33.jpg 156 1389.58 1446.44 1086.45 1317.09 606.25 258.71
6907777820708_camera3-32.jpg 156 1402.81 1439.7 1127.82 1308.0 549.98 263.4
6907777820708_camera3-31.jpg 156 1407.21 1445.18 1162.91 1321.82 488.6 246.73
6907777820708_camera3-34.jpg 156 1378.41 1446.05 1059.36 1316.0 638.1 260.1
6907777820708_camera3-35.jpg 156 1365.03 1449.01 1034.63 1320.43 660.8 257.15
6907777820708_camera3-36.jpg 156 1363.58 1442.96 1031.43 1323.68 664.29 238.55
6907777820708_camera3-37.jpg 156 1341.86 1442.9 1010.58 1335.49 662.56 214.83
6907777820708_camera3-38.jpg 156 1334.47 1439.29 1013.57 1344.15 641.8 190.27
6907777820708_camera3-4.jpg 156 1331.78 1464.73 995.92 1341.61 671.71 246.24
6907777820708_camera3-40.jpg 156 1353.79 1436.3 1047.5 1356.08 612.58 160.44
6907777820708_camera3-3.jpg 156 1334.59 1454.55 994.99 1333.62 679.2 241.86
6907777820708_camera3-39.jpg 156 1331.21 1439.55 1027.83 1355.39 606.77 168.32
6907777820708_camera3-7.jpg 156 1326.09 1473.57 1041.83 1338.32 568.53 270.51
6907777820708_camera3-9.jpg 156 1342.14 1466.7 1124.36 1342.91 435.57 247.58
