6907777820722-back_camera0-10.jpg 157 1390.98 1288.09 1174.43 1228.26 433.09 119.66
6907777820722-back_camera0-11.jpg 157 1432.88 1292.41 1226.33 1227.58 413.11 129.66
6907777820722-back_camera0-12.jpg 157 1453.8 1289.96 1217.36 1228.95 472.89 122.01
6907777820722-back_camera0-14.jpg 157 1461.35 1299.35 1147.28 1223.7 628.13 151.3
6907777820722-back_camera0-13.jpg 157 1455.27 1294.96 1182.64 1228.63 545.25 132.66
6907777820722-back_camera0-1.jpg 157 1363.33 1289.46 1058.31 1242.7 610.04 93.51
6907777820722-back_camera0-15.jpg 157 1462.99 1297.41 1138.98 1232.89 648.03 129.04
6907777820722-back_camera0-17.jpg 157 1463.64 1294.76 1133.53 1232.87 660.23 123.79
6907777820722-back_camera0-16.jpg 157 1455.9 1291.05 1124.68 1227.93 662.44 126.23
6907777820722-back_camera0-20.jpg 157 1438.42 1285.0 1135.63 1240.47 605.58 89.06
6907777820722-back_camera0-18.jpg 157 1447.6 1290.18 1115.19 1232.87 664.81 114.62
6907777820722-back_camera0-21.jpg 157 1442.38 1280.26 1142.78 1236.24 599.21 88.04
6907777820722-back_camera0-19.jpg 157 1433.91 1291.17 1122.66 1244.41 622.5 93.51
6907777820722-back_camera0-23.jpg 157 1447.01 1275.5 1122.49 1227.49 649.04 96.02
6907777820722-back_camera0-22.jpg 157 1452.32 1276.71 1137.1 1229.14 630.45 95.13
6907777820722-back_camera0-25.jpg 157 1429.25 1276.42 1096.85 1214.53 664.81 123.79
6907777820722-back_camera0-24.jpg 157 1432.59 1275.38 1104.79 1225.51 655.6 99.74
6907777820722-back_camera0-26.jpg 157 1409.33 1271.76 1091.15 1214.38 636.36 114.75
6907777820722-back_camera0-27.jpg 157 1406.33 1271.84 1096.85 1205.36 618.96 132.96
6907777820722-back_camera0-29.jpg 157 1382.5 1270.16 1139.82 1214.95 485.36 110.43
6907777820722-back_camera0-28.jpg 157 1389.26 1269.85 1107.64 1209.38 563.24 120.93
6907777820722-back_camera0-34.jpg 157 1367.36 1287.89 1083.09 1214.53 568.53 146.72
6907777820722-back_camera0-2.jpg 157 1382.73 1284.5 1069.77 1235.47 625.93 98.06
6907777820722-back_camera0-36.jpg 157 1374.83 1286.82 1047.99 1220.03 653.67 133.58
6907777820722-back_camera0-33.jpg 157 1396.4 1282.91 1137.44 1218.62 517.92 128.59
6907777820722-back_camera0-35.jpg 157 1365.06 1285.6 1064.75 1214.53 600.62 142.13
6907777820722-back_camera0-32.jpg 157 1407.8 1280.36 1181.42 1216.46 452.75 127.79
6907777820722-back_camera0-31.jpg 157 1387.01 1277.41 1186.8 1216.36 400.42 122.11
6907777820722-back_camera0-30.jpg 157 1373.14 1274.82 1165.08 1216.33 416.12 116.98
6907777820722-back_camera0-3.jpg 157 1385.71 1292.47 1046.42 1232.87 678.57 119.21
6907777820722-back_camera0-4.jpg 157 1377.77 1283.81 1039.12 1227.72 677.3 112.17
6907777820722-back_camera0-37.jpg 157 1363.17 1288.0 1029.2 1222.82 667.94 130.37
6907777820722-back_camera0-38.jpg 157 1351.98 1283.1 1012.8 1216.42 678.37 133.35
6907777820722-back_camera0-39.jpg 157 1349.57 1287.63 1024.96 1229.75 649.22 115.77
6907777820722-back_camera0-5.jpg 157 1378.83 1290.18 1037.25 1223.7 683.15 132.96
6907777820722-back_camera0-6.jpg 157 1377.09 1289.98 1046.32 1226.95 661.54 126.06
6907777820722-back_camera0-40.jpg 157 1346.97 1285.86 1037.5 1231.09 618.94 109.54
6907777820722-back_camera0-7.jpg 157 1373.51 1288.06 1061.25 1219.31 624.53 137.5
6907777820722-back_camera0-8.jpg 157 1378.38 1290.51 1088.63 1228.09 579.49 124.84
6907777820722-back_camera1-11.jpg 157 1296.3 1200.77 1078.51 976.11 435.57 449.32
6907777820722-back_camera0-9.jpg 157 1380.97 1292.75 1113.3 1226.08 535.35 133.35
6907777820722-back_camera1-12.jpg 157 1299.64 1198.93 1054.44 964.64 490.4 468.58
6907777820722-back_camera1-10.jpg 157 1282.54 1191.6 1087.68 966.94 389.72 449.32
6907777820722-back_camera1-13.jpg 157 1303.56 1195.36 1033.73 953.14 539.65 484.44
6907777820722-back_camera1-17.jpg 157 1298.14 1170.44 993.33 960.89 609.62 419.11
6907777820722-back_camera1-14.jpg 157 1298.59 1189.31 1005.15 944.02 586.87 490.58
6907777820722-back_camera1-15.jpg 157 1301.42 1187.74 1001.67 951.89 599.5 471.7
6907777820722-back_camera1-19.jpg 157 1288.2 1146.43 1008.24 1005.62 559.92 281.62
6907777820722-back_camera1-18.jpg 157 1289.41 1157.21 995.98 985.28 586.87 343.87
6907777820722-back_camera1-16.jpg 157 1300.08 1174.47 992.77 948.7 614.62 451.54
6907777820722-back_camera1-1.jpg 157 1232.1 1170.97 940.96 1003.62 582.28 334.7
6907777820722-back_camera1-21.jpg 157 1294.82 1134.01 1011.55 970.83 566.55 326.35
6907777820722-back_camera1-20.jpg 157 1301.46 1137.31 1029.78 992.36 543.36 289.9
6907777820722-back_camera1-23.jpg 157 1286.34 1135.44 984.96 938.54 602.75 393.8
6907777820722-back_camera1-25.jpg 157 1266.49 1138.88 968.47 907.34 596.04 463.08
6907777820722-back_camera1-22.jpg 157 1291.51 1129.86 996.64 949.29 589.74 361.13
6907777820722-back_camera1-24.jpg 157 1277.42 1134.38 976.49 920.52 601.86 427.73
6907777820722-back_camera1-26.jpg 157 1259.61 1129.71 977.64 898.17 563.94 463.08
6907777820722-back_camera1-28.jpg 157 1236.02 1133.32 1001.2 907.19 469.64 452.25
6907777820722-back_camera1-27.jpg 157 1250.7 1130.45 990.85 905.39 519.69 450.12
6907777820722-back_camera1-29.jpg 157 1234.39 1134.3 1032.66 916.51 403.47 435.57
6907777820722-back_camera1-2.jpg 157 1236.22 1174.71 935.29 985.4 601.86 378.62
6907777820722-back_camera1-32.jpg 157 1251.4 1149.62 1014.99 919.59 472.83 460.05
6907777820722-back_camera1-30.jpg 157 1255.66 1134.6 1071.9 921.52 367.53 426.15
6907777820722-back_camera1-33.jpg 157 1243.29 1154.24 978.08 914.93 530.42 478.63
6907777820722-back_camera1-31.jpg 157 1256.73 1148.09 1049.66 927.76 414.14 440.65
6907777820722-back_camera1-36.jpg 157 1225.22 1159.51 913.45 925.68 623.55 467.66
6907777820722-back_camera1-35.jpg 157 1228.57 1158.85 927.07 922.79 602.99 472.12
6907777820722-back_camera1-34.jpg 157 1236.98 1157.89 950.72 919.09 572.52 477.61
6907777820722-back_camera1-37.jpg 157 1216.43 1161.28 909.41 955.04 614.04 412.48
6907777820722-back_camera1-39.jpg 157 1211.47 1161.8 922.62 994.45 577.7 334.7
6907777820722-back_camera1-38.jpg 157 1214.48 1162.16 912.16 975.8 604.65 372.73
6907777820722-back_camera1-40.jpg 157 1226.65 1160.04 949.07 1017.0 555.17 286.07
6907777820722-back_camera1-3.jpg 157 1238.09 1182.27 928.76 966.53 618.65 431.48
6907777820722-back_camera1-6.jpg 157 1238.5 1196.95 948.6 941.01 579.8 511.88
6907777820722-back_camera1-5.jpg 157 1238.12 1191.97 934.21 950.41 607.81 483.13
6907777820722-back_camera1-4.jpg 157 1236.69 1191.6 918.04 948.6 637.3 486.0
6907777820722-back_camera1-8.jpg 157 1250.11 1195.3 1009.9 952.61 480.41 485.38
6907777820722-back_camera1-9.jpg 157 1253.06 1191.06 1046.26 959.26 413.59 463.6
6907777820722-back_camera2-11.jpg 157 1303.95 856.77 1054.14 681.78 499.61 349.99
6907777820722-back_camera1-7.jpg 157 1240.16 1195.3 970.14 942.67 540.04 505.26
6907777820722-back_camera2-12.jpg 157 1298.59 850.03 1028.08 632.25 541.02 435.57
6907777820722-back_camera2-10.jpg 157 1306.72 862.68 1070.46 714.21 472.51 296.94
6907777820722-back_camera2-13.jpg 157 1297.55 850.73 1023.5 615.73 548.09 469.99
6907777820722-back_camera2-14.jpg 157 1292.75 845.92 1019.17 592.81 547.17 506.23
6907777820722-back_camera2-15.jpg 157 1287.74 845.89 1021.24 583.03 533.0 525.73
6907777820722-back_camera2-18.jpg 157 1271.07 838.57 1069.34 572.64 403.47 531.85
6907777820722-back_camera2-16.jpg 157 1286.89 843.62 1032.02 570.29 509.75 546.67
6907777820722-back_camera2-1.jpg 157 1291.88 904.59 1113.74 655.2 356.27 498.78
6907777820722-back_camera2-17.jpg 157 1275.82 838.74 1041.53 566.53 468.58 544.43
6907777820722-back_camera2-19.jpg 157 1261.34 842.2 1094.5 594.43 333.68 495.55
6907777820722-back_camera2-21.jpg 157 1259.62 852.32 1069.34 600.15 380.55 504.34
6907777820722-back_camera2-20.jpg 157 1261.03 845.57 1099.91 606.28 322.24 478.58
6907777820722-back_camera2-22.jpg 157 1252.82 851.43 1041.96 590.17 421.72 522.53
6907777820722-back_camera2-23.jpg 157 1251.55 853.64 1017.73 583.99 467.63 539.31
6907777820722-back_camera2-24.jpg 157 1250.44 856.9 986.81 581.81 527.26 550.19
6907777820722-back_camera2-26.jpg 157 1240.05 866.35 961.03 612.89 558.03 506.91
6907777820722-back_camera2-25.jpg 157 1242.95 863.74 976.77 597.04 532.36 533.4
6907777820722-back_camera2-29.jpg 157 1236.86 883.86 981.74 699.15 510.23 369.42
6907777820722-back_camera2-27.jpg 157 1239.28 871.99 967.58 637.7 543.39 468.58
6907777820722-back_camera2-28.jpg 157 1241.27 872.95 968.47 655.17 545.6 435.57
6907777820722-back_camera2-30.jpg 157 1239.98 884.73 1002.45 731.58 475.06 306.29
6907777820722-back_camera2-2.jpg 157 1295.42 903.98 1087.4 639.87 416.04 528.21
6907777820722-back_camera2-31.jpg 157 1244.31 889.77 992.27 705.18 504.07 369.18
6907777820722-back_camera2-35.jpg 157 1257.63 905.07 990.61 635.45 534.04 539.24
6907777820722-back_camera2-34.jpg 157 1257.01 903.84 983.02 648.08 547.99 511.52
6907777820722-back_camera2-32.jpg 157 1250.44 898.17 982.23 682.68 536.43 430.98
6907777820722-back_camera2-33.jpg 157 1250.93 898.77 980.08 661.05 541.7 475.44
6907777820722-back_camera2-37.jpg 157 1268.89 910.32 1039.73 638.46 458.33 543.72
6907777820722-back_camera2-36.jpg 157 1266.94 908.15 1010.86 619.22 512.16 577.87
6907777820722-back_camera2-38.jpg 157 1273.26 909.38 1063.75 642.44 419.02 533.88
6907777820722-back_camera2-39.jpg 157 1280.25 911.92 1087.68 650.58 385.13 522.68
6907777820722-back_camera2-5.jpg 157 1305.65 890.92 1038.87 626.43 533.57 528.99
6907777820722-back_camera2-3.jpg 157 1299.8 897.12 1069.53 622.95 460.53 548.33
6907777820722-back_camera2-40.jpg 157 1289.61 906.2 1133.34 670.45 312.54 471.49
6907777820722-back_camera2-4.jpg 157 1302.18 895.9 1050.36 625.44 503.65 540.92
6907777820722-back_camera2-6.jpg 157 1314.63 886.7 1032.66 627.66 563.94 518.09
6907777820722-back_camera2-8.jpg 157 1306.07 875.58 1032.02 661.17 548.09 428.82
6907777820722-back_camera2-7.jpg 157 1310.1 880.3 1032.69 643.93 554.82 472.74
6907777820722-back_camera2-9.jpg 157 1307.75 872.95 1041.83 678.09 531.85 389.72
6907777820722-back_camera3-11.jpg 157 1428.18 1467.68 1155.56 1338.47 545.25 258.43
6907777820722-back_camera3-14.jpg 157 1430.92 1467.62 1102.75 1341.16 656.35 252.92
6907777820722-back_camera3-12.jpg 157 1432.45 1469.82 1131.42 1335.63 602.05 268.37
6907777820722-back_camera3-15.jpg 157 1420.08 1462.12 1073.92 1333.74 692.32 256.75
6907777820722-back_camera3-13.jpg 157 1432.2 1471.03 1115.41 1341.64 633.57 258.77
6907777820722-back_camera3-10.jpg 157 1424.67 1469.03 1179.38 1342.91 490.58 252.23
6907777820722-back_camera3-17.jpg 157 1411.35 1450.88 1094.31 1352.92 634.08 195.92
6907777820722-back_camera3-18.jpg 157 1414.1 1443.78 1119.23 1355.15 589.74 177.25
6907777820722-back_camera3-16.jpg 157 1414.69 1459.88 1081.72 1345.57 665.94 228.61
6907777820722-back_camera3-1.jpg 157 1356.7 1450.26 1031.5 1339.61 650.41 221.31
6907777820722-back_camera3-19.jpg 157 1429.26 1422.31 1129.74 1340.01 599.03 164.6
6907777820722-back_camera3-22.jpg 157 1401.68 1423.9 1067.88 1310.43 667.6 226.95
6907777820722-back_camera3-20.jpg 157 1425.36 1420.62 1111.88 1333.34 626.96 174.55
6907777820722-back_camera3-23.jpg 157 1397.09 1420.95 1071.53 1308.96 651.12 223.99
6907777820722-back_camera3-24.jpg 157 1380.14 1425.76 1066.34 1301.52 627.61 248.49
6907777820722-back_camera3-21.jpg 157 1417.63 1421.17 1094.26 1323.0 646.75 196.34
6907777820722-back_camera3-26.jpg 157 1363.54 1425.62 1086.42 1306.51 554.24 238.22
6907777820722-back_camera3-27.jpg 157 1356.45 1423.13 1108.43 1309.14 496.04 227.98
6907777820722-back_camera3-29.jpg 157 1372.92 1429.03 1179.57 1308.03 386.7 242.01
6907777820722-back_camera3-25.jpg 157 1371.94 1427.73 1069.34 1297.06 605.21 261.34
6907777820722-back_camera3-2.jpg 157 1353.82 1453.97 1018.52 1332.86 670.59 242.23
6907777820722-back_camera3-28.jpg 157 1347.06 1425.18 1137.66 1314.23 418.8 221.9
6907777820722-back_camera3-30.jpg 157 1376.46 1437.0 1140.12 1308.31 472.69 257.38
6907777820722-back_camera3-32.jpg 157 1362.32 1443.76 1073.74 1308.33 577.16 270.87
6907777820722-back_camera3-31.jpg 157 1371.53 1441.13 1113.16 1311.95 516.73 258.37
6907777820722-back_camera3-36.jpg 157 1332.16 1448.36 994.36 1324.57 675.6 247.58
6907777820722-back_camera3-33.jpg 157 1357.53 1446.38 1049.84 1309.76 615.38 273.25
6907777820722-back_camera3-34.jpg 157 1346.33 1446.32 1020.38 1314.07 651.89 264.5
6907777820722-back_camera3-37.jpg 157 1323.01 1444.09 1002.13 1334.09 641.75 219.99
6907777820722-back_camera3-38.jpg 157 1321.21 1442.56 1014.71 1346.97 613.0 191.17
6907777820722-back_camera3-39.jpg 157 1339.38 1442.73 1030.28 1354.55 618.2 176.37
6907777820722-back_camera3-35.jpg 157 1338.74 1444.63 1006.32 1314.58 664.84 260.1
6907777820722-back_camera3-3.jpg 157 1354.59 1456.37 1020.03 1327.53 669.11 257.67
6907777820722-back_camera3-4.jpg 157 1350.4 1460.55 1022.24 1322.51 656.33 276.08
6907777820722-back_camera3-40.jpg 157 1360.14 1442.81 1045.13 1343.11 630.02 199.4
6907777820722-back_camera3-5.jpg 157 1352.58 1464.01 1035.98 1319.74 633.19 288.54
6907777820722-back_camera3-6.jpg 157 1353.58 1462.32 1066.93 1321.87 573.29 280.9
6907777820722_camera0-10.jpg 157 1356.17 1275.84 1100.06 1209.87 512.22 131.95
6907777820722-back_camera3-7.jpg 157 1358.75 1458.91 1100.04 1320.42 517.42 276.97
6907777820722_camera0-11.jpg 157 1360.97 1278.69 1143.53 1213.51 434.88 130.37
6907777820722_camera0-13.jpg 157 1417.89 1275.75 1176.07 1213.93 483.65 123.64
6907777820722-back_camera3-8.jpg 157 1364.62 1458.93 1141.72 1328.78 445.79 260.3
6907777820722-back_camera3-9.jpg 157 1399.97 1459.29 1192.65 1333.75 414.64 251.07
6907777820722_camera0-15.jpg 157 1419.77 1287.63 1108.85 1228.54 621.84 118.19
6907777820722_camera0-12.jpg 157 1400.3 1278.94 1192.24 1215.04 416.12 127.8
6907777820722_camera0-17.jpg 157 1424.41 1283.86 1104.28 1234.74 640.26 98.23
6907777820722_camera0-14.jpg 157 1420.11 1280.36 1134.62 1226.92 570.98 106.87
6907777820722_camera0-16.jpg 157 1420.88 1286.93 1098.28 1234.72 645.21 104.42
6907777820722_camera0-18.jpg 157 1420.57 1281.24 1102.51 1235.03 636.12 92.43
6907777820722_camera0-19.jpg 157 1413.25 1276.57 1096.02 1220.84 634.46 111.47
6907777820722_camera0-1.jpg 157 1374.76 1284.12 1080.59 1235.19 588.35 97.86
6907777820722_camera0-22.jpg 157 1428.89 1261.48 1106.19 1209.94 645.41 103.07
6907777820722_camera0-20.jpg 157 1412.71 1278.8 1105.53 1225.67 614.36 106.26
6907777820722_camera0-23.jpg 157 1456.3 1262.47 1145.04 1205.38 622.53 114.18
6907777820722_camera0-25.jpg 157 1439.59 1255.59 1109.98 1190.35 659.22 130.49
6907777820722_camera0-21.jpg 157 1432.96 1267.3 1123.1 1210.6 619.72 113.41
6907777820722_camera0-26.jpg 157 1432.57 1258.4 1104.08 1188.7 656.99 139.4
6907777820722_camera0-28.jpg 157 1422.37 1252.16 1125.04 1183.18 594.66 137.96
6907777820722_camera0-29.jpg 157 1412.65 1258.75 1139.4 1188.65 546.5 140.2
6907777820722_camera0-24.jpg 157 1451.02 1257.81 1123.64 1197.22 654.76 121.17
6907777820722_camera0-27.jpg 157 1429.9 1258.76 1113.6 1191.88 632.61 133.76
6907777820722_camera0-30.jpg 157 1413.48 1253.98 1178.14 1186.99 470.68 133.98
6907777820722_camera0-31.jpg 157 1407.43 1254.95 1208.42 1184.38 398.03 141.13
6907777820722_camera0-2.jpg 157 1382.44 1277.36 1075.64 1225.7 613.6 103.31
6907777820722_camera0-32.jpg 157 1435.76 1263.62 1239.45 1187.31 392.62 152.62
6907777820722_camera0-33.jpg 157 1445.95 1268.59 1202.63 1191.3 486.63 154.58
6907777820722_camera0-34.jpg 157 1428.64 1268.89 1164.95 1193.46 527.38 150.87
6907777820722_camera0-35.jpg 157 1417.85 1276.13 1137.85 1197.98 560.0 156.31
6907777820722_camera0-38.jpg 157 1390.76 1272.12 1072.02 1195.21 637.48 153.82
6907777820722_camera0-37.jpg 157 1371.23 1270.37 1088.38 1190.67 565.7 159.4
6907777820722_camera0-36.jpg 157 1419.62 1270.3 1108.86 1189.69 621.53 161.22
6907777820722_camera0-5.jpg 157 1359.99 1274.39 1023.49 1214.49 673.0 119.81
6907777820722_camera0-3.jpg 157 1371.36 1273.58 1050.74 1218.42 641.23 110.31
6907777820722_camera0-39.jpg 157 1385.24 1269.97 1074.17 1196.57 622.14 146.8
6907777820722_camera0-40.jpg 157 1378.55 1270.02 1076.72 1196.68 603.65 146.67
6907777820722_camera0-4.jpg 157 1368.45 1274.56 1035.25 1217.02 666.4 115.07
6907777820722_camera0-8.jpg 157 1353.19 1276.31 1053.48 1214.46 599.42 123.69
6907777820722_camera0-6.jpg 157 1359.11 1274.98 1025.73 1213.52 666.75 122.93
6907777820722_camera0-7.jpg 157 1352.39 1271.37 1039.77 1212.24 625.24 118.25
6907777820722_camera0-9.jpg 157 1349.41 1275.64 1070.44 1209.41 557.94 132.47
6907777820722_camera1-10.jpg 157 1226.75 1164.26 1025.93 945.06 401.63 438.4
6907777820722_camera1-14.jpg 157 1269.31 1192.31 987.5 959.99 563.61 464.64
6907777820722_camera1-12.jpg 157 1264.56 1188.22 1050.53 970.03 428.06 436.38
6907777820722_camera1-11.jpg 157 1250.49 1179.98 1069.71 958.77 361.55 442.43
6907777820722_camera1-13.jpg 157 1268.51 1195.47 1020.32 965.46 496.38 460.01
6907777820722_camera1-15.jpg 157 1272.13 1191.02 980.35 962.67 583.56 456.7
6907777820722_camera1-16.jpg 157 1270.04 1186.46 968.29 972.68 603.5 427.57
6907777820722_camera1-17.jpg 157 1271.28 1183.03 966.72 979.39 609.11 407.28
6907777820722_camera1-1.jpg 157 1233.38 1140.08 950.75 981.58 565.25 317.0
6907777820722_camera1-20.jpg 157 1279.77 1168.14 1001.13 1024.06 557.28 288.16
6907777820722_camera1-18.jpg 157 1267.83 1178.41 965.48 991.39 604.69 374.04
6907777820722_camera1-19.jpg 157 1267.7 1173.08 985.18 1011.14 565.05 323.88
6907777820722_camera1-23.jpg 157 1303.07 1145.04 998.67 948.82 608.81 392.44
6907777820722_camera1-21.jpg 157 1305.24 1142.27 1023.06 984.21 564.36 316.11
6907777820722_camera1-22.jpg 157 1304.66 1142.13 1012.71 970.7 583.91 342.87
6907777820722_camera1-24.jpg 157 1299.81 1147.45 991.26 924.54 617.09 445.83
6907777820722_camera1-26.jpg 157 1284.11 1137.88 989.6 896.58 589.01 482.59
6907777820722_camera1-25.jpg 157 1290.58 1143.12 988.46 907.67 604.24 470.89
6907777820722_camera1-27.jpg 157 1283.51 1138.93 1004.48 902.43 558.06 473.01
6907777820722_camera1-29.jpg 157 1273.11 1131.12 1044.01 906.26 458.19 449.71
6907777820722_camera1-28.jpg 157 1277.46 1133.15 1021.73 900.14 511.46 466.02
6907777820722_camera1-2.jpg 157 1233.37 1141.59 932.68 953.5 601.38 376.17
6907777820722_camera1-30.jpg 157 1268.75 1127.12 1077.23 914.99 383.04 424.25
6907777820722_camera1-33.jpg 157 1281.41 1133.83 1039.47 891.21 483.88 485.24
6907777820722_camera1-34.jpg 157 1274.85 1135.16 1005.23 883.21 539.24 503.91
6907777820722_camera1-31.jpg 157 1289.34 1131.36 1109.34 911.75 360.0 439.22
6907777820722_camera1-35.jpg 157 1269.89 1134.82 984.59 883.89 570.61 501.85
6907777820722_camera1-32.jpg 157 1284.83 1132.0 1064.75 884.42 440.15 495.17
6907777820722_camera1-38.jpg 157 1245.4 1131.76 951.52 917.58 587.77 428.36
6907777820722_camera1-37.jpg 157 1250.32 1133.11 952.06 903.59 596.51 459.03
6907777820722_camera1-39.jpg 157 1237.09 1132.92 952.48 938.65 569.21 388.55
6907777820722_camera1-36.jpg 157 1261.96 1135.05 967.2 891.55 589.52 486.99
6907777820722_camera1-3.jpg 157 1224.87 1147.32 918.13 944.17 613.47 406.3
6907777820722_camera1-40.jpg 157 1230.98 1132.1 964.91 969.67 532.14 324.86
6907777820722_camera1-4.jpg 157 1222.59 1151.38 909.7 928.64 625.78 445.47
6907777820722_camera1-6.jpg 157 1215.16 1160.97 920.89 925.15 588.55 471.65
6907777820722_camera1-5.jpg 157 1212.36 1156.93 906.19 927.13 612.34 459.61
6907777820722_camera1-7.jpg 157 1215.92 1164.84 939.1 925.97 553.64 477.74
6907777820722_camera1-9.jpg 157 1221.97 1169.67 993.88 944.46 456.19 450.42
6907777820722_camera2-11.jpg 157 1310.55 886.07 1069.84 736.62 481.43 298.89
6907777820722_camera2-10.jpg 157 1289.05 894.43 1045.48 717.66 487.14 353.55
6907777820722_camera1-8.jpg 157 1217.17 1163.7 958.66 926.17 517.03 475.06
6907777820722_camera2-12.jpg 157 1307.03 881.66 1054.07 700.26 505.93 362.8
6907777820722_camera2-13.jpg 157 1309.63 878.25 1044.58 666.89 530.1 422.72
6907777820722_camera2-15.jpg 157 1303.89 873.08 1029.19 611.98 549.41 522.19
6907777820722_camera2-19.jpg 157 1292.96 857.19 1087.24 604.71 411.44 504.95
6907777820722_camera2-14.jpg 157 1308.56 876.8 1038.27 634.47 540.58 484.66
6907777820722_camera2-17.jpg 157 1300.58 867.72 1056.36 600.72 488.45 534.0
6907777820722_camera2-18.jpg 157 1299.44 863.3 1071.77 600.29 455.34 526.02
6907777820722_camera2-16.jpg 157 1304.03 868.36 1046.51 603.55 515.04 529.62
6907777820722_camera2-1.jpg 157 1265.45 904.08 1097.59 657.38 335.73 493.4
6907777820722_camera2-21.jpg 157 1286.62 843.94 1122.09 599.93 329.07 488.03
6907777820722_camera2-22.jpg 157 1285.36 845.73 1103.22 592.23 364.27 506.99
6907777820722_camera2-24.jpg 157 1275.65 840.88 1037.79 569.03 475.73 543.69
6907777820722_camera2-20.jpg 157 1290.49 856.99 1115.08 617.89 350.83 478.19
6907777820722_camera2-25.jpg 157 1275.45 840.89 1014.35 567.43 522.19 546.93
6907777820722_camera2-23.jpg 157 1282.44 841.55 1074.48 575.82 415.92 531.46
6907777820722_camera2-28.jpg 157 1261.28 848.62 998.93 615.88 524.69 465.47
6907777820722_camera2-27.jpg 157 1266.24 843.14 1006.18 592.59 520.13 501.1
6907777820722_camera2-26.jpg 157 1266.72 844.54 1004.29 583.32 524.86 522.44
6907777820722_camera2-29.jpg 157 1259.66 849.97 1002.59 638.37 514.14 423.19
6907777820722_camera2-2.jpg 157 1267.2 908.25 1068.56 647.28 397.28 521.94
6907777820722_camera2-32.jpg 157 1242.3 864.26 989.14 677.52 506.31 373.48
6907777820722_camera2-31.jpg 157 1247.24 857.78 1009.91 705.5 474.67 304.57
6907777820722_camera2-30.jpg 157 1255.55 851.38 1019.27 676.16 472.56 350.45
6907777820722_camera2-33.jpg 157 1242.03 866.88 974.75 651.57 534.56 430.62
6907777820722_camera2-35.jpg 157 1240.98 872.25 967.29 619.98 547.39 504.53
6907777820722_camera2-34.jpg 157 1241.01 872.33 965.68 635.96 550.66 472.74
6907777820722_camera2-39.jpg 157 1250.31 886.7 1049.92 640.29 400.78 492.82
6907777820722_camera2-38.jpg 157 1245.21 884.8 1013.99 620.7 462.44 528.2
6907777820722_camera2-3.jpg 157 1271.87 910.01 1048.76 641.46 446.21 537.09
6907777820722_camera2-36.jpg 157 1239.63 877.58 972.54 619.32 534.18 516.51
6907777820722_camera2-37.jpg 157 1244.15 879.37 991.89 612.37 504.53 534.0
6907777820722_camera2-5.jpg 157 1274.2 911.42 1009.4 636.72 529.61 549.41
6907777820722_camera2-6.jpg 157 1281.77 907.48 1017.4 650.58 528.74 513.79
6907777820722_camera2-40.jpg 157 1253.69 890.11 1079.75 650.4 347.89 479.41
6907777820722_camera2-4.jpg 157 1276.33 912.24 1032.35 641.07 487.96 542.33
6907777820722_camera2-9.jpg 157 1288.66 896.53 1034.85 698.38 507.62 396.3
6907777820722_camera3-11.jpg 157 1387.99 1453.5 1158.47 1334.66 459.03 237.67
6907777820722_camera2-8.jpg 157 1285.54 902.47 1022.82 673.15 525.43 458.64
6907777820722_camera2-7.jpg 157 1285.01 903.11 1019.96 659.81 530.1 486.6
6907777820722_camera3-10.jpg 157 1376.46 1444.6 1173.26 1320.91 406.41 247.38
6907777820722_camera3-13.jpg 157 1395.98 1460.52 1101.42 1341.63 589.11 237.78
6907777820722_camera3-15.jpg 157 1389.26 1456.29 1065.1 1346.15 648.33 220.27
6907777820722_camera3-14.jpg 157 1398.53 1454.42 1081.55 1338.66 633.96 231.52
6907777820722_camera3-16.jpg 157 1384.31 1456.63 1061.69 1355.6 645.23 202.07
6907777820722_camera3-12.jpg 157 1392.34 1453.06 1130.69 1336.85 523.3 232.43
6907777820722_camera3-18.jpg 157 1382.91 1448.36 1077.09 1364.09 611.65 168.54
6907777820722_camera3-1.jpg 157 1346.47 1426.71 1022.82 1318.65 647.29 216.11
6907777820722_camera3-17.jpg 157 1382.11 1452.09 1066.44 1356.24 631.33 191.69
6907777820722_camera3-19.jpg 157 1396.68 1427.12 1083.95 1328.93 625.47 196.37
6907777820722_camera3-21.jpg 157 1426.48 1409.67 1106.67 1307.73 639.61 203.88
6907777820722_camera3-22.jpg 157 1422.27 1407.52 1097.07 1302.06 650.41 210.92
6907777820722_camera3-20.jpg 157 1425.23 1416.06 1121.17 1323.19 608.11 185.74
6907777820722_camera3-23.jpg 157 1418.88 1409.22 1089.84 1292.66 658.09 233.11
6907777820722_camera3-26.jpg 157 1389.64 1410.29 1098.5 1277.44 582.29 265.69
6907777820722_camera3-24.jpg 157 1407.99 1409.43 1083.39 1282.63 649.19 253.6
6907777820722_camera3-25.jpg 157 1399.28 1409.27 1092.78 1279.46 613.01 259.61
6907777820722_camera3-27.jpg 157 1387.54 1403.84 1114.48 1275.15 546.11 257.38
6907777820722_camera3-2.jpg 157 1344.92 1430.14 1013.95 1311.21 661.94 237.86
6907777820722_camera3-30.jpg 157 1409.92 1422.06 1209.01 1287.51 401.83 269.1
6907777820722_camera3-29.jpg 157 1376.91 1412.53 1174.19 1288.45 405.44 248.16
6907777820722_camera3-31.jpg 157 1409.89 1424.76 1176.12 1282.49 467.55 284.54
6907777820722_camera3-28.jpg 157 1382.53 1402.1 1142.29 1276.82 480.49 250.55
6907777820722_camera3-32.jpg 157 1406.41 1426.11 1139.13 1277.92 534.56 296.37
6907777820722_camera3-34.jpg 157 1391.04 1421.36 1086.38 1272.23 609.32 298.25
6907777820722_camera3-37.jpg 157 1359.43 1420.59 1043.03 1283.92 632.81 273.34
6907777820722_camera3-33.jpg 157 1397.56 1425.01 1110.76 1277.54 573.59 294.95
6907777820722_camera3-35.jpg 157 1382.05 1426.83 1064.9 1281.89 634.3 289.88
6907777820722_camera3-36.jpg 157 1369.54 1424.39 1052.16 1287.79 634.76 273.2
6907777820722_camera3-38.jpg 157 1348.82 1421.73 1050.69 1303.59 596.25 236.28
6907777820722_camera3-3.jpg 157 1336.58 1433.41 1001.95 1308.51 669.26 249.8
6907777820722_camera3-40.jpg 157 1358.39 1419.18 1061.48 1325.87 593.83 186.63
6907777820722_camera3-39.jpg 157 1349.76 1419.79 1067.04 1318.53 565.44 202.52
6907777820722_camera3-5.jpg 157 1327.74 1435.76 1011.56 1303.97 632.37 263.58
6907777820722_camera3-7.jpg 157 1328.93 1437.24 1059.31 1307.88 539.24 258.71
6907777820722_camera3-9.jpg 157 1343.68 1441.37 1142.71 1321.95 401.94 238.84
6907777820722_camera3-4.jpg 157 1324.14 1435.74 998.53 1305.28 651.23 260.92
6907777820722_camera3-8.jpg 157 1334.02 1438.27 1091.28 1311.17 485.48 254.2
6907777820722_camera3-6.jpg 157 1322.31 1438.14 1022.91 1308.44 598.8 259.4
