6901844710114-back_camera0-12.jpg 158 1418.67 1283.44 1201.42 1213.66 434.5 139.55
6901844710114-back_camera0-10.jpg 158 1362.67 1285.01 1139.63 1211.67 446.07 146.67
6901844710114-back_camera0-11.jpg 158 1389.66 1283.1 1184.8 1208.69 409.73 148.82
6901844710114-back_camera0-14.jpg 158 1420.84 1291.86 1133.02 1224.46 575.63 134.79
6901844710114-back_camera0-15.jpg 158 1425.35 1288.07 1111.54 1213.52 627.61 149.09
6901844710114-back_camera0-13.jpg 158 1419.13 1290.08 1154.88 1216.14 528.5 147.88
6901844710114-back_camera0-18.jpg 158 1418.77 1291.82 1087.32 1228.33 662.91 126.99
6901844710114-back_camera0-20.jpg 158 1416.72 1287.92 1105.56 1220.28 622.32 135.29
6901844710114-back_camera0-1.jpg 158 1380.34 1274.33 1078.16 1230.09 604.35 88.49
6901844710114-back_camera0-16.jpg 158 1423.94 1292.75 1097.18 1222.1 653.52 141.3
6901844710114-back_camera0-17.jpg 158 1421.86 1290.83 1084.12 1216.59 675.48 148.48
6901844710114-back_camera0-19.jpg 158 1411.9 1289.37 1090.79 1229.9 642.23 118.93
6901844710114-back_camera0-21.jpg 158 1434.09 1285.24 1123.11 1229.66 621.95 111.15
6901844710114-back_camera0-22.jpg 158 1441.16 1281.13 1126.0 1233.86 630.32 94.55
6901844710114-back_camera0-23.jpg 158 1443.06 1283.18 1120.36 1242.75 645.41 80.87
6901844710114-back_camera0-24.jpg 158 1428.39 1277.72 1082.74 1226.61 691.3 102.23
6901844710114-back_camera0-26.jpg 158 1420.89 1285.14 1099.67 1239.08 642.44 92.12
6901844710114-back_camera0-28.jpg 158 1410.55 1281.79 1137.8 1235.01 545.5 93.56
6901844710114-back_camera0-25.jpg 158 1423.49 1285.03 1086.24 1237.68 674.5 94.7
6901844710114-back_camera0-27.jpg 158 1411.98 1284.65 1108.34 1236.17 607.29 96.97
6901844710114-back_camera0-29.jpg 158 1406.59 1283.39 1166.35 1236.61 480.49 93.56
6901844710114-back_camera0-30.jpg 158 1404.99 1283.91 1193.78 1224.28 422.43 119.27
6901844710114-back_camera0-2.jpg 158 1393.39 1273.97 1081.13 1219.31 624.53 109.33
6901844710114-back_camera0-31.jpg 158 1424.43 1282.2 1229.88 1232.5 389.1 99.4
6901844710114-back_camera0-34.jpg 158 1418.66 1277.53 1131.64 1233.92 574.05 87.22
6901844710114-back_camera0-33.jpg 158 1429.84 1282.27 1172.24 1235.88 515.2 92.77
6901844710114-back_camera0-36.jpg 158 1401.86 1280.15 1085.84 1235.3 632.04 89.71
6901844710114-back_camera0-35.jpg 158 1415.6 1275.98 1111.95 1223.86 607.29 104.25
6901844710114-back_camera0-38.jpg 158 1382.74 1278.84 1053.32 1231.98 658.84 93.71
6901844710114-back_camera0-32.jpg 158 1433.53 1280.66 1214.69 1235.81 437.67 89.71
6901844710114-back_camera0-37.jpg 158 1397.41 1279.94 1067.91 1233.27 659.01 93.34
6901844710114-back_camera0-3.jpg 158 1389.7 1276.7 1070.17 1218.03 639.06 117.35
6901844710114-back_camera0-39.jpg 158 1371.77 1277.13 1059.64 1238.34 624.26 77.58
6901844710114-back_camera0-40.jpg 158 1367.94 1276.62 1062.8 1235.85 610.29 81.55
6901844710114-back_camera0-4.jpg 158 1379.86 1280.19 1047.12 1219.58 665.47 121.22
6901844710114-back_camera0-5.jpg 158 1373.24 1279.23 1035.99 1210.62 674.5 137.22
6901844710114-back_camera0-7.jpg 158 1362.97 1281.84 1057.71 1205.06 610.52 153.55
6901844710114-back_camera0-6.jpg 158 1363.59 1286.06 1041.86 1215.35 643.45 141.42
6901844710114-back_camera0-8.jpg 158 1361.09 1283.92 1077.82 1207.72 566.55 152.41
6901844710114-back_camera1-12.jpg 158 1280.51 1179.09 1048.08 947.34 464.86 463.5
6901844710114-back_camera1-13.jpg 158 1280.4 1183.47 1019.49 945.18 521.83 476.58
6901844710114-back_camera1-10.jpg 158 1266.53 1161.17 1094.47 937.58 344.11 447.19
6901844710114-back_camera0-9.jpg 158 1355.88 1282.41 1098.3 1208.47 515.17 147.88
6901844710114-back_camera1-14.jpg 158 1278.37 1182.73 996.76 946.56 563.22 472.34
6901844710114-back_camera1-15.jpg 158 1279.09 1177.07 985.05 945.98 588.08 462.18
6901844710114-back_camera1-11.jpg 158 1272.63 1179.42 1069.7 951.74 405.87 455.37
6901844710114-back_camera1-16.jpg 158 1269.87 1178.02 962.45 960.77 614.83 434.5
6901844710114-back_camera1-17.jpg 158 1274.85 1175.76 978.31 979.13 593.08 393.27
6901844710114-back_camera1-19.jpg 158 1274.46 1162.03 989.23 1009.83 570.46 304.4
6901844710114-back_camera1-18.jpg 158 1270.91 1167.43 980.6 990.46 580.62 353.95
6901844710114-back_camera1-20.jpg 158 1278.21 1150.83 1009.77 1027.14 536.89 247.38
6901844710114-back_camera1-1.jpg 158 1256.8 1144.75 961.42 957.6 590.75 374.29
6901844710114-back_camera1-21.jpg 158 1275.15 1148.67 989.49 1005.56 571.33 286.22
6901844710114-back_camera1-22.jpg 158 1276.15 1146.35 979.65 981.49 593.01 329.71
6901844710114-back_camera1-23.jpg 158 1269.97 1147.26 963.51 960.89 612.93 372.73
6901844710114-back_camera1-26.jpg 158 1256.44 1139.68 980.37 925.59 552.15 428.18
6901844710114-back_camera1-25.jpg 158 1260.5 1139.03 970.96 929.97 579.07 418.11
6901844710114-back_camera1-24.jpg 158 1264.95 1144.12 961.05 943.07 607.81 402.09
6901844710114-back_camera1-27.jpg 158 1249.28 1147.57 998.06 942.38 502.44 410.37
6901844710114-back_camera1-28.jpg 158 1251.43 1138.68 1029.01 938.66 444.85 400.05
6901844710114-back_camera1-32.jpg 158 1261.97 1166.27 1032.94 933.84 458.06 464.86
6901844710114-back_camera1-31.jpg 158 1265.33 1166.98 1063.94 946.56 402.78 440.84
6901844710114-back_camera1-2.jpg 158 1252.35 1150.54 954.91 946.87 594.87 407.34
6901844710114-back_camera1-33.jpg 158 1260.51 1169.97 999.89 934.2 521.23 471.53
6901844710114-back_camera1-30.jpg 158 1268.25 1161.6 1100.38 954.32 335.73 414.56
6901844710114-back_camera1-34.jpg 158 1260.05 1174.59 976.77 937.7 566.55 473.78
6901844710114-back_camera1-36.jpg 158 1246.86 1165.07 944.22 949.42 605.28 431.3
6901844710114-back_camera1-37.jpg 158 1236.76 1161.98 943.16 977.81 587.19 368.35
6901844710114-back_camera1-35.jpg 158 1244.56 1168.95 945.96 938.0 597.2 461.91
6901844710114-back_camera1-38.jpg 158 1234.7 1158.22 951.58 1000.3 566.25 315.85
6901844710114-back_camera1-39.jpg 158 1237.05 1153.46 961.8 1012.78 550.49 281.36
6901844710114-back_camera1-3.jpg 158 1245.96 1157.2 940.32 931.07 611.28 452.25
6901844710114-back_camera1-5.jpg 158 1241.48 1162.93 947.69 910.82 587.57 504.23
6901844710114-back_camera1-40.jpg 158 1241.82 1139.8 958.54 989.05 566.55 301.5
6901844710114-back_camera1-4.jpg 158 1246.05 1162.4 945.66 925.9 600.78 473.01
6901844710114-back_camera2-10.jpg 158 1284.14 873.24 1049.6 729.89 469.08 286.7
6901844710114-back_camera1-7.jpg 158 1240.16 1167.97 983.39 904.57 513.54 526.79
6901844710114-back_camera1-6.jpg 158 1238.34 1170.57 960.04 914.47 556.6 512.2
6901844710114-back_camera1-9.jpg 158 1246.65 1163.35 1045.41 916.07 402.48 494.55
6901844710114-back_camera2-11.jpg 158 1282.72 870.04 1030.77 698.6 503.91 342.87
6901844710114-back_camera1-8.jpg 158 1239.81 1167.34 1015.54 919.96 448.54 494.76
6901844710114-back_camera2-12.jpg 158 1284.53 862.69 1019.48 656.44 530.1 412.49
6901844710114-back_camera2-15.jpg 158 1281.84 863.25 1024.94 605.68 513.79 515.15
6901844710114-back_camera2-16.jpg 158 1274.27 862.14 1024.37 597.77 499.81 528.75
6901844710114-back_camera2-14.jpg 158 1281.96 865.17 1015.46 621.01 533.0 488.33
6901844710114-back_camera2-13.jpg 158 1287.12 864.13 1025.33 641.2 523.57 445.86
6901844710114-back_camera2-18.jpg 158 1278.54 857.9 1074.64 597.96 407.79 519.89
6901844710114-back_camera2-17.jpg 158 1278.87 861.47 1050.38 598.43 456.98 526.08
6901844710114-back_camera2-19.jpg 158 1277.31 860.0 1103.67 615.79 347.28 488.42
6901844710114-back_camera2-21.jpg 158 1271.15 870.08 1095.09 617.96 352.13 504.23
6901844710114-back_camera2-20.jpg 158 1269.86 869.89 1120.06 625.67 299.6 488.45
6901844710114-back_camera2-1.jpg 158 1279.43 885.03 1103.41 631.31 352.04 507.44
6901844710114-back_camera2-25.jpg 158 1260.17 871.44 989.6 601.83 541.15 539.22
6901844710114-back_camera2-23.jpg 158 1265.82 868.24 1037.84 599.73 455.97 537.01
6901844710114-back_camera2-22.jpg 158 1268.3 867.21 1063.59 604.68 409.43 525.07
6901844710114-back_camera2-26.jpg 158 1261.7 873.09 999.96 629.57 523.48 487.03
6901844710114-back_camera2-28.jpg 158 1259.11 872.48 999.84 671.88 518.54 401.2
6901844710114-back_camera2-27.jpg 158 1261.79 872.85 994.77 648.95 534.04 447.8
6901844710114-back_camera2-29.jpg 158 1265.81 873.04 1015.53 691.53 500.56 363.02
6901844710114-back_camera2-30.jpg 158 1265.72 874.18 1030.58 730.78 470.29 286.8
6901844710114-back_camera2-31.jpg 158 1271.66 876.49 1020.75 697.78 501.83 357.41
6901844710114-back_camera2-2.jpg 158 1281.09 887.56 1077.42 623.46 407.34 528.19
6901844710114-back_camera2-32.jpg 158 1257.8 879.13 982.33 666.85 550.93 424.56
6901844710114-back_camera2-35.jpg 158 1269.54 886.41 1010.6 623.4 517.87 526.02
6901844710114-back_camera2-33.jpg 158 1264.39 882.88 994.55 649.55 539.68 466.66
6901844710114-back_camera2-3.jpg 158 1282.93 886.69 1054.58 620.48 456.7 532.43
6901844710114-back_camera2-34.jpg 158 1263.99 885.98 992.6 632.82 542.78 506.31
6901844710114-back_camera2-39.jpg 158 1271.02 885.29 1105.82 643.94 330.4 482.69
6901844710114-back_camera2-38.jpg 158 1269.65 892.11 1084.05 635.91 371.21 512.39
6901844710114-back_camera2-36.jpg 158 1264.96 889.23 1018.38 617.58 493.16 543.3
6901844710114-back_camera2-37.jpg 158 1268.08 883.19 1058.38 614.87 419.39 536.64
6901844710114-back_camera2-4.jpg 158 1285.22 884.21 1039.87 617.93 490.7 532.56
6901844710114-back_camera2-5.jpg 158 1290.83 885.81 1031.56 626.54 518.54 518.54
6901844710114-back_camera2-40.jpg 158 1277.09 882.06 1123.76 641.93 306.65 480.27
6901844710114-back_camera2-6.jpg 158 1285.85 880.97 1017.4 635.63 536.89 490.68
6901844710114-back_camera2-9.jpg 158 1288.52 880.21 1038.3 704.73 500.45 350.96
6901844710114-back_camera2-8.jpg 158 1288.16 880.03 1025.57 676.98 525.18 406.1
6901844710114-back_camera2-7.jpg 158 1292.6 884.41 1023.02 653.68 539.16 461.46
6901844710114-back_camera3-14.jpg 158 1386.87 1456.98 1060.04 1312.32 653.65 289.32
6901844710114-back_camera3-10.jpg 158 1383.89 1452.91 1162.59 1316.8 442.61 272.22
6901844710114-back_camera3-15.jpg 158 1388.42 1454.19 1053.32 1315.75 670.2 276.88
6901844710114-back_camera3-12.jpg 158 1389.34 1457.64 1107.87 1312.55 562.95 290.19
6901844710114-back_camera3-17.jpg 158 1379.23 1448.22 1052.85 1332.58 652.76 231.28
6901844710114-back_camera3-16.jpg 158 1385.2 1455.56 1048.22 1329.49 673.96 252.13
6901844710114-back_camera3-18.jpg 158 1383.87 1437.7 1066.91 1336.24 633.92 202.93
6901844710114-back_camera3-20.jpg 158 1407.59 1437.15 1085.98 1355.51 643.22 163.29
6901844710114-back_camera3-1.jpg 158 1354.22 1431.53 1032.31 1319.73 643.82 223.59
6901844710114-back_camera3-22.jpg 158 1404.49 1439.83 1066.3 1345.89 676.38 187.88
6901844710114-back_camera3-21.jpg 158 1411.07 1441.24 1087.58 1356.29 646.99 169.9
6901844710114-back_camera3-23.jpg 158 1398.74 1442.65 1075.02 1334.42 647.45 216.46
6901844710114-back_camera3-24.jpg 158 1391.21 1438.04 1074.85 1329.41 632.72 217.25
6901844710114-back_camera3-25.jpg 158 1382.64 1433.75 1080.3 1324.65 604.69 218.19
6901844710114-back_camera3-29.jpg 158 1388.42 1429.7 1192.12 1325.34 392.61 208.73
6901844710114-back_camera3-28.jpg 158 1374.2 1431.91 1161.61 1313.05 425.19 237.72
6901844710114-back_camera3-27.jpg 158 1374.35 1431.84 1124.99 1327.64 498.72 208.39
6901844710114-back_camera3-26.jpg 158 1386.95 1432.2 1113.07 1324.82 547.77 214.76
6901844710114-back_camera3-30.jpg 158 1403.46 1432.31 1183.93 1333.45 439.05 197.71
6901844710114-back_camera3-34.jpg 158 1368.9 1433.8 1049.48 1333.21 638.84 201.17
6901844710114-back_camera3-2.jpg 158 1342.07 1432.49 1009.2 1303.48 665.74 258.02
6901844710114-back_camera3-32.jpg 158 1391.7 1432.99 1106.39 1320.47 570.61 225.03
6901844710114-back_camera3-31.jpg 158 1400.57 1435.66 1151.61 1331.0 497.93 209.32
6901844710114-back_camera3-35.jpg 158 1362.26 1433.52 1028.31 1336.55 667.9 193.94
6901844710114-back_camera3-33.jpg 158 1378.28 1437.96 1072.8 1323.56 610.97 228.81
6901844710114-back_camera3-38.jpg 158 1331.22 1425.87 1022.84 1348.25 616.75 155.23
6901844710114-back_camera3-37.jpg 158 1341.64 1431.38 1022.11 1345.75 639.06 171.26
6901844710114-back_camera3-36.jpg 158 1350.54 1429.7 1022.96 1337.28 655.15 184.85
6901844710114-back_camera3-39.jpg 158 1349.06 1421.79 1041.17 1326.63 615.78 190.31
6901844710114-back_camera3-5.jpg 158 1326.65 1445.67 1020.66 1294.45 611.99 302.44
6901844710114-back_camera3-40.jpg 158 1357.8 1426.42 1049.72 1325.07 616.15 202.7
6901844710114-back_camera3-3.jpg 158 1338.68 1439.99 1012.81 1301.23 651.75 277.51
6901844710114-back_camera3-6.jpg 158 1322.16 1448.75 1031.43 1298.83 581.46 299.84
6901844710114-back_camera3-4.jpg 158 1331.59 1443.97 1008.98 1302.15 645.21 283.64
6901844710114-back_camera3-7.jpg 158 1328.53 1444.77 1078.77 1296.5 499.52 296.54
6901844710114-back_camera3-8.jpg 158 1319.84 1449.36 1092.24 1310.0 455.19 278.71
6901844710114-back_camera3-9.jpg 158 1356.63 1444.82 1155.71 1312.21 401.84 265.21
6901844710114_camera0-10.jpg 158 1364.98 1289.09 1114.88 1218.41 500.2 141.36
6901844710114_camera0-11.jpg 158 1378.41 1288.25 1162.3 1217.08 432.22 142.34
6901844710114_camera0-12.jpg 158 1421.05 1288.9 1224.64 1220.94 392.82 135.92
6901844710114_camera0-14.jpg 158 1456.74 1291.79 1198.48 1228.59 516.51 126.41
6901844710114_camera0-13.jpg 158 1446.22 1288.2 1220.76 1219.72 450.92 136.97
6901844710114_camera0-16.jpg 158 1466.36 1291.99 1150.95 1220.88 630.81 142.21
6901844710114_camera0-15.jpg 158 1465.03 1294.09 1172.79 1229.52 584.47 129.13
6901844710114_camera0-18.jpg 158 1465.68 1294.64 1139.02 1232.8 653.33 123.69
6901844710114_camera0-17.jpg 158 1461.52 1296.55 1139.16 1235.38 644.72 122.34
6901844710114_camera0-19.jpg 158 1450.22 1293.54 1129.44 1239.17 641.55 108.74
6901844710114_camera0-20.jpg 158 1451.37 1284.75 1132.48 1225.94 637.78 117.62
6901844710114_camera0-23.jpg 158 1474.64 1279.85 1165.41 1240.43 618.45 78.84
6901844710114_camera0-22.jpg 158 1465.11 1275.99 1151.3 1222.04 627.61 107.91
6901844710114_camera0-24.jpg 158 1462.18 1278.59 1135.8 1237.96 652.76 81.26
6901844710114_camera0-25.jpg 158 1454.13 1274.97 1124.18 1233.39 659.9 83.16
6901844710114_camera0-26.jpg 158 1440.28 1280.52 1119.5 1241.78 641.55 77.48
6901844710114_camera0-29.jpg 158 1402.84 1282.17 1133.61 1232.61 538.46 99.12
6901844710114_camera0-32.jpg 158 1403.34 1287.24 1213.66 1222.63 379.36 129.21
6901844710114_camera0-27.jpg 158 1424.29 1279.48 1112.79 1231.56 623.0 95.85
6901844710114_camera0-30.jpg 158 1392.57 1278.12 1147.39 1219.31 490.35 117.62
6901844710114_camera0-31.jpg 158 1388.58 1283.69 1190.81 1232.72 395.54 101.94
6901844710114_camera0-34.jpg 158 1399.81 1292.03 1141.96 1235.77 515.69 112.51
6901844710114_camera0-33.jpg 158 1410.25 1286.97 1199.95 1234.3 420.6 105.34
6901844710114_camera0-36.jpg 158 1377.03 1292.45 1081.29 1234.57 591.49 115.76
6901844710114_camera0-35.jpg 158 1391.74 1292.62 1102.03 1233.16 579.43 118.93
6901844710114_camera0-39.jpg 158 1341.05 1294.42 1013.77 1241.74 654.55 105.37
6901844710114_camera0-37.jpg 158 1374.41 1290.42 1064.71 1232.85 619.41 115.15
6901844710114_camera0-38.jpg 158 1351.62 1293.78 1031.04 1233.92 641.16 119.72
6901844710114_camera0-40.jpg 158 1352.32 1294.72 1045.81 1245.11 613.01 99.22
6901844710114_camera0-5.jpg 158 1360.41 1281.59 1024.65 1220.98 671.53 121.22
6901844710114_camera0-3.jpg 158 1356.82 1276.69 1053.71 1230.48 606.22 92.43
6901844710114_camera0-4.jpg 158 1365.04 1278.09 1043.13 1220.21 643.82 115.76
6901844710114_camera0-9.jpg 158 1364.54 1287.56 1077.26 1215.43 574.56 144.25
6901844710114_camera0-6.jpg 158 1361.13 1288.47 1022.79 1218.49 676.69 139.96
6901844710114_camera0-8.jpg 158 1356.73 1286.52 1044.19 1215.68 625.08 141.68
6901844710114_camera0-7.jpg 158 1366.76 1284.3 1044.04 1216.72 645.44 135.15
6901844710114_camera1-10.jpg 158 1247.7 1201.37 1038.99 938.99 417.42 524.76
6901844710114_camera1-12.jpg 158 1287.37 1204.41 1079.47 967.52 415.8 473.78
6901844710114_camera1-11.jpg 158 1273.61 1202.01 1096.03 982.61 355.16 438.8
6901844710114_camera1-15.jpg 158 1315.69 1208.87 1030.78 968.36 569.82 481.02
6901844710114_camera1-13.jpg 158 1296.49 1211.87 1057.94 967.52 477.09 488.69
6901844710114_camera1-14.jpg 158 1289.44 1213.3 1018.12 962.84 542.65 500.91
6901844710114_camera1-16.jpg 158 1309.33 1202.43 1010.53 967.88 597.59 469.1
6901844710114_camera1-1.jpg 158 1205.55 1154.83 928.09 1021.26 554.92 267.13
6901844710114_camera1-17.jpg 158 1310.22 1194.77 1010.14 975.57 600.17 438.39
6901844710114_camera1-18.jpg 158 1310.43 1181.62 1005.07 974.83 610.72 413.59
6901844710114_camera1-19.jpg 158 1304.68 1166.06 1017.67 1002.7 574.03 326.71
6901844710114_camera1-25.jpg 158 1295.72 1123.62 994.34 918.24 602.75 410.77
6901844710114_camera1-23.jpg 158 1316.72 1143.95 1014.62 972.21 604.21 343.49
6901844710114_camera1-20.jpg 158 1303.61 1157.01 1030.4 1013.61 546.41 286.8
6901844710114_camera1-21.jpg 158 1315.53 1148.09 1038.06 1018.87 554.95 258.43
6901844710114_camera1-24.jpg 158 1307.36 1129.05 1002.5 944.8 609.71 368.5
6901844710114_camera1-22.jpg 158 1323.29 1137.31 1037.06 994.59 572.46 285.44
6901844710114_camera1-26.jpg 158 1281.43 1121.71 981.87 903.32 599.13 436.78
6901844710114_camera1-27.jpg 158 1276.43 1122.57 998.92 905.32 555.02 434.5
6901844710114_camera1-2.jpg 158 1217.12 1162.33 930.63 999.81 572.99 325.04
6901844710114_camera1-29.jpg 158 1255.89 1120.74 1026.46 901.25 458.87 438.99
6901844710114_camera1-28.jpg 158 1264.41 1122.49 1010.47 907.33 507.89 430.32
6901844710114_camera1-30.jpg 158 1250.68 1125.34 1044.95 906.19 411.46 438.29
6901844710114_camera1-33.jpg 158 1246.87 1136.99 1020.1 907.84 453.53 458.29
6901844710114_camera1-31.jpg 158 1254.91 1126.89 1085.71 923.84 338.41 406.1
6901844710114_camera1-32.jpg 158 1258.03 1132.56 1059.57 912.74 396.93 439.64
6901844710114_camera1-36.jpg 158 1221.59 1145.36 931.21 923.85 580.75 443.02
6901844710114_camera1-34.jpg 158 1237.59 1140.3 979.9 907.19 515.37 466.21
6901844710114_camera1-35.jpg 158 1224.42 1143.94 938.66 912.85 571.52 462.18
6901844710114_camera1-3.jpg 158 1214.42 1173.16 913.63 983.03 601.58 380.27
6901844710114_camera1-39.jpg 158 1200.6 1154.46 911.08 983.88 579.03 341.17
6901844710114_camera1-40.jpg 158 1199.75 1164.08 909.5 1012.93 580.5 302.3
6901844710114_camera1-38.jpg 158 1210.2 1151.36 908.02 947.62 604.37 407.47
6901844710114_camera1-37.jpg 158 1216.26 1149.12 916.26 934.17 600.0 429.9
6901844710114_camera1-7.jpg 158 1218.51 1202.19 933.05 951.28 570.93 501.83
6901844710114_camera1-4.jpg 158 1218.86 1183.2 912.45 963.01 612.82 440.39
6901844710114_camera1-9.jpg 158 1234.43 1200.48 1000.03 948.89 468.81 503.19
6901844710114_camera1-5.jpg 158 1210.42 1190.93 880.96 941.97 658.93 497.93
6901844710114_camera1-8.jpg 158 1229.55 1205.43 961.23 952.9 536.64 505.07
6901844710114_camera1-6.jpg 158 1217.89 1195.65 916.67 951.4 602.44 488.5
6901844710114_camera2-10.jpg 158 1320.24 880.84 1068.59 701.42 503.3 358.84
6901844710114_camera2-11.jpg 158 1318.99 862.15 1076.98 703.0 484.03 318.3
6901844710114_camera2-13.jpg 158 1319.05 850.3 1052.5 647.59 533.1 405.41
6901844710114_camera2-12.jpg 158 1318.85 850.72 1061.25 674.3 515.2 352.85
6901844710114_camera2-14.jpg 158 1314.14 846.76 1045.19 621.0 537.9 451.52
6901844710114_camera2-15.jpg 158 1310.53 841.67 1028.52 593.95 564.01 495.43
6901844710114_camera2-16.jpg 158 1306.4 826.83 1044.85 556.25 523.11 541.15
6901844710114_camera2-19.jpg 158 1282.4 827.14 1088.11 568.43 388.58 517.42
6901844710114_camera2-18.jpg 158 1290.13 828.92 1051.45 565.11 477.37 527.62
6901844710114_camera2-21.jpg 158 1268.91 827.52 1121.08 591.96 295.67 471.11
6901844710114_camera2-20.jpg 158 1277.02 831.42 1103.8 581.93 346.45 498.98
6901844710114_camera2-1.jpg 158 1276.35 918.27 1121.78 674.86 309.14 486.83
6901844710114_camera2-23.jpg 158 1254.39 833.69 1058.08 572.72 392.62 521.94
6901844710114_camera2-24.jpg 158 1244.3 834.98 1011.55 556.68 465.5 556.61
6901844710114_camera2-25.jpg 158 1243.78 840.71 999.82 572.35 487.91 536.71
6901844710114_camera2-22.jpg 158 1261.39 825.63 1084.47 567.5 353.84 516.27
6901844710114_camera2-28.jpg 158 1226.92 858.2 948.08 621.45 557.68 473.5
6901844710114_camera2-26.jpg 158 1236.26 846.5 974.61 584.85 523.3 523.3
6901844710114_camera2-27.jpg 158 1233.92 852.53 964.36 600.55 539.13 503.97
6901844710114_camera2-31.jpg 158 1227.59 879.12 992.83 735.82 469.52 286.6
6901844710114_camera2-29.jpg 158 1227.21 862.39 964.94 655.78 524.54 413.22
6901844710114_camera2-2.jpg 158 1287.61 918.18 1114.38 662.59 346.46 511.17
6901844710114_camera2-30.jpg 158 1227.29 870.47 976.14 695.21 502.3 350.51
6901844710114_camera2-33.jpg 158 1233.12 892.7 962.55 681.07 541.15 423.26
6901844710114_camera2-32.jpg 158 1229.53 886.52 976.77 714.24 505.53 344.57
6901844710114_camera2-35.jpg 158 1235.52 909.96 957.21 652.34 556.62 515.23
6901844710114_camera2-34.jpg 158 1234.98 902.7 965.91 671.03 538.15 463.35
6901844710114_camera2-38.jpg 158 1253.41 926.1 1018.18 649.45 470.47 553.3
6901844710114_camera2-36.jpg 158 1241.78 915.22 979.45 652.89 524.66 524.66
6901844710114_camera2-5.jpg 158 1309.05 913.12 1059.46 638.53 499.17 549.18
6901844710114_camera2-39.jpg 158 1259.21 923.61 1063.05 665.6 392.33 516.02
6901844710114_camera2-3.jpg 158 1297.65 917.42 1099.21 655.09 396.89 524.66
6901844710114_camera2-40.jpg 158 1269.14 918.75 1089.64 663.72 359.01 510.06
6901844710114_camera2-37.jpg 158 1249.85 915.46 999.97 642.72 499.75 545.47
6901844710114_camera2-4.jpg 158 1310.57 919.47 1082.79 644.48 455.56 549.98
6901844710114_camera2-6.jpg 158 1311.14 905.95 1052.88 642.94 516.51 526.02
6901844710114_camera2-8.jpg 158 1321.06 895.59 1051.45 657.87 539.22 475.44
6901844710114_camera2-9.jpg 158 1317.42 889.12 1053.05 682.52 528.74 413.2
6901844710114_camera2-7.jpg 158 1316.74 901.88 1048.09 649.68 537.31 504.4
6901844710114_camera3-13.jpg 158 1428.89 1474.07 1139.94 1341.31 577.91 265.53
6901844710114_camera3-14.jpg 158 1437.47 1475.79 1133.8 1339.41 607.35 272.75
6901844710114_camera3-17.jpg 158 1431.0 1456.36 1106.32 1340.73 649.37 231.26
6901844710114_camera3-15.jpg 158 1426.05 1471.23 1090.24 1341.31 671.62 259.85
6901844710114_camera3-16.jpg 158 1429.23 1464.2 1099.72 1340.41 659.02 247.58
6901844710114_camera3-18.jpg 158 1422.18 1452.51 1105.82 1353.4 632.72 198.22
6901844710114_camera3-20.jpg 158 1447.17 1432.67 1137.94 1354.39 618.46 156.55
6901844710114_camera3-19.jpg 158 1432.21 1440.0 1125.03 1357.85 614.36 164.31
6901844710114_camera3-1.jpg 158 1335.88 1438.43 1024.18 1344.03 623.39 188.8
6901844710114_camera3-21.jpg 158 1446.46 1432.35 1130.37 1357.24 632.18 150.22
6901844710114_camera3-23.jpg 158 1427.76 1427.94 1100.3 1337.55 654.92 180.78
6901844710114_camera3-22.jpg 158 1438.27 1425.59 1115.46 1340.76 645.62 169.66
6901844710114_camera3-24.jpg 158 1409.72 1422.25 1088.82 1321.43 641.8 201.63
6901844710114_camera3-26.jpg 158 1389.54 1428.3 1097.69 1319.37 583.69 217.86
6901844710114_camera3-25.jpg 158 1398.93 1428.52 1088.01 1323.67 621.84 209.7
6901844710114_camera3-27.jpg 158 1376.38 1427.06 1110.76 1315.26 531.23 223.59
6901844710114_camera3-29.jpg 158 1360.54 1422.68 1156.07 1311.22 408.94 222.93
6901844710114_camera3-2.jpg 158 1335.97 1447.46 1007.47 1337.15 656.99 220.61
6901844710114_camera3-30.jpg 158 1379.15 1435.63 1197.02 1324.86 364.27 221.55
6901844710114_camera3-34.jpg 158 1349.49 1443.78 1054.62 1317.05 589.74 253.46
6901844710114_camera3-36.jpg 158 1334.87 1450.5 1013.75 1334.74 642.23 231.52
6901844710114_camera3-35.jpg 158 1342.07 1447.74 1024.21 1324.73 635.72 246.02
6901844710114_camera3-39.jpg 158 1303.11 1442.12 996.64 1353.5 612.93 177.25
6901844710114_camera3-37.jpg 158 1323.14 1450.89 997.61 1342.83 651.07 216.12
6901844710114_camera3-3.jpg 158 1330.72 1453.16 1003.13 1330.44 655.18 245.45
6901844710114_camera3-38.jpg 158 1315.0 1448.62 995.51 1349.92 638.98 197.41
6901844710114_camera3-4.jpg 158 1328.25 1462.27 997.62 1327.48 661.26 269.58
6901844710114_camera3-40.jpg 158 1320.16 1434.31 1013.46 1351.55 613.41 165.52
6901844710114_camera3-5.jpg 158 1329.43 1458.77 1003.7 1317.46 651.45 282.61
6901844710114_camera3-6.jpg 158 1333.99 1457.47 1027.94 1306.03 612.1 302.88
