6920181360936-back_camera0-11.jpg 159 1448.89 1265.45 1085.28 1153.99 727.22 222.92
6920181360936-back_camera0-10.jpg 159 1371.35 1260.33 1017.56 1153.27 707.58 214.12
6920181360936-back_camera0-15.jpg 159 1468.09 1247.72 998.05 1151.97 940.08 191.5
6920181360936-back_camera0-12.jpg 159 1489.15 1255.81 1129.06 1148.79 720.19 214.04
6920181360936-back_camera0-14.jpg 159 1485.18 1257.85 1045.95 1152.8 878.45 210.1
6920181360936-back_camera0-13.jpg 159 1482.09 1252.79 1082.24 1150.19 799.7 205.19
6920181360936-back_camera0-16.jpg 159 1466.49 1257.07 993.08 1153.82 946.82 206.49
6920181360936-back_camera0-17.jpg 159 1449.2 1250.15 963.86 1142.3 970.68 215.71
6920181360936-back_camera0-21.jpg 159 1426.37 1243.73 986.08 1148.02 880.58 191.43
6920181360936-back_camera0-18.jpg 159 1435.16 1253.81 955.76 1153.4 958.81 200.81
6920181360936-back_camera0-19.jpg 159 1418.65 1254.54 945.24 1156.34 946.82 196.41
6920181360936-back_camera0-20.jpg 159 1395.97 1252.8 948.31 1150.84 895.32 203.93
6920181360936-back_camera0-22.jpg 159 1441.31 1235.69 1016.47 1134.41 849.68 202.55
6920181360936-back_camera0-26.jpg 159 1404.8 1249.51 937.68 1148.79 934.23 201.45
6920181360936-back_camera0-24.jpg 159 1439.51 1249.65 984.15 1149.25 910.73 200.81
6920181360936-back_camera0-23.jpg 159 1459.12 1245.94 1013.28 1146.68 891.69 198.52
6920181360936-back_camera0-1.jpg 159 1347.92 1268.57 919.14 1173.87 857.57 189.4
6920181360936-back_camera0-25.jpg 159 1419.91 1253.28 960.35 1153.82 919.12 198.93
6920181360936-back_camera0-28.jpg 159 1367.27 1251.82 930.05 1150.35 874.44 202.94
6920181360936-back_camera0-2.jpg 159 1376.4 1259.0 944.62 1160.45 863.56 197.1
6920181360936-back_camera0-30.jpg 159 1359.47 1253.29 1013.23 1161.38 692.49 183.82
6920181360936-back_camera0-29.jpg 159 1354.51 1250.15 940.19 1142.3 828.63 215.71
6920181360936-back_camera0-31.jpg 159 1355.29 1253.52 1032.87 1146.16 644.84 214.71
6920181360936-back_camera0-32.jpg 159 1407.15 1255.32 1072.7 1161.98 668.91 186.67
6920181360936-back_camera0-34.jpg 159 1405.65 1261.53 966.43 1154.83 878.45 213.41
6920181360936-back_camera0-33.jpg 159 1395.27 1254.11 1021.73 1152.83 747.08 202.55
6920181360936-back_camera0-35.jpg 159 1392.2 1260.84 950.27 1156.34 883.87 209.01
6920181360936-back_camera0-39.jpg 159 1348.04 1264.34 860.7 1161.08 974.68 206.52
6920181360936-back_camera0-3.jpg 159 1387.38 1258.05 966.49 1152.83 841.79 210.45
6920181360936-back_camera0-40.jpg 159 1343.11 1260.85 889.84 1161.38 906.53 198.93
6920181360936-back_camera0-36.jpg 159 1386.09 1268.35 898.19 1164.41 975.79 207.88
6920181360936-back_camera0-38.jpg 159 1367.02 1267.14 882.28 1163.9 969.48 206.49
6920181360936-back_camera0-5.jpg 159 1397.86 1267.15 912.19 1155.84 971.33 222.63
6920181360936-back_camera0-4.jpg 159 1397.9 1254.11 921.77 1152.83 952.27 202.55
6920181360936-back_camera0-8.jpg 159 1373.44 1266.89 938.88 1162.04 869.12 209.7
6920181360936-back_camera0-6.jpg 159 1389.69 1272.18 915.02 1168.93 949.34 206.49
6920181360936-back_camera0-7.jpg 159 1379.7 1266.12 916.02 1157.65 927.37 216.95
6920181360936-back_camera0-9.jpg 159 1386.07 1261.99 1000.69 1144.93 770.76 234.12
6920181360936-back_camera1-10.jpg 159 1294.0 1180.97 980.64 879.22 626.72 603.51
6920181360936-back_camera1-12.jpg 159 1324.22 1182.78 960.35 859.2 727.74 647.16
6920181360936-back_camera1-13.jpg 159 1311.38 1185.42 914.7 858.04 793.36 654.77
6920181360936-back_camera1-11.jpg 159 1319.53 1181.11 995.28 879.19 648.5 603.83
6920181360936-back_camera1-16.jpg 159 1292.74 1171.45 849.55 846.61 886.38 649.68
6920181360936-back_camera1-17.jpg 159 1283.58 1155.32 839.39 846.78 888.38 617.07
6920181360936-back_camera1-18.jpg 159 1278.22 1146.25 848.12 860.83 860.2 570.84
6920181360936-back_camera1-15.jpg 159 1305.34 1179.01 879.77 839.06 851.13 679.9
6920181360936-back_camera1-19.jpg 159 1262.28 1140.68 848.93 887.94 826.69 505.47
6920181360936-back_camera1-1.jpg 159 1233.5 1177.82 832.33 942.38 802.33 470.87
6920181360936-back_camera1-20.jpg 159 1267.56 1124.87 877.25 902.01 780.62 445.71
6920181360936-back_camera1-21.jpg 159 1307.72 1127.03 919.78 890.6 775.88 472.86
6920181360936-back_camera1-22.jpg 159 1302.78 1134.38 900.34 878.01 804.87 512.74
6920181360936-back_camera1-24.jpg 159 1270.32 1144.93 834.96 826.63 870.72 636.6
6920181360936-back_camera1-25.jpg 159 1257.48 1157.61 831.92 826.47 851.13 662.27
6920181360936-back_camera1-26.jpg 159 1247.04 1152.77 821.46 807.29 851.16 690.96
6920181360936-back_camera1-27.jpg 159 1234.81 1154.14 827.07 816.11 815.48 676.06
6920181360936-back_camera1-29.jpg 159 1214.68 1151.31 877.25 839.06 674.86 624.5
6920181360936-back_camera1-2.jpg 159 1254.59 1186.07 852.15 913.94 804.87 544.26
6920181360936-back_camera1-30.jpg 159 1204.56 1144.93 900.73 852.94 607.66 583.99
6920181360936-back_camera1-31.jpg 159 1256.78 1136.26 962.31 840.96 588.94 590.6
6920181360936-back_camera1-28.jpg 159 1222.24 1151.31 852.07 823.95 740.33 654.72
6920181360936-back_camera1-34.jpg 159 1234.82 1169.92 811.29 818.74 847.05 702.37
6920181360936-back_camera1-32.jpg 159 1254.26 1154.37 900.91 824.05 706.69 660.63
6920181360936-back_camera1-33.jpg 159 1244.67 1151.97 847.17 803.79 795.01 696.36
6920181360936-back_camera1-35.jpg 159 1244.89 1171.45 819.33 823.95 851.13 695.01
6920181360936-back_camera1-38.jpg 159 1208.51 1173.87 763.94 873.98 889.14 599.77
6920181360936-back_camera1-37.jpg 159 1216.54 1168.11 764.08 835.59 904.92 665.04
6920181360936-back_camera1-3.jpg 159 1248.03 1196.97 821.66 893.63 852.75 606.68
6920181360936-back_camera1-36.jpg 159 1227.27 1168.93 779.04 826.47 896.46 684.93
6920181360936-back_camera1-40.jpg 159 1207.19 1164.66 811.29 918.7 791.8 491.92
6920181360936-back_camera1-5.jpg 159 1242.38 1205.44 794.15 849.13 896.46 712.63
6920181360936-back_camera1-39.jpg 159 1210.05 1166.17 791.22 886.31 837.65 559.72
6920181360936-back_camera1-4.jpg 159 1233.49 1201.49 787.61 855.57 891.77 691.84
6920181360936-back_camera1-6.jpg 159 1236.72 1211.61 803.28 851.7 866.89 719.82
6920181360936-back_camera1-7.jpg 159 1237.34 1204.18 841.99 844.09 790.69 720.19
6920181360936-back_camera2-10.jpg 159 1288.74 848.99 950.71 592.51 676.06 512.96
6920181360936-back_camera1-9.jpg 159 1248.11 1191.12 923.86 862.74 648.5 656.77
6920181360936-back_camera2-12.jpg 159 1300.06 843.33 935.2 537.26 729.72 612.14
6920181360936-back_camera1-8.jpg 159 1241.12 1195.37 877.25 846.61 727.74 697.52
6920181360936-back_camera2-11.jpg 159 1299.26 842.42 961.23 563.58 676.06 557.68
6920181360936-back_camera2-14.jpg 159 1284.82 841.87 889.43 470.47 790.77 742.8
6920181360936-back_camera2-13.jpg 159 1291.87 843.62 897.5 498.28 788.73 690.67
6920181360936-back_camera2-17.jpg 159 1274.27 839.79 916.51 439.94 715.52 799.7
6920181360936-back_camera2-16.jpg 159 1273.86 845.35 894.88 453.78 757.96 783.14
6920181360936-back_camera2-15.jpg 159 1284.81 849.09 893.79 469.38 782.04 759.42
6920181360936-back_camera2-1.jpg 159 1304.08 896.97 1053.52 574.65 501.11 644.64
6920181360936-back_camera2-19.jpg 159 1251.91 851.62 942.82 479.4 618.19 744.45
6920181360936-back_camera2-18.jpg 159 1262.72 852.36 915.31 458.63 694.82 787.46
6920181360936-back_camera2-20.jpg 159 1246.63 855.44 974.4 504.73 544.46 701.43
6920181360936-back_camera2-21.jpg 159 1246.49 850.71 972.42 507.2 548.15 687.02
6920181360936-back_camera2-28.jpg 159 1243.63 886.9 857.1 546.95 773.07 679.9
6920181360936-back_camera2-22.jpg 159 1246.62 858.28 951.77 500.49 589.71 715.58
6920181360936-back_camera2-25.jpg 159 1244.02 872.66 861.27 471.5 765.5 802.33
6920181360936-back_camera2-27.jpg 159 1246.15 874.31 847.03 506.66 798.25 735.3
6920181360936-back_camera2-23.jpg 159 1245.19 861.64 904.4 473.7 681.59 775.88
6920181360936-back_camera2-31.jpg 159 1247.94 898.56 921.87 640.97 652.14 515.17
6920181360936-back_camera2-24.jpg 159 1244.01 858.2 874.42 455.72 739.19 804.96
6920181360936-back_camera2-30.jpg 159 1246.16 889.41 907.47 627.53 677.38 523.77
6920181360936-back_camera2-2.jpg 159 1305.01 897.01 1008.64 540.38 592.73 713.26
6920181360936-back_camera2-32.jpg 159 1256.29 890.83 881.99 565.86 748.59 649.93
6920181360936-back_camera2-33.jpg 159 1260.01 907.04 879.77 574.65 760.48 664.79
6920181360936-back_camera2-34.jpg 159 1257.17 897.66 858.64 518.86 797.07 757.61
6920181360936-back_camera2-35.jpg 159 1263.2 909.37 876.31 515.73 773.79 787.27
6920181360936-back_camera2-36.jpg 159 1270.08 903.27 892.36 511.7 755.44 783.14
6920181360936-back_camera2-37.jpg 159 1274.27 902.92 905.99 500.44 736.56 804.96
6920181360936-back_camera2-38.jpg 159 1286.44 910.82 950.27 521.77 672.34 778.1
6920181360936-back_camera2-6.jpg 159 1297.95 870.04 898.1 476.77 799.7 786.54
6920181360936-back_camera2-5.jpg 159 1304.52 875.3 911.25 479.4 786.54 791.81
6920181360936-back_camera2-3.jpg 159 1306.6 899.49 972.94 526.81 667.31 745.37
6920181360936-back_camera2-8.jpg 159 1292.74 868.02 909.98 544.44 765.51 647.16
6920181360936-back_camera2-39.jpg 159 1279.53 901.61 971.75 529.38 615.56 744.45
6920181360936-back_camera2-40.jpg 159 1291.1 899.54 1015.46 531.05 551.28 736.98
6920181360936-back_camera2-9.jpg 159 1295.29 859.11 931.14 569.2 728.3 579.81
6920181360936-back_camera2-7.jpg 159 1304.53 867.4 900.73 503.07 807.59 728.67
6920181360936-back_camera2-4.jpg 159 1307.24 893.12 930.87 498.82 752.75 788.59
6920181360936-back_camera3-11.jpg 159 1458.12 1434.12 1050.66 1256.89 814.92 354.47
6920181360936-back_camera3-12.jpg 159 1447.61 1442.15 1010.71 1267.14 873.79 350.02
6920181360936-back_camera3-10.jpg 159 1449.2 1431.67 1076.98 1260.68 744.45 341.98
6920181360936-back_camera3-13.jpg 159 1438.68 1429.04 966.49 1250.16 944.38 357.76
6920181360936-back_camera3-16.jpg 159 1399.77 1427.04 922.58 1262.1 954.37 329.88
6920181360936-back_camera3-14.jpg 159 1430.72 1437.56 952.0 1256.67 957.44 361.78
6920181360936-back_camera3-15.jpg 159 1413.69 1429.04 927.03 1255.42 973.32 347.24
6920181360936-back_camera3-17.jpg 159 1388.41 1421.83 925.27 1264.86 926.29 313.95
6920181360936-back_camera3-18.jpg 159 1388.43 1414.46 962.87 1272.18 851.13 284.55
6920181360936-back_camera3-23.jpg 159 1393.96 1419.83 924.4 1250.16 939.12 339.34
6920181360936-back_camera3-22.jpg 159 1424.98 1408.66 957.43 1242.03 935.11 333.26
6920181360936-back_camera3-1.jpg 159 1384.91 1444.84 941.1 1288.92 887.63 311.83
6920181360936-back_camera3-24.jpg 159 1374.59 1415.71 907.47 1239.44 934.23 352.54
6920181360936-back_camera3-21.jpg 159 1429.48 1410.62 984.91 1258.05 889.14 305.15
6920181360936-back_camera3-19.jpg 159 1402.16 1409.29 982.79 1266.19 838.75 286.2
6920181360936-back_camera3-20.jpg 159 1421.16 1401.86 993.08 1267.14 856.17 269.44
6920181360936-back_camera3-2.jpg 159 1375.84 1447.18 915.02 1274.69 921.64 344.98
6920181360936-back_camera3-30.jpg 159 1371.69 1415.87 1039.14 1249.59 665.09 332.55
6920181360936-back_camera3-35.jpg 159 1345.36 1439.26 858.98 1245.7 972.75 387.11
6920181360936-back_camera3-3.jpg 159 1379.62 1458.52 902.43 1272.18 954.37 372.68
6920181360936-back_camera3-37.jpg 159 1328.68 1435.71 854.22 1261.77 948.92 347.89
6920181360936-back_camera3-40.jpg 159 1369.55 1438.37 935.17 1292.32 868.76 292.1
6920181360936-back_camera3-39.jpg 159 1324.57 1436.88 884.28 1290.11 880.58 293.53
6920181360936-back_camera3-36.jpg 159 1320.31 1435.62 832.33 1250.16 975.95 370.91
6920181360936-back_camera3-38.jpg 159 1318.11 1434.31 867.79 1277.34 900.63 313.95
6920181360936-back_camera3-4.jpg 159 1358.21 1461.04 882.28 1267.14 951.86 387.79
6920181360936-back_camera3-5.jpg 159 1341.35 1465.87 869.16 1260.68 944.38 410.37
6920181360936-back_camera3-6.jpg 159 1346.53 1463.13 890.56 1251.47 911.95 423.33
6920181360936-back_camera3-8.jpg 159 1368.05 1448.83 1026.37 1258.8 683.36 380.05
6920181360936-back_camera3-9.jpg 159 1421.16 1439.63 1091.29 1269.66 659.75 339.95
6920181360936-back_camera3-7.jpg 159 1366.9 1459.2 995.38 1266.46 743.05 385.47
6920181360936_camera0-13.jpg 159 1458.45 1269.18 1053.97 1160.0 808.97 218.37
6920181360936_camera0-11.jpg 159 1366.34 1264.63 1008.58 1155.46 715.52 218.34
6920181360936_camera0-10.jpg 159 1310.37 1268.39 930.13 1156.34 760.48 224.11
6920181360936_camera0-12.jpg 159 1443.36 1266.22 1092.09 1156.2 702.54 220.03
6920181360936_camera0-14.jpg 159 1461.04 1265.94 1013.84 1158.09 894.4 215.71
6920181360936_camera0-16.jpg 159 1468.81 1272.68 965.72 1163.97 1006.17 217.43
6920181360936_camera0-17.jpg 159 1463.97 1269.65 980.49 1171.45 966.96 196.41
6920181360936_camera0-15.jpg 159 1478.14 1267.26 998.06 1160.72 960.16 213.08
6920181360936_camera0-19.jpg 159 1461.67 1263.48 991.01 1158.43 941.32 210.1
6920181360936_camera0-25.jpg 159 1478.82 1256.4 994.93 1159.62 967.79 193.56
6920181360936_camera0-24.jpg 159 1492.61 1247.53 1005.95 1155.46 973.32 184.14
6920181360936_camera0-23.jpg 159 1515.6 1254.55 1040.93 1166.41 949.34 176.27
6920181360936_camera0-21.jpg 159 1509.7 1255.42 1058.56 1158.09 902.29 194.66
6920181360936_camera0-27.jpg 159 1439.9 1254.57 985.85 1154.38 908.11 200.38
6920181360936_camera0-20.jpg 159 1458.26 1259.08 1011.59 1154.86 893.34 208.45
6920181360936_camera0-29.jpg 159 1407.12 1239.63 1037.52 1142.3 739.19 194.66
6920181360936_camera0-26.jpg 159 1465.24 1250.77 1003.16 1158.86 924.16 183.82
6920181360936_camera0-28.jpg 159 1420.49 1252.54 1007.74 1153.28 825.51 198.52
6920181360936_camera0-32.jpg 159 1445.26 1238.32 1074.35 1137.04 741.82 202.55
6920181360936_camera0-35.jpg 159 1391.83 1249.86 941.85 1148.94 899.96 201.83
6920181360936_camera0-33.jpg 159 1431.25 1252.03 1043.45 1166.41 775.59 171.23
6920181360936_camera0-34.jpg 159 1404.48 1238.32 969.12 1142.3 870.72 192.03
6920181360936_camera0-36.jpg 159 1373.01 1246.14 917.65 1152.81 910.73 186.67
6920181360936_camera0-37.jpg 159 1344.36 1243.22 882.28 1151.31 924.16 183.82
6920181360936_camera0-40.jpg 159 1281.09 1247.11 841.96 1142.65 878.26 208.91
6920181360936_camera0-8.jpg 159 1302.81 1269.66 844.51 1161.38 916.6 216.56
6920181360936_camera0-5.jpg 159 1320.31 1264.63 829.7 1152.83 981.21 223.6
6920181360936_camera0-9.jpg 159 1301.89 1265.93 858.64 1150.19 886.51 231.49
6920181360936_camera1-16.jpg 159 1316.36 1221.22 863.9 881.88 904.92 678.69
6920181360936_camera1-14.jpg 159 1310.37 1229.37 884.8 874.31 851.13 710.11
6920181360936_camera1-13.jpg 159 1300.32 1234.22 903.64 885.62 793.36 697.19
6920181360936_camera1-12.jpg 159 1284.79 1229.12 924.4 897.66 720.78 662.91
6920181360936_camera1-22.jpg 159 1357.95 1147.88 916.24 874.21 883.42 547.35
6920181360936_camera1-20.jpg 159 1331.07 1167.64 923.91 931.02 814.31 473.24
6920181360936_camera1-17.jpg 159 1321.62 1198.87 877.05 881.88 889.14 633.97
6920181360936_camera1-18.jpg 159 1316.66 1184.04 897.39 896.97 838.54 574.13
6920181360936_camera1-15.jpg 159 1309.13 1222.42 864.49 872.1 889.28 700.65
6920181360936_camera1-1.jpg 159 1186.45 1133.68 788.86 884.7 795.19 497.96
6920181360936_camera1-21.jpg 159 1368.28 1155.09 967.9 934.75 800.77 440.67
6920181360936_camera1-24.jpg 159 1330.38 1140.87 883.5 833.28 893.76 615.17
6920181360936_camera1-23.jpg 159 1346.46 1147.51 886.01 855.46 920.9 584.09
6920181360936_camera1-25.jpg 159 1315.26 1132.73 877.81 812.97 874.91 639.52
6920181360936_camera1-29.jpg 159 1262.52 1097.17 965.38 823.95 594.28 546.44
6920181360936_camera1-27.jpg 159 1286.97 1119.26 905.14 809.56 763.66 619.41
6920181360936_camera1-28.jpg 159 1278.89 1111.01 932.65 818.91 692.49 584.21
6920181360936_camera1-26.jpg 159 1293.99 1123.82 869.65 802.05 848.68 643.54
6920181360936_camera1-2.jpg 159 1194.04 1158.09 777.09 868.72 833.89 578.73
6920181360936_camera1-32.jpg 159 1271.78 1097.88 910.45 769.55 722.65 656.65
6920181360936_camera1-30.jpg 159 1290.22 1084.58 1005.67 798.77 569.1 571.62
6920181360936_camera1-31.jpg 159 1287.84 1095.84 958.95 779.74 657.78 632.2
6920181360936_camera1-33.jpg 159 1253.23 1105.47 856.01 758.24 794.44 694.47
6920181360936_camera1-35.jpg 159 1217.34 1114.1 786.72 775.87 861.24 676.45
6920181360936_camera1-34.jpg 159 1236.09 1109.75 821.85 768.55 828.47 682.41
6920181360936_camera1-6.jpg 159 1171.06 1220.01 729.83 848.08 882.45 743.86
6920181360936_camera1-3.jpg 159 1175.62 1173.87 737.63 847.68 875.98 652.38
6920181360936_camera2-10.jpg 159 1342.91 897.68 999.76 629.68 686.31 536.01
6920181360936_camera2-12.jpg 159 1356.95 873.05 990.56 574.65 732.78 596.8
6920181360936_camera2-13.jpg 159 1350.97 865.75 959.45 532.41 783.05 666.69
6920181360936_camera2-14.jpg 159 1346.8 847.5 939.34 478.41 814.92 738.18
6920181360936_camera2-11.jpg 159 1357.13 879.25 1016.47 618.82 681.32 520.86
6920181360936_camera2-16.jpg 159 1328.0 832.76 940.2 448.75 775.59 768.03
6920181360936_camera2-15.jpg 159 1332.14 838.47 924.4 460.98 815.48 754.98
6920181360936_camera2-18.jpg 159 1305.34 813.88 972.94 441.19 664.79 745.37
6920181360936_camera2-21.jpg 159 1288.08 801.18 1015.85 455.53 544.46 691.3
6920181360936_camera2-19.jpg 159 1302.38 807.88 1004.6 449.83 595.56 716.09
6920181360936_camera2-1.jpg 159 1262.02 952.34 995.56 600.61 532.93 703.46
6920181360936_camera2-20.jpg 159 1297.77 800.02 1030.85 466.37 533.84 667.31
6920181360936_camera2-26.jpg 159 1226.12 814.44 831.56 435.44 789.11 758.0
6920181360936_camera2-2.jpg 159 1275.57 949.44 961.48 567.29 628.18 764.3
6920181360936_camera2-29.jpg 159 1202.09 847.87 847.03 562.06 710.11 571.62
6920181360936_camera2-25.jpg 159 1236.13 813.48 842.86 411.0 786.54 804.96
6920181360936_camera2-30.jpg 159 1198.99 854.76 866.47 597.39 665.04 514.74
6920181360936_camera2-28.jpg 159 1205.88 846.36 829.7 505.7 752.35 681.32
6920181360936_camera2-32.jpg 159 1195.7 878.44 801.34 543.76 788.73 669.36
6920181360936_camera2-33.jpg 159 1204.91 894.34 813.18 538.67 783.46 711.33
6920181360936_camera2-36.jpg 159 1203.12 919.34 805.53 511.13 795.19 816.42
6920181360936_camera2-31.jpg 159 1192.72 856.89 827.07 571.47 731.3 570.84
6920181360936_camera2-35.jpg 159 1204.61 905.79 814.3 511.7 780.62 788.18
6920181360936_camera2-37.jpg 159 1216.39 921.34 837.59 518.86 757.61 804.96
6920181360936_camera2-38.jpg 159 1222.89 940.75 879.74 545.13 686.31 791.25
6920181360936_camera2-39.jpg 159 1234.81 935.81 921.77 563.58 626.08 744.45
6920181360936_camera2-6.jpg 159 1320.45 933.49 922.58 546.95 795.73 773.07
6920181360936_camera2-7.jpg 159 1323.76 934.86 919.95 552.98 807.61 763.76
6920181360936_camera3-11.jpg 159 1424.22 1448.76 1024.37 1268.57 799.7 360.39
6920181360936_camera3-10.jpg 159 1402.1 1464.35 1042.14 1277.98 719.91 372.74
6920181360936_camera3-17.jpg 159 1445.09 1440.89 998.12 1279.73 893.94 322.32
6920181360936_camera3-1.jpg 159 1301.89 1426.4 853.38 1268.57 897.03 315.67
6920181360936_camera3-18.jpg 159 1457.28 1438.05 1025.02 1283.0 864.52 310.1
6920181360936_camera3-21.jpg 159 1501.81 1425.09 1021.73 1268.57 960.16 313.04
6920181360936_camera3-20.jpg 159 1507.06 1423.76 1069.37 1292.24 875.38 263.04
6920181360936_camera3-23.jpg 159 1457.68 1413.19 995.6 1262.1 924.16 302.18
6920181360936_camera3-25.jpg 159 1399.22 1409.31 948.08 1252.79 902.29 313.04
6920181360936_camera3-26.jpg 159 1404.9 1399.57 1009.64 1251.08 790.53 296.98
6920181360936_camera3-24.jpg 159 1441.3 1403.12 990.56 1252.03 901.49 302.18
6920181360936_camera3-29.jpg 159 1412.38 1386.94 1074.35 1221.22 676.06 331.45
6920181360936_camera3-28.jpg 159 1367.88 1394.7 1049.69 1247.42 636.38 294.55
6920181360936_camera3-2.jpg 159 1282.16 1430.36 811.29 1247.53 941.75 365.65
6920181360936_camera3-30.jpg 159 1421.16 1391.78 1073.66 1224.33 695.01 334.91
6920181360936_camera3-27.jpg 159 1385.23 1401.99 1025.02 1248.51 720.43 306.97
6920181360936_camera3-31.jpg 159 1386.07 1392.21 995.43 1205.44 781.28 373.54
6920181360936_camera3-33.jpg 159 1358.21 1393.05 915.02 1204.19 886.38 377.72
6920181360936_camera3-34.jpg 159 1325.57 1400.11 856.01 1205.44 939.12 389.33
6920181360936_camera3-32.jpg 159 1383.39 1394.31 965.38 1211.74 836.02 365.13
6920181360936_camera3-5.jpg 159 1275.19 1461.49 800.03 1247.24 950.33 428.5
6920181360936_camera3-6.jpg 159 1282.67 1471.12 836.96 1259.59 891.42 423.05
6920181360936_camera3-38.jpg 159 1257.17 1401.42 819.18 1244.9 875.98 313.04
6920181360936_camera3-4.jpg 159 1277.16 1456.24 791.61 1243.66 971.1 425.16
6920181360936_camera3-40.jpg 159 1301.89 1411.94 861.27 1250.16 881.24 323.56
6920181360936_camera3-7.jpg 159 1277.56 1469.53 852.7 1260.43 849.72 418.19
6920181360936_camera3-39.jpg 159 1269.85 1407.02 833.93 1261.44 871.84 291.16
6920181360936_camera3-3.jpg 159 1278.89 1445.92 814.3 1252.03 929.19 387.79
