6907777821811-back_camera0-10.jpg 16 1375.36 1086.49 912.92 945.78 924.87 281.42
6907777821811-back_camera0-13.jpg 16 1532.03 1118.72 995.52 961.47 1073.03 314.51
6907777821811-back_camera0-12.jpg 16 1524.64 1108.13 1041.46 948.7 966.36 318.87
6907777821811-back_camera0-11.jpg 16 1463.18 1097.65 996.04 952.42 934.28 290.46
6907777821811-back_camera0-15.jpg 16 1499.19 1119.94 895.47 952.9 1207.44 334.08
6907777821811-back_camera0-16.jpg 16 1486.66 1135.42 876.14 981.87 1221.04 307.11
6907777821811-back_camera0-14.jpg 16 1518.86 1124.14 939.04 964.34 1159.63 319.6
6907777821811-back_camera0-17.jpg 16 1467.26 1136.23 855.16 986.38 1224.21 299.71
6907777821811-back_camera0-19.jpg 16 1415.61 1123.74 853.47 982.32 1124.27 282.84
6907777821811-back_camera0-1.jpg 16 1441.08 1082.86 837.96 973.7 1206.24 218.31
6907777821811-back_camera0-18.jpg 16 1430.12 1124.95 841.94 982.24 1176.36 285.43
6907777821811-back_camera0-20.jpg 16 1447.61 1118.41 880.56 988.91 1134.09 259.01
6907777821811-back_camera0-24.jpg 16 1462.42 1087.34 825.78 977.86 1273.29 218.95
6907777821811-back_camera0-21.jpg 16 1478.57 1104.32 900.7 976.76 1155.74 255.11
6907777821811-back_camera0-27.jpg 16 1388.12 1084.87 792.66 969.11 1190.91 231.52
6907777821811-back_camera0-22.jpg 16 1495.24 1098.9 916.51 979.21 1157.46 239.38
6907777821811-back_camera0-25.jpg 16 1433.47 1082.09 806.3 967.38 1254.34 229.41
6907777821811-back_camera0-23.jpg 16 1479.45 1094.95 863.9 976.58 1231.11 236.75
6907777821811-back_camera0-26.jpg 16 1405.08 1083.47 783.9 964.68 1242.36 237.58
6907777821811-back_camera0-28.jpg 16 1375.55 1085.74 827.07 955.53 1096.95 260.43
6907777821811-back_camera0-2.jpg 16 1488.21 1073.65 896.19 968.2 1184.04 210.91
6907777821811-back_camera0-30.jpg 16 1374.4 1080.6 916.91 967.22 914.99 226.76
6907777821811-back_camera0-31.jpg 16 1442.63 1089.7 987.54 971.32 910.18 236.75
6907777821811-back_camera0-29.jpg 16 1345.3 1091.0 821.81 963.42 1046.97 255.17
6907777821811-back_camera0-32.jpg 16 1499.76 1085.26 1033.08 970.71 933.36 229.1
6907777821811-back_camera0-34.jpg 16 1473.71 1103.98 911.29 994.82 1124.84 218.31
6907777821811-back_camera0-36.jpg 16 1418.95 1108.11 803.4 992.36 1231.11 231.49
6907777821811-back_camera0-33.jpg 16 1495.65 1092.62 988.74 978.84 1013.83 227.56
6907777821811-back_camera0-35.jpg 16 1450.51 1102.44 856.55 983.65 1187.91 237.58
6907777821811-back_camera0-3.jpg 16 1482.09 1075.22 871.79 960.79 1220.59 228.86
6907777821811-back_camera0-39.jpg 16 1364.57 1096.76 774.66 992.1 1179.81 209.32
6907777821811-back_camera0-37.jpg 16 1408.86 1110.4 802.96 1003.1 1211.79 214.61
6907777821811-back_camera0-40.jpg 16 1397.9 1084.43 779.72 971.32 1236.37 226.23
6907777821811-back_camera0-4.jpg 16 1462.62 1070.56 831.44 956.01 1262.37 229.1
6907777821811-back_camera0-5.jpg 16 1434.73 1058.12 795.5 947.64 1278.46 220.97
6907777821811-back_camera0-38.jpg 16 1389.69 1103.1 792.89 996.26 1193.6 213.68
6907777821811-back_camera0-7.jpg 16 1384.76 1054.18 782.35 947.64 1204.81 213.08
6907777821811-back_camera0-9.jpg 16 1362.14 1078.08 857.08 947.65 1010.13 260.86
6907777821811-back_camera0-6.jpg 16 1415.5 1056.35 798.83 944.02 1233.34 224.66
6907777821811-back_camera1-10.jpg 16 1286.09 1203.11 890.02 805.96 792.13 794.29
6907777821811-back_camera0-8.jpg 16 1366.35 1064.7 806.03 942.38 1120.63 244.64
6907777821811-back_camera1-12.jpg 16 1329.52 1231.74 842.86 776.65 973.32 910.18
6907777821811-back_camera1-11.jpg 16 1326.01 1220.38 901.89 794.09 848.25 852.57
6907777821811-back_camera1-13.jpg 16 1326.1 1228.28 794.25 760.62 1063.7 935.32
6907777821811-back_camera1-15.jpg 16 1297.95 1233.06 721.85 763.5 1152.2 939.12
6907777821811-back_camera1-14.jpg 16 1313.65 1239.88 762.05 766.26 1103.21 947.23
6907777821811-back_camera1-17.jpg 16 1274.57 1219.65 715.55 797.69 1118.05 843.93
6907777821811-back_camera1-20.jpg 16 1284.79 1148.88 777.09 845.05 1015.4 607.66
6907777821811-back_camera1-21.jpg 16 1297.71 1158.91 774.29 819.86 1046.85 678.1
6907777821811-back_camera1-16.jpg 16 1288.76 1232.3 719.87 785.51 1137.79 893.58
6907777821811-back_camera1-1.jpg 16 1302.24 1152.72 780.41 829.42 1043.65 646.61
6907777821811-back_camera1-18.jpg 16 1254.54 1200.18 729.74 839.79 1049.6 720.78
6907777821811-back_camera1-22.jpg 16 1282.16 1154.13 727.11 784.54 1110.11 739.19
6907777821811-back_camera1-19.jpg 16 1257.87 1190.31 761.13 875.8 993.48 629.02
6907777821811-back_camera1-23.jpg 16 1268.78 1173.26 693.38 756.04 1150.81 834.45
6907777821811-back_camera1-24.jpg 16 1255.71 1163.56 683.55 744.54 1144.33 838.04
6907777821811-back_camera1-26.jpg 16 1229.55 1160.71 690.28 729.3 1078.54 862.83
6907777821811-back_camera1-25.jpg 16 1238.19 1165.18 677.62 730.42 1121.14 869.53
6907777821811-back_camera1-30.jpg 16 1275.92 1185.35 883.46 794.23 784.92 782.24
6907777821811-back_camera1-27.jpg 16 1217.72 1154.14 708.7 726.67 1018.04 854.94
6907777821811-back_camera1-2.jpg 16 1296.62 1162.76 745.87 792.22 1101.5 741.07
6907777821811-back_camera1-29.jpg 16 1211.78 1157.47 804.76 764.34 814.03 786.27
6907777821811-back_camera1-31.jpg 16 1301.88 1214.64 884.94 816.11 833.89 797.07
6907777821811-back_camera1-28.jpg 16 1213.12 1153.11 754.3 746.09 917.63 814.03
6907777821811-back_camera1-34.jpg 16 1268.19 1240.8 720.84 801.22 1094.7 879.16
6907777821811-back_camera1-32.jpg 16 1301.2 1233.95 823.72 803.63 954.97 860.65
6907777821811-back_camera1-33.jpg 16 1284.8 1238.32 771.83 802.96 1025.93 870.72
6907777821811-back_camera1-37.jpg 16 1222.21 1221.1 665.34 840.91 1113.74 760.37
6907777821811-back_camera1-35.jpg 16 1250.6 1242.27 685.02 805.59 1131.15 873.35
6907777821811-back_camera1-36.jpg 16 1234.03 1234.39 664.7 818.92 1138.66 830.95
6907777821811-back_camera1-38.jpg 16 1215.01 1209.22 673.87 863.26 1082.28 691.92
6907777821811-back_camera1-39.jpg 16 1223.57 1186.82 692.72 876.23 1061.7 621.18
6907777821811-back_camera1-4.jpg 16 1266.38 1187.03 685.02 752.98 1162.72 868.09
6907777821811-back_camera1-40.jpg 16 1269.18 1143.39 745.77 857.4 1046.82 571.98
6907777821811-back_camera1-3.jpg 16 1283.72 1178.55 715.81 770.17 1135.82 816.77
6907777821811-back_camera1-5.jpg 16 1250.6 1200.18 679.76 747.72 1141.67 904.92
6907777821811-back_camera1-7.jpg 16 1229.56 1196.24 716.59 747.72 1025.93 897.03
6907777821811-back_camera2-10.jpg 16 1277.09 1032.95 833.54 685.45 887.1 695.01
6907777821811-back_camera1-6.jpg 16 1241.01 1199.18 694.63 742.94 1092.75 912.49
6907777821811-back_camera1-8.jpg 16 1221.66 1189.65 753.42 750.35 936.49 878.61
6907777821811-back_camera1-9.jpg 16 1218.82 1180.8 813.04 778.26 811.56 805.08
6907777821811-back_camera2-12.jpg 16 1268.05 1025.34 801.53 638.22 933.05 774.23
6907777821811-back_camera2-15.jpg 16 1250.6 1021.3 735.0 526.75 1031.19 989.1
6907777821811-back_camera2-14.jpg 16 1262.55 1021.6 755.63 554.46 1013.83 934.28
6907777821811-back_camera2-13.jpg 16 1263.75 1022.61 766.57 589.88 994.36 865.46
6907777821811-back_camera2-11.jpg 16 1268.49 1027.51 835.75 698.71 865.48 657.59
6907777821811-back_camera2-1.jpg 16 1276.42 1039.38 961.91 609.24 629.02 860.28
6907777821811-back_camera2-16.jpg 16 1253.47 1020.66 750.21 508.39 1006.53 1024.54
6907777821811-back_camera2-17.jpg 16 1253.22 1019.98 769.2 510.96 968.05 1018.04
6907777821811-back_camera2-18.jpg 16 1252.84 1013.68 827.32 526.19 851.03 974.98
6907777821811-back_camera2-21.jpg 16 1259.8 1043.65 927.03 608.29 665.54 870.72
6907777821811-back_camera2-20.jpg 16 1256.22 1023.95 924.91 585.8 662.63 876.31
6907777821811-back_camera2-19.jpg 16 1250.6 1014.72 866.53 547.79 768.13 933.86
6907777821811-back_camera2-24.jpg 16 1255.61 1052.64 782.09 535.82 947.03 1033.65
6907777821811-back_camera2-26.jpg 16 1244.0 1051.3 732.46 550.55 1023.08 1001.5
6907777821811-back_camera2-22.jpg 16 1259.8 1051.55 882.31 579.36 754.98 944.38
6907777821811-back_camera2-23.jpg 16 1258.74 1046.62 830.3 556.67 856.89 979.91
6907777821811-back_camera2-25.jpg 16 1245.33 1046.29 750.78 534.64 989.1 1023.3
6907777821811-back_camera2-2.jpg 16 1280.24 1040.3 895.11 568.06 770.26 944.49
6907777821811-back_camera2-28.jpg 16 1232.85 1045.9 733.18 604.51 999.34 882.79
6907777821811-back_camera2-27.jpg 16 1258.49 1048.92 761.31 574.1 994.36 949.64
6907777821811-back_camera2-29.jpg 16 1236.13 1043.65 756.05 637.23 960.16 812.85
6907777821811-back_camera2-32.jpg 16 1271.34 1046.8 809.26 665.31 924.16 762.99
6907777821811-back_camera2-30.jpg 16 1241.28 1044.88 785.08 696.43 912.4 696.91
6907777821811-back_camera2-31.jpg 16 1265.07 1030.51 816.55 703.0 897.03 655.01
6907777821811-back_camera2-36.jpg 16 1268.82 1061.91 771.49 549.47 994.66 1024.88
6907777821811-back_camera2-37.jpg 16 1266.87 1065.22 789.18 547.96 955.38 1034.51
6907777821811-back_camera2-33.jpg 16 1276.9 1050.24 782.35 618.82 989.1 862.83
6907777821811-back_camera2-34.jpg 16 1272.6 1053.1 766.45 582.21 1012.29 941.78
6907777821811-back_camera2-35.jpg 16 1269.01 1059.43 758.68 560.94 1020.67 996.99
6907777821811-back_camera2-39.jpg 16 1261.26 1060.65 869.69 584.73 783.14 951.85
6907777821811-back_camera2-38.jpg 16 1262.43 1062.07 816.55 560.94 891.77 1002.25
6907777821811-back_camera2-40.jpg 16 1262.28 1056.28 917.01 603.21 690.54 906.13
6907777821811-back_camera2-3.jpg 16 1283.92 1037.99 862.14 546.95 843.57 982.07
6907777821811-back_camera2-5.jpg 16 1288.74 1042.35 790.24 526.75 996.99 1031.19
6907777821811-back_camera2-6.jpg 16 1289.27 1039.97 778.08 536.23 1022.38 1007.49
6907777821811-back_camera2-4.jpg 16 1287.7 1041.76 821.85 531.84 931.71 1019.84
6907777821811-back_camera2-7.jpg 16 1289.41 1038.01 771.32 549.72 1036.19 976.58
6907777821811-back_camera2-8.jpg 16 1285.74 1036.17 786.95 586.19 997.57 899.96
6907777821811-back_camera3-10.jpg 16 1482.14 1426.14 1024.56 1157.42 915.16 537.44
6907777821811-back_camera3-11.jpg 16 1476.83 1427.72 966.49 1155.46 1020.67 544.53
6907777821811-back_camera2-9.jpg 16 1285.18 1034.22 809.26 635.09 951.85 798.25
6907777821811-back_camera3-12.jpg 16 1471.56 1432.98 919.14 1152.83 1104.84 560.31
6907777821811-back_camera3-17.jpg 16 1385.62 1412.28 826.93 1191.4 1117.38 441.75
6907777821811-back_camera3-15.jpg 16 1420.99 1431.54 831.74 1174.69 1178.49 513.7
6907777821811-back_camera3-14.jpg 16 1434.74 1426.41 845.49 1155.46 1178.5 541.9
6907777821811-back_camera3-13.jpg 16 1457.39 1438.53 882.39 1162.02 1150.0 553.02
6907777821811-back_camera3-16.jpg 16 1399.22 1415.88 821.81 1171.24 1154.83 489.29
6907777821811-back_camera3-18.jpg 16 1409.83 1379.01 871.31 1182.6 1077.04 392.83
6907777821811-back_camera3-19.jpg 16 1439.97 1356.25 885.85 1165.93 1108.24 380.64
6907777821811-back_camera3-20.jpg 16 1453.42 1352.95 894.02 1153.72 1118.8 398.46
6907777821811-back_camera3-1.jpg 16 1446.57 1319.87 871.79 1118.63 1149.56 402.48
6907777821811-back_camera3-22.jpg 16 1418.67 1356.71 822.03 1128.23 1193.29 456.96
6907777821811-back_camera3-23.jpg 16 1400.54 1355.38 819.18 1118.63 1162.72 473.5
6907777821811-back_camera3-21.jpg 16 1435.1 1355.41 851.08 1142.1 1168.03 426.62
6907777821811-back_camera3-24.jpg 16 1376.02 1357.43 794.33 1123.25 1163.38 468.37
6907777821811-back_camera3-28.jpg 16 1325.57 1352.75 890.21 1129.15 870.72 447.2
6907777821811-back_camera3-25.jpg 16 1362.28 1354.36 798.02 1118.01 1128.52 472.69
6907777821811-back_camera3-27.jpg 16 1323.5 1352.76 840.02 1134.76 966.96 436.0
6907777821811-back_camera3-26.jpg 16 1337.4 1347.49 808.66 1121.26 1057.49 452.46
6907777821811-back_camera3-30.jpg 16 1454.29 1394.95 1009.74 1170.19 889.09 449.51
6907777821811-back_camera3-29.jpg 16 1409.11 1371.1 979.59 1156.34 859.04 429.52
6907777821811-back_camera3-32.jpg 16 1428.16 1419.83 887.58 1184.39 1081.17 470.87
6907777821811-back_camera3-2.jpg 16 1417.79 1333.74 808.0 1113.66 1219.58 440.15
6907777821811-back_camera3-31.jpg 16 1445.17 1411.55 953.13 1183.96 984.09 455.18
6907777821811-back_camera3-33.jpg 16 1405.8 1422.46 827.07 1184.39 1157.46 476.14
6907777821811-back_camera3-34.jpg 16 1387.02 1415.61 807.95 1191.75 1158.14 447.71
6907777821811-back_camera3-35.jpg 16 1368.97 1411.94 779.72 1194.91 1178.5 434.05
6907777821811-back_camera3-37.jpg 16 1330.83 1381.68 758.68 1187.02 1144.3 389.33
6907777821811-back_camera3-39.jpg 16 1408.03 1338.37 834.98 1157.06 1146.11 362.61
6907777821811-back_camera3-3.jpg 16 1395.28 1336.96 790.24 1105.47 1210.07 462.98
6907777821811-back_camera3-4.jpg 16 1376.72 1344.52 781.86 1109.84 1189.71 469.36
6907777821811-back_camera3-38.jpg 16 1359.47 1356.36 787.5 1178.29 1143.95 356.14
6907777821811-back_camera3-36.jpg 16 1343.99 1402.73 763.94 1194.91 1160.09 415.63
6907777821811-back_camera3-40.jpg 16 1449.2 1322.5 884.94 1139.67 1128.52 365.65
6907777821811-back_camera3-5.jpg 16 1360.91 1343.4 792.17 1103.82 1137.48 479.17
6907777821811-back_camera3-6.jpg 16 1340.43 1347.22 805.05 1116.24 1070.77 461.97
6907777821811-back_camera3-9.jpg 16 1417.63 1401.41 969.12 1147.56 897.03 507.7
6907777821811-back_camera3-7.jpg 16 1331.05 1349.83 843.56 1122.27 974.98 455.11
6907777821811-back_camera3-8.jpg 16 1334.64 1372.45 898.3 1129.97 872.68 484.96
6907777821811_camera0-12.jpg 16 1548.32 1117.89 1036.79 988.19 1023.06 259.4
6907777821811_camera0-10.jpg 16 1382.12 1098.9 911.25 981.84 941.75 234.12
6907777821811_camera0-11.jpg 16 1507.68 1107.52 1034.99 990.04 945.38 234.96
6907777821811_camera0-16.jpg 16 1475.51 1113.37 840.22 963.42 1270.57 299.89
6907777821811_camera0-15.jpg 16 1506.05 1119.44 885.69 977.55 1240.71 283.78
6907777821811_camera0-13.jpg 16 1550.48 1117.32 995.43 981.84 1110.11 270.95
6907777821811_camera0-19.jpg 16 1402.43 1107.49 816.8 975.61 1171.27 263.75
6907777821811_camera0-17.jpg 16 1444.01 1116.05 814.83 981.15 1258.35 269.8
6907777821811_camera0-14.jpg 16 1526.8 1117.32 929.66 976.58 1194.28 281.47
6907777821811_camera0-18.jpg 16 1421.51 1109.54 813.37 978.71 1216.28 261.65
6907777821811_camera0-1.jpg 16 1405.8 1114.68 821.81 987.1 1167.98 255.17
6907777821811_camera0-21.jpg 16 1470.52 1099.9 863.02 976.11 1215.0 247.58
6907777821811_camera0-23.jpg 16 1508.14 1076.38 911.87 977.12 1192.54 198.52
6907777821811_camera0-20.jpg 16 1426.84 1104.16 819.18 973.95 1215.33 260.43
6907777821811_camera0-22.jpg 16 1507.01 1084.44 925.17 977.14 1163.69 214.61
6907777821811_camera0-24.jpg 16 1479.45 1080.48 877.05 968.68 1204.81 223.6
6907777821811_camera0-25.jpg 16 1446.12 1085.32 851.32 986.34 1189.59 197.96
6907777821811_camera0-26.jpg 16 1422.89 1089.69 832.33 979.21 1181.13 220.97
6907777821811_camera0-27.jpg 16 1403.9 1091.85 840.95 986.92 1125.9 209.86
6907777821811_camera0-28.jpg 16 1390.72 1090.79 849.36 982.51 1082.73 216.55
6907777821811_camera0-29.jpg 16 1362.39 1102.85 869.16 987.1 986.47 231.49
6907777821811_camera0-2.jpg 16 1450.88 1112.24 891.9 998.86 1117.96 226.76
6907777821811_camera0-31.jpg 16 1482.08 1125.2 1019.1 992.36 925.96 265.69
6907777821811_camera0-30.jpg 16 1409.57 1115.39 955.81 993.44 907.52 243.9
6907777821811_camera0-32.jpg 16 1497.87 1129.15 977.01 992.36 1041.71 273.58
6907777821811_camera0-33.jpg 16 1478.03 1139.89 917.46 1001.14 1121.14 277.51
6907777821811_camera0-34.jpg 16 1459.73 1137.05 845.49 987.1 1228.48 299.89
6907777821811_camera0-37.jpg 16 1400.11 1147.97 761.78 998.07 1276.66 299.8
6907777821811_camera0-35.jpg 16 1441.95 1147.61 814.17 999.12 1255.56 296.98
6907777821811_camera0-36.jpg 16 1419.73 1147.06 780.33 1003.13 1278.8 287.85
6907777821811_camera0-38.jpg 16 1382.13 1139.67 753.42 992.36 1257.42 294.63
6907777821811_camera0-4.jpg 16 1426.96 1097.06 816.44 996.36 1221.04 201.39
6907777821811_camera0-39.jpg 16 1363.97 1136.83 759.9 999.99 1208.14 273.67
6907777821811_camera0-3.jpg 16 1443.19 1104.67 854.87 995.25 1176.64 218.84
6907777821811_camera0-5.jpg 16 1409.74 1097.59 787.61 984.47 1244.27 226.23
6907777821811_camera0-40.jpg 16 1368.83 1134.8 777.35 1001.98 1182.96 265.63
6907777821811_camera0-6.jpg 16 1392.58 1090.74 775.91 980.7 1233.34 220.08
6907777821811_camera0-7.jpg 16 1380.49 1089.29 788.48 988.61 1184.03 201.36
6907777821811_camera1-10.jpg 16 1293.99 1208.07 882.31 818.74 823.37 778.65
6907777821811_camera0-8.jpg 16 1366.05 1093.03 826.76 990.35 1078.58 205.36
6907777821811_camera1-12.jpg 16 1335.97 1253.28 829.73 815.37 1012.48 875.81
6907777821811_camera0-9.jpg 16 1354.5 1097.59 840.22 987.1 1028.56 220.97
6907777821811_camera1-11.jpg 16 1344.01 1243.35 901.84 829.86 884.33 826.98
6907777821811_camera1-16.jpg 16 1277.5 1221.39 693.52 802.02 1167.96 838.75
6907777821811_camera1-15.jpg 16 1300.58 1248.85 716.59 800.33 1167.98 897.03
6907777821811_camera1-14.jpg 16 1317.05 1254.88 748.25 800.61 1137.59 908.53
6907777821811_camera1-13.jpg 16 1335.01 1255.99 800.81 810.28 1068.41 891.42
6907777821811_camera1-17.jpg 16 1255.86 1201.49 687.65 816.11 1136.41 770.76
6907777821811_camera1-1.jpg 16 1260.88 1193.3 753.24 845.89 1015.29 694.82
6907777821811_camera1-19.jpg 16 1251.7 1170.58 732.76 860.69 1037.88 619.77
6907777821811_camera1-18.jpg 16 1245.34 1189.33 706.38 835.63 1077.92 707.39
6907777821811_camera1-20.jpg 16 1284.81 1148.66 762.04 866.6 1045.54 564.13
6907777821811_camera1-21.jpg 16 1320.16 1154.74 808.62 831.91 1023.08 645.67
6907777821811_camera1-22.jpg 16 1313.73 1158.09 779.72 792.44 1068.02 731.3
6907777821811_camera1-23.jpg 16 1305.51 1170.37 768.07 765.67 1074.88 809.4
6907777821811_camera1-24.jpg 16 1288.32 1182.7 744.52 748.79 1087.61 867.82
6907777821811_camera1-27.jpg 16 1230.87 1197.55 737.63 750.35 986.47 894.4
6907777821811_camera1-26.jpg 16 1242.19 1190.15 736.05 736.89 1012.29 906.53
6907777821811_camera1-25.jpg 16 1257.18 1192.28 721.85 742.45 1070.65 899.66
6907777821811_camera1-29.jpg 16 1212.51 1180.62 811.18 770.62 802.67 819.99
6907777821811_camera1-32.jpg 16 1276.9 1221.21 758.68 787.17 1036.45 868.09
6907777821811_camera1-28.jpg 16 1214.68 1187.82 771.49 758.48 886.38 858.68
6907777821811_camera1-31.jpg 16 1292.28 1210.66 830.72 804.52 923.12 812.28
6907777821811_camera1-33.jpg 16 1276.9 1230.43 721.85 789.81 1110.11 881.24
6907777821811_camera1-30.jpg 16 1292.74 1195.38 894.88 823.95 795.73 742.85
6907777821811_camera1-2.jpg 16 1251.91 1204.12 724.48 813.48 1054.86 781.28
6907777821811_camera1-36.jpg 16 1230.26 1229.43 643.79 816.68 1172.93 825.51
6907777821811_camera1-34.jpg 16 1253.7 1221.82 680.83 781.14 1145.75 881.35
6907777821811_camera1-35.jpg 16 1238.76 1227.8 640.3 795.07 1196.92 865.46
6907777821811_camera1-37.jpg 16 1218.2 1220.8 637.44 834.73 1161.51 772.14
6907777821811_camera1-38.jpg 16 1211.37 1217.19 655.42 861.98 1111.89 710.42
6907777821811_camera1-3.jpg 16 1247.96 1213.33 695.54 795.07 1104.84 836.52
6907777821811_camera1-7.jpg 16 1222.12 1224.07 715.9 759.67 1012.45 928.79
6907777821811_camera1-9.jpg 16 1229.55 1205.43 821.81 787.17 815.48 836.53
6907777821811_camera1-39.jpg 16 1201.18 1208.51 682.09 891.22 1038.19 634.57
6907777821811_camera1-4.jpg 16 1242.7 1215.96 682.39 766.13 1120.63 899.66
6907777821811_camera1-8.jpg 16 1225.12 1210.55 780.93 773.8 888.38 873.49
6907777821811_camera1-6.jpg 16 1226.01 1224.34 693.42 758.48 1065.17 931.71
6907777821811_camera1-5.jpg 16 1233.5 1225.16 677.13 766.13 1112.74 918.07
6907777821811_camera1-40.jpg 16 1236.81 1179.73 729.58 894.82 1014.45 569.82
6907777821811_camera2-14.jpg 16 1287.42 1018.66 792.87 542.53 989.1 952.27
6907777821811_camera2-12.jpg 16 1297.6 1013.99 838.52 605.37 918.16 817.24
6907777821811_camera2-11.jpg 16 1291.48 1015.33 863.04 676.46 856.89 677.74
6907777821811_camera2-13.jpg 16 1297.95 1017.36 829.7 574.1 936.49 886.51
6907777821811_camera2-10.jpg 16 1272.78 1023.61 810.88 676.1 923.8 695.01
6907777821811_camera2-15.jpg 16 1286.87 1021.46 799.78 515.23 974.17 1012.45
6907777821811_camera2-19.jpg 16 1250.6 1014.72 869.16 537.27 762.87 954.9
6907777821811_camera2-16.jpg 16 1276.55 1020.12 801.38 494.64 950.33 1050.97
6907777821811_camera2-1.jpg 16 1295.03 1064.82 949.07 632.83 691.92 863.98
6907777821811_camera2-21.jpg 16 1253.22 1025.24 919.14 587.25 668.17 875.98
6907777821811_camera2-20.jpg 16 1240.08 1021.3 895.47 566.21 689.21 910.18
6907777821811_camera2-17.jpg 16 1266.49 1021.96 812.58 499.28 907.81 1045.36
6907777821811_camera2-22.jpg 16 1250.2 1017.64 856.35 569.35 787.7 896.59
6907777821811_camera2-18.jpg 16 1257.49 1020.36 844.51 521.77 825.95 997.18
6907777821811_camera2-24.jpg 16 1244.02 1021.29 758.68 537.27 970.68 968.05
6907777821811_camera2-25.jpg 16 1245.2 1027.07 730.7 539.87 1029.0 974.4
6907777821811_camera2-26.jpg 16 1246.15 1027.91 723.64 551.99 1045.03 951.85
6907777821811_camera2-23.jpg 16 1249.28 1010.77 811.29 539.9 875.98 941.75
6907777821811_camera2-28.jpg 16 1243.57 1042.6 720.89 600.15 1045.36 884.89
6907777821811_camera2-27.jpg 16 1245.29 1038.07 717.88 577.06 1054.82 922.01
6907777821811_camera2-29.jpg 16 1237.44 1044.97 732.37 647.75 1010.14 794.44
6907777821811_camera2-2.jpg 16 1292.75 1065.69 904.95 609.91 775.59 911.56
6907777821811_camera2-30.jpg 16 1237.44 1052.86 798.14 729.3 878.61 647.12
6907777821811_camera2-33.jpg 16 1241.27 1067.82 752.98 595.57 976.58 944.49
6907777821811_camera2-32.jpg 16 1239.41 1062.03 778.56 638.76 921.7 846.55
6907777821811_camera2-31.jpg 16 1247.95 1060.3 810.88 691.21 874.15 738.17
6907777821811_camera2-34.jpg 16 1241.39 1062.08 753.42 563.58 975.95 996.99
6907777821811_camera2-38.jpg 16 1254.97 1060.65 824.37 546.95 861.2 1027.4
6907777821811_camera2-36.jpg 16 1245.34 1066.01 766.57 539.9 957.53 1052.23
6907777821811_camera2-3.jpg 16 1294.2 1073.98 851.08 601.79 886.25 944.39
6907777821811_camera2-35.jpg 16 1241.82 1061.01 755.99 538.48 971.65 1045.05
6907777821811_camera2-37.jpg 16 1255.5 1067.21 799.31 540.76 912.38 1052.9
6907777821811_camera2-39.jpg 16 1259.8 1055.5 866.53 566.21 786.54 978.58
6907777821811_camera2-40.jpg 16 1272.28 1053.27 937.28 600.81 670.01 904.92
6907777821811_camera2-5.jpg 16 1290.05 1064.7 784.98 568.84 1010.14 991.73
6907777821811_camera2-4.jpg 16 1299.26 1067.34 819.18 576.73 960.16 981.21
6907777821811_camera2-6.jpg 16 1290.14 1062.05 768.06 575.68 1044.16 972.75
6907777821811_camera2-7.jpg 16 1282.54 1058.64 748.4 581.81 1068.28 953.66
6907777821811_camera2-8.jpg 16 1278.43 1040.61 771.45 617.06 1013.97 847.09
6907777821811_camera2-9.jpg 16 1272.95 1039.71 777.09 642.49 991.73 794.44
6907777821811_camera3-10.jpg 16 1495.74 1418.56 1028.08 1168.68 935.32 499.75
6907777821811_camera3-14.jpg 16 1451.84 1415.88 850.75 1158.09 1202.18 515.59
6907777821811_camera3-11.jpg 16 1495.03 1430.42 964.69 1174.47 1060.67 511.9
6907777821811_camera3-15.jpg 16 1425.31 1411.7 824.96 1164.72 1200.69 493.97
6907777821811_camera3-12.jpg 16 1478.14 1423.77 903.36 1147.56 1149.56 552.42
6907777821811_camera3-16.jpg 16 1392.81 1393.68 810.06 1173.61 1165.5 440.15
6907777821811_camera3-17.jpg 16 1365.76 1388.41 805.21 1185.48 1121.09 405.87
6907777821811_camera3-18.jpg 16 1405.45 1374.38 840.12 1198.36 1130.65 352.04
6907777821811_camera3-13.jpg 16 1469.87 1423.21 879.44 1154.57 1180.86 537.28
6907777821811_camera3-20.jpg 16 1463.49 1347.43 910.85 1176.17 1105.28 342.53
6907777821811_camera3-19.jpg 16 1439.99 1348.8 874.42 1173.87 1131.15 349.87
6907777821811_camera3-1.jpg 16 1400.95 1371.26 834.83 1162.2 1132.24 418.11
6907777821811_camera3-21.jpg 16 1449.71 1346.88 880.68 1151.4 1138.07 390.95
6907777821811_camera3-22.jpg 16 1447.77 1360.51 883.24 1148.02 1129.06 424.98
6907777821811_camera3-25.jpg 16 1361.36 1374.49 828.18 1140.62 1066.37 467.74
6907777821811_camera3-23.jpg 16 1420.27 1360.64 845.49 1129.15 1149.56 462.98
6907777821811_camera3-26.jpg 16 1342.1 1368.63 847.21 1142.93 989.78 451.41
6907777821811_camera3-29.jpg 16 1397.9 1401.41 963.86 1171.24 868.09 460.35
6907777821811_camera3-28.jpg 16 1328.2 1381.69 908.62 1155.46 839.16 452.46
6907777821811_camera3-27.jpg 16 1332.69 1370.9 872.03 1149.82 921.33 442.16
6907777821811_camera3-24.jpg 16 1392.56 1365.23 823.39 1135.24 1138.34 459.98
6907777821811_camera3-33.jpg 16 1403.83 1445.11 803.48 1195.35 1200.69 499.52
6907777821811_camera3-32.jpg 16 1417.63 1439.56 840.22 1181.76 1154.83 515.59
6907777821811_camera3-31.jpg 16 1434.86 1434.67 901.12 1189.54 1067.48 490.27
6907777821811_camera3-30.jpg 16 1447.59 1436.9 950.13 1196.19 994.92 481.42
6907777821811_camera3-2.jpg 16 1396.59 1380.38 808.66 1158.09 1175.87 444.57
6907777821811_camera3-34.jpg 16 1378.89 1442.69 766.99 1202.03 1223.81 481.32
6907777821811_camera3-36.jpg 16 1340.37 1427.25 741.97 1203.91 1196.8 446.67
6907777821811_camera3-35.jpg 16 1357.13 1429.04 742.89 1189.65 1228.48 478.77
6907777821811_camera3-37.jpg 16 1327.82 1410.88 755.36 1205.52 1144.92 410.71
6907777821811_camera3-6.jpg 16 1332.15 1390.89 798.14 1150.19 1068.02 481.4
6907777821811_camera3-38.jpg 16 1333.2 1404.56 778.19 1202.9 1110.03 403.31
6907777821811_camera3-3.jpg 16 1374.34 1388.29 781.29 1151.4 1186.11 473.78
6907777821811_camera3-8.jpg 16 1389.05 1391.51 940.25 1166.05 897.6 450.93
6907777821811_camera3-7.jpg 16 1334.37 1379.45 840.11 1148.23 988.51 462.44
6907777821811_camera3-39.jpg 16 1370.02 1380.54 822.93 1197.72 1094.18 365.63
6907777821811_camera3-5.jpg 16 1353.18 1389.58 779.72 1144.93 1146.93 489.29
6907777821811_camera3-4.jpg 16 1358.43 1389.36 771.9 1139.05 1173.06 500.62
6907777821811_camera3-9.jpg 16 1441.49 1406.02 994.99 1178.35 893.01 455.34
6907777821811_camera3-40.jpg 16 1413.69 1361.96 874.42 1179.13 1078.54 365.65
