6930096350922_camera0-10.jpg 160 1371.6 718.77 1182.2 105.85 378.8 1225.85
6930096350922_camera0-11.jpg 160 1386.85 725.45 1215.66 107.43 342.38 1236.04
6930096350922_camera0-12.jpg 160 1392.2 727.0 1237.34 116.35 309.73 1221.3
6930096350922_camera0-15.jpg 160 1418.95 727.98 1240.07 108.48 357.76 1239.0
6930096350922_camera0-14.jpg 160 1410.06 725.44 1238.87 101.62 342.38 1247.64
6930096350922_camera0-13.jpg 160 1395.27 727.98 1234.81 108.48 320.93 1239.0
6930096350922_camera0-17.jpg 160 1432.1 722.72 1245.33 111.11 373.54 1223.22
6930096350922_camera0-16.jpg 160 1423.68 721.96 1254.97 113.83 337.43 1216.26
6930096350922_camera0-18.jpg 160 1433.27 728.35 1256.28 113.23 353.98 1230.23
6930096350922_camera0-19.jpg 160 1443.95 724.03 1266.38 108.48 355.13 1231.11
6930096350922_camera0-21.jpg 160 1448.87 728.26 1297.78 123.91 302.18 1208.7
6930096350922_camera0-1.jpg 160 1358.44 726.67 1197.98 121.64 320.93 1210.07
6930096350922_camera0-20.jpg 160 1448.86 727.0 1290.22 121.39 317.28 1211.22
6930096350922_camera0-23.jpg 160 1453.15 726.67 1308.47 121.64 289.36 1210.07
6930096350922_camera0-24.jpg 160 1465.18 734.16 1302.7 124.84 324.97 1218.63
6930096350922_camera0-26.jpg 160 1463.97 724.48 1305.33 131.46 317.29 1186.04
6930096350922_camera0-22.jpg 160 1454.47 726.67 1297.95 119.01 313.04 1215.33
6930096350922_camera0-25.jpg 160 1462.36 727.99 1305.84 129.53 313.04 1196.91
6930096350922_camera0-28.jpg 160 1451.38 733.29 1290.22 141.53 322.32 1183.52
6930096350922_camera0-27.jpg 160 1459.39 731.24 1285.3 136.44 348.18 1189.61
6930096350922_camera0-2.jpg 160 1354.5 734.56 1200.61 134.79 307.78 1199.55
6930096350922_camera0-29.jpg 160 1448.87 733.3 1292.74 139.02 312.25 1188.56
6930096350922_camera0-30.jpg 160 1437.37 727.99 1271.64 137.42 331.45 1181.13
6930096350922_camera0-36.jpg 160 1402.28 732.04 1242.38 144.05 319.8 1175.97
6930096350922_camera0-34.jpg 160 1421.67 725.44 1267.89 136.44 307.56 1178.01
6930096350922_camera0-31.jpg 160 1429.48 726.67 1271.64 126.9 315.67 1199.55
6930096350922_camera0-37.jpg 160 1389.69 732.04 1227.27 146.57 324.84 1170.93
6930096350922_camera0-33.jpg 160 1421.59 729.3 1263.75 134.79 315.67 1189.02
6930096350922_camera0-32.jpg 160 1417.64 731.93 1258.49 137.42 318.3 1189.02
6930096350922_camera0-38.jpg 160 1382.14 728.26 1217.2 136.5 329.88 1183.52
6930096350922_camera0-3.jpg 160 1360.73 733.32 1204.05 129.81 313.36 1207.02
6930096350922_camera0-35.jpg 160 1404.48 730.62 1240.07 129.53 328.82 1202.18
6930096350922_camera0-39.jpg 160 1373.32 727.0 1209.64 136.5 327.36 1181.01
6930096350922_camera0-40.jpg 160 1366.33 725.36 1200.61 121.64 331.45 1207.44
6930096350922_camera0-4.jpg 160 1355.82 721.41 1184.83 113.75 341.98 1215.33
6930096350922_camera0-5.jpg 160 1358.44 718.78 1192.72 116.38 331.45 1204.81
6930096350922_camera0-8.jpg 160 1367.03 725.74 1189.5 118.87 355.06 1213.74
6930096350922_camera0-7.jpg 160 1366.53 731.66 1180.84 116.55 371.39 1230.23
6930096350922_camera0-6.jpg 160 1363.71 727.99 1184.83 116.38 357.76 1223.22
6930096350922_camera1-10.jpg 160 1244.89 728.26 1076.18 166.72 337.43 1123.09
6930096350922_camera1-16.jpg 160 1292.68 738.51 1100.65 168.99 384.06 1139.04
6930096350922_camera1-15.jpg 160 1294.0 732.03 1113.95 169.23 360.09 1125.61
6930096350922_camera1-14.jpg 160 1280.85 725.36 1103.28 166.36 355.13 1118.0
6930096350922_camera1-12.jpg 160 1269.01 739.83 1092.76 171.62 352.5 1136.41
6930096350922_camera1-13.jpg 160 1277.64 735.81 1106.4 174.27 342.47 1123.09
6930096350922_camera1-17.jpg 160 1305.61 735.51 1117.01 162.97 377.19 1145.09
6930096350922_camera0-9.jpg 160 1372.06 725.74 1197.05 116.35 350.02 1218.78
6930096350922_camera1-18.jpg 160 1310.37 733.29 1129.06 169.23 362.61 1128.12
6930096350922_camera1-11.jpg 160 1254.54 733.25 1090.13 168.99 328.82 1128.52
6930096350922_camera1-20.jpg 160 1320.11 714.26 1146.02 145.56 348.18 1137.39
6930096350922_camera1-1.jpg 160 1215.94 686.7 1053.52 141.53 324.84 1090.35
6930096350922_camera1-19.jpg 160 1317.92 728.26 1141.65 164.2 352.54 1128.12
6930096350922_camera1-22.jpg 160 1327.99 708.11 1169.35 154.12 317.28 1107.98
6930096350922_camera1-21.jpg 160 1323.02 711.35 1157.63 145.56 330.77 1131.58
6930096350922_camera1-23.jpg 160 1327.99 704.34 1166.83 146.57 322.32 1115.53
6930096350922_camera1-24.jpg 160 1326.88 703.0 1150.63 142.68 352.5 1120.63
6930096350922_camera1-26.jpg 160 1316.36 693.79 1132.22 132.16 368.28 1123.26
6930096350922_camera1-27.jpg 160 1319.18 690.49 1136.62 131.46 365.13 1118.05
6930096350922_camera1-28.jpg 160 1308.51 685.24 1117.01 122.35 383.0 1125.78
6930096350922_camera1-29.jpg 160 1303.21 675.38 1126.96 113.75 352.5 1123.26
6930096350922_camera1-25.jpg 160 1326.02 697.69 1151.19 137.58 349.66 1120.21
6930096350922_camera1-2.jpg 160 1212.45 692.47 1053.3 142.68 318.3 1099.58
6930096350922_camera1-30.jpg 160 1296.9 672.51 1117.01 116.55 359.78 1111.92
6930096350922_camera1-32.jpg 160 1283.48 670.11 1121.7 111.11 323.56 1118.0
6930096350922_camera1-31.jpg 160 1288.96 669.09 1129.06 121.39 319.8 1095.39
6930096350922_camera1-34.jpg 160 1270.33 666.17 1092.76 113.75 355.13 1104.84
6930096350922_camera1-33.jpg 160 1276.38 667.82 1118.99 121.39 314.77 1092.87
6930096350922_camera1-36.jpg 160 1246.64 667.48 1058.56 111.11 376.17 1112.74
6930096350922_camera1-35.jpg 160 1258.74 674.12 1086.25 123.91 344.98 1100.42
6930096350922_camera1-38.jpg 160 1233.5 683.27 1050.67 113.75 365.65 1139.04
6930096350922_camera1-39.jpg 160 1219.03 688.53 1027.0 124.27 384.06 1128.52
6930096350922_camera1-37.jpg 160 1239.86 675.38 1058.55 123.91 362.61 1102.94
6930096350922_camera1-40.jpg 160 1224.36 678.19 1047.37 124.01 353.98 1108.37
6930096350922_camera1-7.jpg 160 1229.55 730.62 1040.15 161.1 378.8 1139.04
6930096350922_camera1-4.jpg 160 1220.97 709.37 1048.48 156.64 344.98 1105.46
6930096350922_camera1-3.jpg 160 1216.4 696.42 1037.52 142.68 357.76 1107.48
6930096350922_camera1-6.jpg 160 1224.3 725.35 1027.0 155.83 394.59 1139.04
6930096350922_camera1-5.jpg 160 1224.75 711.89 1048.48 156.64 352.54 1110.5
6930096350922_camera1-8.jpg 160 1232.18 734.57 1042.78 163.73 378.8 1141.67
6930096350922_camera2-10.jpg 160 1301.93 847.04 1137.79 663.71 328.28 366.65
6930096350922_camera2-11.jpg 160 1305.82 839.96 1150.83 670.52 309.99 338.89
6930096350922_camera2-14.jpg 160 1309.79 816.11 1137.48 629.34 344.61 373.54
6930096350922_camera1-9.jpg 160 1242.38 733.29 1063.59 171.75 357.58 1123.09
6930096350922_camera2-13.jpg 160 1303.2 825.51 1142.95 649.5 320.5 352.02
6930096350922_camera2-17.jpg 160 1300.58 791.12 1116.44 595.14 368.28 391.96
6930096350922_camera2-16.jpg 160 1299.79 804.01 1123.19 611.01 353.2 386.01
6930096350922_camera2-18.jpg 160 1297.95 783.23 1119.07 589.88 357.76 386.7
6930096350922_camera2-12.jpg 160 1305.61 831.97 1151.83 657.88 307.56 348.18
6930096350922_camera2-15.jpg 160 1305.15 808.4 1137.85 623.66 334.6 369.48
6930096350922_camera2-1.jpg 160 1241.46 870.17 1079.9 694.16 323.12 352.02
6930096350922_camera2-19.jpg 160 1291.37 783.23 1111.17 595.14 360.39 376.17
6930096350922_camera2-20.jpg 160 1280.49 778.6 1117.24 593.96 326.5 369.28
6930096350922_camera2-21.jpg 160 1271.63 783.22 1108.54 608.29 326.19 349.87
6930096350922_camera2-22.jpg 160 1265.58 774.67 1119.89 611.71 291.38 325.92
6930096350922_camera2-23.jpg 160 1261.12 772.71 1090.13 587.25 341.98 370.91
6930096350922_camera2-24.jpg 160 1251.22 778.61 1085.71 591.71 331.01 373.79
6930096350922_camera2-27.jpg 160 1231.66 774.82 1060.53 587.04 342.26 375.56
6930096350922_camera2-25.jpg 160 1241.38 775.34 1066.45 592.51 349.87 365.65
6930096350922_camera2-26.jpg 160 1236.92 772.31 1066.53 586.19 340.79 372.23
6930096350922_camera2-29.jpg 160 1217.74 788.7 1050.46 610.63 334.55 356.14
6930096350922_camera2-28.jpg 160 1226.92 780.6 1042.78 589.88 368.28 381.43
6930096350922_camera2-33.jpg 160 1208.5 814.8 1048.04 637.23 320.93 355.13
6930096350922_camera2-31.jpg 160 1210.8 803.36 1056.19 639.23 309.22 328.25
6930096350922_camera2-2.jpg 160 1250.6 871.35 1090.13 695.1 320.93 352.5
6930096350922_camera2-30.jpg 160 1215.12 791.86 1048.85 612.79 332.55 358.13
6930096350922_camera2-35.jpg 160 1205.99 833.39 1035.24 644.25 341.51 378.29
6930096350922_camera2-32.jpg 160 1205.88 806.9 1045.41 639.86 320.93 334.08
6930096350922_camera2-36.jpg 160 1209.83 836.19 1042.55 652.72 334.55 366.93
6930096350922_camera2-34.jpg 160 1203.25 821.37 1032.26 634.6 341.98 373.54
6930096350922_camera2-38.jpg 160 1216.5 847.84 1032.61 657.38 367.78 380.92
6930096350922_camera2-39.jpg 160 1225.89 855.69 1059.39 677.29 333.01 356.8
6930096350922_camera2-37.jpg 160 1217.71 842.41 1027.0 642.49 381.43 399.85
6930096350922_camera2-3.jpg 160 1261.16 871.49 1100.91 699.42 320.5 344.14
6930096350922_camera2-40.jpg 160 1230.17 860.99 1058.98 681.09 342.38 359.79
6930096350922_camera2-4.jpg 160 1264.39 870.1 1103.44 698.04 321.91 344.11
6930096350922_camera2-7.jpg 160 1286.11 860.84 1105.91 660.91 360.39 399.85
6930096350922_camera2-5.jpg 160 1269.04 871.49 1100.91 681.03 336.26 380.92
6930096350922_camera2-6.jpg 160 1279.55 866.24 1103.54 678.4 352.02 375.67
6930096350922_camera2-8.jpg 160 1291.78 856.71 1122.89 675.14 337.77 363.14
6930096350922_camera2-9.jpg 160 1302.7 852.29 1128.61 663.69 348.18 377.19
6930096350922_camera3-10.jpg 160 1357.13 897.66 1195.35 263.69 323.56 1267.94
6930096350922_camera3-11.jpg 160 1378.06 893.82 1224.38 260.7 307.36 1266.23
6930096350922_camera3-15.jpg 160 1402.79 895.29 1232.4 267.47 340.78 1255.63
6930096350922_camera3-14.jpg 160 1393.95 898.97 1203.24 263.69 381.43 1270.57
6930096350922_camera3-12.jpg 160 1380.69 899.07 1211.25 263.33 338.89 1271.48
6930096350922_camera3-13.jpg 160 1392.65 902.92 1213.77 263.69 357.76 1278.46
6930096350922_camera3-16.jpg 160 1409.83 900.75 1239.86 274.99 339.95 1251.51
6930096350922_camera3-17.jpg 160 1414.85 893.82 1240.15 263.33 349.39 1260.97
6930096350922_camera3-19.jpg 160 1417.63 892.4 1245.33 261.06 344.61 1262.68
6930096350922_camera3-21.jpg 160 1434.55 891.19 1282.18 265.96 304.74 1250.46
6930096350922_camera3-20.jpg 160 1425.61 888.58 1273.69 263.28 303.83 1250.61
6930096350922_camera3-1.jpg 160 1334.3 886.9 1192.02 280.03 284.55 1213.74
6930096350922_camera3-22.jpg 160 1437.37 888.45 1266.38 268.95 341.98 1239.0
6930096350922_camera3-25.jpg 160 1427.97 888.57 1253.28 273.84 349.39 1229.45
6930096350922_camera3-18.jpg 160 1423.68 895.71 1262.52 269.96 322.32 1251.51
6930096350922_camera3-28.jpg 160 1399.22 881.88 1229.55 274.21 339.35 1215.33
6930096350922_camera3-23.jpg 160 1437.17 883.31 1269.04 265.96 336.26 1234.7
6930096350922_camera3-24.jpg 160 1429.29 881.99 1261.16 263.33 336.26 1237.33
6930096350922_camera3-26.jpg 160 1422.42 889.41 1252.45 277.51 339.95 1223.81
6930096350922_camera3-27.jpg 160 1416.16 880.67 1240.15 268.58 352.02 1224.19
6930096350922_camera3-29.jpg 160 1401.03 883.12 1244.9 277.51 312.25 1211.22
6930096350922_camera3-2.jpg 160 1328.82 888.76 1169.24 264.94 319.16 1247.64
6930096350922_camera3-30.jpg 160 1397.77 879.37 1245.4 271.21 304.74 1216.31
6930096350922_camera3-31.jpg 160 1386.07 873.98 1232.18 258.43 307.78 1231.11
6930096350922_camera3-34.jpg 160 1370.8 880.61 1209.64 277.51 322.32 1206.19
6930096350922_camera3-36.jpg 160 1353.11 885.93 1179.72 271.21 346.77 1229.45
6930096350922_camera3-35.jpg 160 1361.08 880.56 1192.72 266.32 336.71 1228.48
6930096350922_camera3-37.jpg 160 1343.99 879.25 1166.42 255.8 355.13 1246.9
6930096350922_camera3-33.jpg 160 1378.07 880.68 1213.88 273.84 328.38 1213.69
6930096350922_camera3-3.jpg 160 1334.3 894.46 1176.91 277.51 314.77 1233.89
6930096350922_camera3-32.jpg 160 1383.95 880.05 1227.27 276.54 313.36 1207.02
6930096350922_camera3-6.jpg 160 1338.72 888.45 1150.63 255.8 376.17 1265.31
6930096350922_camera3-39.jpg 160 1330.78 884.62 1166.59 271.21 328.38 1226.82
6930096350922_camera3-38.jpg 160 1330.84 892.39 1161.16 279.47 339.35 1225.85
6930096350922_camera3-4.jpg 160 1333.02 889.42 1166.83 269.96 332.39 1238.92
6930096350922_camera3-40.jpg 160 1325.53 884.62 1169.22 276.46 312.62 1216.31
6930096350922_camera3-5.jpg 160 1336.81 891.93 1164.32 267.44 344.98 1248.99
6930096350922_camera3-7.jpg 160 1343.98 896.35 1158.53 266.32 370.91 1260.05
6930096350922_camera3-8.jpg 160 1349.12 900.37 1163.43 264.94 371.39 1270.85
6930096350922_camera3-9.jpg 160 1357.05 893.82 1190.23 260.7 333.63 1266.23
