6911567886393_camera0-12.jpg 161 1406.73 926.04 1293.29 533.25 226.88 785.57
6911567886393_camera0-10.jpg 161 1398.22 926.16 1281.59 531.6 233.26 789.12
6911567886393_camera0-14.jpg 161 1412.56 925.92 1295.18 535.61 234.75 780.63
6911567886393_camera0-11.jpg 161 1402.78 927.46 1288.53 536.09 228.5 782.74
6911567886393_camera0-13.jpg 161 1411.59 924.54 1297.64 533.62 227.89 781.84
6911567886393_camera0-15.jpg 161 1416.42 926.05 1300.14 531.84 232.55 788.41
6911567886393_camera0-16.jpg 161 1421.04 924.62 1307.2 532.78 227.68 783.69
6911567886393_camera0-18.jpg 161 1423.7 927.14 1309.85 537.36 227.71 779.56
6911567886393_camera0-1.jpg 161 1380.09 929.67 1266.75 543.6 226.67 772.14
6911567886393_camera0-17.jpg 161 1425.17 925.57 1311.02 533.49 228.3 784.16
6911567886393_camera0-19.jpg 161 1429.29 922.97 1310.5 532.78 237.58 780.39
6911567886393_camera0-20.jpg 161 1428.0 926.75 1314.56 538.93 226.88 775.65
6911567886393_camera0-22.jpg 161 1428.5 927.28 1314.35 538.51 228.3 777.54
6911567886393_camera0-23.jpg 161 1428.62 927.36 1316.1 540.25 225.03 774.21
6911567886393_camera0-21.jpg 161 1429.25 927.13 1315.1 538.6 228.3 777.07
6911567886393_camera0-28.jpg 161 1421.29 927.13 1311.39 542.85 219.79 768.56
6911567886393_camera0-26.jpg 161 1426.34 925.34 1311.37 538.22 229.95 774.23
6911567886393_camera0-27.jpg 161 1424.18 926.72 1312.87 539.6 222.63 774.23
6911567886393_camera0-25.jpg 161 1430.06 922.42 1318.39 533.65 223.34 777.54
6911567886393_camera0-24.jpg 161 1429.88 927.56 1313.25 540.44 233.26 774.23
6911567886393_camera0-2.jpg 161 1378.4 926.93 1262.94 538.6 230.93 776.66
6911567886393_camera0-29.jpg 161 1418.87 928.09 1311.1 543.81 215.54 768.56
6911567886393_camera0-30.jpg 161 1413.83 926.04 1303.22 540.34 221.21 771.39
6911567886393_camera0-31.jpg 161 1409.96 927.58 1301.07 544.33 217.78 766.49
6911567886393_camera0-33.jpg 161 1401.38 924.43 1291.48 539.44 219.79 769.98
6911567886393_camera0-32.jpg 161 1409.25 925.45 1296.83 538.67 224.85 773.56
6911567886393_camera0-36.jpg 161 1392.16 923.8 1277.5 539.38 229.33 768.84
6911567886393_camera0-35.jpg 161 1395.12 926.87 1284.1 544.33 222.03 765.07
6911567886393_camera0-34.jpg 161 1401.48 926.16 1291.17 542.92 220.61 766.49
6911567886393_camera0-38.jpg 161 1383.56 925.68 1270.52 539.78 226.07 771.8
6911567886393_camera0-37.jpg 161 1385.92 927.57 1274.2 541.5 223.44 772.14
6911567886393_camera0-3.jpg 161 1378.26 925.29 1264.82 536.05 226.88 778.48
6911567886393_camera0-4.jpg 161 1383.91 922.15 1269.25 532.78 229.33 778.74
6911567886393_camera0-39.jpg 161 1379.08 927.45 1264.93 541.76 228.3 771.39
6911567886393_camera0-8.jpg 161 1391.58 926.87 1275.62 535.85 231.93 782.04
6911567886393_camera0-6.jpg 161 1384.27 928.08 1267.64 535.18 233.26 785.81
6911567886393_camera0-40.jpg 161 1381.44 927.1 1267.6 539.38 227.68 775.44
6911567886393_camera0-7.jpg 161 1386.16 924.62 1269.18 533.25 233.97 782.74
6911567886393_camera0-5.jpg 161 1382.39 924.75 1267.13 535.85 230.51 777.8
6911567886393_camera1-10.jpg 161 1264.22 912.92 1150.9 577.92 226.64 670.01
6911567886393_camera1-11.jpg 161 1265.02 910.61 1154.0 576.86 222.03 667.49
6911567886393_camera1-12.jpg 161 1270.09 912.68 1156.77 576.85 226.64 671.66
6911567886393_camera1-13.jpg 161 1273.39 910.0 1160.66 576.05 225.46 667.9
6911567886393_camera1-14.jpg 161 1281.27 909.9 1166.72 576.86 229.1 666.08
6911567886393_camera0-9.jpg 161 1394.68 926.75 1280.53 533.25 228.3 786.99
6911567886393_camera1-15.jpg 161 1285.51 906.98 1172.78 573.63 225.46 666.69
6911567886393_camera1-16.jpg 161 1288.25 907.1 1173.39 569.61 229.72 674.97
6911567886393_camera1-19.jpg 161 1287.62 897.67 1175.6 561.61 224.04 672.13
6911567886393_camera1-17.jpg 161 1286.73 902.73 1174.0 569.99 225.46 665.47
6911567886393_camera1-1.jpg 161 1237.63 893.63 1124.3 566.35 226.67 654.56
6911567886393_camera1-20.jpg 161 1291.87 894.14 1178.43 558.78 226.88 670.72
6911567886393_camera1-21.jpg 161 1290.54 893.12 1178.85 558.56 223.38 669.11
6911567886393_camera1-23.jpg 161 1290.45 887.76 1178.43 553.11 224.04 669.3
6911567886393_camera1-22.jpg 161 1289.55 890.61 1178.64 557.87 221.82 665.47
6911567886393_camera1-26.jpg 161 1283.19 877.32 1173.3 545.5 219.79 663.63
6911567886393_camera1-25.jpg 161 1286.72 879.09 1172.78 546.96 227.89 664.26
6911567886393_camera1-29.jpg 161 1271.52 875.8 1158.48 547.03 226.07 657.55
6911567886393_camera1-18.jpg 161 1287.94 899.09 1176.42 566.35 223.04 665.47
6911567886393_camera1-28.jpg 161 1274.14 875.7 1162.83 547.43 222.63 656.54
6911567886393_camera1-24.jpg 161 1287.63 885.15 1176.62 554.23 222.03 661.84
6911567886393_camera1-27.jpg 161 1279.16 878.08 1168.14 549.99 222.03 656.18
6911567886393_camera1-30.jpg 161 1269.19 877.36 1157.52 546.49 223.34 661.74
6911567886393_camera1-2.jpg 161 1239.45 896.66 1125.51 566.35 227.89 660.63
6911567886393_camera1-31.jpg 161 1265.88 876.68 1155.04 546.64 221.68 660.08
6911567886393_camera1-32.jpg 161 1261.47 876.66 1148.34 547.16 226.27 659.01
6911567886393_camera1-33.jpg 161 1258.55 875.0 1148.65 544.6 219.79 660.79
6911567886393_camera1-36.jpg 161 1247.24 880.49 1136.37 550.54 221.75 659.91
6911567886393_camera1-34.jpg 161 1255.71 875.8 1145.11 547.03 221.21 657.55
6911567886393_camera1-35.jpg 161 1251.58 879.69 1141.27 553.02 220.61 653.35
6911567886393_camera1-39.jpg 161 1236.02 887.98 1128.54 559.89 214.96 656.18
6911567886393_camera1-40.jpg 161 1237.99 892.0 1124.55 561.61 226.88 660.79
6911567886393_camera1-37.jpg 161 1241.67 885.86 1131.37 558.47 220.61 654.77
6911567886393_camera1-38.jpg 161 1239.63 886.04 1129.62 558.9 220.03 654.29
6911567886393_camera1-5.jpg 161 1244.51 902.83 1134.2 569.79 220.61 666.08
6911567886393_camera1-4.jpg 161 1243.09 899.29 1129.95 569.79 226.27 659.01
6911567886393_camera1-8.jpg 161 1252.28 909.2 1137.03 579.69 230.51 659.01
6911567886393_camera1-6.jpg 161 1247.94 905.75 1135.21 576.05 225.46 659.41
6911567886393_camera1-3.jpg 161 1240.67 899.09 1129.15 569.99 223.04 658.2
6911567886393_camera1-7.jpg 161 1251.58 908.49 1141.27 576.86 220.61 663.25
6911567886393_camera1-9.jpg 161 1260.66 910.6 1149.75 578.47 221.82 664.26
6911567886393_camera2-11.jpg 161 1289.1 838.64 1190.69 733.11 196.81 211.06
6911567886393_camera2-10.jpg 161 1290.11 851.82 1189.57 735.66 201.07 232.32
6911567886393_camera2-14.jpg 161 1288.21 838.19 1188.91 723.31 198.6 229.77
6911567886393_camera2-16.jpg 161 1283.79 833.05 1184.3 717.93 198.98 230.24
6911567886393_camera2-12.jpg 161 1289.33 844.8 1191.14 728.95 196.37 231.7
6911567886393_camera2-15.jpg 161 1285.95 834.5 1185.41 718.34 201.07 232.32
6911567886393_camera2-13.jpg 161 1289.33 840.13 1189.06 725.84 200.53 228.58
6911567886393_camera2-17.jpg 161 1280.58 831.12 1179.52 715.48 202.11 231.28
6911567886393_camera2-18.jpg 161 1276.57 827.0 1176.95 712.12 199.23 229.77
6911567886393_camera2-20.jpg 161 1269.87 824.22 1169.59 710.57 200.55 227.29
6911567886393_camera2-19.jpg 161 1274.54 824.97 1174.16 711.23 200.76 227.48
6911567886393_camera2-22.jpg 161 1262.36 826.69 1161.86 714.4 201.0 224.58
6911567886393_camera2-21.jpg 161 1266.05 823.54 1166.99 709.9 198.12 227.29
6911567886393_camera2-1.jpg 161 1264.93 875.7 1165.67 761.55 198.52 228.3
6911567886393_camera2-23.jpg 161 1258.75 826.57 1157.26 713.54 202.98 226.07
6911567886393_camera2-27.jpg 161 1248.1 837.97 1147.18 726.3 201.83 223.34
6911567886393_camera2-24.jpg 161 1255.71 828.2 1155.74 716.18 199.94 224.04
6911567886393_camera2-26.jpg 161 1249.19 833.91 1147.7 725.74 202.98 216.35
6911567886393_camera2-25.jpg 161 1250.32 829.75 1149.53 719.76 201.57 219.97
6911567886393_camera2-2.jpg 161 1269.19 870.74 1168.51 754.46 201.36 232.55
6911567886393_camera2-28.jpg 161 1245.59 839.14 1145.48 731.18 200.21 215.92
6911567886393_camera2-31.jpg 161 1242.95 849.67 1143.46 739.76 198.98 219.82
6911567886393_camera2-30.jpg 161 1244.1 844.64 1142.47 732.06 203.25 225.16
6911567886393_camera2-29.jpg 161 1243.27 842.68 1141.86 733.42 202.83 218.53
6911567886393_camera2-32.jpg 161 1242.96 852.71 1142.68 743.93 200.55 217.56
6911567886393_camera2-36.jpg 161 1250.25 867.07 1149.97 756.46 200.55 221.21
6911567886393_camera2-35.jpg 161 1248.34 858.89 1150.33 748.32 196.01 221.14
6911567886393_camera2-34.jpg 161 1244.77 858.79 1143.89 747.58 201.76 222.42
6911567886393_camera2-33.jpg 161 1243.66 854.43 1144.4 743.12 198.52 222.63
6911567886393_camera2-37.jpg 161 1252.57 867.75 1154.33 757.49 196.48 220.53
6911567886393_camera2-39.jpg 161 1259.26 871.56 1157.52 758.24 203.48 226.64
6911567886393_camera2-3.jpg 161 1273.34 873.99 1171.85 760.95 202.98 226.07
6911567886393_camera2-4.jpg 161 1274.74 870.5 1175.24 760.72 199.01 219.55
6911567886393_camera2-38.jpg 161 1254.3 871.45 1154.33 762.97 199.94 216.95
6911567886393_camera2-7.jpg 161 1285.65 861.94 1187.79 751.09 195.72 221.69
6911567886393_camera2-40.jpg 161 1262.13 869.75 1160.04 757.24 204.19 225.03
6911567886393_camera2-5.jpg 161 1278.77 868.57 1178.01 755.97 201.52 225.19
6911567886393_camera2-9.jpg 161 1289.98 854.64 1189.96 741.09 200.03 227.11
6911567886393_camera2-8.jpg 161 1285.91 860.25 1186.39 747.04 199.04 226.43
6911567886393_camera3-11.jpg 161 1384.28 1093.71 1270.45 699.98 227.66 787.46
6911567886393_camera3-10.jpg 161 1380.5 1098.33 1266.35 702.0 228.3 792.66
6911567886393_camera2-6.jpg 161 1281.36 866.85 1182.56 753.98 197.6 225.73
6911567886393_camera3-12.jpg 161 1387.06 1099.66 1271.05 703.24 232.02 792.84
6911567886393_camera3-13.jpg 161 1393.66 1097.8 1280.67 703.5 225.98 788.59
6911567886393_camera3-14.jpg 161 1394.81 1098.19 1279.24 703.28 231.13 789.83
6911567886393_camera3-16.jpg 161 1402.75 1095.05 1289.87 698.97 225.76 792.16
6911567886393_camera3-15.jpg 161 1399.11 1095.71 1286.62 698.67 224.99 794.08
6911567886393_camera3-17.jpg 161 1403.7 1091.82 1291.58 696.05 224.25 791.54
6911567886393_camera3-19.jpg 161 1403.44 1096.15 1289.95 703.04 226.98 786.23
6911567886393_camera3-18.jpg 161 1403.3 1095.06 1289.96 699.29 226.67 791.54
6911567886393_camera3-21.jpg 161 1403.89 1092.65 1291.87 697.74 224.04 789.83
6911567886393_camera3-25.jpg 161 1397.64 1086.37 1286.73 694.84 221.82 783.05
6911567886393_camera3-20.jpg 161 1403.55 1091.55 1289.61 696.99 227.89 789.11
6911567886393_camera3-1.jpg 161 1351.13 1092.76 1236.27 702.6 229.72 780.31
6911567886393_camera3-24.jpg 161 1398.08 1088.17 1287.24 697.75 221.68 780.85
6911567886393_camera3-22.jpg 161 1401.68 1090.1 1284.89 694.18 233.58 791.84
6911567886393_camera3-26.jpg 161 1394.18 1087.43 1283.16 699.95 222.03 774.97
6911567886393_camera3-23.jpg 161 1401.68 1091.76 1289.86 704.12 223.64 775.28
6911567886393_camera3-27.jpg 161 1390.06 1086.23 1278.54 698.34 223.04 775.78
6911567886393_camera3-2.jpg 161 1351.04 1094.75 1236.96 700.17 228.15 789.16
6911567886393_camera3-28.jpg 161 1384.41 1085.96 1270.38 698.46 228.06 775.0
6911567886393_camera3-30.jpg 161 1381.88 1085.76 1269.76 694.84 224.25 781.84
6911567886393_camera3-31.jpg 161 1377.84 1087.43 1271.91 699.36 211.85 776.14
6911567886393_camera3-33.jpg 161 1368.55 1083.47 1256.73 694.18 223.64 778.59
6911567886393_camera3-29.jpg 161 1385.82 1084.15 1276.63 695.38 218.37 777.54
6911567886393_camera3-32.jpg 161 1372.6 1084.56 1267.94 696.84 209.32 775.44
6911567886393_camera3-34.jpg 161 1360.23 1085.62 1250.69 695.85 219.07 779.54
6911567886393_camera3-35.jpg 161 1362.95 1087.73 1250.45 697.31 224.99 780.85
6911567886393_camera3-36.jpg 161 1359.97 1088.36 1251.23 698.94 217.48 778.84
6911567886393_camera3-37.jpg 161 1356.82 1096.59 1244.72 706.19 224.19 780.8
6911567886393_camera3-38.jpg 161 1350.62 1092.28 1237.74 700.88 225.76 782.81
6911567886393_camera3-3.jpg 161 1355.62 1094.45 1244.17 700.95 222.91 786.99
6911567886393_camera3-5.jpg 161 1362.47 1092.91 1246.15 696.12 232.63 793.59
6911567886393_camera3-40.jpg 161 1350.25 1093.24 1233.62 700.34 233.26 785.81
6911567886393_camera3-39.jpg 161 1351.88 1093.69 1244.05 703.59 215.66 780.2
6911567886393_camera3-7.jpg 161 1362.57 1097.31 1241.3 699.69 242.53 795.24
6911567886393_camera3-4.jpg 161 1356.88 1097.24 1246.67 704.77 220.42 784.95
6911567886393_camera3-6.jpg 161 1362.65 1097.38 1246.85 702.0 231.61 790.77
6911567886393_camera3-8.jpg 161 1367.56 1094.79 1250.42 693.87 234.28 801.84
6911567886393_camera3-9.jpg 161 1376.22 1097.7 1267.07 702.72 218.31 789.97
