6911567881060_camera0-10.jpg 162 1366.59 926.4 1252.96 537.37 227.26 778.06
6911567881060_camera0-14.jpg 162 1392.99 923.88 1274.2 530.74 237.58 786.28
6911567881060_camera0-12.jpg 162 1378.84 924.81 1269.42 535.5 218.84 778.61
6911567881060_camera0-11.jpg 162 1377.03 924.54 1261.27 536.05 231.52 776.99
6911567881060_camera0-15.jpg 162 1395.99 924.67 1285.19 536.88 221.6 775.59
6911567881060_camera0-13.jpg 162 1389.05 923.19 1270.96 529.34 236.17 787.7
6911567881060_camera0-18.jpg 162 1414.86 928.19 1296.57 533.63 236.57 789.12
6911567881060_camera0-16.jpg 162 1400.48 924.67 1290.4 531.84 220.16 785.66
6911567881060_camera0-17.jpg 162 1410.55 922.43 1299.55 532.33 222.01 780.2
6911567881060_camera0-19.jpg 162 1422.22 927.81 1306.41 533.25 231.61 789.12
6911567881060_camera0-1.jpg 162 1383.44 931.86 1276.9 550.42 213.08 762.87
6911567881060_camera0-22.jpg 162 1438.8 925.93 1325.48 536.88 226.63 778.1
6911567881060_camera0-20.jpg 162 1424.22 927.91 1303.21 534.64 242.01 786.54
6911567881060_camera0-21.jpg 162 1428.16 925.28 1313.73 532.01 228.86 786.54
6911567881060_camera0-23.jpg 162 1441.48 927.86 1334.1 540.48 214.76 774.76
6911567881060_camera0-28.jpg 162 1450.52 923.96 1332.14 539.9 236.75 768.13
6911567881060_camera0-26.jpg 162 1449.09 925.45 1335.25 536.08 227.68 778.74
6911567881060_camera0-25.jpg 162 1445.25 925.28 1334.77 537.27 220.97 776.02
6911567881060_camera0-24.jpg 162 1446.63 927.45 1339.33 542.64 214.61 769.62
6911567881060_camera0-27.jpg 162 1449.56 927.58 1335.01 540.09 229.1 774.97
6911567881060_camera0-2.jpg 162 1375.55 933.17 1258.49 553.05 234.12 760.24
6911567881060_camera0-31.jpg 162 1438.95 928.99 1326.53 547.16 224.85 763.66
6911567881060_camera0-29.jpg 162 1447.61 926.57 1339.38 547.31 216.46 758.52
6911567881060_camera0-32.jpg 162 1428.16 931.86 1318.99 542.53 218.34 778.65
6911567881060_camera0-35.jpg 162 1417.03 926.98 1306.12 545.75 221.82 762.45
6911567881060_camera0-33.jpg 162 1426.2 928.45 1320.44 549.47 211.52 757.96
6911567881060_camera0-30.jpg 162 1441.34 927.64 1335.09 548.64 212.49 758.0
6911567881060_camera0-34.jpg 162 1422.69 927.92 1308.85 547.63 227.68 760.59
6911567881060_camera0-36.jpg 162 1409.76 927.97 1304.31 549.77 210.91 756.41
6911567881060_camera0-37.jpg 162 1402.89 928.28 1288.34 547.16 229.1 762.24
6911567881060_camera0-38.jpg 162 1393.96 929.22 1287.42 547.79 213.08 762.87
6911567881060_camera0-6.jpg 162 1365.23 926.52 1257.92 542.64 214.61 767.77
6911567881060_camera0-40.jpg 162 1383.09 924.98 1274.2 543.15 217.78 763.66
6911567881060_camera0-4.jpg 162 1365.61 930.3 1253.59 544.6 224.04 771.39
6911567881060_camera0-5.jpg 162 1364.68 928.54 1259.34 545.92 210.68 765.24
6911567881060_camera0-39.jpg 162 1388.8 928.06 1280.02 545.81 217.56 764.51
6911567881060_camera0-3.jpg 162 1370.12 928.78 1264.66 548.19 210.91 761.17
6911567881060_camera0-7.jpg 162 1365.1 926.86 1253.28 539.74 223.64 774.23
6911567881060_camera0-8.jpg 162 1364.77 923.88 1258.07 537.18 213.4 773.4
6911567881060_camera0-9.jpg 162 1371.1 925.99 1256.7 530.31 228.8 791.36
6911567881060_camera1-12.jpg 162 1243.32 919.86 1128.06 589.65 230.51 660.42
6911567881060_camera1-13.jpg 162 1253.57 922.42 1144.15 591.0 218.84 662.85
6911567881060_camera1-14.jpg 162 1257.93 924.04 1145.51 595.24 224.85 657.59
6911567881060_camera1-11.jpg 162 1241.68 914.65 1130.68 585.34 222.01 658.62
6911567881060_camera1-10.jpg 162 1236.27 911.66 1125.66 581.06 221.21 661.2
6911567881060_camera1-16.jpg 162 1269.26 921.21 1154.0 591.0 230.51 660.42
6911567881060_camera1-15.jpg 162 1263.07 924.01 1152.07 594.17 222.01 659.68
6911567881060_camera1-19.jpg 162 1289.04 918.38 1176.62 586.76 224.85 663.25
6911567881060_camera1-1.jpg 162 1237.05 873.11 1119.68 545.17 234.73 655.87
6911567881060_camera1-17.jpg 162 1279.62 922.19 1167.8 588.56 223.64 667.27
6911567881060_camera1-18.jpg 162 1283.12 921.07 1172.35 590.78 221.55 660.58
6911567881060_camera1-20.jpg 162 1292.59 915.55 1178.04 583.93 229.1 663.25
6911567881060_camera1-22.jpg 162 1302.31 906.84 1193.68 575.41 217.25 662.85
6911567881060_camera1-21.jpg 162 1298.95 911.32 1185.11 576.86 227.68 668.91
6911567881060_camera1-23.jpg 162 1305.84 906.87 1187.46 571.47 236.75 670.8
6911567881060_camera1-24.jpg 162 1308.89 899.1 1196.87 565.87 224.04 666.46
6911567881060_camera1-25.jpg 162 1308.14 894.35 1199.25 559.89 217.78 668.91
6911567881060_camera1-26.jpg 162 1309.63 891.16 1200.89 562.23 217.48 657.87
6911567881060_camera1-27.jpg 162 1301.89 885.82 1190.09 553.05 223.6 665.54
6911567881060_camera1-29.jpg 162 1302.49 879.09 1192.18 546.96 220.61 664.26
6911567881060_camera1-28.jpg 162 1295.32 880.56 1176.94 547.79 236.75 665.54
6911567881060_camera1-30.jpg 162 1300.68 874.59 1192.51 543.38 216.35 662.41
6911567881060_camera1-2.jpg 162 1231.1 877.5 1119.17 551.89 223.86 651.22
6911567881060_camera1-34.jpg 162 1275.21 866.97 1165.51 538.47 219.4 656.99
6911567881060_camera1-32.jpg 162 1289.24 864.65 1183.22 540.48 212.04 648.35
6911567881060_camera1-33.jpg 162 1283.73 864.72 1172.82 536.22 221.82 656.99
6911567881060_camera1-31.jpg 162 1291.62 872.47 1185.38 541.84 212.49 661.26
6911567881060_camera1-38.jpg 162 1247.91 867.19 1138.73 537.51 218.37 659.37
6911567881060_camera1-35.jpg 162 1271.02 866.7 1161.6 540.82 218.84 651.75
6911567881060_camera1-3.jpg 162 1226.14 877.61 1113.16 545.06 225.96 665.09
6911567881060_camera1-39.jpg 162 1241.67 866.92 1134.63 538.67 214.08 656.51
6911567881060_camera1-36.jpg 162 1263.61 866.08 1153.62 536.09 219.99 659.98
6911567881060_camera1-4.jpg 162 1222.64 886.4 1116.62 560.87 212.04 651.07
6911567881060_camera1-37.jpg 162 1254.8 866.08 1145.38 539.41 218.84 653.33
6911567881060_camera1-6.jpg 162 1221.96 891.25 1107.63 560.79 228.66 660.92
6911567881060_camera1-40.jpg 162 1236.11 869.3 1129.87 543.43 212.49 651.75
6911567881060_camera1-5.jpg 162 1219.92 892.53 1112.54 564.95 214.76 655.15
6911567881060_camera1-8.jpg 162 1228.78 904.77 1118.88 574.38 219.79 660.79
6911567881060_camera1-7.jpg 162 1227.26 899.28 1118.52 569.67 217.48 659.22
6911567881060_camera1-9.jpg 162 1230.91 904.22 1115.46 571.3 230.9 665.84
6911567881060_camera2-14.jpg 162 1301.93 851.07 1204.4 747.99 195.05 206.15
6911567881060_camera2-15.jpg 162 1304.98 842.68 1206.62 742.32 196.73 200.72
6911567881060_camera2-10.jpg 162 1292.21 877.58 1191.75 768.19 200.92 218.78
6911567881060_camera2-11.jpg 162 1296.04 864.66 1196.82 762.04 198.45 205.24
6911567881060_camera2-16.jpg 162 1303.52 835.21 1205.99 730.55 195.05 209.32
6911567881060_camera2-12.jpg 162 1299.25 856.4 1201.38 753.3 195.73 206.21
6911567881060_camera2-13.jpg 162 1298.03 859.92 1196.0 748.5 204.05 222.84
6911567881060_camera2-18.jpg 162 1300.81 835.23 1202.85 719.9 195.92 230.66
6911567881060_camera2-1.jpg 162 1240.99 870.78 1143.81 770.19 194.37 201.17
6911567881060_camera2-19.jpg 162 1300.7 830.7 1200.68 713.72 200.03 233.96
6911567881060_camera2-20.jpg 162 1296.32 824.64 1197.46 709.76 197.71 229.77
6911567881060_camera2-21.jpg 162 1291.09 808.06 1193.22 703.2 195.73 209.71
6911567881060_camera2-17.jpg 162 1301.98 839.19 1200.94 723.27 202.07 231.84
6911567881060_camera2-23.jpg 162 1280.41 813.18 1181.94 697.15 196.94 232.06
6911567881060_camera2-22.jpg 162 1286.07 805.09 1186.96 702.01 198.22 206.15
6911567881060_camera2-26.jpg 162 1263.05 801.24 1165.68 697.38 194.73 207.71
6911567881060_camera2-28.jpg 162 1251.43 812.37 1147.87 695.0 207.12 234.73
6911567881060_camera2-27.jpg 162 1256.46 813.0 1157.34 697.84 198.25 230.31
6911567881060_camera2-24.jpg 162 1275.31 812.3 1175.95 694.7 198.72 235.19
6911567881060_camera2-2.jpg 162 1245.07 874.86 1147.88 775.63 194.37 198.45
6911567881060_camera2-25.jpg 162 1269.38 811.96 1169.36 695.28 200.03 233.36
6911567881060_camera2-32.jpg 162 1231.59 819.54 1133.72 718.18 195.73 202.72
6911567881060_camera2-33.jpg 162 1228.41 837.67 1122.55 722.61 211.72 230.13
6911567881060_camera2-30.jpg 162 1239.69 818.24 1138.93 707.01 201.52 222.46
6911567881060_camera2-29.jpg 162 1243.71 804.85 1145.16 703.59 197.09 202.52
6911567881060_camera2-31.jpg 162 1236.4 824.44 1134.6 712.82 203.6 223.24
6911567881060_camera2-35.jpg 162 1229.35 838.35 1131.48 736.99 195.73 202.72
6911567881060_camera2-34.jpg 162 1229.57 839.98 1127.16 727.21 204.81 225.53
6911567881060_camera2-36.jpg 162 1227.85 852.27 1127.83 740.8 200.03 222.95
6911567881060_camera2-38.jpg 162 1229.78 857.38 1132.2 757.66 195.16 199.44
6911567881060_camera2-37.jpg 162 1228.97 857.58 1129.31 750.01 199.33 215.13
6911567881060_camera2-3.jpg 162 1251.06 878.12 1153.69 779.26 194.73 197.73
6911567881060_camera2-5.jpg 162 1263.12 888.12 1161.1 780.72 204.05 214.79
6911567881060_camera2-40.jpg 162 1236.19 873.63 1136.17 767.89 200.03 211.49
6911567881060_camera2-4.jpg 162 1256.72 878.54 1159.44 777.77 194.56 201.55
6911567881060_camera2-6.jpg 162 1269.69 887.82 1169.26 781.5 200.87 212.64
6911567881060_camera2-9.jpg 162 1288.93 882.09 1186.64 773.03 204.58 218.11
6911567881060_camera2-7.jpg 162 1276.98 881.37 1179.12 781.76 195.73 199.22
6911567881060_camera2-39.jpg 162 1231.25 868.97 1131.82 760.49 198.87 216.95
6911567881060_camera2-8.jpg 162 1282.56 885.28 1181.05 776.76 203.02 217.04
6911567881060_camera3-10.jpg 162 1351.87 1101.53 1234.81 708.26 234.12 786.54
6911567881060_camera3-11.jpg 162 1361.08 1098.9 1242.7 700.37 236.75 797.07
6911567881060_camera3-12.jpg 162 1362.77 1102.58 1250.75 704.83 224.04 795.5
6911567881060_camera3-13.jpg 162 1371.99 1100.16 1261.52 702.47 220.94 795.39
6911567881060_camera3-14.jpg 162 1370.29 1101.53 1250.6 705.63 239.38 791.81
6911567881060_camera3-15.jpg 162 1382.96 1097.67 1262.08 688.56 241.77 818.22
6911567881060_camera3-16.jpg 162 1390.16 1102.14 1276.01 703.24 228.3 797.8
6911567881060_camera3-17.jpg 162 1398.66 1100.29 1287.69 705.34 221.94 789.9
6911567881060_camera3-1.jpg 162 1345.65 1087.57 1238.95 702.23 213.4 770.68
6911567881060_camera3-19.jpg 162 1407.52 1101.35 1294.22 701.3 226.59 800.1
6911567881060_camera3-18.jpg 162 1403.15 1101.35 1291.22 705.44 223.86 791.82
6911567881060_camera3-21.jpg 162 1419.77 1095.63 1304.66 694.87 230.22 801.52
6911567881060_camera3-23.jpg 162 1422.52 1094.84 1308.68 700.99 227.68 787.7
6911567881060_camera3-22.jpg 162 1417.05 1095.93 1306.84 701.87 220.42 788.12
6911567881060_camera3-20.jpg 162 1415.32 1096.89 1297.23 699.51 236.17 794.77
6911567881060_camera3-24.jpg 162 1420.86 1092.11 1310.65 700.42 220.42 783.37
6911567881060_camera3-25.jpg 162 1421.28 1093.03 1309.56 699.89 223.44 786.28
6911567881060_camera3-26.jpg 162 1422.42 1082.32 1311.23 689.21 222.39 786.21
6911567881060_camera3-27.jpg 162 1419.7 1089.02 1310.55 697.73 218.31 782.57
6911567881060_camera3-2.jpg 162 1341.28 1088.24 1229.76 700.95 223.04 774.57
6911567881060_camera3-28.jpg 162 1417.42 1087.91 1308.8 700.19 217.25 775.44
6911567881060_camera3-29.jpg 162 1412.23 1088.05 1299.81 697.73 224.85 780.63
6911567881060_camera3-30.jpg 162 1409.63 1084.7 1302.33 698.04 214.61 773.32
6911567881060_camera3-32.jpg 162 1396.52 1084.55 1284.1 698.48 224.85 772.14
6911567881060_camera3-35.jpg 162 1376.96 1081.59 1269.58 696.93 214.76 769.32
6911567881060_camera3-31.jpg 162 1401.57 1083.64 1293.39 696.53 216.35 774.23
6911567881060_camera3-38.jpg 162 1357.03 1085.54 1244.3 698.25 225.46 774.57
6911567881060_camera3-37.jpg 162 1362.98 1083.38 1255.15 698.83 215.66 769.1
6911567881060_camera3-34.jpg 162 1381.91 1082.73 1273.44 694.91 216.95 775.65
6911567881060_camera3-33.jpg 162 1389.79 1083.62 1283.41 696.96 212.76 773.32
6911567881060_camera3-39.jpg 162 1349.66 1083.37 1239.58 697.63 220.16 771.47
6911567881060_camera3-36.jpg 162 1372.57 1082.86 1263.18 695.31 218.78 775.1
6911567881060_camera3-5.jpg 162 1336.55 1092.1 1226.47 699.89 220.16 784.42
6911567881060_camera3-4.jpg 162 1335.22 1088.51 1223.5 698.19 223.44 780.63
6911567881060_camera3-3.jpg 162 1336.54 1091.95 1226.64 703.42 219.79 777.07
6911567881060_camera3-7.jpg 162 1340.18 1094.93 1231.56 702.45 217.25 784.95
6911567881060_camera3-40.jpg 162 1344.15 1086.56 1232.43 699.78 223.44 773.56
6911567881060_camera3-6.jpg 162 1336.33 1096.22 1228.5 703.74 215.66 784.95
6911567881060_camera3-8.jpg 162 1345.8 1094.74 1232.66 699.47 226.27 790.53
6911567881060_camera3-9.jpg 162 1347.88 1098.63 1235.46 703.01 224.85 791.25
