6925843403303_camera0-12.jpg 163 1380.69 904.33 1253.28 484.0 254.82 840.65
6925843403303_camera0-14.jpg 163 1390.52 900.71 1265.95 479.99 249.13 841.44
6925843403303_camera0-17.jpg 163 1412.71 907.4 1290.76 495.15 243.9 824.51
6925843403303_camera0-15.jpg 163 1395.28 902.92 1263.75 484.66 263.06 836.52
6925843403303_camera0-26.jpg 163 1445.26 912.13 1326.88 492.55 236.75 839.16
6925843403303_camera0-27.jpg 163 1446.73 907.78 1320.87 500.49 251.72 814.57
6925843403303_camera0-25.jpg 163 1443.94 905.55 1311.1 487.29 265.69 836.52
6925843403303_camera0-28.jpg 163 1445.05 905.64 1321.58 494.51 246.94 822.26
6925843403303_camera0-29.jpg 163 1439.8 905.51 1321.39 499.42 236.81 812.18
6925843403303_camera0-30.jpg 163 1437.17 906.95 1311.08 497.14 252.19 819.63
6925843403303_camera0-33.jpg 163 1425.36 906.18 1307.88 500.09 234.96 812.18
6925843403303_camera0-31.jpg 163 1438.37 904.0 1313.8 499.78 249.13 808.44
6925843403303_camera0-32.jpg 163 1430.79 908.18 1308.47 487.29 244.64 841.79
6925843403303_camera0-34.jpg 163 1420.1 904.33 1297.94 497.14 244.31 814.38
6925843403303_camera0-36.jpg 163 1408.18 910.53 1290.04 506.96 236.28 807.15
6925843403303_camera0-35.jpg 163 1405.8 906.87 1271.64 489.92 268.32 833.89
6925843403303_camera1-16.jpg 163 1270.79 902.44 1146.02 536.85 249.53 731.18
6925843403303_camera1-21.jpg 163 1298.95 886.68 1181.81 532.78 234.28 707.8
6925843403303_camera1-23.jpg 163 1297.94 881.99 1169.22 526.03 257.45 711.92
6925843403303_camera1-25.jpg 163 1299.27 880.56 1171.68 513.59 255.17 733.93
6925843403303_camera1-26.jpg 163 1303.19 868.17 1180.87 517.46 244.65 701.43
6925843403303_camera1-28.jpg 163 1298.08 860.57 1183.9 512.49 228.35 696.15
6925843403303_camera1-29.jpg 163 1295.32 858.35 1169.22 502.39 252.19 711.92
6925843403303_camera1-39.jpg 163 1241.39 855.57 1116.44 497.81 249.91 715.52
6925843403303_camera1-4.jpg 163 1228.23 872.66 1105.91 510.96 244.64 723.41
6925843403303_camera2-13.jpg 163 1297.63 860.31 1188.54 731.21 218.19 258.19
6925843403303_camera2-14.jpg 163 1302.53 856.4 1185.28 724.24 234.49 264.33
6925843403303_camera2-11.jpg 163 1291.23 870.1 1183.92 747.99 214.61 244.21
6925843403303_camera2-12.jpg 163 1289.26 842.12 1182.35 736.19 213.82 211.85
6925843403303_camera2-15.jpg 163 1297.7 846.97 1193.17 725.79 209.06 242.36
6925843403303_camera2-16.jpg 163 1301.79 843.25 1191.14 716.49 221.3 253.51
6925843403303_camera2-18.jpg 163 1295.32 838.48 1176.94 703.0 236.75 270.95
6925843403303_camera2-10.jpg 163 1285.85 872.14 1179.15 749.81 213.4 244.66
6925843403303_camera2-17.jpg 163 1299.49 839.75 1186.2 715.5 226.57 248.5
6925843403303_camera2-19.jpg 163 1291.73 825.9 1185.82 699.99 211.82 251.83
6925843403303_camera2-1.jpg 163 1237.88 858.06 1132.84 746.11 210.08 223.89
6925843403303_camera2-21.jpg 163 1287.2 821.16 1180.5 698.15 213.4 246.02
6925843403303_camera2-22.jpg 163 1283.99 814.74 1171.58 686.27 224.83 256.94
6925843403303_camera2-26.jpg 163 1261.28 809.48 1152.7 682.2 217.15 254.55
6925843403303_camera2-28.jpg 163 1252.06 812.72 1145.46 686.89 213.2 251.65
6925843403303_camera2-20.jpg 163 1292.57 825.36 1184.1 699.16 216.95 252.4
6925843403303_camera2-24.jpg 163 1277.73 812.32 1165.31 682.92 224.85 258.8
6925843403303_camera2-23.jpg 163 1274.28 813.48 1161.16 679.32 226.23 268.32
6925843403303_camera2-25.jpg 163 1268.95 809.81 1160.88 682.95 216.13 253.72
6925843403303_camera2-29.jpg 163 1248.8 815.39 1142.56 689.32 212.49 252.14
6925843403303_camera2-27.jpg 163 1260.08 816.15 1152.55 690.42 215.06 251.46
6925843403303_camera2-2.jpg 163 1248.86 875.46 1139.59 752.78 218.53 245.36
6925843403303_camera2-33.jpg 163 1232.18 827.95 1119.07 695.1 226.23 265.69
6925843403303_camera2-30.jpg 163 1245.75 820.49 1141.09 695.44 209.32 250.1
6925843403303_camera2-31.jpg 163 1241.15 819.64 1128.38 696.31 225.53 246.67
6925843403303_camera2-32.jpg 163 1235.87 828.91 1124.55 704.83 222.63 248.15
6925843403303_camera2-36.jpg 163 1233.5 846.37 1124.33 716.15 218.34 260.43
6925843403303_camera2-34.jpg 163 1234.46 838.71 1125.3 715.81 218.32 245.8
6925843403303_camera2-35.jpg 163 1231.36 844.72 1125.12 721.03 212.49 247.38
6925843403303_camera2-3.jpg 163 1253.46 881.49 1144.28 758.24 218.37 246.5
6925843403303_camera2-38.jpg 163 1236.13 858.2 1126.96 726.67 218.34 263.06
6925843403303_camera2-4.jpg 163 1256.79 877.54 1147.44 754.74 218.7 245.6
6925843403303_camera2-39.jpg 163 1236.26 863.64 1130.52 742.71 211.49 241.87
6925843403303_camera2-37.jpg 163 1233.42 852.91 1126.82 731.16 213.2 243.5
6925843403303_camera2-40.jpg 163 1236.49 868.25 1122.81 734.98 227.37 266.54
6925843403303_camera2-6.jpg 163 1275.59 877.94 1163.79 750.35 223.6 255.17
6925843403303_camera2-5.jpg 163 1266.98 882.18 1156.0 755.76 221.96 252.84
6925843403303_camera2-7.jpg 163 1273.68 876.64 1167.66 751.98 212.04 249.32
6925843403303_camera2-8.jpg 163 1271.64 879.25 1161.16 747.72 220.97 263.06
6925843403303_camera2-9.jpg 163 1284.28 874.59 1177.93 750.01 212.7 249.16
6925843403303_camera3-19.jpg 163 1405.33 1073.56 1275.88 651.56 258.89 844.0
6925843403303_camera3-13.jpg 163 1370.96 1082.42 1246.11 660.49 249.71 843.86
6925843403303_camera3-18.jpg 163 1399.76 1080.8 1277.63 660.27 244.26 841.06
6925843403303_camera3-16.jpg 163 1391.0 1086.89 1264.16 656.64 253.67 860.5
6925843403303_camera3-17.jpg 163 1394.82 1081.01 1274.57 662.89 240.51 836.23
6925843403303_camera3-20.jpg 163 1409.8 1076.7 1284.9 657.33 249.8 838.75
6925843403303_camera3-22.jpg 163 1416.32 1073.91 1287.42 658.28 257.8 831.26
6925843403303_camera3-24.jpg 163 1418.35 1062.02 1291.51 644.2 253.67 835.63
6925843403303_camera3-23.jpg 163 1419.9 1077.02 1302.81 660.27 234.19 833.5
6925843403303_camera3-25.jpg 163 1420.24 1068.86 1293.2 655.98 254.08 825.76
6925843403303_camera3-27.jpg 163 1414.16 1068.44 1289.6 657.62 249.13 821.64
6925843403303_camera3-2.jpg 163 1339.99 1070.69 1223.43 662.36 233.11 816.67
6925843403303_camera3-33.jpg 163 1384.87 1064.15 1262.31 650.15 245.12 828.0
6925843403303_camera3-37.jpg 163 1362.65 1063.47 1240.23 652.37 244.84 822.21
6925843403303_camera3-39.jpg 163 1352.04 1065.74 1227.27 647.93 249.53 835.63
6925843403303_camera3-38.jpg 163 1357.69 1064.3 1235.27 654.02 244.84 820.55
6925843403303_camera3-3.jpg 163 1339.33 1071.75 1220.92 661.04 236.81 821.43
6925843403303_camera3-40.jpg 163 1347.62 1068.16 1221.41 659.82 252.43 816.69
6925843403303_camera3-6.jpg 163 1342.25 1075.83 1213.9 654.11 256.7 843.44
6925843403303_camera3-4.jpg 163 1339.6 1072.88 1212.56 656.29 254.08 833.19
6925843403303_camera3-5.jpg 163 1339.32 1071.76 1219.07 655.49 240.51 832.53
