6907376820598_camera0-22.jpg 164 1442.83 897.97 1365.36 657.38 154.95 481.17
6907376820598_camera0-23.jpg 164 1443.95 896.34 1340.04 642.49 207.82 507.7
6907376820598_camera0-21.jpg 164 1438.07 896.61 1364.67 657.77 146.8 477.67
6907376820598_camera0-32.jpg 164 1433.33 891.85 1316.43 654.66 233.79 474.37
6907376820598_camera0-3.jpg 164 1415.83 894.24 1332.79 654.84 166.07 478.8
6907376820598_camera0-4.jpg 164 1413.69 893.71 1316.36 647.75 194.66 491.92
6907376820598_camera1-11.jpg 164 1262.83 998.06 1146.46 799.61 232.73 396.89
6907376820598_camera1-10.jpg 164 1263.8 997.37 1149.05 800.02 229.49 394.69
6907376820598_camera1-14.jpg 164 1252.37 996.15 1137.07 787.98 230.59 416.34
6907376820598_camera1-12.jpg 164 1258.5 999.75 1143.95 799.74 229.1 400.01
6907376820598_camera1-13.jpg 164 1259.8 993.68 1145.37 789.81 228.86 407.74
6907376820598_camera1-17.jpg 164 1249.42 1011.21 1161.54 802.11 175.76 418.19
6907376820598_camera1-16.jpg 164 1252.54 1012.13 1162.83 805.53 179.42 413.2
6907376820598_camera1-15.jpg 164 1250.6 1009.46 1142.74 795.07 215.71 428.78
6907376820598_camera1-18.jpg 164 1250.39 1012.82 1179.03 805.08 142.72 415.47
6907376820598_camera1-1.jpg 164 1271.43 1014.63 1193.51 810.47 155.85 408.32
6907376820598_camera1-19.jpg 164 1250.28 1017.21 1180.63 807.49 139.3 419.44
6907376820598_camera1-24.jpg 164 1257.17 1021.3 1153.26 810.85 207.82 420.89
6907376820598_camera1-23.jpg 164 1253.48 1020.04 1163.09 814.84 180.78 410.4
6907376820598_camera1-26.jpg 164 1261.11 1017.35 1145.37 810.85 231.49 413.0
6907376820598_camera1-22.jpg 164 1251.8 1022.77 1171.61 814.13 160.39 417.28
6907376820598_camera1-20.jpg 164 1249.73 1016.79 1181.6 809.29 136.26 415.0
6907376820598_camera1-25.jpg 164 1250.59 1023.92 1140.11 813.48 220.97 420.89
6907376820598_camera1-2.jpg 164 1271.64 1013.4 1184.83 800.33 173.62 426.15
6907376820598_camera1-29.jpg 164 1265.46 1017.76 1152.45 825.53 226.02 384.47
6907376820598_camera1-31.jpg 164 1264.95 1019.34 1151.1 823.78 227.71 391.12
6907376820598_camera1-30.jpg 164 1260.6 1015.37 1146.61 822.56 227.98 385.61
6907376820598_camera1-32.jpg 164 1262.43 1014.72 1142.74 813.48 239.38 402.48
6907376820598_camera1-33.jpg 164 1268.76 1015.44 1160.99 822.04 215.53 386.8
6907376820598_camera1-34.jpg 164 1272.25 1020.1 1170.31 821.46 203.88 397.28
6907376820598_camera1-3.jpg 164 1279.5 1016.39 1184.8 804.76 189.4 423.26
6907376820598_camera1-36.jpg 164 1275.18 1022.22 1188.76 820.83 172.85 402.78
6907376820598_camera1-4.jpg 164 1272.96 1004.2 1166.42 795.07 213.08 418.26
6907376820598_camera1-5.jpg 164 1273.33 1007.05 1170.47 801.33 205.72 411.44
6907376820598_camera1-37.jpg 164 1275.37 1022.52 1189.64 816.69 171.45 411.66
6907376820598_camera1-35.jpg 164 1273.03 1018.35 1176.91 823.2 192.23 390.29
6907376820598_camera1-40.jpg 164 1277.0 1019.48 1203.9 811.29 146.19 416.38
6907376820598_camera1-39.jpg 164 1278.71 1015.62 1208.8 811.23 139.82 408.77
6907376820598_camera1-7.jpg 164 1270.16 1002.95 1161.23 802.56 217.86 400.78
6907376820598_camera1-6.jpg 164 1272.71 1005.23 1166.29 804.41 212.84 401.64
6907376820598_camera1-8.jpg 164 1267.49 997.87 1156.04 800.1 222.91 395.53
6907376820598_camera1-9.jpg 164 1263.74 1001.57 1140.11 800.33 247.27 402.48
6907376820598_camera2-10.jpg 164 1257.06 855.28 1195.86 748.71 122.4 213.13
6907376820598_camera2-11.jpg 164 1258.88 858.4 1191.71 749.63 134.35 217.55
6907376820598_camera2-12.jpg 164 1256.6 862.44 1183.57 754.47 146.05 215.94
6907376820598_camera2-13.jpg 164 1256.81 860.82 1178.75 757.13 156.12 207.38
6907376820598_camera2-16.jpg 164 1261.15 864.67 1164.97 777.0 192.36 175.35
6907376820598_camera2-14.jpg 164 1255.86 866.1 1166.42 760.87 178.88 210.45
6907376820598_camera2-17.jpg 164 1260.57 866.42 1162.02 785.55 197.09 161.75
6907376820598_camera2-15.jpg 164 1260.83 864.73 1168.85 770.07 183.96 189.31
6907376820598_camera2-18.jpg 164 1262.69 868.89 1161.91 799.57 201.55 138.64
6907376820598_camera2-19.jpg 164 1266.04 866.48 1164.18 799.57 203.72 133.81
6907376820598_camera2-22.jpg 164 1271.01 865.33 1170.06 791.02 201.9 148.62
6907376820598_camera2-1.jpg 164 1266.95 843.45 1166.59 767.56 200.72 151.79
6907376820598_camera2-21.jpg 164 1269.96 866.75 1166.37 798.25 207.18 137.0
6907376820598_camera2-20.jpg 164 1268.81 862.73 1165.95 799.32 205.71 126.82
6907376820598_camera2-24.jpg 164 1273.97 864.97 1178.44 776.97 191.05 176.0
6907376820598_camera2-25.jpg 164 1276.43 862.72 1189.55 771.56 173.76 182.32
6907376820598_camera2-23.jpg 164 1273.73 867.14 1177.01 784.76 193.44 164.76
6907376820598_camera2-26.jpg 164 1280.19 862.57 1200.81 762.19 158.77 200.76
6907376820598_camera2-28.jpg 164 1280.6 855.91 1214.79 751.25 131.62 209.32
6907376820598_camera2-27.jpg 164 1280.23 859.04 1208.54 757.48 143.38 203.12
6907376820598_camera2-29.jpg 164 1281.21 856.5 1219.52 750.22 123.38 212.55
6907376820598_camera2-30.jpg 164 1283.86 855.9 1225.22 751.48 117.27 208.85
6907376820598_camera2-2.jpg 164 1265.84 848.24 1158.99 762.1 213.7 172.28
6907376820598_camera2-36.jpg 164 1275.65 846.62 1178.82 758.29 193.67 176.66
6907376820598_camera2-37.jpg 164 1275.59 846.37 1166.42 758.24 218.34 176.25
6907376820598_camera2-31.jpg 164 1284.28 853.63 1220.2 751.11 128.16 205.05
6907376820598_camera2-32.jpg 164 1279.17 852.18 1209.35 747.03 139.64 210.31
6907376820598_camera2-34.jpg 164 1276.26 848.6 1188.22 746.36 176.07 204.47
6907376820598_camera2-33.jpg 164 1280.75 850.26 1206.65 749.75 148.2 201.03
6907376820598_camera2-35.jpg 164 1276.6 848.24 1182.87 750.64 187.47 195.2
6907376820598_camera2-39.jpg 164 1268.53 842.41 1165.34 766.14 206.38 152.54
6907376820598_camera2-38.jpg 164 1271.03 845.57 1168.36 768.16 205.35 154.83
6907376820598_camera2-3.jpg 164 1264.04 848.02 1166.89 766.28 194.3 163.49
6907376820598_camera2-5.jpg 164 1258.38 850.73 1163.96 747.19 188.85 207.07
6907376820598_camera2-40.jpg 164 1265.84 839.96 1157.33 758.79 217.01 162.34
6907376820598_camera2-4.jpg 164 1260.46 846.74 1165.96 755.05 189.0 183.39
6907376820598_camera2-7.jpg 164 1255.88 852.83 1179.7 750.11 152.36 205.43
6907376820598_camera2-8.jpg 164 1255.35 853.08 1177.07 740.98 156.55 224.19
6907376820598_camera2-6.jpg 164 1258.66 850.73 1173.37 748.71 170.58 204.03
6907376820598_camera2-9.jpg 164 1258.32 855.33 1193.22 745.41 130.2 219.84
6907376820598_camera3-10.jpg 164 1373.51 1228.25 1256.62 989.03 233.79 478.45
6907376820598_camera3-14.jpg 164 1367.72 1239.2 1258.38 984.08 218.67 510.23
6907376820598_camera3-13.jpg 164 1370.64 1230.96 1268.7 989.8 203.88 482.33
6907376820598_camera3-15.jpg 164 1368.55 1234.22 1266.67 980.77 203.76 506.91
6907376820598_camera3-17.jpg 164 1365.02 1235.12 1290.94 989.78 148.16 490.68
6907376820598_camera3-16.jpg 164 1365.93 1232.21 1277.45 985.54 176.97 493.35
6907376820598_camera3-19.jpg 164 1363.71 1234.38 1279.53 979.21 168.36 510.33
6907376820598_camera3-1.jpg 164 1388.61 1239.41 1300.65 988.93 175.92 500.96
6907376820598_camera3-20.jpg 164 1368.57 1237.22 1296.34 990.23 144.47 493.98
6907376820598_camera3-18.jpg 164 1364.08 1236.67 1291.05 986.42 146.05 500.5
6907376820598_camera3-21.jpg 164 1369.38 1238.37 1279.92 979.11 178.91 518.51
6907376820598_camera3-25.jpg 164 1373.51 1239.19 1255.07 987.39 236.89 503.6
6907376820598_camera3-22.jpg 164 1368.57 1238.7 1279.54 992.0 178.06 493.4
6907376820598_camera3-24.jpg 164 1370.14 1236.39 1264.17 991.49 211.95 489.81
6907376820598_camera3-23.jpg 164 1366.48 1237.67 1260.18 986.43 212.59 502.49
6907376820598_camera3-28.jpg 164 1380.84 1236.03 1264.33 993.11 233.01 485.83
6907376820598_camera3-26.jpg 164 1374.05 1231.56 1250.03 982.4 248.03 498.31
6907376820598_camera3-30.jpg 164 1374.23 1234.38 1247.96 979.21 252.54 510.33
6907376820598_camera3-29.jpg 164 1381.35 1237.26 1262.58 991.25 237.53 492.03
6907376820598_camera3-2.jpg 164 1389.77 1234.53 1296.26 987.84 187.02 493.37
6907376820598_camera3-37.jpg 164 1390.02 1243.58 1297.95 984.47 184.14 518.22
6907376820598_camera3-35.jpg 164 1389.94 1237.28 1295.39 991.04 189.1 492.48
6907376820598_camera3-39.jpg 164 1390.02 1237.01 1297.95 973.95 184.14 526.12
6907376820598_camera3-38.jpg 164 1390.08 1236.75 1319.4 990.73 141.36 492.04
6907376820598_camera3-36.jpg 164 1388.7 1234.38 1300.58 984.47 176.25 499.81
6907376820598_camera3-40.jpg 164 1388.48 1239.56 1303.61 986.55 169.74 506.02
6907376820598_camera3-3.jpg 164 1388.42 1234.5 1287.77 987.28 201.3 494.45
6907376820598_camera3-4.jpg 164 1389.0 1232.81 1280.51 986.74 216.98 492.14
6907376820598_camera3-6.jpg 164 1380.81 1230.43 1255.86 984.47 249.91 491.92
6907376820598_camera3-5.jpg 164 1386.91 1231.91 1278.17 989.97 217.48 483.88
6907376820598_camera3-7.jpg 164 1383.5 1229.37 1267.28 986.69 232.44 485.36
6907376820598_camera3-9.jpg 164 1379.44 1227.09 1261.77 986.5 235.34 481.17
