6903148232965_camera0-13.jpg 165 1399.22 1017.35 1276.9 721.41 244.64 591.88
6903148232965_camera0-10.jpg 165 1389.4 1019.95 1278.91 720.51 220.98 598.89
6903148232965_camera0-11.jpg 165 1387.38 1021.29 1274.27 724.04 226.23 594.51
6903148232965_camera0-12.jpg 165 1391.37 1022.59 1280.16 727.24 222.42 590.7
6903148232965_camera0-16.jpg 165 1411.61 1022.74 1308.53 729.37 206.15 586.73
6903148232965_camera0-15.jpg 165 1404.16 1018.32 1294.97 723.58 218.39 589.47
6903148232965_camera0-14.jpg 165 1400.62 1019.96 1282.12 717.31 237.0 605.3
6903148232965_camera0-17.jpg 165 1417.57 1023.22 1324.37 729.62 186.4 587.19
6903148232965_camera0-19.jpg 165 1425.79 1022.09 1340.88 725.7 169.81 592.78
6903148232965_camera0-1.jpg 165 1383.45 1021.36 1301.45 724.0 164.0 594.71
6903148232965_camera0-18.jpg 165 1423.04 1016.75 1330.16 717.31 185.75 598.89
6903148232965_camera0-25.jpg 165 1438.12 1026.33 1342.87 728.97 190.51 594.71
6903148232965_camera0-21.jpg 165 1432.76 1024.08 1355.06 729.13 155.41 589.9
6903148232965_camera0-20.jpg 165 1430.41 1021.86 1344.73 718.59 171.36 606.54
6903148232965_camera0-27.jpg 165 1436.7 1023.25 1330.21 727.9 212.99 590.69
6903148232965_camera0-22.jpg 165 1432.19 1022.18 1345.22 721.65 173.94 601.06
6903148232965_camera0-2.jpg 165 1380.31 1023.01 1306.91 732.14 146.8 581.75
6903148232965_camera0-28.jpg 165 1436.05 1022.19 1322.02 727.45 228.06 589.47
6903148232965_camera0-29.jpg 165 1434.04 1020.84 1323.83 734.61 220.42 572.46
6903148232965_camera0-31.jpg 165 1427.47 1021.12 1311.75 732.16 231.45 577.91
6903148232965_camera0-30.jpg 165 1430.62 1018.02 1327.55 732.58 206.15 570.87
6903148232965_camera0-23.jpg 165 1437.01 1024.12 1349.08 727.45 175.87 593.33
6903148232965_camera0-32.jpg 165 1422.67 1019.88 1314.84 734.44 215.66 570.88
6903148232965_camera0-34.jpg 165 1408.31 1018.05 1291.52 728.97 233.58 578.15
6903148232965_camera0-33.jpg 165 1416.5 1019.63 1311.16 733.52 210.68 572.23
6903148232965_camera0-35.jpg 165 1405.47 1018.99 1298.97 726.48 212.99 585.01
6903148232965_camera0-39.jpg 165 1390.64 1024.12 1308.5 729.38 164.28 589.47
6903148232965_camera0-40.jpg 165 1385.53 1021.75 1311.45 732.24 148.16 579.03
6903148232965_camera0-6.jpg 165 1378.62 1023.18 1282.45 729.19 192.34 587.97
6903148232965_camera0-8.jpg 165 1380.14 1022.18 1268.32 724.0 223.64 596.37
6903148232965_camera0-9.jpg 165 1382.31 1024.27 1272.89 729.32 218.84 589.9
6903148232965_camera0-5.jpg 165 1376.42 1024.77 1284.96 729.65 182.92 590.24
6903148232965_camera0-4.jpg 165 1380.97 1020.25 1294.97 727.45 172.01 585.6
6903148232965_camera0-7.jpg 165 1379.6 1021.0 1279.01 728.76 201.17 584.47
6903148232965_camera1-10.jpg 165 1248.2 981.65 1137.25 740.48 221.9 482.35
6903148232965_camera1-12.jpg 165 1258.25 982.56 1136.49 737.11 243.52 490.9
6903148232965_camera1-11.jpg 165 1253.29 986.33 1141.2 742.93 224.18 486.8
6903148232965_camera1-13.jpg 165 1263.05 985.33 1150.32 741.17 225.46 488.33
6903148232965_camera1-14.jpg 165 1267.38 985.32 1157.3 735.56 220.16 499.52
6903148232965_camera1-15.jpg 165 1272.96 979.2 1161.16 724.04 223.6 510.33
6903148232965_camera1-16.jpg 165 1277.71 985.38 1182.57 727.81 190.29 515.15
6903148232965_camera1-1.jpg 165 1237.94 954.05 1162.28 694.7 151.32 518.69
6903148232965_camera1-18.jpg 165 1286.99 981.06 1202.83 719.23 168.32 523.65
6903148232965_camera1-17.jpg 165 1283.38 983.52 1186.74 721.65 193.27 523.75
6903148232965_camera1-20.jpg 165 1291.72 976.71 1205.25 701.29 172.94 550.85
6903148232965_camera1-19.jpg 165 1290.04 981.1 1213.92 717.86 152.23 526.47
6903148232965_camera1-21.jpg 165 1291.1 975.8 1209.93 706.19 162.34 539.22
6903148232965_camera1-23.jpg 165 1300.23 968.44 1215.04 705.06 170.39 526.77
6903148232965_camera1-25.jpg 165 1298.13 962.31 1189.24 704.5 217.78 515.62
6903148232965_camera1-26.jpg 165 1295.65 957.58 1185.49 700.81 220.32 513.54
6903148232965_camera1-28.jpg 165 1294.75 950.94 1183.43 708.7 222.64 484.47
6903148232965_camera1-2.jpg 165 1237.28 954.3 1150.81 688.48 172.94 531.64
6903148232965_camera1-36.jpg 165 1256.32 949.71 1157.75 688.8 197.13 521.82
6903148232965_camera1-34.jpg 165 1265.98 945.84 1153.88 692.66 224.19 506.36
6903148232965_camera1-35.jpg 165 1266.1 946.29 1163.62 685.28 204.97 522.03
6903148232965_camera1-3.jpg 165 1235.11 959.84 1152.73 698.46 164.75 522.76
6903148232965_camera1-39.jpg 165 1244.71 952.96 1163.16 687.03 163.09 531.86
6903148232965_camera1-38.jpg 165 1250.38 944.0 1170.3 687.9 160.16 512.2
6903148232965_camera1-37.jpg 165 1254.0 946.11 1166.49 688.93 175.02 514.35
6903148232965_camera1-5.jpg 165 1235.3 964.63 1138.15 706.44 194.29 516.38
6903148232965_camera1-4.jpg 165 1232.18 964.75 1134.85 703.0 194.66 523.49
6903148232965_camera1-40.jpg 165 1242.09 949.5 1160.42 688.48 163.33 522.03
6903148232965_camera1-8.jpg 165 1241.66 972.98 1130.65 728.77 222.01 488.42
6903148232965_camera1-6.jpg 165 1237.68 968.79 1133.97 715.57 207.43 506.43
6903148232965_camera1-7.jpg 165 1239.98 972.7 1132.6 724.64 214.76 496.12
6903148232965_camera1-9.jpg 165 1249.99 972.12 1127.16 730.74 245.65 482.77
6903148232965_camera2-11.jpg 165 1287.75 846.61 1218.72 742.58 138.06 208.06
6903148232965_camera2-12.jpg 165 1288.53 840.61 1211.66 733.32 153.73 214.58
6903148232965_camera2-10.jpg 165 1287.52 850.42 1218.88 745.76 137.28 209.32
6903148232965_camera2-13.jpg 165 1289.04 834.16 1208.69 725.66 160.69 217.01
6903148232965_camera2-16.jpg 165 1288.97 825.75 1194.69 732.24 188.55 187.02
6903148232965_camera2-14.jpg 165 1298.12 832.6 1205.25 723.71 185.75 217.78
6903148232965_camera2-15.jpg 165 1291.92 840.12 1204.06 730.39 175.72 219.47
6903148232965_camera2-17.jpg 165 1289.03 827.53 1185.49 730.62 207.07 193.82
6903148232965_camera2-18.jpg 165 1286.12 815.77 1184.26 737.88 203.72 155.78
6903148232965_camera2-22.jpg 165 1270.57 819.87 1167.52 730.17 206.1 179.39
6903148232965_camera2-19.jpg 165 1286.92 829.4 1173.23 730.12 227.39 198.56
6903148232965_camera2-20.jpg 165 1281.57 823.4 1175.55 733.94 212.04 178.91
6903148232965_camera2-21.jpg 165 1275.51 819.87 1175.65 735.48 199.72 168.77
6903148232965_camera2-25.jpg 165 1258.51 820.65 1160.39 712.82 196.23 215.65
6903148232965_camera2-1.jpg 165 1246.89 861.42 1138.0 781.36 217.78 160.13
6903148232965_camera2-23.jpg 165 1267.23 818.78 1163.8 725.27 206.86 187.02
6903148232965_camera2-26.jpg 165 1251.84 803.01 1162.24 707.87 179.19 190.29
6903148232965_camera2-24.jpg 165 1262.77 818.07 1161.24 717.96 203.05 200.21
6903148232965_camera2-28.jpg 165 1249.07 820.63 1168.98 704.6 160.18 232.06
6903148232965_camera2-27.jpg 165 1250.09 821.39 1157.21 704.5 185.75 233.79
6903148232965_camera2-29.jpg 165 1241.4 811.12 1170.5 706.76 141.8 208.71
6903148232965_camera2-30.jpg 165 1236.85 818.42 1157.33 707.43 159.03 221.98
6903148232965_camera2-2.jpg 165 1254.89 861.43 1141.2 778.16 227.39 166.54
6903148232965_camera2-32.jpg 165 1232.57 823.02 1162.23 716.05 140.67 213.95
6903148232965_camera2-31.jpg 165 1234.36 821.74 1162.3 712.4 144.12 218.67
6903148232965_camera2-33.jpg 165 1235.53 828.92 1159.34 724.05 152.39 209.75
6903148232965_camera2-35.jpg 165 1234.65 835.69 1144.78 740.25 179.75 190.88
6903148232965_camera2-36.jpg 165 1239.33 834.99 1137.45 742.22 203.76 185.54
6903148232965_camera2-34.jpg 165 1235.29 830.9 1154.32 730.71 161.94 200.39
6903148232965_camera2-39.jpg 165 1243.68 856.62 1131.59 768.55 224.18 176.15
6903148232965_camera2-38.jpg 165 1238.91 859.78 1135.91 767.93 206.0 183.7
6903148232965_camera2-40.jpg 165 1245.96 854.04 1139.11 780.32 213.7 147.44
6903148232965_camera2-4.jpg 165 1258.22 861.94 1160.21 780.19 196.01 163.49
6903148232965_camera2-6.jpg 165 1268.77 861.35 1176.15 762.94 185.24 196.81
6903148232965_camera2-3.jpg 165 1259.7 869.43 1150.81 778.16 217.78 182.55
6903148232965_camera2-37.jpg 165 1235.06 845.34 1128.76 750.64 212.59 189.4
6903148232965_camera2-5.jpg 165 1266.25 869.99 1169.37 770.76 193.77 198.46
6903148232965_camera2-7.jpg 165 1275.36 855.24 1194.39 757.96 161.94 194.56
6903148232965_camera2-8.jpg 165 1279.51 855.0 1194.47 748.71 170.08 212.59
6903148232965_camera3-10.jpg 165 1364.5 1190.16 1251.37 893.89 226.27 592.54
6903148232965_camera2-9.jpg 165 1285.32 853.42 1205.25 746.13 160.13 214.58
6903148232965_camera3-12.jpg 165 1374.86 1189.56 1269.6 892.51 210.51 594.1
6903148232965_camera3-13.jpg 165 1379.38 1190.88 1270.88 891.74 216.99 598.29
6903148232965_camera3-15.jpg 165 1385.58 1190.09 1283.35 884.09 204.47 611.99
6903148232965_camera3-14.jpg 165 1386.82 1190.79 1281.88 890.0 209.88 601.58
6903148232965_camera3-11.jpg 165 1367.59 1189.44 1257.51 893.43 220.16 592.02
6903148232965_camera3-16.jpg 165 1394.21 1196.1 1298.13 883.84 192.16 624.51
6903148232965_camera3-18.jpg 165 1401.26 1194.19 1314.29 887.86 173.94 612.66
6903148232965_camera3-17.jpg 165 1397.87 1191.74 1313.85 888.64 168.03 606.2
6903148232965_camera3-19.jpg 165 1405.47 1189.36 1332.07 886.93 146.8 604.86
6903148232965_camera3-1.jpg 165 1349.39 1182.95 1270.0 881.73 158.79 602.44
6903148232965_camera3-20.jpg 165 1402.23 1188.39 1320.09 884.0 164.28 608.79
6903148232965_camera3-22.jpg 165 1411.79 1186.62 1326.94 886.01 169.7 601.23
6903148232965_camera3-24.jpg 165 1408.31 1178.73 1304.77 879.72 207.07 598.02
6903148232965_camera3-26.jpg 165 1410.16 1178.98 1300.77 884.15 218.78 589.66
6903148232965_camera3-29.jpg 165 1397.41 1172.08 1285.32 877.44 224.18 589.28
6903148232965_camera3-28.jpg 165 1399.13 1172.37 1291.92 884.77 214.42 575.2
6903148232965_camera3-25.jpg 165 1407.87 1179.7 1290.62 883.19 234.5 593.01
6903148232965_camera3-27.jpg 165 1404.13 1177.07 1295.19 885.07 217.88 584.0
6903148232965_camera3-30.jpg 165 1395.88 1169.62 1284.89 878.06 221.98 583.11
6903148232965_camera3-31.jpg 165 1390.75 1173.17 1283.71 883.77 214.08 578.8
6903148232965_camera3-34.jpg 165 1374.8 1175.68 1276.1 881.13 197.41 589.11
6903148232965_camera3-32.jpg 165 1391.0 1178.49 1278.91 880.64 224.18 595.69
6903148232965_camera3-33.jpg 165 1379.46 1173.16 1279.85 881.32 199.22 583.69
6903148232965_camera3-36.jpg 165 1365.48 1178.92 1280.29 881.25 170.39 595.34
6903148232965_camera3-39.jpg 165 1351.16 1180.39 1271.64 879.72 159.03 601.34
6903148232965_camera3-5.jpg 165 1350.87 1185.44 1251.64 886.41 198.45 598.06
6903148232965_camera3-38.jpg 165 1357.38 1178.49 1272.51 877.44 169.74 602.1
6903148232965_camera3-3.jpg 165 1346.54 1183.69 1254.95 882.67 183.17 602.05
6903148232965_camera3-4.jpg 165 1348.66 1185.62 1256.24 888.63 184.85 593.98
6903148232965_camera3-40.jpg 165 1351.54 1181.86 1275.69 882.49 151.69 598.74
6903148232965_camera3-7.jpg 165 1355.29 1188.67 1243.47 888.0 223.64 601.34
6903148232965_camera3-6.jpg 165 1352.1 1185.49 1247.44 886.57 209.32 597.83
6903148232965_camera3-8.jpg 165 1355.52 1185.07 1241.68 888.09 227.68 593.96
6903148232965_camera3-9.jpg 165 1357.99 1186.78 1248.45 891.66 219.08 590.24
