6924882349016_camera0-10.jpg 166 1375.55 1019.98 1284.79 716.15 181.51 607.66
6924882349016_camera0-11.jpg 166 1389.49 1013.25 1304.8 714.9 169.39 596.71
6924882349016_camera0-13.jpg 166 1389.88 1021.22 1305.82 723.06 168.13 596.33
6924882349016_camera0-12.jpg 166 1387.26 1018.6 1300.57 720.43 173.38 596.34
6924882349016_camera0-14.jpg 166 1399.48 1021.9 1315.84 727.95 167.28 587.9
6924882349016_camera0-15.jpg 166 1401.73 1022.31 1321.84 728.71 159.78 587.19
6924882349016_camera0-16.jpg 166 1406.59 1018.41 1319.9 720.06 173.38 596.71
6924882349016_camera0-18.jpg 166 1417.03 1017.27 1332.79 716.66 168.49 601.23
6924882349016_camera0-17.jpg 166 1414.84 1021.22 1329.46 720.43 170.76 601.59
6924882349016_camera0-1.jpg 166 1376.6 1019.35 1295.04 732.07 163.12 574.56
6924882349016_camera0-23.jpg 166 1437.37 1014.72 1355.82 718.78 163.1 591.88
6924882349016_camera0-19.jpg 166 1420.42 1018.25 1335.5 719.09 169.85 598.32
6924882349016_camera0-20.jpg 166 1429.59 1019.36 1344.91 723.76 169.36 591.19
6924882349016_camera0-22.jpg 166 1433.42 1021.29 1345.3 724.04 176.25 594.51
6924882349016_camera0-21.jpg 166 1434.17 1018.89 1348.36 722.59 171.62 592.61
6924882349016_camera0-24.jpg 166 1436.83 1017.29 1352.87 722.95 167.92 588.67
6924882349016_camera0-25.jpg 166 1443.42 1020.96 1358.12 731.84 170.61 578.23
6924882349016_camera0-27.jpg 166 1443.51 1019.62 1365.36 732.14 156.31 574.95
6924882349016_camera0-26.jpg 166 1440.69 1020.18 1356.73 722.95 167.92 594.46
6924882349016_camera0-29.jpg 166 1430.8 1013.4 1342.67 718.78 176.25 589.25
6924882349016_camera0-28.jpg 166 1440.07 1016.66 1357.03 728.78 166.07 575.77
6924882349016_camera0-2.jpg 166 1375.89 1018.81 1291.52 731.78 168.74 574.06
6924882349016_camera0-30.jpg 166 1435.36 1018.25 1358.56 730.78 153.59 574.95
6924882349016_camera0-32.jpg 166 1425.79 1016.83 1345.24 725.52 161.09 582.61
6924882349016_camera0-31.jpg 166 1431.31 1017.98 1349.42 728.47 163.78 579.02
6924882349016_camera0-33.jpg 166 1421.27 1019.35 1341.79 731.03 158.97 576.64
6924882349016_camera0-34.jpg 166 1413.83 1017.5 1333.0 726.1 161.65 582.8
6924882349016_camera0-36.jpg 166 1405.0 1018.37 1328.09 730.55 153.82 575.63
6924882349016_camera0-38.jpg 166 1397.03 1017.28 1312.18 727.57 169.7 579.41
6924882349016_camera0-37.jpg 166 1399.88 1019.63 1316.33 730.12 167.09 579.02
6924882349016_camera0-3.jpg 166 1371.6 1022.61 1287.42 726.67 168.36 591.88
6924882349016_camera0-35.jpg 166 1410.62 1019.63 1327.91 728.47 165.43 582.33
6924882349016_camera0-39.jpg 166 1385.85 1019.51 1307.79 732.91 156.12 573.21
6924882349016_camera0-4.jpg 166 1371.07 1015.96 1285.51 723.93 171.12 584.06
6924882349016_camera0-5.jpg 166 1368.55 1020.66 1286.04 728.26 165.02 584.81
6924882349016_camera0-40.jpg 166 1375.55 1019.98 1284.79 726.67 181.51 586.62
6924882349016_camera0-7.jpg 166 1367.25 1018.84 1285.69 726.88 163.12 583.91
6924882349016_camera0-6.jpg 166 1363.49 1019.63 1274.98 726.81 177.01 585.64
6924882349016_camera0-8.jpg 166 1370.28 1012.09 1290.05 718.78 160.47 586.62
6924882349016_camera1-10.jpg 166 1240.92 990.26 1161.79 751.9 158.27 476.73
6924882349016_camera0-9.jpg 166 1373.37 1017.65 1291.04 721.88 164.65 591.54
6924882349016_camera1-11.jpg 166 1238.76 988.42 1150.63 745.09 176.25 486.66
6924882349016_camera1-15.jpg 166 1265.12 998.76 1188.32 764.3 153.59 468.93
6924882349016_camera1-18.jpg 166 1282.05 993.38 1200.49 757.01 163.12 472.74
6924882349016_camera1-13.jpg 166 1255.13 999.91 1174.07 759.62 162.13 480.59
6924882349016_camera1-14.jpg 166 1261.49 997.75 1182.2 762.26 158.58 470.97
6924882349016_camera1-17.jpg 166 1277.89 994.94 1197.37 755.97 161.04 477.94
6924882349016_camera1-12.jpg 166 1248.8 994.93 1170.36 759.08 156.89 471.7
6924882349016_camera1-1.jpg 166 1232.79 955.94 1154.21 716.89 157.16 478.1
6924882349016_camera1-19.jpg 166 1287.88 990.38 1209.05 756.6 157.67 467.57
6924882349016_camera1-20.jpg 166 1291.38 987.11 1205.88 745.09 170.99 484.03
6924882349016_camera1-16.jpg 166 1268.02 998.11 1187.94 763.18 160.16 469.86
6924882349016_camera1-21.jpg 166 1294.0 985.6 1213.88 750.21 160.23 470.78
6924882349016_camera1-24.jpg 166 1298.15 972.6 1219.19 738.31 157.93 468.58
6924882349016_camera1-22.jpg 166 1297.18 980.31 1218.68 746.41 156.99 467.8
6924882349016_camera1-25.jpg 166 1301.1 970.0 1218.14 731.78 165.91 476.45
6924882349016_camera1-23.jpg 166 1298.55 979.54 1215.82 743.63 165.46 471.83
6924882349016_camera1-27.jpg 166 1298.26 960.08 1218.14 721.85 160.23 476.45
6924882349016_camera1-26.jpg 166 1297.94 971.31 1219.03 726.67 157.83 489.29
6924882349016_camera1-2.jpg 166 1231.21 958.87 1153.29 722.42 155.85 472.89
6924882349016_camera1-28.jpg 166 1300.36 959.56 1219.29 721.33 162.13 476.45
6924882349016_camera1-30.jpg 166 1287.13 951.73 1203.08 710.54 168.1 482.38
6924882349016_camera1-29.jpg 166 1293.99 955.51 1218.6 722.34 150.79 466.34
6924882349016_camera1-33.jpg 166 1269.01 947.64 1179.57 703.0 178.88 489.29
6924882349016_camera1-32.jpg 166 1277.38 948.18 1202.57 714.41 149.61 467.55
6924882349016_camera1-31.jpg 166 1284.79 946.33 1200.61 705.63 168.36 481.4
6924882349016_camera1-35.jpg 166 1261.28 944.54 1184.91 708.17 152.73 472.74
6924882349016_camera1-34.jpg 166 1268.55 944.54 1191.14 709.21 154.81 470.66
6924882349016_camera1-38.jpg 166 1247.97 942.38 1161.16 705.63 173.62 473.5
6924882349016_camera1-36.jpg 166 1256.15 944.62 1178.23 711.74 155.85 465.76
6924882349016_camera1-37.jpg 166 1251.47 947.87 1174.58 713.69 153.79 468.35
6924882349016_camera1-39.jpg 166 1238.03 951.66 1156.0 711.37 164.06 480.59
6924882349016_camera1-3.jpg 166 1220.34 964.74 1129.59 721.41 181.51 486.66
6924882349016_camera1-4.jpg 166 1223.87 965.32 1145.42 728.95 156.89 472.74
6924882349016_camera1-6.jpg 166 1220.35 976.58 1137.48 737.19 165.73 478.77
6924882349016_camera1-40.jpg 166 1232.32 955.11 1154.33 719.01 155.98 472.2
6924882349016_camera1-5.jpg 166 1227.65 971.33 1150.62 737.56 154.07 467.55
6924882349016_camera1-7.jpg 166 1228.25 980.27 1151.23 746.19 154.03 468.15
6924882349016_camera2-11.jpg 166 1297.95 868.72 1216.4 789.81 163.1 157.83
6924882349016_camera1-8.jpg 166 1230.9 982.76 1151.49 748.79 158.82 467.94
6924882349016_camera2-10.jpg 166 1293.99 880.25 1221.62 800.15 144.75 160.2
6924882349016_camera1-9.jpg 166 1236.11 984.25 1159.52 747.36 153.18 473.78
6924882349016_camera2-12.jpg 166 1300.58 867.41 1219.03 789.81 163.1 155.2
6924882349016_camera2-14.jpg 166 1300.58 854.25 1219.03 768.76 163.1 170.99
6924882349016_camera2-13.jpg 166 1299.67 865.77 1226.64 784.24 146.05 163.07
6924882349016_camera2-17.jpg 166 1297.37 845.5 1226.7 763.62 141.33 163.76
6924882349016_camera2-15.jpg 166 1301.89 856.88 1221.66 768.76 160.47 176.25
6924882349016_camera2-18.jpg 166 1296.48 844.26 1222.04 758.24 148.89 172.05
6924882349016_camera2-16.jpg 166 1299.35 847.1 1227.21 767.84 144.27 158.52
6924882349016_camera2-19.jpg 166 1294.42 838.61 1225.95 757.72 136.95 161.78
6924882349016_camera2-22.jpg 166 1276.89 820.06 1200.61 737.19 152.57 165.73
6924882349016_camera2-1.jpg 166 1250.16 884.81 1177.37 804.57 145.58 160.47
6924882349016_camera2-20.jpg 166 1291.06 833.71 1217.45 747.91 147.22 171.61
6924882349016_camera2-21.jpg 166 1291.37 826.63 1213.77 737.19 155.2 178.88
6924882349016_camera2-23.jpg 166 1278.39 825.36 1205.37 741.7 146.05 167.32
6924882349016_camera2-24.jpg 166 1270.7 824.9 1199.71 743.12 141.98 163.57
6924882349016_camera2-26.jpg 166 1263.75 825.31 1176.94 729.3 173.62 192.03
6924882349016_camera2-28.jpg 166 1251.16 828.75 1181.36 748.97 139.61 159.55
6924882349016_camera2-29.jpg 166 1249.34 831.04 1174.18 745.96 150.31 170.16
6924882349016_camera2-25.jpg 166 1265.06 813.48 1184.83 724.04 160.47 178.88
6924882349016_camera2-27.jpg 166 1255.0 828.2 1179.85 743.12 150.31 170.16
6924882349016_camera2-2.jpg 166 1251.91 888.46 1174.31 797.7 155.2 181.51
6924882349016_camera2-30.jpg 166 1244.37 835.17 1170.75 751.63 147.24 167.09
6924882349016_camera2-32.jpg 166 1238.8 842.46 1167.75 763.71 142.09 157.5
6924882349016_camera2-31.jpg 166 1240.08 843.74 1158.53 747.72 163.1 192.03
6924882349016_camera2-33.jpg 166 1237.28 848.05 1164.25 765.81 146.05 164.49
6924882349016_camera2-37.jpg 166 1241.39 863.46 1161.16 774.02 160.47 178.88
6924882349016_camera2-35.jpg 166 1236.56 856.56 1162.83 772.9 147.47 167.32
6924882349016_camera2-36.jpg 166 1234.08 862.58 1164.75 783.83 138.66 157.5
6924882349016_camera2-34.jpg 166 1238.7 853.73 1160.0 771.48 157.4 164.49
6924882349016_camera2-39.jpg 166 1242.7 867.41 1163.79 789.81 157.83 155.2
6924882349016_camera2-38.jpg 166 1239.04 871.24 1166.33 791.95 145.42 158.58
6924882349016_camera2-3.jpg 166 1259.25 890.59 1184.1 806.93 150.31 167.32
6924882349016_camera2-40.jpg 166 1246.73 878.18 1172.18 797.27 149.09 161.82
6924882349016_camera2-8.jpg 166 1285.49 885.62 1212.46 805.51 146.05 160.23
6924882349016_camera2-7.jpg 166 1282.16 884.51 1200.61 802.96 163.1 163.1
6924882349016_camera2-5.jpg 166 1270.6 891.3 1196.87 809.77 147.47 163.07
6924882349016_camera2-6.jpg 166 1274.7 887.96 1201.09 811.66 147.22 152.61
6924882349016_camera2-4.jpg 166 1263.37 888.71 1188.14 808.8 150.45 159.82
6924882349016_camera2-9.jpg 166 1289.75 880.67 1216.72 802.68 146.05 155.98
6924882349016_camera3-10.jpg 166 1360.29 1189.55 1278.09 890.45 164.4 598.2
6924882349016_camera3-13.jpg 166 1372.91 1185.7 1282.16 876.61 181.51 618.19
6924882349016_camera3-12.jpg 166 1371.76 1192.51 1284.9 890.59 173.71 603.83
6924882349016_camera3-11.jpg 166 1361.7 1189.7 1282.18 892.71 159.03 593.98
6924882349016_camera3-15.jpg 166 1387.47 1192.51 1303.1 890.59 168.74 603.83
6924882349016_camera3-14.jpg 166 1379.82 1190.12 1295.66 893.11 168.32 594.01
6924882349016_camera3-16.jpg 166 1387.38 1189.65 1292.68 884.51 189.4 610.29
6924882349016_camera3-17.jpg 166 1397.13 1189.56 1313.53 891.86 167.21 595.39
6924882349016_camera3-18.jpg 166 1403.17 1188.34 1316.36 887.14 173.62 602.4
6924882349016_camera3-19.jpg 166 1405.85 1188.98 1322.21 893.91 167.28 590.15
6924882349016_camera3-21.jpg 166 1409.81 1185.06 1324.61 887.28 170.4 595.56
6924882349016_camera3-20.jpg 166 1408.97 1184.23 1326.26 887.28 165.43 593.91
6924882349016_camera3-1.jpg 166 1344.21 1177.1 1264.21 884.62 160.0 584.95
6924882349016_camera3-22.jpg 166 1415.24 1184.83 1333.0 887.76 164.49 594.14
6924882349016_camera3-23.jpg 166 1412.94 1182.45 1331.12 889.72 163.64 585.47
6924882349016_camera3-25.jpg 166 1409.74 1176.51 1321.62 881.88 176.25 589.25
6924882349016_camera3-27.jpg 166 1410.62 1175.97 1327.91 877.36 165.43 597.22
6924882349016_camera3-26.jpg 166 1416.42 1179.8 1332.37 883.79 168.1 592.01
6924882349016_camera3-24.jpg 166 1417.09 1181.36 1334.66 885.59 164.85 591.53
6924882349016_camera3-28.jpg 166 1408.43 1171.24 1321.62 871.35 173.62 599.77
6924882349016_camera3-29.jpg 166 1403.19 1175.14 1321.3 880.67 163.78 588.94
6924882349016_camera3-30.jpg 166 1395.28 1172.55 1308.47 873.98 173.62 597.14
6924882349016_camera3-32.jpg 166 1387.43 1170.77 1308.04 878.64 158.79 584.26
6924882349016_camera3-2.jpg 166 1341.14 1179.27 1258.43 883.97 165.43 590.6
6924882349016_camera3-33.jpg 166 1384.84 1171.79 1299.57 875.48 170.54 592.61
6924882349016_camera3-37.jpg 166 1360.31 1170.03 1279.7 879.41 161.22 581.23
6924882349016_camera3-31.jpg 166 1393.26 1171.0 1314.68 879.01 157.16 583.98
6924882349016_camera3-34.jpg 166 1378.37 1172.07 1298.96 879.25 158.82 585.64
6924882349016_camera3-35.jpg 166 1369.82 1172.16 1288.0 880.64 163.64 583.05
6924882349016_camera3-36.jpg 166 1368.05 1166.48 1284.0 874.13 168.1 584.7
6924882349016_camera3-38.jpg 166 1359.35 1174.32 1276.63 877.36 165.43 593.91
6924882349016_camera3-40.jpg 166 1345.13 1177.24 1263.31 884.5 163.64 585.47
6924882349016_camera3-3.jpg 166 1339.5 1175.97 1260.09 880.67 158.82 590.6
6924882349016_camera3-4.jpg 166 1339.39 1184.13 1258.35 889.58 162.08 589.11
6924882349016_camera3-39.jpg 166 1346.62 1177.81 1258.49 876.61 176.25 602.4
6924882349016_camera3-7.jpg 166 1343.63 1185.89 1261.74 888.94 163.78 593.91
6924882349016_camera3-6.jpg 166 1342.67 1181.76 1250.6 884.51 184.14 594.51
6924882349016_camera3-5.jpg 166 1343.11 1184.22 1259.06 886.39 168.1 595.66
6924882349016_camera3-9.jpg 166 1354.96 1189.56 1274.96 892.93 160.0 593.26
6924882349016_camera3-8.jpg 166 1347.76 1187.55 1265.05 888.94 165.43 597.22
