6902088119435_camera0-11.jpg 167 1388.7 1109.42 1274.27 897.66 228.86 423.52
6902088119435_camera0-12.jpg 167 1384.75 1102.85 1274.27 895.03 220.97 415.63
6902088119435_camera0-14.jpg 167 1387.94 1103.32 1275.21 897.25 225.46 412.13
6902088119435_camera0-10.jpg 167 1384.67 1103.88 1270.27 896.37 228.81 415.02
6902088119435_camera0-18.jpg 167 1394.7 1106.16 1287.16 896.81 215.07 418.71
6902088119435_camera0-17.jpg 167 1394.4 1103.88 1288.52 897.58 211.77 412.59
6902088119435_camera0-13.jpg 167 1392.64 1097.59 1287.42 889.77 210.45 415.63
6902088119435_camera0-19.jpg 167 1399.22 1104.16 1305.84 892.4 186.77 423.52
6902088119435_camera0-15.jpg 167 1390.01 1098.9 1274.27 892.4 231.49 413.0
6902088119435_camera0-16.jpg 167 1390.4 1104.56 1276.86 897.95 227.09 413.22
6902088119435_camera0-20.jpg 167 1400.54 1101.53 1308.47 892.4 184.14 418.26
6902088119435_camera0-21.jpg 167 1405.8 1108.11 1324.25 897.66 163.1 420.89
6902088119435_camera0-24.jpg 167 1414.0 1105.88 1330.88 896.52 166.24 418.71
6902088119435_camera0-23.jpg 167 1412.32 1106.74 1342.07 897.69 140.49 418.09
6902088119435_camera0-25.jpg 167 1415.0 1105.42 1320.97 897.62 188.06 415.6
6902088119435_camera0-2.jpg 167 1400.32 1102.6 1331.3 898.21 138.04 408.77
6902088119435_camera0-29.jpg 167 1421.02 1103.89 1307.66 899.32 226.71 409.15
6902088119435_camera0-30.jpg 167 1421.74 1104.62 1309.53 898.9 224.42 411.44
6902088119435_camera0-31.jpg 167 1421.77 1105.92 1319.15 903.4 205.24 405.05
6902088119435_camera0-26.jpg 167 1417.95 1105.02 1317.19 899.3 201.52 411.44
6902088119435_camera0-34.jpg 167 1420.41 1105.92 1309.63 904.76 221.55 402.33
6902088119435_camera0-27.jpg 167 1420.38 1106.51 1313.9 899.65 212.97 413.73
6902088119435_camera0-28.jpg 167 1421.12 1107.56 1312.77 904.84 216.7 405.44
6902088119435_camera0-33.jpg 167 1419.22 1104.21 1312.62 904.99 213.2 398.45
6902088119435_camera0-32.jpg 167 1424.49 1102.92 1317.62 898.54 213.74 408.77
6902088119435_camera0-36.jpg 167 1415.82 1106.1 1305.14 904.54 221.36 403.11
6902088119435_camera0-38.jpg 167 1409.32 1103.83 1303.98 901.16 210.68 405.33
6902088119435_camera0-35.jpg 167 1416.52 1103.03 1306.42 899.73 220.19 406.6
6902088119435_camera0-39.jpg 167 1407.12 1104.16 1308.47 897.66 197.29 413.0
6902088119435_camera0-37.jpg 167 1410.6 1105.08 1300.68 900.88 219.84 408.39
6902088119435_camera0-3.jpg 167 1400.82 1104.26 1330.82 900.38 140.0 407.77
6902088119435_camera0-7.jpg 167 1388.47 1105.92 1281.09 900.68 214.76 410.49
6902088119435_camera0-40.jpg 167 1404.49 1109.42 1308.47 902.92 192.03 413.0
6902088119435_camera0-5.jpg 167 1397.46 1109.12 1302.62 901.6 189.69 415.03
6902088119435_camera0-8.jpg 167 1389.39 1102.43 1273.62 894.49 231.55 415.89
6902088119435_camera1-11.jpg 167 1248.21 1026.62 1144.02 853.41 208.39 346.43
6902088119435_camera0-9.jpg 167 1389.93 1103.31 1274.59 897.09 230.68 412.43
6902088119435_camera1-10.jpg 167 1248.21 1020.58 1140.12 835.28 216.18 370.6
6902088119435_camera1-13.jpg 167 1244.72 1030.36 1137.85 848.24 213.74 364.24
6902088119435_camera0-6.jpg 167 1395.81 1104.62 1294.45 901.9 202.72 405.44
6902088119435_camera1-12.jpg 167 1249.28 1033.13 1140.11 852.94 218.34 360.39
6902088119435_camera1-15.jpg 167 1247.96 1033.13 1140.11 831.89 215.71 402.48
6902088119435_camera1-14.jpg 167 1244.39 1030.8 1138.37 841.19 212.04 379.22
6902088119435_camera1-17.jpg 167 1251.59 1035.22 1150.44 832.56 202.29 405.33
6902088119435_camera1-16.jpg 167 1247.96 1037.08 1140.11 831.89 215.71 410.37
6902088119435_camera1-20.jpg 167 1263.75 1035.76 1192.72 831.89 142.05 407.74
6902088119435_camera1-21.jpg 167 1263.49 1037.14 1196.32 836.0 134.35 402.28
6902088119435_camera1-19.jpg 167 1255.35 1039.22 1170.4 833.98 169.9 410.49
6902088119435_camera1-18.jpg 167 1249.28 1034.44 1148.0 824.0 202.55 420.89
6902088119435_camera1-24.jpg 167 1271.64 1030.51 1184.83 837.16 173.62 386.7
6902088119435_camera1-22.jpg 167 1268.54 1038.41 1203.63 843.18 129.82 390.46
6902088119435_camera1-1.jpg 167 1259.88 1012.55 1191.83 820.19 136.09 384.72
6902088119435_camera1-23.jpg 167 1266.38 1039.71 1184.83 842.42 163.1 394.59
6902088119435_camera1-25.jpg 167 1272.0 1035.17 1176.45 841.4 191.1 387.55
6902088119435_camera1-26.jpg 167 1272.46 1031.79 1172.85 843.05 199.22 377.48
6902088119435_camera1-2.jpg 167 1265.06 1017.35 1200.61 816.11 128.9 402.48
6902088119435_camera1-27.jpg 167 1272.52 1029.19 1167.18 837.98 210.68 382.43
6902088119435_camera1-28.jpg 167 1271.29 1028.26 1166.43 845.34 209.71 365.83
6902088119435_camera1-30.jpg 167 1273.49 1025.61 1170.48 849.67 206.02 351.87
6902088119435_camera1-29.jpg 167 1270.33 1029.19 1161.16 850.31 218.34 357.76
6902088119435_camera1-31.jpg 167 1279.54 1018.67 1171.68 847.68 215.71 341.98
6902088119435_camera1-33.jpg 167 1279.91 1018.36 1170.32 843.01 219.19 350.7
6902088119435_camera1-39.jpg 167 1265.07 1016.03 1176.94 818.74 176.25 394.59
6902088119435_camera1-35.jpg 167 1275.69 1016.88 1165.86 830.7 219.67 372.37
6902088119435_camera1-34.jpg 167 1279.53 1016.04 1169.05 834.53 220.97 363.02
6902088119435_camera1-32.jpg 167 1281.12 1019.22 1172.84 848.45 216.57 341.54
6902088119435_camera1-37.jpg 167 1270.33 1017.35 1169.05 824.0 202.55 386.7
6902088119435_camera1-38.jpg 167 1268.25 1014.3 1172.7 820.97 191.1 386.66
6902088119435_camera1-3.jpg 167 1256.95 1013.57 1179.47 811.29 154.96 404.57
6902088119435_camera1-36.jpg 167 1274.28 1016.03 1166.42 826.63 215.71 378.8
6902088119435_camera1-40.jpg 167 1258.48 1013.4 1179.57 818.74 157.83 389.33
6902088119435_camera1-4.jpg 167 1256.38 1014.17 1165.76 809.7 181.24 408.93
6902088119435_camera1-5.jpg 167 1257.18 1023.92 1161.16 813.48 192.03 420.89
6902088119435_camera1-8.jpg 167 1249.97 1020.99 1140.55 826.62 218.84 388.74
6902088119435_camera1-6.jpg 167 1253.35 1018.22 1148.89 816.86 208.92 402.71
6902088119435_camera1-7.jpg 167 1249.28 1021.29 1134.85 824.0 228.86 394.59
6902088119435_camera2-12.jpg 167 1269.97 864.27 1211.71 769.32 116.51 189.9
6902088119435_camera2-15.jpg 167 1269.78 864.99 1186.12 767.33 167.33 195.31
6902088119435_camera1-9.jpg 167 1251.91 1026.56 1140.11 829.26 223.6 394.59
6902088119435_camera2-10.jpg 167 1262.62 855.57 1191.05 759.51 143.13 192.12
6902088119435_camera2-13.jpg 167 1270.71 869.17 1204.3 777.13 132.82 184.08
6902088119435_camera2-11.jpg 167 1266.39 860.84 1205.88 755.61 121.01 210.45
6902088119435_camera2-16.jpg 167 1273.7 864.45 1184.58 770.08 178.25 188.74
6902088119435_camera2-14.jpg 167 1270.22 868.52 1193.67 772.83 153.1 191.38
6902088119435_camera2-18.jpg 167 1271.64 864.77 1171.68 771.39 199.92 186.77
6902088119435_camera2-17.jpg 167 1273.8 860.8 1181.92 771.43 183.75 178.75
6902088119435_camera2-19.jpg 167 1275.59 860.83 1176.94 774.02 197.29 173.62
6902088119435_camera2-20.jpg 167 1274.8 851.86 1181.42 780.35 186.75 143.01
6902088119435_camera2-1.jpg 167 1262.44 850.3 1166.42 779.28 192.03 142.05
6902088119435_camera2-21.jpg 167 1278.57 848.71 1186.53 788.12 184.08 121.17
6902088119435_camera2-22.jpg 167 1282.16 851.62 1187.46 787.17 189.4 128.9
6902088119435_camera2-23.jpg 167 1287.51 844.18 1197.63 778.27 179.75 131.82
6902088119435_camera2-24.jpg 167 1287.98 844.39 1192.92 767.0 190.12 154.79
6902088119435_camera2-26.jpg 167 1284.34 840.53 1192.88 750.82 182.91 179.42
6902088119435_camera2-25.jpg 167 1286.09 845.86 1186.29 758.84 199.6 174.04
6902088119435_camera2-32.jpg 167 1266.11 825.17 1203.62 730.47 124.98 189.4
6902088119435_camera2-28.jpg 167 1278.03 843.18 1194.64 748.31 166.77 189.74
6902088119435_camera2-2.jpg 167 1250.6 852.93 1148.0 779.28 205.19 147.31
6902088119435_camera2-27.jpg 167 1281.13 841.26 1189.26 747.39 183.75 187.74
6902088119435_camera2-29.jpg 167 1275.82 840.08 1197.46 742.98 156.71 194.2
6902088119435_camera2-31.jpg 167 1265.83 830.85 1205.37 728.97 120.93 203.76
6902088119435_camera2-30.jpg 167 1271.63 839.78 1197.98 734.56 147.31 210.45
6902088119435_camera2-33.jpg 167 1267.27 825.61 1200.08 731.02 134.39 189.17
6902088119435_camera2-34.jpg 167 1264.41 826.33 1187.35 729.93 154.12 192.8
6902088119435_camera2-37.jpg 167 1262.43 829.26 1163.79 731.93 197.29 194.66
6902088119435_camera2-35.jpg 167 1264.1 830.14 1180.82 732.0 166.56 196.29
6902088119435_camera2-38.jpg 167 1260.79 837.19 1167.59 750.97 186.41 172.43
6902088119435_camera2-36.jpg 167 1262.76 828.0 1172.6 726.48 180.33 203.05
6902088119435_camera2-3.jpg 167 1245.95 850.45 1153.75 780.91 184.4 139.08
6902088119435_camera2-40.jpg 167 1255.86 835.85 1158.53 752.98 194.66 165.73
6902088119435_camera2-39.jpg 167 1262.54 839.68 1169.67 760.29 185.74 158.78
6902088119435_camera2-7.jpg 167 1254.55 856.88 1161.16 755.61 186.77 202.55
6902088119435_camera2-5.jpg 167 1248.07 852.66 1152.7 764.29 190.74 176.75
6902088119435_camera2-8.jpg 167 1259.81 851.63 1166.42 747.72 186.77 207.82
6902088119435_camera2-4.jpg 167 1245.78 852.46 1151.68 773.77 188.19 157.39
6902088119435_camera2-6.jpg 167 1250.59 858.2 1153.26 758.24 194.66 199.92
6902088119435_camera2-9.jpg 167 1259.15 856.27 1181.38 759.43 155.54 193.69
6902088119435_camera3-12.jpg 167 1407.11 1189.65 1287.42 963.42 239.38 452.46
6902088119435_camera3-10.jpg 167 1417.22 1196.2 1310.57 990.7 213.31 410.99
6902088119435_camera3-11.jpg 167 1420.27 1201.49 1308.47 987.1 223.6 428.78
6902088119435_camera3-15.jpg 167 1404.49 1193.6 1300.58 979.21 207.82 428.78
6902088119435_camera3-13.jpg 167 1408.86 1195.32 1302.84 984.44 212.04 421.75
6902088119435_camera3-14.jpg 167 1404.6 1194.64 1301.27 981.86 206.66 425.56
6902088119435_camera3-16.jpg 167 1403.17 1197.55 1305.84 979.21 194.66 436.68
6902088119435_camera3-18.jpg 167 1391.66 1193.38 1322.57 981.95 138.19 422.87
6902088119435_camera3-17.jpg 167 1395.88 1194.88 1314.5 981.8 162.76 426.15
6902088119435_camera3-20.jpg 167 1385.46 1194.86 1314.39 985.15 142.14 419.42
6902088119435_camera3-1.jpg 167 1403.93 1209.04 1321.68 988.23 164.49 441.61
6902088119435_camera3-19.jpg 167 1389.51 1194.18 1327.76 983.89 123.5 420.58
6902088119435_camera3-21.jpg 167 1383.03 1194.93 1302.06 985.81 161.94 418.25
6902088119435_camera3-22.jpg 167 1379.34 1194.7 1290.46 985.49 177.75 418.42
6902088119435_camera3-24.jpg 167 1373.76 1195.31 1269.4 985.28 208.72 420.05
6902088119435_camera3-25.jpg 167 1371.16 1194.87 1264.46 985.55 213.4 418.64
6902088119435_camera3-23.jpg 167 1375.34 1194.35 1278.64 985.8 193.4 417.09
6902088119435_camera3-26.jpg 167 1368.85 1196.32 1259.33 990.1 219.03 412.43
6902088119435_camera3-27.jpg 167 1367.23 1197.65 1257.78 992.14 218.91 411.02
6902088119435_camera3-28.jpg 167 1367.35 1199.87 1261.99 996.15 210.71 407.44
6902088119435_camera3-2.jpg 167 1405.8 1213.33 1313.73 992.36 184.14 441.94
6902088119435_camera3-30.jpg 167 1370.16 1199.55 1265.48 994.43 209.37 410.24
6902088119435_camera3-33.jpg 167 1372.92 1208.07 1266.38 997.62 213.08 420.89
6902088119435_camera3-29.jpg 167 1368.47 1199.24 1267.11 997.11 202.72 404.27
6902088119435_camera3-31.jpg 167 1371.29 1202.24 1266.59 993.23 209.4 418.02
6902088119435_camera3-32.jpg 167 1372.92 1201.49 1255.86 987.1 234.12 428.78
6902088119435_camera3-34.jpg 167 1375.69 1205.76 1271.94 991.58 207.5 428.36
6902088119435_camera3-35.jpg 167 1371.6 1205.44 1271.64 984.47 199.92 441.94
6902088119435_camera3-36.jpg 167 1381.77 1205.8 1295.56 992.01 172.43 427.57
6902088119435_camera3-37.jpg 167 1383.43 1204.12 1284.79 984.47 197.29 439.31
6902088119435_camera3-38.jpg 167 1389.41 1208.45 1318.93 993.5 140.97 429.9
6902088119435_camera3-39.jpg 167 1395.1 1208.76 1329.46 990.38 131.27 436.77
6902088119435_camera3-3.jpg 167 1412.38 1209.38 1313.73 987.1 197.29 444.57
6902088119435_camera3-40.jpg 167 1399.72 1208.81 1327.49 989.78 144.47 438.06
6902088119435_camera3-4.jpg 167 1412.38 1208.07 1311.1 984.47 202.55 447.2
6902088119435_camera3-5.jpg 167 1416.25 1202.6 1310.33 989.31 211.84 426.57
6902088119435_camera3-7.jpg 167 1419.21 1200.76 1313.19 995.51 212.04 410.49
6902088119435_camera3-6.jpg 167 1412.38 1196.24 1297.95 976.58 228.86 439.31
6902088119435_camera3-8.jpg 167 1417.91 1198.38 1316.11 994.02 203.6 408.73
6902088119435_camera3-9.jpg 167 1421.58 1200.17 1316.36 989.73 210.45 420.89
