6902022138102_camera0-13.jpg 168 1380.14 1052.0 1250.1 790.26 260.08 523.48
6902022138102_camera0-11.jpg 168 1367.26 1050.93 1240.16 789.96 254.2 521.94
6902022138102_camera0-10.jpg 168 1362.49 1047.81 1223.85 763.07 277.29 569.48
6902022138102_camera0-12.jpg 168 1370.37 1052.85 1244.46 789.87 251.82 525.96
6902022138102_camera0-15.jpg 168 1389.33 1055.27 1262.61 780.96 253.44 548.61
6902022138102_camera0-16.jpg 168 1395.3 1052.29 1274.54 772.02 241.51 560.54
6902022138102_camera0-14.jpg 168 1380.93 1053.76 1261.64 789.66 238.57 528.19
6902022138102_camera0-17.jpg 168 1396.78 1056.76 1280.5 777.98 232.56 557.56
6902022138102_camera0-18.jpg 168 1399.77 1056.76 1295.41 783.94 208.71 545.63
6902022138102_camera0-20.jpg 168 1420.28 1058.83 1337.02 793.86 166.51 529.93
6902022138102_camera0-21.jpg 168 1427.41 1058.49 1346.6 793.72 161.63 529.53
6902022138102_camera0-1.jpg 168 1382.98 1050.59 1304.85 791.7 156.27 517.77
6902022138102_camera0-22.jpg 168 1429.47 1056.82 1332.14 789.81 194.66 534.01
6902022138102_camera0-23.jpg 168 1436.06 1055.49 1340.04 784.54 192.03 541.9
6902022138102_camera0-19.jpg 168 1416.33 1054.17 1313.73 787.17 205.19 534.01
6902022138102_camera0-24.jpg 168 1447.88 1066.02 1337.4 789.81 220.97 552.42
6902022138102_camera0-28.jpg 168 1446.58 1054.18 1318.99 789.81 255.17 528.75
6902022138102_camera0-25.jpg 168 1440.0 1062.08 1326.88 797.7 226.23 528.75
6902022138102_camera0-27.jpg 168 1447.88 1047.6 1324.25 779.28 247.27 536.64
6902022138102_camera0-2.jpg 168 1371.79 1046.66 1281.6 783.98 180.38 525.36
6902022138102_camera0-26.jpg 168 1445.5 1052.89 1328.53 788.04 233.95 529.71
6902022138102_camera0-30.jpg 168 1444.1 1049.79 1316.22 790.39 255.76 518.8
6902022138102_camera0-29.jpg 168 1447.44 1051.14 1324.1 791.54 246.69 519.2
6902022138102_camera0-31.jpg 168 1438.54 1047.55 1313.34 788.84 250.4 517.42
6902022138102_camera0-32.jpg 168 1435.72 1047.65 1311.56 786.87 248.32 521.57
6902022138102_camera0-33.jpg 168 1429.36 1048.65 1306.01 790.83 246.69 515.64
6902022138102_camera0-34.jpg 168 1420.79 1048.68 1304.42 791.01 232.73 515.34
6902022138102_camera0-36.jpg 168 1408.29 1048.12 1300.09 786.3 216.41 523.65
6902022138102_camera0-35.jpg 168 1415.25 1049.2 1302.0 792.57 226.5 513.26
6902022138102_camera0-37.jpg 168 1401.88 1047.38 1302.49 785.55 198.79 523.65
6902022138102_camera0-39.jpg 168 1390.14 1050.1 1305.46 789.83 169.36 520.53
6902022138102_camera0-38.jpg 168 1396.45 1049.66 1306.06 790.43 180.78 518.46
6902022138102_camera0-3.jpg 168 1373.91 1049.72 1282.18 787.9 183.46 523.65
6902022138102_camera0-5.jpg 168 1367.48 1051.02 1258.99 789.19 216.98 523.65
6902022138102_camera0-4.jpg 168 1371.0 1050.14 1272.3 787.8 197.41 524.69
6902022138102_camera0-40.jpg 168 1384.56 1051.57 1303.52 789.22 162.08 524.69
6902022138102_camera0-6.jpg 168 1365.49 1049.59 1250.68 788.8 229.62 521.57
6902022138102_camera0-8.jpg 168 1361.68 1050.4 1236.83 787.97 249.7 524.86
6902022138102_camera1-10.jpg 168 1225.94 1013.12 1108.02 803.76 235.85 418.71
6902022138102_camera0-7.jpg 168 1363.7 1047.6 1242.7 784.54 242.01 526.12
6902022138102_camera0-9.jpg 168 1358.45 1044.97 1232.18 779.28 252.54 531.38
6902022138102_camera1-11.jpg 168 1227.78 1014.91 1108.82 803.48 237.93 422.87
6902022138102_camera1-12.jpg 168 1234.81 1016.04 1111.17 792.44 247.27 447.2
6902022138102_camera1-14.jpg 168 1246.65 1022.62 1140.11 797.7 213.08 449.83
6902022138102_camera1-16.jpg 168 1253.99 1025.76 1155.81 789.39 196.37 472.74
6902022138102_camera1-15.jpg 168 1249.55 1020.25 1146.15 793.16 206.8 454.18
6902022138102_camera1-13.jpg 168 1242.79 1021.21 1124.89 800.89 235.79 440.65
6902022138102_camera1-18.jpg 168 1268.54 1025.15 1177.63 788.18 181.82 473.95
6902022138102_camera1-17.jpg 168 1263.36 1027.15 1168.93 791.92 188.85 470.47
6902022138102_camera1-20.jpg 168 1285.68 1023.15 1207.24 783.67 156.89 478.97
6902022138102_camera1-21.jpg 168 1289.02 1018.88 1205.37 778.67 167.31 480.41
6902022138102_camera1-1.jpg 168 1236.73 994.63 1158.36 785.8 156.74 417.67
6902022138102_camera1-19.jpg 168 1276.96 1025.38 1191.06 783.28 171.81 484.19
6902022138102_camera1-24.jpg 168 1298.24 1007.58 1193.39 776.06 209.7 463.04
6902022138102_camera1-23.jpg 168 1295.31 1005.51 1200.61 771.39 189.4 468.24
6902022138102_camera1-22.jpg 168 1296.6 1013.98 1208.8 777.61 175.59 472.74
6902022138102_camera1-26.jpg 168 1299.26 996.3 1179.57 771.39 239.38 449.83
6902022138102_camera1-25.jpg 168 1302.32 1000.13 1192.18 773.63 220.27 453.0
6902022138102_camera1-27.jpg 168 1304.62 993.19 1184.8 773.83 239.65 438.72
6902022138102_camera1-28.jpg 168 1304.54 987.08 1183.42 775.57 242.23 423.02
6902022138102_camera1-31.jpg 168 1292.04 980.14 1172.96 774.37 238.16 411.55
6902022138102_camera1-34.jpg 168 1275.59 980.52 1163.79 771.39 223.6 418.26
6902022138102_camera1-32.jpg 168 1290.46 981.36 1171.18 774.76 238.55 413.2
6902022138102_camera1-2.jpg 168 1229.55 1000.25 1132.22 784.54 194.66 431.42
6902022138102_camera1-33.jpg 168 1279.75 982.47 1164.87 774.08 229.77 416.78
6902022138102_camera1-29.jpg 168 1303.24 984.91 1183.96 774.76 238.55 420.3
6902022138102_camera1-30.jpg 168 1298.15 982.99 1178.67 776.75 238.97 412.48
6902022138102_camera1-36.jpg 168 1257.79 986.33 1164.08 779.02 187.43 414.62
6902022138102_camera1-35.jpg 168 1269.01 985.78 1163.79 774.02 210.45 423.52
6902022138102_camera1-37.jpg 168 1253.88 987.98 1169.27 780.04 169.21 415.89
6902022138102_camera1-38.jpg 168 1250.93 989.88 1168.93 777.01 164.0 425.74
6902022138102_camera1-39.jpg 168 1246.24 989.33 1166.72 781.43 159.03 415.8
6902022138102_camera1-40.jpg 168 1240.91 993.97 1162.1 785.58 157.63 416.78
6902022138102_camera1-4.jpg 168 1224.29 1000.24 1119.07 787.17 210.45 426.15
6902022138102_camera1-3.jpg 168 1226.61 998.07 1131.95 787.77 189.31 420.6
6902022138102_camera1-6.jpg 168 1221.93 1008.1 1109.29 800.2 225.29 415.8
6902022138102_camera1-5.jpg 168 1223.01 1006.21 1114.38 794.64 217.25 423.14
6902022138102_camera1-8.jpg 168 1220.55 1009.9 1104.79 805.34 231.52 409.13
6902022138102_camera1-7.jpg 168 1220.28 1005.62 1104.32 800.2 231.92 410.83
6902022138102_camera1-9.jpg 168 1221.69 1012.09 1102.98 801.64 237.42 420.89
6902022138102_camera2-11.jpg 168 1290.36 885.42 1216.72 772.23 147.27 226.38
6902022138102_camera2-10.jpg 168 1287.61 891.9 1215.19 774.76 144.83 234.29
6902022138102_camera2-12.jpg 168 1295.23 875.49 1219.52 768.65 151.42 213.67
6902022138102_camera2-13.jpg 168 1299.67 875.58 1215.19 764.82 168.97 221.51
6902022138102_camera2-15.jpg 168 1306.42 864.81 1207.03 762.1 198.79 205.42
6902022138102_camera2-14.jpg 168 1304.14 868.63 1214.18 763.29 179.93 210.68
6902022138102_camera2-17.jpg 168 1308.08 850.73 1202.06 758.79 212.04 183.88
6902022138102_camera2-16.jpg 168 1306.78 857.42 1205.76 762.49 202.03 189.86
6902022138102_camera2-19.jpg 168 1308.09 840.64 1199.59 757.71 216.99 165.87
6902022138102_camera2-22.jpg 168 1297.87 828.91 1190.6 740.98 214.53 175.87
6902022138102_camera2-21.jpg 168 1296.63 834.53 1184.83 747.72 223.6 173.62
6902022138102_camera2-1.jpg 168 1239.88 879.16 1130.69 795.09 218.39 168.14
6902022138102_camera2-18.jpg 168 1308.2 844.34 1199.58 757.72 217.25 173.23
6902022138102_camera2-20.jpg 168 1303.99 836.1 1197.63 756.71 212.71 158.78
6902022138102_camera2-24.jpg 168 1284.78 825.88 1185.38 723.64 198.79 204.47
6902022138102_camera2-23.jpg 168 1289.86 826.71 1185.49 728.97 208.73 195.48
6902022138102_camera2-28.jpg 168 1258.49 806.9 1182.2 705.63 152.57 202.55
6902022138102_camera2-25.jpg 168 1277.67 821.4 1184.44 716.39 186.47 210.03
6902022138102_camera2-27.jpg 168 1262.51 821.14 1180.45 707.02 164.12 228.24
6902022138102_camera2-26.jpg 168 1270.06 820.5 1184.35 707.96 171.42 225.08
6902022138102_camera2-30.jpg 168 1248.02 812.53 1177.03 707.84 141.98 209.37
6902022138102_camera2-29.jpg 168 1251.48 822.62 1180.41 705.53 142.14 234.18
6902022138102_camera2-2.jpg 168 1244.79 884.5 1136.55 798.69 216.48 171.61
6902022138102_camera2-31.jpg 168 1242.81 816.71 1170.67 714.35 144.27 204.72
6902022138102_camera2-32.jpg 168 1238.7 832.3 1162.03 714.94 153.35 234.72
6902022138102_camera2-35.jpg 168 1231.88 852.38 1134.14 747.19 195.48 210.39
6902022138102_camera2-34.jpg 168 1234.36 843.27 1142.42 732.28 183.88 221.98
6902022138102_camera2-33.jpg 168 1238.5 839.96 1152.36 724.0 172.28 231.92
6902022138102_camera2-3.jpg 168 1244.36 879.98 1146.35 797.81 196.01 164.34
6902022138102_camera2-37.jpg 168 1229.39 864.81 1120.89 772.04 217.01 185.54
6902022138102_camera2-38.jpg 168 1228.68 867.76 1117.22 781.86 222.93 171.81
6902022138102_camera2-36.jpg 168 1232.78 856.67 1129.64 758.89 206.28 195.56
6902022138102_camera2-40.jpg 168 1234.82 872.66 1121.7 787.17 226.23 170.99
6902022138102_camera2-4.jpg 168 1251.9 889.76 1153.26 784.54 197.29 210.45
6902022138102_camera2-39.jpg 168 1233.5 866.1 1126.96 795.07 213.08 142.05
6902022138102_camera2-5.jpg 168 1259.8 891.2 1168.94 787.73 181.71 206.94
6902022138102_camera2-6.jpg 168 1263.57 893.37 1178.74 788.0 169.66 210.74
6902022138102_camera2-9.jpg 168 1283.17 886.59 1212.51 778.96 141.33 215.26
6902022138102_camera2-8.jpg 168 1276.61 893.8 1197.09 781.98 159.03 223.64
6902022138102_camera2-7.jpg 168 1271.63 892.14 1185.49 785.29 172.28 213.7
6902022138102_camera3-10.jpg 168 1345.05 1220.99 1219.02 954.05 252.05 533.88
6902022138102_camera3-11.jpg 168 1349.49 1218.49 1225.25 942.67 248.49 551.64
6902022138102_camera3-13.jpg 168 1358.44 1219.9 1240.07 945.01 236.75 549.79
6902022138102_camera3-16.jpg 168 1374.17 1226.59 1279.96 949.32 188.42 554.53
6902022138102_camera3-18.jpg 168 1391.74 1221.8 1304.77 941.01 173.94 561.58
6902022138102_camera3-12.jpg 168 1355.22 1220.12 1230.99 948.28 248.47 543.69
6902022138102_camera3-14.jpg 168 1365.03 1221.22 1250.6 939.75 228.86 562.94
6902022138102_camera3-1.jpg 168 1340.03 1212.01 1247.96 945.01 184.14 534.01
6902022138102_camera3-15.jpg 168 1370.32 1225.94 1265.62 949.34 209.4 553.2
6902022138102_camera3-20.jpg 168 1402.23 1230.43 1312.6 948.02 179.26 564.82
6902022138102_camera3-17.jpg 168 1384.89 1228.03 1296.34 948.31 177.11 559.45
6902022138102_camera3-21.jpg 168 1410.78 1222.33 1318.65 944.14 184.25 556.38
6902022138102_camera3-19.jpg 168 1401.63 1226.41 1320.1 947.77 163.07 557.28
6902022138102_camera3-23.jpg 168 1415.86 1219.16 1309.79 945.82 212.13 546.68
6902022138102_camera3-25.jpg 168 1419.25 1214.03 1299.44 944.72 239.61 538.61
6902022138102_camera3-22.jpg 168 1415.48 1218.96 1317.08 943.78 196.81 550.37
6902022138102_camera3-24.jpg 168 1418.32 1216.49 1302.4 945.3 231.84 542.39
6902022138102_camera3-29.jpg 168 1412.45 1204.4 1291.52 939.35 241.86 530.1
6902022138102_camera3-26.jpg 168 1416.44 1210.45 1294.82 943.17 243.24 534.56
6902022138102_camera3-27.jpg 168 1417.71 1209.06 1293.13 944.09 249.16 529.93
6902022138102_camera3-28.jpg 168 1420.59 1208.69 1293.03 941.98 255.11 533.42
6902022138102_camera3-32.jpg 168 1394.78 1207.09 1278.27 949.03 233.01 516.12
6902022138102_camera3-30.jpg 168 1409.02 1204.29 1281.93 943.73 254.17 521.11
6902022138102_camera3-2.jpg 168 1342.24 1216.09 1242.58 952.95 199.33 526.28
6902022138102_camera3-31.jpg 168 1400.29 1209.65 1279.5 951.64 241.58 516.02
6902022138102_camera3-35.jpg 168 1376.83 1211.18 1275.77 950.21 202.11 521.94
6902022138102_camera3-36.jpg 168 1370.17 1210.42 1275.62 950.67 189.1 519.5
6902022138102_camera3-33.jpg 168 1387.63 1206.65 1277.54 949.18 220.19 514.95
6902022138102_camera3-34.jpg 168 1382.28 1208.86 1276.01 947.89 212.53 521.94
6902022138102_camera3-39.jpg 168 1351.23 1212.13 1272.27 950.31 157.93 523.65
6902022138102_camera3-37.jpg 168 1360.74 1209.26 1281.93 949.41 157.61 519.69
6902022138102_camera3-38.jpg 168 1356.06 1208.76 1276.66 945.12 158.79 527.29
6902022138102_camera3-6.jpg 168 1333.46 1217.28 1208.51 950.27 249.91 534.01
6902022138102_camera3-4.jpg 168 1338.14 1217.67 1226.15 954.1 223.99 527.15
6902022138102_camera3-7.jpg 168 1333.75 1214.34 1205.37 949.29 256.77 530.1
6902022138102_camera3-5.jpg 168 1336.1 1216.87 1217.21 953.71 237.78 526.32
6902022138102_camera3-40.jpg 168 1344.4 1212.8 1262.05 953.67 164.71 518.27
6902022138102_camera3-9.jpg 168 1339.09 1217.42 1214.59 951.24 248.99 532.36
6902022138102_camera3-8.jpg 168 1335.88 1215.64 1213.77 955.09 244.23 521.11
6902022138102_camera3-3.jpg 168 1340.02 1216.22 1233.15 952.62 213.74 527.21
