6920354818585-back_camera0-12.jpg 169 1373.45 1235.22 1170.87 1074.27 405.16 321.91
6920354818585-back_camera0-10.jpg 169 1295.53 1231.16 1086.94 1072.77 417.18 316.78
6920354818585-back_camera0-11.jpg 169 1329.95 1233.42 1186.65 1078.63 286.6 309.57
6920354818585-back_camera0-13.jpg 169 1389.31 1239.44 1106.06 1072.98 566.5 332.92
6920354818585-back_camera0-14.jpg 169 1400.94 1237.72 1047.39 1074.38 707.09 326.68
6920354818585-back_camera0-16.jpg 169 1415.32 1238.79 963.37 1085.76 903.89 306.05
6920354818585-back_camera0-15.jpg 169 1411.43 1240.97 997.07 1075.51 828.71 330.92
6920354818585-back_camera0-18.jpg 169 1413.03 1228.48 896.86 1088.14 1032.33 280.68
6920354818585-back_camera0-19.jpg 169 1410.18 1224.18 876.44 1086.42 1067.47 275.53
6920354818585-back_camera0-21.jpg 169 1429.38 1218.67 888.64 1100.53 1081.49 236.28
6920354818585-back_camera0-17.jpg 169 1415.14 1231.66 916.32 1076.35 997.64 310.62
6920354818585-back_camera0-20.jpg 169 1419.31 1222.12 880.15 1095.26 1078.32 253.72
6920354818585-back_camera0-24.jpg 169 1428.16 1222.54 913.88 1079.17 1028.56 286.73
6920354818585-back_camera0-23.jpg 169 1439.85 1220.25 905.29 1091.56 1069.12 257.38
6920354818585-back_camera0-22.jpg 169 1441.14 1217.43 908.33 1106.42 1065.63 222.01
6920354818585-back_camera0-1.jpg 169 1393.96 1201.5 879.68 1068.65 1028.56 265.69
6920354818585-back_camera0-26.jpg 169 1424.55 1236.09 987.59 1077.91 873.91 316.36
6920354818585-back_camera0-25.jpg 169 1424.39 1231.89 957.38 1086.0 934.02 291.78
6920354818585-back_camera0-27.jpg 169 1421.59 1229.12 1034.89 1071.28 773.39 315.67
6920354818585-back_camera0-28.jpg 169 1431.46 1240.38 1111.15 1074.92 640.62 330.92
6920354818585-back_camera0-2.jpg 169 1386.13 1201.16 878.79 1083.91 1014.69 234.49
6920354818585-back_camera0-30.jpg 169 1454.46 1227.79 1284.79 1058.12 339.35 339.34
6920354818585-back_camera0-29.jpg 169 1440.18 1239.67 1198.35 1077.13 483.66 325.08
6920354818585-back_camera0-31.jpg 169 1505.76 1233.06 1337.4 1050.23 336.71 365.65
6920354818585-back_camera0-36.jpg 169 1489.87 1224.39 1034.12 1069.34 911.5 310.1
6920354818585-back_camera0-32.jpg 169 1519.6 1233.3 1279.89 1067.84 479.41 330.92
6920354818585-back_camera0-39.jpg 169 1427.36 1211.03 931.01 1078.62 992.69 264.82
6920354818585-back_camera0-34.jpg 169 1518.91 1223.86 1153.26 1060.76 731.3 326.19
6920354818585-back_camera0-33.jpg 169 1521.39 1229.14 1218.76 1064.39 605.27 329.5
6920354818585-back_camera0-37.jpg 169 1473.6 1221.57 1004.21 1082.82 938.77 277.51
6920354818585-back_camera0-35.jpg 169 1513.65 1219.9 1105.91 1055.49 815.48 328.82
6920354818585-back_camera0-40.jpg 169 1405.39 1201.44 893.26 1068.32 1024.26 266.25
6920354818585-back_camera0-38.jpg 169 1451.83 1219.57 964.2 1083.19 975.25 272.75
6920354818585-back_camera0-4.jpg 169 1322.93 1209.38 834.96 1071.28 975.95 276.21
6920354818585-back_camera0-5.jpg 169 1308.27 1217.37 847.65 1082.21 921.24 270.31
6920354818585-back_camera0-6.jpg 169 1299.26 1205.43 858.64 1050.23 881.25 310.41
6920354818585-back_camera0-3.jpg 169 1350.24 1209.35 857.86 1095.17 984.76 228.35
6920354818585-back_camera0-7.jpg 169 1283.26 1220.48 892.24 1072.48 782.03 296.0
6920354818585-back_camera0-8.jpg 169 1276.73 1226.54 938.04 1071.68 677.39 309.71
6920354818585-back_camera1-13.jpg 169 1239.2 1179.49 918.71 760.83 640.98 837.31
6920354818585-back_camera0-9.jpg 169 1284.77 1230.67 1010.69 1073.54 548.15 314.27
6920354818585-back_camera1-12.jpg 169 1226.92 1167.29 961.23 734.56 531.38 865.46
6920354818585-back_camera1-20.jpg 169 1278.55 1151.78 777.45 1014.61 1002.2 274.34
6920354818585-back_camera1-21.jpg 169 1291.28 1157.22 783.93 952.57 1014.69 409.29
6920354818585-back_camera1-26.jpg 169 1292.92 1166.41 933.55 770.35 718.75 792.13
6920354818585-back_camera1-31.jpg 169 1360.2 1127.26 1149.16 703.05 422.08 848.42
6920354818585-back_camera1-32.jpg 169 1353.19 1110.74 1071.72 687.21 562.94 847.05
6920354818585-back_camera1-33.jpg 169 1355.82 1105.48 1024.37 700.37 662.91 810.22
6920354818585-back_camera1-35.jpg 169 1333.45 1083.12 916.51 718.78 833.89 728.67
6920354818585-back_camera1-30.jpg 169 1356.95 1133.68 1222.23 725.74 269.44 815.88
6920354818585-back_camera1-34.jpg 169 1345.3 1102.85 963.86 716.15 762.87 773.39
6920354818585-back_camera1-36.jpg 169 1310.13 1070.98 862.42 763.87 895.43 614.22
6920354818585-back_camera1-5.jpg 169 1159.84 1105.47 748.15 737.19 823.37 736.56
6920354818585-back_camera1-3.jpg 169 1193.28 1077.03 733.72 783.66 919.12 586.73
6920354818585-back_camera2-18.jpg 169 1334.29 875.57 1106.4 441.19 455.78 868.76
6920354818585-back_camera2-19.jpg 169 1329.51 870.03 1150.63 421.52 357.76 897.03
6920354818585-back_camera2-20.jpg 169 1335.55 860.46 1232.31 433.64 206.49 853.65
6920354818585-back_camera2-21.jpg 169 1337.4 849.0 1169.05 395.22 336.71 907.55
6920354818585-back_camera2-1.jpg 169 1208.38 890.67 1056.04 451.26 304.69 878.83
6920354818585-back_camera2-22.jpg 169 1334.62 835.37 1108.3 391.77 452.63 887.2
6920354818585-back_camera2-25.jpg 169 1312.88 812.62 937.68 448.75 750.4 727.74
6920354818585-back_camera2-29.jpg 169 1266.31 796.25 826.89 627.53 878.83 337.43
6920354818585-back_camera2-2.jpg 169 1212.76 898.8 998.05 455.61 429.42 886.37
6920354818585-back_camera2-30.jpg 169 1256.23 802.55 824.37 690.49 863.72 224.11
6920354818585-back_camera2-33.jpg 169 1227.27 808.85 801.7 529.33 851.13 559.03
6920354818585-back_camera2-31.jpg 169 1245.34 796.38 798.14 608.29 894.4 376.17
6920354818585-back_camera2-37.jpg 169 1200.64 844.88 910.95 419.49 579.38 850.79
6920354818585-back_camera2-40.jpg 169 1205.86 883.12 1101.36 453.78 209.01 858.68
6920354818585-back_camera2-5.jpg 169 1238.87 927.31 852.97 555.92 771.8 742.78
6920354818585-back_camera2-6.jpg 169 1243.63 927.19 841.99 594.8 803.28 664.79
6920354818585-back_camera2-4.jpg 169 1225.6 920.03 877.05 518.86 697.1 802.33
6920354818585-back_camera2-3.jpg 169 1223.49 915.86 925.09 494.07 596.8 843.58
6920354818585-back_camera2-9.jpg 169 1270.08 932.23 829.4 755.96 881.35 352.54
6920354818585-back_camera3-11.jpg 169 1400.54 1333.03 1092.76 1063.39 615.56 539.27
6920354818585-back_camera3-12.jpg 169 1401.85 1327.76 1058.56 1071.28 686.58 512.96
6920354818585-back_camera3-19.jpg 169 1368.28 1304.91 862.14 1153.82 1012.29 302.18
6920354818585-back_camera3-15.jpg 169 1385.91 1320.03 922.58 1108.5 926.67 423.05
6920354818585-back_camera3-17.jpg 169 1354.51 1309.34 845.49 1144.93 1018.04 328.82
6920354818585-back_camera3-16.jpg 169 1366.12 1312.3 870.96 1131.41 990.33 361.78
6920354818585-back_camera3-18.jpg 169 1361.99 1302.39 857.1 1171.45 1009.77 261.89
6920354818585-back_camera3-20.jpg 169 1366.28 1316.13 855.64 1135.47 1021.27 361.32
6920354818585-back_camera3-21.jpg 169 1358.45 1323.82 850.75 1121.26 1015.4 405.11
6920354818585-back_camera3-1.jpg 169 1397.24 1291.07 917.54 1105.98 959.41 370.17
6920354818585-back_camera3-22.jpg 169 1353.12 1332.47 866.4 1115.51 973.43 433.92
6920354818585-back_camera3-23.jpg 169 1347.22 1341.82 903.22 1093.32 888.01 496.99
6920354818585-back_camera3-24.jpg 169 1346.88 1341.42 950.27 1090.87 793.21 501.11
6920354818585-back_camera3-25.jpg 169 1351.87 1351.43 1003.32 1076.54 697.1 549.79
6920354818585-back_camera3-26.jpg 169 1365.64 1352.89 1084.93 1075.71 561.43 554.36
6920354818585-back_camera3-28.jpg 169 1397.25 1345.2 1242.38 1075.76 309.73 538.88
6920354818585-back_camera3-29.jpg 169 1454.46 1344.86 1292.68 1063.39 323.56 562.94
6920354818585-back_camera3-30.jpg 169 1469.3 1350.34 1239.96 1074.81 458.67 551.06
6920354818585-back_camera3-33.jpg 169 1495.45 1331.57 1080.12 1080.38 830.66 502.37
6920354818585-back_camera3-27.jpg 169 1379.61 1345.2 1169.35 1065.69 420.53 559.03
6920354818585-back_camera3-2.jpg 169 1367.66 1297.51 898.1 1079.17 939.12 436.68
6920354818585-back_camera3-32.jpg 169 1489.79 1342.51 1129.78 1078.26 720.02 528.5
6920354818585-back_camera3-31.jpg 169 1482.86 1343.94 1186.98 1078.28 591.76 531.33
6920354818585-back_camera3-35.jpg 169 1475.59 1314.06 1002.54 1102.64 946.09 422.84
6920354818585-back_camera3-34.jpg 169 1486.52 1325.03 1035.2 1094.81 902.63 460.45
6920354818585-back_camera3-36.jpg 169 1463.97 1307.43 977.97 1116.05 972.0 382.76
6920354818585-back_camera3-39.jpg 169 1431.19 1285.39 932.39 1145.99 997.6 278.8
6920354818585-back_camera3-38.jpg 169 1437.54 1289.8 942.72 1153.82 989.63 271.96
6920354818585-back_camera3-40.jpg 169 1419.91 1289.81 935.17 1136.2 969.48 307.21
6920354818585-back_camera3-5.jpg 169 1340.7 1315.02 983.62 1071.08 714.16 487.89
6920354818585-back_camera3-3.jpg 169 1363.37 1301.8 926.67 1075.23 873.39 453.14
6920354818585-back_camera3-6.jpg 169 1330.83 1318.56 1019.1 1066.02 623.45 505.07
6920354818585-back_camera3-4.jpg 169 1353.17 1307.43 952.79 1078.28 800.77 458.3
6920354818585-back_camera3-7.jpg 169 1330.83 1313.29 1082.24 1047.6 497.18 531.38
6920354818585_camera0-10.jpg 169 1374.23 1227.8 1224.29 1060.76 299.89 334.08
6920354818585_camera0-11.jpg 169 1417.41 1232.13 1216.8 1070.92 401.22 322.43
6920354818585_camera0-16.jpg 169 1442.63 1222.54 950.71 1063.39 983.84 318.3
6920354818585_camera0-14.jpg 169 1451.38 1229.37 1061.07 1075.76 780.62 307.21
6920354818585_camera0-15.jpg 169 1449.2 1225.17 1013.84 1060.76 870.72 328.82
6920354818585_camera0-19.jpg 169 1423.09 1219.45 909.7 1092.72 1026.78 253.46
6920354818585_camera0-18.jpg 169 1434.74 1218.6 911.25 1068.65 1046.97 299.89
6920354818585_camera0-17.jpg 169 1441.83 1222.97 934.49 1076.13 1014.68 293.68
6920354818585_camera0-20.jpg 169 1422.42 1209.23 897.39 1095.91 1050.06 226.63
6920354818585_camera0-23.jpg 169 1412.38 1210.71 900.73 1063.39 1023.3 294.63
6920354818585_camera0-1.jpg 169 1387.07 1207.79 864.49 1089.02 1045.15 237.53
6920354818585_camera0-22.jpg 169 1431.24 1214.26 920.06 1105.98 1022.36 216.56
6920354818585_camera0-24.jpg 169 1408.43 1213.33 913.88 1068.65 989.1 289.36
6920354818585_camera0-21.jpg 169 1428.11 1207.64 901.32 1093.8 1053.57 227.68
6920354818585_camera0-25.jpg 169 1391.23 1223.62 956.36 1072.31 869.74 302.61
6920354818585_camera0-26.jpg 169 1386.25 1227.57 1004.21 1074.01 764.07 307.11
6920354818585_camera0-27.jpg 169 1390.52 1229.36 1053.12 1069.32 674.8 320.08
6920354818585_camera0-2.jpg 169 1382.44 1205.58 883.85 1092.72 997.18 225.71
6920354818585_camera0-33.jpg 169 1481.88 1226.44 1156.27 1068.26 651.22 316.36
6920354818585_camera0-28.jpg 169 1390.02 1219.9 1105.91 1050.23 568.21 339.35
6920354818585_camera0-30.jpg 169 1408.69 1225.3 1258.04 1062.7 301.31 325.2
6920354818585_camera0-32.jpg 169 1477.27 1229.52 1237.68 1069.49 479.17 320.06
6920354818585_camera0-38.jpg 169 1420.27 1213.34 905.99 1063.39 1028.56 299.89
6920354818585_camera0-37.jpg 169 1438.25 1219.97 952.22 1077.45 972.06 285.04
6920354818585_camera0-34.jpg 169 1474.41 1224.1 1103.89 1063.59 741.03 321.02
6920354818585_camera0-31.jpg 169 1462.71 1229.37 1287.7 1070.73 350.02 317.28
6920354818585_camera0-36.jpg 169 1450.52 1227.8 992.8 1066.02 915.44 323.56
6920354818585_camera0-35.jpg 169 1462.72 1220.56 1038.41 1065.69 848.61 309.73
6920354818585_camera0-39.jpg 169 1395.99 1213.0 894.88 1090.87 1002.22 244.26
6920354818585_camera0-8.jpg 169 1324.25 1227.54 1021.98 1070.92 604.54 313.23
6920354818585_camera0-3.jpg 169 1364.51 1210.49 869.69 1095.91 989.63 229.15
6920354818585_camera0-6.jpg 169 1327.98 1225.33 910.09 1075.42 835.78 299.81
6920354818585_camera0-4.jpg 169 1346.88 1210.48 862.14 1083.32 969.48 254.33
6920354818585_camera0-5.jpg 169 1324.25 1217.28 863.9 1076.54 920.7 281.47
6920354818585_camera0-7.jpg 169 1321.58 1226.22 941.87 1073.49 759.42 305.46
6920354818585_camera0-40.jpg 169 1392.64 1208.07 869.16 1076.54 1046.97 263.06
6920354818585_camera1-14.jpg 169 1285.73 1154.53 870.96 776.3 829.54 756.45
6920354818585_camera0-9.jpg 169 1329.51 1227.79 1100.65 1058.12 457.72 339.34
6920354818585_camera1-13.jpg 169 1283.47 1158.09 911.25 755.61 744.45 804.96
6920354818585_camera1-20.jpg 169 1283.22 1123.47 784.4 948.67 997.64 349.6
6920354818585_camera1-19.jpg 169 1270.57 1121.12 777.22 944.14 986.7 353.95
6920354818585_camera1-17.jpg 169 1275.12 1134.94 794.15 879.35 961.93 511.18
6920354818585_camera1-21.jpg 169 1280.18 1124.98 788.05 907.19 984.27 435.57
6920354818585_camera1-22.jpg 169 1272.6 1127.38 791.63 866.76 961.93 521.25
6920354818585_camera1-1.jpg 169 1236.56 1092.75 749.62 878.45 973.87 428.6
6920354818585_camera1-27.jpg 169 1265.95 1143.82 1001.97 723.92 527.96 839.79
6920354818585_camera1-23.jpg 169 1250.6 1127.84 777.09 810.85 947.01 633.97
6920354818585_camera1-28.jpg 169 1272.2 1139.66 1074.22 717.53 395.97 844.27
6920354818585_camera1-30.jpg 169 1312.01 1131.81 1154.44 715.21 315.13 833.19
6920354818585_camera1-33.jpg 169 1309.79 1125.2 950.71 721.41 718.15 807.59
6920354818585_camera1-2.jpg 169 1223.05 1097.99 745.06 839.9 955.99 516.18
6920354818585_camera1-39.jpg 169 1240.34 1076.13 751.74 906.43 977.2 339.4
6920354818585_camera1-34.jpg 169 1301.89 1110.73 908.62 731.93 786.54 757.61
6920354818585_camera1-31.jpg 169 1317.92 1128.64 1096.33 713.15 443.19 830.98
6920354818585_camera1-40.jpg 169 1242.86 1079.96 750.56 909.25 984.6 341.42
6920354818585_camera2-10.jpg 169 1295.26 886.9 864.66 740.85 861.2 292.1
6920354818585_camera2-18.jpg 169 1299.78 860.61 1086.12 418.85 427.32 883.51
6920354818585_camera2-20.jpg 169 1297.55 853.8 1161.12 416.8 272.86 874.0
6920354818585_camera2-19.jpg 169 1299.04 857.94 1146.69 421.05 304.69 873.79
6920354818585_camera2-1.jpg 169 1254.54 895.03 1066.45 445.2 376.17 899.66
6920354818585_camera2-22.jpg 169 1292.89 845.16 1052.84 406.29 480.11 877.74
6920354818585_camera2-21.jpg 169 1296.52 845.36 1116.47 405.94 360.09 878.83
6920354818585_camera2-30.jpg 169 1262.53 836.55 834.44 705.6 856.17 261.89
6920354818585_camera2-29.jpg 169 1259.8 838.47 811.29 681.95 897.03 313.04
6920354818585_camera2-28.jpg 169 1262.72 837.54 825.13 642.99 875.18 389.1
6920354818585_camera2-2.jpg 169 1253.23 889.77 1008.58 442.57 489.29 894.4
6920354818585_camera2-31.jpg 169 1251.19 835.28 814.3 647.68 873.79 375.2
6920354818585_camera2-32.jpg 169 1250.16 844.13 815.0 601.1 870.33 486.07
6920354818585_camera2-34.jpg 169 1242.7 855.57 832.33 505.7 820.74 699.73
6920354818585_camera2-33.jpg 169 1246.22 847.76 829.63 536.09 833.19 623.33
6920354818585_camera2-36.jpg 169 1236.08 860.46 909.98 458.82 652.2 803.28
6920354818585_camera2-35.jpg 169 1229.55 856.88 861.27 453.09 736.56 807.59
6920354818585_camera2-38.jpg 169 1237.9 878.71 1032.49 436.54 410.82 884.33
6920354818585_camera2-37.jpg 169 1236.81 865.66 958.26 432.93 557.09 865.47
6920354818585_camera2-39.jpg 169 1239.86 884.38 1103.88 448.75 271.96 871.27
6920354818585_camera2-8.jpg 169 1283.92 893.2 841.99 687.97 883.86 410.46
6920354818585_camera3-11.jpg 169 1413.21 1411.68 1075.02 1145.01 676.38 533.35
6920354818585_camera2-9.jpg 169 1284.48 891.51 852.36 774.95 864.24 233.11
6920354818585_camera3-22.jpg 169 1379.62 1386.76 897.39 1179.01 964.45 415.49
6920354818585_camera3-1.jpg 169 1336.8 1366.61 847.03 1179.01 979.55 375.2
6920354818585_camera3-19.jpg 169 1402.28 1370.38 882.28 1244.48 1039.99 251.81
6920354818585_camera3-17.jpg 169 1393.1 1379.39 870.52 1211.29 1045.15 336.2
6920354818585_camera3-23.jpg 169 1362.0 1398.09 922.58 1163.9 878.83 468.37
6920354818585_camera3-18.jpg 169 1393.32 1372.53 867.24 1224.04 1052.15 296.98
6920354818585_camera3-20.jpg 169 1400.12 1379.38 889.66 1212.1 1020.92 334.55
6920354818585_camera3-21.jpg 169 1388.9 1380.01 881.92 1188.39 1013.97 383.24
6920354818585_camera3-16.jpg 169 1404.4 1386.11 883.66 1192.43 1041.49 387.36
6920354818585_camera3-24.jpg 169 1360.55 1395.57 950.45 1151.67 820.19 487.8
6920354818585_camera3-26.jpg 169 1368.48 1402.57 1108.98 1134.59 519.0 535.97
6920354818585_camera3-28.jpg 169 1399.77 1405.64 1257.49 1136.2 284.55 538.88
6920354818585_camera3-25.jpg 169 1359.38 1405.8 1031.09 1135.07 656.57 541.45
6920354818585_camera3-27.jpg 169 1377.49 1403.1 1181.65 1132.72 391.68 540.75
6920354818585_camera3-29.jpg 169 1439.78 1402.93 1268.52 1138.11 342.52 529.65
6920354818585_camera3-30.jpg 169 1445.26 1393.53 1197.98 1121.26 494.55 544.53
6920354818585_camera3-2.jpg 169 1319.74 1378.29 842.43 1171.09 954.63 414.41
6920354818585_camera3-31.jpg 169 1449.49 1397.74 1134.0 1127.02 630.99 541.45
6920354818585_camera3-36.jpg 169 1390.89 1368.74 893.91 1173.59 993.97 390.31
6920354818585_camera3-37.jpg 169 1361.09 1363.27 848.12 1189.65 1025.93 347.24
6920354818585_camera3-32.jpg 169 1447.14 1393.77 1085.46 1141.23 723.37 505.07
6920354818585_camera3-33.jpg 169 1433.94 1387.96 1004.23 1143.71 859.42 488.5
6920354818585_camera3-34.jpg 169 1422.89 1380.37 963.86 1147.56 918.07 465.61
6920354818585_camera3-38.jpg 169 1359.75 1355.16 842.85 1208.14 1033.8 294.03
6920354818585_camera3-35.jpg 169 1411.38 1375.83 925.74 1164.0 971.28 423.66
6920354818585_camera3-40.jpg 169 1352.38 1364.05 842.59 1197.77 1019.57 332.55
6920354818585_camera3-39.jpg 169 1353.18 1354.07 829.7 1208.07 1046.97 291.99
