6907777830523-back_camera0-10.jpg 17 1415.99 1094.68 1011.35 996.93 809.27 195.51
6907777830523-back_camera0-11.jpg 17 1483.4 1092.33 1084.87 987.1 797.07 210.45
6907777830523-back_camera0-12.jpg 17 1492.61 1102.85 1045.41 987.1 894.4 231.49
6907777830523-back_camera0-13.jpg 17 1488.02 1100.25 998.81 983.27 978.42 233.97
6907777830523-back_camera0-14.jpg 17 1473.8 1103.74 948.43 985.66 1050.74 236.17
6907777830523-back_camera0-15.jpg 17 1453.15 1098.9 908.62 971.32 1089.06 255.17
6907777830523-back_camera0-16.jpg 17 1436.82 1099.33 876.68 969.4 1120.27 259.86
6907777830523-back_camera0-17.jpg 17 1410.77 1099.2 857.82 981.83 1105.89 234.75
6907777830523-back_camera0-18.jpg 17 1389.22 1097.41 853.22 982.55 1072.01 229.72
6907777830523-back_camera0-19.jpg 17 1375.55 1096.27 863.9 981.84 1023.3 228.86
6907777830523-back_camera0-1.jpg 17 1461.05 1093.64 945.45 1021.3 1031.19 144.68
6907777830523-back_camera0-21.jpg 17 1448.21 1085.06 926.03 988.54 1044.37 193.04
6907777830523-back_camera0-22.jpg 17 1460.17 1093.42 934.8 999.38 1050.74 188.09
6907777830523-back_camera0-23.jpg 17 1442.24 1099.43 895.9 996.12 1092.67 206.62
6907777830523-back_camera0-26.jpg 17 1390.02 1104.16 850.75 979.21 1078.54 249.91
6907777830523-back_camera0-20.jpg 17 1409.32 1093.22 889.61 992.11 1039.42 202.23
6907777830523-back_camera0-24.jpg 17 1423.76 1102.14 869.0 991.19 1109.52 221.9
6907777830523-back_camera0-25.jpg 17 1421.58 1112.05 869.16 992.36 1104.84 239.38
6907777830523-back_camera0-30.jpg 17 1399.55 1105.79 1006.41 991.24 786.29 229.1
6907777830523-back_camera0-28.jpg 17 1355.82 1109.42 884.94 987.1 941.75 244.64
6907777830523-back_camera0-29.jpg 17 1355.38 1104.84 937.49 981.8 835.78 246.07
6907777830523-back_camera0-2.jpg 17 1471.57 1096.27 953.34 1018.67 1036.45 155.2
6907777830523-back_camera0-27.jpg 17 1370.01 1110.14 864.74 985.13 1010.54 250.03
6907777830523-back_camera0-32.jpg 17 1472.88 1102.85 1016.47 987.1 912.81 231.49
6907777830523-back_camera0-35.jpg 17 1443.95 1098.89 892.84 1010.77 1102.21 176.25
6907777830523-back_camera0-33.jpg 17 1478.38 1095.8 979.7 995.57 997.35 200.46
6907777830523-back_camera0-31.jpg 17 1478.14 1097.59 1084.87 987.1 786.54 220.97
6907777830523-back_camera0-34.jpg 17 1466.17 1100.97 936.55 1012.35 1059.25 177.25
6907777830523-back_camera0-3.jpg 17 1460.74 1091.99 907.79 1023.4 1105.89 137.18
6907777830523-back_camera0-39.jpg 17 1396.59 1105.47 871.79 1026.56 1049.6 157.83
6907777830523-back_camera0-38.jpg 17 1400.7 1107.48 852.53 1028.29 1096.34 158.39
6907777830523-back_camera0-36.jpg 17 1422.9 1098.9 866.53 1016.04 1112.74 165.73
6907777830523-back_camera0-37.jpg 17 1419.12 1103.03 860.91 1021.22 1116.42 163.61
6907777830523-back_camera0-40.jpg 17 1428.16 1106.79 905.99 1029.19 1044.34 155.2
6907777830523-back_camera0-4.jpg 17 1434.74 1096.27 871.79 1016.04 1125.89 160.47
6907777830523-back_camera0-5.jpg 17 1421.62 1100.45 870.73 1019.63 1101.79 161.65
6907777830523-back_camera0-8.jpg 17 1384.33 1103.22 902.98 1005.47 962.7 195.51
6907777830523-back_camera0-7.jpg 17 1390.02 1105.47 887.58 1008.14 1004.88 194.66
6907777830523-back_camera0-6.jpg 17 1401.12 1100.03 870.79 1016.37 1060.67 167.32
6907777830523-back_camera1-10.jpg 17 1251.91 1190.97 877.05 842.42 749.72 697.1
6907777830523-back_camera0-9.jpg 17 1376.85 1101.32 946.23 1004.8 861.24 193.04
6907777830523-back_camera1-12.jpg 17 1346.61 1202.81 971.75 834.53 749.72 736.56
6907777830523-back_camera1-13.jpg 17 1348.04 1212.44 929.73 827.45 836.62 769.98
6907777830523-back_camera1-11.jpg 17 1303.21 1194.91 945.45 852.94 715.52 683.95
6907777830523-back_camera1-16.jpg 17 1330.12 1209.63 818.11 805.41 1024.02 808.44
6907777830523-back_camera1-14.jpg 17 1346.3 1215.45 888.28 813.45 916.03 804.01
6907777830523-back_camera1-15.jpg 17 1340.04 1213.33 848.12 805.59 983.84 815.48
6907777830523-back_camera1-19.jpg 17 1295.32 1176.5 811.29 847.68 968.05 657.65
6907777830523-back_camera1-18.jpg 17 1305.46 1189.32 794.25 820.23 1022.43 738.17
6907777830523-back_camera1-17.jpg 17 1317.68 1194.91 798.14 808.22 1039.08 773.39
6907777830523-back_camera1-1.jpg 17 1253.22 1162.03 795.5 916.07 915.44 491.92
6907777830523-back_camera1-21.jpg 17 1314.45 1149.18 859.7 893.66 909.5 511.05
6907777830523-back_camera1-20.jpg 17 1286.11 1169.92 824.44 876.61 923.33 586.62
6907777830523-back_camera1-24.jpg 17 1322.94 1155.19 824.51 795.02 996.86 720.35
6907777830523-back_camera1-23.jpg 17 1336.62 1150.12 853.68 822.73 965.89 654.77
6907777830523-back_camera1-22.jpg 17 1333.46 1140.99 863.9 829.26 939.12 623.45
6907777830523-back_camera1-25.jpg 17 1306.61 1157.79 805.87 775.02 1001.48 765.54
6907777830523-back_camera1-26.jpg 17 1292.58 1162.14 795.57 758.72 994.02 806.84
6907777830523-back_camera1-28.jpg 17 1255.86 1164.66 816.55 758.24 878.61 812.85
6907777830523-back_camera1-2.jpg 17 1296.29 1166.38 834.73 904.05 923.11 524.66
6907777830523-back_camera1-27.jpg 17 1282.16 1164.66 800.77 758.24 962.79 812.85
6907777830523-back_camera1-29.jpg 17 1252.06 1149.91 864.33 767.05 775.45 765.72
6907777830523-back_camera1-32.jpg 17 1305.84 1165.98 927.03 813.48 757.61 705.0
6907777830523-back_camera1-30.jpg 17 1246.64 1150.19 879.68 774.02 733.93 752.35
6907777830523-back_camera1-34.jpg 17 1302.02 1174.51 851.6 793.39 900.83 762.24
6907777830523-back_camera1-33.jpg 17 1300.57 1175.18 879.68 802.96 841.79 744.45
6907777830523-back_camera1-31.jpg 17 1281.95 1144.64 947.7 800.68 668.49 687.93
6907777830523-back_camera1-37.jpg 17 1257.64 1182.76 745.71 814.37 1023.87 736.79
6907777830523-back_camera1-36.jpg 17 1268.78 1182.88 764.98 803.05 1007.59 759.65
6907777830523-back_camera1-35.jpg 17 1284.8 1183.08 800.77 792.44 968.05 781.28
6907777830523-back_camera1-38.jpg 17 1248.13 1178.13 739.97 825.88 1016.33 704.5
6907777830523-back_camera1-39.jpg 17 1241.39 1180.45 766.57 860.83 949.64 639.23
6907777830523-back_camera1-40.jpg 17 1229.47 1168.96 772.88 900.25 913.19 537.42
6907777830523-back_camera1-4.jpg 17 1286.11 1188.34 782.35 858.2 1007.51 660.28
6907777830523-back_camera1-9.jpg 17 1251.71 1200.12 824.39 826.21 854.64 747.81
6907777830523-back_camera1-3.jpg 17 1283.47 1172.55 795.5 871.35 975.95 602.4
6907777830523-back_camera1-5.jpg 17 1267.56 1197.38 754.24 830.12 1026.64 734.53
6907777830523-back_camera2-11.jpg 17 1283.48 863.46 898.1 581.99 770.76 562.94
6907777830523-back_camera1-6.jpg 17 1265.34 1198.6 759.11 823.03 1012.45 751.14
6907777830523-back_camera1-7.jpg 17 1257.48 1201.66 766.64 816.21 981.68 770.91
6907777830523-back_camera2-14.jpg 17 1280.85 854.25 834.96 447.83 891.77 812.85
6907777830523-back_camera2-10.jpg 17 1283.48 868.72 863.9 537.27 839.16 662.91
6907777830523-back_camera1-8.jpg 17 1253.03 1203.08 787.33 818.44 931.39 769.27
6907777830523-back_camera2-12.jpg 17 1291.71 850.03 881.36 522.21 820.7 655.64
6907777830523-back_camera2-13.jpg 17 1286.11 847.68 850.75 484.66 870.72 726.04
6907777830523-back_camera2-15.jpg 17 1275.59 847.68 821.81 405.74 907.55 883.88
6907777830523-back_camera2-16.jpg 17 1276.54 845.49 823.25 392.2 906.58 906.58
6907777830523-back_camera2-18.jpg 17 1268.79 840.86 853.85 384.66 829.87 912.4
6907777830523-back_camera2-19.jpg 17 1262.43 842.41 890.21 403.11 744.45 878.61
6907777830523-back_camera2-17.jpg 17 1275.59 837.15 842.86 374.17 865.46 925.96
6907777830523-back_camera2-1.jpg 17 1269.16 896.24 988.4 516.21 561.53 760.05
6907777830523-back_camera2-21.jpg 17 1256.88 843.37 974.75 456.06 564.26 774.62
6907777830523-back_camera2-22.jpg 17 1250.6 852.94 905.99 429.42 689.21 847.05
6907777830523-back_camera2-27.jpg 17 1240.08 868.73 774.46 432.05 931.23 873.35
6907777830523-back_camera2-28.jpg 17 1240.23 870.25 787.49 475.96 905.48 788.59
6907777830523-back_camera2-20.jpg 17 1253.22 845.05 911.25 416.26 683.95 857.57
6907777830523-back_camera2-24.jpg 17 1244.5 855.45 845.7 408.57 797.6 893.76
6907777830523-back_camera2-25.jpg 17 1244.02 856.88 811.29 395.22 865.46 923.33
6907777830523-back_camera2-26.jpg 17 1241.28 861.5 780.49 398.42 921.57 926.15
6907777830523-back_camera2-23.jpg 17 1252.76 850.5 892.14 420.59 721.23 859.82
6907777830523-back_camera2-29.jpg 17 1234.82 866.09 800.77 510.96 868.09 710.26
6907777830523-back_camera2-2.jpg 17 1282.38 892.47 961.44 483.85 641.88 817.24
6907777830523-back_camera2-30.jpg 17 1236.13 875.3 813.92 545.16 844.42 660.28
6907777830523-back_camera2-32.jpg 17 1248.55 886.64 834.9 548.65 827.3 675.98
6907777830523-back_camera2-33.jpg 17 1252.73 889.0 812.58 503.87 880.3 770.26
6907777830523-back_camera2-31.jpg 17 1242.7 877.92 856.01 603.03 773.39 549.79
6907777830523-back_camera2-34.jpg 17 1249.33 890.6 801.24 489.3 896.18 802.59
6907777830523-back_camera2-35.jpg 17 1246.64 891.08 792.87 455.72 907.55 870.72
6907777830523-back_camera2-3.jpg 17 1290.06 897.65 913.88 460.98 752.35 873.35
6907777830523-back_camera2-36.jpg 17 1257.98 897.4 810.04 442.04 895.88 910.73
6907777830523-back_camera2-39.jpg 17 1261.9 898.16 895.11 462.6 733.58 871.13
6907777830523-back_camera2-40.jpg 17 1264.22 897.68 945.88 489.3 636.68 816.77
6907777830523-back_camera2-4.jpg 17 1291.38 884.51 892.84 429.42 797.07 910.18
6907777830523-back_camera2-38.jpg 17 1256.88 899.88 848.53 446.99 816.69 905.78
6907777830523-back_camera2-5.jpg 17 1290.06 885.82 845.49 424.15 889.14 923.33
6907777830523-back_camera2-37.jpg 17 1257.32 895.88 821.75 430.51 871.13 930.74
6907777830523-back_camera2-6.jpg 17 1292.11 883.97 843.31 430.92 897.6 906.1
6907777830523-back_camera2-7.jpg 17 1292.68 881.88 834.96 442.57 915.44 878.61
6907777830523-back_camera2-8.jpg 17 1290.36 878.84 833.96 464.38 912.79 828.92
6907777830523-back_camera3-12.jpg 17 1474.19 1475.08 1013.84 1255.42 920.7 439.31
6907777830523-back_camera3-10.jpg 17 1416.32 1464.55 1016.47 1260.68 799.7 407.74
6907777830523-back_camera2-9.jpg 17 1291.57 876.61 849.15 498.61 884.83 756.0
6907777830523-back_camera3-11.jpg 17 1480.23 1474.63 1061.28 1263.57 837.9 422.13
6907777830523-back_camera3-15.jpg 17 1430.79 1475.08 871.79 1247.53 1118.0 455.09
6907777830523-back_camera3-13.jpg 17 1470.53 1481.2 971.4 1256.44 998.27 449.51
6907777830523-back_camera3-18.jpg 17 1391.33 1469.8 869.16 1279.09 1044.34 381.43
6907777830523-back_camera3-16.jpg 17 1422.89 1473.76 877.05 1255.42 1091.69 436.68
6907777830523-back_camera3-1.jpg 17 1409.05 1430.71 906.37 1302.38 1005.36 256.66
6907777830523-back_camera3-21.jpg 17 1466.3 1435.62 966.49 1252.79 999.62 365.65
6907777830523-back_camera3-19.jpg 17 1402.3 1447.92 894.4 1285.49 1015.79 324.86
6907777830523-back_camera3-22.jpg 17 1443.95 1438.25 908.62 1242.27 1070.65 391.96
6907777830523-back_camera3-26.jpg 17 1376.48 1443.38 863.87 1211.53 1025.22 463.69
6907777830523-back_camera3-23.jpg 17 1441.32 1430.35 905.99 1221.22 1070.65 418.26
6907777830523-back_camera3-24.jpg 17 1412.38 1442.19 877.05 1221.22 1070.65 441.94
6907777830523-back_camera3-27.jpg 17 1354.09 1443.98 874.09 1211.42 959.99 465.11
6907777830523-back_camera3-2.jpg 17 1403.17 1444.83 866.53 1294.88 1073.28 299.89
6907777830523-back_camera3-25.jpg 17 1395.3 1446.17 862.84 1216.46 1064.92 459.43
6907777830523-back_camera3-28.jpg 17 1340.3 1442.91 922.06 1222.65 836.49 440.52
6907777830523-back_camera3-32.jpg 17 1437.36 1455.34 977.01 1263.31 920.7 384.06
6907777830523-back_camera3-30.jpg 17 1386.07 1432.98 1003.32 1234.37 765.5 397.22
6907777830523-back_camera3-31.jpg 17 1440.7 1436.5 1043.81 1247.4 793.79 378.19
6907777830523-back_camera3-35.jpg 17 1387.39 1457.98 853.38 1260.68 1068.02 394.59
6907777830523-back_camera3-29.jpg 17 1358.53 1435.26 979.53 1230.2 758.0 410.11
6907777830523-back_camera3-34.jpg 17 1407.12 1463.24 890.21 1260.68 1033.82 405.11
6907777830523-back_camera3-33.jpg 17 1420.08 1459.93 913.45 1253.61 1013.26 412.64
6907777830523-back_camera3-36.jpg 17 1359.76 1461.91 806.03 1276.46 1107.47 370.91
6907777830523-back_camera3-3.jpg 17 1395.99 1447.96 850.11 1290.28 1091.75 315.36
6907777830523-back_camera3-40.jpg 17 1370.29 1439.56 856.01 1302.77 1028.56 273.58
6907777830523-back_camera3-37.jpg 17 1351.31 1459.92 808.0 1276.53 1086.62 366.79
6907777830523-back_camera3-38.jpg 17 1341.35 1456.66 819.18 1294.88 1044.34 323.56
6907777830523-back_camera3-39.jpg 17 1345.09 1447.73 840.02 1307.43 1010.13 280.59
6907777830523-back_camera3-9.jpg 17 1340.04 1455.34 937.56 1271.2 804.96 368.28
6907777830523-back_camera3-6.jpg 17 1358.18 1455.34 821.75 1267.36 1072.87 375.96
6907777830523_camera0-12.jpg 17 1521.55 1281.73 1079.61 1179.13 883.88 205.19
6907777830523_camera0-11.jpg 17 1424.21 1267.25 995.43 1173.87 857.57 186.77
6907777830523-back_camera3-7.jpg 17 1338.24 1456.72 841.81 1278.65 992.86 356.14
6907777830523-back_camera3-5.jpg 17 1349.24 1452.71 798.14 1273.83 1102.21 357.76
6907777830523-back_camera3-4.jpg 17 1380.3 1450.0 828.5 1281.66 1103.61 336.67
6907777830523_camera0-10.jpg 17 1338.24 1270.53 910.09 1165.35 856.29 210.36
6907777830523-back_camera3-8.jpg 17 1332.14 1455.34 874.42 1271.2 915.44 368.28
6907777830523_camera0-14.jpg 17 1544.18 1290.42 1021.67 1196.07 1045.02 188.71
6907777830523_camera0-16.jpg 17 1546.16 1291.92 972.11 1191.83 1148.11 200.18
6907777830523_camera0-15.jpg 17 1548.37 1293.67 982.46 1186.43 1131.82 214.48
6907777830523_camera0-17.jpg 17 1537.33 1289.61 974.38 1189.65 1125.89 199.92
6907777830523_camera0-18.jpg 17 1523.24 1285.05 950.13 1184.18 1146.23 201.74
6907777830523_camera0-21.jpg 17 1584.67 1271.1 1070.97 1202.03 1027.4 138.14
6907777830523_camera0-20.jpg 17 1536.01 1272.52 1008.58 1189.65 1054.86 165.73
6907777830523_camera0-1.jpg 17 1295.74 1260.58 780.3 1171.95 1030.89 177.25
6907777830523_camera0-25.jpg 17 1518.45 1264.26 981.42 1184.24 1074.07 160.04
6907777830523_camera0-19.jpg 17 1517.61 1277.78 984.91 1184.39 1065.39 186.77
6907777830523_camera0-23.jpg 17 1565.39 1264.47 1027.95 1196.94 1074.88 135.05
6907777830523_camera0-26.jpg 17 1504.22 1267.95 968.47 1182.08 1071.5 171.74
6907777830523_camera0-27.jpg 17 1459.72 1271.2 969.12 1179.13 981.21 184.14
6907777830523_camera0-24.jpg 17 1555.82 1263.99 1013.43 1188.84 1084.77 150.31
6907777830523_camera0-22.jpg 17 1597.84 1261.99 1079.61 1184.39 1036.45 155.2
6907777830523_camera0-29.jpg 17 1417.99 1256.6 989.84 1175.72 856.31 161.75
6907777830523_camera0-28.jpg 17 1424.21 1267.26 971.75 1176.5 904.92 181.51
6907777830523_camera0-2.jpg 17 1350.53 1258.2 838.99 1174.02 1023.08 168.36
6907777830523_camera0-31.jpg 17 1424.05 1256.82 1054.66 1179.54 738.78 154.56
6907777830523_camera0-30.jpg 17 1396.59 1250.16 1019.1 1168.61 754.98 163.1
6907777830523_camera0-36.jpg 17 1370.85 1256.17 851.51 1179.26 1038.68 153.82
6907777830523_camera0-33.jpg 17 1444.3 1260.96 1000.67 1180.74 887.27 160.44
6907777830523_camera0-32.jpg 17 1465.23 1262.58 1084.59 1180.77 761.28 163.61
6907777830523_camera0-35.jpg 17 1395.13 1257.38 897.47 1178.75 995.33 157.25
6907777830523_camera0-34.jpg 17 1413.97 1259.55 925.37 1176.9 977.21 165.3
6907777830523_camera0-37.jpg 17 1337.4 1256.73 790.24 1168.61 1094.32 176.25
6907777830523_camera0-3.jpg 17 1359.46 1263.06 836.45 1174.79 1046.02 176.54
6907777830523_camera0-40.jpg 17 1271.74 1256.72 766.47 1167.22 1010.55 179.01
6907777830523_camera0-4.jpg 17 1350.22 1259.48 799.83 1172.53 1100.78 173.91
6907777830523_camera0-5.jpg 17 1341.49 1265.81 775.7 1172.93 1131.57 185.76
6907777830523_camera0-6.jpg 17 1326.88 1272.52 748.15 1165.98 1157.46 213.08
6907777830523_camera0-8.jpg 17 1320.41 1267.45 795.92 1174.95 1048.98 185.01
6907777830523_camera0-9.jpg 17 1328.19 1268.68 835.91 1163.3 984.57 210.77
6907777830523_camera1-1.jpg 17 1203.61 1150.22 739.88 875.12 927.46 550.19
6907777830523_camera1-40.jpg 17 1179.1 1137.68 714.73 896.25 928.73 482.87
6907777830523_camera2-20.jpg 17 1265.24 772.34 995.66 401.27 539.16 742.14
6907777830523_camera2-19.jpg 17 1282.54 774.49 936.38 345.8 692.32 857.38
6907777830523_camera2-26.jpg 17 1193.17 811.82 734.36 374.28 917.63 875.08
6907777830523_camera2-27.jpg 17 1176.01 827.9 715.19 417.81 921.64 820.19
6907777830523_camera2-33.jpg 17 1182.69 916.12 727.51 502.06 910.36 828.11
6907777830523_camera2-35.jpg 17 1193.91 938.57 735.66 481.97 916.5 913.19
6907777830523_camera3-18.jpg 17 1482.6 1441.48 975.66 1274.87 1013.87 333.23
6907777830523_camera3-29.jpg 17 1398.87 1393.98 1028.88 1224.45 739.97 339.05
6907777830523_camera3-30.jpg 17 1436.63 1392.91 1064.88 1226.41 743.5 333.01
