6920354808388-back_camera0-10.jpg 170 1302.19 1232.34 1082.99 1068.29 438.4 328.09
6920354808388-back_camera0-12.jpg 170 1395.28 1231.75 1155.89 1063.39 478.77 336.71
6920354808388-back_camera0-13.jpg 170 1413.61 1244.47 1103.88 1075.76 619.46 337.43
6920354808388-back_camera0-11.jpg 170 1319.19 1234.41 1174.39 1070.73 289.59 327.36
6920354808388-back_camera0-15.jpg 170 1435.83 1240.76 1020.8 1074.75 830.06 332.02
6920354808388-back_camera0-17.jpg 170 1442.27 1234.65 947.31 1072.96 989.93 323.38
6920354808388-back_camera0-14.jpg 170 1420.99 1240.52 1056.22 1077.56 729.54 325.92
6920354808388-back_camera0-20.jpg 170 1442.52 1222.67 899.71 1095.63 1085.62 254.08
6920354808388-back_camera0-21.jpg 170 1452.64 1218.22 918.44 1101.66 1068.41 233.11
6920354808388-back_camera0-18.jpg 170 1448.19 1234.57 918.46 1077.89 1059.46 313.36
6920354808388-back_camera0-22.jpg 170 1456.6 1218.93 931.03 1104.54 1051.14 228.79
6920354808388-back_camera0-24.jpg 170 1439.73 1225.78 945.59 1083.07 988.28 285.43
6920354808388-back_camera0-16.jpg 170 1433.42 1239.64 969.12 1068.65 928.6 341.98
6920354808388-back_camera0-1.jpg 170 1373.51 1208.5 865.2 1090.87 1016.61 235.27
6920354808388-back_camera0-19.jpg 170 1432.11 1226.48 898.1 1092.32 1068.02 268.32
6920354808388-back_camera0-23.jpg 170 1447.37 1225.99 927.66 1092.35 1039.42 267.28
6920354808388-back_camera0-27.jpg 170 1424.95 1228.64 1077.44 1075.4 695.01 306.49
6920354808388-back_camera0-25.jpg 170 1433.28 1223.52 957.43 1070.72 951.69 305.6
6920354808388-back_camera0-26.jpg 170 1424.21 1219.91 992.8 1063.39 862.83 313.04
6920354808388-back_camera0-29.jpg 170 1435.48 1232.19 1214.4 1073.09 442.16 318.21
6920354808388-back_camera0-28.jpg 170 1430.82 1234.0 1136.31 1070.66 589.01 326.68
6920354808388-back_camera0-2.jpg 170 1367.66 1200.17 848.12 1076.54 1039.08 247.27
6920354808388-back_camera0-30.jpg 170 1445.35 1233.99 1296.42 1072.11 297.86 323.76
6920354808388-back_camera0-34.jpg 170 1499.05 1226.08 1131.81 1069.75 734.47 312.66
6920354808388-back_camera0-33.jpg 170 1503.84 1228.19 1188.27 1070.4 631.13 315.57
6920354808388-back_camera0-32.jpg 170 1506.09 1231.58 1277.61 1071.55 456.96 320.06
6920354808388-back_camera0-31.jpg 170 1504.67 1231.14 1329.26 1063.04 350.82 336.2
6920354808388-back_camera0-38.jpg 170 1426.69 1215.9 937.35 1081.77 978.68 268.26
6920354808388-back_camera0-35.jpg 170 1481.42 1224.16 1067.52 1065.84 827.81 316.64
6920354808388-back_camera0-39.jpg 170 1408.45 1211.07 911.71 1078.79 993.48 264.56
6920354808388-back_camera0-3.jpg 170 1348.48 1206.2 842.91 1085.29 1011.14 241.83
6920354808388-back_camera0-40.jpg 170 1388.39 1212.17 874.65 1082.13 1027.48 260.07
6920354808388-back_camera0-5.jpg 170 1304.52 1213.33 819.18 1079.17 970.68 268.32
6920354808388-back_camera0-7.jpg 170 1286.6 1228.55 886.06 1085.17 801.07 286.76
6920354808388-back_camera0-6.jpg 170 1284.8 1215.96 850.75 1073.91 868.09 284.1
6920354808388-back_camera0-9.jpg 170 1290.03 1235.1 997.29 1077.52 585.47 315.16
6920354808388-back_camera1-10.jpg 170 1177.96 1167.19 1045.68 751.85 264.56 830.68
6920354808388-back_camera1-11.jpg 170 1221.66 1181.76 1048.04 742.45 347.24 878.61
6920354808388-back_camera0-8.jpg 170 1286.55 1234.4 952.81 1081.67 667.49 305.46
6920354808388-back_camera1-12.jpg 170 1247.6 1186.91 968.08 762.79 559.03 848.25
6920354808388-back_camera1-13.jpg 170 1258.49 1185.7 916.51 776.65 683.95 818.11
6920354808388-back_camera1-15.jpg 170 1276.01 1178.28 856.2 804.88 839.62 746.81
6920354808388-back_camera1-16.jpg 170 1276.9 1179.13 813.92 834.53 925.97 689.21
6920354808388-back_camera1-14.jpg 170 1269.61 1183.15 879.5 780.26 780.21 805.79
6920354808388-back_camera1-18.jpg 170 1279.13 1162.13 783.46 903.34 991.34 517.59
6920354808388-back_camera1-17.jpg 170 1283.2 1168.58 807.28 866.4 951.85 604.35
6920354808388-back_camera1-1.jpg 170 1216.21 1061.32 735.94 876.43 960.54 369.78
6920354808388-back_camera1-19.jpg 170 1289.97 1146.14 789.96 971.59 1000.03 349.1
6920354808388-back_camera1-25.jpg 170 1298.97 1145.04 898.57 764.53 800.81 761.02
6920354808388-back_camera1-20.jpg 170 1299.04 1145.01 806.74 987.63 984.59 314.77
6920354808388-back_camera1-21.jpg 170 1306.18 1145.06 812.46 931.4 987.45 427.32
6920354808388-back_camera1-23.jpg 170 1300.3 1148.79 836.96 846.61 926.67 604.35
6920354808388-back_camera1-22.jpg 170 1303.12 1142.55 818.16 873.95 969.93 537.19
6920354808388-back_camera1-24.jpg 170 1299.28 1146.62 867.24 794.49 864.07 704.26
6920354808388-back_camera1-26.jpg 170 1295.26 1141.23 945.24 750.92 700.04 780.62
6920354808388-back_camera1-28.jpg 170 1307.35 1134.72 1088.74 716.47 437.22 836.49
6920354808388-back_camera1-30.jpg 170 1345.62 1118.57 1199.57 710.63 292.1 815.88
6920354808388-back_camera1-29.jpg 170 1305.61 1122.95 1148.93 699.33 313.36 847.24
6920354808388-back_camera1-2.jpg 170 1210.9 1074.32 730.66 847.69 960.49 453.26
6920354808388-back_camera1-27.jpg 170 1298.99 1135.82 1020.39 722.88 557.19 825.88
6920354808388-back_camera1-34.jpg 170 1322.94 1094.95 934.93 716.15 776.02 757.61
6920354808388-back_camera1-32.jpg 170 1340.42 1108.44 1067.68 693.53 545.48 829.83
6920354808388-back_camera1-31.jpg 170 1346.88 1109.75 1131.58 700.56 430.6 818.39
6920354808388-back_camera1-33.jpg 170 1332.14 1097.59 987.54 703.0 689.21 789.17
6920354808388-back_camera1-35.jpg 170 1311.58 1081.51 890.35 736.05 842.45 690.93
6920354808388-back_camera1-3.jpg 170 1179.57 1091.01 700.8 795.07 957.53 591.88
6920354808388-back_camera1-38.jpg 170 1251.19 1058.13 776.52 823.95 949.34 468.37
6920354808388-back_camera1-7.jpg 170 1160.53 1143.26 818.16 734.15 684.75 818.22
6920354808388-back_camera1-40.jpg 170 1220.35 1048.92 729.74 889.77 981.21 318.3
6920354808388-back_camera1-36.jpg 170 1294.0 1074.51 847.03 758.48 893.94 632.05
6920354808388-back_camera1-4.jpg 170 1175.62 1104.16 721.85 774.02 907.55 660.28
6920354808388-back_camera1-6.jpg 170 1154.25 1131.16 786.6 745.89 735.3 770.55
6920354808388-back_camera1-5.jpg 170 1166.83 1116.86 740.33 766.26 852.99 701.2
6920354808388-back_camera1-37.jpg 170 1278.22 1060.75 811.29 779.28 933.86 562.94
6920354808388-back_camera2-10.jpg 170 1302.7 925.65 864.58 792.18 876.25 266.94
6920354808388-back_camera1-9.jpg 170 1170.61 1165.16 965.38 743.37 410.46 843.58
6920354808388-back_camera1-8.jpg 170 1166.41 1159.4 911.25 734.56 510.33 849.68
6920354808388-back_camera2-11.jpg 170 1309.18 916.63 872.2 769.56 873.96 294.15
6920354808388-back_camera2-12.jpg 170 1316.66 908.31 882.28 665.31 868.76 486.0
6920354808388-back_camera2-19.jpg 170 1322.94 843.73 1169.05 405.74 307.78 875.98
6920354808388-back_camera2-15.jpg 170 1331.72 882.13 945.82 513.64 771.8 736.98
6920354808388-back_camera2-14.jpg 170 1328.16 890.97 926.83 557.01 802.67 667.93
6920354808388-back_camera2-16.jpg 170 1329.25 876.83 990.56 481.48 677.38 790.69
6920354808388-back_camera2-13.jpg 170 1323.01 893.74 893.59 589.08 858.84 609.31
6920354808388-back_camera2-1.jpg 170 1222.23 903.27 1076.18 468.89 292.1 868.76
6920354808388-back_camera2-17.jpg 170 1328.82 864.72 1027.06 438.2 603.51 853.04
6920354808388-back_camera2-20.jpg 170 1333.03 837.8 1214.68 410.97 236.7 853.65
6920354808388-back_camera2-21.jpg 170 1324.93 832.22 1145.79 399.46 358.29 865.52
6920354808388-back_camera2-25.jpg 170 1291.1 806.69 905.2 438.2 771.8 736.98
6920354808388-back_camera2-18.jpg 170 1330.57 861.3 1084.19 426.28 492.76 870.04
6920354808388-back_camera2-24.jpg 170 1304.08 813.87 957.83 423.56 692.49 780.62
6920354808388-back_camera2-22.jpg 170 1319.45 822.93 1074.8 390.19 489.31 865.48
6920354808388-back_camera2-23.jpg 170 1310.19 813.51 1016.65 398.02 587.08 830.98
6920354808388-back_camera2-27.jpg 170 1267.88 797.98 829.76 525.24 876.25 545.48
6920354808388-back_camera2-26.jpg 170 1286.45 806.32 887.32 481.48 798.25 649.68
6920354808388-back_camera2-2.jpg 170 1228.0 908.96 1025.07 470.09 405.87 877.74
6920354808388-back_camera2-28.jpg 170 1260.01 807.58 824.37 599.83 871.27 415.49
6920354808388-back_camera2-29.jpg 170 1250.16 812.32 813.18 661.71 873.96 301.22
6920354808388-back_camera2-30.jpg 170 1241.77 809.59 794.94 676.12 893.66 266.94
6920354808388-back_camera2-36.jpg 170 1203.35 860.46 879.77 458.82 647.16 803.28
6920354808388-back_camera2-32.jpg 170 1228.84 822.11 792.44 592.77 872.79 458.67
6920354808388-back_camera2-34.jpg 170 1212.15 841.58 816.81 504.15 790.69 674.86
6920354808388-back_camera2-31.jpg 170 1240.24 815.39 794.94 629.7 890.6 371.39
6920354808388-back_camera2-35.jpg 170 1208.44 846.96 844.29 470.79 728.3 752.34
6920354808388-back_camera2-33.jpg 170 1219.72 832.76 806.74 534.36 825.95 596.8
6920354808388-back_camera2-4.jpg 170 1244.5 922.15 924.43 511.33 640.15 821.64
6920354808388-back_camera2-37.jpg 170 1204.61 857.94 917.54 438.67 574.13 838.54
6920354808388-back_camera2-38.jpg 170 1200.32 876.44 964.06 438.73 472.53 875.42
6920354808388-back_camera2-3.jpg 170 1237.43 919.09 958.84 494.83 557.19 848.51
6920354808388-back_camera2-39.jpg 170 1207.12 889.41 1030.85 453.78 352.54 871.27
6920354808388-back_camera2-40.jpg 170 1210.9 891.93 1096.33 466.37 229.15 851.13
6920354808388-back_camera2-5.jpg 170 1252.28 927.57 895.2 538.67 714.16 777.8
6920354808388-back_camera3-12.jpg 170 1430.37 1326.05 1102.5 1070.72 655.74 510.66
6920354808388-back_camera3-10.jpg 170 1421.04 1333.59 1219.38 1070.88 403.31 525.42
6920354808388-back_camera2-6.jpg 170 1265.71 928.99 861.26 595.24 808.91 667.49
6920354808388-back_camera2-8.jpg 170 1282.16 929.23 845.49 703.0 873.35 452.46
6920354808388-back_camera2-9.jpg 170 1292.43 924.19 850.78 731.56 883.31 385.27
6920354808388-back_camera2-7.jpg 170 1274.57 930.79 855.84 634.01 837.46 593.56
6920354808388-back_camera3-11.jpg 170 1422.65 1329.91 1155.37 1064.75 534.56 530.32
6920354808388-back_camera3-16.jpg 170 1391.34 1309.35 898.1 1118.63 986.47 381.43
6920354808388-back_camera3-13.jpg 170 1431.37 1325.06 1060.43 1081.77 741.87 486.57
6920354808388-back_camera3-14.jpg 170 1418.8 1319.01 975.45 1089.91 886.69 458.19
6920354808388-back_camera3-17.jpg 170 1376.86 1304.08 877.05 1134.41 999.62 339.34
6920354808388-back_camera3-18.jpg 170 1373.23 1297.68 859.49 1150.59 1027.48 294.18
6920354808388-back_camera3-15.jpg 170 1409.33 1313.69 943.11 1108.34 932.43 410.71
6920354808388-back_camera3-19.jpg 170 1366.35 1286.98 856.01 1144.93 1020.67 284.1
6920354808388-back_camera3-20.jpg 170 1374.45 1298.36 868.18 1137.85 1012.55 321.02
6920354808388-back_camera3-1.jpg 170 1406.95 1299.15 917.0 1125.4 979.91 347.5
6920354808388-back_camera3-21.jpg 170 1363.71 1309.35 869.16 1116.0 989.1 386.7
6920354808388-back_camera3-25.jpg 170 1336.16 1339.77 948.8 1074.83 774.72 529.88
6920354808388-back_camera3-22.jpg 170 1358.86 1313.26 866.09 1108.27 985.53 409.99
6920354808388-back_camera3-24.jpg 170 1340.58 1335.13 925.09 1083.32 830.98 503.63
6920354808388-back_camera3-2.jpg 170 1383.44 1306.71 911.25 1097.58 944.38 418.26
6920354808388-back_camera3-23.jpg 170 1345.62 1331.35 902.43 1100.94 886.38 460.82
6920354808388-back_camera3-28.jpg 170 1370.28 1344.86 1200.61 1071.28 339.35 547.16
6920354808388-back_camera3-26.jpg 170 1340.53 1345.3 1037.25 1074.0 606.56 542.6
6920354808388-back_camera3-29.jpg 170 1405.36 1350.08 1261.12 1072.9 288.49 554.36
6920354808388-back_camera3-27.jpg 170 1354.07 1345.2 1125.28 1077.56 457.58 535.28
6920354808388-back_camera3-31.jpg 170 1451.83 1339.6 1148.0 1076.54 607.66 526.12
6920354808388-back_camera3-30.jpg 170 1438.1 1348.55 1236.81 1073.02 402.57 551.06
6920354808388-back_camera3-33.jpg 170 1463.67 1336.96 1069.09 1087.06 789.17 499.81
6920354808388-back_camera3-32.jpg 170 1460.2 1341.43 1106.4 1083.32 707.6 516.22
6920354808388-back_camera3-34.jpg 170 1458.64 1329.74 1020.25 1090.04 876.79 479.41
6920354808388-back_camera3-35.jpg 170 1454.29 1322.66 986.01 1101.83 936.56 441.66
6920354808388-back_camera3-37.jpg 170 1413.69 1305.4 916.51 1134.41 994.36 341.98
6920354808388-back_camera3-39.jpg 170 1421.17 1291.07 922.58 1148.79 997.18 284.55
6920354808388-back_camera3-36.jpg 170 1431.58 1311.98 936.61 1126.72 989.93 370.52
6920354808388-back_camera3-3.jpg 170 1379.49 1304.08 924.4 1092.32 910.18 423.52
6920354808388-back_camera3-6.jpg 170 1349.39 1333.87 1033.37 1075.76 632.05 516.22
6920354808388-back_camera3-5.jpg 170 1354.3 1320.67 990.69 1066.69 727.22 507.96
6920354808388-back_camera3-7.jpg 170 1351.93 1328.89 1086.3 1070.69 531.26 516.41
6920354808388-back_camera3-40.jpg 170 1414.87 1296.63 922.75 1130.44 984.23 332.39
6920354808388-back_camera3-38.jpg 170 1421.58 1296.19 916.51 1147.56 1010.14 297.26
6920354808388-back_camera3-4.jpg 170 1367.51 1317.25 942.55 1084.62 849.92 465.27
6920354808388-back_camera3-9.jpg 170 1382.29 1328.03 1246.31 1071.8 271.96 512.47
6920354808388-back_camera3-8.jpg 170 1360.9 1327.69 1157.3 1066.14 407.2 523.1
6920354808388_camera0-12.jpg 170 1435.21 1054.85 1206.72 891.21 456.98 327.28
6920354808388_camera0-11.jpg 170 1426.85 1051.55 1263.75 881.88 326.19 339.34
6920354808388_camera0-10.jpg 170 1379.56 1052.76 1232.28 893.97 294.55 317.58
6920354808388_camera0-13.jpg 170 1438.68 1048.91 1137.48 876.61 602.4 344.61
6920354808388_camera0-16.jpg 170 1443.13 1052.82 986.71 894.41 912.84 316.81
6920354808388_camera0-17.jpg 170 1429.48 1046.29 942.82 884.51 973.32 323.56
6920354808388_camera0-14.jpg 170 1445.26 1055.49 1090.13 887.14 710.26 336.71
6920354808388_camera0-21.jpg 170 1418.32 1037.37 880.32 911.29 1076.0 252.16
6920354808388_camera0-15.jpg 170 1450.17 1052.89 1022.61 886.88 855.12 332.02
6920354808388_camera0-22.jpg 170 1420.27 1041.02 895.47 908.18 1049.6 265.69
6920354808388_camera0-1.jpg 170 1462.07 1027.71 935.99 904.68 1052.15 246.07
6920354808388_camera0-20.jpg 170 1414.87 1040.91 882.05 915.11 1065.63 251.61
6920354808388_camera0-18.jpg 170 1416.33 1039.71 900.73 892.4 1031.19 294.63
6920354808388_camera0-19.jpg 170 1411.71 1044.47 889.17 906.59 1045.08 275.77
6920354808388_camera0-23.jpg 170 1411.63 1048.78 897.93 924.67 1027.4 248.22
6920354808388_camera0-25.jpg 170 1395.66 1057.49 922.97 909.0 945.38 296.98
6920354808388_camera0-24.jpg 170 1402.61 1046.38 892.77 907.11 1019.67 278.54
6920354808388_camera0-26.jpg 170 1391.33 1047.61 958.6 887.14 865.46 320.93
6920354808388_camera0-27.jpg 170 1397.51 1058.8 1023.27 901.01 748.48 315.57
6920354808388_camera0-30.jpg 170 1437.37 1058.13 1263.75 884.51 347.24 347.24
6920354808388_camera0-31.jpg 170 1500.25 1059.1 1329.84 886.57 340.82 345.06
6920354808388_camera0-34.jpg 170 1533.44 1053.83 1138.77 885.73 789.34 336.2
6920354808388_camera0-29.jpg 170 1418.95 1063.39 1174.31 884.51 489.29 357.76
6920354808388_camera0-36.jpg 170 1525.1 1049.07 1059.01 892.33 932.18 313.48
6920354808388_camera0-28.jpg 170 1406.06 1058.13 1106.4 896.97 599.32 322.32
6920354808388_camera0-32.jpg 170 1522.86 1056.82 1240.07 881.88 565.57 349.87
6920354808388_camera0-35.jpg 170 1534.55 1055.33 1099.68 890.88 869.74 328.89
6920354808388_camera0-2.jpg 170 1452.36 1023.05 931.0 909.21 1042.72 227.68
6920354808388_camera0-37.jpg 170 1514.15 1048.42 1022.04 904.89 984.23 287.07
6920354808388_camera0-33.jpg 170 1530.76 1052.86 1176.94 879.24 707.63 347.24
6920354808388_camera0-38.jpg 170 1490.41 1043.39 983.19 906.33 1014.45 274.12
6920354808388_camera0-39.jpg 170 1471.74 1034.66 955.57 897.49 1032.35 274.35
6920354808388_camera0-3.jpg 170 1421.17 1036.73 920.06 927.19 1002.22 219.08
6920354808388_camera0-4.jpg 170 1400.54 1037.08 911.25 892.4 978.58 289.36
6920354808388_camera0-7.jpg 170 1367.03 1041.76 998.12 902.01 737.81 279.51
6920354808388_camera0-6.jpg 170 1374.72 1046.38 951.62 900.17 846.2 292.41
6920354808388_camera0-8.jpg 170 1357.13 1048.92 1058.56 884.51 597.14 328.82
6920354808388_camera0-40.jpg 170 1461.83 1029.17 939.39 903.11 1044.88 252.13
6920354808388_camera1-11.jpg 170 1255.86 1169.93 1084.87 747.72 341.98 844.42
6920354808388_camera1-10.jpg 170 1211.93 1159.22 1073.18 742.17 277.51 834.11
6920354808388_camera0-9.jpg 170 1363.4 1050.69 1125.11 895.13 476.58 311.12
6920354808388_camera0-5.jpg 170 1387.42 1045.21 934.68 906.42 905.48 277.58
6920354808388_camera1-12.jpg 170 1269.75 1170.22 1026.46 745.63 486.57 849.18
6920354808388_camera1-13.jpg 170 1280.07 1170.12 971.11 754.78 617.92 830.68
6920354808388_camera1-16.jpg 170 1287.08 1153.18 836.66 813.78 900.83 678.81
6920354808388_camera1-14.jpg 170 1289.74 1165.51 918.82 762.62 741.83 805.79
6920354808388_camera1-15.jpg 170 1288.96 1158.04 876.4 791.73 825.13 732.62
6920354808388_camera1-17.jpg 170 1283.51 1145.79 804.81 847.4 957.4 596.78
6920354808388_camera1-20.jpg 170 1285.83 1118.67 793.71 978.99 984.23 279.36
6920354808388_camera1-18.jpg 170 1281.18 1135.47 793.29 880.92 975.79 509.11
6920354808388_camera1-1.jpg 170 1234.64 1084.65 748.87 907.88 971.54 353.55
6920354808388_camera1-28.jpg 170 1272.6 1131.16 1051.0 715.67 443.19 830.98
6920354808388_camera1-26.jpg 170 1265.57 1140.93 915.79 740.83 699.55 800.19
6920354808388_camera1-2.jpg 170 1226.01 1097.16 746.31 864.24 959.41 465.85
6920354808388_camera1-33.jpg 170 1316.74 1116.36 999.11 709.2 635.25 814.31
6920354808388_camera1-36.jpg 170 1289.05 1094.57 848.53 757.17 881.04 674.8
6920354808388_camera1-35.jpg 170 1292.68 1096.27 882.31 737.19 820.74 718.15
6920354808388_camera1-3.jpg 170 1212.76 1097.79 732.77 819.24 959.98 557.09
6920354808388_camera1-4.jpg 170 1187.47 1114.68 719.22 792.44 936.49 644.49
6920354808388_camera1-40.jpg 170 1237.35 1074.59 748.75 923.27 977.2 302.64
6920354808388_camera1-39.jpg 170 1241.78 1079.42 748.52 879.22 986.51 400.41
6920354808388_camera1-5.jpg 170 1190.1 1123.89 758.68 771.39 862.83 705.0
6920354808388_camera1-6.jpg 170 1184.46 1132.42 806.74 753.44 755.44 757.96
6920354808388_camera1-8.jpg 170 1190.33 1155.32 910.26 735.7 560.13 839.24
6920354808388_camera2-10.jpg 170 1291.37 896.35 856.01 763.5 870.72 265.69
6920354808388_camera2-12.jpg 170 1300.3 886.89 862.14 680.41 876.31 412.97
6920354808388_camera2-11.jpg 170 1300.3 886.89 872.21 748.4 856.17 276.99
6920354808388_camera1-9.jpg 170 1201.15 1160.2 1009.65 735.16 383.0 850.08
6920354808388_camera2-19.jpg 170 1298.95 852.04 1105.91 413.99 386.07 876.09
6920354808388_camera2-21.jpg 170 1295.64 843.78 1122.41 404.09 346.47 879.39
6920354808388_camera2-20.jpg 170 1297.12 847.55 1183.74 416.29 226.77 862.51
6920354808388_camera2-1.jpg 170 1245.88 893.0 1109.21 452.21 273.33 881.59
6920354808388_camera2-22.jpg 170 1294.0 841.57 1073.66 410.97 440.67 861.2
6920354808388_camera2-2.jpg 170 1250.28 897.41 1048.17 456.89 404.22 881.04
6920354808388_camera2-29.jpg 170 1256.51 836.56 816.16 677.59 880.7 317.93
6920354808388_camera2-30.jpg 170 1252.23 834.03 826.45 720.65 851.56 226.76
6920354808388_camera2-31.jpg 170 1249.45 837.18 808.94 679.62 881.03 315.13
6920354808388_camera2-33.jpg 170 1238.87 847.72 806.55 574.98 864.64 545.48
6920354808388_camera2-34.jpg 170 1235.53 852.8 825.53 533.55 819.99 638.5
6920354808388_camera2-35.jpg 170 1234.85 862.24 864.84 500.55 740.02 723.37
6920354808388_camera2-38.jpg 170 1230.33 876.48 984.27 449.11 492.12 854.73
6920354808388_camera2-36.jpg 170 1234.34 865.1 884.01 471.46 700.65 787.27
6920354808388_camera2-3.jpg 170 1262.09 897.05 998.05 458.92 528.07 876.25
6920354808388_camera2-39.jpg 170 1238.61 881.87 1071.15 446.23 334.91 871.27
6920354808388_camera2-40.jpg 170 1239.55 887.51 1114.16 455.24 250.78 864.54
6920354808388_camera2-7.jpg 170 1279.26 900.59 862.79 594.42 832.95 612.34
6920354808388_camera2-8.jpg 170 1285.67 900.37 854.61 655.23 862.13 490.27
6920354808388_camera2-9.jpg 170 1286.93 895.05 847.12 725.35 879.62 339.4
6920354808388_camera3-12.jpg 170 1405.44 1333.8 1066.09 1079.29 678.71 509.03
6920354808388_camera3-11.jpg 170 1401.47 1338.57 1110.48 1077.71 581.98 521.72
6920354808388_camera3-13.jpg 170 1404.72 1336.05 1007.1 1087.74 795.24 496.61
6920354808388_camera3-15.jpg 170 1386.85 1320.25 905.2 1105.54 963.3 429.42
6920354808388_camera3-17.jpg 170 1370.81 1309.95 874.73 1148.79 992.15 322.32
6920354808388_camera3-14.jpg 170 1397.91 1331.95 965.0 1104.39 865.83 455.11
6920354808388_camera3-16.jpg 170 1377.5 1319.0 881.12 1123.85 992.76 390.31
6920354808388_camera3-19.jpg 170 1372.06 1306.0 861.6 1165.7 1020.92 280.59
6920354808388_camera3-18.jpg 170 1367.8 1309.86 854.45 1169.15 1026.7 281.42
6920354808388_camera3-21.jpg 170 1373.11 1322.07 865.76 1125.95 1014.69 392.23
6920354808388_camera3-1.jpg 170 1393.18 1292.63 910.32 1112.25 965.73 360.76
6920354808388_camera3-20.jpg 170 1378.86 1315.47 865.43 1134.58 1026.87 361.78
6920354808388_camera3-22.jpg 170 1359.41 1336.45 886.37 1103.11 946.09 466.68
6920354808388_camera3-23.jpg 170 1360.4 1339.19 922.86 1096.83 875.08 484.72
6920354808388_camera3-26.jpg 170 1372.26 1352.16 1062.91 1070.86 618.7 562.61
6920354808388_camera3-25.jpg 170 1360.55 1347.11 1000.35 1083.47 720.39 527.27
6920354808388_camera3-31.jpg 170 1478.2 1341.37 1185.46 1071.26 585.47 540.22
6920354808388_camera3-29.jpg 170 1458.89 1348.16 1306.66 1078.58 304.47 539.16
6920354808388_camera3-30.jpg 170 1471.63 1342.87 1241.83 1072.05 459.61 541.63
6920354808388_camera3-27.jpg 170 1381.66 1352.91 1148.56 1077.25 466.21 551.32
6920354808388_camera3-28.jpg 170 1397.13 1348.98 1244.26 1074.6 305.75 548.77
6920354808388_camera3-33.jpg 170 1480.78 1327.88 1056.52 1091.71 848.51 472.34
6920354808388_camera3-2.jpg 170 1372.12 1300.64 905.9 1098.99 932.43 403.31
6920354808388_camera3-32.jpg 170 1488.39 1333.01 1105.14 1081.29 766.49 503.45
6920354808388_camera3-34.jpg 170 1477.13 1318.21 1025.98 1101.76 902.3 432.91
6920354808388_camera3-35.jpg 170 1460.17 1313.18 987.48 1104.47 945.38 417.42
6920354808388_camera3-37.jpg 170 1432.91 1293.65 945.42 1134.55 974.98 318.21
6920354808388_camera3-36.jpg 170 1452.49 1303.22 969.62 1122.84 965.73 360.76
6920354808388_camera3-38.jpg 170 1423.84 1283.33 921.8 1147.57 1004.07 271.52
6920354808388_camera3-40.jpg 170 1402.56 1285.81 914.94 1120.1 975.24 331.42
6920354808388_camera3-6.jpg 170 1329.3 1327.64 1022.33 1067.57 613.93 520.14
6920354808388_camera3-3.jpg 170 1350.12 1311.3 910.43 1078.66 879.39 465.27
6920354808388_camera3-39.jpg 170 1420.82 1282.77 927.64 1150.36 986.35 264.82
6920354808388_camera3-5.jpg 170 1329.03 1316.37 984.92 1072.16 688.22 488.42
6920354808388_camera3-7.jpg 170 1329.11 1321.61 1082.45 1064.23 493.31 514.76
6920354808388_camera3-9.jpg 170 1389.77 1331.19 1234.46 1062.6 310.62 537.19
6920354808388_camera3-4.jpg 170 1336.7 1315.04 940.79 1081.93 791.83 466.21
6920354808388_camera3-8.jpg 170 1334.41 1327.47 1171.07 1065.14 326.68 524.66
