6921469850194-back_camera0-11.jpg 171 1419.57 1259.35 1264.52 1126.22 310.1 266.25
6921469850194-back_camera0-10.jpg 171 1368.62 1256.4 1221.54 1125.97 294.16 260.86
6921469850194-back_camera0-12.jpg 171 1436.06 1252.79 1211.14 1113.37 449.83 278.84
6921469850194-back_camera0-17.jpg 171 1466.99 1251.62 1050.72 1140.62 832.53 222.01
6921469850194-back_camera0-13.jpg 171 1454.46 1252.79 1179.57 1116.0 549.79 273.58
6921469850194-back_camera0-16.jpg 171 1462.71 1254.55 1073.66 1136.2 778.1 236.7
6921469850194-back_camera0-15.jpg 171 1467.62 1254.11 1087.5 1118.63 760.24 270.95
6921469850194-back_camera0-18.jpg 171 1452.12 1248.27 1014.07 1138.56 876.09 219.43
6921469850194-back_camera0-14.jpg 171 1461.43 1257.69 1141.37 1136.51 640.12 242.36
6921469850194-back_camera0-19.jpg 171 1445.16 1239.57 1015.25 1135.63 859.82 207.88
6921469850194-back_camera0-21.jpg 171 1459.72 1238.32 1019.1 1139.67 881.24 197.29
6921469850194-back_camera0-1.jpg 171 1365.59 1238.92 941.0 1150.12 849.18 177.61
6921469850194-back_camera0-22.jpg 171 1454.38 1241.75 1025.17 1148.41 858.41 186.67
6921469850194-back_camera0-20.jpg 171 1451.83 1240.95 1021.73 1139.67 860.2 202.55
6921469850194-back_camera0-24.jpg 171 1433.52 1241.81 1037.61 1133.58 791.82 216.46
6921469850194-back_camera0-23.jpg 171 1439.6 1243.55 1025.18 1146.42 828.83 194.26
6921469850194-back_camera0-26.jpg 171 1415.01 1237.0 1071.72 1113.37 686.58 247.27
6921469850194-back_camera0-30.jpg 171 1402.23 1247.51 1276.42 1127.25 251.61 240.51
6921469850194-back_camera0-29.jpg 171 1403.21 1245.23 1202.22 1115.5 401.98 259.46
6921469850194-back_camera0-25.jpg 171 1420.32 1248.7 1046.61 1141.39 747.42 214.61
6921469850194-back_camera0-2.jpg 171 1370.29 1239.63 934.93 1131.78 870.72 215.71
6921469850194-back_camera0-28.jpg 171 1404.08 1247.05 1159.87 1125.87 488.42 242.36
6921469850194-back_camera0-32.jpg 171 1442.63 1242.26 1221.66 1105.47 441.94 273.58
6921469850194-back_camera0-27.jpg 171 1406.64 1248.61 1105.85 1126.01 601.58 245.2
6921469850194-back_camera0-31.jpg 171 1438.72 1247.15 1293.49 1124.12 290.46 246.06
6921469850194-back_camera0-35.jpg 171 1420.27 1238.32 1061.19 1108.11 718.15 260.43
6921469850194-back_camera0-33.jpg 171 1440.12 1249.62 1181.64 1127.52 516.96 244.21
6921469850194-back_camera0-34.jpg 171 1426.84 1243.59 1111.17 1110.74 631.34 265.69
6921469850194-back_camera0-36.jpg 171 1413.48 1245.45 1036.86 1128.89 753.24 233.11
6921469850194-back_camera0-3.jpg 171 1356.99 1236.95 929.43 1134.63 855.12 204.64
6921469850194-back_camera0-38.jpg 171 1376.87 1230.42 958.6 1105.47 836.53 249.91
6921469850194-back_camera0-37.jpg 171 1398.66 1246.61 999.73 1135.83 797.87 221.55
6921469850194-back_camera0-40.jpg 171 1363.7 1235.69 927.03 1134.41 873.35 202.55
6921469850194-back_camera0-4.jpg 171 1343.95 1247.51 939.71 1142.06 808.48 210.91
6921469850194-back_camera0-5.jpg 171 1340.76 1252.61 947.92 1139.32 785.69 226.57
6921469850194-back_camera0-39.jpg 171 1366.35 1238.32 937.56 1118.63 857.57 239.38
6921469850194-back_camera1-10.jpg 171 1266.38 1173.87 1134.85 824.0 263.06 699.73
6921469850194-back_camera0-9.jpg 171 1354.23 1257.95 1140.55 1132.14 427.36 251.61
6921469850194-back_camera0-7.jpg 171 1333.46 1250.16 987.54 1118.63 691.84 263.06
6921469850194-back_camera1-12.jpg 171 1293.88 1183.98 1048.74 840.78 490.29 686.41
6921469850194-back_camera0-6.jpg 171 1334.28 1250.88 971.14 1135.91 726.28 229.94
6921469850194-back_camera0-8.jpg 171 1337.4 1251.48 1063.82 1118.63 547.16 265.69
6921469850194-back_camera1-13.jpg 171 1299.03 1176.49 1017.36 849.49 563.34 654.0
6921469850194-back_camera1-11.jpg 171 1280.85 1173.87 1090.13 821.37 381.43 705.0
6921469850194-back_camera1-15.jpg 171 1304.43 1165.9 950.15 881.92 708.57 567.97
6921469850194-back_camera1-16.jpg 171 1304.52 1152.83 916.51 889.77 776.02 526.12
6921469850194-back_camera1-14.jpg 171 1303.47 1168.23 970.93 854.87 665.09 626.72
6921469850194-back_camera1-17.jpg 171 1301.37 1146.88 907.31 928.05 788.12 437.67
6921469850194-back_camera1-20.jpg 171 1299.27 1122.58 898.1 979.21 802.33 286.73
6921469850194-back_camera1-1.jpg 171 1219.08 1120.37 825.94 949.24 786.27 342.26
6921469850194-back_camera1-21.jpg 171 1299.27 1122.58 900.73 939.75 797.07 365.65
6921469850194-back_camera1-19.jpg 171 1297.45 1129.06 899.13 982.88 796.65 292.35
6921469850194-back_camera1-22.jpg 171 1294.97 1120.62 911.09 910.64 767.77 419.96
6921469850194-back_camera1-18.jpg 171 1292.32 1134.79 895.94 952.36 792.75 364.86
6921469850194-back_camera1-29.jpg 171 1261.37 1110.7 1134.64 793.42 253.46 634.57
6921469850194-back_camera1-23.jpg 171 1284.8 1121.26 900.73 868.72 768.13 505.07
6921469850194-back_camera1-24.jpg 171 1282.39 1119.34 929.24 840.79 706.31 557.09
6921469850194-back_camera1-25.jpg 171 1273.95 1126.43 956.67 834.12 634.57 584.62
6921469850194-back_camera1-27.jpg 171 1262.43 1112.05 1021.73 781.91 481.4 660.28
6921469850194-back_camera1-2.jpg 171 1215.42 1134.7 824.14 923.8 782.57 421.81
6921469850194-back_camera1-28.jpg 171 1258.49 1113.37 1074.35 781.91 368.28 662.91
6921469850194-back_camera1-26.jpg 171 1268.72 1122.42 989.36 814.39 558.72 616.07
6921469850194-back_camera1-30.jpg 171 1282.67 1111.01 1159.28 788.69 246.78 644.64
6921469850194-back_camera1-31.jpg 171 1276.9 1104.16 1087.5 766.13 378.8 676.06
6921469850194-back_camera1-32.jpg 171 1276.78 1114.4 1042.02 791.26 469.51 646.28
6921469850194-back_camera1-34.jpg 171 1264.34 1109.51 939.1 806.2 650.48 606.62
6921469850194-back_camera1-38.jpg 171 1220.35 1100.21 813.92 918.7 812.85 363.02
6921469850194-back_camera1-33.jpg 171 1275.53 1110.78 997.23 799.17 556.6 623.21
6921469850194-back_camera1-36.jpg 171 1244.49 1109.11 865.09 857.59 758.81 503.04
6921469850194-back_camera1-37.jpg 171 1230.17 1104.08 842.59 890.4 775.17 427.36
6921469850194-back_camera1-35.jpg 171 1262.43 1104.15 911.25 826.63 702.37 555.05
6921469850194-back_camera1-39.jpg 171 1216.18 1100.27 816.78 963.3 798.81 273.95
6921469850194-back_camera1-7.jpg 171 1204.63 1163.12 931.75 838.44 545.77 649.37
6921469850194-back_camera1-3.jpg 171 1203.24 1133.1 816.55 881.88 773.39 502.44
6921469850194-back_camera1-40.jpg 171 1218.39 1111.1 818.99 981.4 798.81 259.4
6921469850194-back_camera1-5.jpg 171 1200.62 1146.25 856.01 845.05 689.21 602.4
6921469850194-back_camera1-4.jpg 171 1200.61 1146.25 827.07 860.83 747.08 570.84
6921469850194-back_camera1-6.jpg 171 1202.67 1160.42 896.5 839.4 612.34 642.04
6921469850194-back_camera1-8.jpg 171 1220.2 1169.24 1024.1 831.61 392.21 675.27
6921469850194-back_camera1-9.jpg 171 1226.92 1179.12 1076.98 831.89 299.89 694.47
6921469850194-back_camera2-11.jpg 171 1312.35 870.28 955.26 710.53 714.17 319.5
6921469850194-back_camera2-10.jpg 171 1309.79 873.99 953.34 760.87 712.89 226.23
6921469850194-back_camera2-16.jpg 171 1297.64 845.26 1034.6 509.5 526.08 671.53
6921469850194-back_camera2-17.jpg 171 1294.92 842.65 1075.69 497.62 438.46 690.07
6921469850194-back_camera2-13.jpg 171 1305.84 852.93 958.6 600.4 694.47 505.07
6921469850194-back_camera2-14.jpg 171 1304.18 851.6 987.82 575.94 632.72 551.32
6921469850194-back_camera2-15.jpg 171 1295.32 845.05 992.8 521.49 605.03 647.12
6921469850194-back_camera2-12.jpg 171 1306.53 864.14 956.21 662.92 700.63 402.44
6921469850194-back_camera2-19.jpg 171 1283.57 835.47 1159.46 490.12 248.22 690.69
6921469850194-back_camera2-21.jpg 171 1272.95 833.2 1108.54 471.5 328.82 723.41
6921469850194-back_camera2-18.jpg 171 1288.02 835.06 1112.66 482.93 350.72 704.26
6921469850194-back_camera2-1.jpg 171 1272.96 905.55 1116.44 545.16 313.04 720.78
6921469850194-back_camera2-22.jpg 171 1274.31 834.03 1068.92 479.63 410.78 708.8
6921469850194-back_camera2-23.jpg 171 1265.46 836.8 1023.63 499.03 483.66 675.54
6921469850194-back_camera2-20.jpg 171 1278.22 835.85 1166.42 479.4 223.6 712.89
6921469850194-back_camera2-24.jpg 171 1262.7 834.01 986.43 518.89 552.55 630.25
6921469850194-back_camera2-26.jpg 171 1242.7 837.16 900.73 571.47 683.95 531.38
6921469850194-back_camera2-28.jpg 171 1247.49 851.75 895.98 680.62 703.02 342.26
6921469850194-back_camera2-29.jpg 171 1236.12 850.31 879.68 716.15 712.89 268.32
6921469850194-back_camera2-30.jpg 171 1238.57 860.13 884.09 746.85 708.95 226.57
6921469850194-back_camera2-27.jpg 171 1244.18 846.1 895.08 628.35 698.2 435.49
6921469850194-back_camera2-25.jpg 171 1255.92 838.34 947.89 550.65 616.07 575.37
6921469850194-back_camera2-32.jpg 171 1237.44 870.04 877.05 660.91 720.78 418.26
6921469850194-back_camera2-2.jpg 171 1279.2 906.17 1084.02 555.59 390.36 701.17
6921469850194-back_camera2-34.jpg 171 1236.54 880.67 913.13 591.98 646.82 577.39
6921469850194-back_camera2-33.jpg 171 1225.6 868.73 882.31 618.82 686.58 499.81
6921469850194-back_camera2-31.jpg 171 1241.66 861.38 893.59 705.18 696.15 312.4
6921469850194-back_camera2-36.jpg 171 1237.44 892.39 971.75 555.68 531.38 673.43
6921469850194-back_camera2-35.jpg 171 1241.66 886.97 943.22 567.21 596.88 639.51
6921469850194-back_camera2-38.jpg 171 1250.11 902.37 1077.44 546.23 345.34 712.27
6921469850194-back_camera2-37.jpg 171 1240.07 898.97 1019.1 547.79 441.94 702.37
6921469850194-back_camera2-39.jpg 171 1255.97 906.46 1129.9 552.83 252.14 707.25
6921469850194-back_camera2-3.jpg 171 1283.48 898.97 1034.89 547.79 497.18 702.37
6921469850194-back_camera2-40.jpg 171 1269.62 907.53 1159.99 548.88 219.26 717.3
6921469850194-back_camera2-6.jpg 171 1297.69 896.92 969.31 627.74 656.77 538.37
6921469850194-back_camera2-7.jpg 171 1294.0 895.03 945.45 631.97 697.1 526.12
6921469850194-back_camera2-5.jpg 171 1295.32 900.29 982.28 584.62 626.08 631.34
6921469850194-back_camera3-10.jpg 171 1403.63 1430.89 1203.83 1219.19 399.61 423.4
6921469850194-back_camera2-8.jpg 171 1312.41 887.14 950.71 705.63 723.41 363.02
6921469850194-back_camera2-9.jpg 171 1311.53 886.96 949.14 746.27 724.78 281.39
6921469850194-back_camera3-12.jpg 171 1431.59 1430.21 1115.64 1220.67 631.9 419.07
6921469850194-back_camera2-4.jpg 171 1293.21 901.03 1012.53 578.32 561.36 645.41
6921469850194-back_camera3-11.jpg 171 1419.84 1429.74 1162.26 1217.7 515.15 424.08
6921469850194-back_camera3-13.jpg 171 1432.02 1424.87 1075.04 1225.47 713.96 398.8
6921469850194-back_camera3-16.jpg 171 1421.8 1411.01 999.66 1256.15 844.27 309.71
6921469850194-back_camera3-15.jpg 171 1435.01 1416.01 1022.07 1236.94 825.88 358.13
6921469850194-back_camera3-14.jpg 171 1428.16 1422.46 1040.15 1229.11 776.02 386.7
6921469850194-back_camera3-17.jpg 171 1419.15 1402.07 997.02 1263.48 844.27 277.18
6921469850194-back_camera3-18.jpg 171 1412.38 1390.89 979.65 1265.94 865.46 249.91
6921469850194-back_camera3-19.jpg 171 1424.43 1389.89 998.76 1278.17 851.34 223.44
6921469850194-back_camera3-23.jpg 171 1393.95 1397.47 1021.73 1208.07 744.45 378.8
6921469850194-back_camera3-22.jpg 171 1406.44 1399.63 1011.89 1233.47 789.11 332.33
6921469850194-back_camera3-21.jpg 171 1408.43 1392.2 995.43 1237.0 826.0 310.41
6921469850194-back_camera3-1.jpg 171 1328.79 1392.48 919.0 1246.33 819.58 292.31
6921469850194-back_camera3-20.jpg 171 1425.65 1391.87 1009.06 1257.18 833.19 269.38
6921469850194-back_camera3-24.jpg 171 1378.18 1401.42 1040.15 1205.44 676.06 391.96
6921469850194-back_camera3-26.jpg 171 1376.55 1398.58 1132.9 1194.94 487.29 407.28
6921469850194-back_camera3-25.jpg 171 1377.53 1402.22 1084.19 1203.42 586.68 397.59
6921469850194-back_camera3-29.jpg 171 1404.93 1402.35 1255.1 1188.57 299.66 427.56
6921469850194-back_camera3-27.jpg 171 1374.23 1394.84 1179.57 1187.02 389.33 415.63
6921469850194-back_camera3-28.jpg 171 1373.2 1396.4 1242.29 1192.24 261.83 408.32
6921469850194-back_camera3-30.jpg 171 1409.67 1401.71 1201.37 1187.93 416.6 427.56
6921469850194-back_camera3-2.jpg 171 1316.55 1402.45 912.09 1234.16 808.91 336.58
6921469850194-back_camera3-31.jpg 171 1402.13 1399.98 1142.67 1189.86 518.92 420.25
6921469850194-back_camera3-35.jpg 171 1365.03 1389.58 969.12 1218.59 791.81 341.98
6921469850194-back_camera3-32.jpg 171 1398.83 1393.46 1093.43 1188.3 610.8 410.33
6921469850194-back_camera3-33.jpg 171 1393.73 1394.9 1049.83 1203.21 687.81 383.39
6921469850194-back_camera3-3.jpg 171 1311.75 1403.52 926.21 1213.49 771.07 380.05
6921469850194-back_camera3-34.jpg 171 1384.5 1389.86 1009.54 1202.22 749.93 375.28
6921469850194-back_camera3-37.jpg 171 1337.22 1382.93 917.92 1248.59 838.61 268.69
6921469850194-back_camera3-36.jpg 171 1347.92 1385.63 927.03 1223.85 841.79 323.56
6921469850194-back_camera3-40.jpg 171 1340.37 1387.52 921.06 1258.83 838.61 257.38
6921469850194-back_camera3-5.jpg 171 1309.28 1417.15 993.14 1211.76 632.28 410.78
6921469850194-back_camera3-38.jpg 171 1324.26 1385.63 890.21 1258.05 868.09 255.17
6921469850194-back_camera3-4.jpg 171 1307.84 1415.12 955.45 1213.09 704.77 404.07
6921469850194-back_camera3-39.jpg 171 1335.76 1381.21 913.63 1273.73 844.27 214.96
6921469850194-back_camera3-7.jpg 171 1321.62 1425.1 1082.24 1202.81 478.77 444.57
6921469850194-back_camera3-6.jpg 171 1311.21 1426.92 1037.13 1213.14 548.15 427.56
6921469850194-back_camera3-8.jpg 171 1335.58 1429.0 1185.67 1209.8 299.81 438.4
6921469850194_camera0-11.jpg 171 1462.48 1056.98 1030.46 960.08 864.04 193.8
6921469850194-back_camera3-9.jpg 171 1383.43 1427.72 1240.07 1208.07 286.73 439.31
6921469850194_camera0-10.jpg 171 1450.49 1053.72 1010.68 946.24 879.62 214.96
6921469850194_camera0-16.jpg 171 1435.2 1067.26 1096.43 948.88 677.55 236.76
6921469850194_camera0-13.jpg 171 1451.84 1048.92 1027.0 939.75 849.68 218.34
6921469850194_camera0-12.jpg 171 1468.93 1055.49 1037.52 955.53 862.83 199.92
6921469850194_camera0-14.jpg 171 1446.55 1066.01 1046.54 961.77 800.02 208.49
6921469850194_camera0-17.jpg 171 1434.74 1068.65 1137.48 937.12 594.51 263.06
6921469850194_camera0-19.jpg 171 1442.11 1067.58 1277.95 946.02 328.32 243.12
6921469850194_camera0-18.jpg 171 1434.73 1060.76 1184.83 937.12 499.81 247.27
6921469850194_camera0-1.jpg 171 1426.38 1069.09 1270.82 936.86 311.12 264.45
6921469850194_camera0-15.jpg 171 1439.99 1063.38 1058.56 945.01 762.87 236.75
6921469850194_camera0-22.jpg 171 1492.36 1065.54 1272.62 944.5 439.49 242.08
6921469850194_camera0-20.jpg 171 1449.2 1058.12 1313.73 921.33 270.95 273.58
6921469850194_camera0-21.jpg 171 1487.56 1066.11 1326.47 938.58 322.18 255.06
6921469850194_camera0-23.jpg 171 1492.61 1060.76 1203.24 929.23 578.73 263.06
6921469850194_camera0-25.jpg 171 1481.27 1063.25 1124.18 943.78 714.17 238.95
6921469850194_camera0-27.jpg 171 1451.84 1056.81 1037.52 937.12 828.63 239.38
6921469850194_camera0-24.jpg 171 1485.72 1059.37 1166.92 938.76 637.59 241.22
6921469850194_camera0-26.jpg 171 1461.04 1058.12 1074.35 937.12 773.39 242.01
6921469850194_camera0-2.jpg 171 1438.52 1071.18 1228.82 940.27 419.41 261.83
6921469850194_camera0-30.jpg 171 1421.17 1051.34 998.49 954.83 845.37 193.01
6921469850194_camera0-29.jpg 171 1421.59 1050.23 1000.69 945.01 841.79 210.45
6921469850194_camera0-28.jpg 171 1437.5 1055.74 1019.91 956.34 835.18 198.79
6921469850194_camera0-34.jpg 171 1370.28 1050.24 977.01 931.86 786.54 236.75
6921469850194_camera0-31.jpg 171 1417.64 1050.23 995.43 952.9 844.42 194.66
6921469850194_camera0-32.jpg 171 1406.67 1049.89 989.25 959.97 834.84 179.84
6921469850194_camera0-33.jpg 171 1386.07 1063.38 974.38 939.75 823.37 247.27
6921469850194_camera0-36.jpg 171 1359.77 1062.08 1008.58 934.49 702.37 255.17
6921469850194_camera0-35.jpg 171 1371.32 1058.18 996.56 945.05 749.52 226.27
6921469850194_camera0-39.jpg 171 1374.56 1069.51 1177.99 937.99 393.14 263.04
6921469850194_camera0-37.jpg 171 1359.76 1063.39 1053.3 934.49 612.93 257.8
6921469850194_camera0-38.jpg 171 1366.16 1068.25 1116.8 940.45 498.72 255.59
6921469850194_camera0-3.jpg 171 1453.15 1069.96 1163.79 921.33 578.73 297.26
6921469850194_camera0-40.jpg 171 1378.17 1064.7 1234.81 923.96 286.73 281.47
6921469850194_camera0-4.jpg 171 1451.84 1066.02 1126.96 929.23 649.75 273.58
6921469850194_camera0-6.jpg 171 1454.01 1068.38 1061.27 934.44 785.48 267.89
6921469850194_camera0-7.jpg 171 1449.21 1064.7 1029.63 937.12 839.16 255.17
6921469850194_camera0-5.jpg 171 1456.53 1070.96 1098.6 936.41 715.86 269.1
6921469850194_camera0-9.jpg 171 1444.2 1059.73 1011.46 945.18 865.48 229.1
6921469850194_camera1-12.jpg 171 1234.81 1167.29 1013.84 821.37 441.94 691.84
6921469850194_camera0-8.jpg 171 1444.48 1059.54 1021.44 940.14 846.08 238.79
6921469850194_camera1-11.jpg 171 1230.86 1163.35 1061.19 816.11 339.34 694.47
6921469850194_camera1-10.jpg 171 1216.39 1155.45 1092.76 821.37 247.27 668.17
6921469850194_camera1-13.jpg 171 1243.3 1170.92 976.02 841.42 534.56 659.01
6921469850194_camera1-14.jpg 171 1242.7 1171.24 929.66 845.05 626.08 652.38
6921469850194_camera1-15.jpg 171 1255.86 1180.45 905.99 884.51 699.73 591.88
6921469850194_camera1-17.jpg 171 1253.3 1161.48 867.56 929.3 771.47 464.36
6921469850194_camera1-16.jpg 171 1249.27 1165.98 882.31 902.92 733.93 526.12
6921469850194_camera1-19.jpg 171 1256.73 1158.05 865.05 1004.23 783.37 307.64
6921469850194_camera1-22.jpg 171 1282.67 1157.6 892.36 952.37 780.62 410.46
6921469850194_camera1-18.jpg 171 1257.31 1161.73 863.4 966.4 787.82 390.67
6921469850194_camera1-20.jpg 171 1275.8 1150.67 876.4 1016.12 798.81 269.1
6921469850194_camera1-23.jpg 171 1282.38 1161.89 903.12 913.98 758.52 495.82
6921469850194_camera1-1.jpg 171 1247.41 1083.32 869.69 947.34 755.44 271.96
6921469850194_camera1-21.jpg 171 1284.8 1158.09 887.58 981.84 794.44 352.5
6921469850194_camera1-24.jpg 171 1279.51 1160.61 923.37 885.87 712.27 549.47
6921469850194_camera1-25.jpg 171 1280.41 1162.11 943.84 864.3 673.15 595.61
6921469850194_camera1-26.jpg 171 1283.48 1162.03 984.91 837.16 597.14 649.75
6921469850194_camera1-27.jpg 171 1287.63 1158.75 1043.42 826.67 488.42 664.17
6921469850194_camera1-30.jpg 171 1322.93 1140.99 1197.98 797.7 249.91 686.58
6921469850194_camera1-28.jpg 171 1290.17 1153.95 1093.8 816.37 392.74 675.17
6921469850194_camera1-31.jpg 171 1328.53 1136.56 1159.1 799.85 338.87 673.42
6921469850194_camera1-29.jpg 171 1294.0 1142.31 1150.63 797.7 286.73 689.21
6921469850194_camera1-32.jpg 171 1327.46 1129.72 1105.14 797.33 444.63 664.79
6921469850194_camera1-34.jpg 171 1315.97 1114.6 1006.87 809.65 618.2 609.89
6921469850194_camera1-2.jpg 171 1247.96 1084.43 858.64 910.81 778.65 347.24
6921469850194_camera1-33.jpg 171 1319.34 1123.65 1052.93 802.67 532.82 641.97
6921469850194_camera1-38.jpg 171 1270.32 1087.07 884.94 892.4 770.76 389.33
6921469850194_camera1-37.jpg 171 1280.15 1092.13 907.47 864.24 745.37 455.78
6921469850194_camera1-35.jpg 171 1306.91 1107.55 966.27 828.36 681.28 558.38
6921469850194_camera1-39.jpg 171 1252.45 1071.99 874.73 929.71 755.44 284.55
6921469850194_camera1-36.jpg 171 1295.32 1097.59 934.93 837.16 720.78 520.86
6921469850194_camera1-40.jpg 171 1247.42 1078.28 867.18 967.48 760.48 221.6
6921469850194_camera1-3.jpg 171 1223.0 1096.63 839.05 880.26 767.9 432.74
6921469850194_camera1-8.jpg 171 1186.14 1138.36 974.38 802.96 423.52 670.8
6921469850194_camera1-6.jpg 171 1194.53 1123.61 899.91 818.91 589.24 609.39
6921469850194_camera1-7.jpg 171 1191.4 1127.84 927.03 800.33 528.75 655.01
6921469850194_camera2-11.jpg 171 1292.74 908.3 947.76 768.55 689.97 279.51
6921469850194_camera1-5.jpg 171 1196.67 1114.68 853.38 824.0 686.58 581.36
6921469850194_camera1-9.jpg 171 1198.32 1142.49 1043.45 811.36 309.73 662.27
6921469850194_camera1-4.jpg 171 1203.35 1105.98 847.03 849.13 712.63 513.7
6921469850194_camera2-12.jpg 171 1295.23 904.48 950.37 718.42 689.72 372.13
6921469850194_camera2-10.jpg 171 1275.58 908.18 929.66 810.85 691.84 194.66
6921469850194_camera2-14.jpg 171 1302.81 900.76 980.49 635.09 644.64 531.33
6921469850194_camera2-13.jpg 171 1302.82 903.27 970.42 675.38 664.79 455.78
6921469850194_camera2-17.jpg 171 1315.21 884.44 1087.53 544.33 455.37 680.22
6921469850194_camera2-18.jpg 171 1316.36 871.36 1129.59 521.49 373.54 699.73
6921469850194_camera2-16.jpg 171 1312.88 889.42 1051.0 569.62 523.77 639.61
6921469850194_camera2-15.jpg 171 1307.43 896.46 1009.75 595.24 595.37 602.44
6921469850194_camera2-20.jpg 171 1316.66 861.36 1222.77 523.57 187.78 675.58
6921469850194_camera2-19.jpg 171 1314.91 866.61 1178.01 523.42 273.81 686.37
6921469850194_camera2-1.jpg 171 1231.58 884.54 1112.18 540.9 238.79 687.29
6921469850194_camera2-21.jpg 171 1316.66 852.9 1179.42 506.66 274.48 692.49
6921469850194_camera2-23.jpg 171 1311.63 839.06 1083.74 501.63 455.78 674.86
6921469850194_camera2-22.jpg 171 1315.82 851.81 1126.72 505.74 378.19 692.14
6921469850194_camera2-24.jpg 171 1305.33 836.54 1038.41 519.25 533.84 634.57
6921469850194_camera2-25.jpg 171 1298.24 827.17 997.02 525.95 602.44 602.44
6921469850194_camera2-27.jpg 171 1282.67 828.99 945.24 604.87 674.86 448.23
6921469850194_camera2-28.jpg 171 1281.41 826.47 935.17 637.61 692.49 377.72
6921469850194_camera2-26.jpg 171 1297.81 827.66 976.76 560.12 642.1 535.08
6921469850194_camera2-29.jpg 171 1272.6 818.9 932.65 680.41 679.9 276.99
6921469850194_camera2-32.jpg 171 1255.86 831.89 911.25 634.6 689.21 394.59
6921469850194_camera2-30.jpg 171 1267.57 821.43 935.17 730.78 664.79 181.31
6921469850194_camera2-2.jpg 171 1232.96 889.98 1074.57 536.08 316.78 707.8
6921469850194_camera2-34.jpg 171 1240.07 838.48 913.88 563.58 652.38 549.79
6921469850194_camera2-33.jpg 171 1241.67 829.32 908.66 598.93 666.02 460.78
6921469850194_camera2-31.jpg 171 1259.2 825.05 917.89 678.04 682.62 294.03
6921469850194_camera2-35.jpg 171 1231.05 841.58 935.17 549.47 591.76 584.21
6921469850194_camera2-38.jpg 171 1226.47 864.55 1047.02 524.14 358.91 680.82
6921469850194_camera2-36.jpg 171 1231.51 850.83 970.65 532.62 521.72 636.42
6921469850194_camera2-37.jpg 171 1228.94 854.04 1001.26 513.22 455.37 681.64
6921469850194_camera2-39.jpg 171 1223.49 870.53 1088.77 526.81 269.44 687.45
6921469850194_camera2-40.jpg 171 1230.87 879.25 1132.22 537.27 197.29 683.95
6921469850194_camera2-4.jpg 171 1244.3 903.93 978.84 578.47 530.92 650.93
6921469850194_camera2-5.jpg 171 1247.15 906.47 952.2 609.93 589.9 593.08
6921469850194_camera2-3.jpg 171 1239.86 893.2 1038.41 549.47 402.9 687.45
6921469850194_camera2-6.jpg 171 1257.18 909.5 940.19 639.86 633.97 539.27
6921469850194_camera2-9.jpg 171 1272.66 913.18 930.93 773.64 683.46 279.09
6921469850194_camera2-8.jpg 171 1268.82 917.12 927.61 730.78 682.41 372.68
6921469850194_camera3-11.jpg 171 1414.49 1331.77 1018.05 1180.33 792.88 302.88
6921469850194_camera3-10.jpg 171 1421.47 1331.97 1011.07 1191.7 820.8 280.53
6921469850194_camera2-7.jpg 171 1261.62 908.02 924.91 675.84 673.42 464.36
6921469850194_camera3-13.jpg 171 1401.56 1341.61 1051.9 1162.46 699.32 358.29
6921469850194_camera3-12.jpg 171 1412.37 1338.96 1024.48 1165.02 775.78 347.89
6921469850194_camera3-15.jpg 171 1400.12 1344.48 1121.69 1144.83 556.87 399.3
6921469850194_camera3-16.jpg 171 1393.96 1336.96 1153.26 1126.52 481.4 420.89
6921469850194_camera3-19.jpg 171 1445.86 1336.41 1279.35 1137.53 333.01 397.76
6921469850194_camera3-17.jpg 171 1400.15 1336.09 1226.51 1131.52 347.28 409.13
6921469850194_camera3-14.jpg 171 1397.91 1333.02 1069.09 1126.52 657.65 413.0
6921469850194_camera3-18.jpg 171 1407.36 1337.8 1287.11 1135.22 240.51 405.16
6921469850194_camera3-1.jpg 171 1407.11 1354.17 1158.14 1141.68 497.93 424.98
6921469850194_camera3-20.jpg 171 1447.76 1336.93 1248.88 1139.9 397.76 394.06
6921469850194_camera3-29.jpg 171 1378.17 1304.09 971.75 1179.13 812.85 249.91
6921469850194_camera3-22.jpg 171 1447.82 1335.52 1152.07 1144.43 591.49 382.17
6921469850194_camera3-21.jpg 171 1448.17 1328.6 1197.49 1135.27 501.37 386.66
6921469850194_camera3-23.jpg 171 1435.14 1323.86 1089.89 1153.27 690.49 341.17
6921469850194_camera3-24.jpg 171 1425.36 1322.29 1053.83 1155.62 743.05 333.34
6921469850194_camera3-25.jpg 171 1417.59 1313.57 1036.21 1161.33 762.75 304.47
6921469850194_camera3-26.jpg 171 1401.55 1312.8 1006.99 1176.43 789.11 272.74
6921469850194_camera3-28.jpg 171 1384.89 1305.65 986.87 1210.51 796.05 190.29
6921469850194_camera3-27.jpg 171 1384.76 1310.65 979.65 1192.28 810.22 236.75
6921469850194_camera3-31.jpg 171 1355.47 1316.11 964.58 1160.7 781.78 310.81
6921469850194_camera3-2.jpg 171 1409.74 1351.43 1103.28 1139.67 612.93 423.52
6921469850194_camera3-32.jpg 171 1346.95 1324.7 969.54 1156.61 754.82 336.18
6921469850194_camera3-30.jpg 171 1367.65 1319.87 963.86 1165.98 807.59 307.78
6921469850194_camera3-33.jpg 171 1333.26 1332.82 979.9 1140.41 706.72 384.81
6921469850194_camera3-35.jpg 171 1327.3 1340.94 1039.62 1136.51 575.37 408.86
6921469850194_camera3-34.jpg 171 1331.26 1338.55 1011.85 1136.12 638.81 404.86
6921469850194_camera3-36.jpg 171 1321.62 1346.18 1069.09 1129.15 505.07 434.05
6921469850194_camera3-4.jpg 171 1417.64 1347.82 1048.56 1161.89 738.17 371.86
6921469850194_camera3-5.jpg 171 1410.84 1344.51 1019.92 1174.2 781.84 340.62
6921469850194_camera3-38.jpg 171 1342.66 1350.12 1203.24 1131.78 278.84 436.68
6921469850194_camera3-39.jpg 171 1387.08 1355.33 1246.74 1140.46 280.68 429.74
6921469850194_camera3-37.jpg 171 1337.92 1349.08 1146.4 1138.16 383.04 421.83
6921469850194_camera3-40.jpg 171 1396.29 1354.55 1199.65 1142.85 393.27 423.4
6921469850194_camera3-3.jpg 171 1417.63 1347.49 1061.19 1152.83 712.89 389.33
6921469850194_camera3-7.jpg 171 1402.76 1332.28 993.36 1200.76 818.81 263.04
6921469850194_camera3-6.jpg 171 1412.35 1336.38 1005.67 1184.04 813.36 304.69
6921469850194_camera3-8.jpg 171 1412.45 1330.14 994.86 1216.81 835.18 226.67
6921469850194_camera3-9.jpg 171 1421.66 1326.14 1015.57 1214.21 812.18 223.86
