6901070600128-back_camera0-12.jpg 172 1393.9 1249.44 1280.56 1139.1 226.69 220.69
6901070600128-back_camera0-11.jpg 172 1389.46 1251.2 1225.55 1145.06 327.83 212.28
6901070600128-back_camera0-13.jpg 172 1423.01 1249.26 1307.2 1138.03 231.62 222.46
6901070600128-back_camera0-10.jpg 172 1387.37 1248.25 1173.05 1142.88 428.63 210.74
6901070600128-back_camera0-14.jpg 172 1428.79 1250.89 1266.25 1140.1 325.08 221.59
6901070600128-back_camera0-15.jpg 172 1437.37 1246.21 1221.66 1137.04 431.42 218.34
6901070600128-back_camera0-16.jpg 172 1436.81 1250.55 1181.86 1140.63 509.91 219.84
6901070600128-back_camera0-20.jpg 172 1417.63 1239.63 1061.19 1142.3 712.89 194.66
6901070600128-back_camera0-17.jpg 172 1436.91 1247.05 1145.65 1141.62 582.53 210.87
6901070600128-back_camera0-22.jpg 172 1412.38 1235.68 1058.56 1142.3 707.63 186.77
6901070600128-back_camera0-1.jpg 172 1409.6 1239.25 1053.82 1148.86 711.56 180.78
6901070600128-back_camera0-18.jpg 172 1431.96 1245.61 1109.14 1140.27 645.63 210.68
6901070600128-back_camera0-21.jpg 172 1405.8 1237.0 1048.04 1147.56 715.52 178.88
6901070600128-back_camera0-19.jpg 172 1422.9 1242.26 1087.5 1137.04 670.8 210.45
6901070600128-back_camera0-24.jpg 172 1406.54 1239.45 1050.68 1152.17 711.71 174.55
6901070600128-back_camera0-23.jpg 172 1410.13 1237.08 1057.7 1157.86 704.86 158.45
6901070600128-back_camera0-25.jpg 172 1390.02 1240.94 1037.52 1147.56 705.0 186.77
6901070600128-back_camera0-26.jpg 172 1390.68 1247.43 1057.67 1153.08 666.02 188.71
6901070600128-back_camera0-27.jpg 172 1387.39 1244.89 1069.09 1142.3 636.6 205.19
6901070600128-back_camera0-28.jpg 172 1383.87 1246.49 1091.91 1138.95 583.91 215.07
6901070600128-back_camera0-2.jpg 172 1414.52 1237.99 1060.1 1152.36 708.84 171.26
6901070600128-back_camera0-29.jpg 172 1383.44 1246.21 1137.48 1137.04 491.92 218.34
6901070600128-back_camera0-30.jpg 172 1388.82 1249.97 1203.28 1136.47 371.07 226.99
6901070600128-back_camera0-32.jpg 172 1415.16 1249.74 1312.87 1136.38 204.58 226.71
6901070600128-back_camera0-34.jpg 172 1429.48 1248.84 1255.86 1129.15 347.24 239.38
6901070600128-back_camera0-31.jpg 172 1388.76 1251.36 1233.81 1133.69 309.9 235.34
6901070600128-back_camera0-35.jpg 172 1437.37 1240.95 1224.29 1126.52 426.15 228.86
6901070600128-back_camera0-37.jpg 172 1430.79 1248.84 1126.96 1139.67 607.66 218.34
6901070600128-back_camera0-38.jpg 172 1433.79 1247.49 1111.07 1142.06 645.44 210.87
6901070600128-back_camera0-33.jpg 172 1428.15 1252.78 1292.68 1137.04 270.95 231.49
6901070600128-back_camera0-36.jpg 172 1436.12 1248.85 1172.12 1136.64 528.01 224.42
6901070600128-back_camera0-39.jpg 172 1425.14 1246.87 1089.75 1144.59 670.78 204.56
6901070600128-back_camera0-3.jpg 172 1415.15 1237.86 1059.01 1156.11 712.28 163.51
6901070600128-back_camera0-4.jpg 172 1407.12 1242.27 1055.93 1155.46 702.37 173.62
6901070600128-back_camera0-5.jpg 172 1399.22 1244.9 1048.04 1158.09 702.37 173.62
6901070600128-back_camera0-40.jpg 172 1416.05 1246.81 1066.03 1153.44 700.03 186.74
6901070600128-back_camera0-6.jpg 172 1396.58 1243.8 1059.48 1153.16 674.19 181.27
6901070600128-back_camera0-9.jpg 172 1388.7 1240.95 1129.59 1131.78 518.22 218.34
6901070600128-back_camera0-7.jpg 172 1392.66 1243.5 1081.4 1148.36 622.53 190.29
6901070600128-back_camera1-11.jpg 172 1232.18 1122.58 1103.28 839.79 257.8 565.58
6901070600128-back_camera0-8.jpg 172 1388.16 1248.12 1098.84 1149.05 578.64 198.13
6901070600128-back_camera1-10.jpg 172 1233.77 1116.92 1145.29 840.55 176.97 552.74
6901070600128-back_camera1-12.jpg 172 1234.67 1122.79 1064.77 844.15 339.81 557.28
6901070600128-back_camera1-13.jpg 172 1233.44 1128.0 1019.13 854.31 428.63 547.39
6901070600128-back_camera1-14.jpg 172 1229.34 1128.45 984.68 867.48 489.32 521.94
6901070600128-back_camera1-15.jpg 172 1228.28 1131.02 947.06 887.37 562.44 487.29
6901070600128-back_camera1-18.jpg 172 1220.18 1134.96 888.74 967.17 662.88 335.59
6901070600128-back_camera1-21.jpg 172 1234.8 1148.47 904.17 1004.96 661.26 287.02
6901070600128-back_camera1-1.jpg 172 1290.05 1096.16 967.05 984.8 646.0 222.73
6901070600128-back_camera1-20.jpg 172 1228.19 1140.8 902.66 1040.21 651.07 201.17
6901070600128-back_camera1-17.jpg 172 1223.87 1134.34 903.34 938.49 641.06 391.7
6901070600128-back_camera1-16.jpg 172 1226.58 1132.88 922.97 908.75 607.22 448.27
6901070600128-back_camera1-19.jpg 172 1222.35 1138.36 897.88 1008.45 648.93 259.81
6901070600128-back_camera1-22.jpg 172 1236.31 1154.2 907.24 980.1 658.13 348.21
6901070600128-back_camera1-24.jpg 172 1242.52 1163.27 941.45 934.92 602.14 456.7
6901070600128-back_camera1-25.jpg 172 1246.65 1168.42 966.34 911.81 560.62 513.22
6901070600128-back_camera1-23.jpg 172 1240.85 1160.3 920.23 956.05 641.23 408.5
6901070600128-back_camera1-26.jpg 172 1252.24 1170.63 1006.9 898.79 490.68 543.69
6901070600128-back_camera1-27.jpg 172 1261.93 1169.87 1051.02 883.8 421.83 572.14
6901070600128-back_camera1-28.jpg 172 1267.89 1173.7 1102.12 882.61 331.54 582.19
6901070600128-back_camera1-29.jpg 172 1275.91 1167.46 1155.74 876.59 240.35 581.74
6901070600128-back_camera1-30.jpg 172 1300.03 1162.38 1206.69 875.71 186.67 573.35
6901070600128-back_camera1-2.jpg 172 1275.65 1095.73 958.95 933.3 633.4 324.86
6901070600128-back_camera1-31.jpg 172 1310.6 1161.25 1168.89 872.35 283.42 577.8
6901070600128-back_camera1-34.jpg 172 1320.12 1140.03 1061.93 875.08 516.38 529.89
6901070600128-back_camera1-32.jpg 172 1316.09 1156.89 1131.15 867.01 369.88 579.76
6901070600128-back_camera1-35.jpg 172 1319.37 1131.75 1036.31 887.54 566.12 488.42
6901070600128-back_camera1-33.jpg 172 1313.73 1148.88 1087.5 873.98 452.46 549.79
6901070600128-back_camera1-36.jpg 172 1313.2 1123.05 1010.09 903.53 606.22 439.03
6901070600128-back_camera1-3.jpg 172 1265.71 1094.45 950.9 902.76 629.63 383.39
6901070600128-back_camera1-39.jpg 172 1293.22 1100.1 970.13 969.22 646.18 261.75
6901070600128-back_camera1-37.jpg 172 1309.78 1119.94 984.91 921.33 649.75 397.22
6901070600128-back_camera1-38.jpg 172 1299.84 1107.9 978.38 947.51 642.91 320.78
6901070600128-back_camera1-5.jpg 172 1250.59 1101.53 977.01 858.2 547.16 486.66
6901070600128-back_camera1-40.jpg 172 1292.71 1094.12 970.92 994.4 643.59 199.44
6901070600128-back_camera1-4.jpg 172 1255.86 1094.95 958.6 871.35 594.51 447.2
6901070600128-back_camera1-9.jpg 172 1227.45 1111.11 1103.76 835.18 247.38 551.85
6901070600128-back_camera2-10.jpg 172 1244.54 895.73 954.21 818.25 580.65 154.96
6901070600128-back_camera1-6.jpg 172 1237.44 1104.16 992.8 845.05 489.29 518.22
6901070600128-back_camera1-7.jpg 172 1232.53 1105.63 1025.93 839.22 413.2 532.82
6901070600128-back_camera2-11.jpg 172 1249.77 898.04 957.22 784.94 585.1 226.2
6901070600128-back_camera2-14.jpg 172 1263.9 905.97 992.18 684.38 543.44 443.17
6901070600128-back_camera2-12.jpg 172 1246.65 897.66 955.97 742.45 581.36 310.41
6901070600128-back_camera1-8.jpg 172 1228.95 1110.47 1062.45 838.51 333.01 543.92
6901070600128-back_camera2-13.jpg 172 1259.8 904.24 979.65 716.15 560.31 376.17
6901070600128-back_camera2-15.jpg 172 1269.76 906.37 1018.84 658.48 501.83 495.77
6901070600128-back_camera2-16.jpg 172 1272.59 908.16 1050.59 638.58 444.01 539.16
6901070600128-back_camera2-17.jpg 172 1283.29 907.65 1091.6 622.9 383.39 569.51
6901070600128-back_camera2-19.jpg 172 1296.63 909.5 1171.68 610.93 249.91 597.14
6901070600128-back_camera2-18.jpg 172 1290.36 904.54 1131.57 612.41 317.58 584.26
6901070600128-back_camera2-22.jpg 172 1304.52 891.08 1145.37 595.14 318.3 591.88
6901070600128-back_camera2-1.jpg 172 1247.24 843.76 1161.01 557.52 172.47 572.48
6901070600128-back_camera2-21.jpg 172 1307.15 898.97 1190.09 603.03 234.12 591.88
6901070600128-back_camera2-23.jpg 172 1314.12 882.77 1127.0 600.51 374.24 564.53
6901070600128-back_camera2-25.jpg 172 1311.1 872.67 1061.19 631.97 499.81 481.4
6901070600128-back_camera2-26.jpg 172 1314.22 864.0 1045.83 640.15 536.79 447.71
6901070600128-back_camera2-24.jpg 172 1315.4 875.2 1094.54 605.36 441.72 539.68
6901070600128-back_camera2-20.jpg 172 1299.26 898.97 1221.66 608.29 155.2 581.36
6901070600128-back_camera2-29.jpg 172 1307.75 846.55 1016.76 731.58 581.98 229.94
6901070600128-back_camera2-28.jpg 172 1309.63 851.28 1017.53 696.77 584.21 309.03
6901070600128-back_camera2-27.jpg 172 1308.47 867.41 1019.1 674.06 578.73 386.7
6901070600128-back_camera2-2.jpg 172 1239.25 853.02 1091.78 563.51 294.95 579.03
6901070600128-back_camera2-30.jpg 172 1300.37 842.08 1013.72 765.06 573.29 154.04
6901070600128-back_camera2-31.jpg 172 1296.63 837.15 1000.69 716.15 591.88 242.01
6901070600128-back_camera2-32.jpg 172 1293.2 832.83 1006.18 678.22 574.05 309.22
6901070600128-back_camera2-33.jpg 172 1285.16 826.42 1004.64 631.09 561.05 390.66
6901070600128-back_camera2-34.jpg 172 1281.31 832.03 1017.28 610.03 528.06 444.01
6901070600128-back_camera2-36.jpg 172 1266.26 831.31 1045.92 561.35 440.68 539.91
6901070600128-back_camera2-37.jpg 172 1261.12 835.84 1063.82 553.05 394.59 565.58
6901070600128-back_camera2-35.jpg 172 1273.8 827.98 1024.7 575.85 498.2 504.26
6901070600128-back_camera2-38.jpg 172 1258.18 836.29 1106.48 548.6 303.41 575.37
6901070600128-back_camera2-40.jpg 172 1245.34 842.41 1166.42 553.05 157.83 578.73
6901070600128-back_camera2-3.jpg 172 1235.82 854.85 1052.18 571.2 367.28 567.29
6901070600128-back_camera2-4.jpg 172 1237.44 870.03 1021.73 595.14 431.42 549.79
6901070600128-back_camera2-6.jpg 172 1235.49 873.28 968.75 648.64 533.49 449.29
6901070600128-back_camera2-39.jpg 172 1246.68 836.65 1135.68 547.25 222.01 578.8
6901070600128-back_camera2-7.jpg 172 1232.18 884.5 953.34 689.84 557.68 389.33
6901070600128-back_camera2-5.jpg 172 1231.98 866.1 988.69 617.26 486.57 497.67
6901070600128-back_camera2-8.jpg 172 1238.37 885.02 947.6 725.61 581.54 318.82
6901070600128-back_camera2-9.jpg 172 1239.11 892.04 947.82 773.62 582.58 236.84
6901070600128-back_camera3-10.jpg 172 1355.82 1400.1 1216.4 1221.22 278.84 357.76
6901070600128-back_camera3-14.jpg 172 1351.97 1408.16 1049.48 1248.13 604.97 320.06
6901070600128-back_camera3-11.jpg 172 1359.62 1404.32 1169.49 1223.53 380.27 361.57
6901070600128-back_camera3-15.jpg 172 1347.01 1404.03 1024.81 1250.79 644.41 306.47
6901070600128-back_camera3-13.jpg 172 1358.07 1407.43 1090.07 1237.76 535.99 339.35
6901070600128-back_camera3-12.jpg 172 1357.36 1405.83 1128.05 1229.18 458.62 353.29
6901070600128-back_camera3-16.jpg 172 1342.87 1404.02 999.56 1268.21 686.62 271.62
6901070600128-back_camera3-18.jpg 172 1336.84 1402.81 987.18 1295.77 699.32 214.08
6901070600128-back_camera3-21.jpg 172 1352.31 1413.91 1004.23 1284.67 696.15 258.48
6901070600128-back_camera3-1.jpg 172 1399.9 1381.45 1055.48 1270.28 688.85 222.34
6901070600128-back_camera3-17.jpg 172 1339.45 1404.73 989.28 1281.12 700.34 247.23
6901070600128-back_camera3-20.jpg 172 1367.65 1397.46 1016.47 1284.35 702.37 226.23
6901070600128-back_camera3-19.jpg 172 1348.19 1403.35 999.32 1310.58 697.74 185.53
6901070600128-back_camera3-22.jpg 172 1355.82 1416.31 1016.42 1266.0 678.81 300.61
6901070600128-back_camera3-23.jpg 172 1346.61 1418.51 1016.47 1258.05 660.28 320.93
6901070600128-back_camera3-24.jpg 172 1355.49 1424.97 1058.58 1250.39 593.83 349.15
6901070600128-back_camera3-2.jpg 172 1383.44 1385.63 1053.3 1250.16 660.28 270.95
6901070600128-back_camera3-25.jpg 172 1364.6 1426.24 1101.56 1241.99 526.08 368.5
6901070600128-back_camera3-29.jpg 172 1426.22 1425.49 1320.88 1234.52 210.68 381.94
6901070600128-back_camera3-28.jpg 172 1391.01 1427.26 1265.99 1235.27 250.03 383.98
6901070600128-back_camera3-31.jpg 172 1443.94 1425.09 1240.07 1231.74 407.74 386.7
6901070600128-back_camera3-26.jpg 172 1371.76 1430.64 1154.51 1241.94 434.5 377.41
6901070600128-back_camera3-27.jpg 172 1380.45 1429.51 1199.14 1235.74 362.61 387.54
6901070600128-back_camera3-30.jpg 172 1438.68 1418.51 1276.9 1229.11 323.56 378.8
6901070600128-back_camera3-32.jpg 172 1453.25 1416.39 1211.42 1234.82 483.66 363.14
6901070600128-back_camera3-35.jpg 172 1438.68 1394.85 1108.54 1244.9 660.28 299.89
6901070600128-back_camera3-33.jpg 172 1449.29 1412.74 1166.66 1235.49 565.25 354.51
6901070600128-back_camera3-36.jpg 172 1434.73 1396.16 1098.02 1250.16 673.43 291.99
6901070600128-back_camera3-34.jpg 172 1451.0 1411.07 1146.54 1243.88 608.93 334.37
6901070600128-back_camera3-37.jpg 172 1422.03 1389.74 1075.36 1265.5 693.35 248.49
6901070600128-back_camera3-38.jpg 172 1413.69 1384.32 1069.09 1276.46 689.21 215.71
6901070600128-back_camera3-3.jpg 172 1368.59 1389.04 1056.19 1242.36 624.79 293.37
6901070600128-back_camera3-39.jpg 172 1413.85 1379.12 1069.16 1288.48 689.37 181.27
6901070600128-back_camera3-4.jpg 172 1350.56 1388.26 1061.19 1231.74 578.73 313.04
6901070600128-back_camera3-40.jpg 172 1412.38 1384.31 1071.72 1279.09 681.32 210.45
6901070600128-back_camera3-5.jpg 172 1345.56 1393.62 1087.49 1226.19 516.14 334.86
6901070600128-back_camera3-8.jpg 172 1333.45 1396.15 1195.35 1218.59 276.21 355.13
6901070600128-back_camera3-7.jpg 172 1339.89 1398.28 1162.29 1222.53 355.21 351.51
6901070600128-back_camera3-6.jpg 172 1338.92 1393.09 1120.09 1221.03 437.67 344.11
6901070600128_camera0-10.jpg 172 1390.02 1247.53 1237.44 1134.41 305.15 226.23
6901070600128_camera0-11.jpg 172 1396.3 1248.76 1291.64 1137.75 209.32 222.01
6901070600128_camera0-14.jpg 172 1430.79 1247.53 1216.4 1134.41 428.78 226.23
6901070600128_camera0-13.jpg 172 1432.11 1246.21 1271.64 1134.41 320.93 223.6
6901070600128-back_camera3-9.jpg 172 1349.85 1397.09 1255.38 1222.43 188.93 349.32
6901070600128_camera0-12.jpg 172 1425.24 1250.49 1313.36 1140.57 223.77 219.84
6901070600128_camera0-1.jpg 172 1408.43 1243.59 1053.3 1158.09 710.26 170.99
6901070600128_camera0-15.jpg 172 1433.81 1248.93 1173.74 1141.1 520.13 215.66
6901070600128_camera0-17.jpg 172 1429.56 1246.87 1100.82 1143.92 657.48 205.89
6901070600128_camera0-16.jpg 172 1433.42 1248.84 1124.33 1137.04 618.19 223.6
6901070600128_camera0-19.jpg 172 1414.32 1242.78 1061.59 1149.27 705.47 187.02
6901070600128_camera0-18.jpg 172 1422.43 1246.44 1083.87 1149.71 677.12 193.46
6901070600128_camera0-20.jpg 172 1409.75 1250.15 1055.93 1150.19 707.63 199.92
6901070600128_camera0-23.jpg 172 1408.7 1241.43 1056.07 1156.14 705.26 170.58
6901070600128_camera0-21.jpg 172 1407.88 1237.9 1051.51 1156.08 712.75 163.64
6901070600128_camera0-24.jpg 172 1397.9 1234.37 1048.04 1142.3 699.73 184.14
6901070600128_camera0-27.jpg 172 1383.16 1249.2 1104.52 1144.54 557.28 209.32
6901070600128_camera0-26.jpg 172 1386.38 1248.6 1076.53 1147.34 619.69 202.52
6901070600128_camera0-22.jpg 172 1412.38 1240.95 1055.93 1160.72 712.89 160.47
6901070600128_camera0-29.jpg 172 1388.7 1242.26 1182.2 1131.78 413.0 220.97
6901070600128_camera0-25.jpg 172 1390.78 1246.49 1055.86 1148.73 669.84 195.51
6901070600128_camera0-28.jpg 172 1382.79 1249.78 1132.91 1138.09 499.75 223.38
6901070600128_camera0-31.jpg 172 1392.64 1250.15 1284.79 1131.78 215.71 236.75
6901070600128_camera0-30.jpg 172 1387.12 1250.98 1229.01 1136.5 316.22 228.96
6901070600128_camera0-34.jpg 172 1432.79 1248.86 1214.15 1133.08 437.27 231.55
6901070600128_camera0-33.jpg 172 1431.32 1248.89 1257.72 1136.47 347.19 224.85
6901070600128_camera0-37.jpg 172 1428.91 1248.63 1107.83 1141.09 642.17 215.08
6901070600128_camera0-32.jpg 172 1421.4 1248.3 1300.43 1135.48 241.94 225.63
6901070600128_camera0-2.jpg 172 1411.91 1237.93 1060.66 1160.23 702.49 155.41
6901070600128_camera0-36.jpg 172 1432.65 1247.43 1135.2 1134.78 594.9 225.31
6901070600128_camera0-39.jpg 172 1416.21 1245.76 1065.78 1145.74 700.87 200.03
6901070600128_camera0-35.jpg 172 1433.08 1249.42 1176.87 1139.33 512.43 220.19
6901070600128_camera0-40.jpg 172 1411.22 1243.57 1052.42 1148.41 717.6 190.31
6901070600128_camera0-5.jpg 172 1388.7 1244.9 1053.3 1152.83 670.8 184.14
6901070600128_camera0-38.jpg 172 1424.58 1247.26 1086.02 1147.36 677.12 199.81
6901070600128_camera0-3.jpg 172 1405.65 1242.46 1053.57 1159.41 704.17 166.09
6901070600128_camera0-4.jpg 172 1400.76 1243.89 1054.26 1156.62 693.01 174.55
6901070600128_camera0-6.jpg 172 1390.59 1244.66 1076.61 1151.1 627.96 187.12
6901070600128_camera1-10.jpg 172 1253.23 1147.57 1116.44 860.83 273.58 573.47
6901070600128_camera1-12.jpg 172 1274.28 1144.93 1126.96 858.2 294.63 573.47
6901070600128_camera0-7.jpg 172 1387.5 1250.62 1098.51 1147.76 577.98 205.72
6901070600128_camera0-9.jpg 172 1388.25 1250.35 1199.55 1140.93 377.41 218.84
6901070600128_camera1-13.jpg 172 1279.84 1142.33 1086.06 862.38 387.55 559.89
6901070600128_camera0-8.jpg 172 1376.86 1247.53 1140.11 1134.41 473.5 226.23
6901070600128_camera1-11.jpg 172 1262.15 1145.6 1174.94 868.09 174.43 555.02
6901070600128_camera1-16.jpg 172 1275.59 1133.1 987.54 902.92 576.1 460.35
6901070600128_camera1-15.jpg 172 1281.64 1137.42 1016.25 883.34 530.79 508.16
6901070600128_camera1-18.jpg 172 1269.73 1125.34 947.04 941.33 645.39 368.02
6901070600128_camera1-14.jpg 172 1276.57 1136.6 1047.42 867.81 458.29 537.57
6901070600128_camera1-17.jpg 172 1269.01 1130.46 961.23 921.33 615.56 418.26
6901070600128_camera1-19.jpg 172 1267.7 1119.94 945.45 968.68 644.49 302.52
6901070600128_camera1-21.jpg 172 1270.56 1117.93 946.03 1003.12 649.06 229.62
6901070600128_camera1-20.jpg 172 1263.47 1119.86 939.71 1003.3 647.52 233.11
6901070600128_camera1-1.jpg 172 1254.26 1117.05 929.2 1012.85 650.11 208.39
6901070600128_camera1-22.jpg 172 1267.7 1118.62 940.19 966.05 655.01 305.15
6901070600128_camera1-23.jpg 172 1262.3 1123.1 939.59 941.53 645.41 363.14
6901070600128_camera1-24.jpg 172 1257.18 1119.94 948.08 910.81 618.19 418.26
6901070600128_camera1-2.jpg 172 1259.78 1119.46 934.06 986.47 651.45 265.98
6901070600128_camera1-29.jpg 172 1253.89 1132.62 1107.21 846.39 293.37 572.46
6901070600128_camera1-28.jpg 172 1250.33 1136.79 1056.55 855.5 387.55 562.57
6901070600128_camera1-27.jpg 172 1253.23 1137.04 1027.0 863.46 452.46 547.16
6901070600128_camera1-26.jpg 172 1251.33 1127.65 986.9 874.14 528.85 507.03
6901070600128_camera1-31.jpg 172 1267.69 1133.1 1155.89 852.94 223.6 560.31
6901070600128_camera1-25.jpg 172 1257.45 1129.9 971.22 892.83 572.46 474.14
6901070600128_camera1-33.jpg 172 1274.5 1133.07 1079.88 852.31 389.24 561.53
6901070600128_camera1-30.jpg 172 1254.54 1129.15 1142.74 847.68 223.6 562.94
6901070600128_camera1-34.jpg 172 1271.69 1131.19 1040.78 857.85 461.83 546.68
6901070600128_camera1-36.jpg 172 1267.56 1119.83 983.01 886.9 569.1 465.85
6901070600128_camera1-32.jpg 172 1269.02 1135.73 1116.44 847.68 305.15 576.1
6901070600128_camera1-37.jpg 172 1263.94 1125.55 954.92 910.87 618.05 429.35
6901070600128_camera1-35.jpg 172 1273.12 1129.93 1009.07 873.45 528.1 512.96
6901070600128_camera1-4.jpg 172 1242.7 1127.84 921.77 937.12 641.86 381.43
6901070600128_camera1-5.jpg 172 1245.65 1131.01 947.98 910.14 595.34 441.75
6901070600128_camera1-6.jpg 172 1242.72 1136.6 960.1 892.37 565.25 488.45
6901070600128_camera1-7.jpg 172 1250.6 1142.3 1000.69 876.61 499.81 531.38
6901070600128_camera1-3.jpg 172 1256.17 1124.12 927.85 962.03 656.64 324.17
6901070600128_camera1-38.jpg 172 1258.74 1123.3 939.61 942.92 638.27 360.76
6901070600128_camera1-40.jpg 172 1250.6 1114.68 921.77 989.73 657.65 249.91
6901070600128_camera1-9.jpg 172 1246.4 1142.35 1073.55 861.67 345.7 561.36
6901070600128_camera1-8.jpg 172 1246.98 1141.5 1029.4 866.94 435.16 549.11
6901070600128_camera1-39.jpg 172 1259.8 1116.0 934.93 971.32 649.75 289.36
6901070600128_camera2-10.jpg 172 1277.56 868.43 986.96 747.59 581.19 241.67
6901070600128_camera2-15.jpg 172 1277.03 860.9 1011.57 626.96 530.92 467.89
6901070600128_camera2-12.jpg 172 1278.77 869.28 989.67 742.95 578.2 252.65
6901070600128_camera2-11.jpg 172 1277.53 868.18 988.6 785.36 577.85 165.64
6901070600128_camera2-14.jpg 172 1278.82 868.49 1001.7 665.77 554.23 405.44
6901070600128_camera2-13.jpg 172 1278.08 866.42 990.68 699.25 574.8 334.34
6901070600128_camera2-16.jpg 172 1277.2 861.77 1034.6 606.18 485.21 511.18
6901070600128_camera2-18.jpg 172 1273.99 863.93 1093.99 577.26 360.01 573.35
6901070600128_camera2-1.jpg 172 1272.68 878.71 1196.57 592.48 152.23 572.46
6901070600128_camera2-17.jpg 172 1274.19 863.93 1062.07 588.17 424.25 551.53
6901070600128_camera2-20.jpg 172 1271.84 863.46 1173.29 575.98 197.09 574.95
6901070600128_camera2-19.jpg 172 1272.19 865.84 1129.99 574.55 284.4 582.58
6901070600128_camera2-22.jpg 172 1274.27 870.04 1145.37 574.1 257.8 591.88
6901070600128_camera2-24.jpg 172 1271.8 867.83 1074.03 589.87 395.53 555.92
6901070600128_camera2-23.jpg 172 1270.32 871.36 1105.91 579.36 328.82 583.99
6901070600128_camera2-21.jpg 172 1273.49 865.78 1187.55 575.9 171.88 579.76
6901070600128_camera2-25.jpg 172 1267.7 863.46 1027.0 597.77 481.4 531.38
6901070600128_camera2-26.jpg 172 1266.38 860.84 1016.47 621.45 499.81 478.77
6901070600128_camera2-28.jpg 172 1270.03 866.36 985.18 689.27 569.71 354.18
6901070600128_camera2-27.jpg 172 1270.16 866.07 995.13 653.55 550.07 425.05
6901070600128_camera2-30.jpg 172 1262.43 870.04 969.12 763.5 586.62 213.08
6901070600128_camera2-2.jpg 172 1276.56 876.44 1167.93 587.83 217.25 577.22
6901070600128_camera2-29.jpg 172 1276.9 864.77 979.65 726.67 594.51 276.21
6901070600128_camera2-36.jpg 172 1268.09 871.15 1027.2 612.19 481.77 517.93
6901070600128_camera2-32.jpg 172 1268.89 870.12 978.7 745.64 580.39 248.96
6901070600128_camera2-33.jpg 172 1274.28 872.67 984.91 703.0 578.73 339.35
6901070600128_camera2-31.jpg 172 1269.17 867.61 983.06 779.26 572.23 176.7
6901070600128_camera2-35.jpg 172 1271.64 870.04 1008.58 629.34 526.12 481.4
6901070600128_camera2-39.jpg 172 1269.0 875.31 1128.81 583.31 280.39 584.0
6901070600128_camera2-34.jpg 172 1266.38 868.72 984.91 660.91 562.94 415.63
6901070600128_camera2-37.jpg 172 1263.75 876.61 1045.41 595.14 436.68 562.94
6901070600128_camera2-3.jpg 172 1279.54 870.04 1132.22 574.1 294.63 591.88
6901070600128_camera2-38.jpg 172 1269.27 875.02 1090.08 586.41 358.38 577.22
6901070600128_camera2-4.jpg 172 1278.41 877.01 1096.59 589.73 363.65 574.56
6901070600128_camera2-40.jpg 172 1275.59 870.04 1174.31 574.1 202.55 591.88
6901070600128_camera2-5.jpg 172 1279.62 876.93 1062.14 606.44 434.95 540.97
6901070600128_camera2-7.jpg 172 1280.22 872.3 1015.72 646.73 528.99 451.13
6901070600128_camera3-10.jpg 172 1381.86 1409.82 1284.95 1229.31 193.82 361.02
6901070600128_camera2-6.jpg 172 1280.52 873.26 1041.07 621.13 478.9 504.27
6901070600128_camera3-13.jpg 172 1409.76 1410.87 1156.39 1232.31 506.73 357.12
6901070600128_camera3-15.jpg 172 1404.24 1405.18 1096.2 1247.92 616.07 314.51
6901070600128_camera2-9.jpg 172 1274.28 873.99 982.28 700.37 583.99 347.24
6901070600128_camera3-11.jpg 172 1398.11 1415.16 1259.47 1233.03 277.28 364.27
6901070600128_camera3-14.jpg 172 1409.3 1409.14 1123.43 1240.06 571.74 338.16
6901070600128_camera3-12.jpg 172 1401.85 1409.3 1192.72 1229.11 418.26 360.39
6901070600128_camera3-16.jpg 172 1399.45 1400.09 1067.37 1255.78 664.17 288.61
6901070600128_camera2-8.jpg 172 1274.27 873.99 995.43 676.69 557.68 394.59
6901070600128_camera3-19.jpg 172 1384.29 1389.65 1033.11 1286.79 702.36 205.72
6901070600128_camera3-17.jpg 172 1392.32 1398.18 1050.59 1266.56 683.46 263.24
6901070600128_camera3-18.jpg 172 1390.02 1394.84 1040.15 1279.09 699.73 231.49
6901070600128_camera3-1.jpg 172 1377.7 1392.27 1029.93 1286.74 695.53 211.06
6901070600128_camera3-28.jpg 172 1359.49 1408.93 1202.05 1221.8 314.88 374.27
6901070600128_camera3-25.jpg 172 1359.15 1407.43 1084.82 1237.76 548.67 339.35
6901070600128_camera3-20.jpg 172 1392.64 1381.68 1048.04 1279.09 689.21 205.19
6901070600128_camera3-24.jpg 172 1361.03 1402.08 1055.2 1241.01 611.65 322.14
6901070600128_camera3-22.jpg 172 1372.11 1399.69 1026.04 1263.93 692.14 271.52
6901070600128_camera3-23.jpg 172 1367.66 1396.16 1040.15 1242.27 655.01 307.78
6901070600128_camera3-21.jpg 172 1384.08 1393.11 1036.71 1276.57 694.73 233.07
6901070600128_camera3-29.jpg 172 1362.91 1408.24 1257.46 1224.29 210.91 367.9
6901070600128_camera3-2.jpg 172 1368.97 1389.58 1021.73 1252.79 694.47 273.58
6901070600128_camera3-27.jpg 172 1362.75 1411.0 1157.89 1224.33 409.71 373.34
6901070600128_camera3-26.jpg 172 1359.76 1409.31 1124.33 1226.48 470.87 365.65
6901070600128_camera3-31.jpg 172 1399.27 1409.0 1230.94 1222.82 336.65 372.37
6901070600128_camera3-33.jpg 172 1402.45 1407.75 1153.49 1229.35 497.93 356.8
6901070600128_camera3-30.jpg 172 1393.96 1411.94 1282.16 1218.59 223.6 386.7
6901070600128_camera3-32.jpg 172 1401.68 1408.48 1190.78 1225.33 421.81 366.31
6901070600128_camera3-34.jpg 172 1404.49 1402.73 1116.44 1231.74 576.1 341.98
6901070600128_camera3-35.jpg 172 1398.52 1401.3 1079.62 1238.67 637.8 325.26
6901070600128_camera3-39.jpg 172 1373.0 1392.01 1024.52 1289.26 696.96 205.49
6901070600128_camera3-40.jpg 172 1374.23 1392.21 1024.37 1289.62 699.73 205.19
6901070600128_camera3-37.jpg 172 1381.28 1397.35 1038.75 1260.97 685.05 272.75
6901070600128_camera3-3.jpg 172 1363.58 1399.06 1024.81 1260.73 677.54 276.65
6901070600128_camera3-38.jpg 172 1375.87 1396.71 1031.3 1279.13 689.13 235.15
6901070600128_camera3-36.jpg 172 1388.33 1401.24 1056.03 1251.99 664.59 298.51
6901070600128_camera3-5.jpg 172 1354.37 1407.52 1056.18 1244.4 596.38 326.24
6901070600128_camera3-4.jpg 172 1355.95 1406.19 1033.25 1255.54 645.41 301.3
6901070600128_camera3-8.jpg 172 1357.03 1412.41 1168.97 1229.03 376.11 366.76
6901070600128_camera3-6.jpg 172 1350.26 1411.51 1083.51 1239.3 533.49 344.43
6901070600128_camera3-7.jpg 172 1353.92 1409.11 1127.61 1233.09 452.62 352.04
6901070600128_camera3-9.jpg 172 1362.98 1412.7 1227.88 1228.62 270.19 368.16
