6940477401396-back_camera0-10.jpg 173 1380.69 1213.89 1155.51 1041.84 450.36 344.11
6940477401396-back_camera0-14.jpg 173 1497.0 1217.31 1290.53 1042.66 412.94 349.3
6940477401396-back_camera0-13.jpg 173 1476.99 1221.0 1339.97 1043.9 274.04 354.19
6940477401396-back_camera0-15.jpg 173 1521.86 1210.08 1256.24 1039.61 531.23 340.94
6940477401396-back_camera0-11.jpg 173 1402.26 1217.96 1241.05 1041.18 322.43 353.55
6940477401396-back_camera0-17.jpg 173 1547.61 1199.94 1167.82 1042.15 759.58 315.57
6940477401396-back_camera0-12.jpg 173 1429.86 1219.44 1339.02 1043.11 181.67 352.66
6940477401396-back_camera0-21.jpg 173 1530.86 1180.47 1029.3 1049.99 1003.11 260.97
6940477401396-back_camera0-22.jpg 173 1511.34 1178.03 997.29 1048.63 1028.11 258.8
6940477401396-back_camera0-1.jpg 173 1336.83 1186.31 814.29 1048.42 1045.08 275.77
6940477401396-back_camera0-16.jpg 173 1538.13 1207.01 1207.82 1040.94 660.62 332.13
6940477401396-back_camera0-31.jpg 173 1305.12 1197.01 1057.06 1046.82 496.12 300.39
6940477401396-back_camera0-34.jpg 173 1336.32 1203.52 1235.11 1042.31 202.43 322.43
6940477401396-back_camera0-32.jpg 173 1300.47 1200.3 1113.19 1043.33 374.56 313.95
6940477401396-back_camera0-27.jpg 173 1379.38 1185.69 943.53 1054.78 871.71 261.83
6940477401396-back_camera0-26.jpg 173 1408.5 1184.96 945.42 1055.52 926.16 258.89
6940477401396-back_camera0-36.jpg 173 1344.78 1207.99 1108.27 1043.53 473.01 328.93
6940477401396-back_camera0-35.jpg 173 1339.5 1204.76 1172.65 1042.83 333.69 323.87
6940477401396-back_camera0-2.jpg 173 1324.87 1184.19 799.19 1056.54 1051.36 255.31
6940477401396-back_camera0-38.jpg 173 1353.12 1204.83 990.68 1043.0 724.87 323.65
6940477401396-back_camera0-39.jpg 173 1352.63 1204.26 934.44 1043.05 836.39 322.43
6940477401396-back_camera0-37.jpg 173 1350.18 1204.24 1047.75 1043.17 604.86 322.14
6940477401396-back_camera0-3.jpg 173 1316.04 1181.54 789.96 1047.9 1052.15 267.28
6940477401396-back_camera0-6.jpg 173 1313.2 1202.92 860.47 1051.48 905.47 302.88
6940477401396-back_camera0-33.jpg 173 1306.25 1200.41 1176.89 1046.9 258.71 307.02
6940477401396-back_camera0-40.jpg 173 1348.28 1203.3 890.79 1051.86 914.99 302.88
6940477401396-back_camera0-7.jpg 173 1321.93 1206.09 907.58 1044.16 828.71 323.85
6940477401396-back_camera0-4.jpg 173 1312.24 1191.86 798.21 1053.61 1028.05 276.51
6940477401396-back_camera0-9.jpg 173 1357.49 1214.66 1063.22 1046.8 588.54 335.73
6940477401396-back_camera0-5.jpg 173 1311.38 1196.66 821.38 1054.74 980.0 283.85
6940477401396-back_camera0-8.jpg 173 1335.62 1212.07 976.72 1046.94 717.8 330.25
6940477401396-back_camera1-10.jpg 173 1256.63 1180.99 1108.97 747.89 295.33 866.19
6940477401396-back_camera1-13.jpg 173 1330.07 1168.49 1147.86 755.14 364.43 826.7
6940477401396-back_camera1-15.jpg 173 1359.32 1141.12 1064.23 781.29 590.17 719.67
6940477401396-back_camera1-14.jpg 173 1345.03 1157.64 1107.96 767.54 474.14 780.2
6940477401396-back_camera1-17.jpg 173 1370.9 1107.13 978.82 824.24 784.16 565.78
6940477401396-back_camera1-16.jpg 173 1364.57 1125.4 1018.87 801.91 691.39 646.99
6940477401396-back_camera1-11.jpg 173 1278.89 1179.01 1197.95 746.25 161.88 865.52
6940477401396-back_camera1-18.jpg 173 1371.7 1089.72 944.34 849.48 854.73 480.49
6940477401396-back_camera1-12.jpg 173 1313.86 1176.32 1195.45 747.37 236.81 857.89
6940477401396-back_camera1-1.jpg 173 1177.22 1100.15 688.01 964.57 978.42 271.17
6940477401396-back_camera1-20.jpg 173 1356.22 1060.51 879.64 912.02 953.16 296.98
6940477401396-back_camera1-21.jpg 173 1346.71 1062.03 861.76 948.38 969.91 227.29
6940477401396-back_camera1-22.jpg 173 1335.59 1060.35 847.69 979.74 975.79 161.22
6940477401396-back_camera1-23.jpg 173 1316.99 1063.26 842.85 968.11 948.29 190.29
6940477401396-back_camera1-19.jpg 173 1366.67 1071.77 907.27 876.61 918.81 390.31
6940477401396-back_camera1-24.jpg 173 1298.79 1056.78 840.5 922.79 916.57 267.99
6940477401396-back_camera1-26.jpg 173 1252.77 1045.1 838.09 827.85 829.35 434.5
6940477401396-back_camera1-2.jpg 173 1171.4 1106.18 682.19 917.79 978.42 376.78
6940477401396-back_camera1-27.jpg 173 1232.49 1043.38 850.45 790.85 764.07 505.07
6940477401396-back_camera1-28.jpg 173 1209.68 1043.51 867.97 757.54 683.42 571.95
6940477401396-back_camera1-31.jpg 173 1174.67 1068.05 995.22 701.74 358.91 732.62
6940477401396-back_camera1-34.jpg 173 1195.67 1106.11 1041.31 705.01 308.72 802.19
6940477401396-back_camera1-33.jpg 173 1191.72 1094.48 1106.09 695.66 171.26 797.64
6940477401396-back_camera1-35.jpg 173 1197.37 1115.93 976.76 721.38 441.22 789.11
6940477401396-back_camera1-25.jpg 173 1275.68 1053.85 836.56 873.1 878.24 361.5
6940477401396-back_camera1-30.jpg 173 1183.31 1054.49 944.65 709.45 477.31 690.07
6940477401396-back_camera1-38.jpg 173 1199.43 1128.27 808.51 797.96 781.84 660.62
6940477401396-back_camera1-29.jpg 173 1192.93 1039.85 900.9 723.78 584.06 632.14
6940477401396-back_camera1-32.jpg 173 1172.93 1079.19 1059.44 696.57 226.99 765.24
6940477401396-back_camera1-39.jpg 173 1196.78 1136.29 764.64 844.16 864.27 584.26
6940477401396-back_camera1-37.jpg 173 1202.22 1128.95 863.72 771.62 677.0 714.67
6940477401396-back_camera2-11.jpg 173 1340.31 841.32 895.03 762.5 890.56 157.63
6940477401396-back_camera1-36.jpg 173 1200.57 1122.62 921.21 742.44 558.72 760.37
6940477401396-back_camera1-8.jpg 173 1217.84 1169.45 940.11 763.5 555.45 811.91
6940477401396-back_camera1-4.jpg 173 1170.99 1121.88 718.45 847.53 905.08 548.7
6940477401396-back_camera1-40.jpg 173 1192.45 1136.82 729.94 890.76 925.03 492.12
6940477401396-back_camera1-3.jpg 173 1168.87 1111.01 691.55 878.83 954.63 464.36
6940477401396-back_camera1-5.jpg 173 1176.06 1137.17 753.62 822.62 844.87 629.11
6940477401396-back_camera1-6.jpg 173 1186.25 1149.7 807.04 798.44 758.43 702.52
6940477401396-back_camera1-7.jpg 173 1200.83 1161.38 869.69 781.14 662.27 760.48
6940477401396-back_camera2-10.jpg 173 1338.15 854.15 900.22 720.64 875.87 267.02
6940477401396-back_camera2-13.jpg 173 1336.57 825.61 908.42 695.57 856.31 260.07
6940477401396-back_camera1-9.jpg 173 1239.37 1179.86 1024.88 755.84 428.97 848.04
6940477401396-back_camera2-16.jpg 173 1296.93 811.46 932.47 528.4 728.92 566.12
6940477401396-back_camera2-12.jpg 173 1338.16 835.46 896.07 755.97 884.18 158.97
6940477401396-back_camera2-15.jpg 173 1311.01 814.79 919.04 579.0 783.95 471.59
6940477401396-back_camera2-19.jpg 173 1251.23 800.48 1010.82 404.51 480.82 791.94
6940477401396-back_camera2-18.jpg 173 1266.3 805.06 977.97 438.67 576.65 732.78
6940477401396-back_camera2-21.jpg 173 1224.48 800.01 1088.96 370.36 271.04 859.31
6940477401396-back_camera2-14.jpg 173 1325.51 821.51 912.17 633.02 826.69 376.98
6940477401396-back_camera2-17.jpg 173 1281.67 803.55 954.21 475.16 654.92 656.77
6940477401396-back_camera2-1.jpg 173 1287.4 935.36 1206.56 488.24 161.69 894.23
6940477401396-back_camera2-22.jpg 173 1212.34 802.72 1131.86 367.96 160.96 869.53
6940477401396-back_camera2-23.jpg 173 1209.86 808.32 1121.59 371.92 176.54 872.79
6940477401396-back_camera2-20.jpg 173 1239.93 797.36 1050.93 382.29 378.0 830.14
6940477401396-back_camera2-25.jpg 173 1205.38 838.25 1001.03 423.89 408.7 828.71
6940477401396-back_camera2-29.jpg 173 1196.87 898.78 818.07 620.34 757.6 556.87
6940477401396-back_camera2-28.jpg 173 1195.82 883.34 853.99 557.87 683.66 650.93
6940477401396-back_camera2-24.jpg 173 1208.85 821.12 1067.32 394.68 283.06 852.88
6940477401396-back_camera2-27.jpg 173 1197.15 868.23 900.24 508.29 593.83 719.88
6940477401396-back_camera2-30.jpg 173 1197.7 911.09 788.58 685.12 818.25 451.94
6940477401396-back_camera2-26.jpg 173 1199.96 851.21 944.7 459.48 510.52 783.46
6940477401396-back_camera2-31.jpg 173 1201.47 924.23 772.13 756.8 858.69 334.87
6940477401396-back_camera2-2.jpg 173 1296.38 934.79 1163.17 499.5 266.41 870.58
6940477401396-back_camera2-37.jpg 173 1267.34 946.36 906.11 639.08 722.45 614.56
6940477401396-back_camera2-34.jpg 173 1220.66 942.12 788.53 797.87 864.27 288.49
6940477401396-back_camera2-36.jpg 173 1249.65 946.83 855.59 690.59 788.12 512.47
6940477401396-back_camera2-33.jpg 173 1211.7 939.97 770.5 855.58 882.4 168.77
6940477401396-back_camera2-4.jpg 173 1302.48 928.28 1062.07 531.6 480.82 793.36
6940477401396-back_camera2-35.jpg 173 1235.05 944.87 818.79 743.21 832.53 403.31
6940477401396-back_camera2-38.jpg 173 1279.62 948.73 960.57 594.43 638.1 708.6
6940477401396-back_camera2-32.jpg 173 1205.51 931.82 766.71 822.12 877.6 219.4
6940477401396-back_camera2-6.jpg 173 1319.13 907.76 987.97 577.53 662.32 660.47
6940477401396-back_camera2-3.jpg 173 1292.44 931.82 1100.75 511.81 383.39 840.02
6940477401396-back_camera2-40.jpg 173 1313.3 946.98 1095.13 527.66 436.34 838.65
6940477401396-back_camera2-39.jpg 173 1298.32 953.81 1029.6 564.22 537.44 779.18
6940477401396-back_camera2-5.jpg 173 1309.15 921.51 1023.69 551.81 570.93 739.41
6940477401396-back_camera2-9.jpg 173 1336.02 868.51 912.62 681.39 846.8 374.24
6940477401396-back_camera2-7.jpg 173 1325.83 894.35 954.6 606.56 742.45 575.57
6940477401396-back_camera2-8.jpg 173 1333.3 881.75 935.03 639.75 796.53 483.99
6940477401396-back_camera3-10.jpg 173 1420.53 1345.83 1187.42 1104.39 466.21 482.87
6940477401396-back_camera3-14.jpg 173 1430.82 1329.93 987.01 1133.92 887.61 392.01
6940477401396-back_camera3-17.jpg 173 1413.98 1317.54 904.27 1182.99 1019.42 269.1
6940477401396-back_camera3-13.jpg 173 1432.71 1334.15 1032.17 1124.17 801.08 419.96
6940477401396-back_camera3-12.jpg 173 1430.53 1342.43 1073.45 1115.46 714.16 453.95
6940477401396-back_camera3-11.jpg 173 1426.16 1343.66 1133.71 1109.7 584.9 467.92
6940477401396-back_camera3-19.jpg 173 1399.86 1318.42 899.42 1190.77 1000.88 255.31
6940477401396-back_camera3-18.jpg 173 1407.66 1312.17 897.14 1198.33 1021.04 227.68
6940477401396-back_camera3-15.jpg 173 1426.67 1326.94 951.61 1149.84 950.12 354.21
6940477401396-back_camera3-16.jpg 173 1421.84 1319.11 920.74 1168.46 1002.2 301.3
6940477401396-back_camera3-22.jpg 173 1356.44 1334.69 914.01 1136.51 884.87 396.37
6940477401396-back_camera3-1.jpg 173 1367.29 1320.15 885.08 1194.24 964.41 251.82
6940477401396-back_camera3-25.jpg 173 1349.41 1354.38 1036.68 1118.62 625.47 471.53
6940477401396-back_camera3-27.jpg 173 1365.53 1354.8 1179.2 1115.35 372.65 478.9
6940477401396-back_camera3-21.jpg 173 1370.5 1329.9 899.12 1152.77 942.76 354.27
6940477401396-back_camera3-20.jpg 173 1389.38 1322.69 902.82 1173.76 973.13 297.86
6940477401396-back_camera3-23.jpg 173 1349.51 1344.38 942.22 1131.64 814.57 425.47
6940477401396-back_camera3-24.jpg 173 1347.34 1345.82 986.58 1124.74 721.52 442.16
6940477401396-back_camera3-2.jpg 173 1357.26 1311.82 901.89 1170.4 910.73 282.84
6940477401396-back_camera3-28.jpg 173 1395.31 1352.0 1258.14 1117.31 274.34 469.39
6940477401396-back_camera3-33.jpg 173 1451.9 1340.39 1044.01 1167.05 815.78 346.68
6940477401396-back_camera3-29.jpg 173 1438.8 1346.32 1255.98 1122.05 365.63 448.54
6940477401396-back_camera3-26.jpg 173 1355.87 1351.8 1101.92 1116.03 507.89 471.53
6940477401396-back_camera3-31.jpg 173 1456.76 1341.91 1148.72 1137.48 616.07 408.86
6940477401396-back_camera3-30.jpg 173 1446.1 1343.07 1191.54 1130.34 509.11 425.47
6940477401396-back_camera3-37.jpg 173 1398.27 1339.7 899.68 1249.05 997.18 181.31
6940477401396-back_camera3-3.jpg 173 1353.8 1324.52 941.31 1157.62 824.99 333.81
6940477401396-back_camera3-32.jpg 173 1456.71 1343.8 1099.91 1148.75 713.59 390.1
6940477401396-back_camera3-40.jpg 173 1373.14 1322.84 870.75 1215.6 1004.78 214.48
6940477401396-back_camera3-34.jpg 173 1446.79 1343.92 1005.72 1186.93 882.14 313.98
6940477401396-back_camera3-4.jpg 173 1353.25 1324.55 992.49 1137.69 721.52 373.71
6940477401396-back_camera3-6.jpg 173 1356.86 1335.74 1104.32 1118.36 505.07 434.76
6940477401396-back_camera3-39.jpg 173 1382.9 1328.76 874.14 1231.63 1017.53 194.26
6940477401396-back_camera3-36.jpg 173 1408.98 1338.67 920.48 1231.39 977.0 214.55
6940477401396-back_camera3-38.jpg 173 1384.77 1325.36 871.42 1248.99 1026.7 152.73
6940477401396-back_camera3-35.jpg 173 1428.28 1340.78 958.89 1211.54 938.77 258.48
6940477401396-back_camera3-7.jpg 173 1362.0 1342.19 1180.43 1112.26 363.14 459.87
6940477401396-back_camera3-8.jpg 173 1377.97 1341.92 1250.09 1105.55 255.76 472.74
6940477401396_camera0-13.jpg 173 1480.09 1096.96 1197.46 954.53 565.25 284.86
6940477401396-back_camera3-5.jpg 173 1355.66 1329.74 1071.68 1120.68 567.97 418.11
6940477401396-back_camera3-9.jpg 173 1417.68 1343.38 1221.05 1103.13 393.27 480.49
6940477401396_camera0-12.jpg 173 1469.16 1095.32 1259.31 955.12 419.7 280.39
6940477401396_camera0-10.jpg 173 1393.48 1093.24 1188.8 953.49 409.36 279.49
6940477401396_camera0-11.jpg 173 1440.13 1097.62 1275.28 956.41 329.71 282.43
6940477401396_camera0-14.jpg 173 1489.08 1097.62 1139.07 955.49 700.02 284.25
6940477401396_camera0-17.jpg 173 1495.99 1089.42 1013.79 969.36 964.41 240.12
6940477401396_camera0-15.jpg 173 1493.52 1091.9 1094.72 956.75 797.6 270.31
6940477401396_camera0-16.jpg 173 1497.41 1093.2 1051.68 966.45 891.45 253.51
6940477401396_camera0-21.jpg 173 1470.61 1077.27 942.71 993.63 1055.79 167.28
6940477401396_camera0-18.jpg 173 1492.69 1084.26 982.93 970.1 1019.52 228.31
6940477401396_camera0-20.jpg 173 1475.32 1078.96 939.2 985.97 1072.24 185.98
6940477401396_camera0-22.jpg 173 1464.18 1072.68 953.79 1002.68 1020.78 140.0
6940477401396_camera0-19.jpg 173 1485.91 1082.1 959.14 976.12 1053.54 211.95
6940477401396_camera0-24.jpg 173 1426.88 1082.05 944.36 1007.3 965.05 149.51
6940477401396_camera0-1.jpg 173 1400.07 1077.27 869.75 997.27 1060.64 160.0
6940477401396_camera0-23.jpg 173 1444.88 1075.07 943.33 1002.35 1003.11 145.44
6940477401396_camera0-26.jpg 173 1400.93 1091.28 977.02 1000.37 847.82 181.82
6940477401396_camera0-25.jpg 173 1407.36 1084.72 958.86 993.81 897.0 181.82
6940477401396_camera0-32.jpg 173 1469.41 1101.59 1217.28 995.57 504.27 212.04
6940477401396_camera0-27.jpg 173 1392.28 1093.03 1011.16 998.28 762.24 189.5
6940477401396_camera0-31.jpg 173 1462.92 1095.68 1277.1 986.75 371.65 217.86
6940477401396_camera0-30.jpg 173 1392.69 1101.18 1195.41 998.65 394.56 205.06
6940477401396_camera0-29.jpg 173 1392.45 1097.84 1132.38 997.93 520.13 199.81
6940477401396_camera0-2.jpg 173 1391.12 1067.82 857.26 982.26 1067.71 171.12
6940477401396_camera0-28.jpg 173 1388.16 1094.92 1063.08 998.98 650.16 191.88
6940477401396_camera0-39.jpg 173 1413.2 1080.72 905.33 992.69 1015.75 176.06
6940477401396_camera0-34.jpg 173 1473.76 1093.96 1111.15 983.88 725.22 220.16
6940477401396_camera0-38.jpg 173 1429.57 1084.11 933.22 989.75 992.69 188.71
6940477401396_camera0-33.jpg 173 1465.89 1097.57 1139.22 987.97 653.35 219.2
6940477401396_camera0-35.jpg 173 1469.13 1094.7 1057.29 987.32 823.69 214.76
6940477401396_camera0-36.jpg 173 1461.11 1094.39 1007.76 988.33 906.69 212.13
6940477401396_camera0-3.jpg 173 1386.24 1073.45 859.9 992.05 1052.68 162.8
6940477401396_camera0-37.jpg 173 1442.42 1090.23 960.59 992.65 963.66 195.16
6940477401396_camera0-8.jpg 173 1375.75 1088.86 1040.02 963.13 671.46 251.46
6940477401396_camera0-5.jpg 173 1372.28 1078.97 893.06 970.63 958.45 216.69
6940477401396_camera0-4.jpg 173 1376.6 1078.22 866.78 978.4 1019.63 199.64
6940477401396_camera0-7.jpg 173 1372.52 1085.58 984.01 965.32 777.02 240.51
6940477401396_camera0-6.jpg 173 1369.89 1081.49 927.96 961.99 883.86 239.0
6940477401396_camera0-9.jpg 173 1384.97 1093.59 1109.2 962.07 551.53 263.04
6940477401396_camera1-11.jpg 173 1264.51 1300.75 1076.72 903.91 375.57 793.68
6940477401396_camera1-1.jpg 173 1141.05 1126.89 655.28 1000.32 971.54 253.14
6940477401396_camera1-2.jpg 173 1134.64 1140.76 651.51 977.29 966.27 326.95
6940477401396_camera1-34.jpg 173 1255.69 1117.82 920.23 799.03 670.92 637.58
6940477401396_camera1-29.jpg 173 1278.69 1118.27 1100.16 763.98 357.06 708.57
6940477401396_camera1-36.jpg 173 1218.49 1118.62 808.74 854.26 819.5 528.71
6940477401396_camera1-3.jpg 173 1132.54 1163.41 657.6 952.51 949.87 421.81
6940477401396_camera1-40.jpg 173 1139.93 1121.33 661.23 1010.9 957.41 220.86
6940477401396_camera1-7.jpg 173 1152.78 1256.35 823.47 888.19 658.62 736.32
6940477401396_camera1-9.jpg 173 1189.83 1285.44 985.4 888.6 408.86 793.68
6940477401396_camera2-12.jpg 173 1373.41 877.93 954.09 671.14 838.65 413.59
6940477401396_camera2-11.jpg 173 1378.04 887.54 953.85 736.89 848.38 301.3
6940477401396_camera2-18.jpg 173 1324.53 798.87 1096.97 389.08 455.11 819.58
6940477401396_camera2-22.jpg 173 1279.71 782.55 1072.77 366.65 413.89 831.8
6940477401396_camera2-30.jpg 173 1172.48 849.37 753.23 731.94 838.5 234.85
6940477401396_camera2-31.jpg 173 1173.38 860.08 749.66 704.7 847.43 310.75
6940477401396_camera2-29.jpg 173 1182.24 836.77 762.99 663.08 838.5 347.37
6940477401396_camera2-2.jpg 173 1265.79 985.73 1096.51 562.99 338.56 845.48
6940477401396_camera2-3.jpg 173 1281.49 980.58 1053.39 563.85 456.19 833.46
6940477401396_camera2-39.jpg 173 1235.96 966.36 1059.42 538.21 353.07 856.29
6940477401396_camera2-8.jpg 173 1353.75 929.66 932.2 695.38 843.09 468.57
6940477401396_camera3-12.jpg 173 1447.76 1507.9 1092.55 1275.72 710.42 464.36
6940477401396_camera3-16.jpg 173 1503.53 1474.87 974.42 1322.14 1058.21 305.46
6940477401396_camera3-13.jpg 173 1468.42 1503.32 1055.86 1286.87 825.13 432.91
6940477401396_camera3-14.jpg 173 1487.8 1493.33 1024.15 1296.36 927.3 393.95
6940477401396_camera3-15.jpg 173 1495.18 1485.0 994.87 1308.98 1000.62 352.04
6940477401396_camera3-17.jpg 173 1507.39 1465.0 965.85 1338.93 1083.08 252.14
6940477401396_camera3-11.jpg 173 1426.87 1512.98 1140.63 1269.86 572.48 486.25
6940477401396_camera3-18.jpg 173 1507.66 1451.33 963.32 1348.19 1088.68 206.28
6940477401396_camera3-19.jpg 173 1504.06 1439.47 967.84 1362.67 1072.43 153.59
6940477401396_camera3-1.jpg 173 1241.29 1418.38 710.97 1303.83 1060.64 229.1
6940477401396_camera3-2.jpg 173 1235.72 1424.61 709.38 1284.0 1052.68 281.21
6940477401396_camera3-4.jpg 173 1224.34 1456.1 739.98 1265.89 968.71 380.42
6940477401396_camera3-5.jpg 173 1237.73 1474.43 822.05 1263.47 831.36 421.93
6940477401396_camera3-3.jpg 173 1225.5 1444.64 721.46 1275.53 1008.08 338.23
6940477401396_camera3-6.jpg 173 1251.09 1484.51 893.1 1255.11 715.97 458.81
6940477401396_camera3-7.jpg 173 1267.28 1491.62 969.42 1251.11 595.72 481.02
6940477401396_camera3-8.jpg 173 1290.97 1502.46 1068.54 1253.97 444.86 496.98
6940477401396~B_camera0-15.jpg 173 1147.09 1104.95 992.82 990.43 308.54 229.04
6940477401396~B_camera0-14.jpg 173 1088.17 1102.46 943.37 988.25 289.61 228.43
6940477401396~B_camera0-1.jpg 173 1204.28 1092.73 768.15 1003.29 872.25 178.88
6940477401396~B_camera0-13.jpg 173 1081.19 1105.59 878.18 991.51 406.02 228.16
6940477401396~B_camera0-16.jpg 173 1153.63 1107.41 943.33 995.41 420.61 224.0
6940477401396~B_camera0-34.jpg 173 1116.56 1120.99 968.89 983.11 295.33 275.76
6940477401396~B_camera0-27.jpg 173 1053.18 1095.03 596.64 996.15 913.08 197.76
6940477401396~B_camera0-33.jpg 173 1084.59 1121.01 885.42 983.65 398.33 274.73
6940477401396~B_camera0-36.jpg 173 1183.22 1118.51 948.87 987.51 468.71 262.0
6940477401396~B_camera0-32.jpg 173 1070.24 1118.39 810.73 982.97 519.02 270.84
6940477401396~B_camera0-40.jpg 173 1208.26 1096.98 788.61 1000.94 839.29 192.07
6940477401396~B_camera0-25.jpg 173 1066.69 1085.55 596.2 1008.82 940.98 153.46
6940477401396~B_camera0-4.jpg 173 1180.49 1082.92 716.51 1021.85 927.96 122.14
6940477401396~B_camera0-37.jpg 173 1196.45 1114.1 905.86 989.02 581.19 250.15
6940477401396~B_camera0-38.jpg 173 1203.76 1109.29 862.79 992.77 681.95 233.03
6940477401396~B_camera1-1.jpg 173 1199.28 734.95 850.55 587.95 697.47 294.0
6940477401396~B_camera1-13.jpg 173 1127.38 724.5 983.34 482.64 288.08 483.71
6940477401396~B_camera1-31.jpg 173 1117.74 772.43 887.53 516.58 460.43 511.69
6940477401396~B_camera1-35.jpg 173 1171.18 779.95 1020.52 520.08 301.33 519.74
6940477401396~B_camera1-34.jpg 173 1160.12 781.81 1054.21 514.92 211.83 533.78
6940477401396~B_camera1-40.jpg 173 1198.02 740.92 861.84 575.99 672.36 329.87
6940477401396~B_camera0-30.jpg 173 1051.78 1107.91 689.91 979.95 723.75 255.93
6940477401396~B_camera0-35.jpg 173 1168.8 1120.62 996.25 984.9 345.09 271.45
6940477401396~B_camera2-12.jpg 173 733.39 888.32 469.04 464.46 528.71 847.71
6940477401396~B_camera2-13.jpg 173 742.05 892.49 531.97 455.36 420.16 874.26
6940477401396~B_camera1-32.jpg 173 1125.61 776.77 939.13 512.29 372.95 528.96
6940477401396~B_camera1-38.jpg 173 1192.36 758.69 914.98 542.94 554.75 431.49
6940477401396~B_camera2-19.jpg 173 763.97 860.21 418.58 480.82 690.79 758.79
6940477401396~B_camera1-39.jpg 173 1196.51 749.59 886.17 557.07 620.68 385.03
6940477401396~B_camera2-28.jpg 173 762.92 826.93 349.98 528.98 825.89 595.9
6940477401396~B_camera2-24.jpg 173 787.41 831.3 341.92 691.42 890.98 279.77
6940477401396~B_camera2-31.jpg 173 748.85 809.23 445.97 404.54 605.75 809.37
6940477401396~B_camera2-32.jpg 173 745.31 801.82 490.57 377.45 509.48 848.73
6940477401396~B_camera2-3.jpg 173 683.99 835.39 235.83 624.84 896.31 421.11
6940477401396~B_camera2-21.jpg 173 772.11 845.6 361.01 544.47 822.2 602.25
6940477401396~B_camera2-5.jpg 173 674.64 852.2 222.68 720.52 903.92 263.37
6940477401396~B_camera2-4.jpg 173 676.46 842.35 223.87 690.3 905.18 304.1
6940477401396~B_camera2-1.jpg 173 694.95 823.22 283.65 510.17 822.6 626.09
6940477401396~B_camera1-36.jpg 173 1179.95 776.7 982.58 528.23 394.74 496.93
6940477401396~B_camera2-40.jpg 173 702.15 819.01 309.85 478.69 784.6 680.65
6940477401396~B_camera3-36.jpg 173 1086.06 943.02 855.38 720.74 461.36 444.56
6940477401396~B_camera3-33.jpg 173 1008.11 951.2 835.59 707.52 345.04 487.36
6940477401396~B~back_camera0-18.jpg 173 1046.47 1079.11 677.87 955.33 737.2 247.55
6940477401396~B_camera3-34.jpg 173 1046.46 951.38 912.77 710.12 267.38 482.53
6940477401396~B~back_camera0-15.jpg 173 1104.02 1064.32 673.32 964.19 861.4 200.25
6940477401396~B_camera3-4.jpg 173 1084.63 889.28 646.95 814.9 875.36 148.77
6940477401396~B~back_camera0-2.jpg 173 1126.78 1077.76 954.48 947.49 344.59 260.54
6940477401396~B~back_camera0-19.jpg 173 1038.12 1084.43 706.67 955.43 662.9 258.0
6940477401396~B_camera3-35.jpg 173 1075.4 948.52 899.51 713.59 351.78 469.86
6940477401396~B~back_camera0-22.jpg 173 1049.7 1090.05 871.98 954.65 355.45 270.79
6940477401396~B~back_camera1-17.jpg 173 1100.89 693.68 781.84 469.49 638.11 448.39
6940477401396~B~back_camera0-21.jpg 173 1040.0 1089.89 806.02 955.11 467.96 269.57
6940477401396~B~back_camera0-1.jpg 173 1113.91 1074.69 882.79 949.21 462.25 250.96
6940477401396~B~back_camera0-5.jpg 173 1197.5 1076.45 982.83 944.62 429.34 263.66
6940477401396~B~back_camera0-26.jpg 173 1146.68 1087.19 870.72 968.53 551.92 237.32
6940477401396~B~back_camera0-14.jpg 173 1120.81 1058.11 677.12 968.05 887.37 180.12
6940477401396~B~back_camera0-40.jpg 173 1107.05 1072.53 840.18 950.91 533.74 243.25
6940477401396~B~back_camera1-14.jpg 173 1140.97 673.65 774.45 529.91 733.03 287.49
6940477401396~B~back_camera1-13.jpg 173 1156.71 669.02 789.38 557.81 734.67 222.42
6940477401396~B~back_camera0-20.jpg 173 1035.44 1087.66 748.5 954.68 573.89 265.97
6940477401396~B~back_camera1-11.jpg 173 1174.68 668.14 811.19 536.97 726.97 262.34
6940477401396~B~back_camera1-16.jpg 173 1111.35 685.92 769.72 486.05 683.25 399.74
6940477401396~B~back_camera1-24.jpg 173 1132.01 717.32 982.62 467.07 298.78 500.49
6940477401396~B~back_camera1-18.jpg 173 1091.75 700.64 801.79 458.17 579.93 484.94
6940477401396~B~back_camera1-10.jpg 173 1181.53 671.95 830.66 511.06 701.74 321.78
6940477401396~B~back_camera1-28.jpg 173 1146.96 727.84 833.66 553.46 626.61 348.75
6940477401396~B~back_camera1-21.jpg 173 1089.98 716.02 920.37 445.01 339.22 542.03
6940477401396~B~back_camera0-6.jpg 173 1202.1 1074.87 933.21 945.72 537.77 258.29
6940477401396~B~back_camera1-25.jpg 173 1138.33 715.43 941.36 483.7 393.93 463.47
6940477401396~B~back_camera0-8.jpg 173 1199.15 1068.5 838.62 949.66 721.06 237.68
6940477401396~B~back_camera0-3.jpg 173 1148.23 1077.64 1026.58 945.44 243.31 264.41
6940477401396~B~back_camera1-6.jpg 173 1194.38 695.7 962.95 443.76 462.85 503.89
6940477401396~B~back_camera1-26.jpg 173 1143.12 719.25 901.38 503.35 483.49 431.81
6940477401396~B~back_camera1-3.jpg 173 1184.39 710.68 1094.57 436.94 179.64 547.48
6940477401396~B~back_camera1-35.jpg 173 1142.3 711.35 776.77 594.23 731.06 234.24
6940477401396~B~back_camera1-7.jpg 173 1194.25 689.76 923.58 455.11 541.33 469.3
6940477401396~B~back_camera1-5.jpg 173 1192.98 702.09 1004.77 437.12 376.42 529.94
6940477401396~B~back_camera1-34.jpg 173 1139.95 720.46 761.93 624.49 756.04 191.93
6940477401396~B~back_camera1-40.jpg 173 1155.72 715.3 960.77 463.19 389.91 504.22
6940477401396~B~back_camera1-9.jpg 173 1187.26 676.98 857.16 488.65 660.19 376.66
6940477401396~B~back_camera1-8.jpg 173 1191.54 683.18 886.86 469.0 609.36 428.36
6940477401396~B~back_camera1-36.jpg 173 1143.4 710.86 798.52 559.77 689.76 302.18
6940477401396~B~back_camera2-1.jpg 173 683.09 818.62 428.86 382.57 508.45 872.09
6940477401396~B~back_camera2-15.jpg 173 724.12 884.68 264.25 679.79 919.74 409.79
6940477401396~B~back_camera2-10.jpg 173 696.06 878.09 261.39 591.79 869.34 572.6
6940477401396~B~back_camera2-13.jpg 173 699.21 877.8 231.61 765.53 935.2 224.55
6940477401396~B~back_camera1-38.jpg 173 1147.76 713.35 866.58 503.04 562.35 420.62
6940477401396~B~back_camera1-29.jpg 173 1145.03 730.68 806.69 582.63 676.67 296.1
6940477401396~B~back_camera2-14.jpg 173 711.82 884.42 243.28 738.08 937.07 292.68
6940477401396~B_camera0-29.jpg 173 1047.63 1106.57 644.81 990.04 805.64 233.06
6940477401396~B_camera2-25.jpg 173 785.82 837.42 339.65 695.44 892.33 283.96
6940477401396~B_camera1-7.jpg 173 1165.01 722.88 822.75 561.6 684.53 322.56
6940477401396~B_camera1-37.jpg 173 1186.67 768.89 947.35 534.22 478.64 469.34
6940477401396~B_camera1-29.jpg 173 1109.51 756.84 805.78 531.66 607.47 450.36
6940477401396~B_camera2-37.jpg 173 725.71 800.42 462.78 373.51 525.86 853.82
6940477401396~B_camera3-14.jpg 173 1016.61 914.27 884.72 714.89 263.77 398.76
6940477401396~B_camera1-30.jpg 173 1112.07 764.69 841.6 521.97 540.93 485.44
6940477401396~B_camera0-23.jpg 173 1081.2 1085.23 636.53 1011.42 889.34 147.62
6940477401396~B_camera3-13.jpg 173 1001.19 914.38 822.15 715.45 358.08 397.86
6940477401396~B_camera2-29.jpg 173 757.58 821.16 373.81 480.29 767.54 681.74
6940477401396~B_camera3-32.jpg 173 994.29 948.01 763.18 706.56 462.23 482.9
6940477401396~B~back_camera0-24.jpg 173 1122.3 1090.9 966.97 959.97 310.66 261.87
6940477401396~B~back_camera0-12.jpg 173 1150.83 1053.32 699.33 966.63 902.99 173.37
6940477401396~B~back_camera1-19.jpg 173 1087.3 707.34 831.58 449.23 511.43 516.22
6940477401396~B~back_camera1-27.jpg 173 1145.76 722.87 865.51 526.49 560.5 392.76
6940477401396~B_camera2-7.jpg 173 693.14 863.02 250.89 620.65 884.5 484.75
6940477401396~B~back_camera0-4.jpg 173 1189.96 1077.25 1036.35 943.55 307.22 267.4
6940477401396~B~back_camera1-2.jpg 173 1163.77 713.43 1045.57 443.4 236.4 540.07
6940477401396~B_camera2-36.jpg 173 731.87 795.4 523.36 356.59 417.01 877.62
6940477401396~B~back_camera2-12.jpg 173 695.23 880.18 230.29 707.3 929.88 345.77
6940477401396~B~back_camera1-15.jpg 173 1125.14 679.72 767.09 505.63 716.11 348.18
6940477401396~B~back_camera1-12.jpg 173 1167.47 667.03 799.49 566.88 735.96 200.3
6940477401396~B~back_camera0-13.jpg 173 1135.95 1053.33 683.38 971.87 905.15 162.92
6940477401396~B_camera3-29.jpg 173 971.81 928.06 601.47 719.17 740.67 417.78
6940477401396~B_camera2-22.jpg 173 776.5 839.34 344.7 587.22 863.61 504.23
6940477401396~B~back_camera0-11.jpg 173 1166.47 1056.87 723.24 961.18 886.45 191.37
6940477401396~B_camera2-38.jpg 173 717.12 807.16 404.72 400.93 624.8 812.47
6940477401396~B_camera2-6.jpg 173 683.62 857.65 231.86 670.72 903.51 373.86
6940477401396~B_camera2-30.jpg 173 752.61 816.16 405.08 438.9 695.05 754.52
6940477401396~B_camera2-39.jpg 173 710.37 814.54 356.45 438.19 707.84 752.7
6940477401396~B~back_camera0-16.jpg 173 1081.14 1069.29 663.07 960.39 836.14 217.79
6940477401396~B~back_camera0-10.jpg 173 1180.2 1060.29 756.54 956.5 847.33 207.57
6940477401396~B_camera3-28.jpg 173 970.2 917.98 567.97 729.13 804.46 377.69
6940477401396~B~back_camera0-38.jpg 173 1094.74 1066.71 726.95 960.86 735.57 211.71
6940477401396~B~back_camera0-23.jpg 173 1071.44 1091.25 944.64 958.42 253.61 265.66
6940477401396~B~back_camera0-9.jpg 173 1191.67 1064.52 794.85 952.24 793.64 224.56
6940477401396~B~back_camera0-7.jpg 173 1203.75 1072.01 885.08 946.98 637.33 250.05
6940477401396~B~back_camera0-17.jpg 173 1061.99 1074.51 665.24 958.18 793.5 232.66
6940477401396~B~back_camera1-20.jpg 173 1086.77 712.42 871.73 446.13 430.08 532.58
6940477401396~B~back_camera1-23.jpg 173 1125.09 718.72 1027.3 456.39 195.58 524.66
6940477401396~B~back_camera3-12.jpg 173 1055.62 835.78 623.02 737.42 865.21 196.73
6940477401396~B~back_camera2-21.jpg 173 773.92 871.59 551.48 431.8 444.89 879.57
6940477401396~B~back_camera1-4.jpg 173 1189.82 707.07 1049.79 435.16 280.05 543.81
6940477401396~B~back_camera0-25.jpg 173 1136.61 1089.94 918.45 964.37 436.31 251.15
6940477401396~B~back_camera2-35.jpg 173 707.46 810.34 241.22 596.31 932.47 428.07
6940477401396~B~back_camera1-22.jpg 173 1097.52 718.25 977.11 448.42 240.81 539.66
6940477401396~B~back_camera1-1.jpg 173 1157.84 714.7 992.35 453.81 330.97 521.79
6940477401396~B~back_camera1-39.jpg 173 1151.86 715.76 910.56 481.57 482.59 468.39
6940477401396~B~back_camera1-37.jpg 173 1144.99 711.75 828.49 529.14 633.0 365.21
6940477401396~B~back_camera2-11.jpg 173 695.0 880.21 240.01 650.06 909.99 460.31
6940477401396~B~back_camera3-1.jpg 173 1032.95 887.11 833.94 654.33 398.02 465.56
6940477401396~B~back_camera2-37.jpg 173 692.17 815.21 270.25 495.44 843.85 639.55
6940477401396~B~back_camera2-31.jpg 173 750.48 790.99 307.01 568.21 886.94 445.56
6940477401396~B~back_camera2-24.jpg 173 770.18 843.99 625.38 385.24 289.61 917.5
6940477401396~B~back_camera3-11.jpg 173 1068.07 837.38 642.12 715.59 851.89 243.57
6940477401396~B~back_camera3-25.jpg 173 1037.73 889.43 809.28 690.16 456.91 398.54
6940477401396~B~back_camera3-21.jpg 173 957.49 896.03 746.27 657.2 422.44 477.66
6940477401396~B~back_camera3-16.jpg 173 983.14 862.85 580.18 678.5 805.92 368.7
6940477401396~B~back_camera3-32.jpg 173 1020.54 891.71 573.18 831.91 894.72 119.61
6940477401396~B~back_camera2-8.jpg 173 693.45 869.18 325.55 489.95 735.81 758.46
6940477401396~B~back_camera2-39.jpg 173 684.88 818.45 344.36 420.8 681.03 795.3
6940477401396~B~back_camera3-20.jpg 173 950.76 891.2 686.79 655.7 527.95 470.99
6940477401396~B~back_camera3-4.jpg 173 1094.31 877.95 932.45 642.02 323.72 471.87
6940477401396~B_camera0-17.jpg 173 1155.29 1103.75 891.11 991.17 528.36 225.17
6940477401396~B_camera0-12.jpg 173 1079.78 1101.59 822.93 983.74 513.71 235.7
6940477401396~B_camera0-6.jpg 173 1160.55 1089.65 722.09 1012.42 876.91 154.47
6940477401396~B_camera0-28.jpg 173 1049.37 1100.64 616.15 992.36 866.43 216.57
6940477401396~B_camera1-33.jpg 173 1133.77 780.5 995.93 511.16 275.69 538.68
6940477401396~B_camera2-17.jpg 173 756.9 877.82 506.19 451.06 501.42 853.52
6940477401396~B_camera0-31.jpg 173 1058.99 1115.32 745.66 984.02 626.66 262.6
6940477401396~B_camera0-39.jpg 173 1208.38 1102.56 824.45 995.9 767.86 213.31
6940477401396~B~back_camera2-17.jpg 173 747.81 883.4 334.23 571.24 827.16 624.33
6940477401396~B_camera2-10.jpg 173 719.5 879.7 361.32 506.4 716.37 746.61
6940477401396~B~back_camera2-16.jpg 173 735.28 884.42 293.84 622.76 882.89 523.32
6940477401396~B_camera2-20.jpg 173 768.31 851.84 386.21 508.74 764.19 686.19
6940477401396~B~back_camera2-18.jpg 173 756.75 879.74 381.87 524.18 749.76 711.13
6940477401396~B~back_camera2-28.jpg 173 756.4 798.79 395.04 427.9 722.72 741.79
6940477401396~B~back_camera2-25.jpg 173 768.16 829.58 563.25 378.51 409.83 902.14
6940477401396~B~back_camera2-3.jpg 173 691.8 826.75 557.11 366.41 269.37 920.67
6940477401396~B_camera2-2.jpg 173 689.18 830.05 256.68 565.74 865.0 528.62
6940477401396~B~back_camera2-2.jpg 173 688.71 819.02 491.74 369.37 393.93 899.3
6940477401396~B~back_camera2-38.jpg 173 686.61 816.97 302.84 455.24 767.54 723.46
6940477401396~B~back_camera2-26.jpg 173 764.78 816.68 501.63 382.13 526.31 869.1
6940477401396~B~back_camera2-30.jpg 173 753.5 791.09 328.53 512.74 849.94 556.69
6940477401396~B~back_camera2-34.jpg 173 717.49 807.85 242.23 651.08 950.52 313.53
6940477401396~B~back_camera2-22.jpg 173 773.48 869.59 610.37 420.61 326.21 897.95
6940477401396~B~back_camera2-19.jpg 173 764.47 877.88 433.72 486.62 661.5 782.52
6940477401396~B~back_camera2-27.jpg 173 760.42 806.92 446.3 400.53 628.25 812.78
6940477401396~B~back_camera2-9.jpg 173 695.35 875.03 289.04 540.09 812.62 669.87
6940477401396~B~back_camera2-32.jpg 173 742.08 795.48 281.99 632.67 920.17 325.62
6940477401396~B~back_camera2-23.jpg 173 770.38 857.64 668.39 401.85 203.97 911.58
6940477401396~B~back_camera2-7.jpg 173 692.35 863.7 367.77 448.76 649.16 829.89
6940477401396~B~back_camera2-40.jpg 173 686.26 817.09 396.89 393.53 578.74 847.12
6940477401396~B~back_camera2-29.jpg 173 752.4 794.44 355.23 467.42 794.34 654.04
6940477401396~B~back_camera2-6.jpg 173 692.55 855.44 420.29 414.64 544.51 881.6
6940477401396~B~back_camera2-36.jpg 173 698.9 815.72 250.39 542.75 897.02 545.94
6940477401396~B~back_camera2-5.jpg 173 692.61 847.65 478.62 389.5 427.97 916.3
6940477401396~B~back_camera3-13.jpg 173 1042.66 839.48 612.1 723.88 861.13 231.19
6940477401396~B~back_camera3-17.jpg 173 967.7 870.54 588.49 668.25 758.43 404.59
6940477401396~B~back_camera3-10.jpg 173 1080.22 843.5 670.34 697.35 819.75 292.31
6940477401396~B~back_camera3-22.jpg 173 967.12 896.56 813.19 661.53 307.86 470.07
6940477401396~B~back_camera3-15.jpg 173 1002.16 854.88 584.45 691.78 835.42 326.21
6940477401396~B~back_camera2-33.jpg 173 730.51 801.49 258.46 698.14 944.1 206.7
6940477401396~B~back_camera3-14.jpg 173 1024.23 847.48 598.62 707.89 851.22 279.18
6940477401396~B~back_camera2-20.jpg 173 770.37 874.42 490.36 454.53 560.02 839.78
6940477401396~B~back_camera2-4.jpg 173 694.11 836.96 541.93 371.92 304.35 930.07
6940477401396~B~back_camera3-18.jpg 173 955.86 878.61 607.42 661.34 696.88 434.54
6940477401396~B~back_camera3-27.jpg 173 1048.06 895.64 719.97 724.41 656.17 342.47
6940477401396~B~back_camera3-2.jpg 173 1045.9 882.53 900.96 647.24 289.89 470.58
6940477401396~B~back_camera3-19.jpg 173 950.35 886.55 640.32 657.23 620.05 458.63
6940477401396~B~back_camera3-23.jpg 173 1008.73 896.27 890.14 668.37 237.18 455.81
6940477401396~B~back_camera3-3.jpg 173 1077.59 881.26 966.77 643.57 221.63 475.38
6940477401396~B~back_camera3-35.jpg 173 1012.71 869.08 576.36 749.55 872.7 239.07
6940477401396~B~back_camera3-39.jpg 173 1022.91 877.11 732.36 672.41 581.11 409.4
6940477401396~B~back_camera3-6.jpg 173 1102.61 868.51 832.13 649.48 540.96 438.06
6940477401396~B~back_camera3-9.jpg 173 1090.01 849.25 702.72 682.7 774.58 333.1
6940477401396~B~back_camera3-26.jpg 173 1045.75 892.68 764.32 705.94 562.86 373.47
6940477401396~B~back_camera3-7.jpg 173 1101.3 862.11 785.24 657.94 632.12 408.34
6940477401396~B~back_camera3-8.jpg 173 1095.88 857.08 741.35 668.12 709.06 377.91
6940477401396~B~back_camera3-37.jpg 173 1013.76 867.29 634.55 705.01 758.43 324.57
6940477401396~B~back_camera3-24.jpg 173 1029.22 893.88 859.3 677.81 339.84 432.15
6940477401396~B~back_camera3-38.jpg 173 1016.62 872.03 678.48 685.97 676.29 372.12
6940477401396~B~back_camera3-5.jpg 173 1100.34 875.09 881.7 645.9 437.27 458.38
6940477401396~B~back_camera3-36.jpg 173 1011.13 862.87 599.61 725.06 823.05 275.61
6940477401396~B~back_camera3-40.jpg 173 1029.15 880.17 792.74 660.81 472.83 438.72
