6922266452949-back_camera0-13.jpg 174 1445.15 1178.95 1103.49 1000.9 683.32 356.1
6922266452949-back_camera0-15.jpg 174 1428.61 1175.25 1045.37 995.65 766.49 359.2
6922266452949-back_camera0-10.jpg 174 1375.34 1180.77 1089.67 1000.46 571.33 360.62
6922266452949-back_camera0-12.jpg 174 1440.6 1177.27 1145.65 1002.05 589.9 350.45
6922266452949-back_camera0-14.jpg 174 1436.26 1175.37 1069.16 993.88 734.2 362.97
6922266452949-back_camera0-11.jpg 174 1413.57 1177.72 1136.39 994.59 554.36 366.27
6922266452949-back_camera0-18.jpg 174 1409.38 1167.27 1022.26 995.69 774.23 343.16
6922266452949-back_camera0-19.jpg 174 1410.02 1167.03 1032.61 1001.32 754.82 331.42
6922266452949-back_camera0-17.jpg 174 1419.34 1168.0 1023.37 993.35 791.94 349.3
6922266452949-back_camera0-1.jpg 174 1392.14 1162.5 1036.48 988.56 711.33 347.89
6922266452949-back_camera0-16.jpg 174 1425.53 1175.41 1033.06 1001.77 784.95 347.28
6922266452949-back_camera0-24.jpg 174 1421.3 1158.39 1034.52 990.81 773.56 335.16
6922266452949-back_camera0-22.jpg 174 1435.38 1158.14 1090.03 994.1 690.69 328.08
6922266452949-back_camera0-20.jpg 174 1394.7 1163.46 1052.17 1000.13 685.05 326.67
6922266452949-back_camera0-23.jpg 174 1429.01 1162.57 1052.13 997.82 753.76 329.5
6922266452949-back_camera0-21.jpg 174 1419.18 1160.84 1080.75 999.21 676.87 323.26
6922266452949-back_camera0-25.jpg 174 1415.23 1166.83 1024.91 996.52 780.63 340.62
6922266452949-back_camera0-27.jpg 174 1402.84 1168.93 1036.53 1006.13 732.62 325.61
6922266452949-back_camera0-26.jpg 174 1404.25 1166.47 1018.18 993.94 772.14 345.06
6922266452949-back_camera0-29.jpg 174 1383.88 1167.96 1088.25 996.02 591.26 343.88
6922266452949-back_camera0-2.jpg 174 1422.68 1164.49 1065.1 990.55 715.17 347.89
6922266452949-back_camera0-30.jpg 174 1395.95 1170.49 1123.42 995.83 545.05 349.32
6922266452949-back_camera0-28.jpg 174 1392.1 1166.88 1051.99 990.1 680.22 353.55
6922266452949-back_camera0-31.jpg 174 1442.76 1173.4 1170.24 997.38 545.05 352.04
6922266452949-back_camera0-35.jpg 174 1415.03 1170.29 1023.3 980.79 783.46 379.0
6922266452949-back_camera0-36.jpg 174 1403.1 1171.19 1016.44 992.66 773.32 357.06
6922266452949-back_camera0-37.jpg 174 1398.76 1173.19 998.55 989.35 800.43 367.69
6922266452949-back_camera0-34.jpg 174 1422.57 1174.5 1048.52 989.95 748.1 369.1
6922266452949-back_camera0-38.jpg 174 1385.6 1168.32 1008.98 993.09 753.24 350.45
6922266452949-back_camera0-3.jpg 174 1413.03 1163.96 1034.73 993.55 756.59 340.82
6922266452949-back_camera0-32.jpg 174 1440.26 1174.33 1127.6 994.87 625.32 358.91
6922266452949-back_camera0-33.jpg 174 1431.88 1170.82 1081.87 981.32 700.02 379.0
6922266452949-back_camera0-6.jpg 174 1391.22 1170.42 1012.89 995.59 756.67 349.66
6922266452949-back_camera0-39.jpg 174 1373.9 1166.43 1017.17 990.8 713.46 351.26
6922266452949-back_camera0-40.jpg 174 1384.53 1160.88 1029.57 981.98 709.92 357.79
6922266452949-back_camera0-4.jpg 174 1408.95 1163.28 1022.76 997.7 772.39 331.16
6922266452949-back_camera0-5.jpg 174 1400.06 1170.21 1004.89 993.24 790.33 353.95
6922266452949-back_camera0-9.jpg 174 1375.47 1173.46 1052.33 989.62 646.28 367.69
6922266452949-back_camera0-8.jpg 174 1379.68 1176.17 1032.4 1000.15 694.56 352.04
6922266452949-back_camera0-7.jpg 174 1382.08 1171.24 1008.73 987.6 746.69 367.28
6922266452949-back_camera1-12.jpg 174 1277.09 1091.95 969.52 766.03 615.14 651.84
6922266452949-back_camera1-11.jpg 174 1276.15 1090.84 996.14 773.35 560.02 634.97
6922266452949-back_camera1-14.jpg 174 1272.41 1094.47 911.65 759.61 721.52 669.72
6922266452949-back_camera1-10.jpg 174 1260.25 1095.03 1006.31 783.51 507.89 623.05
6922266452949-back_camera1-17.jpg 174 1260.01 1083.32 892.36 781.14 735.3 604.35
6922266452949-back_camera1-13.jpg 174 1280.16 1094.22 937.93 756.23 684.46 675.98
6922266452949-back_camera1-1.jpg 174 1276.53 1081.81 943.79 816.95 665.47 529.71
6922266452949-back_camera1-15.jpg 174 1267.17 1091.17 899.01 759.09 736.32 664.17
6922266452949-back_camera1-16.jpg 174 1264.31 1085.26 889.75 764.04 749.11 642.44
6922266452949-back_camera1-19.jpg 174 1259.82 1070.06 923.11 820.3 673.42 499.52
6922266452949-back_camera1-18.jpg 174 1262.42 1080.01 900.59 796.97 723.66 566.08
6922266452949-back_camera1-20.jpg 174 1267.34 1070.05 948.6 843.28 637.48 453.53
6922266452949-back_camera1-24.jpg 174 1262.68 1080.04 885.1 770.33 755.17 619.41
6922266452949-back_camera1-21.jpg 174 1282.45 1074.81 948.65 827.43 667.61 494.76
6922266452949-back_camera1-23.jpg 174 1269.07 1080.95 899.06 787.72 740.02 586.47
6922266452949-back_camera1-25.jpg 174 1261.51 1080.73 892.03 761.2 738.97 639.06
6922266452949-back_camera1-22.jpg 174 1275.76 1077.57 918.94 807.74 713.63 539.65
6922266452949-back_camera1-28.jpg 174 1250.88 1067.75 963.2 766.19 575.37 603.12
6922266452949-back_camera1-32.jpg 174 1282.85 1079.62 957.24 750.31 651.22 658.62
6922266452949-back_camera1-27.jpg 174 1250.62 1073.09 914.84 755.8 671.57 634.57
6922266452949-back_camera1-26.jpg 174 1252.27 1079.01 898.29 758.48 707.96 641.05
6922266452949-back_camera1-30.jpg 174 1287.8 1078.99 1026.88 765.75 521.83 626.48
6922266452949-back_camera1-31.jpg 174 1284.96 1079.92 990.8 759.86 588.32 640.12
6922266452949-back_camera1-29.jpg 174 1250.66 1074.67 995.4 771.33 510.52 606.68
6922266452949-back_camera1-33.jpg 174 1278.63 1082.54 932.67 743.98 691.92 677.12
6922266452949-back_camera1-3.jpg 174 1261.06 1094.9 886.3 773.18 749.52 643.45
6922266452949-back_camera1-2.jpg 174 1269.38 1089.58 908.62 794.63 721.52 589.9
6922266452949-back_camera1-36.jpg 174 1249.69 1081.19 873.52 755.93 752.34 650.52
6922266452949-back_camera1-40.jpg 174 1266.37 1078.9 931.77 828.35 669.19 501.1
6922266452949-back_camera1-39.jpg 174 1239.61 1073.27 906.6 825.1 666.02 496.34
6922266452949-back_camera1-34.jpg 174 1267.97 1082.02 897.45 739.08 741.03 685.88
6922266452949-back_camera1-35.jpg 174 1262.36 1081.55 887.4 748.52 749.92 666.06
6922266452949-back_camera1-6.jpg 174 1243.12 1103.2 884.21 755.39 717.82 695.62
6922266452949-back_camera1-8.jpg 174 1236.26 1097.87 922.31 755.64 627.9 684.46
6922266452949-back_camera1-7.jpg 174 1236.45 1102.32 896.44 757.46 680.02 689.72
6922266452949-back_camera1-4.jpg 174 1254.94 1098.59 881.5 762.41 746.89 672.36
6922266452949-back_camera1-37.jpg 174 1244.97 1077.18 880.34 773.32 729.26 607.72
6922266452949-back_camera1-38.jpg 174 1239.07 1073.99 887.64 789.38 702.85 569.21
6922266452949-back_camera2-10.jpg 174 1276.3 862.58 999.58 647.71 553.43 429.74
6922266452949-back_camera1-9.jpg 174 1237.97 1096.86 968.39 778.12 539.16 637.48
6922266452949-back_camera1-5.jpg 174 1248.2 1101.72 875.42 754.83 745.57 693.77
6922266452949-back_camera2-13.jpg 174 1270.36 862.72 935.2 561.5 670.32 602.44
6922266452949-back_camera2-11.jpg 174 1274.29 864.65 976.62 628.83 595.34 471.65
6922266452949-back_camera2-12.jpg 174 1279.5 864.35 956.67 597.01 645.67 534.67
6922266452949-back_camera2-16.jpg 174 1275.62 863.22 941.87 534.43 667.49 657.59
6922266452949-back_camera2-15.jpg 174 1278.27 863.62 937.86 537.09 680.82 653.07
6922266452949-back_camera2-14.jpg 174 1273.29 863.06 933.18 542.04 680.22 642.04
6922266452949-back_camera2-19.jpg 174 1272.0 856.45 1023.26 557.42 497.48 598.06
6922266452949-back_camera2-18.jpg 174 1275.62 854.75 991.37 533.02 568.5 643.45
6922266452949-back_camera2-24.jpg 174 1277.65 858.96 964.46 518.02 626.38 681.88
6922266452949-back_camera2-23.jpg 174 1278.89 856.68 978.38 518.69 601.03 675.98
6922266452949-back_camera2-17.jpg 174 1275.97 862.67 964.21 531.47 623.52 662.41
6922266452949-back_camera2-20.jpg 174 1272.5 851.26 1063.97 578.51 417.06 545.5
6922266452949-back_camera2-1.jpg 174 1271.75 858.25 1037.2 558.85 469.1 598.8
6922266452949-back_camera2-26.jpg 174 1271.5 857.99 937.81 539.25 667.38 637.48
6922266452949-back_camera2-22.jpg 174 1280.06 854.97 1011.27 532.01 537.57 645.92
6922266452949-back_camera2-25.jpg 174 1270.83 857.46 941.73 524.11 658.2 666.69
6922266452949-back_camera2-28.jpg 174 1268.39 856.07 955.77 591.02 625.24 530.1
6922266452949-back_camera2-2.jpg 174 1271.68 864.68 999.16 540.51 545.05 648.35
6922266452949-back_camera2-27.jpg 174 1272.51 854.19 940.98 547.52 663.05 613.35
6922266452949-back_camera2-21.jpg 174 1279.05 857.19 1045.94 555.44 466.21 603.5
6922266452949-back_camera2-29.jpg 174 1263.6 853.33 970.15 617.87 586.89 470.92
6922266452949-back_camera2-32.jpg 174 1273.38 852.2 948.53 566.08 649.71 572.23
6922266452949-back_camera2-31.jpg 174 1270.89 849.56 955.77 592.18 630.25 514.76
6922266452949-back_camera2-30.jpg 174 1271.14 855.19 981.26 630.25 579.76 449.88
6922266452949-back_camera2-35.jpg 174 1268.06 853.7 938.22 525.44 659.68 656.51
6922266452949-back_camera2-37.jpg 174 1261.27 853.03 964.29 525.14 593.96 655.78
6922266452949-back_camera2-34.jpg 174 1271.56 857.26 937.75 536.15 667.61 642.23
6922266452949-back_camera2-39.jpg 174 1265.91 863.98 1036.88 581.26 458.06 565.44
6922266452949-back_camera2-3.jpg 174 1272.93 868.74 979.34 533.69 587.19 670.1
6922266452949-back_camera2-36.jpg 174 1262.39 857.18 941.92 523.24 640.94 667.88
6922266452949-back_camera2-33.jpg 174 1271.01 855.04 936.41 548.19 669.19 613.69
6922266452949-back_camera2-4.jpg 174 1268.44 867.37 950.0 522.79 636.89 689.15
6922266452949-back_camera2-5.jpg 174 1270.9 866.5 943.33 529.41 655.15 674.18
6922266452949-back_camera2-40.jpg 174 1267.74 855.85 1043.49 565.54 448.5 580.62
6922266452949-back_camera2-8.jpg 174 1268.18 864.66 949.44 583.98 637.48 561.36
6922266452949-back_camera2-38.jpg 174 1264.31 862.12 999.45 554.23 529.71 615.77
6922266452949-back_camera2-7.jpg 174 1270.17 862.82 941.24 558.35 657.87 608.93
6922266452949-back_camera2-6.jpg 174 1269.76 866.36 938.84 537.26 661.84 658.2
6922266452949-back_camera2-9.jpg 174 1270.37 866.56 969.75 615.04 601.23 503.04
6922266452949-back_camera3-10.jpg 174 1417.87 1252.81 1054.86 1037.98 726.02 429.66
6922266452949-back_camera3-17.jpg 174 1385.76 1253.13 1084.46 1013.68 602.59 478.9
6922266452949-back_camera3-12.jpg 174 1410.25 1254.19 1038.29 1026.65 743.92 455.08
6922266452949-back_camera3-11.jpg 174 1414.36 1249.37 1051.23 1025.98 726.25 446.77
6922266452949-back_camera3-15.jpg 174 1395.95 1254.27 1032.45 1011.94 726.99 484.66
6922266452949-back_camera3-13.jpg 174 1407.54 1257.08 1031.94 1019.67 751.19 474.82
6922266452949-back_camera3-16.jpg 174 1387.96 1255.89 1054.33 1012.2 667.27 487.39
6922266452949-back_camera3-20.jpg 174 1442.93 1265.33 1139.29 1019.26 607.29 492.14
6922266452949-back_camera3-22.jpg 174 1439.1 1264.95 1094.99 1023.92 688.22 482.07
6922266452949-back_camera3-18.jpg 174 1390.67 1253.1 1123.47 1014.44 534.4 477.32
6922266452949-back_camera3-19.jpg 174 1429.15 1259.22 1158.12 1017.79 542.07 482.87
6922266452949-back_camera3-14.jpg 174 1404.33 1256.97 1031.67 1017.52 745.31 478.9
6922266452949-back_camera3-21.jpg 174 1443.32 1264.65 1114.96 1018.96 656.72 491.39
6922266452949-back_camera3-1.jpg 174 1400.12 1258.5 1068.81 1022.16 662.63 472.69
6922266452949-back_camera3-24.jpg 174 1415.39 1263.61 1039.57 1028.91 751.65 469.39
6922266452949-back_camera3-27.jpg 174 1386.2 1255.37 1029.4 1042.65 713.59 425.44
6922266452949-back_camera3-2.jpg 174 1400.83 1257.83 1038.53 1018.18 724.6 479.29
6922266452949-back_camera3-23.jpg 174 1427.91 1265.8 1063.18 1025.55 729.45 480.49
6922266452949-back_camera3-32.jpg 174 1391.12 1257.02 1020.84 1056.42 740.55 401.2
6922266452949-back_camera3-28.jpg 174 1380.18 1245.41 1042.55 1051.15 675.27 388.51
6922266452949-back_camera3-25.jpg 174 1406.98 1261.42 1026.19 1029.73 761.58 463.39
6922266452949-back_camera3-26.jpg 174 1394.38 1257.64 1024.1 1035.63 740.55 444.01
6922266452949-back_camera3-29.jpg 174 1392.51 1243.36 1055.73 1054.76 673.55 377.19
6922266452949-back_camera3-30.jpg 174 1403.42 1251.28 1060.04 1061.14 686.77 380.27
6922266452949-back_camera3-34.jpg 174 1368.86 1266.72 1000.96 1042.34 735.79 448.77
6922266452949-back_camera3-35.jpg 174 1358.8 1269.02 999.6 1038.51 718.4 461.02
6922266452949-back_camera3-36.jpg 174 1353.92 1266.16 1024.61 1033.98 658.62 464.36
6922266452949-back_camera3-31.jpg 174 1398.31 1253.83 1037.69 1059.28 721.23 389.1
6922266452949-back_camera3-33.jpg 174 1377.4 1260.11 1000.78 1042.86 753.24 434.5
6922266452949-back_camera3-38.jpg 174 1351.68 1263.64 1080.51 1022.08 542.35 483.13
6922266452949-back_camera3-40.jpg 174 1401.46 1258.29 1097.79 1021.22 607.35 474.14
6922266452949-back_camera3-3.jpg 174 1394.41 1254.86 1017.78 1014.33 753.27 481.05
6922266452949-back_camera3-39.jpg 174 1395.39 1260.72 1129.91 1020.21 530.97 481.02
6922266452949-back_camera3-37.jpg 174 1343.96 1266.38 1040.58 1025.85 606.77 481.05
6922266452949-back_camera3-4.jpg 174 1388.87 1256.75 1004.98 1027.35 767.77 458.81
6922266452949-back_camera3-6.jpg 174 1379.75 1253.83 990.51 1034.75 778.48 438.16
6922266452949-back_camera3-8.jpg 174 1372.83 1252.22 1031.0 1056.37 683.66 391.7
6922266452949-back_camera3-5.jpg 174 1382.21 1255.09 996.87 1031.49 770.68 447.19
6922266452949_camera0-12.jpg 174 1434.57 1176.74 1119.23 997.52 630.67 358.45
6922266452949_camera0-10.jpg 174 1361.57 1180.45 1076.55 999.66 570.04 361.59
6922266452949-back_camera3-7.jpg 174 1371.41 1251.05 1003.06 1043.09 736.7 415.92
6922266452949_camera0-11.jpg 174 1416.42 1180.4 1126.72 1001.0 579.41 358.8
6922266452949-back_camera3-9.jpg 174 1390.74 1242.2 1053.76 1048.74 673.95 386.93
6922266452949_camera0-18.jpg 174 1428.31 1174.84 1034.51 1000.42 787.6 348.83
6922266452949_camera0-16.jpg 174 1436.86 1177.26 1038.06 999.07 797.6 356.37
6922266452949_camera0-13.jpg 174 1439.11 1178.8 1095.0 1002.78 688.22 352.04
6922266452949_camera0-15.jpg 174 1438.89 1176.78 1047.97 999.81 781.84 353.95
6922266452949_camera0-14.jpg 174 1438.63 1176.18 1065.49 997.51 746.28 357.34
6922266452949_camera0-17.jpg 174 1436.05 1175.69 1043.57 999.67 784.95 352.04
6922266452949_camera0-20.jpg 174 1448.51 1171.47 1091.53 1003.59 713.96 335.77
6922266452949_camera0-1.jpg 174 1377.03 1166.32 1027.37 1001.4 699.32 329.84
6922266452949_camera0-19.jpg 174 1425.85 1165.07 1062.81 998.4 726.08 333.34
6922266452949_camera0-24.jpg 174 1450.43 1179.07 1056.93 1007.8 786.99 342.53
6922266452949_camera0-22.jpg 174 1467.47 1175.68 1087.44 1001.98 760.05 347.41
6922266452949_camera0-25.jpg 174 1437.62 1177.48 1043.06 1000.51 789.11 353.95
6922266452949_camera0-27.jpg 174 1415.57 1174.89 1061.49 997.51 708.16 354.76
6922266452949_camera0-32.jpg 174 1438.39 1172.19 1116.45 992.3 643.88 359.79
6922266452949_camera0-23.jpg 174 1460.7 1174.7 1069.81 1006.61 781.78 336.18
6922266452949_camera0-21.jpg 174 1469.84 1174.11 1108.25 1004.55 723.18 339.11
6922266452949_camera0-26.jpg 174 1427.1 1173.41 1048.3 989.77 757.6 367.28
6922266452949_camera0-29.jpg 174 1395.12 1173.6 1107.3 995.2 575.63 356.8
6922266452949_camera0-28.jpg 174 1406.1 1174.49 1077.26 994.75 657.68 359.49
6922266452949_camera0-35.jpg 174 1403.67 1170.9 1024.67 994.09 758.0 353.63
6922266452949_camera0-30.jpg 174 1423.16 1171.75 1147.39 991.14 551.53 361.22
6922266452949_camera0-36.jpg 174 1390.88 1169.7 1007.13 991.3 767.51 356.8
6922266452949_camera0-33.jpg 174 1428.78 1172.01 1075.43 991.4 706.69 361.22
6922266452949_camera0-2.jpg 174 1394.47 1167.2 1032.23 1002.06 724.47 330.29
6922266452949_camera0-34.jpg 174 1417.91 1174.04 1046.99 990.66 741.84 366.76
6922266452949_camera0-31.jpg 174 1447.5 1171.5 1160.74 991.12 573.52 360.76
6922266452949_camera0-37.jpg 174 1370.62 1170.3 982.9 992.84 775.45 354.91
6922266452949_camera0-39.jpg 174 1350.71 1167.09 990.7 996.17 720.02 341.83
6922266452949_camera0-38.jpg 174 1356.78 1164.94 978.48 985.34 756.59 359.2
6922266452949_camera0-6.jpg 174 1362.48 1178.61 969.67 1005.99 785.63 345.24
6922266452949_camera0-5.jpg 174 1370.69 1172.98 970.12 1001.08 801.14 343.79
6922266452949_camera0-3.jpg 174 1386.76 1168.52 1003.01 998.84 767.51 339.35
6922266452949_camera0-40.jpg 174 1358.8 1164.83 996.06 997.95 725.48 333.75
6922266452949_camera0-4.jpg 174 1382.76 1170.87 987.91 1005.72 789.71 330.29
6922266452949_camera0-7.jpg 174 1354.89 1175.46 973.06 996.67 763.66 357.59
6922266452949_camera1-10.jpg 174 1270.02 1107.71 1013.92 796.9 512.2 621.62
6922266452949_camera1-11.jpg 174 1282.43 1122.28 992.53 792.78 579.81 659.01
6922266452949_camera0-8.jpg 174 1354.66 1180.47 1001.04 1006.04 707.25 348.87
6922266452949_camera1-13.jpg 174 1285.09 1124.5 940.98 780.39 688.22 688.22
6922266452949_camera1-14.jpg 174 1288.27 1126.85 928.26 774.11 720.02 705.47
6922266452949_camera1-12.jpg 174 1282.49 1124.69 967.36 785.82 630.25 677.74
6922266452949_camera1-15.jpg 174 1286.45 1121.09 920.6 776.82 731.7 688.53
6922266452949_camera1-17.jpg 174 1278.23 1111.83 911.56 793.03 733.35 637.59
6922266452949_camera1-1.jpg 174 1243.83 1090.65 908.44 833.76 670.78 513.79
6922266452949_camera1-21.jpg 174 1306.03 1098.22 951.78 805.49 708.5 585.47
6922266452949_camera1-16.jpg 174 1280.03 1118.09 904.98 785.23 750.09 665.71
6922266452949_camera1-24.jpg 174 1282.9 1089.55 913.8 745.91 738.2 687.29
6922266452949_camera1-19.jpg 174 1287.17 1087.45 961.97 844.33 650.41 486.25
6922266452949_camera1-20.jpg 174 1307.6 1094.37 979.34 839.51 656.51 509.71
6922266452949_camera1-18.jpg 174 1275.68 1101.63 929.66 811.53 692.04 580.2
6922266452949_camera1-23.jpg 174 1291.43 1094.06 917.72 771.22 747.42 645.67
6922266452949_camera1-22.jpg 174 1301.76 1094.11 932.87 786.0 737.77 616.22
6922266452949_camera1-26.jpg 174 1268.26 1072.21 928.77 729.95 678.97 684.52
6922266452949_camera1-28.jpg 174 1256.47 1062.36 982.14 744.41 548.67 635.89
6922266452949_camera1-25.jpg 174 1277.76 1080.89 918.58 735.2 718.35 691.39
6922266452949_camera1-27.jpg 174 1263.83 1068.29 956.19 732.11 615.28 672.36
6922266452949_camera1-30.jpg 174 1284.91 1063.81 1021.04 762.88 527.75 601.86
6922266452949_camera1-2.jpg 174 1240.7 1099.63 883.91 817.37 713.59 564.53
6922266452949_camera1-31.jpg 174 1278.07 1074.17 981.13 767.06 593.87 614.22
6922266452949_camera1-29.jpg 174 1267.91 1056.36 1017.53 753.11 500.76 606.5
6922266452949_camera1-32.jpg 174 1269.07 1079.2 945.57 760.46 646.99 637.48
6922266452949_camera1-34.jpg 174 1250.71 1074.16 890.52 757.46 720.39 633.4
6922266452949_camera1-33.jpg 174 1259.81 1073.41 916.49 754.67 686.64 637.48
6922266452949_camera1-36.jpg 174 1231.12 1071.62 868.78 775.87 724.69 591.49
6922266452949_camera1-35.jpg 174 1237.3 1073.6 863.95 758.24 746.69 630.72
6922266452949_camera1-40.jpg 174 1244.35 1083.09 912.53 837.22 663.63 491.73
6922266452949_camera1-3.jpg 174 1234.73 1110.26 863.66 801.71 742.14 617.09
6922266452949_camera1-38.jpg 174 1214.1 1069.06 876.43 811.91 675.34 514.3
6922266452949_camera1-4.jpg 174 1229.7 1116.67 855.07 792.91 749.27 647.52
6922266452949_camera1-39.jpg 174 1224.18 1071.38 894.68 840.16 659.01 462.44
6922266452949_camera1-37.jpg 174 1222.8 1070.33 873.93 791.23 697.74 558.19
6922266452949_camera1-8.jpg 174 1224.9 1125.53 913.08 793.91 623.65 663.25
6922266452949_camera1-6.jpg 174 1223.24 1125.4 865.25 787.77 715.97 675.27
6922266452949_camera1-7.jpg 174 1224.26 1128.9 889.4 792.19 669.72 673.42
6922266452949_camera1-5.jpg 174 1226.23 1123.95 853.09 786.06 746.28 675.78
6922266452949_camera1-9.jpg 174 1226.26 1118.4 963.02 802.04 526.47 632.72
6922266452949_camera2-10.jpg 174 1301.56 870.77 1026.43 657.49 550.26 426.57
6922266452949_camera2-13.jpg 174 1299.66 856.16 961.67 542.92 675.98 626.48
6922266452949_camera2-17.jpg 174 1286.42 840.82 986.71 516.53 599.42 648.58
6922266452949_camera2-11.jpg 174 1298.95 861.11 995.61 609.38 606.68 503.45
6922266452949_camera2-12.jpg 174 1300.12 860.03 980.98 579.74 638.27 560.57
6922266452949_camera2-14.jpg 174 1292.79 851.82 955.81 528.78 673.96 646.08
6922266452949_camera2-19.jpg 174 1279.59 833.47 1061.55 552.79 436.08 561.36
6922266452949_camera2-15.jpg 174 1287.26 850.66 941.75 517.66 691.02 666.0
6922266452949_camera2-16.jpg 174 1292.26 845.43 968.26 510.49 648.0 669.88
6922266452949_camera2-1.jpg 174 1274.11 889.29 1028.31 586.41 491.59 605.76
6922266452949_camera2-21.jpg 174 1272.49 841.45 1009.26 525.89 526.47 631.13
6922266452949_camera2-24.jpg 174 1258.89 838.59 932.68 506.26 652.43 664.66
6922266452949_camera2-20.jpg 174 1278.85 836.14 1047.57 548.61 462.56 575.07
6922266452949_camera2-23.jpg 174 1266.78 838.83 942.58 506.38 648.4 664.9
6922266452949_camera2-18.jpg 174 1285.68 840.5 1010.02 524.14 551.32 632.72
6922266452949_camera2-25.jpg 174 1256.53 843.43 917.83 518.88 677.39 649.11
6922266452949_camera2-32.jpg 174 1247.39 873.12 916.47 578.27 661.84 589.71
6922266452949_camera2-22.jpg 174 1265.12 836.36 970.62 506.38 589.01 659.95
6922266452949_camera2-26.jpg 174 1252.73 845.12 921.57 537.09 662.32 616.07
6922266452949_camera2-35.jpg 174 1243.95 885.31 912.88 550.38 662.15 669.85
6922266452949_camera2-27.jpg 174 1244.3 849.39 919.44 565.14 649.72 568.5
6922266452949_camera2-29.jpg 174 1241.67 851.92 956.01 630.6 571.33 442.64
6922266452949_camera2-31.jpg 174 1247.41 862.99 933.98 595.55 626.86 534.89
6922266452949_camera2-37.jpg 174 1250.87 888.68 960.25 565.54 581.23 646.28
6922266452949_camera2-30.jpg 174 1247.33 861.11 956.01 622.11 582.64 477.99
6922266452949_camera2-2.jpg 174 1282.69 891.51 1002.68 565.54 560.02 651.94
6922266452949_camera2-28.jpg 174 1242.38 852.62 930.56 595.24 623.65 514.76
6922266452949_camera2-33.jpg 174 1246.77 873.06 908.7 557.92 676.13 630.29
6922266452949_camera2-39.jpg 174 1254.4 903.53 1030.96 610.8 446.88 585.47
6922266452949_camera2-34.jpg 174 1248.04 876.66 910.76 544.33 674.56 664.67
6922266452949_camera2-36.jpg 174 1249.45 884.44 934.8 549.99 629.31 668.91
6922266452949_camera2-38.jpg 174 1254.0 886.96 995.81 577.26 516.38 619.41
6922266452949_camera2-3.jpg 174 1286.73 894.85 982.48 553.02 608.5 683.66
6922266452949_camera2-4.jpg 174 1285.74 889.15 962.37 534.43 646.75 709.45
6922266452949_camera2-40.jpg 174 1264.31 889.39 1026.72 588.17 475.17 602.44
6922266452949_camera2-5.jpg 174 1287.48 889.29 950.81 547.75 673.35 683.07
6922266452949_camera3-10.jpg 174 1408.62 1355.8 1096.22 1110.8 624.79 490.0
6922266452949_camera3-11.jpg 174 1410.66 1361.55 1066.55 1116.41 688.22 490.27
6922266452949_camera2-6.jpg 174 1290.85 887.75 958.63 565.05 664.44 645.41
6922266452949_camera3-13.jpg 174 1409.12 1365.35 1023.84 1118.21 770.55 494.27
6922266452949_camera3-14.jpg 174 1406.9 1363.76 1015.62 1123.25 782.57 481.02
6922266452949_camera2-8.jpg 174 1296.54 881.87 978.59 605.15 635.89 553.43
6922266452949_camera2-7.jpg 174 1290.48 882.82 963.02 582.32 654.92 601.0
6922266452949_camera3-15.jpg 174 1404.7 1360.32 1013.02 1122.45 783.37 475.73
6922266452949_camera2-9.jpg 174 1296.72 874.86 1002.45 634.27 588.55 481.17
6922266452949_camera3-18.jpg 174 1397.08 1342.65 1049.0 1141.26 696.15 402.78
6922266452949_camera3-17.jpg 174 1394.51 1349.38 1025.48 1137.34 738.06 424.08
6922266452949_camera3-12.jpg 174 1412.24 1362.73 1044.35 1117.73 735.79 490.0
6922266452949_camera3-20.jpg 174 1437.9 1346.67 1062.08 1123.08 751.65 447.19
6922266452949_camera3-16.jpg 174 1403.39 1358.65 1012.21 1127.48 782.36 462.35
6922266452949_camera3-22.jpg 174 1421.65 1348.08 1028.52 1106.65 786.27 482.86
6922266452949_camera3-25.jpg 174 1385.18 1342.87 1022.75 1088.92 724.87 507.89
6922266452949_camera3-23.jpg 174 1409.32 1350.45 1020.81 1103.46 777.02 493.97
6922266452949_camera3-1.jpg 174 1357.13 1351.47 967.53 1129.44 779.21 444.05
6922266452949_camera3-24.jpg 174 1397.91 1342.83 1021.29 1094.66 753.24 496.34
6922266452949_camera3-19.jpg 174 1444.42 1342.94 1090.8 1136.79 707.25 412.3
6922266452949_camera3-21.jpg 174 1428.45 1348.58 1032.48 1110.29 791.94 476.58
6922266452949_camera3-27.jpg 174 1368.88 1333.64 1082.12 1095.91 573.52 475.46
6922266452949_camera3-28.jpg 174 1392.9 1331.58 1117.1 1094.77 551.6 473.61
6922266452949_camera3-29.jpg 174 1417.9 1330.81 1135.77 1093.08 564.27 475.46
6922266452949_camera3-26.jpg 174 1376.9 1338.66 1046.51 1092.63 660.79 492.05
6922266452949_camera3-2.jpg 174 1349.51 1354.76 955.45 1133.55 788.12 442.43
6922266452949_camera3-32.jpg 174 1389.59 1342.11 1021.69 1105.83 735.79 472.56
6922266452949_camera3-35.jpg 174 1344.67 1338.01 959.86 1113.23 769.62 449.56
6922266452949_camera3-33.jpg 174 1373.74 1341.26 991.61 1106.5 764.27 469.52
6922266452949_camera3-31.jpg 174 1401.73 1341.68 1047.17 1098.04 709.11 487.29
6922266452949_camera3-34.jpg 174 1363.15 1342.1 975.6 1112.16 775.1 459.88
6922266452949_camera3-30.jpg 174 1410.89 1335.68 1091.36 1097.82 639.06 475.73
6922266452949_camera3-36.jpg 174 1331.9 1338.04 956.13 1121.67 751.54 432.74
6922266452949_camera3-39.jpg 174 1366.66 1337.75 1014.23 1137.94 704.87 399.61
6922266452949_camera3-37.jpg 174 1320.72 1336.3 965.56 1135.08 710.32 402.44
6922266452949_camera3-40.jpg 174 1359.99 1345.31 985.75 1138.37 748.48 413.88
6922266452949_camera3-3.jpg 174 1341.04 1361.12 938.6 1120.5 804.87 481.23
6922266452949_camera3-6.jpg 174 1328.78 1363.87 973.57 1116.49 710.42 494.76
6922266452949_camera3-38.jpg 174 1338.55 1332.85 981.57 1134.66 713.96 396.37
6922266452949_camera3-4.jpg 174 1333.84 1362.08 938.19 1121.04 791.3 482.07
6922266452949_camera3-7.jpg 174 1330.21 1359.6 1007.51 1114.6 645.41 490.0
6922266452949_camera3-5.jpg 174 1331.66 1364.91 949.13 1113.89 765.07 502.03
6922266452949_camera3-8.jpg 174 1335.32 1358.21 1051.33 1114.0 567.97 488.42
6922266452949_camera3-9.jpg 174 1387.33 1354.75 1099.54 1108.68 575.57 492.14
