6914068016115-back_camera0-10.jpg 175 1356.15 1130.61 1008.85 889.73 694.6 481.76
6914068016115-back_camera0-11.jpg 175 1353.59 1132.43 1068.13 894.9 570.91 475.06
6914068016115-back_camera0-12.jpg 175 1418.37 1131.87 1136.3 891.16 564.13 481.41
6914068016115-back_camera0-13.jpg 175 1439.24 1131.65 1112.29 898.29 653.9 466.73
6914068016115-back_camera0-16.jpg 175 1426.88 1130.44 975.96 896.47 901.85 467.94
6914068016115-back_camera0-15.jpg 175 1440.18 1132.1 1018.1 894.56 844.16 475.07
6914068016115-back_camera0-14.jpg 175 1438.13 1131.92 1061.75 898.86 752.77 466.13
6914068016115-back_camera0-17.jpg 175 1414.74 1126.66 941.22 887.02 947.03 479.29
6914068016115-back_camera0-18.jpg 175 1394.5 1122.95 901.16 887.25 986.68 471.41
6914068016115-back_camera0-20.jpg 175 1381.2 1119.6 903.34 897.68 955.73 443.84
6914068016115-back_camera0-19.jpg 175 1386.38 1120.16 889.76 890.0 993.23 460.32
6914068016115-back_camera0-21.jpg 175 1382.38 1118.65 903.81 896.03 957.15 445.25
6914068016115-back_camera0-23.jpg 175 1425.56 1119.73 949.69 895.58 951.74 448.3
6914068016115-back_camera0-24.jpg 175 1415.6 1122.62 923.64 896.8 983.92 451.63
6914068016115-back_camera0-27.jpg 175 1378.38 1133.78 917.64 893.9 921.47 479.76
6914068016115-back_camera0-28.jpg 175 1373.62 1136.51 943.35 897.07 860.53 478.88
6914068016115-back_camera0-30.jpg 175 1369.63 1138.99 1030.58 893.98 678.1 490.01
6914068016115-back_camera0-31.jpg 175 1392.64 1137.05 1100.65 881.88 583.99 510.33
6914068016115-back_camera0-29.jpg 175 1369.15 1140.15 978.49 896.26 781.32 487.79
6914068016115-back_camera0-34.jpg 175 1457.1 1127.83 1045.41 873.98 823.37 507.7
6914068016115-back_camera0-32.jpg 175 1450.53 1131.78 1158.53 879.24 583.99 505.07
6914068016115-back_camera0-2.jpg 175 1434.38 1113.22 962.9 893.43 942.97 439.58
6914068016115-back_camera0-33.jpg 175 1459.72 1138.36 1103.28 881.88 712.89 512.96
6914068016115-back_camera0-35.jpg 175 1467.62 1134.41 1024.37 884.51 886.51 499.81
6914068016115-back_camera0-37.jpg 175 1453.21 1133.47 976.16 895.86 954.11 475.23
6914068016115-back_camera0-38.jpg 175 1434.73 1134.41 932.29 881.88 1004.88 505.07
6914068016115-back_camera0-36.jpg 175 1465.19 1140.36 1000.95 896.63 928.48 487.45
6914068016115-back_camera0-39.jpg 175 1427.53 1126.92 933.35 895.79 988.35 462.27
6914068016115-back_camera0-8.jpg 175 1366.32 1130.23 940.21 896.26 852.22 467.94
6914068016115-back_camera0-9.jpg 175 1357.95 1128.44 963.28 887.25 789.34 482.38
6914068016115-back_camera0-7.jpg 175 1379.78 1127.16 921.06 892.48 917.45 469.36
6914068016115-back_camera1-16.jpg 175 1266.35 1074.22 816.84 659.46 899.01 829.53
6914068016115-back_camera1-14.jpg 175 1282.97 1075.88 889.24 640.79 787.46 870.18
6914068016115-back_camera1-13.jpg 175 1291.1 1073.62 925.51 623.89 731.18 899.46
6914068016115-back_camera1-17.jpg 175 1256.42 1066.43 789.9 675.06 933.05 782.74
6914068016115-back_camera1-18.jpg 175 1244.78 1063.61 768.06 699.79 953.45 727.63
6914068016115-back_camera1-20.jpg 175 1231.86 1060.99 774.48 764.12 914.76 593.73
6914068016115-back_camera1-21.jpg 175 1258.55 1059.34 798.41 794.17 920.28 530.33
6914068016115-back_camera1-1.jpg 175 1294.61 1034.41 847.33 775.53 894.56 517.77
6914068016115-back_camera1-19.jpg 175 1237.78 1062.86 767.0 731.04 941.55 663.63
6914068016115-back_camera1-23.jpg 175 1268.42 1080.24 784.52 728.51 967.8 703.46
6914068016115-back_camera1-22.jpg 175 1276.95 1054.65 810.1 749.82 933.69 609.67
6914068016115-back_camera1-26.jpg 175 1244.97 1095.16 793.05 660.29 903.84 869.74
6914068016115-back_camera1-24.jpg 175 1262.09 1087.69 787.06 704.83 950.06 765.72
6914068016115-back_camera1-2.jpg 175 1291.88 1040.0 834.39 736.66 914.98 606.68
6914068016115-back_camera1-31.jpg 175 1302.08 1079.61 1047.03 651.33 510.09 856.56
6914068016115-back_camera1-33.jpg 175 1322.87 1080.53 964.02 633.42 717.7 894.23
6914068016115-back_camera1-36.jpg 175 1317.21 1070.72 844.27 641.3 945.89 858.84
6914068016115-back_camera1-34.jpg 175 1316.63 1071.12 910.76 624.94 811.74 892.35
6914068016115-back_camera1-37.jpg 175 1302.51 1057.2 832.44 669.38 940.14 775.65
6914068016115-back_camera1-35.jpg 175 1317.98 1072.85 884.55 641.89 866.87 861.91
6914068016115-back_camera1-4.jpg 175 1272.41 1046.26 808.36 678.26 928.11 736.01
6914068016115-back_camera1-40.jpg 175 1274.98 1040.31 821.69 758.24 906.58 564.13
6914068016115-back_camera1-5.jpg 175 1264.3 1052.49 807.29 649.92 914.03 805.14
6914068016115-back_camera1-3.jpg 175 1280.85 1042.34 806.03 695.1 949.64 694.47
6914068016115-back_camera1-38.jpg 175 1291.52 1048.59 815.07 693.73 952.9 709.71
6914068016115-back_camera1-39.jpg 175 1285.01 1040.87 823.11 720.34 923.8 641.05
6914068016115-back_camera1-6.jpg 175 1253.38 1058.62 811.67 636.76 883.42 843.71
6914068016115-back_camera1-9.jpg 175 1236.44 1061.01 910.52 626.09 651.84 869.84
6914068016115-back_camera1-7.jpg 175 1244.89 1058.13 834.44 619.98 820.91 876.31
6914068016115-back_camera2-11.jpg 175 1153.7 789.41 744.84 566.48 817.73 445.86
6914068016115-back_camera2-12.jpg 175 1164.18 792.14 734.97 518.33 858.43 547.62
6914068016115-back_camera2-15.jpg 175 1166.13 793.46 719.84 390.89 892.58 805.14
6914068016115-back_camera2-19.jpg 175 1175.65 796.25 862.14 353.06 627.02 886.38
6914068016115-back_camera2-1.jpg 175 1169.36 758.47 957.83 342.98 423.05 830.98
6914068016115-back_camera2-18.jpg 175 1176.63 799.33 817.65 353.72 717.97 891.21
6914068016115-back_camera2-17.jpg 175 1175.65 800.02 781.56 358.09 788.18 883.87
6914068016115-back_camera2-21.jpg 175 1186.32 795.93 964.41 380.99 443.82 829.89
6914068016115-back_camera2-22.jpg 175 1185.64 788.02 907.71 351.28 555.86 873.49
6914068016115-back_camera2-23.jpg 175 1192.02 786.18 872.21 340.47 639.61 891.42
6914068016115-back_camera2-24.jpg 175 1189.5 786.18 819.33 340.47 740.33 891.42
6914068016115-back_camera2-28.jpg 175 1205.87 768.55 758.9 410.97 893.94 715.15
6914068016115-back_camera2-26.jpg 175 1195.25 777.91 760.02 356.19 870.46 843.44
6914068016115-back_camera2-27.jpg 175 1195.79 773.58 751.34 383.27 888.9 780.62
6914068016115-back_camera2-33.jpg 175 1179.86 765.58 736.02 433.76 887.67 663.63
6914068016115-back_camera2-32.jpg 175 1183.2 764.78 751.34 489.04 863.72 551.47
6914068016115-back_camera2-39.jpg 175 1164.32 753.44 854.59 310.25 619.46 886.38
6914068016115-back_camera2-3.jpg 175 1162.84 770.07 839.53 324.81 646.61 890.51
6914068016115-back_camera2-4.jpg 175 1159.28 772.33 796.67 322.84 725.22 898.97
6914068016115-back_camera2-38.jpg 175 1166.88 754.93 809.55 300.82 714.67 908.23
6914068016115-back_camera2-5.jpg 175 1160.53 769.81 761.41 335.43 798.25 868.76
6914068016115-back_camera2-6.jpg 175 1150.3 774.55 720.65 349.86 859.31 849.38
6914068016115-back_camera3-10.jpg 175 1408.57 1219.3 955.31 967.48 906.53 503.63
6914068016115-back_camera2-7.jpg 175 1151.01 776.44 707.89 376.57 886.25 799.75
6914068016115-back_camera3-11.jpg 175 1399.63 1226.66 935.95 955.82 927.37 541.68
6914068016115-back_camera3-13.jpg 175 1375.45 1240.29 915.31 943.22 920.28 594.14
6914068016115-back_camera2-9.jpg 175 1142.27 781.88 694.18 462.83 896.18 638.1
6914068016115-back_camera3-12.jpg 175 1387.48 1233.79 919.54 950.19 935.88 567.2
6914068016115-back_camera3-14.jpg 175 1363.3 1247.17 912.88 938.65 900.83 617.05
6914068016115-back_camera3-15.jpg 175 1353.63 1252.88 925.48 945.53 856.31 614.71
6914068016115-back_camera3-16.jpg 175 1350.18 1251.71 957.75 941.3 784.87 620.83
6914068016115-back_camera3-19.jpg 175 1380.88 1243.22 1118.99 934.75 523.77 616.94
6914068016115-back_camera3-17.jpg 175 1344.74 1248.54 994.73 932.47 700.02 632.14
6914068016115-back_camera3-18.jpg 175 1343.99 1250.16 1029.63 929.23 628.71 641.86
6914068016115-back_camera3-24.jpg 175 1421.16 1240.7 980.49 944.82 881.35 591.76
6914068016115-back_camera3-1.jpg 175 1448.86 1245.73 1126.54 939.78 644.64 611.91
6914068016115-back_camera3-27.jpg 175 1389.75 1231.55 908.1 941.4 963.3 580.3
6914068016115-back_camera3-22.jpg 175 1434.65 1241.24 1052.62 927.19 764.07 628.09
6914068016115-back_camera3-26.jpg 175 1388.7 1231.74 911.25 950.27 954.9 562.94
6914068016115-back_camera3-21.jpg 175 1435.44 1246.36 1098.16 932.41 674.56 627.9
6914068016115-back_camera3-20.jpg 175 1432.5 1240.7 1151.73 929.71 561.54 621.98
6914068016115-back_camera3-28.jpg 175 1382.9 1219.14 927.79 975.86 910.23 486.57
6914068016115-back_camera3-23.jpg 175 1430.45 1246.87 1009.73 937.87 841.44 618.0
6914068016115-back_camera3-25.jpg 175 1409.84 1241.95 945.24 954.89 929.19 574.13
6914068016115-back_camera3-29.jpg 175 1392.88 1210.72 938.92 982.82 907.93 455.79
6914068016115-back_camera3-2.jpg 175 1443.83 1253.29 1066.11 942.3 755.44 621.98
6914068016115-back_camera3-30.jpg 175 1415.23 1216.86 962.69 971.5 905.08 490.72
6914068016115-back_camera3-31.jpg 175 1407.31 1224.33 950.27 970.0 914.08 508.66
6914068016115-back_camera3-32.jpg 175 1401.76 1230.0 934.43 954.7 934.67 550.59
6914068016115-back_camera3-33.jpg 175 1390.18 1237.15 926.53 948.05 927.3 578.2
6914068016115-back_camera3-35.jpg 175 1365.76 1246.99 952.79 937.26 825.95 619.46
6914068016115-back_camera3-36.jpg 175 1357.01 1249.8 970.23 935.15 773.56 629.31
6914068016115-back_camera3-38.jpg 175 1359.23 1247.92 1087.68 938.8 543.1 618.25
6914068016115-back_camera3-34.jpg 175 1381.76 1242.81 929.42 940.77 904.69 604.07
6914068016115-back_camera3-37.jpg 175 1355.79 1247.68 1028.94 935.72 653.7 623.92
6914068016115-back_camera3-3.jpg 175 1434.92 1243.13 1022.18 937.67 825.48 610.93
6914068016115-back_camera3-4.jpg 175 1428.0 1242.14 987.12 941.88 881.76 600.52
6914068016115-back_camera3-39.jpg 175 1423.68 1245.6 1157.1 941.44 533.17 608.32
6914068016115-back_camera3-6.jpg 175 1396.57 1227.25 923.43 958.42 946.28 537.66
6914068016115-back_camera3-40.jpg 175 1447.91 1245.24 1133.35 940.79 629.13 608.91
6914068016115-back_camera3-5.jpg 175 1408.97 1236.35 942.45 953.46 933.05 565.78
6914068016115_camera0-13.jpg 175 1452.41 1130.44 1082.31 893.43 740.2 474.02
6914068016115_camera0-10.jpg 175 1354.38 1133.78 1020.21 893.9 668.35 479.76
6914068016115_camera0-11.jpg 175 1405.8 1119.94 1105.91 876.61 599.77 486.66
6914068016115_camera0-12.jpg 175 1455.09 1130.52 1139.62 880.83 630.94 499.38
6914068016115_camera0-14.jpg 175 1450.59 1128.82 1036.13 894.85 828.92 467.94
6914068016115_camera0-16.jpg 175 1415.01 1123.89 940.19 889.77 949.64 468.24
6914068016115_camera0-18.jpg 175 1402.67 1114.18 908.53 880.72 988.28 466.92
6914068016115_camera0-1.jpg 175 1391.34 1108.1 898.1 873.98 986.47 468.24
6914068016115_camera0-15.jpg 175 1433.42 1118.63 990.17 884.51 886.51 468.24
6914068016115_camera0-20.jpg 175 1396.81 1117.47 920.36 897.68 952.9 439.58
6914068016115_camera0-26.jpg 175 1393.03 1127.63 927.92 897.92 930.21 459.43
6914068016115_camera0-23.jpg 175 1424.21 1117.32 932.29 887.14 983.84 460.35
6914068016115_camera0-2.jpg 175 1417.64 1106.79 937.56 876.61 960.16 460.35
6914068016115_camera0-27.jpg 175 1382.86 1127.56 955.49 898.77 854.73 457.58
6914068016115_camera0-24.jpg 175 1415.13 1122.53 920.25 899.19 989.77 446.67
6914068016115_camera0-28.jpg 175 1368.97 1118.62 966.49 879.24 804.96 478.77
6914068016115_camera0-25.jpg 175 1397.91 1122.58 903.36 884.51 989.1 476.14
6914068016115_camera0-30.jpg 175 1374.57 1132.79 1092.3 903.64 564.53 458.29
6914068016115_camera0-29.jpg 175 1373.68 1134.81 1026.98 899.42 693.4 470.78
6914068016115_camera0-31.jpg 175 1436.05 1130.47 1150.63 887.14 570.84 486.66
6914068016115_camera0-35.jpg 175 1450.13 1134.93 1015.75 896.97 868.76 475.93
6914068016115_camera0-33.jpg 175 1457.1 1131.79 1076.98 887.14 760.24 489.29
6914068016115_camera0-34.jpg 175 1457.88 1132.09 1047.17 893.43 821.43 477.31
6914068016115_camera0-32.jpg 175 1465.26 1134.9 1145.14 895.85 640.23 478.1
6914068016115_camera0-36.jpg 175 1440.05 1133.68 977.97 894.46 924.16 478.45
6914068016115_camera0-38.jpg 175 1404.48 1130.47 921.77 889.77 965.42 481.4
6914068016115_camera0-6.jpg 175 1383.8 1122.29 905.69 891.51 956.21 461.56
6914068016115_camera0-4.jpg 175 1416.32 1126.52 929.66 902.92 973.32 447.2
6914068016115_camera0-8.jpg 175 1359.47 1131.16 937.68 894.46 843.58 473.41
6914068016115_camera0-5.jpg 175 1388.7 1117.32 884.94 887.14 1007.51 460.35
6914068016115_camera0-7.jpg 175 1374.59 1127.57 928.72 896.31 891.73 462.51
6914068016115_camera1-12.jpg 175 1301.89 1064.7 953.34 629.34 697.1 870.72
6914068016115_camera0-9.jpg 175 1355.69 1131.16 985.53 891.94 740.33 478.45
6914068016115_camera1-13.jpg 175 1299.27 1083.12 898.1 629.34 802.33 907.55
6914068016115_camera1-22.jpg 175 1283.93 1054.36 811.78 718.19 944.3 672.34
6914068016115_camera1-24.jpg 175 1263.79 1063.17 799.19 665.31 929.19 795.73
6914068016115_camera1-25.jpg 175 1260.0 1074.51 816.81 660.27 886.38 828.47
6914068016115_camera1-28.jpg 175 1246.16 1073.24 907.47 637.61 677.38 871.27
6914068016115_camera1-29.jpg 175 1236.12 1062.07 932.29 634.6 607.66 854.94
6914068016115_camera1-2.jpg 175 1279.22 1049.98 813.95 736.03 930.53 627.9
6914068016115_camera1-35.jpg 175 1286.44 1066.95 841.99 645.16 888.9 843.58
6914068016115_camera1-36.jpg 175 1275.03 1061.57 812.24 661.47 925.58 800.19
6914068016115_camera1-30.jpg 175 1286.44 1070.72 1033.37 645.16 506.15 851.13
6914068016115_camera1-33.jpg 175 1302.35 1079.8 911.33 629.38 782.04 900.83
6914068016115_camera1-34.jpg 175 1294.0 1070.72 872.21 632.57 843.58 876.31
6914068016115_camera1-32.jpg 175 1310.37 1075.76 960.35 630.05 700.04 891.42
6914068016115_camera1-6.jpg 175 1242.03 1074.9 797.39 648.55 889.28 852.71
6914068016115_camera1-8.jpg 175 1242.38 1079.54 872.21 635.09 740.33 888.9
6914068016115_camera1-7.jpg 175 1237.34 1075.76 834.44 640.12 805.8 871.27
6914068016115_camera1-9.jpg 175 1237.34 1079.53 930.13 642.64 614.42 873.79
6914068016115_camera2-16.jpg 175 1174.39 777.37 758.9 337.95 830.98 878.83
6914068016115_camera2-12.jpg 175 1181.94 777.37 738.75 458.82 886.38 637.09
6914068016115_camera2-15.jpg 175 1174.94 777.8 740.08 352.84 869.72 849.92
6914068016115_camera2-20.jpg 175 1179.43 764.77 962.87 358.09 433.12 813.36
6914068016115_camera2-1.jpg 175 1175.64 778.62 927.61 358.09 496.07 841.06
6914068016115_camera2-18.jpg 175 1180.15 768.71 848.53 324.9 663.25 887.63
6914068016115_camera2-17.jpg 175 1180.68 774.85 816.81 327.88 727.74 893.94
6914068016115_camera2-22.jpg 175 1179.42 771.07 864.66 327.88 629.53 886.38
6914068016115_camera2-24.jpg 175 1175.17 769.12 778.38 320.36 793.59 897.53
6914068016115_camera2-26.jpg 175 1171.88 776.1 731.2 373.2 881.35 805.8
6914068016115_camera2-23.jpg 175 1175.6 770.76 812.59 320.55 726.02 900.43
6914068016115_camera2-29.jpg 175 1170.61 767.29 748.82 494.07 843.58 546.44
6914068016115_camera2-27.jpg 175 1163.35 770.53 720.0 400.72 886.69 739.62
6914068016115_camera2-25.jpg 175 1170.61 768.55 748.82 337.95 843.58 861.2
6914068016115_camera2-2.jpg 175 1176.91 774.84 877.25 330.39 599.32 888.9
6914068016115_camera2-32.jpg 175 1170.67 776.76 721.08 451.74 899.18 650.05
6914068016115_camera2-34.jpg 175 1170.61 777.37 726.16 380.76 888.9 793.21
6914068016115_camera2-33.jpg 175 1167.95 776.98 716.32 411.13 903.27 731.69
6914068016115_camera2-36.jpg 175 1165.58 787.44 766.45 340.47 798.25 893.94
6914068016115_camera2-37.jpg 175 1164.32 776.11 794.15 327.88 740.33 896.46
6914068016115_camera2-38.jpg 175 1168.58 778.27 840.49 335.63 656.18 885.28
6914068016115_camera2-3.jpg 175 1174.15 782.27 834.28 333.51 679.75 897.53
6914068016115_camera2-6.jpg 175 1175.62 780.6 742.89 350.5 865.46 860.2
6914068016115_camera2-40.jpg 175 1170.61 776.11 955.31 368.17 430.6 815.88
6914068016115_camera2-4.jpg 175 1180.68 782.39 801.7 330.39 757.96 904.01
6914068016115_camera2-5.jpg 175 1183.2 784.91 781.56 342.98 803.29 883.87
6914068016115_camera2-7.jpg 175 1172.03 778.69 733.16 391.8 877.74 773.79
6914068016115_camera3-10.jpg 175 1416.12 1303.65 1139.13 987.63 553.99 632.05
6914068016115_camera3-12.jpg 175 1422.43 1303.65 1015.75 992.66 813.36 621.98
6914068016115_camera3-11.jpg 175 1417.33 1305.82 1048.93 991.87 736.79 627.9
6914068016115_camera3-13.jpg 175 1409.84 1297.36 972.94 987.63 873.79 619.46
6914068016115_camera3-14.jpg 175 1401.64 1306.3 933.55 1007.2 936.19 598.2
6914068016115_camera3-15.jpg 175 1393.12 1299.94 912.42 1007.83 961.41 584.22
6914068016115_camera3-19.jpg 175 1382.95 1272.76 908.49 1035.88 948.92 473.75
6914068016115_camera3-20.jpg 175 1403.78 1283.47 931.46 1033.66 944.63 499.61
6914068016115_camera3-22.jpg 175 1381.66 1296.18 894.95 1013.23 973.43 565.91
6914068016115_camera3-24.jpg 175 1356.95 1302.39 897.39 997.7 919.12 609.39
6914068016115_camera3-25.jpg 175 1349.03 1308.52 916.99 997.4 864.07 622.24
6914068016115_camera3-27.jpg 175 1340.59 1302.4 998.12 990.15 684.93 624.5
6914068016115_camera3-26.jpg 175 1340.59 1303.66 952.79 990.15 775.59 627.02
6914068016115_camera3-28.jpg 175 1344.1 1304.1 1052.78 985.2 582.64 637.8
6914068016115_camera3-29.jpg 175 1402.28 1304.91 1124.03 987.63 556.51 634.57
6914068016115_camera3-30.jpg 175 1431.24 1308.69 1121.51 982.59 619.46 652.2
6914068016115_camera3-32.jpg 175 1423.43 1310.32 1017.29 982.76 812.28 655.12
6914068016115_camera3-31.jpg 175 1430.34 1311.15 1059.83 980.23 741.03 661.84
6914068016115_camera3-33.jpg 175 1410.1 1310.5 972.53 987.07 875.14 646.85
6914068016115_camera3-2.jpg 175 1375.73 1290.39 891.49 1014.86 968.48 551.06
6914068016115_camera3-34.jpg 175 1400.76 1306.74 936.91 993.5 927.7 626.48
6914068016115_camera3-35.jpg 175 1376.87 1301.45 895.47 989.73 962.79 623.45
6914068016115_camera3-37.jpg 175 1354.51 1284.35 863.9 1008.14 981.21 552.42
6914068016115_camera3-3.jpg 175 1361.48 1296.06 874.3 1011.1 974.37 569.92
6914068016115_camera3-4.jpg 175 1346.13 1303.03 871.67 1001.81 948.92 602.44
6914068016115_camera3-38.jpg 175 1358.41 1277.91 894.12 1020.24 928.59 515.34
6914068016115_camera3-5.jpg 175 1339.7 1307.71 889.72 998.35 899.96 618.72
6914068016115_camera3-7.jpg 175 1323.16 1312.93 944.52 994.51 757.29 636.85
6914068016115_camera3-9.jpg 175 1346.78 1306.72 1064.65 992.07 564.26 629.31
6914068016115_camera3-8.jpg 175 1324.39 1312.45 994.35 989.86 660.08 645.19
6914068016115_camera3-6.jpg 175 1328.54 1311.32 906.71 991.91 843.66 638.81
