6953631801604-back_camera0-13.jpg 176 1449.0 1144.7 1158.71 943.73 580.57 401.94
6953631801604-back_camera0-12.jpg 176 1448.76 1146.94 1190.35 948.04 516.83 397.8
6953631801604-back_camera0-11.jpg 176 1411.63 1143.6 1159.1 947.49 505.07 392.21
6953631801604-back_camera0-26.jpg 176 1379.87 1149.88 1007.12 945.23 745.49 409.29
6953631801604-back_camera0-29.jpg 176 1367.56 1147.33 1043.12 938.48 648.88 417.7
6953631801604-back_camera0-28.jpg 176 1367.65 1142.31 1021.73 931.86 691.84 420.89
6953631801604-back_camera0-30.jpg 176 1363.79 1152.75 1078.88 948.78 569.82 407.94
6953631801604-back_camera0-32.jpg 176 1417.47 1153.89 1158.71 943.73 517.52 420.32
6953631801604-back_camera0-33.jpg 176 1422.43 1154.18 1133.2 954.53 578.45 399.3
6953631801604-back_camera0-31.jpg 176 1363.71 1138.35 1098.02 923.96 531.38 428.78
6953631801604-back_camera0-3.jpg 176 1447.3 1137.28 1099.49 949.5 695.62 375.56
6953631801604-back_camera0-4.jpg 176 1442.62 1141.13 1078.96 945.23 727.31 391.8
6953631801604-back_camera1-11.jpg 176 1301.65 1059.21 1067.62 753.95 468.06 610.52
6953631801604-back_camera0-6.jpg 176 1425.36 1139.44 1053.63 943.73 743.45 391.43
6953631801604-back_camera0-5.jpg 176 1434.24 1139.85 1067.01 949.29 734.47 381.11
6953631801604-back_camera0-7.jpg 176 1420.42 1144.67 1057.57 946.84 725.7 395.66
6953631801604-back_camera1-10.jpg 176 1273.73 1056.69 1031.67 749.33 484.12 614.72
6953631801604-back_camera1-12.jpg 176 1307.85 1060.65 1040.93 740.85 533.84 639.61
6953631801604-back_camera1-13.jpg 176 1303.21 1066.01 995.43 729.3 615.56 673.43
6953631801604-back_camera1-14.jpg 176 1293.99 1062.64 966.85 721.02 654.29 683.24
6953631801604-back_camera1-16.jpg 176 1274.94 1060.65 922.04 727.18 705.8 666.95
6953631801604-back_camera1-21.jpg 176 1264.35 1044.72 949.84 788.49 629.02 512.47
6953631801604-back_camera1-1.jpg 176 1298.7 1082.32 982.34 845.83 632.73 472.98
6953631801604-back_camera1-25.jpg 176 1246.71 1068.51 890.75 720.43 711.92 696.16
6953631801604-back_camera1-24.jpg 176 1249.93 1065.69 902.43 740.85 695.01 649.68
6953631801604-back_camera1-29.jpg 176 1232.31 1077.01 957.83 735.81 548.95 682.41
6953631801604-back_camera1-28.jpg 176 1236.12 1075.22 924.4 724.04 623.45 702.37
6953631801604-back_camera1-30.jpg 176 1239.86 1075.76 998.12 753.44 483.48 644.64
6953631801604-back_camera1-2.jpg 176 1292.68 1083.12 955.97 818.74 673.43 528.75
6953631801604-back_camera1-31.jpg 176 1268.93 1090.14 1035.58 773.78 466.71 632.73
6953631801604-back_camera1-32.jpg 176 1267.56 1093.39 998.12 768.55 538.88 649.68
6953631801604-back_camera1-35.jpg 176 1275.58 1088.38 927.03 755.61 697.1 665.54
6953631801604-back_camera1-34.jpg 176 1273.86 1099.68 945.24 758.48 657.23 682.41
6953631801604-back_camera1-36.jpg 176 1272.6 1094.65 912.5 773.59 720.19 642.12
6953631801604-back_camera1-33.jpg 176 1272.08 1091.9 966.94 763.01 610.28 657.78
6953631801604-back_camera1-37.jpg 176 1272.6 1092.13 917.54 781.14 710.11 621.98
6953631801604-back_camera1-38.jpg 176 1276.38 1082.06 920.06 788.69 712.63 586.73
6953631801604-back_camera1-39.jpg 176 1272.95 1072.6 927.03 802.96 691.84 539.27
6953631801604-back_camera1-3.jpg 176 1292.74 1088.36 947.76 808.84 689.97 559.03
6953631801604-back_camera1-40.jpg 176 1278.24 1075.09 956.43 830.77 643.62 488.63
6953631801604-back_camera1-4.jpg 176 1294.01 1082.33 937.12 780.57 713.77 603.51
6953631801604-back_camera1-6.jpg 176 1283.93 1089.61 940.2 768.55 687.45 642.12
6953631801604-back_camera1-7.jpg 176 1284.8 1076.54 953.34 742.45 662.91 668.17
6953631801604-back_camera1-5.jpg 176 1291.37 1086.9 935.41 767.72 711.92 638.37
6953631801604-back_camera2-10.jpg 176 1163.06 761.0 864.66 529.33 596.8 463.34
6953631801604-back_camera1-9.jpg 176 1275.61 1069.83 998.46 749.33 554.3 640.99
6953631801604-back_camera2-12.jpg 176 1158.53 756.92 845.49 503.07 626.08 507.7
6953631801604-back_camera1-8.jpg 176 1278.89 1075.77 972.94 755.96 611.91 639.61
6953631801604-back_camera2-13.jpg 176 1160.02 769.04 830.33 478.75 659.38 580.57
6953631801604-back_camera2-16.jpg 176 1158.02 773.59 834.44 436.16 647.16 674.86
6953631801604-back_camera2-14.jpg 176 1158.53 764.82 824.44 450.46 668.17 628.71
6953631801604-back_camera2-11.jpg 176 1163.97 761.15 867.11 536.54 593.71 449.22
6953631801604-back_camera2-15.jpg 176 1155.5 772.33 819.33 448.75 672.34 647.16
6953631801604-back_camera2-18.jpg 176 1156.97 777.1 860.96 440.9 592.01 672.4
6953631801604-back_camera2-20.jpg 176 1161.34 790.06 922.28 478.75 478.12 622.61
6953631801604-back_camera2-17.jpg 176 1155.5 777.37 841.99 436.16 627.02 682.41
6953631801604-back_camera2-1.jpg 176 1199.3 764.82 984.91 474.14 428.78 581.36
6953631801604-back_camera2-19.jpg 176 1150.83 780.86 880.24 452.48 541.17 656.76
6953631801604-back_camera2-21.jpg 176 1150.64 792.43 934.93 497.81 431.42 589.25
6953631801604-back_camera2-22.jpg 176 1151.73 801.28 904.95 491.55 493.55 619.46
6953631801604-back_camera2-24.jpg 176 1164.32 798.77 852.07 461.34 624.5 674.86
6953631801604-back_camera2-23.jpg 176 1159.84 797.69 877.05 466.24 565.58 662.91
6953631801604-back_camera2-26.jpg 176 1167.9 801.87 825.08 468.24 685.65 667.26
6953631801604-back_camera2-25.jpg 176 1166.1 800.38 831.42 467.83 669.36 665.09
6953631801604-back_camera2-29.jpg 176 1174.38 800.02 857.1 539.4 634.57 521.25
6953631801604-back_camera2-31.jpg 176 1191.41 801.64 895.47 587.25 591.88 428.78
6953631801604-back_camera2-28.jpg 176 1170.53 801.87 827.7 507.64 685.65 588.45
6953631801604-back_camera2-30.jpg 176 1181.94 800.02 882.28 574.65 599.32 450.75
6953631801604-back_camera2-27.jpg 176 1171.85 801.87 825.08 484.0 693.54 635.74
6953631801604-back_camera2-2.jpg 176 1188.78 762.18 940.19 447.83 497.18 628.71
6953631801604-back_camera2-32.jpg 176 1197.05 798.76 887.32 549.47 619.46 498.59
6953631801604-back_camera2-35.jpg 176 1192.86 788.73 853.97 462.98 677.77 651.5
6953631801604-back_camera2-33.jpg 176 1192.72 799.01 866.53 513.59 652.38 570.84
6953631801604-back_camera2-34.jpg 176 1195.8 792.48 862.14 489.04 667.31 606.87
6953631801604-back_camera2-36.jpg 176 1200.82 780.75 868.27 440.9 665.09 679.71
6953631801604-back_camera2-39.jpg 176 1198.31 774.85 940.2 458.82 516.22 632.05
6953631801604-back_camera2-3.jpg 176 1190.23 765.09 909.14 436.71 562.18 656.76
6953631801604-back_camera2-37.jpg 176 1195.35 784.55 874.42 437.31 641.86 694.47
6953631801604-back_camera2-38.jpg 176 1198.32 777.37 904.95 446.23 586.73 662.27
6953631801604-back_camera2-5.jpg 176 1184.98 758.52 856.6 415.7 656.76 685.65
6953631801604-back_camera2-7.jpg 176 1179.67 756.11 835.12 438.18 689.11 635.86
6953631801604-back_camera2-40.jpg 176 1195.35 770.07 966.49 471.5 457.72 597.14
6953631801604-back_camera2-4.jpg 176 1189.5 759.73 889.84 423.56 599.32 672.34
6953631801604-back_camera2-6.jpg 176 1182.35 765.1 848.72 426.21 667.26 677.77
6953631801604-back_camera2-8.jpg 176 1173.0 762.18 842.86 458.35 660.28 607.66
6953631801604-back_camera2-9.jpg 176 1169.36 758.47 849.55 496.59 639.61 523.77
6953631801604-back_camera3-24.jpg 176 1338.07 1278.47 975.46 1020.36 725.22 516.22
6953631801604-back_camera3-23.jpg 176 1343.91 1272.11 977.44 1012.03 732.94 520.15
6953631801604-back_camera3-28.jpg 176 1342.91 1281.8 1074.32 1019.6 537.19 524.4
6953631801604-back_camera3-29.jpg 176 1379.62 1280.99 1129.06 1025.4 501.11 511.18
6953631801604-back_camera3-32.jpg 176 1417.39 1284.77 1081.22 1025.4 672.34 518.74
6953631801604-back_camera3-39.jpg 176 1443.83 1247.0 1116.47 1035.47 654.72 423.05
6953631801604_camera0-10.jpg 176 1422.42 963.7 1141.65 776.1 561.54 375.2
6953631801604_camera0-14.jpg 176 1439.81 964.74 1116.68 762.46 646.25 404.56
6953631801604_camera0-13.jpg 176 1453.15 960.8 1171.68 760.87 562.94 399.85
6953631801604_camera0-11.jpg 176 1420.1 964.75 1161.34 767.72 517.52 394.05
6953631801604_camera0-12.jpg 176 1455.16 959.93 1199.57 768.55 511.18 382.76
6953631801604_camera0-29.jpg 176 1372.82 975.26 1035.24 770.35 675.15 409.82
6953631801604_camera0-28.jpg 176 1364.93 973.94 1006.34 772.97 717.18 401.94
6953631801604_camera0-31.jpg 176 1387.17 977.56 1121.51 773.59 531.33 407.94
6953631801604_camera0-30.jpg 176 1376.75 977.88 1069.39 770.35 614.72 415.07
6953631801604_camera0-33.jpg 176 1458.41 979.2 1153.26 768.76 610.3 420.89
6953631801604_camera0-32.jpg 176 1450.52 979.2 1184.83 766.13 531.38 426.15
6953631801604_camera0-34.jpg 176 1465.23 978.81 1141.65 778.62 647.16 400.38
6953631801604_camera0-9.jpg 176 1436.05 967.37 1105.91 763.5 660.28 407.74
6953631801604_camera1-11.jpg 176 1292.56 1070.0 1047.58 761.35 489.96 617.3
6953631801604_camera1-10.jpg 176 1253.23 1077.86 1000.69 752.98 505.07 649.75
6953631801604_camera1-15.jpg 176 1292.18 1090.07 937.7 741.08 708.95 697.98
6953631801604_camera1-13.jpg 176 1295.26 1082.06 988.05 745.89 614.43 672.34
6953631801604_camera1-14.jpg 176 1292.74 1085.84 962.87 740.85 659.75 689.97
6953631801604_camera1-12.jpg 176 1297.78 1078.28 1025.82 748.4 543.92 659.75
6953631801604_camera1-18.jpg 176 1269.01 1083.12 919.14 776.65 699.73 612.93
6953631801604_camera1-16.jpg 176 1278.89 1085.83 925.09 750.92 707.6 669.82
6953631801604_camera1-17.jpg 176 1278.21 1071.28 927.03 747.72 702.37 647.12
6953631801604_camera1-20.jpg 176 1257.49 1064.43 945.24 806.32 624.5 516.22
6953631801604_camera1-21.jpg 176 1279.55 1065.88 964.31 817.63 630.49 496.51
6953631801604_camera1-22.jpg 176 1282.17 1065.88 951.17 793.99 662.01 543.79
6953631801604_camera1-24.jpg 176 1269.03 1069.39 914.74 762.28 708.57 614.22
6953631801604_camera1-23.jpg 176 1273.86 1066.95 932.65 783.66 682.41 566.58
6953631801604_camera1-25.jpg 176 1258.49 1075.23 898.1 745.09 720.78 660.28
6953631801604_camera1-26.jpg 176 1256.41 1072.99 906.04 732.01 700.74 681.95
6953631801604_camera1-27.jpg 176 1254.54 1076.54 916.51 742.45 676.06 668.17
6953631801604_camera1-2.jpg 176 1284.34 1070.52 951.33 807.81 666.02 525.42
6953631801604_camera1-28.jpg 176 1248.32 1073.6 942.9 749.84 610.83 647.52
6953631801604_camera1-30.jpg 176 1251.91 1068.65 1005.95 752.98 491.92 631.34
6953631801604_camera1-31.jpg 176 1270.36 1061.95 1032.61 751.96 475.49 619.98
6953631801604_camera1-32.jpg 176 1277.63 1066.94 1008.19 748.4 538.88 637.09
6953631801604_camera1-33.jpg 176 1275.58 1067.33 971.75 734.56 607.66 665.54
6953631801604_camera1-36.jpg 176 1258.53 1071.14 898.63 741.45 719.81 659.38
6953631801604_camera1-35.jpg 176 1263.78 1065.69 920.06 728.26 687.45 674.86
6953631801604_camera1-34.jpg 176 1282.16 1069.96 948.08 726.67 668.17 686.58
6953631801604_camera1-37.jpg 176 1253.28 1065.89 893.38 751.96 719.81 627.86
6953631801604_camera1-38.jpg 176 1253.71 1058.13 902.43 771.07 702.56 574.13
6953631801604_camera1-40.jpg 176 1253.23 1055.5 934.93 805.59 636.6 499.81
6953631801604_camera1-4.jpg 176 1282.16 1087.06 924.4 774.02 715.52 626.08
6953631801604_camera1-6.jpg 176 1262.47 1084.28 909.14 749.33 706.67 669.89
6953631801604_camera1-3.jpg 176 1281.41 1075.76 932.65 788.69 697.52 574.13
6953631801604_camera1-5.jpg 176 1267.73 1080.33 901.26 754.58 732.94 651.5
6953631801604_camera1-8.jpg 176 1261.26 1083.31 952.79 748.4 616.94 669.82
6953631801604_camera1-9.jpg 176 1261.27 1077.2 974.2 744.81 574.13 664.79
6953631801604_camera2-12.jpg 176 1174.38 771.07 872.21 511.7 604.35 518.74
6953631801604_camera2-15.jpg 176 1169.22 772.98 830.33 441.97 677.77 662.01
6953631801604_camera2-14.jpg 176 1169.36 773.58 836.96 466.37 664.79 614.42
6953631801604_camera2-13.jpg 176 1167.9 771.66 840.84 476.12 654.13 591.08
6953631801604_camera2-18.jpg 176 1169.36 768.55 877.25 443.71 584.21 649.68
6953631801604_camera2-17.jpg 176 1170.54 770.35 851.35 426.21 638.37 688.28
6953631801604_camera2-16.jpg 176 1165.1 767.44 840.22 426.78 649.75 681.32
6953631801604_camera2-19.jpg 176 1168.09 776.11 899.91 456.3 536.36 639.61
6953631801604_camera2-1.jpg 176 1186.29 778.23 953.8 481.37 464.98 593.71
6953631801604_camera2-21.jpg 176 1173.12 782.39 952.79 494.07 440.67 576.65
6953631801604_camera2-22.jpg 176 1170.53 782.17 906.51 468.24 528.03 627.86
6953631801604_camera2-23.jpg 176 1171.68 780.6 890.21 450.46 562.94 660.28
6953631801604_camera2-24.jpg 176 1161.36 785.85 852.97 445.13 616.77 681.44
6953631801604_camera2-20.jpg 176 1167.9 778.23 932.78 476.12 470.24 604.22
6953631801604_camera2-26.jpg 176 1159.28 783.66 829.4 458.82 659.75 649.68
6953631801604_camera2-25.jpg 176 1158.52 788.49 834.96 453.09 647.12 670.8
6953631801604_camera2-28.jpg 176 1163.97 786.11 832.96 489.25 662.01 593.71
6953631801604_camera2-27.jpg 176 1163.78 787.17 819.18 463.61 689.21 647.12
6953631801604_camera2-29.jpg 176 1176.9 787.43 859.62 519.25 634.57 536.36
6953631801604_camera2-33.jpg 176 1178.41 795.3 856.6 507.64 643.62 575.32
6953631801604_camera2-32.jpg 176 1174.31 799.01 861.27 545.16 626.08 507.7
6953631801604_camera2-34.jpg 176 1182.8 795.48 847.65 486.95 670.31 617.06
6953631801604_camera2-35.jpg 176 1181.04 797.92 846.09 470.86 669.89 654.13
6953631801604_camera2-2.jpg 176 1190.76 778.62 940.2 463.85 501.11 629.53
6953631801604_camera2-37.jpg 176 1180.88 795.07 856.01 453.09 649.75 683.95
6953631801604_camera2-38.jpg 176 1175.64 789.95 882.28 456.3 586.73 667.31
6953631801604_camera2-40.jpg 176 1178.26 779.28 940.19 479.4 476.14 599.77
6953631801604_camera2-39.jpg 176 1181.03 788.74 914.39 465.61 533.29 646.25
6953631801604_camera2-5.jpg 176 1195.79 781.14 874.73 448.75 642.12 664.79
6953631801604_camera2-4.jpg 176 1188.91 782.16 880.24 439.34 617.35 685.65
6953631801604_camera2-3.jpg 176 1191.41 784.54 900.73 447.83 581.36 673.43
6953631801604_camera2-6.jpg 176 1189.85 775.27 857.3 440.9 665.09 668.75
6953631801604_camera2-7.jpg 176 1183.66 782.17 848.72 460.36 669.89 643.62
6953631801604_camera3-10.jpg 176 1415.34 1237.38 1173.9 1002.43 482.87 469.91
6953631801604_camera2-9.jpg 176 1175.62 779.28 853.38 508.33 644.49 541.9
6953631801604_camera2-8.jpg 176 1181.04 778.23 851.35 476.12 659.38 604.22
6953631801604_camera3-12.jpg 176 1399.75 1244.48 1098.84 1002.74 601.83 483.48
6953631801604_camera3-16.jpg 176 1340.04 1254.1 982.28 1010.77 715.52 486.66
6953631801604_camera3-18.jpg 176 1324.2 1251.1 985.32 1025.17 677.77 451.85
6953631801604_camera3-17.jpg 176 1334.28 1246.99 990.56 1017.84 687.45 458.3
6953631801604_camera3-1.jpg 176 1472.64 1251.09 1132.44 1022.54 680.4 457.1
6953631801604_camera3-20.jpg 176 1330.28 1248.75 1001.39 1038.88 657.78 419.73
6953631801604_camera3-23.jpg 176 1334.77 1269.89 969.12 1031.82 731.3 476.14
6953631801604_camera3-26.jpg 176 1328.19 1283.04 971.75 1026.56 712.89 512.96
6953631801604_camera3-24.jpg 176 1333.03 1272.18 970.42 1027.92 725.22 488.52
6953631801604_camera3-25.jpg 176 1330.78 1283.93 964.31 1030.42 732.94 507.02
6953631801604_camera3-27.jpg 176 1331.72 1278.38 1000.95 1020.15 661.54 516.47
6953631801604_camera3-2.jpg 176 1467.62 1251.47 1116.44 1016.04 702.37 470.87
6953631801604_camera3-34.jpg 176 1431.25 1277.22 1071.15 1025.4 720.19 503.63
6953631801604_camera3-35.jpg 176 1429.47 1264.62 1053.3 1013.4 752.35 502.44
6953631801604_camera3-38.jpg 176 1434.55 1258.97 1085.15 1038.3 698.79 441.34
6953631801604_camera3-40.jpg 176 1470.02 1251.1 1142.95 1033.05 654.13 436.09
6953631801604_camera3-9.jpg 176 1385.95 1240.59 1137.69 998.9 496.51 483.37
