6901236378823-back_camera0-10.jpg 177 1416.32 945.01 1024.37 721.41 783.91 447.2
6901236378823-back_camera0-14.jpg 177 1429.7 936.47 1017.78 714.15 823.84 444.64
6901236378823-back_camera0-16.jpg 177 1397.91 943.69 1000.69 716.15 794.44 455.09
6901236378823-back_camera0-1.jpg 177 1465.95 946.1 1201.53 720.64 528.85 450.92
6901236378823-back_camera0-20.jpg 177 1381.67 951.62 1091.77 719.69 579.81 463.85
6901236378823-back_camera0-23.jpg 177 1435.82 954.85 1126.72 725.14 618.2 459.41
6901236378823-back_camera0-26.jpg 177 1441.08 955.14 1039.45 721.1 803.26 468.09
6901236378823-back_camera0-4.jpg 177 1490.57 951.62 1131.37 722.52 718.4 458.19
6901236378823-back_camera1-15.jpg 177 1249.28 1058.12 861.27 684.58 776.02 747.09
6901236378823-back_camera1-14.jpg 177 1251.1 1059.09 876.58 679.62 749.04 758.94
6901236378823-back_camera1-16.jpg 177 1241.38 1058.12 832.33 708.26 818.11 699.73
6901236378823-back_camera1-17.jpg 177 1230.1 1063.22 826.7 725.82 806.79 674.8
6901236378823-back_camera1-23.jpg 177 1252.89 1083.52 851.15 711.47 803.49 744.1
6901236378823-back_camera1-21.jpg 177 1251.91 1068.65 863.9 760.87 776.02 615.56
6901236378823-back_camera1-24.jpg 177 1258.26 1092.24 854.13 697.83 808.26 788.82
6901236378823-back_camera1-25.jpg 177 1253.22 1087.06 866.53 689.84 773.39 794.44
6901236378823-back_camera1-27.jpg 177 1257.17 1089.69 908.62 687.21 697.1 804.96
6901236378823-back_camera1-3.jpg 177 1295.21 1038.49 902.47 710.6 785.48 655.78
6901236378823-back_camera1-38.jpg 177 1302.49 1043.07 919.24 729.12 766.49 627.9
6901236378823-back_camera2-11.jpg 177 1145.63 800.9 785.11 537.15 721.05 527.5
6901236378823-back_camera2-12.jpg 177 1152.18 803.34 775.2 500.9 753.96 604.87
6901236378823-back_camera2-16.jpg 177 1175.62 816.12 813.92 432.05 723.41 768.13
6901236378823-back_camera2-2.jpg 177 1144.62 756.77 847.55 382.41 594.14 748.71
6901236378823-back_camera2-39.jpg 177 1152.58 745.65 904.02 394.39 497.11 702.52
6901236378823-back_camera2-38.jpg 177 1163.78 746.39 871.79 382.06 583.99 728.67
6901236378823-back_camera2-5.jpg 177 1134.67 773.38 766.55 402.39 736.24 741.97
6901236378823-back_camera2-8.jpg 177 1130.9 792.43 750.78 503.07 760.24 578.73
6901236378823-back_camera3-17.jpg 177 1327.09 1286.98 931.18 1031.67 791.82 510.62
6901236378823-back_camera3-27.jpg 177 1363.34 1306.28 1055.05 999.4 616.58 613.75
6901236378823-back_camera3-26.jpg 177 1359.47 1313.72 1015.75 1005.25 687.45 616.94
6901236378823-back_camera3-35.jpg 177 1418.45 1296.83 1011.17 1008.33 814.57 576.99
6901236378823-back_camera3-40.jpg 177 1429.77 1274.94 1048.66 1036.29 762.22 477.31
6901236378823_camera0-10.jpg 177 1469.24 1123.55 1200.98 889.52 536.52 468.06
6901236378823-back_camera3-8.jpg 177 1330.14 1290.14 1069.17 1013.02 521.94 554.24
6901236378823_camera0-15.jpg 177 1484.72 1121.26 1090.13 892.4 789.17 457.72
6901236378823_camera0-14.jpg 177 1503.13 1123.89 1121.7 900.29 762.87 447.2
6901236378823_camera0-21.jpg 177 1441.85 1108.08 1070.91 899.95 741.87 416.26
6901236378823_camera0-17.jpg 177 1464.98 1121.26 1053.3 881.88 823.37 478.77
6901236378823_camera0-22.jpg 177 1420.27 1117.32 1019.1 895.03 802.33 444.57
6901236378823_camera0-24.jpg 177 1390.13 1117.4 985.76 900.95 808.74 432.91
6901236378823_camera0-29.jpg 177 1315.05 1123.89 1040.15 892.4 549.79 462.98
6901236378823_camera0-30.jpg 177 1338.72 1126.52 1074.35 892.4 528.75 468.24
6901236378823_camera0-35.jpg 177 1350.55 1129.15 929.66 897.66 841.79 462.98
6901236378823_camera0-33.jpg 177 1362.39 1134.41 990.17 897.66 744.45 473.5
6901236378823_camera0-37.jpg 177 1353.38 1130.97 929.89 895.53 846.98 470.89
6901236378823_camera0-34.jpg 177 1349.24 1123.89 934.93 889.77 828.63 468.24
6901236378823_camera0-36.jpg 177 1357.64 1129.04 935.19 894.11 844.9 469.85
6901236378823_camera0-40.jpg 177 1390.02 1125.2 982.28 895.03 815.48 460.35
6901236378823_camera1-11.jpg 177 1360.45 1079.39 1065.1 703.22 590.7 752.35
6901236378823_camera1-12.jpg 177 1355.97 1073.91 1031.29 690.95 649.37 765.92
6901236378823_camera1-13.jpg 177 1347.93 1063.38 982.28 676.69 731.3 773.39
6901236378823_camera1-14.jpg 177 1337.4 1059.44 958.6 684.58 757.61 749.72
6901236378823_camera1-18.jpg 177 1281.8 1018.99 909.88 720.51 743.84 596.95
6901236378823_camera1-24.jpg 177 1233.49 1025.24 840.22 658.28 786.54 733.93
6901236378823_camera1-22.jpg 177 1262.78 1011.15 875.67 683.59 774.23 655.12
6901236378823_camera1-26.jpg 177 1191.41 1037.08 842.86 647.75 697.1 778.65
6901236378823_camera1-30.jpg 177 1227.39 1046.78 961.91 679.54 530.97 734.47
6901236378823_camera1-2.jpg 177 1283.47 1097.59 866.53 760.87 833.89 673.43
6901236378823_camera1-37.jpg 177 1236.65 1091.7 838.89 770.71 795.52 641.97
6901236378823_camera1-36.jpg 177 1230.17 1092.71 823.16 751.38 814.03 682.67
6901236378823_camera1-3.jpg 177 1293.99 1109.42 879.68 750.35 828.63 718.15
6901236378823_camera1-4.jpg 177 1304.49 1108.08 902.1 726.97 804.78 762.22
6901236378823_camera1-5.jpg 177 1296.16 1105.62 904.41 713.87 783.5 783.5
6901236378823_camera1-8.jpg 177 1312.89 1085.84 1028.34 693.01 569.1 785.66
6901236378823_camera2-14.jpg 177 1140.12 717.46 766.57 358.39 747.09 718.15
6901236378823_camera2-13.jpg 177 1154.58 716.14 771.83 382.06 765.5 668.17
6901236378823_camera2-18.jpg 177 1111.61 753.44 828.86 394.07 565.5 718.75
6901236378823_camera2-17.jpg 177 1117.76 743.77 800.77 366.28 633.97 754.98
6901236378823_camera2-19.jpg 177 1111.43 766.03 874.73 426.08 473.41 679.9
6901236378823_camera2-2.jpg 177 1226.92 762.19 916.51 387.33 620.82 749.72
6901236378823_camera2-36.jpg 177 1224.3 810.86 892.84 432.05 662.91 757.61
6901236378823_camera2-35.jpg 177 1220.97 822.69 872.21 446.23 697.52 752.92
6901236378823_camera2-38.jpg 177 1232.31 792.47 980.49 438.67 503.63 707.6
6901236378823_camera3-11.jpg 177 1439.39 1229.37 1044.4 963.88 789.97 530.97
6901236378823_camera3-23.jpg 177 1417.64 1209.38 1045.41 923.96 744.45 570.84
6901236378823_camera3-26.jpg 177 1373.23 1208.53 981.86 955.11 782.74 506.84
6901236378823_camera3-27.jpg 177 1367.03 1209.23 988.05 962.45 757.96 493.55
6901236378823_camera3-29.jpg 177 1383.43 1208.07 1013.84 971.32 739.19 473.5
6901236378823_camera3-30.jpg 177 1372.92 1214.64 992.8 968.68 760.24 491.92
6901236378823_camera3-8.jpg 177 1405.24 1232.04 1022.98 990.17 764.51 483.74
