6922868286249-back_camera0-10.jpg 178 1369.67 1126.18 1088.29 893.83 562.77 464.71
6922868286249-back_camera0-11.jpg 178 1404.48 1131.78 1148.0 892.4 512.96 478.77
6922868286249-back_camera0-12.jpg 178 1439.17 1128.85 1144.09 901.29 590.17 455.11
6922868286249-back_camera0-13.jpg 178 1441.49 1129.05 1114.03 900.57 654.92 456.96
6922868286249-back_camera0-15.jpg 178 1438.49 1132.5 1057.94 898.32 761.09 468.36
6922868286249-back_camera0-14.jpg 178 1437.65 1131.28 1077.39 896.79 720.52 468.98
6922868286249-back_camera0-16.jpg 178 1425.19 1127.31 1037.61 897.9 775.17 458.81
6922868286249-back_camera0-17.jpg 178 1418.95 1129.15 1011.21 887.14 815.48 484.03
6922868286249-back_camera0-18.jpg 178 1409.47 1124.28 1013.56 898.57 791.82 451.41
6922868286249-back_camera0-19.jpg 178 1405.94 1123.44 1020.9 892.8 770.09 461.28
6922868286249-back_camera0-1.jpg 178 1403.15 1114.65 1023.1 891.74 760.11 445.83
6922868286249-back_camera0-20.jpg 178 1414.97 1116.4 1044.04 894.4 741.87 444.01
6922868286249-back_camera0-21.jpg 178 1438.99 1113.09 1059.32 890.58 759.34 445.02
6922868286249-back_camera0-22.jpg 178 1430.91 1118.01 1035.92 899.7 789.97 436.61
6922868286249-back_camera0-24.jpg 178 1422.58 1124.02 1018.36 892.21 808.44 463.62
6922868286249-back_camera0-23.jpg 178 1432.9 1119.17 1032.75 888.95 800.3 460.45
6922868286249-back_camera0-25.jpg 178 1416.07 1120.01 1016.45 897.21 799.23 445.6
6922868286249-back_camera0-26.jpg 178 1401.7 1126.3 1011.59 888.56 780.23 475.49
6922868286249-back_camera0-29.jpg 178 1385.22 1127.36 1081.81 897.95 606.82 458.81
6922868286249-back_camera0-28.jpg 178 1389.87 1127.3 1041.74 890.54 696.25 473.52
6922868286249-back_camera0-27.jpg 178 1396.45 1131.57 1024.73 891.19 743.45 480.75
6922868286249-back_camera0-2.jpg 178 1421.19 1114.59 1041.75 892.89 758.89 443.4
6922868286249-back_camera0-30.jpg 178 1405.52 1128.12 1150.21 898.72 510.62 458.81
6922868286249-back_camera0-32.jpg 178 1438.68 1127.84 1121.7 889.77 633.97 476.14
6922868286249-back_camera0-31.jpg 178 1442.43 1124.99 1177.1 888.56 530.66 472.86
6922868286249-back_camera0-34.jpg 178 1441.3 1126.78 1078.32 895.79 725.95 461.97
6922868286249-back_camera0-33.jpg 178 1442.15 1128.89 1115.62 899.49 653.07 458.81
6922868286249-back_camera0-37.jpg 178 1405.8 1121.26 1005.95 873.98 799.7 494.55
6922868286249-back_camera0-35.jpg 178 1426.66 1128.93 1040.49 891.19 772.35 475.49
6922868286249-back_camera0-36.jpg 178 1416.33 1125.21 1027.0 887.14 778.65 476.14
6922868286249-back_camera0-39.jpg 178 1387.43 1123.86 1000.77 902.78 773.32 442.16
6922868286249-back_camera0-38.jpg 178 1395.2 1123.79 996.88 891.74 796.65 464.1
6922868286249-back_camera0-40.jpg 178 1395.14 1117.12 1016.85 893.82 756.58 446.59
6922868286249-back_camera0-3.jpg 178 1405.8 1117.32 1000.69 892.4 810.22 449.83
6922868286249-back_camera0-7.jpg 178 1376.38 1125.45 1004.52 901.6 743.72 447.71
6922868286249-back_camera0-6.jpg 178 1382.01 1123.68 980.07 891.19 803.87 464.98
6922868286249-back_camera0-4.jpg 178 1397.91 1114.68 990.17 887.14 815.48 455.09
6922868286249-back_camera0-5.jpg 178 1391.43 1121.65 993.67 895.95 795.52 451.41
6922868286249-back_camera1-10.jpg 178 1253.29 1068.51 1008.97 699.42 488.63 738.19
6922868286249-back_camera1-11.jpg 178 1279.53 1068.64 1016.47 697.73 526.12 741.82
6922868286249-back_camera0-8.jpg 178 1372.07 1124.87 1025.82 894.46 692.49 460.82
6922868286249-back_camera1-14.jpg 178 1282.75 1082.49 907.57 685.99 750.36 793.0
6922868286249-back_camera0-9.jpg 178 1366.24 1127.62 1043.12 891.19 646.25 472.86
6922868286249-back_camera1-12.jpg 178 1278.22 1076.54 950.71 676.69 655.02 799.7
6922868286249-back_camera1-13.jpg 178 1283.69 1081.01 939.58 690.91 688.22 780.2
6922868286249-back_camera1-15.jpg 178 1278.24 1076.39 890.75 688.91 774.97 774.97
6922868286249-back_camera1-16.jpg 178 1279.53 1075.23 884.94 700.37 789.17 749.72
6922868286249-back_camera1-18.jpg 178 1272.33 1061.53 880.09 735.38 784.47 652.3
6922868286249-back_camera1-19.jpg 178 1276.32 1055.01 915.56 783.97 721.52 542.07
6922868286249-back_camera1-17.jpg 178 1278.22 1064.7 887.58 710.89 781.28 707.63
6922868286249-back_camera1-21.jpg 178 1296.62 1061.95 906.51 751.96 780.23 619.98
6922868286249-back_camera1-22.jpg 178 1289.86 1065.46 884.48 724.74 810.76 681.44
6922868286249-back_camera1-20.jpg 178 1298.42 1058.49 928.41 791.16 740.02 534.67
6922868286249-back_camera1-1.jpg 178 1276.93 1044.87 903.89 754.58 746.08 580.57
6922868286249-back_camera1-24.jpg 178 1275.59 1058.12 871.79 692.47 807.59 731.3
6922868286249-back_camera1-23.jpg 178 1286.81 1065.68 888.12 715.1 797.37 701.17
6922868286249-back_camera1-26.jpg 178 1271.97 1064.89 917.24 678.82 709.45 772.14
6922868286249-back_camera1-25.jpg 178 1274.26 1066.02 882.31 681.95 783.91 768.13
6922868286249-back_camera1-27.jpg 178 1269.2 1061.8 940.31 674.44 657.78 774.72
6922868286249-back_camera1-29.jpg 178 1268.82 1059.39 1010.71 690.49 516.22 737.81
6922868286249-back_camera1-2.jpg 178 1265.11 1046.18 874.99 725.69 780.23 640.99
6922868286249-back_camera1-28.jpg 178 1267.12 1061.94 966.49 678.98 601.27 765.92
6922868286249-back_camera1-30.jpg 178 1305.38 1059.99 1058.91 692.63 492.93 734.71
6922868286249-back_camera1-31.jpg 178 1299.26 1055.5 1008.58 676.69 581.36 757.61
6922868286249-back_camera1-32.jpg 178 1301.88 1059.33 974.82 673.15 654.13 772.35
6922868286249-back_camera1-33.jpg 178 1294.0 1061.91 955.31 672.86 677.38 778.1
6922868286249-back_camera1-36.jpg 178 1277.1 1053.39 880.6 682.48 793.0 741.83
6922868286249-back_camera1-35.jpg 178 1285.72 1055.2 904.61 678.72 762.22 752.97
6922868286249-back_camera1-37.jpg 178 1265.05 1048.16 870.35 701.72 789.4 692.89
6922868286249-back_camera1-34.jpg 178 1295.32 1064.7 913.88 674.06 762.87 781.28
6922868286249-back_camera1-38.jpg 178 1258.74 1036.73 882.28 723.22 752.92 627.02
6922868286249-back_camera1-40.jpg 178 1276.38 1044.28 917.54 776.1 717.67 536.36
6922868286249-back_camera1-39.jpg 178 1250.6 1034.45 887.58 747.72 726.04 573.47
6922868286249-back_camera1-7.jpg 178 1233.58 1071.14 888.12 673.15 690.91 795.99
6922868286249-back_camera1-9.jpg 178 1238.24 1068.57 971.68 694.08 533.12 748.97
6922868286249-back_camera1-5.jpg 178 1244.93 1064.17 853.92 676.81 782.03 774.72
6922868286249-back_camera1-8.jpg 178 1233.58 1075.08 919.65 678.4 627.86 793.36
6922868286249-back_camera1-4.jpg 178 1252.45 1061.91 857.1 700.56 790.69 722.7
6922868286249-back_camera1-3.jpg 178 1259.85 1051.44 856.6 707.3 806.5 688.28
6922868286249-back_camera1-6.jpg 178 1242.7 1069.96 866.53 681.95 752.35 776.02
6922868286249-back_camera2-10.jpg 178 1181.4 788.69 848.39 579.64 666.02 418.11
6922868286249-back_camera2-11.jpg 178 1187.61 788.73 830.33 541.79 714.55 493.88
6922868286249-back_camera2-15.jpg 178 1195.36 780.6 821.81 405.74 747.09 749.72
6922868286249-back_camera2-14.jpg 178 1184.57 780.99 796.6 425.35 775.94 711.28
6922868286249-back_camera2-12.jpg 178 1169.05 783.23 784.98 492.55 768.13 581.36
6922868286249-back_camera2-16.jpg 178 1187.05 775.06 832.88 404.49 708.33 741.14
6922868286249-back_camera2-1.jpg 178 1162.47 789.81 913.88 439.94 497.18 699.73
6922868286249-back_camera2-18.jpg 178 1190.1 772.71 898.1 400.48 583.99 744.45
6922868286249-back_camera2-13.jpg 178 1190.39 784.07 812.06 463.08 756.67 641.97
6922868286249-back_camera2-22.jpg 178 1185.82 762.12 883.55 381.55 604.54 761.15
6922868286249-back_camera2-19.jpg 178 1200.61 764.81 969.12 421.52 462.98 686.58
6922868286249-back_camera2-21.jpg 178 1186.99 764.77 922.58 398.38 528.81 732.78
6922868286249-back_camera2-20.jpg 178 1189.83 768.35 970.6 425.16 438.46 686.37
6922868286249-back_camera2-23.jpg 178 1178.25 759.55 837.59 368.91 681.32 781.28
6922868286249-back_camera2-17.jpg 178 1188.28 772.25 856.26 393.24 664.05 758.02
6922868286249-back_camera2-25.jpg 178 1174.38 759.73 816.81 390.83 715.15 737.81
6922868286249-back_camera2-24.jpg 178 1180.88 759.55 829.7 371.54 702.37 776.02
6922868286249-back_camera2-26.jpg 178 1171.87 757.21 801.7 416.01 740.33 682.41
6922868286249-back_camera2-29.jpg 178 1161.16 762.18 800.77 500.44 720.78 523.49
6922868286249-back_camera2-27.jpg 178 1169.35 754.7 794.15 441.19 750.4 627.02
6922868286249-back_camera2-28.jpg 178 1166.41 760.87 795.5 458.35 741.82 605.03
6922868286249-back_camera2-2.jpg 178 1164.32 791.22 892.36 421.05 543.92 740.33
6922868286249-back_camera2-30.jpg 178 1155.9 767.44 803.4 532.01 705.0 470.87
6922868286249-back_camera2-32.jpg 178 1158.02 767.29 779.04 466.37 757.96 601.83
6922868286249-back_camera2-31.jpg 178 1161.7 766.29 794.44 495.87 734.53 540.84
6922868286249-back_camera2-34.jpg 178 1148.0 770.08 761.31 416.26 773.39 707.63
6922868286249-back_camera2-35.jpg 178 1152.98 772.33 789.11 403.42 727.74 737.81
6922868286249-back_camera2-36.jpg 178 1158.53 777.97 806.03 395.22 705.0 765.5
6922868286249-back_camera2-33.jpg 178 1155.5 764.77 776.52 438.67 757.96 652.2
6922868286249-back_camera2-37.jpg 178 1152.82 776.57 825.75 394.44 654.13 764.25
6922868286249-back_camera2-38.jpg 178 1162.47 777.96 871.79 411.0 581.36 733.93
6922868286249-back_camera2-39.jpg 178 1158.03 779.88 907.47 433.64 501.11 692.49
6922868286249-back_camera2-3.jpg 178 1157.2 793.75 837.59 411.0 639.23 765.5
6922868286249-back_camera2-40.jpg 178 1165.58 782.4 942.72 443.71 445.71 677.38
6922868286249-back_camera2-4.jpg 178 1161.15 797.69 813.92 411.0 694.47 773.39
6922868286249-back_camera2-5.jpg 178 1169.36 788.69 811.78 418.53 715.15 740.33
6922868286249-back_camera2-6.jpg 178 1171.87 792.47 801.7 438.67 740.33 707.6
6922868286249-back_camera2-9.jpg 178 1179.57 796.38 819.18 532.01 720.78 528.75
6922868286249-back_camera2-7.jpg 178 1176.93 793.75 790.24 458.35 773.39 670.8
6922868286249-back_camera3-11.jpg 178 1406.05 1299.88 1091.29 1000.22 629.53 599.32
6922868286249-back_camera3-10.jpg 178 1406.27 1300.79 1124.88 1000.22 562.77 601.14
6922868286249-back_camera3-14.jpg 178 1395.8 1302.39 995.42 999.14 800.77 606.51
6922868286249-back_camera2-8.jpg 178 1175.63 793.75 798.14 489.92 754.98 607.66
6922868286249-back_camera3-13.jpg 178 1407.32 1309.95 1025.82 1010.29 762.99 599.32
6922868286249-back_camera3-15.jpg 178 1375.55 1298.82 966.49 1000.25 818.11 597.14
6922868286249-back_camera3-12.jpg 178 1404.8 1304.91 1043.45 1000.22 722.7 609.39
6922868286249-back_camera3-16.jpg 178 1374.1 1299.08 974.57 1016.32 799.05 565.51
6922868286249-back_camera3-19.jpg 178 1412.38 1268.57 1029.63 1013.4 765.5 510.33
6922868286249-back_camera3-17.jpg 178 1378.36 1293.58 988.05 1017.84 780.62 551.47
6922868286249-back_camera3-18.jpg 178 1368.38 1286.7 990.16 1023.59 756.45 526.23
6922868286249-back_camera3-1.jpg 178 1374.58 1283.51 983.01 1020.36 783.14 526.29
6922868286249-back_camera3-20.jpg 178 1406.76 1287.88 1009.16 1026.35 795.19 523.05
6922868286249-back_camera3-23.jpg 178 1383.39 1298.62 983.01 1012.81 800.77 571.62
6922868286249-back_camera3-21.jpg 178 1402.64 1291.78 992.65 1012.67 819.99 558.21
6922868286249-back_camera3-27.jpg 178 1355.82 1301.45 1053.3 992.36 605.03 618.19
6922868286249-back_camera3-22.jpg 178 1389.88 1297.07 980.07 1009.41 819.63 575.32
6922868286249-back_camera3-26.jpg 178 1358.21 1297.36 1033.37 997.7 649.68 599.32
6922868286249-back_camera3-28.jpg 178 1357.13 1298.83 1082.24 989.73 549.79 618.19
6922868286249-back_camera3-24.jpg 178 1374.12 1302.32 982.7 1001.52 782.85 601.59
6922868286249-back_camera3-25.jpg 178 1369.55 1298.62 1000.64 1002.74 737.81 591.76
6922868286249-back_camera3-2.jpg 178 1366.34 1293.55 961.23 1013.4 810.22 560.31
6922868286249-back_camera3-29.jpg 178 1393.98 1290.01 1136.35 997.66 515.26 584.7
6922868286249-back_camera3-31.jpg 178 1409.59 1299.69 1069.39 1006.78 680.4 585.83
6922868286249-back_camera3-30.jpg 178 1409.84 1294.85 1108.92 1002.74 601.83 584.21
6922868286249-back_camera3-32.jpg 178 1408.27 1304.95 1043.12 1006.78 730.31 596.34
6922868286249-back_camera3-33.jpg 178 1396.59 1300.13 1011.21 1000.25 770.76 599.77
6922868286249-back_camera3-34.jpg 178 1391.49 1294.48 1006.21 1010.65 770.55 567.66
6922868286249-back_camera3-35.jpg 178 1378.07 1295.76 972.19 1009.41 811.75 572.69
6922868286249-back_camera3-36.jpg 178 1365.76 1291.07 970.42 1015.33 790.69 551.47
6922868286249-back_camera3-38.jpg 178 1365.03 1276.15 987.21 1022.07 755.64 508.16
6922868286249-back_camera3-37.jpg 178 1359.4 1288.43 971.0 1022.19 776.81 532.49
6922868286249-back_camera3-39.jpg 178 1372.82 1274.73 990.58 1027.79 764.47 493.88
6922868286249-back_camera3-3.jpg 178 1354.51 1294.88 948.08 997.62 812.85 594.51
6922868286249-back_camera3-40.jpg 178 1380.95 1280.81 995.22 1027.35 771.47 506.92
6922868286249-back_camera3-4.jpg 178 1346.53 1300.14 950.56 1008.11 791.94 584.06
6922868286249-back_camera3-8.jpg 178 1334.71 1301.0 1056.25 1001.52 556.93 598.96
6922868286249-back_camera3-9.jpg 178 1368.29 1293.58 1111.44 997.7 513.7 591.76
6922868286249-back_camera3-5.jpg 178 1342.6 1302.32 959.05 1001.52 767.09 601.59
6922868286249-back_camera3-6.jpg 178 1335.1 1300.75 976.97 995.92 716.25 609.67
6922868286249-back_camera3-7.jpg 178 1332.12 1299.21 1022.89 1004.26 618.45 589.9
6922868286249_camera0-10.jpg 178 1429.29 942.41 1043.12 709.92 772.35 464.98
6922868286249_camera0-11.jpg 178 1464.99 921.34 1082.24 705.63 765.5 431.42
6922868286249_camera0-17.jpg 178 1444.14 940.59 1084.47 704.65 719.35 471.87
6922868286249_camera0-13.jpg 178 1472.8 933.49 1071.15 713.15 803.29 440.67
6922868286249_camera0-1.jpg 178 1437.17 948.99 1169.22 717.81 535.91 462.36
6922868286249_camera0-12.jpg 178 1471.57 935.8 1076.98 710.89 789.17 449.83
6922868286249_camera0-15.jpg 178 1458.16 937.01 1054.77 709.32 806.79 455.37
6922868286249_camera0-18.jpg 178 1443.65 942.65 1105.86 720.34 675.58 444.63
6922868286249_camera0-14.jpg 178 1472.47 942.15 1058.92 707.66 827.1 468.98
6922868286249_camera0-19.jpg 178 1446.37 945.04 1140.32 715.18 612.1 459.73
6922868286249_camera0-16.jpg 178 1446.58 934.49 1050.67 700.37 791.81 468.24
6922868286249_camera0-22.jpg 178 1492.93 947.33 1199.57 720.7 586.73 453.26
6922868286249_camera0-21.jpg 178 1479.21 947.67 1219.13 715.18 520.15 464.98
6922868286249_camera0-20.jpg 178 1430.8 942.38 1158.53 703.0 544.53 478.77
6922868286249_camera0-23.jpg 178 1492.93 943.56 1161.8 720.7 662.27 445.71
6922868286249_camera0-24.jpg 178 1479.45 938.43 1111.17 703.0 736.56 470.87
6922868286249_camera0-25.jpg 178 1472.64 948.99 1087.78 717.81 769.72 462.36
6922868286249_camera0-26.jpg 178 1458.86 948.9 1051.7 718.68 814.31 460.45
6922868286249_camera0-2.jpg 178 1450.12 943.57 1169.35 718.19 561.54 450.75
6922868286249_camera0-27.jpg 178 1437.37 937.12 1019.1 703.0 836.53 468.24
6922868286249_camera0-32.jpg 178 1424.22 935.8 1040.15 713.52 768.13 444.57
6922868286249_camera0-30.jpg 178 1408.27 933.22 1037.86 712.55 740.82 441.34
6922868286249_camera0-28.jpg 178 1432.49 943.56 1033.37 723.22 798.25 440.67
6922868286249_camera0-29.jpg 178 1411.06 938.43 1013.84 708.26 794.44 460.35
6922868286249_camera0-31.jpg 178 1427.17 933.33 1053.71 719.09 746.93 428.47
6922868286249_camera0-34.jpg 178 1413.21 937.25 1011.05 710.63 804.32 453.25
6922868286249_camera0-33.jpg 178 1422.43 932.23 1035.89 713.15 773.07 438.16
6922868286249_camera0-35.jpg 178 1392.65 937.12 979.65 703.0 826.0 468.24
6922868286249_camera0-39.jpg 178 1371.7 950.57 1064.13 721.78 615.14 457.58
6922868286249_camera0-37.jpg 178 1388.7 934.49 1005.95 689.84 765.5 489.29
6922868286249_camera0-36.jpg 178 1387.44 942.61 1001.27 711.8 772.35 461.61
6922868286249_camera0-3.jpg 178 1445.27 945.01 1116.44 708.26 657.65 473.5
6922868286249_camera0-38.jpg 178 1374.31 948.23 1030.92 718.56 686.78 459.35
6922868286249_camera0-40.jpg 178 1373.62 950.17 1110.38 724.2 526.47 451.94
6922868286249_camera0-4.jpg 178 1452.94 950.29 1090.41 712.55 725.06 475.49
6922868286249_camera0-5.jpg 178 1445.09 941.04 1066.11 713.15 757.96 455.78
6922868286249_camera0-7.jpg 178 1432.8 948.28 1021.38 713.66 822.84 469.25
6922868286249_camera0-6.jpg 178 1440.77 944.1 1038.23 713.15 805.08 461.9
6922868286249_camera0-9.jpg 178 1427.78 939.2 1028.37 706.29 798.82 465.82
6922868286249_camera1-11.jpg 178 1297.92 1068.64 1029.64 699.04 536.56 739.21
6922868286249_camera1-10.jpg 178 1261.26 1068.21 1020.78 700.56 480.96 735.3
6922868286249_camera0-8.jpg 178 1431.24 938.52 1025.82 710.63 810.84 455.78
6922868286249_camera1-12.jpg 178 1299.63 1073.95 988.89 687.78 621.48 772.35
6922868286249_camera1-13.jpg 178 1294.0 1068.16 957.15 677.42 673.7 781.49
6922868286249_camera1-14.jpg 178 1290.06 1068.64 913.88 681.95 752.35 773.39
6922868286249_camera1-15.jpg 178 1288.97 1069.47 904.95 693.01 768.03 752.92
6922868286249_camera1-16.jpg 178 1284.24 1073.95 886.81 699.04 794.86 749.83
6922868286249_camera1-17.jpg 178 1279.61 1063.54 884.62 717.11 789.97 692.85
6922868286249_camera1-18.jpg 178 1276.23 1053.74 886.86 732.02 778.74 643.45
6922868286249_camera1-1.jpg 178 1269.02 1044.97 895.47 752.98 747.09 583.99
6922868286249_camera1-19.jpg 178 1268.47 1052.03 893.9 757.85 749.14 588.35
6922868286249_camera1-21.jpg 178 1305.68 1049.51 938.01 760.96 735.35 577.09
6922868286249_camera1-28.jpg 178 1267.56 1048.06 980.49 670.34 574.13 755.44
6922868286249_camera1-24.jpg 178 1291.38 1051.55 892.84 679.32 797.07 744.45
6922868286249_camera1-20.jpg 178 1287.7 1044.29 925.09 791.21 725.22 506.15
6922868286249_camera1-23.jpg 178 1298.23 1053.5 901.55 703.13 793.37 700.74
6922868286249_camera1-22.jpg 178 1294.0 1047.61 898.1 718.78 791.8 657.65
6922868286249_camera1-25.jpg 178 1283.93 1055.62 904.95 672.86 757.96 765.51
6922868286249_camera1-26.jpg 178 1276.37 1046.8 915.02 657.75 722.7 778.1
6922868286249_camera1-27.jpg 178 1269.01 1048.91 924.4 653.01 689.21 791.81
6922868286249_camera1-29.jpg 178 1268.0 1050.36 1011.3 677.86 513.4 745.0
6922868286249_camera1-2.jpg 178 1267.55 1045.55 884.8 728.26 765.51 634.57
6922868286249_camera1-30.jpg 178 1267.7 1047.6 1024.37 684.58 486.66 726.04
6922868286249_camera1-31.jpg 178 1299.04 1044.28 1040.93 675.38 516.22 737.81
6922868286249_camera1-32.jpg 178 1299.09 1051.24 989.99 663.27 618.2 775.94
6922868286249_camera1-33.jpg 178 1294.37 1049.56 954.36 657.76 680.02 783.6
6922868286249_camera1-36.jpg 178 1265.05 1050.58 879.77 680.41 770.55 740.33
6922868286249_camera1-38.jpg 178 1254.54 1041.03 863.9 713.52 781.28 655.01
6922868286249_camera1-39.jpg 178 1248.67 1039.25 877.25 743.37 742.85 591.76
6922868286249_camera1-40.jpg 178 1261.26 1036.73 902.43 768.55 717.67 536.36
6922868286249_camera1-5.jpg 178 1247.46 1066.83 859.04 684.03 776.85 765.59
6922868286249_camera1-35.jpg 178 1277.63 1053.1 897.39 670.34 760.48 765.51
6922868286249_camera1-4.jpg 178 1256.93 1070.17 860.43 701.39 793.0 737.57
6922868286249_camera1-34.jpg 178 1282.16 1054.18 905.99 658.28 752.35 791.81
6922868286249_camera1-37.jpg 178 1261.16 1046.18 861.85 686.28 798.62 719.81
6922868286249_camera1-6.jpg 178 1241.12 1063.17 877.25 677.9 727.74 770.55
6922868286249_camera1-3.jpg 178 1259.3 1060.46 860.67 712.99 797.26 694.94
6922868286249_camera1-9.jpg 178 1240.55 1071.33 967.44 689.18 546.21 764.3
6922868286249_camera1-8.jpg 178 1238.6 1070.72 927.61 680.41 621.98 780.62
6922868286249_camera1-7.jpg 178 1239.43 1070.69 892.96 673.9 692.95 793.59
6922868286249_camera2-11.jpg 178 1189.78 778.93 841.4 533.81 696.75 490.24
6922868286249_camera2-10.jpg 178 1181.94 783.66 844.51 569.62 674.86 428.08
6922868286249_camera2-12.jpg 178 1189.55 777.67 821.06 490.42 736.98 574.5
6922868286249_camera2-13.jpg 178 1191.41 774.02 816.55 453.09 749.72 641.86
6922868286249_camera2-15.jpg 178 1182.09 766.8 810.04 395.57 744.1 742.45
6922868286249_camera2-14.jpg 178 1187.16 773.95 812.68 428.6 748.97 690.69
6922868286249_camera2-19.jpg 178 1184.47 763.48 923.91 404.49 521.12 717.98
6922868286249_camera2-16.jpg 178 1180.85 768.97 821.06 385.97 719.57 765.99
6922868286249_camera2-18.jpg 178 1187.59 763.76 884.83 389.24 605.51 749.04
6922868286249_camera2-1.jpg 178 1178.26 789.81 934.93 437.31 486.66 705.0
6922868286249_camera2-17.jpg 178 1183.2 768.55 857.1 393.35 652.2 750.4
6922868286249_camera2-20.jpg 178 1183.29 765.1 964.87 428.46 436.84 673.27
6922868286249_camera2-21.jpg 178 1182.19 755.61 929.66 400.48 505.07 710.26
6922868286249_camera2-23.jpg 178 1172.14 766.07 844.27 380.17 655.74 771.8
6922868286249_camera2-24.jpg 178 1165.58 758.47 821.85 383.27 687.45 750.4
6922868286249_camera2-22.jpg 178 1170.37 754.29 887.58 382.06 565.57 744.45
6922868286249_camera2-26.jpg 178 1164.05 760.77 780.24 406.74 767.61 708.06
6922868286249_camera2-27.jpg 178 1160.53 761.0 779.04 433.64 762.99 654.72
6922868286249_camera2-25.jpg 178 1167.16 760.26 791.63 392.19 751.07 736.15
6922868286249_camera2-2.jpg 178 1179.97 792.91 900.11 425.24 559.72 735.35
6922868286249_camera2-31.jpg 178 1158.03 773.59 814.3 536.88 687.45 473.41
6922868286249_camera2-28.jpg 178 1161.33 762.47 790.92 476.12 740.82 572.69
6922868286249_camera2-32.jpg 178 1155.5 776.1 794.15 494.07 722.7 564.06
6922868286249_camera2-30.jpg 178 1160.53 764.0 821.06 543.48 678.95 441.03
6922868286249_camera2-34.jpg 178 1153.46 782.17 772.54 434.09 761.84 696.16
6922868286249_camera2-38.jpg 178 1156.76 783.66 859.62 416.01 594.28 735.3
6922868286249_camera2-33.jpg 178 1151.95 781.91 777.09 458.35 749.72 647.12
6922868286249_camera2-35.jpg 178 1152.99 779.88 784.08 416.01 737.81 727.74
6922868286249_camera2-36.jpg 178 1153.45 784.79 790.92 402.56 725.06 764.46
6922868286249_camera2-37.jpg 178 1152.99 781.14 824.37 408.46 657.23 745.37
6922868286249_camera2-39.jpg 178 1160.03 782.16 896.01 420.95 528.03 722.43
6922868286249_camera2-4.jpg 178 1182.05 794.17 835.57 420.12 692.95 748.1
6922868286249_camera2-3.jpg 178 1175.62 789.81 848.12 413.63 655.01 752.35
6922868286249_camera2-9.jpg 178 1181.94 788.69 826.89 531.84 710.11 513.7
6922868286249_camera2-6.jpg 178 1177.93 787.21 797.84 427.42 760.19 719.57
6922868286249_camera2-5.jpg 178 1181.04 792.67 814.57 423.58 732.94 738.19
6922868286249_camera2-40.jpg 178 1159.84 783.23 948.08 439.94 423.52 686.58
6922868286249_camera2-7.jpg 178 1180.68 788.69 796.67 456.3 768.03 664.79
6922868286249_camera2-8.jpg 178 1182.91 790.16 808.39 490.71 749.04 598.91
6922868286249_camera3-14.jpg 178 1396.46 1299.69 993.21 1006.78 806.5 585.83
6922868286249_camera3-12.jpg 178 1418.95 1301.45 1055.93 1002.88 726.04 597.14
6922868286249_camera3-13.jpg 178 1407.32 1304.91 1020.78 1012.81 773.07 584.21
6922868286249_camera3-11.jpg 178 1413.38 1298.59 1084.03 998.02 658.7 601.14
6922868286249_camera3-10.jpg 178 1410.9 1299.68 1127.18 1001.52 567.44 596.33
6922868286249_camera3-17.jpg 178 1378.36 1283.51 980.49 1025.4 795.73 516.22
6922868286249_camera3-15.jpg 178 1390.01 1297.51 977.01 1013.4 826.0 568.21
6922868286249_camera3-16.jpg 178 1384.89 1287.33 974.9 1009.19 819.99 556.28
6922868286249_camera3-19.jpg 178 1399.76 1275.95 1018.26 1040.51 763.0 470.89
6922868286249_camera3-18.jpg 178 1362.39 1276.46 974.38 1018.67 776.02 515.59
6922868286249_camera3-1.jpg 178 1372.78 1280.8 981.03 1018.56 783.5 524.49
6922868286249_camera3-20.jpg 178 1414.84 1279.98 1032.61 1027.79 764.46 504.39
6922868286249_camera3-21.jpg 178 1409.7 1283.85 1008.94 1013.12 801.52 541.45
6922868286249_camera3-24.jpg 178 1384.76 1293.56 982.28 997.62 804.96 591.88
6922868286249_camera3-22.jpg 178 1400.24 1287.39 992.17 1010.21 816.14 554.36
6922868286249_camera3-25.jpg 178 1380.88 1298.62 1008.19 1002.74 745.37 591.76
6922868286249_camera3-23.jpg 178 1396.45 1293.12 995.83 1006.78 801.24 572.69
6922868286249_camera3-29.jpg 178 1397.9 1289.62 1137.48 994.99 520.85 589.25
6922868286249_camera3-27.jpg 178 1367.03 1293.58 1056.04 997.7 621.98 591.76
6922868286249_camera3-26.jpg 178 1366.34 1294.88 1011.21 997.62 710.26 594.51
6922868286249_camera3-28.jpg 178 1359.67 1289.19 1103.54 991.02 512.27 596.34
6922868286249_camera3-2.jpg 178 1366.34 1289.61 958.6 1010.77 815.48 557.68
6922868286249_camera3-30.jpg 178 1418.35 1290.11 1142.29 991.67 552.11 596.88
6922868286249_camera3-31.jpg 178 1416.16 1294.44 1098.29 991.02 635.74 606.84
6922868286249_camera3-32.jpg 178 1407.31 1292.32 1058.55 992.66 697.52 599.32
6922868286249_camera3-33.jpg 178 1400.61 1293.18 1024.44 992.9 752.34 600.56
6922868286249_camera3-3.jpg 178 1360.98 1294.43 951.17 1004.15 819.63 580.57
6922868286249_camera3-34.jpg 178 1388.43 1288.55 1000.64 995.18 775.59 586.73
6922868286249_camera3-36.jpg 178 1357.13 1281.72 950.71 1002.88 812.85 557.68
6922868286249_camera3-40.jpg 178 1384.65 1271.97 1012.79 1024.99 743.72 493.97
6922868286249_camera3-35.jpg 178 1380.81 1296.19 974.38 997.62 812.85 597.14
6922868286249_camera3-38.jpg 178 1345.22 1278.67 961.68 1014.66 767.09 528.03
6922868286249_camera3-37.jpg 178 1353.72 1281.96 956.93 1008.08 793.59 547.76
6922868286249_camera3-5.jpg 178 1344.37 1294.84 970.42 992.66 747.89 604.35
6922868286249_camera3-6.jpg 178 1336.03 1298.38 977.44 993.64 717.18 609.47
6922868286249_camera3-39.jpg 178 1357.13 1265.93 987.54 1013.4 739.19 505.07
6922868286249_camera3-4.jpg 178 1351.44 1297.79 950.68 997.22 801.52 601.14
6922868286249_camera3-8.jpg 178 1338.07 1299.87 1063.59 1005.25 548.95 589.24
6922868286249_camera3-7.jpg 178 1334.72 1303.63 1014.22 996.27 640.99 614.72
6922868286249_camera3-9.jpg 178 1378.18 1293.56 1116.44 997.62 523.49 591.88
