6922266457616-back_camera0-11.jpg 179 1416.39 1136.14 1130.41 902.41 571.95 467.47
6922266457616-back_camera0-12.jpg 179 1420.27 1127.84 1074.35 895.03 691.84 465.61
6922266457616-back_camera0-10.jpg 179 1351.61 1135.82 1067.76 907.47 567.7 456.7
6922266457616-back_camera0-14.jpg 179 1409.59 1134.19 977.44 899.07 864.29 470.24
6922266457616-back_camera0-13.jpg 179 1421.74 1129.02 1026.49 897.74 790.49 462.56
6922266457616-back_camera0-15.jpg 179 1403.29 1131.68 927.21 900.38 952.16 462.61
6922266457616-back_camera0-18.jpg 179 1359.24 1128.1 857.35 904.5 1003.79 447.19
6922266457616-back_camera0-17.jpg 179 1375.55 1134.41 869.16 900.29 1012.77 468.24
6922266457616-back_camera0-19.jpg 179 1350.49 1123.68 851.35 896.44 998.27 454.48
6922266457616-back_camera0-16.jpg 179 1388.56 1132.81 901.99 907.1 973.13 451.41
6922266457616-back_camera0-1.jpg 179 1464.92 1119.27 979.41 903.14 971.02 432.26
6922266457616-back_camera0-22.jpg 179 1388.58 1126.31 882.87 896.44 1011.41 459.73
6922266457616-back_camera0-21.jpg 179 1376.74 1121.45 890.02 902.37 973.44 438.16
6922266457616-back_camera0-23.jpg 179 1375.55 1117.32 866.53 884.51 1018.03 465.61
6922266457616-back_camera0-24.jpg 179 1373.13 1135.99 860.7 898.59 1024.86 474.79
6922266457616-back_camera0-25.jpg 179 1361.69 1139.98 860.95 901.57 1001.48 476.81
6922266457616-back_camera0-26.jpg 179 1361.58 1142.62 892.59 902.11 937.98 481.02
6922266457616-back_camera0-28.jpg 179 1365.03 1143.62 950.71 895.03 828.63 497.18
6922266457616-back_camera0-30.jpg 179 1394.07 1150.94 1087.11 903.66 613.93 494.56
6922266457616-back_camera0-39.jpg 179 1445.32 1130.43 946.69 897.07 997.26 466.73
6922266457616-back_camera0-40.jpg 179 1447.89 1127.84 950.71 895.03 994.36 465.61
6922266457616-back_camera0-9.jpg 179 1352.33 1134.59 1010.71 898.16 683.24 472.86
6922266457616-back_camera1-19.jpg 179 1209.8 1061.23 736.56 767.06 946.48 588.35
6922266457616-back_camera1-20.jpg 179 1231.05 1060.65 763.93 763.51 934.23 594.28
6922266457616-back_camera2-12.jpg 179 1126.55 801.28 660.69 453.78 931.71 695.01
6922266457616-back_camera2-13.jpg 179 1132.22 806.9 656.08 405.74 952.27 802.33
6922266457616-back_camera2-14.jpg 179 1138.74 813.79 671.9 376.79 933.69 874.0
6922266457616-back_camera2-17.jpg 179 1159.28 827.72 781.56 358.09 755.44 939.26
6922266457616-back_camera2-19.jpg 179 1182.2 824.0 940.19 384.7 484.03 878.61
6922266457616-back_camera2-20.jpg 179 1190.76 827.73 945.24 393.35 491.04 868.76
6922266457616-back_camera2-1.jpg 179 1158.02 730.78 872.21 282.55 571.62 896.46
6922266457616-back_camera2-2.jpg 179 1145.23 740.59 791.54 268.39 707.38 944.39
6922266457616-back_camera2-39.jpg 179 1162.28 735.83 894.96 284.19 534.63 903.27
6922266457616-back_camera2-3.jpg 179 1145.43 739.59 758.9 269.96 773.07 939.26
6922266457616-back_camera2-40.jpg 179 1160.3 722.74 911.8 287.87 496.99 869.74
6922266457616-back_camera3-10.jpg 179 1389.54 1293.28 1057.57 979.65 663.94 627.27
6922266457616-back_camera3-18.jpg 179 1310.37 1287.29 821.85 1025.4 977.04 523.77
6922266457616-back_camera3-16.jpg 179 1327.99 1304.91 821.85 1020.36 1012.29 569.1
6922266457616-back_camera3-17.jpg 179 1315.04 1296.3 814.6 1020.02 1000.87 552.55
6922266457616-back_camera3-20.jpg 179 1353.17 1298.62 857.1 1022.88 992.15 551.47
6922266457616-back_camera3-19.jpg 179 1348.0 1290.72 849.18 1017.86 997.64 545.72
6922266457616-back_camera3-21.jpg 179 1350.65 1311.2 844.51 1017.84 1012.29 586.73
6922266457616-back_camera3-22.jpg 179 1336.03 1317.14 820.38 1004.15 1031.3 625.98
6922266457616_camera0-13.jpg 179 1447.61 1139.97 1056.04 889.42 783.14 501.11
6922266457616_camera0-10.jpg 179 1317.92 1138.72 998.12 894.46 639.61 488.52
6922266457616_camera0-11.jpg 179 1392.2 1139.98 1091.29 894.46 601.83 491.04
6922266457616_camera0-15.jpg 179 1460.19 1145.01 980.49 896.97 959.41 496.07
6922266457616_camera0-12.jpg 179 1437.17 1143.38 1100.91 888.56 672.52 509.64
6922266457616_camera0-21.jpg 179 1470.24 1125.2 974.38 895.03 991.73 460.35
6922266457616_camera0-1.jpg 179 1360.73 1105.99 889.84 894.46 941.78 423.05
6922266457616_camera0-20.jpg 179 1449.03 1126.65 942.04 891.9 1013.97 469.51
6922266457616_camera0-30.jpg 179 1403.16 1131.79 1103.28 884.51 599.77 494.55
6922266457616_camera0-2.jpg 179 1372.06 1105.97 899.91 896.97 944.3 418.01
6922266457616_camera0-31.jpg 179 1465.72 1134.12 1175.25 893.82 580.95 480.59
6922266457616_camera0-32.jpg 179 1483.57 1131.53 1154.07 895.36 659.01 472.34
6922266457616_camera0-33.jpg 179 1469.01 1136.19 1096.33 909.56 745.37 453.26
6922266457616_camera0-38.jpg 179 1371.6 1113.36 882.31 876.61 978.58 473.5
6922266457616_camera0-6.jpg 179 1322.07 1129.86 833.91 891.11 976.32 477.5
6922266457616_camera0-37.jpg 179 1398.95 1123.15 909.65 894.06 978.61 458.19
6922266457616_camera0-7.jpg 179 1314.15 1129.9 854.59 891.94 919.12 475.93
6922266457616_camera0-5.jpg 179 1324.25 1121.26 816.55 876.61 1015.4 489.29
6922266457616_camera0-40.jpg 179 1344.18 1117.65 864.56 890.87 959.24 453.56
6922266457616_camera0-3.jpg 179 1358.35 1107.5 860.08 889.71 996.53 435.57
6922266457616_camera0-4.jpg 179 1341.35 1115.99 837.59 879.24 1007.51 473.5
6922266457616_camera0-9.jpg 179 1316.52 1133.24 937.1 884.43 758.84 497.63
6922266457616_camera0-39.jpg 179 1356.95 1107.24 877.25 891.94 959.41 430.6
6922266457616_camera0-8.jpg 179 1296.63 1134.41 866.53 887.14 860.2 494.55
6922266457616_camera1-10.jpg 179 1250.89 1109.38 972.35 659.24 557.09 900.29
6922266457616_camera1-13.jpg 179 1307.85 1137.45 897.39 670.34 820.91 934.23
6922266457616_camera1-11.jpg 179 1294.01 1113.36 982.28 650.38 623.45 925.96
6922266457616_camera1-12.jpg 179 1299.32 1137.35 929.22 664.09 740.2 946.52
6922266457616_camera1-14.jpg 179 1314.14 1139.97 869.69 672.86 888.9 934.23
6922266457616_camera1-1.jpg 179 1216.39 1047.6 737.63 739.82 957.53 615.56
6922266457616_camera1-15.jpg 179 1312.88 1133.67 841.99 682.93 941.78 901.49
6922266457616_camera1-19.jpg 179 1305.26 1083.34 826.76 759.09 956.99 648.5
6922266457616_camera1-21.jpg 179 1346.61 1063.38 871.79 734.56 949.64 657.65
6922266457616_camera1-17.jpg 179 1303.27 1108.19 805.48 712.93 995.58 790.53
6922266457616_camera1-25.jpg 179 1292.74 1073.25 849.55 625.02 886.38 896.46
6922266457616_camera1-16.jpg 179 1314.31 1117.15 815.25 687.73 998.11 858.84
6922266457616_camera1-20.jpg 179 1330.02 1067.12 853.2 783.34 953.63 567.56
6922266457616_camera1-26.jpg 179 1282.67 1075.76 862.14 625.02 841.06 901.49
6922266457616_camera1-27.jpg 179 1278.56 1064.58 891.58 609.08 773.95 910.99
6922266457616_camera1-29.jpg 179 1271.64 1050.23 990.17 610.93 562.94 878.61
6922266457616_camera1-31.jpg 179 1319.17 1034.21 1018.26 599.83 601.83 868.76
6922266457616_camera1-28.jpg 179 1272.96 1063.39 940.19 610.93 665.54 904.92
6922266457616_camera1-2.jpg 179 1211.24 1055.38 712.11 707.3 998.27 696.16
6922266457616_camera1-34.jpg 179 1278.89 1037.99 847.03 607.39 863.72 861.2
6922266457616_camera1-30.jpg 179 1308.47 1037.08 1048.04 608.29 520.86 857.57
6922266457616_camera1-33.jpg 179 1299.03 1043.03 902.43 602.35 793.21 881.35
6922266457616_camera1-32.jpg 179 1309.43 1036.59 949.48 591.71 719.91 889.76
6922266457616_camera1-39.jpg 179 1203.24 1027.87 735.0 734.56 936.49 586.62
6922266457616_camera1-3.jpg 179 1201.26 1073.7 707.01 696.82 988.51 753.76
6922266457616_camera1-40.jpg 179 1220.68 1028.37 752.92 767.08 935.52 522.57
6922266457616_camera1-4.jpg 179 1196.8 1088.21 712.11 665.26 969.37 845.9
6922266457616_camera1-6.jpg 179 1195.8 1103.46 758.9 655.23 873.79 896.46
6922266457616_camera1-7.jpg 179 1195.35 1108.11 784.98 642.49 820.74 931.23
6922266457616_camera1-8.jpg 179 1204.61 1112.28 844.51 650.2 720.19 924.16
6922266457616_camera1-9.jpg 179 1212.57 1114.49 901.26 649.5 622.61 929.97
6922266457616_camera2-10.jpg 179 1217.63 800.9 788.53 569.99 858.21 461.83
6922266457616_camera2-12.jpg 179 1225.61 779.28 766.57 445.2 918.07 668.17
6922266457616_camera2-11.jpg 179 1228.39 792.45 785.0 508.94 886.79 567.03
6922266457616_camera2-13.jpg 179 1228.53 776.1 766.45 398.38 924.16 755.44
6922266457616_camera1-5.jpg 179 1196.05 1097.22 723.18 657.01 945.73 880.43
6922266457616_camera2-15.jpg 179 1220.31 758.26 780.61 310.32 879.39 895.88
6922266457616_camera2-18.jpg 179 1204.61 738.33 872.21 277.51 664.79 921.64
6922266457616_camera2-14.jpg 179 1223.07 762.46 756.77 339.51 932.59 845.9
6922266457616_camera2-16.jpg 179 1212.88 745.62 797.11 285.3 831.54 920.63
6922266457616_camera2-19.jpg 179 1197.05 734.56 920.06 292.62 553.99 883.87
6922266457616_camera2-21.jpg 179 1186.29 723.06 901.26 271.21 570.06 903.7
6922266457616_camera2-1.jpg 179 1164.32 834.02 887.32 385.79 553.99 896.46
6922266457616_camera2-20.jpg 179 1197.48 719.22 970.62 290.25 453.72 857.94
6922266457616_camera2-26.jpg 179 1148.2 728.32 685.84 307.99 924.71 840.65
6922266457616_camera2-27.jpg 179 1140.39 738.33 680.83 363.13 919.12 750.4
6922266457616_camera2-24.jpg 179 1155.89 722.73 732.37 258.43 847.05 928.6
6922266457616_camera2-25.jpg 179 1152.14 727.0 698.98 292.23 906.32 869.55
6922266457616_camera2-28.jpg 179 1136.17 747.72 666.61 403.11 939.12 689.21
6922266457616_camera2-29.jpg 179 1132.84 747.15 688.39 473.93 888.9 546.44
6922266457616_camera2-32.jpg 179 1115.21 772.33 655.65 431.12 919.12 682.41
6922266457616_camera2-30.jpg 179 1120.66 752.62 697.01 527.16 847.3 450.92
6922266457616_camera2-31.jpg 179 1118.36 760.59 671.39 476.87 893.94 567.44
6922266457616_camera2-33.jpg 179 1119.29 781.08 646.62 392.74 945.34 776.68
6922266457616_camera2-3.jpg 179 1181.94 831.5 809.26 368.17 745.37 926.67
6922266457616_camera2-38.jpg 179 1134.86 822.68 803.4 361.02 662.91 923.33
6922266457616_camera2-36.jpg 179 1121.59 800.89 708.29 333.15 826.59 935.48
6922266457616_camera2-34.jpg 179 1118.99 792.48 658.17 378.24 921.64 828.47
6922266457616_camera2-35.jpg 179 1117.88 796.24 675.9 347.5 883.97 897.48
6922266457616_camera2-37.jpg 179 1123.01 810.86 737.63 342.61 770.76 936.49
6922266457616_camera2-40.jpg 179 1155.89 816.12 921.77 387.33 468.24 857.57
6922266457616_camera2-39.jpg 179 1146.68 815.13 872.21 370.68 548.95 888.9
6922266457616_camera2-4.jpg 179 1187.05 823.05 754.71 362.73 864.67 920.64
6922266457616_camera2-5.jpg 179 1194.03 825.32 745.52 374.17 897.03 902.29
6922266457616_camera2-7.jpg 179 1202.82 815.21 738.56 435.81 928.51 758.81
6922266457616_camera2-8.jpg 179 1210.9 811.36 748.82 471.41 924.16 679.9
6922266457616_camera2-6.jpg 179 1196.53 818.49 737.18 402.56 918.71 831.86
6922266457616_camera3-10.jpg 179 1411.01 1333.91 1074.2 992.84 673.62 682.15
6922266457616_camera2-9.jpg 179 1219.72 798.77 771.49 516.74 896.46 564.06
6922266457616_camera3-12.jpg 179 1421.88 1342.29 985.49 994.99 872.79 694.6
6922266457616_camera3-13.jpg 179 1424.94 1342.68 950.27 1000.22 949.34 684.93
6922266457616_camera3-1.jpg 179 1318.99 1286.98 824.44 1008.14 989.1 557.68
6922266457616_camera3-20.jpg 179 1457.1 1290.93 955.97 1016.04 1002.25 549.79
6922266457616_camera3-29.jpg 179 1425.35 1294.44 1135.06 972.63 580.57 643.62
6922266457616_camera3-28.jpg 179 1363.25 1299.88 1078.7 982.59 569.1 634.57
6922266457616_camera3-34.jpg 179 1380.69 1283.93 906.51 980.51 948.36 606.84
6922266457616_camera3-2.jpg 179 1308.92 1296.77 799.09 1004.16 1019.67 585.22
6922266457616_camera3-33.jpg 179 1403.99 1285.73 952.87 977.44 902.25 616.58
6922266457616_camera3-37.jpg 179 1322.9 1266.86 832.96 996.27 979.88 541.17
6922266457616_camera3-38.jpg 179 1305.84 1263.31 829.7 1010.77 952.27 505.07
6922266457616_camera3-40.jpg 179 1333.47 1276.12 854.06 1018.74 958.82 514.76
6922266457616_camera3-39.jpg 179 1322.94 1258.05 848.12 1016.04 949.64 484.03
6922266457616_camera3-3.jpg 179 1300.0 1307.39 798.99 998.9 1002.02 616.98
6922266457616_camera3-8.jpg 179 1292.74 1321.28 977.97 987.63 629.53 667.31
