6907777819061-back_camera0-12.jpg 18 1452.28 1214.09 894.62 1088.7 1115.32 250.78
6907777819061-back_camera0-11.jpg 18 1364.51 1215.52 801.7 1098.42 1125.61 234.19
6907777819061-back_camera0-10.jpg 18 1301.11 1217.03 703.76 1100.25 1194.7 233.55
6907777819061-back_camera0-17.jpg 18 1481.61 1210.48 799.19 1078.28 1364.83 264.4
6907777819061-back_camera0-14.jpg 18 1529.07 1213.58 938.98 1086.56 1180.18 254.03
6907777819061-back_camera0-16.jpg 18 1496.01 1214.66 843.48 1085.97 1305.05 257.38
6907777819061-back_camera0-15.jpg 18 1502.65 1214.98 864.84 1080.08 1275.62 269.8
6907777819061-back_camera0-13.jpg 18 1532.15 1214.84 992.64 1093.57 1079.02 242.53
6907777819061-back_camera0-18.jpg 18 1470.27 1206.71 781.56 1063.17 1377.42 287.07
6907777819061-back_camera0-21.jpg 18 1520.16 1204.09 841.65 1045.27 1357.03 317.63
6907777819061-back_camera0-1.jpg 18 1346.03 1213.28 713.87 1058.33 1264.31 309.9
6907777819061-back_camera0-19.jpg 18 1460.56 1199.88 769.87 1055.26 1381.38 289.23
6907777819061-back_camera0-20.jpg 18 1463.97 1200.98 793.16 1051.81 1341.63 298.35
6907777819061-back_camera0-22.jpg 18 1560.91 1207.96 882.28 1048.06 1357.27 319.8
6907777819061-back_camera0-23.jpg 18 1577.7 1201.51 910.74 1041.75 1333.93 319.53
6907777819061-back_camera0-25.jpg 18 1540.78 1196.63 836.96 1032.95 1407.64 327.36
6907777819061-back_camera0-24.jpg 18 1558.01 1199.65 870.84 1033.84 1374.35 331.63
6907777819061-back_camera0-28.jpg 18 1428.72 1194.12 786.6 1025.4 1284.25 337.43
6907777819061-back_camera0-2.jpg 18 1372.55 1207.95 718.38 1066.88 1308.35 282.13
6907777819061-back_camera0-30.jpg 18 1392.47 1194.98 843.0 1024.78 1098.93 340.41
6907777819061-back_camera0-26.jpg 18 1495.03 1197.97 805.17 1027.81 1379.72 340.32
6907777819061-back_camera0-31.jpg 18 1386.5 1194.83 893.46 1025.55 986.08 338.56
6907777819061-back_camera0-27.jpg 18 1465.26 1192.75 791.56 1025.29 1347.4 334.93
6907777819061-back_camera0-29.jpg 18 1404.38 1193.86 813.29 1024.58 1182.19 338.56
6907777819061-back_camera0-32.jpg 18 1478.14 1189.1 974.69 1021.52 1006.9 335.16
6907777819061-back_camera0-33.jpg 18 1504.15 1194.62 975.25 1026.33 1057.81 336.58
6907777819061-back_camera0-35.jpg 18 1429.36 1203.51 829.94 1033.31 1198.84 340.41
6907777819061-back_camera0-37.jpg 18 1420.46 1211.88 765.34 1040.66 1310.24 342.45
6907777819061-back_camera0-38.jpg 18 1399.59 1210.49 744.59 1044.67 1310.0 331.63
6907777819061-back_camera0-34.jpg 18 1498.22 1197.5 908.98 1027.3 1178.49 340.41
6907777819061-back_camera0-39.jpg 18 1376.87 1221.22 729.74 1071.28 1294.25 299.89
6907777819061-back_camera0-36.jpg 18 1424.21 1206.75 806.03 1026.56 1236.37 360.39
6907777819061-back_camera0-4.jpg 18 1406.45 1209.91 733.71 1079.02 1345.48 261.78
6907777819061-back_camera0-6.jpg 18 1368.47 1209.94 672.38 1091.23 1392.17 237.42
6907777819061-back_camera0-40.jpg 18 1337.4 1218.59 721.85 1047.6 1231.11 341.98
6907777819061-back_camera0-5.jpg 18 1376.41 1213.02 675.21 1089.65 1402.41 246.73
6907777819061-back_camera0-3.jpg 18 1414.53 1207.83 748.8 1079.14 1331.45 257.38
6907777819061-back_camera0-8.jpg 18 1330.83 1221.22 671.87 1094.95 1317.92 252.54
6907777819061-back_camera0-7.jpg 18 1344.72 1216.78 669.14 1100.22 1351.16 233.11
6907777819061-back_camera0-9.jpg 18 1303.2 1215.96 682.39 1087.06 1241.63 257.8
6907777819061-back_camera1-10.jpg 18 1193.9 1204.67 685.74 749.44 1016.32 910.46
6907777819061-back_camera1-11.jpg 18 1305.44 1205.3 815.76 761.93 979.37 886.73
6907777819061-back_camera1-13.jpg 18 1359.84 1229.72 823.47 725.74 1072.73 1007.97
6907777819061-back_camera1-12.jpg 18 1363.71 1217.27 869.16 739.82 989.1 954.9
6907777819061-back_camera1-15.jpg 18 1338.38 1235.58 717.61 696.62 1241.53 1077.92
6907777819061-back_camera1-14.jpg 18 1349.24 1240.95 758.68 710.89 1181.13 1060.12
6907777819061-back_camera1-16.jpg 18 1327.99 1226.85 698.46 698.04 1259.07 1057.62
6907777819061-back_camera1-17.jpg 18 1322.46 1210.03 678.93 707.11 1287.07 1005.84
6907777819061-back_camera1-21.jpg 18 1400.53 1105.47 790.24 742.45 1220.59 726.04
6907777819061-back_camera1-18.jpg 18 1322.61 1190.93 685.48 722.23 1274.26 937.41
6907777819061-back_camera1-19.jpg 18 1321.94 1170.79 697.31 743.97 1249.26 853.64
6907777819061-back_camera1-20.jpg 18 1343.99 1143.62 721.85 781.91 1244.27 723.41
6907777819061-back_camera1-1.jpg 18 1219.9 1114.13 626.77 785.81 1186.26 656.65
6907777819061-back_camera1-25.jpg 18 1364.51 1124.86 708.53 627.53 1311.95 994.66
6907777819061-back_camera1-23.jpg 18 1399.22 1114.68 756.05 687.21 1286.35 854.94
6907777819061-back_camera1-24.jpg 18 1379.24 1120.41 719.29 644.42 1319.9 951.98
6907777819061-back_camera1-22.jpg 18 1427.46 1113.53 819.33 723.22 1216.26 780.62
6907777819061-back_camera1-26.jpg 18 1330.24 1123.87 685.6 607.58 1289.28 1032.58
6907777819061-back_camera1-27.jpg 18 1311.05 1119.87 696.47 604.28 1229.16 1031.17
6907777819061-back_camera1-28.jpg 18 1292.74 1116.05 711.05 609.91 1163.38 1012.29
6907777819061-back_camera1-29.jpg 18 1270.32 1101.53 750.78 608.29 1039.08 986.47
6907777819061-back_camera1-2.jpg 18 1240.07 1139.67 635.04 776.65 1210.07 726.04
6907777819061-back_camera1-32.jpg 18 1336.07 1107.76 848.53 656.52 975.08 902.48
6907777819061-back_camera1-31.jpg 18 1304.46 1088.62 862.75 655.19 883.42 866.87
6907777819061-back_camera1-30.jpg 18 1254.97 1092.13 786.6 625.02 936.75 934.23
6907777819061-back_camera1-35.jpg 18 1275.58 1112.05 656.08 613.56 1239.0 996.99
6907777819061-back_camera1-33.jpg 18 1326.38 1110.48 795.94 632.84 1060.87 955.28
6907777819061-back_camera1-34.jpg 18 1311.62 1117.32 741.27 622.5 1140.71 989.63
6907777819061-back_camera1-37.jpg 18 1251.91 1114.68 629.78 647.75 1244.27 933.86
6907777819061-back_camera1-36.jpg 18 1282.4 1120.46 660.35 628.66 1244.1 983.6
6907777819061-back_camera1-38.jpg 18 1238.6 1109.76 630.47 657.75 1216.26 904.01
6907777819061-back_camera1-40.jpg 18 1200.25 1102.89 623.83 750.52 1152.84 704.75
6907777819061-back_camera1-3.jpg 18 1238.61 1165.16 597.74 745.89 1281.73 838.54
6907777819061-back_camera1-39.jpg 18 1214.97 1099.76 625.0 698.43 1179.94 802.67
6907777819061-back_camera1-4.jpg 18 1232.31 1170.19 580.11 740.85 1304.39 858.68
6907777819061-back_camera1-5.jpg 18 1207.7 1184.53 531.07 712.21 1353.25 944.63
6907777819061-back_camera1-6.jpg 18 1202.09 1182.79 534.78 705.6 1334.61 954.37
6907777819061-back_camera1-8.jpg 18 1186.15 1193.61 574.54 703.0 1223.22 981.21
6907777819061-back_camera1-7.jpg 18 1183.2 1180.27 552.41 703.08 1261.59 954.37
6907777819061-back_camera2-10.jpg 18 1321.62 904.24 787.61 458.35 1068.02 891.77
6907777819061-back_camera1-9.jpg 18 1189.49 1200.4 653.13 735.81 1072.73 929.19
6907777819061-back_camera2-13.jpg 18 1337.92 852.2 760.56 375.75 1154.73 952.9
6907777819061-back_camera2-11.jpg 18 1330.83 852.94 816.55 476.77 1028.56 752.35
6907777819061-back_camera2-12.jpg 18 1344.44 847.73 794.25 416.75 1100.38 861.96
6907777819061-back_camera2-18.jpg 18 1306.6 835.28 774.01 272.48 1065.17 1125.61
6907777819061-back_camera2-15.jpg 18 1334.78 845.05 732.37 282.1 1204.81 1125.89
6907777819061-back_camera2-14.jpg 18 1330.83 848.99 732.37 329.45 1196.91 1039.08
6907777819061-back_camera2-16.jpg 18 1319.17 845.36 721.12 282.55 1196.11 1125.61
6907777819061-back_camera2-17.jpg 18 1315.37 843.29 748.76 269.24 1133.22 1148.11
6907777819061-back_camera2-20.jpg 18 1288.73 816.12 874.42 292.63 828.63 1046.97
6907777819061-back_camera2-1.jpg 18 1255.86 941.07 869.16 439.94 773.39 1002.25
6907777819061-back_camera2-19.jpg 18 1296.52 828.98 809.26 274.99 974.52 1107.98
6907777819061-back_camera2-21.jpg 18 1258.11 799.35 880.09 297.26 756.03 1004.18
6907777819061-back_camera2-22.jpg 18 1244.02 793.76 813.92 258.43 860.2 1070.65
6907777819061-back_camera2-23.jpg 18 1249.93 797.51 784.08 232.19 931.71 1130.64
6907777819061-back_camera2-25.jpg 18 1237.44 802.95 685.02 200.55 1104.84 1204.81
6907777819061-back_camera2-26.jpg 18 1239.78 814.56 679.65 222.67 1120.27 1183.79
6907777819061-back_camera2-27.jpg 18 1234.82 812.62 670.76 249.81 1128.12 1125.61
6907777819061-back_camera2-29.jpg 18 1213.76 831.89 656.08 347.87 1115.37 968.05
6907777819061-back_camera2-24.jpg 18 1250.0 802.74 724.75 204.7 1050.5 1196.09
6907777819061-back_camera2-28.jpg 18 1224.29 831.89 661.34 282.1 1125.89 1099.58
6907777819061-back_camera2-2.jpg 18 1280.14 937.27 869.69 403.42 820.91 1067.69
6907777819061-back_camera2-30.jpg 18 1195.35 838.47 661.34 405.74 1068.02 865.46
6907777819061-back_camera2-32.jpg 18 1198.28 879.95 652.35 451.01 1091.86 857.89
6907777819061-back_camera2-36.jpg 18 1200.83 891.93 600.25 332.91 1201.15 1118.05
6907777819061-back_camera2-35.jpg 18 1194.04 888.45 585.06 329.45 1217.96 1118.0
6907777819061-back_camera2-31.jpg 18 1195.35 858.2 692.91 476.77 1004.88 762.87
6907777819061-back_camera2-33.jpg 18 1197.06 879.35 625.44 403.42 1143.23 951.85
6907777819061-back_camera2-34.jpg 18 1196.79 885.98 597.09 365.69 1199.39 1040.58
6907777819061-back_camera2-37.jpg 18 1204.56 888.45 632.41 324.19 1144.3 1128.52
6907777819061-back_camera2-39.jpg 18 1213.41 918.38 723.64 375.72 979.55 1085.32
6907777819061-back_camera2-38.jpg 18 1205.88 900.29 666.61 334.71 1078.54 1131.15
6907777819061-back_camera2-3.jpg 18 1285.19 938.53 796.67 353.06 977.04 1170.93
6907777819061-back_camera2-6.jpg 18 1287.43 934.49 721.85 339.98 1131.15 1189.02
6907777819061-back_camera2-40.jpg 18 1232.31 932.23 819.33 418.53 825.95 1027.4
6907777819061-back_camera2-7.jpg 18 1292.08 925.73 726.17 363.67 1131.82 1124.12
6907777819061-back_camera2-5.jpg 18 1280.85 934.48 727.11 324.19 1107.47 1220.59
6907777819061-back_camera2-8.jpg 18 1296.47 923.8 729.74 377.69 1133.47 1092.22
6907777819061-back_camera3-11.jpg 18 1502.64 1413.19 967.36 1181.16 1070.57 464.06
6907777819061-back_camera2-4.jpg 18 1280.85 937.12 769.2 339.98 1023.3 1194.28
6907777819061-back_camera2-9.jpg 18 1313.8 903.18 766.04 433.79 1095.52 938.78
6907777819061-back_camera3-12.jpg 18 1488.67 1423.78 887.58 1163.35 1202.18 520.86
6907777819061-back_camera3-13.jpg 18 1482.5 1423.98 864.12 1167.13 1236.76 513.7
6907777819061-back_camera3-10.jpg 18 1382.12 1414.57 813.92 1189.65 1136.41 449.83
6907777819061-back_camera3-14.jpg 18 1461.12 1427.32 812.72 1166.64 1296.8 521.36
6907777819061-back_camera3-16.jpg 18 1438.68 1419.84 748.15 1152.83 1381.06 534.01
6907777819061-back_camera3-15.jpg 18 1441.32 1415.88 753.42 1150.19 1375.79 531.38
6907777819061-back_camera3-17.jpg 18 1429.62 1410.31 751.88 1179.36 1355.48 461.9
6907777819061-back_camera3-18.jpg 18 1422.84 1395.59 756.76 1163.66 1332.16 463.85
6907777819061-back_camera3-19.jpg 18 1463.21 1375.29 781.15 1142.73 1364.12 465.11
6907777819061-back_camera3-20.jpg 18 1512.34 1367.22 829.7 1110.74 1365.27 512.96
6907777819061-back_camera3-21.jpg 18 1555.88 1361.57 889.84 1103.46 1332.09 516.22
6907777819061-back_camera3-24.jpg 18 1458.41 1361.95 771.83 1058.12 1373.16 607.66
6907777819061-back_camera3-1.jpg 18 1367.81 1389.14 703.11 1216.15 1329.39 345.98
6907777819061-back_camera3-28.jpg 18 1351.91 1355.27 805.84 1074.68 1092.15 561.18
6907777819061-back_camera3-23.jpg 18 1509.02 1365.83 812.84 1082.98 1392.36 565.7
6907777819061-back_camera3-26.jpg 18 1405.8 1363.27 758.68 1055.49 1294.25 615.56
6907777819061-back_camera3-25.jpg 18 1435.01 1366.61 761.41 1073.24 1347.2 586.73
6907777819061-back_camera3-22.jpg 18 1532.91 1363.4 852.69 1096.12 1360.44 534.56
6907777819061-back_camera3-27.jpg 18 1370.29 1356.69 761.31 1058.12 1217.96 597.14
6907777819061-back_camera3-2.jpg 18 1378.36 1394.31 711.05 1204.19 1334.61 380.24
6907777819061-back_camera3-30.jpg 18 1425.67 1347.86 926.74 1084.72 997.87 526.28
6907777819061-back_camera3-29.jpg 18 1365.41 1348.87 871.16 1071.69 988.51 554.36
6907777819061-back_camera3-33.jpg 18 1428.16 1385.63 824.44 1121.26 1207.44 528.75
6907777819061-back_camera3-31.jpg 18 1473.51 1353.11 957.65 1099.5 1031.72 507.22
6907777819061-back_camera3-32.jpg 18 1430.79 1373.8 861.27 1110.74 1139.04 526.12
6907777819061-back_camera3-38.jpg 18 1317.82 1386.97 699.94 1164.24 1235.76 445.47
6907777819061-back_camera3-34.jpg 18 1408.43 1383.01 774.46 1121.26 1267.94 523.49
6907777819061-back_camera3-39.jpg 18 1314.51 1384.77 688.57 1181.88 1251.87 405.78
6907777819061-back_camera3-40.jpg 18 1346.97 1384.6 691.85 1203.5 1310.24 362.2
6907777819061-back_camera3-37.jpg 18 1325.57 1384.31 679.76 1147.56 1291.62 473.5
6907777819061-back_camera3-35.jpg 18 1380.13 1392.68 727.61 1138.6 1305.05 508.16
6907777819061-back_camera3-36.jpg 18 1365.77 1385.5 716.09 1138.72 1299.36 493.55
6907777819061-back_camera3-3.jpg 18 1326.88 1407.99 613.99 1187.02 1425.78 441.94
6907777819061-back_camera3-4.jpg 18 1317.67 1413.25 606.1 1184.39 1423.14 457.72
6907777819061-back_camera3-6.jpg 18 1274.26 1410.73 590.38 1181.39 1367.75 458.67
6907777819061-back_camera3-8.jpg 18 1262.53 1408.15 663.21 1184.04 1198.63 448.23
6907777819061-back_camera3-5.jpg 18 1286.01 1410.7 593.73 1177.08 1384.55 467.25
6907777819061-back_camera3-7.jpg 18 1259.8 1421.14 627.15 1189.65 1265.31 462.98
6907777819061_camera0-11.jpg 18 1517.6 1133.11 957.03 960.13 1121.14 345.96
6907777819061_camera0-10.jpg 18 1431.46 1126.58 884.17 959.0 1094.58 335.16
6907777819061-back_camera3-9.jpg 18 1337.41 1414.57 763.94 1205.44 1146.93 418.26
6907777819061_camera0-12.jpg 18 1583.64 1145.65 987.92 956.95 1191.44 377.41
6907777819061_camera0-15.jpg 18 1527.72 1155.61 832.3 958.45 1390.85 394.32
6907777819061_camera0-14.jpg 18 1552.26 1150.51 872.78 952.25 1358.95 396.52
6907777819061_camera0-13.jpg 18 1575.6 1150.84 924.62 956.45 1301.96 388.77
6907777819061_camera0-17.jpg 18 1476.57 1148.79 786.6 954.89 1379.94 387.79
6907777819061_camera0-16.jpg 18 1500.49 1150.05 806.74 952.37 1387.49 395.35
6907777819061_camera0-18.jpg 18 1434.66 1141.92 760.32 957.58 1348.69 368.69
6907777819061_camera0-1.jpg 18 1410.56 1086.66 715.86 967.33 1389.39 238.66
6907777819061_camera0-20.jpg 18 1443.94 1123.89 792.87 942.38 1302.14 363.02
6907777819061_camera0-21.jpg 18 1462.36 1117.31 813.92 952.9 1296.88 328.82
6907777819061_camera0-19.jpg 18 1416.56 1136.26 759.91 957.25 1313.3 358.02
6907777819061_camera0-22.jpg 18 1485.94 1112.71 877.27 961.93 1217.34 301.56
6907777819061_camera0-23.jpg 18 1447.89 1104.15 808.66 958.16 1278.46 291.99
6907777819061_camera0-24.jpg 18 1432.11 1104.15 782.35 960.79 1299.51 286.73
6907777819061_camera0-26.jpg 18 1369.86 1108.62 716.51 961.54 1306.7 294.15
6907777819061_camera0-28.jpg 18 1319.18 1107.62 748.44 961.47 1141.49 292.31
6907777819061_camera0-2.jpg 18 1457.1 1094.95 779.72 955.53 1354.75 278.84
6907777819061_camera0-29.jpg 18 1297.95 1108.11 766.57 955.53 1062.75 305.15
6907777819061_camera0-25.jpg 18 1414.24 1105.34 769.63 968.17 1289.23 274.34
6907777819061_camera0-32.jpg 18 1471.37 1107.0 914.18 960.63 1114.38 292.74
6907777819061_camera0-27.jpg 18 1334.77 1108.11 700.8 945.01 1267.94 326.19
6907777819061_camera0-31.jpg 18 1457.15 1097.74 947.33 961.36 1019.65 272.75
6907777819061_camera0-30.jpg 18 1378.18 1096.27 863.9 942.38 1028.56 307.78
6907777819061_camera0-36.jpg 18 1381.89 1118.5 674.8 962.94 1414.18 311.12
6907777819061_camera0-35.jpg 18 1404.48 1121.25 706.06 958.16 1396.84 326.19
6907777819061_camera0-33.jpg 18 1462.77 1110.4 868.9 963.32 1187.74 294.16
6907777819061_camera0-34.jpg 18 1429.4 1122.39 763.65 963.58 1331.51 317.63
6907777819061_camera0-3.jpg 18 1445.26 1109.42 763.94 960.79 1362.64 297.26
6907777819061_camera0-38.jpg 18 1326.01 1116.41 628.85 966.4 1394.33 300.02
6907777819061_camera0-37.jpg 18 1356.56 1120.14 643.4 962.3 1426.32 315.68
6907777819061_camera0-39.jpg 18 1315.05 1104.16 635.04 945.01 1360.01 318.3
6907777819061_camera0-4.jpg 18 1419.8 1122.32 758.41 967.84 1322.79 308.96
6907777819061_camera0-40.jpg 18 1358.45 1106.78 653.45 963.42 1409.99 286.73
6907777819061_camera0-6.jpg 18 1425.8 1130.93 764.61 962.51 1322.38 336.85
6907777819061_camera0-5.jpg 18 1432.11 1129.14 756.05 960.79 1352.12 336.71
6907777819061_camera0-8.jpg 18 1371.61 1133.1 771.83 955.53 1199.55 355.13
6907777819061_camera0-7.jpg 18 1402.23 1134.65 776.91 962.6 1250.64 344.11
6907777819061_camera0-9.jpg 18 1372.16 1128.45 830.18 960.16 1083.97 336.58
6907777819061_camera1-10.jpg 18 1300.58 1267.26 808.66 810.85 983.84 912.81
6907777819061_camera1-11.jpg 18 1383.57 1276.49 882.82 807.04 1001.5 938.9
6907777819061_camera1-12.jpg 18 1393.56 1282.95 844.97 795.96 1097.17 973.98
6907777819061_camera1-14.jpg 18 1387.39 1281.72 753.42 766.13 1267.94 1031.19
6907777819061_camera1-13.jpg 18 1395.28 1275.14 792.87 768.76 1204.81 1012.77
6907777819061_camera1-16.jpg 18 1364.87 1257.79 711.95 768.91 1305.83 977.76
6907777819061_camera1-17.jpg 18 1348.65 1243.65 695.16 774.95 1306.98 937.41
6907777819061_camera1-15.jpg 18 1378.18 1272.52 721.85 755.61 1312.66 1033.82
6907777819061_camera1-19.jpg 18 1347.3 1190.11 763.6 824.72 1167.39 730.77
6907777819061_camera1-20.jpg 18 1359.93 1178.47 773.81 834.89 1172.24 687.17
6907777819061_camera1-18.jpg 18 1337.29 1226.99 714.07 789.54 1246.43 874.91
6907777819061_camera1-1.jpg 18 1243.57 1200.78 638.36 820.23 1210.42 761.09
6907777819061_camera1-21.jpg 18 1393.29 1170.01 839.66 824.67 1107.26 690.69
6907777819061_camera1-24.jpg 18 1324.26 1185.71 719.22 716.15 1210.07 939.12
6907777819061_camera1-23.jpg 18 1341.72 1187.36 741.99 737.77 1199.46 899.18
6907777819061_camera1-22.jpg 18 1371.05 1181.04 798.17 791.8 1145.75 778.48
6907777819061_camera1-25.jpg 18 1315.05 1189.66 713.96 703.0 1202.18 973.32
6907777819061_camera1-27.jpg 18 1279.77 1175.41 723.82 691.62 1111.89 967.58
6907777819061_camera1-28.jpg 18 1275.66 1168.68 748.4 691.85 1054.53 953.66
6907777819061_camera1-26.jpg 18 1291.36 1177.82 703.43 681.95 1175.87 991.73
6907777819061_camera1-29.jpg 18 1258.24 1153.92 797.1 715.05 922.28 877.74
6907777819061_camera1-2.jpg 18 1245.86 1223.7 629.19 801.89 1233.34 843.62
6907777819061_camera1-30.jpg 18 1284.79 1143.7 849.46 740.28 870.65 806.84
6907777819061_camera1-31.jpg 18 1328.05 1162.14 874.91 732.53 906.27 859.23
6907777819061_camera1-34.jpg 18 1257.17 1204.12 640.3 718.78 1233.74 970.68
6907777819061_camera1-32.jpg 18 1308.92 1183.12 794.02 725.97 1029.8 914.31
6907777819061_camera1-33.jpg 18 1291.7 1198.48 716.3 723.94 1150.81 949.08
6907777819061_camera1-3.jpg 18 1253.23 1256.73 624.52 787.17 1257.42 939.12
6907777819061_camera1-37.jpg 18 1187.64 1188.37 546.0 734.61 1283.29 907.52
6907777819061_camera1-40.jpg 18 1193.13 1164.1 583.34 820.23 1219.58 687.74
6907777819061_camera1-36.jpg 18 1216.4 1192.28 574.54 718.78 1283.72 947.01
6907777819061_camera1-4.jpg 18 1244.97 1276.9 621.32 771.63 1247.31 1010.55
6907777819061_camera1-39.jpg 18 1154.58 1163.36 556.12 789.81 1196.91 747.09
6907777819061_camera1-35.jpg 18 1234.62 1200.76 606.65 718.57 1255.93 964.37
6907777819061_camera1-38.jpg 18 1163.86 1172.13 548.44 770.96 1230.83 802.35
6907777819061_camera1-6.jpg 18 1238.99 1299.35 638.36 733.11 1201.25 1132.47
6907777819061_camera1-5.jpg 18 1249.73 1296.22 639.55 760.14 1220.36 1072.15
6907777819061_camera1-7.jpg 18 1216.39 1301.45 640.3 755.61 1152.19 1091.69
6907777819061_camera1-8.jpg 18 1218.45 1292.32 695.94 768.55 1045.03 1047.54
6907777819061_camera2-11.jpg 18 1335.5 847.28 825.02 431.6 1020.96 831.36
6907777819061_camera2-10.jpg 18 1344.43 866.07 853.85 499.28 981.17 733.58
6907777819061_camera1-9.jpg 18 1220.34 1284.35 735.0 781.91 970.68 1004.88
6907777819061_camera2-13.jpg 18 1311.62 832.76 776.52 327.88 1070.21 1009.77
6907777819061_camera2-12.jpg 18 1324.7 843.5 795.84 376.4 1057.71 934.2
6907777819061_camera2-1.jpg 18 1292.74 942.31 887.32 436.16 810.84 1012.29
6907777819061_camera2-18.jpg 18 1278.22 797.7 803.4 232.12 949.64 1131.15
6907777819061_camera2-20.jpg 18 1272.3 804.94 893.9 318.76 756.79 972.37
6907777819061_camera2-17.jpg 18 1285.34 810.29 772.77 237.06 1025.13 1146.46
6907777819061_camera2-15.jpg 18 1291.37 814.79 748.15 242.64 1086.43 1144.3
6907777819061_camera2-14.jpg 18 1295.62 827.01 752.32 280.06 1086.6 1093.89
6907777819061_camera2-19.jpg 18 1278.21 795.07 874.42 282.1 807.59 1025.93
6907777819061_camera2-16.jpg 18 1290.22 813.88 763.93 237.22 1052.58 1153.31
6907777819061_camera2-21.jpg 18 1246.64 805.59 840.22 297.89 812.85 1015.4
6907777819061_camera2-24.jpg 18 1215.93 845.35 670.76 307.73 1090.35 1075.24
6907777819061_camera2-23.jpg 18 1227.0 843.5 699.27 298.92 1055.46 1089.15
6907777819061_camera2-22.jpg 18 1238.76 825.32 782.35 308.41 912.81 1033.82
6907777819061_camera2-26.jpg 18 1203.35 851.65 620.4 322.84 1165.9 1057.62
6907777819061_camera2-27.jpg 18 1192.72 852.93 613.99 337.34 1157.46 1031.19
6907777819061_camera2-25.jpg 18 1205.88 841.1 632.41 289.99 1146.93 1102.21
6907777819061_camera2-28.jpg 18 1187.33 853.22 624.79 379.39 1125.08 947.67
6907777819061_camera2-35.jpg 18 1235.95 936.83 690.84 361.12 1090.21 1151.42
6907777819061_camera2-30.jpg 18 1190.76 857.94 706.02 489.04 969.48 737.81
6907777819061_camera2-33.jpg 18 1221.66 916.08 674.5 400.48 1094.32 1031.19
6907777819061_camera2-29.jpg 18 1190.06 855.34 662.1 437.09 1055.92 836.49
6907777819061_camera2-31.jpg 18 1194.04 888.45 682.39 479.4 1023.3 818.11
6907777819061_camera2-32.jpg 18 1213.42 903.28 685.87 436.16 1055.1 934.23
6907777819061_camera2-34.jpg 18 1241.27 934.86 688.79 361.74 1104.96 1146.23
6907777819061_camera2-2.jpg 18 1302.26 932.42 839.88 404.69 924.77 1055.47
6907777819061_camera2-36.jpg 18 1238.6 944.82 708.53 360.61 1060.13 1168.41
6907777819061_camera2-38.jpg 18 1229.55 952.9 774.46 400.48 910.18 1104.84
6907777819061_camera2-37.jpg 18 1236.63 950.16 733.28 367.89 1006.7 1164.54
6907777819061_camera2-40.jpg 18 1247.96 946.33 858.64 450.46 778.65 991.73
6907777819061_camera2-3.jpg 18 1313.12 920.06 800.27 379.09 1025.69 1081.94
6907777819061_camera2-4.jpg 18 1322.95 905.79 776.52 365.65 1092.87 1080.28
6907777819061_camera2-39.jpg 18 1243.56 953.18 821.75 416.75 843.62 1072.87
6907777819061_camera2-6.jpg 18 1332.14 904.24 745.52 371.54 1173.24 1065.39
6907777819061_camera2-8.jpg 18 1334.7 895.75 776.21 430.49 1116.97 930.53
6907777819061_camera2-9.jpg 18 1330.51 889.42 794.15 461.34 1072.73 856.17
6907777819061_camera3-11.jpg 18 1547.85 1560.56 908.62 1234.37 1278.46 652.38
6907777819061_camera2-7.jpg 18 1337.56 902.76 748.4 389.25 1178.32 1027.02
6907777819061_camera3-10.jpg 18 1534.49 1547.91 960.35 1239.44 1148.27 616.94
6907777819061_camera2-5.jpg 18 1329.57 904.65 755.51 359.55 1148.11 1090.21
6907777819061_camera3-13.jpg 18 1532.41 1562.98 821.75 1228.28 1421.32 669.4
6907777819061_camera3-12.jpg 18 1541.35 1570.4 872.46 1238.36 1337.78 664.08
6907777819061_camera3-15.jpg 18 1486.64 1557.98 768.97 1236.92 1435.34 642.12
6907777819061_camera3-16.jpg 18 1457.1 1543.46 753.42 1234.37 1407.36 618.19
6907777819061_camera3-14.jpg 18 1511.62 1567.18 791.72 1233.22 1439.79 667.93
6907777819061_camera3-17.jpg 18 1435.01 1527.77 761.41 1236.92 1347.2 581.69
6907777819061_camera3-19.jpg 18 1495.57 1473.49 850.79 1244.99 1289.57 457.0
6907777819061_camera3-1.jpg 18 1367.36 1480.45 684.21 1214.53 1366.3 531.85
6907777819061_camera3-18.jpg 18 1450.52 1502.69 779.72 1234.37 1341.6 536.64
6907777819061_camera3-22.jpg 18 1476.18 1478.56 826.81 1249.15 1298.74 458.81
6907777819061_camera3-20.jpg 18 1511.08 1461.0 881.65 1244.45 1258.86 433.09
6907777819061_camera3-21.jpg 18 1497.88 1468.5 853.38 1247.53 1288.99 441.94
6907777819061_camera3-25.jpg 18 1392.56 1484.06 761.23 1220.73 1262.66 526.65
6907777819061_camera3-23.jpg 18 1443.01 1485.04 771.32 1223.7 1343.38 522.68
6907777819061_camera3-26.jpg 18 1361.26 1476.66 754.93 1217.77 1212.66 517.79
6907777819061_camera3-28.jpg 18 1338.72 1463.24 827.07 1221.22 1023.3 484.03
6907777819061_camera3-24.jpg 18 1418.83 1486.93 768.07 1224.69 1301.52 524.49
6907777819061_camera3-27.jpg 18 1349.24 1479.02 787.61 1221.22 1123.26 515.59
6907777819061_camera3-29.jpg 18 1407.2 1453.9 905.64 1238.59 1003.13 430.62
6907777819061_camera3-2.jpg 18 1358.45 1496.12 679.76 1215.96 1357.38 560.31
6907777819061_camera3-33.jpg 18 1396.93 1486.06 745.71 1206.7 1302.44 558.72
6907777819061_camera3-34.jpg 18 1344.43 1489.62 642.94 1205.36 1402.98 568.53
6907777819061_camera3-30.jpg 18 1462.36 1461.92 955.97 1218.59 1012.77 486.66
6907777819061_camera3-31.jpg 18 1444.63 1477.85 882.21 1214.21 1124.84 527.27
6907777819061_camera3-32.jpg 18 1420.26 1482.96 787.61 1202.81 1265.31 560.31
6907777819061_camera3-36.jpg 18 1288.23 1476.82 587.58 1214.08 1401.3 525.49
6907777819061_camera3-39.jpg 18 1299.96 1444.28 611.59 1243.47 1376.74 401.61
6907777819061_camera3-35.jpg 18 1318.99 1479.02 616.63 1205.44 1404.73 547.16
6907777819061_camera3-38.jpg 18 1272.06 1451.69 595.4 1240.16 1353.32 423.05
6907777819061_camera3-37.jpg 18 1248.15 1464.4 555.83 1205.36 1384.64 518.09
6907777819061_camera3-3.jpg 18 1332.92 1518.14 669.67 1217.04 1326.5 602.21
6907777819061_camera3-5.jpg 18 1332.85 1537.3 684.25 1211.38 1297.2 651.84
6907777819061_camera3-4.jpg 18 1350.72 1529.4 676.46 1209.64 1348.52 639.52
6907777819061_camera3-40.jpg 18 1337.4 1464.55 653.45 1226.48 1367.9 476.14
6907777819061_camera3-6.jpg 18 1316.92 1540.06 679.62 1205.36 1274.6 669.4
6907777819061_camera3-8.jpg 18 1328.59 1525.16 777.12 1222.96 1102.94 604.41
6907777819061_camera3-7.jpg 18 1294.0 1532.95 719.22 1210.7 1149.56 644.49
6907777819061_camera3-9.jpg 18 1405.86 1523.24 835.11 1227.12 1141.49 592.25
