6918717002160-back_camera0-10.jpg 180 1397.25 1113.53 1144.17 886.9 506.15 453.26
6918717002160-back_camera0-12.jpg 180 1444.48 1117.52 1158.82 884.18 571.33 466.68
6918717002160-back_camera0-11.jpg 180 1438.75 1119.72 1182.33 892.25 512.84 454.94
6918717002160-back_camera0-14.jpg 180 1431.58 1123.24 1088.07 885.7 687.02 475.07
6918717002160-back_camera0-13.jpg 180 1427.46 1123.61 1113.95 891.94 627.02 463.34
6918717002160-back_camera0-15.jpg 180 1424.21 1118.63 1063.82 884.51 720.78 468.24
6918717002160-back_camera0-16.jpg 180 1409.75 1120.0 1042.77 890.91 733.96 458.19
6918717002160-back_camera0-17.jpg 180 1405.64 1115.8 1022.1 880.68 767.09 470.24
6918717002160-back_camera0-23.jpg 180 1398.5 1105.97 1028.34 884.38 740.33 443.19
6918717002160-back_camera0-19.jpg 180 1386.64 1113.79 1030.55 885.08 712.19 457.42
6918717002160-back_camera0-1.jpg 180 1438.68 1105.47 1084.87 873.98 707.63 462.98
6918717002160-back_camera0-18.jpg 180 1397.24 1114.79 1035.89 886.9 722.7 455.78
6918717002160-back_camera0-20.jpg 180 1376.92 1110.56 1043.88 890.65 666.08 439.81
6918717002160-back_camera0-22.jpg 180 1424.22 1104.15 1071.72 871.35 705.0 465.61
6918717002160-back_camera0-21.jpg 180 1400.39 1109.23 1061.51 888.56 677.77 441.34
6918717002160-back_camera0-24.jpg 180 1397.24 1108.5 1015.75 891.94 762.99 433.12
6918717002160-back_camera0-25.jpg 180 1394.33 1111.5 1008.79 875.8 771.07 471.41
6918717002160-back_camera0-30.jpg 180 1381.55 1109.36 1123.46 882.38 516.18 453.95
6918717002160-back_camera0-27.jpg 180 1383.39 1105.99 1030.85 881.87 705.08 448.23
6918717002160-back_camera0-26.jpg 180 1387.26 1102.66 1011.59 872.8 751.33 459.73
6918717002160-back_camera0-28.jpg 180 1379.56 1110.0 1049.35 878.07 660.42 463.85
6918717002160-back_camera0-2.jpg 180 1440.5 1108.84 1084.2 885.92 712.6 445.83
6918717002160-back_camera0-33.jpg 180 1440.06 1109.76 1111.44 879.35 657.23 460.82
6918717002160-back_camera0-34.jpg 180 1431.91 1113.17 1074.64 878.05 714.55 470.24
6918717002160-back_camera0-32.jpg 180 1427.46 1112.28 1136.62 881.87 581.69 460.82
6918717002160-back_camera0-35.jpg 180 1429.3 1119.74 1061.51 888.56 735.57 462.36
6918717002160-back_camera0-39.jpg 180 1410.79 1111.92 1057.95 886.36 705.68 451.12
6918717002160-back_camera0-38.jpg 180 1412.35 1108.49 1051.0 884.38 722.7 448.23
6918717002160-back_camera0-36.jpg 180 1427.39 1113.03 1049.16 880.98 756.45 464.1
6918717002160-back_camera0-37.jpg 180 1416.15 1115.8 1037.86 878.05 756.58 475.49
6918717002160-back_camera0-3.jpg 180 1438.86 1110.22 1073.29 894.56 731.13 431.33
6918717002160-back_camera0-40.jpg 180 1420.1 1110.55 1077.27 885.94 685.65 449.22
6918717002160-back_camera0-5.jpg 180 1424.94 1111.02 1063.59 891.94 722.7 438.16
6918717002160-back_camera0-4.jpg 180 1434.73 1109.99 1061.27 889.96 746.93 440.05
6918717002160-back_camera0-7.jpg 180 1406.06 1109.75 1068.63 886.9 674.86 445.71
6918717002160-back_camera1-11.jpg 180 1295.86 1036.2 1023.61 689.04 544.5 694.33
6918717002160-back_camera0-9.jpg 180 1392.34 1117.05 1099.0 895.83 586.68 442.44
6918717002160-back_camera0-6.jpg 180 1413.62 1112.28 1053.52 894.46 720.19 435.64
6918717002160-back_camera0-8.jpg 180 1399.81 1113.32 1073.13 893.41 653.35 439.81
6918717002160-back_camera1-10.jpg 180 1286.44 1034.22 1051.0 703.08 470.89 662.27
6918717002160-back_camera1-12.jpg 180 1288.96 1031.69 993.08 670.34 591.76 722.7
6918717002160-back_camera1-15.jpg 180 1269.26 1035.05 910.76 682.92 716.99 704.26
6918717002160-back_camera1-14.jpg 180 1286.57 1044.16 934.18 676.12 704.77 736.09
6918717002160-back_camera1-13.jpg 180 1286.45 1040.51 962.87 677.9 647.16 725.22
6918717002160-back_camera1-17.jpg 180 1256.85 1026.3 896.57 695.29 720.56 662.01
6918717002160-back_camera1-16.jpg 180 1265.05 1037.98 904.95 695.52 720.19 684.93
6918717002160-back_camera1-18.jpg 180 1252.79 1029.4 909.75 726.36 686.08 606.08
6918717002160-back_camera1-19.jpg 180 1246.02 1030.38 915.98 746.66 660.08 567.44
6918717002160-back_camera1-20.jpg 180 1265.03 1025.4 950.27 773.59 629.53 503.63
6918717002160-back_camera1-1.jpg 180 1299.66 1048.49 968.74 756.46 661.84 584.06
6918717002160-back_camera1-23.jpg 180 1265.1 1046.18 898.63 728.31 732.94 635.74
6918717002160-back_camera1-21.jpg 180 1276.12 1042.58 937.18 771.85 677.88 541.45
6918717002160-back_camera1-22.jpg 180 1271.34 1043.03 925.09 745.89 692.49 594.28
6918717002160-back_camera1-25.jpg 180 1255.39 1059.74 893.51 707.51 723.77 704.47
6918717002160-back_camera1-24.jpg 180 1257.93 1055.56 892.37 719.69 731.13 671.74
6918717002160-back_camera1-26.jpg 180 1252.45 1061.91 915.02 705.6 674.86 712.63
6918717002160-back_camera1-27.jpg 180 1255.91 1060.63 930.16 707.3 651.5 706.67
6918717002160-back_camera1-29.jpg 180 1252.1 1068.47 996.29 728.61 511.61 679.71
6918717002160-back_camera1-30.jpg 180 1285.51 1070.41 1046.52 749.39 477.99 642.04
6918717002160-back_camera1-2.jpg 180 1295.26 1043.03 945.24 718.19 700.04 649.68
6918717002160-back_camera1-31.jpg 180 1287.43 1076.4 1003.71 725.69 567.44 701.42
6918717002160-back_camera1-28.jpg 180 1249.93 1065.7 962.87 718.19 574.13 695.01
6918717002160-back_camera1-32.jpg 180 1290.61 1072.32 982.08 721.72 617.05 701.2
6918717002160-back_camera1-34.jpg 180 1289.17 1066.5 934.04 713.3 710.26 706.4
6918717002160-back_camera1-33.jpg 180 1291.49 1069.46 957.83 713.15 667.31 712.63
6918717002160-back_camera1-36.jpg 180 1281.36 1060.72 912.27 720.86 738.18 679.71
6918717002160-back_camera1-38.jpg 180 1275.61 1048.81 932.78 746.7 685.65 604.22
6918717002160-back_camera1-40.jpg 180 1296.42 1043.95 977.63 771.21 637.59 545.47
6918717002160-back_camera1-39.jpg 180 1266.3 1043.03 945.24 778.62 642.12 528.81
6918717002160-back_camera1-3.jpg 180 1287.62 1039.28 922.99 698.35 729.26 681.86
6918717002160-back_camera1-35.jpg 180 1280.15 1063.17 922.58 715.67 715.15 695.01
6918717002160-back_camera1-37.jpg 180 1278.24 1058.14 910.97 736.56 734.53 643.17
6918717002160-back_camera1-7.jpg 180 1265.72 1040.0 947.53 682.92 636.38 714.16
6918717002160-back_camera1-5.jpg 180 1276.62 1044.31 914.74 680.49 723.77 727.63
6918717002160-back_camera1-4.jpg 180 1287.52 1043.39 930.31 691.57 714.43 703.64
6918717002160-back_camera1-9.jpg 180 1257.34 1029.83 1003.53 694.0 507.61 671.66
6918717002160-back_camera1-6.jpg 180 1270.67 1038.59 927.73 680.09 685.88 716.99
6918717002160-back_camera1-8.jpg 180 1267.57 1040.51 988.05 693.01 559.03 695.01
6918717002160-back_camera2-10.jpg 180 1160.83 772.31 868.01 556.42 585.64 431.78
6918717002160-back_camera2-12.jpg 180 1162.45 781.28 822.59 488.93 679.71 584.7
6918717002160-back_camera2-11.jpg 180 1160.05 775.45 846.71 523.93 626.68 503.04
6918717002160-back_camera2-14.jpg 180 1161.8 786.17 819.33 453.78 684.93 664.79
6918717002160-back_camera2-17.jpg 180 1163.31 782.23 848.16 432.34 630.3 699.78
6918717002160-back_camera2-16.jpg 180 1160.84 783.8 824.26 435.2 673.15 697.19
6918717002160-back_camera2-13.jpg 180 1163.06 781.14 824.37 468.89 677.38 624.5
6918717002160-back_camera2-18.jpg 180 1164.2 782.88 879.16 448.51 570.08 668.75
6918717002160-back_camera2-15.jpg 180 1159.99 779.75 805.14 429.03 709.71 701.44
6918717002160-back_camera2-19.jpg 180 1161.8 777.36 920.06 463.85 483.48 627.02
6918717002160-back_camera2-22.jpg 180 1168.34 789.6 886.51 450.19 563.65 678.81
6918717002160-back_camera2-25.jpg 180 1183.2 783.66 834.44 443.71 697.52 679.9
6918717002160-back_camera2-21.jpg 180 1167.58 788.57 912.81 466.25 509.54 644.64
6918717002160-back_camera2-1.jpg 180 1175.41 758.01 930.56 444.06 489.71 627.9
6918717002160-back_camera2-20.jpg 180 1168.36 789.63 953.79 495.2 429.13 588.87
6918717002160-back_camera2-24.jpg 180 1170.61 779.88 849.55 431.12 642.12 697.52
6918717002160-back_camera2-23.jpg 180 1171.35 787.79 855.13 439.67 632.43 696.24
6918717002160-back_camera2-26.jpg 180 1175.61 781.31 829.54 458.87 692.14 644.87
6918717002160-back_camera2-28.jpg 180 1186.64 779.13 854.56 504.4 664.17 549.47
6918717002160-back_camera2-29.jpg 180 1185.91 775.07 868.42 526.09 634.99 497.96
6918717002160-back_camera2-27.jpg 180 1178.16 779.88 829.4 468.89 697.52 621.98
6918717002160-back_camera2-30.jpg 180 1186.72 781.5 899.44 561.5 574.56 440.01
6918717002160-back_camera2-31.jpg 180 1189.78 774.32 869.31 516.24 640.94 516.15
6918717002160-back_camera2-2.jpg 180 1171.87 762.25 882.28 428.6 579.17 667.31
6918717002160-back_camera2-32.jpg 180 1187.85 776.03 845.26 487.48 685.17 577.09
6918717002160-back_camera2-37.jpg 180 1176.9 764.78 874.73 421.05 604.35 687.45
6918717002160-back_camera2-36.jpg 180 1181.71 764.86 856.45 424.04 650.52 681.64
6918717002160-back_camera2-33.jpg 180 1180.68 772.33 841.99 466.37 677.38 611.91
6918717002160-back_camera2-34.jpg 180 1181.98 765.8 832.44 426.9 699.08 677.81
6918717002160-back_camera2-35.jpg 180 1179.45 774.84 841.46 436.85 675.98 675.98
6918717002160-back_camera2-3.jpg 180 1174.39 767.3 867.18 421.05 614.42 692.49
6918717002160-back_camera2-39.jpg 180 1170.47 765.41 924.39 452.74 492.17 625.34
6918717002160-back_camera2-38.jpg 180 1175.67 763.53 899.91 435.44 551.53 656.18
6918717002160-back_camera2-40.jpg 180 1178.16 759.74 965.38 471.41 425.56 576.65
6918717002160-back_camera2-4.jpg 180 1164.13 764.87 826.65 415.8 674.97 698.13
6918717002160-back_camera2-6.jpg 180 1166.49 768.91 810.19 432.71 712.6 672.4
6918717002160-back_camera2-5.jpg 180 1168.1 763.51 826.89 418.53 682.41 689.97
6918717002160-back_camera3-10.jpg 180 1421.07 1209.2 1088.94 958.89 664.26 500.62
6918717002160-back_camera2-9.jpg 180 1153.11 767.35 835.61 520.3 634.99 494.1
6918717002160-back_camera2-7.jpg 180 1159.28 768.55 826.89 458.82 664.79 619.46
6918717002160-back_camera2-8.jpg 180 1163.06 773.58 834.44 491.55 657.23 564.06
6918717002160-back_camera3-11.jpg 180 1412.66 1210.48 1066.9 950.98 691.53 519.0
6918717002160-back_camera3-12.jpg 180 1395.91 1216.41 1034.13 947.82 723.56 537.19
6918717002160-back_camera3-14.jpg 180 1379.19 1214.01 1021.86 936.91 714.67 554.2
6918717002160-back_camera3-15.jpg 180 1372.06 1216.78 1035.89 947.34 672.34 538.88
6918717002160-back_camera3-13.jpg 180 1389.38 1218.19 1029.37 943.64 720.02 549.11
6918717002160-back_camera3-16.jpg 180 1356.3 1216.45 1035.91 935.63 640.78 561.65
6918717002160-back_camera3-17.jpg 180 1354.3 1212.49 1063.78 938.42 581.04 548.15
6918717002160-back_camera3-18.jpg 180 1349.39 1211.74 1098.84 942.3 501.11 538.88
6918717002160-back_camera3-20.jpg 180 1403.54 1221.81 1131.58 939.78 543.92 564.06
6918717002160-back_camera3-24.jpg 180 1376.99 1224.77 1015.11 942.98 723.77 563.58
6918717002160-back_camera3-23.jpg 180 1384.84 1229.19 1032.19 944.15 705.29 570.08
6918717002160-back_camera3-1.jpg 180 1435.38 1239.26 1128.71 973.8 613.35 530.92
6918717002160-back_camera3-21.jpg 180 1399.76 1225.59 1096.33 944.82 606.87 561.54
6918717002160-back_camera3-22.jpg 180 1393.65 1228.88 1060.3 941.85 666.7 574.06
6918717002160-back_camera3-25.jpg 180 1369.64 1225.23 1005.39 953.1 728.51 544.26
6918717002160-back_camera3-19.jpg 180 1388.43 1218.04 1146.69 947.34 483.48 541.4
6918717002160-back_camera3-28.jpg 180 1361.54 1218.97 1037.35 974.65 648.39 488.64
6918717002160-back_camera3-27.jpg 180 1359.46 1218.04 1018.26 970.0 682.41 496.07
6918717002160-back_camera3-26.jpg 180 1361.83 1220.63 1005.32 955.11 713.02 531.04
6918717002160-back_camera3-29.jpg 180 1388.21 1210.25 1060.93 985.83 654.56 448.84
6918717002160-back_camera3-2.jpg 180 1436.28 1239.44 1103.88 975.04 664.79 528.81
6918717002160-back_camera3-34.jpg 180 1383.7 1239.12 1027.33 978.91 712.75 520.42
6918717002160-back_camera3-31.jpg 180 1395.27 1230.66 1035.32 992.3 719.91 476.72
6918717002160-back_camera3-35.jpg 180 1387.17 1240.7 1048.48 982.59 677.38 516.22
6918717002160-back_camera3-32.jpg 180 1392.88 1236.33 1020.14 984.18 745.49 504.3
6918717002160-back_camera3-30.jpg 180 1398.5 1223.07 1066.11 992.66 664.79 460.82
6918717002160-back_camera3-36.jpg 180 1378.62 1237.57 1062.24 981.2 632.75 512.74
6918717002160-back_camera3-33.jpg 180 1389.68 1235.66 1020.78 982.59 737.81 506.15
6918717002160-back_camera3-38.jpg 180 1386.46 1236.06 1139.18 985.14 494.56 501.83
6918717002160-back_camera3-37.jpg 180 1388.42 1231.88 1101.36 977.55 574.13 508.66
6918717002160-back_camera3-3.jpg 180 1427.29 1238.71 1077.75 974.25 699.08 528.92
6918717002160-back_camera3-39.jpg 180 1430.89 1234.39 1180.94 976.19 499.91 516.41
6918717002160-back_camera3-7.jpg 180 1403.53 1218.04 1058.55 985.11 689.97 465.85
6918717002160-back_camera3-40.jpg 180 1438.7 1238.35 1150.01 977.06 577.39 522.57
6918717002160-back_camera3-4.jpg 180 1424.94 1236.92 1063.59 980.07 722.7 513.7
6918717002160-back_camera3-8.jpg 180 1399.13 1203.24 1073.16 972.02 651.94 462.44
6918717002160-back_camera3-9.jpg 180 1413.78 1204.74 1089.05 963.68 649.45 482.12
6918717002160_camera0-10.jpg 180 1462.72 1114.8 1209.64 894.46 506.15 440.67
6918717002160-back_camera3-5.jpg 180 1414.87 1226.85 1053.52 977.55 722.7 498.59
6918717002160-back_camera3-6.jpg 180 1408.06 1228.99 1044.45 976.84 727.22 504.3
6918717002160_camera0-12.jpg 180 1451.75 1117.01 1141.34 897.1 620.83 439.81
6918717002160_camera0-16.jpg 180 1395.99 1114.8 1035.89 894.46 720.19 440.67
6918717002160_camera0-11.jpg 180 1462.03 1117.47 1181.27 896.26 561.53 442.42
6918717002160_camera0-14.jpg 180 1425.63 1116.43 1075.62 892.28 700.02 448.3
6918717002160_camera0-15.jpg 180 1409.84 1117.31 1051.0 896.97 717.67 440.67
6918717002160_camera0-17.jpg 180 1379.56 1114.32 1018.64 891.4 721.84 445.84
6918717002160_camera0-13.jpg 180 1440.06 1114.8 1108.92 889.42 662.27 450.75
6918717002160_camera0-18.jpg 180 1370.98 1111.92 1025.92 891.31 690.12 441.22
6918717002160_camera0-19.jpg 180 1358.31 1109.62 1025.76 881.52 665.09 456.19
6918717002160_camera0-1.jpg 180 1472.79 1116.06 1124.03 891.94 697.52 448.23
6918717002160_camera0-20.jpg 180 1369.26 1104.01 1036.81 889.53 664.9 428.97
6918717002160_camera0-21.jpg 180 1390.95 1109.75 1063.59 889.42 654.72 440.67
6918717002160_camera0-22.jpg 180 1377.55 1110.62 1023.52 882.32 708.06 456.6
6918717002160_camera0-25.jpg 180 1349.85 1123.94 979.53 888.18 740.63 471.53
6918717002160_camera0-23.jpg 180 1368.97 1116.0 998.06 884.51 741.82 462.98
6918717002160_camera0-24.jpg 180 1365.77 1119.83 998.12 886.9 735.3 465.85
6918717002160_camera0-26.jpg 180 1350.63 1123.85 995.78 885.62 709.71 476.45
6918717002160_camera0-27.jpg 180 1342.71 1122.42 1000.48 884.13 684.46 476.58
6918717002160_camera0-29.jpg 180 1345.3 1129.15 1045.41 895.03 599.77 468.24
6918717002160_camera0-28.jpg 180 1343.1 1123.61 1018.26 884.38 649.68 478.45
6918717002160_camera0-2.jpg 180 1464.59 1118.91 1106.4 899.51 716.38 438.8
6918717002160_camera0-33.jpg 180 1409.74 1118.63 1061.19 881.88 697.1 473.5
6918717002160_camera0-34.jpg 180 1420.05 1126.86 1056.61 890.69 726.89 472.34
6918717002160_camera0-35.jpg 180 1424.94 1129.89 1048.48 896.97 752.92 465.85
6918717002160_camera0-37.jpg 180 1422.9 1129.15 1048.04 897.66 749.72 462.98
6918717002160_camera0-3.jpg 180 1460.76 1124.03 1089.23 900.99 743.05 446.07
6918717002160_camera0-38.jpg 180 1427.46 1121.09 1076.18 889.42 702.56 463.34
6918717002160_camera0-40.jpg 180 1451.84 1121.26 1116.44 887.14 670.8 468.24
6918717002160_camera0-36.jpg 180 1428.72 1119.83 1048.48 874.31 760.48 491.04
6918717002160_camera0-39.jpg 180 1426.85 1112.06 1076.98 881.88 699.73 460.35
6918717002160_camera0-6.jpg 180 1438.36 1123.83 1089.05 899.68 698.61 448.3
6918717002160_camera0-4.jpg 180 1455.54 1117.9 1078.22 891.94 754.63 451.92
6918717002160_camera0-5.jpg 180 1450.12 1121.09 1086.25 902.01 727.74 438.16
6918717002160_camera0-7.jpg 180 1424.22 1114.68 1090.13 884.51 668.17 460.35
6918717002160_camera0-8.jpg 180 1426.9 1122.19 1117.8 899.16 618.2 446.07
6918717002160_camera1-11.jpg 180 1310.34 1032.74 1011.9 687.41 596.88 690.67
6918717002160_camera0-9.jpg 180 1416.32 1123.89 1153.26 889.77 526.12 468.24
6918717002160_camera1-10.jpg 180 1311.62 1031.69 1058.55 698.04 506.15 667.31
6918717002160_camera1-12.jpg 180 1288.74 1031.82 979.65 687.21 618.19 689.21
6918717002160_camera1-14.jpg 180 1273.5 1035.06 928.04 693.84 690.93 682.44
6918717002160_camera1-13.jpg 180 1286.11 1027.87 948.08 679.32 676.06 697.1
6918717002160_camera1-15.jpg 180 1265.04 1036.74 912.5 703.08 705.08 667.31
6918717002160_camera1-17.jpg 180 1237.37 1026.17 897.4 732.53 679.93 587.29
6918717002160_camera1-19.jpg 180 1233.49 1022.61 919.14 763.5 628.71 518.22
6918717002160_camera1-16.jpg 180 1242.99 1036.36 897.48 712.98 691.02 646.75
6918717002160_camera1-1.jpg 180 1325.07 1079.11 972.42 763.01 705.29 632.2
6918717002160_camera1-18.jpg 180 1231.05 1030.43 912.5 760.99 637.09 538.88
6918717002160_camera1-20.jpg 180 1240.08 1031.82 911.25 768.76 657.65 526.12
6918717002160_camera1-21.jpg 180 1241.53 1050.12 897.67 750.21 687.73 599.82
6918717002160_camera1-26.jpg 180 1220.06 1083.34 900.05 723.93 640.02 718.81
6918717002160_camera1-23.jpg 180 1229.79 1060.65 879.77 733.3 700.04 654.71
6918717002160_camera1-22.jpg 180 1234.81 1050.23 879.68 721.41 710.26 657.65
6918717002160_camera1-24.jpg 180 1227.41 1075.18 874.21 719.09 706.4 712.19
6918717002160_camera1-25.jpg 180 1222.97 1075.22 871.79 718.78 702.37 712.89
6918717002160_camera1-27.jpg 180 1218.7 1083.15 913.56 723.2 610.28 719.91
6918717002160_camera1-29.jpg 180 1232.31 1080.8 1003.16 748.4 458.3 664.79
6918717002160_camera1-2.jpg 180 1318.7 1081.53 965.01 745.81 707.39 671.45
6918717002160_camera1-28.jpg 180 1219.03 1085.74 948.08 726.67 541.9 718.15
6918717002160_camera1-31.jpg 180 1271.68 1101.35 974.82 746.7 593.71 709.3
6918717002160_camera1-33.jpg 180 1288.96 1102.2 952.79 748.4 672.34 707.6
6918717002160_camera1-32.jpg 180 1275.14 1100.58 961.9 743.5 626.48 714.16
6918717002160_camera1-34.jpg 180 1278.21 1105.47 924.4 742.45 707.63 726.04
6918717002160_camera1-35.jpg 180 1291.28 1099.81 925.84 752.64 730.87 694.33
6918717002160_camera1-36.jpg 180 1288.96 1095.9 937.68 763.51 702.56 664.79
6918717002160_camera1-30.jpg 180 1259.97 1094.15 1019.62 755.25 480.7 677.81
6918717002160_camera1-37.jpg 180 1290.06 1081.8 942.82 760.87 694.47 641.86
6918717002160_camera1-39.jpg 180 1310.53 1070.78 995.37 813.19 630.32 515.17
6918717002160_camera1-3.jpg 180 1311.1 1076.54 948.08 724.04 726.04 705.0
6918717002160_camera1-38.jpg 180 1296.52 1077.02 972.94 796.25 647.16 561.54
6918717002160_camera1-40.jpg 180 1326.88 1072.6 1000.69 789.81 652.38 565.57
6918717002160_camera1-5.jpg 180 1298.61 1059.37 962.86 701.34 671.5 716.05
6918717002160_camera1-6.jpg 180 1301.56 1055.62 983.01 700.56 637.09 710.11
6918717002160_camera1-4.jpg 180 1310.51 1066.94 957.87 705.16 705.29 723.56
6918717002160_camera1-7.jpg 180 1292.68 1054.17 998.06 695.1 589.25 718.15
6918717002160_camera1-8.jpg 180 1292.74 1039.25 1028.34 700.56 528.81 677.38
6918717002160_camera2-11.jpg 180 1132.78 762.72 806.71 487.56 652.14 550.32
6918717002160_camera2-14.jpg 180 1132.22 797.7 800.77 439.94 662.91 715.52
6918717002160_camera2-10.jpg 180 1136.93 758.76 821.78 513.09 630.3 491.34
6918717002160_camera2-12.jpg 180 1137.88 772.33 809.26 468.89 657.23 606.87
6918717002160_camera1-9.jpg 180 1304.14 1020.1 1068.68 708.98 470.92 622.24
6918717002160_camera2-13.jpg 180 1136.48 778.01 793.49 450.69 685.98 654.65
6918717002160_camera2-15.jpg 180 1129.59 785.86 808.66 447.83 641.86 676.06
6918717002160_camera2-21.jpg 180 1152.99 817.65 889.84 494.07 526.29 647.16
6918717002160_camera2-17.jpg 180 1140.56 798.22 866.49 470.11 548.14 656.22
6918717002160_camera2-18.jpg 180 1143.91 804.83 902.21 491.35 483.41 626.95
6918717002160_camera2-20.jpg 180 1148.0 810.85 919.14 510.96 457.72 599.77
6918717002160_camera2-19.jpg 180 1149.2 808.84 937.68 519.25 423.05 579.17
6918717002160_camera2-16.jpg 180 1138.63 793.39 835.61 450.81 606.04 685.17
6918717002160_camera2-22.jpg 180 1159.84 822.69 871.79 484.66 576.1 676.06
6918717002160_camera2-1.jpg 180 1190.76 739.59 927.61 413.49 526.29 652.2
6918717002160_camera2-25.jpg 180 1177.89 814.47 838.04 490.28 679.71 648.39
6918717002160_camera2-24.jpg 180 1170.63 816.14 839.53 479.37 662.21 673.55
6918717002160_camera2-23.jpg 180 1162.08 817.27 852.98 479.08 618.2 676.38
6918717002160_camera2-29.jpg 180 1194.04 796.38 892.84 574.1 602.4 444.57
6918717002160_camera2-28.jpg 180 1203.35 808.84 887.32 554.51 632.05 508.66
6918717002160_camera2-27.jpg 180 1192.72 816.11 863.9 534.64 657.65 562.94
6918717002160_camera2-26.jpg 180 1186.68 816.1 850.11 514.17 673.15 603.86
6918717002160_camera2-33.jpg 180 1217.42 784.24 873.56 469.44 687.73 629.59
6918717002160_camera2-32.jpg 180 1212.45 795.07 869.16 497.81 686.58 594.51
6918717002160_camera2-30.jpg 180 1215.94 807.59 920.06 584.73 591.76 445.71
6918717002160_camera2-31.jpg 180 1216.42 795.25 896.41 524.94 640.02 540.62
6918717002160_camera2-2.jpg 180 1186.93 741.21 885.44 401.35 602.97 679.71
6918717002160_camera2-34.jpg 180 1219.03 776.65 879.68 442.57 678.69 668.17
6918717002160_camera2-36.jpg 180 1207.5 759.42 906.18 419.81 602.65 679.22
6918717002160_camera2-35.jpg 180 1210.9 766.03 892.36 431.12 637.09 669.82
6918717002160_camera2-37.jpg 180 1209.82 759.55 924.4 421.52 570.84 676.06
6918717002160_camera2-38.jpg 180 1202.42 746.05 964.02 436.7 476.81 618.7
6918717002160_camera2-39.jpg 180 1193.28 740.85 985.53 451.26 415.49 579.17
6918717002160_camera2-3.jpg 180 1176.71 736.64 858.27 393.89 636.89 685.5
6918717002160_camera2-40.jpg 180 1201.92 737.19 966.49 413.63 470.87 647.12
6918717002160_camera2-5.jpg 180 1161.51 740.46 825.74 421.06 671.53 638.81
6918717002160_camera2-6.jpg 180 1157.21 747.72 811.29 432.05 691.84 631.34
6918717002160_camera2-4.jpg 180 1168.1 738.34 836.96 405.94 662.27 664.79
6918717002160_camera2-7.jpg 180 1150.11 741.47 819.24 457.75 661.74 567.44
6918717002160_camera2-8.jpg 180 1141.43 746.4 811.29 479.4 660.28 534.01
6918717002160_camera2-9.jpg 180 1137.05 750.97 850.29 546.29 573.52 409.36
6918717002160_camera3-11.jpg 180 1428.71 1226.85 1086.25 982.59 684.93 488.52
6918717002160_camera3-12.jpg 180 1416.77 1235.81 1058.12 978.96 717.3 513.7
6918717002160_camera3-10.jpg 180 1432.1 1219.91 1105.91 971.32 652.38 497.18
6918717002160_camera3-1.jpg 180 1447.12 1240.2 1144.26 958.74 605.72 562.93
6918717002160_camera3-13.jpg 180 1406.06 1235.66 1056.04 982.59 700.04 506.15
6918717002160_camera3-15.jpg 180 1379.76 1238.32 1040.36 968.21 678.81 540.22
6918717002160_camera3-16.jpg 180 1366.35 1234.37 1029.63 966.05 673.43 536.64
6918717002160_camera3-18.jpg 180 1355.7 1231.88 1103.88 967.48 503.63 528.81
6918717002160_camera3-14.jpg 180 1392.51 1235.33 1032.61 962.12 719.81 546.42
6918717002160_camera3-21.jpg 180 1384.76 1237.0 1082.24 960.79 605.03 552.42
6918717002160_camera3-17.jpg 180 1366.08 1239.3 1072.63 969.19 586.89 540.22
6918717002160_camera3-19.jpg 180 1372.06 1226.85 1131.58 970.0 480.96 513.7
6918717002160_camera3-22.jpg 180 1378.18 1242.27 1050.67 971.32 655.01 541.9
6918717002160_camera3-20.jpg 180 1391.2 1236.64 1129.81 967.37 522.78 538.54
6918717002160_camera3-26.jpg 180 1355.01 1246.05 999.85 992.1 710.32 507.89
6918717002160_camera3-23.jpg 180 1375.51 1253.2 1028.35 982.78 694.33 540.84
6918717002160_camera3-27.jpg 180 1350.43 1241.96 1006.32 997.75 688.22 488.42
6918717002160_camera3-24.jpg 180 1366.34 1243.59 995.43 971.32 741.82 544.53
6918717002160_camera3-25.jpg 180 1359.68 1252.4 990.58 985.76 738.19 533.29
6918717002160_camera3-2.jpg 180 1446.58 1240.94 1121.7 960.79 649.75 560.31
6918717002160_camera3-29.jpg 180 1368.39 1231.2 1039.9 992.41 656.99 477.59
6918717002160_camera3-28.jpg 180 1345.62 1234.4 1018.26 995.18 654.72 478.45
6918717002160_camera3-33.jpg 180 1379.89 1250.83 1011.25 973.86 737.28 553.93
6918717002160_camera3-32.jpg 180 1383.43 1239.63 1019.1 966.05 728.67 547.16
6918717002160_camera3-35.jpg 180 1378.2 1252.91 1020.08 963.0 716.25 579.82
6918717002160_camera3-30.jpg 180 1392.21 1236.92 1066.11 990.15 652.2 493.55
6918717002160_camera3-34.jpg 180 1379.34 1256.72 1018.01 978.12 722.65 557.19
6918717002160_camera3-31.jpg 180 1384.76 1234.38 1027.0 971.32 715.52 526.12
6918717002160_camera3-37.jpg 180 1379.38 1255.03 1074.64 970.0 609.47 570.06
6918717002160_camera3-36.jpg 180 1379.62 1252.03 1051.0 977.55 657.23 548.95
6918717002160_camera3-38.jpg 180 1382.12 1244.89 1111.17 955.53 541.9 578.73
6918717002160_camera3-3.jpg 180 1445.49 1243.63 1099.73 967.16 691.53 552.95
6918717002160_camera3-40.jpg 180 1446.58 1247.06 1170.67 969.33 551.81 555.46
6918717002160_camera3-39.jpg 180 1420.1 1237.96 1158.71 962.12 522.78 551.68
6918717002160_camera3-5.jpg 180 1429.98 1240.7 1073.66 980.07 712.63 521.25
6918717002160_camera3-4.jpg 180 1433.42 1231.74 1079.61 955.53 707.63 552.42
6918717002160_camera3-6.jpg 180 1422.94 1233.47 1072.28 977.88 701.32 511.18
6918717002160_camera3-8.jpg 180 1407.31 1220.56 1086.25 985.11 642.12 470.89
6918717002160_camera3-7.jpg 180 1396.59 1221.22 1053.3 960.79 686.58 520.86
6918717002160_camera3-9.jpg 180 1417.47 1215.62 1093.03 977.88 648.88 475.49
