6923589421131-back_camera0-11.jpg 181 1343.98 1221.21 1079.61 1052.86 528.75 336.71
6923589421131-back_camera0-12.jpg 181 1381.82 1207.39 1080.73 1045.27 602.18 324.25
6923589421131-back_camera0-14.jpg 181 1388.7 1206.75 992.8 1031.82 791.81 349.87
6923589421131-back_camera0-17.jpg 181 1388.14 1210.78 934.19 1060.47 907.9 300.61
6923589421131-back_camera0-13.jpg 181 1387.61 1215.11 1042.13 1056.85 690.96 316.53
6923589421131-back_camera0-1.jpg 181 1395.45 1185.78 981.57 1044.42 827.77 282.72
6923589421131-back_camera0-15.jpg 181 1386.07 1212.01 955.97 1052.86 860.2 318.3
6923589421131-back_camera0-23.jpg 181 1454.47 1198.86 1000.69 1039.71 907.55 318.3
6923589421131-back_camera0-18.jpg 181 1392.11 1207.99 932.5 1055.26 919.22 305.46
6923589421131-back_camera0-20.jpg 181 1393.82 1206.43 959.05 1056.69 869.55 299.48
6923589421131-back_camera0-16.jpg 181 1391.34 1210.69 942.82 1042.34 897.03 336.71
6923589421131-back_camera0-22.jpg 181 1458.41 1212.16 1038.18 1073.41 840.46 277.51
6923589421131-back_camera0-19.jpg 181 1386.07 1210.7 916.51 1039.71 939.12 341.98
6923589421131-back_camera0-21.jpg 181 1424.04 1202.49 985.32 1059.32 877.43 286.35
6923589421131-back_camera0-24.jpg 181 1450.88 1210.76 999.76 1050.96 902.25 319.6
6923589421131-back_camera0-26.jpg 181 1435.65 1216.41 1013.84 1049.9 843.63 333.01
6923589421131-back_camera0-28.jpg 181 1418.95 1202.81 1042.78 1029.19 752.35 347.24
6923589421131-back_camera0-25.jpg 181 1442.43 1209.05 995.83 1038.3 893.19 341.51
6923589421131-back_camera0-30.jpg 181 1428.16 1210.7 1140.11 1037.08 576.1 347.24
6923589421131-back_camera0-2.jpg 181 1403.19 1183.42 985.47 1041.14 835.44 284.55
6923589421131-back_camera0-27.jpg 181 1431.06 1215.39 1037.0 1046.11 788.12 338.56
6923589421131-back_camera0-29.jpg 181 1425.7 1209.39 1098.63 1037.64 654.13 343.51
6923589421131-back_camera0-31.jpg 181 1488.66 1202.81 1200.61 1029.19 576.1 347.24
6923589421131-back_camera0-32.jpg 181 1505.66 1203.38 1193.96 1033.53 623.41 339.69
6923589421131-back_camera0-33.jpg 181 1498.23 1206.3 1153.19 1041.64 690.07 329.31
6923589421131-back_camera0-34.jpg 181 1474.2 1197.55 1071.72 1018.67 804.96 357.76
6923589421131-back_camera0-35.jpg 181 1469.95 1200.9 1049.2 1031.06 841.51 339.69
6923589421131-back_camera0-37.jpg 181 1433.42 1198.86 995.43 1031.82 875.98 334.08
6923589421131-back_camera0-39.jpg 181 1384.14 1190.19 979.77 1042.72 808.74 294.95
6923589421131-back_camera0-38.jpg 181 1404.48 1190.97 963.86 1023.93 881.24 334.08
6923589421131-back_camera0-36.jpg 181 1447.17 1202.84 1020.63 1036.86 853.09 331.97
6923589421131-back_camera0-3.jpg 181 1393.77 1190.88 963.08 1046.79 861.38 288.17
6923589421131-back_camera0-4.jpg 181 1374.22 1192.84 940.78 1045.06 866.89 295.56
6923589421131-back_camera0-40.jpg 181 1378.17 1192.28 969.12 1031.82 818.11 320.93
6923589421131-back_camera0-7.jpg 181 1331.88 1207.69 935.04 1054.13 793.68 307.11
6923589421131-back_camera0-8.jpg 181 1325.57 1202.81 945.45 1039.71 760.24 326.19
6923589421131-back_camera0-6.jpg 181 1349.24 1202.81 921.77 1044.97 854.94 315.67
6923589421131-back_camera1-10.jpg 181 1207.79 1130.94 956.6 780.28 502.37 701.33
6923589421131-back_camera1-12.jpg 181 1244.43 1141.16 922.0 781.96 644.87 718.4
6923589421131-back_camera1-15.jpg 181 1251.7 1159.66 842.57 805.24 818.25 708.84
6923589421131-back_camera1-13.jpg 181 1249.19 1158.15 886.15 790.26 726.08 735.78
6923589421131-back_camera1-21.jpg 181 1298.83 1144.67 895.44 881.22 806.77 526.91
6923589421131-back_camera1-1.jpg 181 1263.75 1062.07 861.27 808.22 804.96 507.7
6923589421131-back_camera1-23.jpg 181 1310.11 1151.85 892.69 825.17 834.84 653.35
6923589421131-back_camera1-20.jpg 181 1278.24 1143.01 883.06 908.83 790.36 468.36
6923589421131-back_camera1-29.jpg 181 1303.21 1118.63 1027.0 766.13 552.42 705.0
6923589421131-back_camera1-24.jpg 181 1303.1 1151.97 882.9 802.91 840.4 698.13
6923589421131-back_camera1-25.jpg 181 1296.63 1144.93 887.58 779.28 818.11 731.3
6923589421131-back_camera1-30.jpg 181 1335.18 1113.25 1086.2 775.49 497.96 675.52
6923589421131-back_camera1-28.jpg 181 1298.74 1128.36 989.74 767.74 618.0 721.23
6923589421131-back_camera1-2.jpg 181 1256.62 1076.7 855.65 802.82 801.94 547.77
6923589421131-back_camera1-31.jpg 181 1350.42 1107.07 1061.73 758.08 577.39 697.98
6923589421131-back_camera1-34.jpg 181 1317.97 1087.79 925.2 730.73 785.53 714.12
6923589421131-back_camera1-32.jpg 181 1350.56 1098.89 1027.0 742.45 647.12 712.89
6923589421131-back_camera1-39.jpg 181 1252.64 1055.2 869.66 827.73 765.96 454.94
6923589421131-back_camera1-40.jpg 181 1264.87 1062.05 886.67 837.8 756.39 448.5
6923589421131-back_camera1-5.jpg 181 1212.45 1097.59 811.29 747.72 802.33 699.73
6923589421131-back_camera1-6.jpg 181 1200.56 1103.97 817.76 751.58 765.59 704.79
6923589421131-back_camera1-7.jpg 181 1195.08 1117.13 844.49 760.07 701.17 714.12
6923589421131-back_camera1-8.jpg 181 1190.88 1128.9 868.45 764.04 644.87 729.72
6923589421131-back_camera1-9.jpg 181 1193.9 1128.96 916.94 773.83 553.93 710.26
6923589421131-back_camera2-12.jpg 181 1200.62 824.0 816.55 529.38 768.13 589.25
6923589421131-back_camera2-11.jpg 181 1192.26 836.0 825.0 582.89 734.53 506.23
6923589421131-back_camera2-15.jpg 181 1228.24 822.69 850.75 437.31 754.98 770.76
6923589421131-back_camera2-14.jpg 181 1206.25 826.14 809.75 444.57 793.0 763.15
6923589421131-back_camera2-17.jpg 181 1220.47 801.72 890.96 407.16 659.01 789.11
6923589421131-back_camera2-18.jpg 181 1224.23 792.4 930.07 410.23 588.32 764.34
6923589421131-back_camera2-1.jpg 181 1130.9 793.75 871.79 421.52 518.22 744.45
6923589421131-back_camera2-19.jpg 181 1225.48 791.46 966.85 416.07 517.26 750.79
6923589421131-back_camera2-22.jpg 181 1222.58 764.24 933.38 378.87 578.4 770.73
6923589421131-back_camera2-24.jpg 181 1215.66 730.84 850.07 330.43 731.18 800.81
6923589421131-back_camera2-23.jpg 181 1220.65 756.72 891.58 363.96 658.15 785.53
6923589421131-back_camera2-25.jpg 181 1207.97 743.37 834.26 366.88 747.42 752.97
6923589421131-back_camera2-26.jpg 181 1200.78 735.72 813.89 376.04 773.79 719.35
6923589421131-back_camera2-27.jpg 181 1191.71 737.42 797.01 410.28 789.4 654.29
6923589421131-back_camera2-29.jpg 181 1166.41 733.25 792.87 474.14 747.09 518.22
6923589421131-back_camera2-31.jpg 181 1165.55 739.73 802.1 491.54 726.89 496.38
6923589421131-back_camera2-2.jpg 181 1133.58 808.87 845.76 425.91 575.63 765.92
6923589421131-back_camera2-33.jpg 181 1142.49 742.25 748.76 416.07 787.46 652.36
6923589421131-back_camera2-30.jpg 181 1169.14 736.06 823.68 531.2 690.93 409.71
6923589421131-back_camera2-32.jpg 181 1158.02 745.16 780.3 451.62 755.44 587.08
6923589421131-back_camera2-28.jpg 181 1184.97 733.57 793.55 436.71 782.85 593.71
6923589421131-back_camera2-34.jpg 181 1133.53 742.45 745.52 366.28 776.02 752.35
6923589421131-back_camera2-39.jpg 181 1127.18 787.42 893.38 423.58 467.61 727.69
6923589421131-back_camera2-36.jpg 181 1128.27 766.12 779.72 371.54 697.1 789.17
6923589421131-back_camera2-38.jpg 181 1114.94 781.68 833.91 400.48 562.06 762.4
6923589421131-back_camera2-4.jpg 181 1145.53 821.84 794.02 435.18 703.02 773.32
6923589421131-back_camera2-5.jpg 181 1145.57 821.57 764.65 436.71 761.84 769.72
6923589421131-back_camera2-3.jpg 181 1136.44 814.91 802.34 423.89 668.2 782.04
6923589421131-back_camera2-8.jpg 181 1171.67 837.16 777.09 529.38 789.17 615.56
6923589421131-back_camera2-6.jpg 181 1153.7 827.18 769.51 471.05 768.39 712.27
6923589421131-back_camera3-11.jpg 181 1425.35 1290.5 1006.34 1082.96 838.02 415.07
6923589421131-back_camera3-13.jpg 181 1391.2 1294.43 974.82 1064.57 832.77 459.73
6923589421131-back_camera3-12.jpg 181 1406.24 1295.3 990.9 1079.77 830.68 431.06
6923589421131-back_camera3-14.jpg 181 1377.05 1297.68 977.54 1063.63 799.01 468.09
6923589421131-back_camera3-15.jpg 181 1368.91 1300.2 996.17 1062.66 745.49 475.07
6923589421131-back_camera3-16.jpg 181 1345.3 1297.51 984.91 1060.76 720.78 473.5
6923589421131-back_camera3-17.jpg 181 1347.86 1299.69 1035.24 1059.32 625.23 480.75
6923589421131-back_camera3-21.jpg 181 1417.64 1305.41 1074.35 1063.39 686.58 484.03
6923589421131-back_camera3-1.jpg 181 1447.54 1317.68 1106.92 1078.28 681.23 478.8
6923589421131-back_camera3-25.jpg 181 1372.92 1292.25 945.45 1071.28 854.94 441.94
6923589421131-back_camera3-24.jpg 181 1379.23 1307.51 964.2 1074.15 830.06 466.71
6923589421131-back_camera3-26.jpg 181 1362.3 1301.0 927.53 1085.59 869.55 430.83
6923589421131-back_camera3-27.jpg 181 1357.42 1293.82 942.08 1099.56 830.68 388.51
6923589421131-back_camera3-30.jpg 181 1391.2 1302.32 977.44 1098.72 827.51 407.19
6923589421131-back_camera3-28.jpg 181 1350.99 1289.22 945.53 1115.28 810.93 347.89
6923589421131-back_camera3-29.jpg 181 1376.36 1293.34 974.37 1115.73 803.98 355.21
6923589421131-back_camera3-32.jpg 181 1383.32 1307.57 948.55 1085.59 869.55 443.97
6923589421131-back_camera3-31.jpg 181 1385.93 1306.77 964.12 1097.45 843.63 418.64
6923589421131-back_camera3-34.jpg 181 1365.49 1320.82 951.84 1083.94 827.3 473.75
6923589421131-back_camera3-35.jpg 181 1364.62 1322.0 973.1 1078.96 783.05 486.07
6923589421131-back_camera3-38.jpg 181 1383.1 1323.12 1120.06 1081.59 526.08 483.07
6923589421131-back_camera3-3.jpg 181 1445.49 1315.44 1056.06 1081.41 778.87 468.06
6923589421131-back_camera3-40.jpg 181 1449.52 1320.24 1138.6 1080.84 621.84 478.8
6923589421131-back_camera3-5.jpg 181 1432.12 1308.49 1002.55 1078.93 859.15 459.11
6923589421131-back_camera3-6.jpg 181 1420.07 1301.43 996.67 1095.28 846.8 412.3
6923589421131-back_camera3-4.jpg 181 1436.12 1310.5 1020.95 1082.01 830.33 456.98
6923589421131-back_camera3-7.jpg 181 1408.85 1296.17 982.3 1099.31 853.09 393.73
6923589421131-back_camera3-9.jpg 181 1422.94 1283.37 1016.66 1109.66 812.56 347.41
6923589421131_camera0-14.jpg 181 1416.02 1198.8 1006.1 1034.67 819.84 328.25
6923589421131_camera0-13.jpg 181 1423.14 1201.15 1039.39 1038.61 767.51 325.08
6923589421131_camera0-16.jpg 181 1394.42 1198.53 955.39 1040.18 878.06 316.7
6923589421131_camera0-12.jpg 181 1429.48 1193.61 1071.72 1021.3 715.52 344.61
6923589421131_camera0-15.jpg 181 1404.21 1198.93 972.88 1036.39 862.66 325.08
6923589421131_camera0-17.jpg 181 1388.7 1198.87 942.82 1026.56 891.77 344.61
6923589421131_camera0-19.jpg 181 1384.05 1194.89 965.41 1045.04 837.28 299.71
6923589421131_camera0-1.jpg 181 1440.46 1187.75 1025.9 1042.29 829.11 290.92
6923589421131_camera0-18.jpg 181 1380.81 1193.6 940.19 1034.45 881.24 318.3
6923589421131_camera0-20.jpg 181 1409.77 1188.14 990.33 1043.84 838.87 288.61
6923589421131_camera0-21.jpg 181 1418.64 1193.57 989.52 1040.09 858.25 306.97
6923589421131_camera0-23.jpg 181 1409.74 1188.34 961.23 1023.93 897.03 328.82
6923589421131_camera0-22.jpg 181 1416.23 1198.54 971.47 1046.51 889.52 304.05
6923589421131_camera0-24.jpg 181 1391.34 1200.18 945.45 1029.19 891.77 341.98
6923589421131_camera0-25.jpg 181 1387.63 1206.04 965.82 1042.31 843.63 327.46
6923589421131_camera0-26.jpg 181 1384.51 1208.68 982.77 1037.92 803.49 341.52
6923589421131_camera0-27.jpg 181 1362.39 1205.44 992.8 1026.56 739.19 357.76
6923589421131_camera0-28.jpg 181 1374.05 1206.51 1058.71 1042.05 630.68 328.93
6923589421131_camera0-2.jpg 181 1425.53 1192.28 982.28 1037.08 886.51 310.41
6923589421131_camera0-29.jpg 181 1393.79 1204.55 1121.28 1030.03 545.02 349.03
6923589421131_camera0-30.jpg 181 1452.02 1204.94 1180.06 1040.02 543.92 329.84
6923589421131_camera0-31.jpg 181 1464.05 1206.97 1151.51 1040.1 625.07 333.75
6923589421131_camera0-32.jpg 181 1467.03 1203.2 1113.67 1038.55 706.72 329.31
6923589421131_camera0-33.jpg 181 1460.78 1198.77 1068.41 1033.08 784.74 331.39
6923589421131_camera0-35.jpg 181 1443.51 1201.07 1014.68 1044.76 857.67 312.62
6923589421131_camera0-36.jpg 181 1411.06 1208.07 969.12 1034.45 883.88 347.24
6923589421131_camera0-37.jpg 181 1405.8 1200.17 963.86 1037.08 883.88 326.19
6923589421131_camera0-38.jpg 181 1413.68 1196.23 977.01 1042.34 873.35 307.78
6923589421131_camera0-3.jpg 181 1409.75 1196.23 948.08 1037.08 923.33 318.3
6923589421131_camera0-39.jpg 181 1412.24 1191.92 994.0 1046.73 836.49 290.38
6923589421131_camera0-5.jpg 181 1382.12 1192.29 958.6 1029.19 847.05 326.19
6923589421131_camera0-4.jpg 181 1408.55 1200.06 961.53 1048.37 894.05 303.39
6923589421131_camera0-6.jpg 181 1380.47 1205.45 980.96 1049.19 799.01 312.53
6923589421131_camera0-40.jpg 181 1428.16 1188.34 998.06 1039.71 860.2 297.26
6923589421131_camera0-7.jpg 181 1368.53 1195.53 1003.75 1035.06 729.56 320.94
6923589421131_camera1-14.jpg 181 1263.75 1131.78 863.9 768.76 799.7 726.04
6923589421131_camera1-10.jpg 181 1279.94 1112.28 1005.32 763.21 549.24 698.13
6923589421131_camera1-13.jpg 181 1277.71 1125.96 904.0 762.43 747.42 727.07
6923589421131_camera1-11.jpg 181 1279.72 1119.07 961.78 760.68 635.89 716.77
6923589421131_camera1-12.jpg 181 1275.58 1109.41 932.29 742.45 686.58 733.93
6923589421131_camera1-15.jpg 181 1251.6 1120.12 836.15 776.73 830.89 686.78
6923589421131_camera1-17.jpg 181 1247.81 1115.49 848.19 834.28 799.23 562.42
6923589421131_camera1-16.jpg 181 1250.91 1112.96 841.62 802.34 818.58 621.24
6923589421131_camera1-18.jpg 181 1246.86 1107.32 859.74 857.51 774.23 499.61
6923589421131_camera1-19.jpg 181 1267.04 1111.13 887.25 892.3 759.58 437.67
6923589421131_camera1-20.jpg 181 1274.27 1108.11 866.53 845.05 815.48 526.12
6923589421131_camera1-22.jpg 181 1263.79 1126.31 843.46 804.5 840.65 643.62
6923589421131_camera1-21.jpg 181 1268.11 1119.74 853.79 825.89 828.64 587.7
6923589421131_camera1-1.jpg 181 1291.62 1103.2 896.77 839.97 789.71 526.47
6923589421131_camera1-25.jpg 181 1252.45 1141.18 876.09 768.68 752.72 745.0
6923589421131_camera1-27.jpg 181 1256.44 1131.74 955.22 770.42 602.44 722.65
6923589421131_camera1-23.jpg 181 1255.86 1131.78 842.86 787.17 826.0 689.21
6923589421131_camera1-28.jpg 181 1252.63 1126.12 1000.1 777.54 505.07 697.16
6923589421131_camera1-24.jpg 181 1255.45 1139.15 851.1 778.23 808.7 721.84
6923589421131_camera1-26.jpg 181 1247.97 1125.21 895.47 750.35 705.0 749.72
6923589421131_camera1-29.jpg 181 1293.27 1123.28 1062.54 784.72 461.46 677.12
6923589421131_camera1-2.jpg 181 1259.81 1110.74 842.86 816.11 833.89 589.25
6923589421131_camera1-31.jpg 181 1312.15 1125.79 984.06 761.64 656.18 728.3
6923589421131_camera1-32.jpg 181 1308.44 1130.25 943.29 762.46 730.31 735.57
6923589421131_camera1-33.jpg 181 1299.26 1126.52 913.88 766.13 770.76 720.78
6923589421131_camera1-30.jpg 181 1305.67 1126.97 1030.54 774.93 550.26 704.08
6923589421131_camera1-34.jpg 181 1297.03 1121.32 894.59 775.25 804.87 692.14
6923589421131_camera1-36.jpg 181 1276.92 1109.23 867.11 799.24 819.63 619.98
6923589421131_camera1-35.jpg 181 1286.11 1113.37 871.79 779.28 828.63 668.17
6923589421131_camera1-38.jpg 181 1266.06 1091.66 882.08 861.27 767.96 460.78
6923589421131_camera1-3.jpg 181 1274.3 1107.92 856.6 783.48 835.39 648.88
6923589421131_camera1-40.jpg 181 1292.89 1099.34 899.04 849.03 787.7 500.62
6923589421131_camera1-37.jpg 181 1265.07 1093.63 861.27 821.37 807.59 544.53
6923589421131_camera1-39.jpg 181 1282.17 1092.15 888.12 870.17 788.11 443.97
6923589421131_camera1-5.jpg 181 1241.39 1110.74 866.53 752.98 749.72 715.52
6923589421131_camera1-6.jpg 181 1244.05 1117.49 902.71 763.2 682.67 708.57
6923589421131_camera1-4.jpg 181 1263.93 1115.6 864.53 781.04 798.81 669.11
6923589421131_camera1-7.jpg 181 1230.86 1098.9 929.66 747.72 602.4 702.37
6923589421131_camera1-8.jpg 181 1232.24 1107.99 970.71 769.27 523.05 677.45
6923589421131_camera1-9.jpg 181 1269.01 1113.37 1032.26 781.91 473.5 662.91
6923589421131_camera2-13.jpg 181 1175.6 797.01 795.41 444.58 760.37 704.87
6923589421131_camera2-10.jpg 181 1170.39 795.12 800.08 544.2 740.63 501.83
6923589421131_camera2-11.jpg 181 1171.84 801.87 783.04 499.76 777.6 604.22
6923589421131_camera2-12.jpg 181 1171.67 796.38 782.35 471.5 778.65 649.75
6923589421131_camera2-14.jpg 181 1176.52 802.57 800.96 429.78 751.12 745.57
6923589421131_camera2-15.jpg 181 1175.78 801.88 819.82 407.82 711.92 788.11
6923589421131_camera2-18.jpg 181 1181.57 793.23 939.04 436.85 485.06 712.75
6923589421131_camera2-1.jpg 181 1165.27 775.6 888.12 392.05 554.3 767.09
6923589421131_camera2-19.jpg 181 1180.88 787.17 971.75 421.52 418.26 731.3
6923589421131_camera2-16.jpg 181 1181.4 795.56 860.29 418.15 642.23 754.82
6923589421131_camera2-20.jpg 181 1187.47 784.55 945.45 403.11 484.03 762.87
6923589421131_camera2-17.jpg 181 1181.04 791.37 890.75 407.82 580.57 767.09
6923589421131_camera2-21.jpg 181 1194.1 793.32 910.11 407.58 567.97 771.47
6923589421131_camera2-23.jpg 181 1186.3 788.74 825.08 397.31 722.43 782.85
6923589421131_camera2-22.jpg 181 1191.54 792.67 861.85 394.68 659.38 795.99
6923589421131_camera2-27.jpg 181 1191.32 778.52 821.31 496.39 740.02 564.27
6923589421131_camera2-24.jpg 181 1190.23 787.42 817.19 407.82 746.08 759.21
6923589421131_camera2-25.jpg 181 1191.32 784.07 817.61 433.48 747.42 701.17
6923589421131_camera2-31.jpg 181 1181.03 770.35 793.55 468.24 774.97 604.22
6923589421131_camera2-28.jpg 181 1185.77 778.52 834.26 540.79 703.02 475.46
6923589421131_camera2-30.jpg 181 1186.29 775.6 804.06 520.78 764.46 509.64
6923589421131_camera2-26.jpg 181 1192.45 780.57 809.45 449.8 765.99 661.54
6923589421131_camera2-29.jpg 181 1187.75 778.12 839.68 576.73 696.15 402.78
6923589421131_camera2-32.jpg 181 1183.66 765.09 785.67 428.83 795.99 672.52
6923589421131_camera2-2.jpg 181 1166.96 781.36 869.98 388.69 593.96 785.34
6923589421131_camera2-34.jpg 181 1163.79 777.97 779.72 400.48 768.13 754.98
6923589421131_camera2-33.jpg 181 1177.45 767.82 787.35 414.98 780.2 705.67
6923589421131_camera2-36.jpg 181 1167.9 771.65 846.09 384.17 643.62 774.97
6923589421131_camera2-35.jpg 181 1170.53 766.4 814.57 378.92 711.92 774.97
6923589421131_camera2-37.jpg 181 1170.05 773.89 891.61 398.33 556.87 751.12
6923589421131_camera2-38.jpg 181 1166.6 779.54 922.28 413.07 488.63 732.94
6923589421131_camera2-9.jpg 181 1169.92 789.27 824.23 593.43 691.39 391.68
6923589421131_camera2-39.jpg 181 1170.26 774.49 964.02 415.64 412.47 717.7
6923589421131_camera2-6.jpg 181 1158.7 784.79 764.65 455.1 788.11 659.38
6923589421131_camera2-3.jpg 181 1167.73 795.07 832.33 397.85 670.8 794.44
6923589421131_camera2-40.jpg 181 1159.7 774.67 899.63 393.1 520.14 763.15
6923589421131_camera2-4.jpg 181 1168.72 783.68 811.13 399.13 715.18 769.1
6923589421131_camera2-8.jpg 181 1159.85 795.06 798.14 547.79 723.41 494.55
6923589421131_camera2-5.jpg 181 1163.96 791.36 775.16 428.83 777.6 725.06
6923589421131_camera2-7.jpg 181 1168.14 788.28 794.09 499.08 748.1 578.4
6923589421131_camera3-10.jpg 181 1399.23 1290.93 979.65 1079.17 839.16 423.52
6923589421131_camera3-11.jpg 181 1383.87 1294.02 964.43 1081.53 838.87 424.98
6923589421131_camera3-12.jpg 181 1371.5 1304.95 948.55 1069.83 845.9 470.24
6923589421131_camera3-14.jpg 181 1345.91 1304.51 953.78 1066.32 784.26 476.38
6923589421131_camera3-13.jpg 181 1356.41 1302.12 938.6 1056.98 835.63 490.29
6923589421131_camera3-15.jpg 181 1340.03 1305.39 971.75 1055.49 736.56 499.81
6923589421131_camera3-18.jpg 181 1368.88 1301.0 1098.29 1059.32 541.17 483.37
6923589421131_camera3-16.jpg 181 1332.54 1305.38 1005.08 1065.79 654.92 479.17
6923589421131_camera3-17.jpg 181 1329.26 1305.18 1045.71 1065.48 567.09 479.41
6923589421131_camera3-19.jpg 181 1408.43 1297.5 1119.07 1052.86 578.73 489.29
6923589421131_camera3-20.jpg 181 1416.77 1310.5 1092.52 1064.41 648.5 492.17
6923589421131_camera3-1.jpg 181 1446.58 1298.82 1090.13 1050.23 712.89 497.18
6923589421131_camera3-22.jpg 181 1403.18 1314.71 1015.46 1071.36 775.44 486.71
6923589421131_camera3-23.jpg 181 1398.93 1311.42 985.47 1071.8 826.93 479.24
6923589421131_camera3-21.jpg 181 1404.49 1306.72 1045.41 1063.39 718.15 486.66
6923589421131_camera3-24.jpg 181 1391.35 1311.35 967.7 1085.89 847.3 450.92
6923589421131_camera3-25.jpg 181 1386.07 1306.71 950.71 1087.06 870.72 439.31
6923589421131_camera3-29.jpg 181 1419.19 1298.85 1018.65 1122.17 801.08 353.36
6923589421131_camera3-26.jpg 181 1371.61 1305.39 950.71 1097.58 841.79 415.63
6923589421131_camera3-27.jpg 181 1375.47 1298.15 971.67 1113.61 807.61 369.09
6923589421131_camera3-2.jpg 181 1431.99 1300.98 1046.65 1063.91 770.68 474.14
6923589421131_camera3-31.jpg 181 1407.11 1302.77 977.01 1087.06 860.2 431.42
6923589421131_camera3-30.jpg 181 1421.39 1303.89 1003.53 1112.82 835.72 382.15
6923589421131_camera3-33.jpg 181 1402.88 1314.41 985.83 1084.48 834.11 459.87
6923589421131_camera3-34.jpg 181 1396.59 1306.72 974.38 1066.02 844.42 481.4
6923589421131_camera3-32.jpg 181 1407.28 1308.97 974.24 1086.06 866.08 445.83
6923589421131_camera3-35.jpg 181 1392.81 1317.25 1009.69 1075.03 766.23 484.45
6923589421131_camera3-36.jpg 181 1389.12 1310.05 1053.34 1076.02 671.57 468.06
6923589421131_camera3-39.jpg 181 1448.22 1303.85 1185.11 1067.36 526.23 472.98
6923589421131_camera3-40.jpg 181 1453.07 1302.08 1125.92 1058.89 654.29 486.38
6923589421131_camera3-37.jpg 181 1389.02 1305.02 1092.09 1077.46 593.87 455.11
6923589421131_camera3-5.jpg 181 1397.95 1295.75 967.87 1071.7 860.16 448.1
6923589421131_camera3-4.jpg 181 1411.22 1296.85 992.18 1072.99 838.08 447.71
6923589421131_camera3-6.jpg 181 1393.84 1290.58 973.89 1075.27 839.89 430.61
6923589421131_camera3-38.jpg 181 1404.49 1301.46 1142.74 1068.65 523.49 465.61
6923589421131_camera3-3.jpg 181 1428.78 1301.96 1017.68 1064.57 822.21 474.79
6923589421131_camera3-7.jpg 181 1375.1 1281.59 981.96 1103.98 786.27 355.21
6923589421131_camera3-8.jpg 181 1387.38 1267.25 977.01 1087.06 820.74 360.39
6923589421131_camera3-9.jpg 181 1418.95 1280.41 1008.58 1079.17 820.74 402.48
