6947509910727-back_camera0-13.jpg 183 1401.06 1169.17 1059.44 984.85 683.24 368.64
6947509910727-back_camera0-10.jpg 183 1366.97 1163.86 1106.41 981.47 521.12 364.78
6947509910727-back_camera0-11.jpg 183 1408.68 1169.92 1147.15 984.64 523.05 370.57
6947509910727-back_camera0-12.jpg 183 1409.06 1169.55 1103.14 986.19 611.83 366.71
6947509910727-back_camera0-15.jpg 183 1381.82 1167.78 983.26 980.88 797.12 373.79
6947509910727-back_camera0-14.jpg 183 1396.59 1173.88 1011.21 976.58 770.76 394.59
6947509910727-back_camera0-17.jpg 183 1357.69 1167.04 942.45 986.71 830.48 360.65
6947509910727-back_camera0-18.jpg 183 1343.98 1164.66 924.4 976.58 839.16 376.17
6947509910727-back_camera0-16.jpg 183 1373.62 1168.37 959.62 985.01 828.0 366.71
6947509910727-back_camera0-19.jpg 183 1342.66 1162.04 929.66 971.32 826.0 381.43
6947509910727-back_camera0-23.jpg 183 1370.28 1168.61 932.29 966.05 875.98 405.11
6947509910727-back_camera0-1.jpg 183 1461.34 1160.87 1070.91 983.85 780.85 354.03
6947509910727-back_camera0-20.jpg 183 1349.25 1159.4 942.82 971.32 812.85 376.17
6947509910727-back_camera0-22.jpg 183 1383.37 1164.45 975.16 984.96 816.42 358.99
6947509910727-back_camera0-24.jpg 183 1367.65 1163.35 927.03 958.16 881.24 410.37
6947509910727-back_camera0-21.jpg 183 1379.97 1161.22 984.59 984.2 790.77 354.03
6947509910727-back_camera0-25.jpg 183 1354.5 1171.23 916.51 968.68 875.98 405.11
6947509910727-back_camera0-27.jpg 183 1373.56 1176.4 988.51 979.38 770.09 394.05
6947509910727-back_camera0-26.jpg 183 1374.31 1172.28 971.25 980.88 806.12 382.8
6947509910727-back_camera0-28.jpg 183 1374.1 1176.89 1023.79 981.96 700.61 389.87
6947509910727-back_camera0-29.jpg 183 1378.18 1169.92 1061.19 955.53 633.97 428.78
6947509910727-back_camera0-30.jpg 183 1408.97 1176.79 1127.74 983.23 562.47 387.11
6947509910727-back_camera0-2.jpg 183 1462.13 1157.64 1056.82 982.01 810.63 351.27
6947509910727-back_camera0-31.jpg 183 1469.63 1178.45 1192.67 981.58 553.93 393.73
6947509910727-back_camera0-32.jpg 183 1478.39 1177.67 1154.97 981.63 646.85 392.08
6947509910727-back_camera0-36.jpg 183 1465.35 1173.72 1047.49 978.79 835.72 389.87
6947509910727-back_camera0-33.jpg 183 1480.89 1179.62 1121.9 977.93 717.98 403.38
6947509910727-back_camera0-34.jpg 183 1484.72 1180.45 1084.87 971.32 799.7 418.26
6947509910727-back_camera0-35.jpg 183 1479.29 1177.62 1071.49 981.58 815.59 392.08
6947509910727-back_camera0-37.jpg 183 1453.53 1171.46 1033.33 980.39 840.4 382.15
6947509910727-back_camera0-38.jpg 183 1446.58 1167.29 1029.63 966.05 833.89 402.48
6947509910727-back_camera0-39.jpg 183 1432.2 1161.48 1029.31 973.89 805.79 375.18
6947509910727-back_camera0-3.jpg 183 1455.67 1160.84 1048.21 985.43 814.92 350.82
6947509910727-back_camera0-40.jpg 183 1441.5 1160.41 1046.83 979.19 789.34 362.45
6947509910727-back_camera0-4.jpg 183 1438.71 1157.93 1020.9 983.13 835.63 349.6
6947509910727-back_camera0-7.jpg 183 1389.03 1164.32 1014.46 985.25 749.14 358.13
6947509910727-back_camera0-5.jpg 183 1421.43 1161.95 1012.14 985.02 818.58 353.86
6947509910727-back_camera0-6.jpg 183 1407.01 1164.49 1016.0 985.43 782.03 358.13
6947509910727-back_camera0-8.jpg 183 1382.68 1168.64 1041.0 985.92 683.36 365.44
6947509910727-back_camera0-9.jpg 183 1369.22 1166.36 1068.52 986.25 601.4 360.22
6947509910727-back_camera1-13.jpg 183 1248.88 1081.54 888.62 719.15 720.52 724.78
6947509910727-back_camera1-10.jpg 183 1264.93 1067.36 1020.09 727.5 489.68 679.71
6947509910727-back_camera1-11.jpg 183 1263.09 1071.72 975.31 715.72 575.56 711.99
6947509910727-back_camera1-12.jpg 183 1258.36 1080.08 930.07 724.08 656.57 711.99
6947509910727-back_camera1-16.jpg 183 1221.88 1091.19 818.07 760.47 807.61 661.44
6947509910727-back_camera1-17.jpg 183 1222.11 1091.49 821.35 778.13 801.52 626.72
6947509910727-back_camera1-15.jpg 183 1232.89 1090.66 834.26 741.06 797.26 699.2
6947509910727-back_camera1-14.jpg 183 1244.67 1091.03 855.87 722.54 777.6 736.98
6947509910727-back_camera1-1.jpg 183 1314.31 1062.02 925.51 786.38 777.6 551.28
6947509910727-back_camera1-18.jpg 183 1215.95 1093.86 823.72 810.34 784.47 567.03
6947509910727-back_camera1-19.jpg 183 1215.24 1092.81 837.22 836.65 756.05 512.32
6947509910727-back_camera1-20.jpg 183 1243.88 1094.21 863.83 838.41 760.11 511.61
6947509910727-back_camera1-22.jpg 183 1247.81 1116.6 836.39 794.71 822.84 643.78
6947509910727-back_camera1-21.jpg 183 1249.47 1112.22 852.97 813.78 793.0 596.88
6947509910727-back_camera1-26.jpg 183 1241.78 1135.92 866.24 745.46 751.07 780.92
6947509910727-back_camera1-27.jpg 183 1243.36 1130.9 901.68 754.5 683.36 752.8
6947509910727-back_camera1-23.jpg 183 1244.67 1125.85 826.86 774.77 835.63 702.16
6947509910727-back_camera1-24.jpg 183 1234.81 1125.2 824.44 768.76 820.74 712.89
6947509910727-back_camera1-2.jpg 183 1307.97 1062.94 907.21 766.64 801.52 592.61
6947509910727-back_camera1-25.jpg 183 1240.61 1131.57 851.17 761.56 778.87 740.02
6947509910727-back_camera1-28.jpg 183 1247.97 1125.2 953.34 752.98 589.25 744.45
6947509910727-back_camera1-31.jpg 183 1325.57 1119.94 1019.1 734.56 612.93 770.76
6947509910727-back_camera1-30.jpg 183 1323.13 1122.88 1063.06 762.62 520.14 720.52
6947509910727-back_camera1-32.jpg 183 1327.4 1116.68 994.36 735.35 666.09 762.66
6947509910727-back_camera1-33.jpg 183 1329.51 1118.62 966.49 731.93 726.04 773.39
6947509910727-back_camera1-29.jpg 183 1262.96 1120.62 1009.5 766.34 506.92 708.57
6947509910727-back_camera1-34.jpg 183 1326.88 1106.79 932.29 721.41 789.17 770.76
6947509910727-back_camera1-35.jpg 183 1323.61 1100.73 922.85 731.94 801.52 737.57
6947509910727-back_camera1-36.jpg 183 1316.36 1089.17 919.52 747.84 793.68 682.67
6947509910727-back_camera1-37.jpg 183 1299.27 1087.06 890.21 763.5 818.11 647.12
6947509910727-back_camera1-38.jpg 183 1304.52 1071.28 916.51 779.28 776.02 583.99
6947509910727-back_camera1-5.jpg 183 1275.65 1067.85 897.93 720.34 755.44 695.01
6947509910727-back_camera1-4.jpg 183 1285.3 1067.82 884.89 722.54 800.81 690.56
6947509910727-back_camera1-6.jpg 183 1264.87 1065.34 905.49 704.88 718.75 720.91
6947509910727-back_camera1-40.jpg 183 1312.42 1058.12 934.93 808.22 754.98 499.81
6947509910727-back_camera1-39.jpg 183 1302.46 1061.31 940.91 810.76 723.11 501.1
6947509910727-back_camera1-3.jpg 183 1297.95 1066.01 895.47 731.93 804.96 668.17
6947509910727-back_camera1-8.jpg 183 1242.38 1066.95 952.79 715.67 579.17 702.56
6947509910727-back_camera1-9.jpg 183 1238.41 1074.46 984.43 723.64 507.96 701.64
6947509910727-back_camera1-7.jpg 183 1244.02 1063.38 905.99 695.1 676.06 736.56
6947509910727-back_camera2-11.jpg 183 1143.99 803.81 787.85 538.32 712.27 530.97
6947509910727-back_camera2-10.jpg 183 1130.9 797.7 779.72 563.58 702.37 468.24
6947509910727-back_camera2-12.jpg 183 1146.68 818.91 776.52 514.22 740.33 609.39
6947509910727-back_camera2-15.jpg 183 1150.69 823.13 779.78 441.56 741.83 763.15
6947509910727-back_camera2-14.jpg 183 1150.63 833.21 769.2 458.35 762.87 749.72
6947509910727-back_camera2-13.jpg 183 1151.18 819.63 776.7 484.0 748.97 671.26
6947509910727-back_camera2-16.jpg 183 1154.59 837.15 803.4 445.2 702.37 783.91
6947509910727-back_camera2-19.jpg 183 1187.88 818.91 948.3 474.65 479.17 688.53
6947509910727-back_camera2-17.jpg 183 1170.37 822.69 856.01 437.31 628.71 770.76
6947509910727-back_camera2-18.jpg 183 1178.89 822.15 893.98 460.62 569.82 723.06
6947509910727-back_camera2-1.jpg 183 1148.0 743.77 879.68 374.17 536.64 739.19
6947509910727-back_camera2-21.jpg 183 1207.78 815.93 934.21 450.34 547.14 731.18
6947509910727-back_camera2-20.jpg 183 1200.83 816.39 977.97 481.48 445.71 669.82
6947509910727-back_camera2-22.jpg 183 1212.45 813.47 900.73 424.15 623.45 778.65
6947509910727-back_camera2-23.jpg 183 1217.19 801.28 882.28 418.53 669.82 765.51
6947509910727-back_camera2-24.jpg 183 1213.77 806.9 850.75 418.89 726.04 776.02
6947509910727-back_camera2-25.jpg 183 1218.45 792.47 841.99 428.6 752.92 727.74
6947509910727-back_camera2-26.jpg 183 1224.36 792.17 832.66 432.39 783.4 719.57
6947509910727-back_camera2-27.jpg 183 1212.45 780.6 832.33 458.35 760.24 644.49
6947509910727-back_camera2-29.jpg 183 1217.19 769.81 874.73 529.33 684.93 480.96
6947509910727-back_camera2-28.jpg 183 1219.71 776.11 857.1 499.11 725.22 553.99
6947509910727-back_camera2-2.jpg 183 1148.1 751.26 847.17 373.24 601.85 756.05
6947509910727-back_camera2-31.jpg 183 1205.88 751.65 832.33 471.5 747.09 560.31
6947509910727-back_camera2-30.jpg 183 1207.12 754.7 864.66 531.84 684.93 445.71
6947509910727-back_camera2-33.jpg 183 1190.1 749.03 798.14 400.48 783.91 697.1
6947509910727-back_camera2-34.jpg 183 1193.27 742.11 816.81 383.27 752.92 717.67
6947509910727-back_camera2-32.jpg 183 1203.35 748.4 831.92 443.71 742.85 609.39
6947509910727-back_camera2-39.jpg 183 1162.47 749.03 919.14 389.96 486.66 718.15
6947509910727-back_camera2-36.jpg 183 1185.01 737.25 839.66 367.09 690.69 740.33
6947509910727-back_camera2-37.jpg 183 1174.63 732.2 851.32 351.69 646.62 761.02
6947509910727-back_camera2-35.jpg 183 1179.57 742.45 811.29 361.02 736.56 762.87
6947509910727-back_camera2-38.jpg 183 1169.36 735.82 892.36 375.72 553.99 720.19
6947509910727-back_camera2-40.jpg 183 1157.2 751.66 924.4 403.11 465.61 697.1
6947509910727-back_camera2-5.jpg 183 1133.97 770.19 763.96 405.73 740.02 728.92
6947509910727-back_camera2-6.jpg 183 1136.73 772.7 750.89 425.23 771.68 694.94
6947509910727-back_camera2-3.jpg 183 1145.38 752.98 811.29 368.91 668.17 768.13
6947509910727-back_camera2-4.jpg 183 1134.1 764.77 779.04 390.83 710.11 747.89
6947509910727-back_camera2-8.jpg 183 1125.64 783.23 756.05 492.55 739.19 581.36
6947509910727-back_camera2-7.jpg 183 1136.49 780.39 751.01 454.6 770.97 651.59
6947509910727-back_camera3-11.jpg 183 1370.62 1334.41 1036.07 1084.04 669.1 500.75
6947509910727-back_camera3-12.jpg 183 1361.09 1333.03 982.28 1066.02 757.61 534.01
6947509910727-back_camera3-13.jpg 183 1349.76 1336.2 958.01 1087.99 783.5 496.43
6947509910727-back_camera2-9.jpg 183 1129.59 785.86 774.46 539.9 710.26 491.92
6947509910727-back_camera3-15.jpg 183 1331.92 1339.08 911.96 1103.2 839.93 471.76
6947509910727-back_camera3-10.jpg 183 1381.3 1333.37 1078.68 1079.8 605.23 507.13
6947509910727-back_camera3-16.jpg 183 1313.12 1334.92 900.55 1110.14 825.13 449.56
6947509910727-back_camera3-14.jpg 183 1340.03 1334.34 921.77 1079.17 836.53 510.33
6947509910727-back_camera3-17.jpg 183 1318.82 1331.53 911.96 1113.53 813.72 436.0
6947509910727-back_camera3-18.jpg 183 1324.25 1325.13 924.4 1110.74 799.7 428.78
6947509910727-back_camera3-19.jpg 183 1350.94 1328.5 960.58 1119.44 780.72 418.11
6947509910727-back_camera3-1.jpg 183 1422.89 1319.87 1005.95 1087.06 833.89 465.61
6947509910727-back_camera3-20.jpg 183 1360.42 1335.94 960.02 1113.14 800.81 445.6
6947509910727-back_camera3-21.jpg 183 1351.87 1338.28 932.29 1089.69 839.16 497.18
6947509910727-back_camera3-25.jpg 183 1338.68 1362.37 954.97 1079.15 767.42 566.43
6947509910727-back_camera3-22.jpg 183 1346.52 1343.3 918.23 1091.69 856.58 503.22
6947509910727-back_camera3-26.jpg 183 1347.93 1352.75 995.43 1071.28 705.0 562.94
6947509910727-back_camera3-27.jpg 183 1347.55 1353.79 1036.74 1086.45 621.62 534.67
6947509910727-back_camera3-24.jpg 183 1334.77 1354.07 924.4 1073.91 820.74 560.31
6947509910727-back_camera3-23.jpg 183 1343.49 1347.62 930.0 1093.23 826.98 508.77
6947509910727-back_camera3-29.jpg 183 1435.57 1352.56 1153.66 1078.48 563.81 548.15
6947509910727-back_camera3-30.jpg 183 1451.84 1352.75 1129.59 1071.28 644.49 562.94
6947509910727-back_camera3-2.jpg 183 1405.47 1325.31 997.53 1094.98 815.88 460.66
6947509910727-back_camera3-28.jpg 183 1376.87 1347.49 1092.76 1076.54 568.21 541.9
6947509910727-back_camera3-31.jpg 183 1454.72 1354.46 1091.37 1074.12 726.7 560.68
6947509910727-back_camera3-32.jpg 183 1447.3 1349.16 1062.49 1070.73 769.62 556.87
6947509910727-back_camera3-33.jpg 183 1438.67 1343.54 1021.73 1055.49 833.89 576.1
6947509910727-back_camera3-34.jpg 183 1435.38 1342.32 1024.66 1076.84 821.43 530.97
6947509910727-back_camera3-35.jpg 183 1424.21 1334.34 1008.58 1073.91 831.26 520.86
6947509910727-back_camera3-38.jpg 183 1410.24 1307.63 1026.36 1099.5 767.77 416.26
6947509910727-back_camera3-36.jpg 183 1419.86 1324.16 1003.26 1068.36 833.19 511.61
6947509910727-back_camera3-37.jpg 183 1408.43 1310.66 1003.32 1079.17 810.22 462.98
6947509910727-back_camera3-39.jpg 183 1430.09 1313.75 1046.2 1114.87 767.77 397.76
6947509910727-back_camera3-3.jpg 183 1392.99 1321.51 993.37 1077.3 799.23 488.42
6947509910727-back_camera3-4.jpg 183 1374.75 1328.18 976.43 1070.55 796.65 515.26
6947509910727-back_camera3-40.jpg 183 1430.95 1321.15 1037.82 1113.02 786.27 416.26
6947509910727-back_camera3-6.jpg 183 1341.35 1331.71 1003.32 1073.91 676.06 515.59
6947509910727-back_camera3-7.jpg 183 1341.48 1325.98 1040.85 1074.37 601.27 503.22
6947509910727-back_camera3-5.jpg 183 1361.27 1329.53 986.09 1069.46 750.36 520.14
6947509910727-back_camera3-8.jpg 183 1334.78 1314.61 1076.98 1060.76 515.59 507.7
6947509910727-back_camera3-9.jpg 183 1374.89 1326.09 1116.81 1080.95 516.17 490.27
6947509910727_camera0-11.jpg 183 1472.88 1169.92 1132.22 968.68 681.32 402.48
6947509910727_camera0-10.jpg 183 1466.61 1175.88 1184.35 984.01 564.53 383.75
6947509910727_camera0-14.jpg 183 1458.98 1171.57 1041.16 977.58 835.63 387.97
6947509910727_camera0-12.jpg 183 1470.25 1164.66 1100.65 963.42 739.19 402.48
6947509910727_camera0-16.jpg 183 1438.6 1168.35 1021.54 986.78 834.11 363.14
6947509910727_camera0-13.jpg 183 1463.67 1165.97 1055.93 966.05 815.48 399.85
6947509910727_camera0-15.jpg 183 1449.14 1171.01 1035.26 987.85 827.77 366.31
6947509910727_camera0-18.jpg 183 1426.84 1158.08 1021.73 968.68 810.22 378.8
6947509910727_camera0-19.jpg 183 1429.05 1158.71 1039.62 989.43 778.87 338.56
6947509910727_camera0-17.jpg 183 1433.42 1159.39 998.06 968.68 870.72 381.43
6947509910727_camera0-1.jpg 183 1418.11 1167.86 1013.41 988.71 809.4 358.29
6947509910727_camera0-20.jpg 183 1447.32 1159.17 1054.21 982.2 786.21 353.95
6947509910727_camera0-22.jpg 183 1417.03 1159.0 999.97 991.7 834.11 334.6
6947509910727_camera0-23.jpg 183 1404.18 1161.69 987.92 992.41 832.53 338.56
6947509910727_camera0-26.jpg 183 1361.09 1160.71 982.28 968.68 757.61 384.06
6947509910727_camera0-21.jpg 183 1438.61 1158.86 1031.75 991.58 813.72 334.55
6947509910727_camera0-24.jpg 183 1389.15 1160.1 976.21 975.55 825.89 369.09
6947509910727_camera0-25.jpg 183 1377.96 1163.07 986.68 982.69 782.57 360.76
6947509910727_camera0-28.jpg 183 1345.3 1164.66 1045.41 973.95 599.77 381.43
6947509910727_camera0-2.jpg 183 1417.77 1173.36 993.58 991.79 848.38 363.14
6947509910727_camera0-27.jpg 183 1355.88 1165.08 1020.09 982.85 671.57 364.46
6947509910727_camera0-29.jpg 183 1369.32 1170.32 1096.81 979.25 545.02 382.14
6947509910727_camera0-30.jpg 183 1415.01 1165.97 1113.81 960.79 602.4 410.37
6947509910727_camera0-32.jpg 183 1417.64 1169.92 1040.15 963.42 754.98 413.0
6947509910727_camera0-31.jpg 183 1418.67 1177.56 1098.35 984.89 640.65 385.34
6947509910727_camera0-34.jpg 183 1388.7 1160.72 966.49 934.49 844.42 452.46
6947509910727_camera0-33.jpg 183 1412.36 1172.71 1025.82 975.04 773.07 395.35
6947509910727_camera0-35.jpg 183 1397.96 1176.78 974.06 972.13 847.81 409.29
6947509910727_camera0-38.jpg 183 1376.87 1164.66 948.08 952.9 857.57 423.52
6947509910727_camera0-39.jpg 183 1368.28 1171.45 967.9 987.63 800.77 367.65
6947509910727_camera0-36.jpg 183 1382.13 1167.67 967.9 977.55 828.47 380.24
6947509910727_camera0-3.jpg 183 1412.38 1167.29 966.49 958.16 891.77 418.26
6947509910727_camera0-37.jpg 183 1376.07 1171.79 941.2 973.54 869.74 396.5
6947509910727_camera0-6.jpg 183 1398.5 1177.75 1020.78 980.07 755.44 395.35
6947509910727_camera0-40.jpg 183 1386.07 1168.62 974.38 973.95 823.37 389.33
6947509910727_camera0-4.jpg 183 1404.8 1179.01 985.53 982.59 838.54 392.83
6947509910727_camera0-5.jpg 183 1401.86 1175.18 987.54 968.68 828.63 413.0
6947509910727_camera0-7.jpg 183 1397.15 1183.38 1050.57 983.21 693.17 400.35
6947509910727_camera1-10.jpg 183 1323.01 1108.56 1017.11 742.97 611.8 731.18
6947509910727_camera1-11.jpg 183 1322.95 1108.49 990.56 748.4 664.79 720.19
6947509910727_camera0-8.jpg 183 1392.65 1185.71 1076.98 979.21 631.34 413.0
6947509910727_camera0-9.jpg 183 1424.94 1181.53 1156.76 987.63 536.36 387.79
6947509910727_camera1-12.jpg 183 1315.05 1104.15 945.45 731.93 739.19 744.45
6947509910727_camera1-15.jpg 183 1294.0 1091.04 884.89 745.76 818.22 690.56
6947509910727_camera1-16.jpg 183 1287.71 1079.54 894.88 776.1 785.66 606.87
6947509910727_camera1-17.jpg 183 1270.32 1073.91 884.94 797.7 770.76 552.42
6947509910727_camera1-13.jpg 183 1305.58 1102.35 922.6 740.05 765.96 724.6
6947509910727_camera1-14.jpg 183 1297.78 1092.13 909.98 740.85 775.59 702.56
6947509910727_camera1-18.jpg 183 1283.47 1066.02 913.88 816.11 739.19 499.81
6947509910727_camera1-19.jpg 183 1301.56 1060.65 935.17 813.88 732.78 493.55
6947509910727_camera1-20.jpg 183 1297.81 1062.85 903.14 780.94 789.34 563.82
6947509910727_camera1-1.jpg 183 1267.06 1111.81 866.47 808.35 801.17 606.91
6947509910727_camera1-21.jpg 183 1275.12 1060.65 887.32 758.48 775.59 604.35
6947509910727_camera1-24.jpg 183 1241.39 1083.12 861.27 710.89 760.24 744.45
6947509910727_camera1-22.jpg 183 1266.3 1077.03 869.69 743.37 793.21 667.31
6947509910727_camera1-25.jpg 183 1233.62 1074.22 881.24 710.27 704.75 727.91
6947509910727_camera1-23.jpg 183 1249.28 1081.8 858.64 726.67 781.28 710.26
6947509910727_camera1-26.jpg 183 1223.5 1075.76 904.95 723.22 637.09 705.08
6947509910727_camera1-27.jpg 183 1222.97 1077.86 932.29 721.41 581.36 712.89
6947509910727_camera1-30.jpg 183 1264.86 1082.16 967.08 713.25 595.56 737.83
6947509910727_camera1-29.jpg 183 1265.05 1077.02 1015.75 728.26 498.59 697.52
6947509910727_camera1-31.jpg 183 1263.74 1088.38 927.03 710.89 673.43 754.98
6947509910727_camera1-28.jpg 183 1229.78 1069.47 990.56 733.3 478.45 672.34
6947509910727_camera1-2.jpg 183 1266.3 1119.83 862.14 776.1 808.32 687.45
6947509910727_camera1-32.jpg 183 1263.68 1093.04 899.16 713.59 729.04 758.89
6947509910727_camera1-34.jpg 183 1249.29 1101.52 848.12 734.56 802.33 733.93
6947509910727_camera1-33.jpg 183 1258.74 1098.42 877.25 725.74 762.99 745.37
6947509910727_camera1-35.jpg 183 1234.81 1097.59 824.44 747.72 820.74 699.73
6947509910727_camera1-36.jpg 183 1237.35 1093.38 836.96 763.51 800.77 659.75
6947509910727_camera1-38.jpg 183 1234.47 1094.62 857.99 825.2 752.96 538.84
6947509910727_camera1-37.jpg 183 1234.81 1093.63 840.22 784.54 789.17 618.19
6947509910727_camera1-40.jpg 183 1271.34 1108.49 884.8 834.02 773.07 548.95
6947509910727_camera1-3.jpg 183 1262.43 1118.63 856.01 745.09 812.85 747.09
6947509910727_camera1-39.jpg 183 1257.48 1098.42 884.8 859.2 745.37 478.45
6947509910727_camera1-6.jpg 183 1265.88 1122.19 935.84 738.39 660.08 767.61
6947509910727_camera1-5.jpg 183 1267.05 1127.99 903.7 739.59 726.69 776.81
6947509910727_camera1-4.jpg 183 1263.74 1119.94 871.79 739.82 783.91 760.24
6947509910727_camera1-7.jpg 183 1272.6 1114.8 988.05 745.89 569.1 737.81
6947509910727_camera1-8.jpg 183 1281.41 1100.94 1043.45 745.89 475.93 710.11
6947509910727_camera1-9.jpg 183 1321.44 1103.78 1067.5 753.06 507.88 701.44
6947509910727_camera2-10.jpg 183 1191.4 771.39 824.44 489.92 733.93 562.94
6947509910727_camera2-12.jpg 183 1173.12 757.21 801.7 423.56 742.85 667.31
6947509910727_camera2-13.jpg 183 1174.62 762.87 796.6 399.77 756.05 726.2
6947509910727_camera2-11.jpg 183 1175.63 752.98 800.77 445.2 749.72 615.56
6947509910727_camera2-14.jpg 183 1166.84 763.52 806.74 393.35 720.19 740.33
6947509910727_camera2-17.jpg 183 1149.32 762.18 871.79 400.48 555.05 723.41
6947509910727_camera2-1.jpg 183 1200.83 793.73 915.02 426.08 571.62 735.3
6947509910727_camera2-16.jpg 183 1154.59 764.82 845.49 389.96 618.19 749.72
6947509910727_camera2-18.jpg 183 1148.72 764.15 916.29 417.57 464.87 693.17
6947509910727_camera2-15.jpg 183 1164.32 759.74 824.37 385.79 679.9 747.89
6947509910727_camera2-19.jpg 183 1151.82 766.07 913.9 414.99 475.84 702.16
6947509910727_camera2-20.jpg 183 1151.95 770.08 861.27 395.22 581.36 749.72
6947509910727_camera2-22.jpg 183 1147.95 778.62 809.26 398.38 677.38 760.48
6947509910727_camera2-21.jpg 183 1149.32 780.61 829.7 384.7 639.23 791.81
6947509910727_camera2-24.jpg 183 1154.25 786.17 784.08 426.08 740.33 720.19
6947509910727_camera2-27.jpg 183 1153.38 807.87 786.95 536.56 732.87 542.62
6947509910727_camera2-28.jpg 183 1162.31 813.78 821.23 577.16 682.15 473.24
6947509910727_camera2-23.jpg 183 1144.06 776.65 779.72 397.85 728.67 757.61
6947509910727_camera2-26.jpg 183 1146.69 801.28 771.49 496.59 750.4 609.39
6947509910727_camera2-25.jpg 183 1150.63 805.59 769.2 466.24 762.87 678.69
6947509910727_camera2-30.jpg 183 1161.42 808.35 792.74 530.42 737.36 555.86
6947509910727_camera2-2.jpg 183 1203.35 783.66 869.69 403.42 667.31 760.48
6947509910727_camera2-32.jpg 183 1172.99 812.16 790.24 460.98 765.5 702.37
6947509910727_camera2-31.jpg 183 1166.62 804.57 786.95 488.59 759.34 631.96
6947509910727_camera2-29.jpg 183 1158.03 811.36 811.78 582.21 692.49 458.3
6947509910727_camera2-35.jpg 183 1195.35 806.69 844.27 420.79 702.16 771.8
6947509910727_camera2-33.jpg 183 1183.51 809.54 792.87 437.31 781.28 744.45
6947509910727_camera2-34.jpg 183 1181.95 806.32 821.85 431.12 720.19 750.4
6947509910727_camera2-36.jpg 183 1197.22 804.57 874.63 424.07 645.19 761.0
6947509910727_camera2-37.jpg 183 1204.61 797.51 922.58 431.12 564.06 732.78
6947509910727_camera2-39.jpg 183 1204.05 795.09 983.54 455.61 441.03 678.95
6947509910727_camera2-38.jpg 183 1201.93 800.33 950.71 447.83 502.44 705.0
6947509910727_camera2-3.jpg 183 1199.7 778.92 841.54 402.56 716.33 752.72
6947509910727_camera2-4.jpg 183 1199.57 769.81 829.4 410.97 740.33 717.67
6947509910727_camera2-40.jpg 183 1206.47 799.65 948.54 439.39 515.87 720.52
6947509910727_camera2-6.jpg 183 1184.84 775.34 808.66 458.35 752.35 633.97
6947509910727_camera2-5.jpg 183 1197.18 770.72 817.76 429.58 758.84 682.28
6947509910727_camera2-8.jpg 183 1193.28 753.44 854.59 526.81 677.38 453.26
6947509910727_camera2-7.jpg 183 1194.04 762.18 827.07 484.66 733.93 555.05
6947509910727_camera3-11.jpg 183 1450.31 1285.25 1124.56 1025.17 651.5 520.15
6947509910727_camera3-10.jpg 183 1453.02 1280.45 1167.98 1022.82 570.08 515.26
6947509910727_camera3-12.jpg 183 1442.57 1284.77 1076.18 1037.99 732.78 493.55
6947509910727_camera2-9.jpg 183 1197.49 757.69 851.05 520.3 692.89 474.79
6947509910727_camera3-13.jpg 183 1424.21 1279.1 1032.26 1023.93 783.91 510.33
6947509910727_camera3-16.jpg 183 1389.68 1274.7 990.56 1055.62 798.25 438.16
6947509910727_camera3-15.jpg 183 1404.34 1276.23 1000.15 1037.55 808.37 477.37
6947509910727_camera3-17.jpg 183 1378.36 1265.88 988.05 1055.62 780.62 420.53
6947509910727_camera3-19.jpg 183 1385.19 1260.26 997.22 1058.82 775.94 402.89
6947509910727_camera3-1.jpg 183 1420.27 1292.24 998.06 1042.34 844.42 499.81
6947509910727_camera3-22.jpg 183 1364.51 1273.43 957.83 1037.99 813.36 470.89
6947509910727_camera3-14.jpg 183 1420.15 1279.94 1022.56 1038.68 795.19 482.52
6947509910727_camera3-18.jpg 183 1365.77 1258.33 993.08 1060.65 745.37 395.35
6947509910727_camera3-20.jpg 183 1386.07 1259.37 992.8 1034.45 786.54 449.83
6947509910727_camera3-21.jpg 183 1375.21 1268.85 965.92 1036.8 818.58 464.1
6947509910727_camera3-24.jpg 183 1338.07 1278.48 942.72 1030.44 790.69 496.07
6947509910727_camera3-27.jpg 183 1321.62 1279.09 995.43 1013.4 652.38 531.38
6947509910727_camera3-23.jpg 183 1350.65 1273.44 950.27 1030.44 800.77 486.0
6947509910727_camera3-26.jpg 183 1325.5 1282.65 959.91 1019.03 731.18 527.24
6947509910727_camera3-25.jpg 183 1331.77 1280.99 955.31 1025.4 752.92 511.18
6947509910727_camera3-28.jpg 183 1320.31 1290.93 1032.26 1031.82 576.1 518.22
6947509910727_camera3-2.jpg 183 1422.43 1294.85 1008.19 1043.03 828.47 503.63
6947509910727_camera3-29.jpg 183 1358.19 1287.23 1081.07 1022.9 554.24 528.66
6947509910727_camera3-33.jpg 183 1393.92 1301.38 1000.43 1032.67 786.99 537.42
6947509910727_camera3-34.jpg 183 1393.47 1299.87 988.05 1045.54 810.84 508.66
6947509910727_camera3-32.jpg 183 1399.76 1298.62 1033.37 1030.44 732.78 536.36
6947509910727_camera3-30.jpg 183 1393.82 1294.95 1111.07 1024.74 565.51 540.42
6947509910727_camera3-31.jpg 183 1393.96 1300.14 1048.04 1026.56 691.84 547.16
6947509910727_camera3-35.jpg 183 1384.65 1296.1 977.97 1045.54 813.36 501.11
6947509910727_camera3-36.jpg 183 1382.51 1293.31 972.23 1050.95 820.55 484.72
6947509910727_camera3-38.jpg 183 1388.43 1283.51 1003.16 1075.76 770.55 415.49
6947509910727_camera3-37.jpg 183 1381.7 1289.32 983.15 1061.57 797.11 455.49
6947509910727_camera3-39.jpg 183 1418.64 1286.02 1033.37 1073.24 770.55 425.56
6947509910727_camera3-4.jpg 183 1411.3 1297.2 1009.32 1024.95 803.96 544.5
6947509910727_camera3-3.jpg 183 1417.37 1301.81 1005.44 1032.39 823.86 538.84
6947509910727_camera3-40.jpg 183 1430.8 1277.78 1027.0 1044.97 807.59 465.61
6947509910727_camera3-5.jpg 183 1409.84 1297.36 1040.93 1027.92 737.81 538.88
6947509910727_camera3-8.jpg 183 1401.12 1284.6 1123.19 1016.32 555.86 536.56
6947509910727_camera3-7.jpg 183 1399.76 1289.8 1091.29 1022.88 616.94 533.84
6947509910727_camera3-6.jpg 183 1401.85 1296.19 1055.93 1013.4 691.84 565.58
6947509910727_camera3-9.jpg 183 1436.59 1280.99 1172.97 1017.37 527.24 527.24
