6922266449611-back_camera0-10.jpg 184 1353.71 1154.9 1106.58 966.04 494.27 377.72
6922266449611-back_camera0-15.jpg 184 1396.52 1147.35 1032.83 950.93 727.38 392.83
6922266449611-back_camera0-11.jpg 184 1399.55 1150.11 1141.47 955.72 516.15 388.77
6922266449611-back_camera0-13.jpg 184 1401.75 1149.23 1071.63 948.08 660.23 402.3
6922266449611-back_camera0-14.jpg 184 1403.01 1151.3 1057.66 957.05 690.69 388.51
6922266449611-back_camera0-12.jpg 184 1411.24 1146.33 1112.8 950.21 596.88 392.23
6922266449611-back_camera0-18.jpg 184 1375.55 1139.67 1005.95 937.12 739.19 405.11
6922266449611-back_camera0-16.jpg 184 1392.21 1148.79 1013.23 949.85 757.96 397.87
6922266449611-back_camera0-17.jpg 184 1386.84 1148.41 1005.51 949.89 762.65 397.04
6922266449611-back_camera0-19.jpg 184 1380.95 1146.68 1032.22 955.2 697.47 382.96
6922266449611-back_camera0-22.jpg 184 1431.31 1151.97 1063.22 951.8 736.18 400.35
6922266449611-back_camera0-1.jpg 184 1425.53 1135.72 1087.5 947.64 676.06 376.17
6922266449611-back_camera0-20.jpg 184 1394.73 1143.75 1056.04 952.37 677.38 382.76
6922266449611-back_camera0-23.jpg 184 1431.23 1153.47 1054.04 954.12 754.38 398.7
6922266449611-back_camera0-21.jpg 184 1424.21 1147.57 1063.82 952.9 720.78 389.33
6922266449611-back_camera0-24.jpg 184 1428.9 1150.22 1051.18 950.57 755.44 399.3
6922266449611-back_camera0-26.jpg 184 1418.76 1160.67 1047.37 948.86 742.78 423.62
6922266449611-back_camera0-28.jpg 184 1413.69 1152.83 1095.39 939.75 636.6 426.15
6922266449611-back_camera0-25.jpg 184 1423.09 1157.68 1047.53 962.5 751.12 390.36
6922266449611-back_camera0-27.jpg 184 1413.69 1162.04 1061.19 939.75 705.0 444.57
6922266449611-back_camera0-2.jpg 184 1420.07 1135.49 1065.6 954.6 708.95 361.78
6922266449611-back_camera0-31.jpg 184 1464.68 1158.18 1200.82 953.04 527.73 410.28
6922266449611-back_camera0-30.jpg 184 1431.18 1157.85 1182.99 952.79 496.38 410.11
6922266449611-back_camera0-29.jpg 184 1417.44 1159.99 1144.56 962.96 545.77 394.06
6922266449611-back_camera0-36.jpg 184 1422.9 1147.57 1045.41 939.75 754.98 415.63
6922266449611-back_camera0-32.jpg 184 1464.16 1152.92 1164.25 954.4 599.82 397.04
6922266449611-back_camera0-35.jpg 184 1441.32 1143.75 1081.22 954.89 720.19 377.72
6922266449611-back_camera0-34.jpg 184 1458.41 1148.88 1092.76 942.38 731.3 413.0
6922266449611-back_camera0-39.jpg 184 1404.35 1140.37 1054.46 948.46 699.78 383.81
6922266449611-back_camera0-3.jpg 184 1408.58 1136.19 1048.48 957.41 720.19 357.57
6922266449611-back_camera0-33.jpg 184 1460.61 1153.48 1130.57 952.48 660.08 402.0
6922266449611-back_camera0-38.jpg 184 1412.35 1137.45 1051.0 952.37 722.7 370.17
6922266449611-back_camera0-40.jpg 184 1407.11 1134.41 1066.45 945.01 681.32 378.8
6922266449611-back_camera0-37.jpg 184 1423.98 1145.86 1048.11 950.09 751.75 391.54
6922266449611-back_camera0-4.jpg 184 1393.46 1142.5 1023.3 962.45 740.33 360.09
6922266449611-back_camera0-9.jpg 184 1345.36 1147.99 1055.85 951.13 579.02 393.73
6922266449611-back_camera0-6.jpg 184 1368.97 1138.36 1000.69 942.38 736.56 391.96
6922266449611-back_camera0-5.jpg 184 1384.09 1146.13 1010.67 956.53 746.84 379.2
6922266449611-back_camera1-10.jpg 184 1261.26 1068.21 1028.34 745.89 465.85 644.64
6922266449611-back_camera0-7.jpg 184 1356.87 1151.15 1013.59 956.77 686.55 388.77
6922266449611-back_camera0-8.jpg 184 1350.56 1144.93 1032.26 947.64 636.6 394.59
6922266449611-back_camera1-11.jpg 184 1263.45 1071.06 986.27 733.66 554.36 674.8
6922266449611-back_camera1-16.jpg 184 1247.41 1085.83 882.28 760.99 730.26 649.68
6922266449611-back_camera1-13.jpg 184 1260.25 1077.38 920.29 721.7 679.93 711.37
6922266449611-back_camera1-15.jpg 184 1255.63 1087.45 886.54 742.12 738.18 690.67
6922266449611-back_camera1-14.jpg 184 1258.49 1084.43 898.1 729.3 720.78 710.26
6922266449611-back_camera1-12.jpg 184 1264.03 1077.93 950.79 730.04 626.48 695.78
6922266449611-back_camera1-18.jpg 184 1249.93 1084.57 902.43 803.8 695.01 561.54
6922266449611-back_camera1-19.jpg 184 1250.99 1081.92 914.33 826.33 673.32 511.19
6922266449611-back_camera1-17.jpg 184 1244.01 1085.74 879.68 774.02 728.67 623.45
6922266449611-back_camera1-20.jpg 184 1286.45 1084.57 957.83 821.43 657.23 526.29
6922266449611-back_camera1-21.jpg 184 1282.41 1087.73 930.18 788.57 704.47 598.32
6922266449611-back_camera1-25.jpg 184 1284.8 1094.95 934.93 724.04 699.73 741.82
6922266449611-back_camera1-23.jpg 184 1285.37 1088.71 917.36 753.08 736.02 671.26
6922266449611-back_camera1-1.jpg 184 1278.34 1056.59 929.09 771.55 698.5 570.08
6922266449611-back_camera1-24.jpg 184 1287.43 1090.84 919.65 728.31 735.57 725.06
6922266449611-back_camera1-26.jpg 184 1289.88 1087.41 954.13 719.49 671.5 735.85
6922266449611-back_camera1-28.jpg 184 1284.39 1081.37 1017.06 728.93 534.67 704.87
6922266449611-back_camera1-22.jpg 184 1286.56 1088.52 920.95 766.75 731.22 643.54
6922266449611-back_camera1-27.jpg 184 1286.11 1084.43 977.01 716.15 618.19 736.56
6922266449611-back_camera1-30.jpg 184 1322.07 1073.42 1074.79 751.53 494.56 643.78
6922266449611-back_camera1-2.jpg 184 1272.06 1054.76 917.1 754.24 709.92 601.03
6922266449611-back_camera1-31.jpg 184 1316.66 1063.17 1038.41 728.26 556.51 669.82
6922266449611-back_camera1-33.jpg 184 1309.12 1068.28 966.53 716.04 685.17 704.47
6922266449611-back_camera1-29.jpg 184 1292.68 1076.54 1055.93 737.19 473.5 678.69
6922266449611-back_camera1-32.jpg 184 1317.02 1063.53 1007.29 720.34 619.46 686.37
6922266449611-back_camera1-34.jpg 184 1308.02 1058.08 948.11 720.09 719.82 675.98
6922266449611-back_camera1-36.jpg 184 1290.22 1048.07 927.61 733.3 725.22 629.53
6922266449611-back_camera1-35.jpg 184 1296.62 1044.97 924.4 705.63 744.45 678.69
6922266449611-back_camera1-37.jpg 184 1281.6 1041.94 920.95 744.16 721.29 595.56
6922266449611-back_camera1-38.jpg 184 1275.03 1036.0 931.03 763.77 688.0 544.46
6922266449611-back_camera1-40.jpg 184 1286.7 1048.83 952.32 791.2 668.75 515.26
6922266449611-back_camera1-3.jpg 184 1257.48 1060.65 899.91 743.37 715.15 634.57
6922266449611-back_camera1-39.jpg 184 1274.28 1033.13 945.45 787.17 657.65 491.92
6922266449611-back_camera1-8.jpg 184 1218.05 1067.55 943.43 732.55 549.24 670.01
6922266449611-back_camera1-5.jpg 184 1243.56 1061.45 890.72 713.56 705.68 695.78
6922266449611-back_camera1-7.jpg 184 1225.61 1056.81 916.51 708.26 618.19 697.1
6922266449611-back_camera1-6.jpg 184 1228.7 1067.41 896.73 713.25 663.94 708.33
6922266449611-back_camera2-11.jpg 184 1174.97 804.66 846.08 544.68 657.78 519.96
6922266449611-back_camera1-9.jpg 184 1222.18 1067.07 986.25 746.99 471.87 640.15
6922266449611-back_camera2-13.jpg 184 1181.94 803.8 839.48 491.55 684.93 624.5
6922266449611-back_camera2-10.jpg 184 1165.11 800.33 856.01 576.73 618.19 447.2
6922266449611-back_camera1-4.jpg 184 1246.85 1058.6 884.97 719.82 723.75 677.55
6922266449611-back_camera2-15.jpg 184 1194.03 799.13 857.96 446.76 672.13 704.75
6922266449611-back_camera2-20.jpg 184 1201.92 774.02 969.12 463.61 465.61 620.82
6922266449611-back_camera2-19.jpg 184 1206.01 788.65 977.92 468.9 456.19 639.51
6922266449611-back_camera2-14.jpg 184 1178.25 796.38 832.33 458.35 691.84 676.06
6922266449611-back_camera2-12.jpg 184 1177.72 804.43 838.11 511.61 679.22 585.64
6922266449611-back_camera2-16.jpg 184 1195.35 800.33 879.68 439.94 631.34 720.78
6922266449611-back_camera2-18.jpg 184 1208.38 786.17 950.27 453.78 516.22 664.79
6922266449611-back_camera2-1.jpg 184 1146.78 779.6 878.97 444.44 535.62 670.31
6922266449611-back_camera2-17.jpg 184 1201.93 796.38 905.99 445.2 591.88 702.37
6922266449611-back_camera2-22.jpg 184 1200.99 771.8 907.34 429.35 587.29 684.9
6922266449611-back_camera2-25.jpg 184 1197.06 757.22 854.59 428.6 684.93 657.23
6922266449611-back_camera2-21.jpg 184 1204.06 779.74 937.12 454.78 533.87 649.93
6922266449611-back_camera2-24.jpg 184 1196.67 763.5 858.64 416.26 676.06 694.47
6922266449611-back_camera2-23.jpg 184 1203.35 769.81 887.32 426.08 632.05 687.45
6922266449611-back_camera2-26.jpg 184 1193.81 751.35 844.21 433.72 699.2 635.25
6922266449611-back_camera2-27.jpg 184 1181.71 752.17 835.88 462.48 691.67 579.38
6922266449611-back_camera2-29.jpg 184 1183.2 745.88 874.73 524.29 616.94 443.19
6922266449611-back_camera2-2.jpg 184 1151.03 784.01 861.75 442.27 578.55 683.48
6922266449611-back_camera2-28.jpg 184 1189.49 750.92 859.62 496.59 659.75 508.66
6922266449611-back_camera2-31.jpg 184 1174.65 743.83 855.13 479.16 639.05 529.34
6922266449611-back_camera2-33.jpg 184 1162.12 752.22 813.05 428.79 698.13 646.85
6922266449611-back_camera2-34.jpg 184 1163.06 754.7 821.85 418.53 682.41 672.34
6922266449611-back_camera2-30.jpg 184 1178.47 751.35 869.94 528.95 617.06 444.79
6922266449611-back_camera2-32.jpg 184 1170.66 749.63 833.95 454.55 673.42 590.17
6922266449611-back_camera2-35.jpg 184 1150.29 758.52 814.46 406.97 671.66 703.09
6922266449611-back_camera2-36.jpg 184 1149.2 766.04 834.44 421.05 629.53 689.97
6922266449611-back_camera2-38.jpg 184 1139.05 770.78 885.93 440.66 506.24 660.23
6922266449611-back_camera2-3.jpg 184 1149.65 786.6 831.72 439.43 635.86 694.33
6922266449611-back_camera2-37.jpg 184 1146.8 765.15 858.12 419.4 577.36 691.51
6922266449611-back_camera2-40.jpg 184 1150.47 776.11 932.65 468.89 435.64 614.43
6922266449611-back_camera2-6.jpg 184 1157.34 804.46 808.94 483.01 696.8 642.9
6922266449611-back_camera2-39.jpg 184 1139.13 773.59 925.09 468.89 428.08 609.39
6922266449611-back_camera2-4.jpg 184 1151.72 794.26 815.89 446.85 671.66 694.82
6922266449611-back_camera2-7.jpg 184 1160.41 806.44 818.06 514.41 684.7 584.06
6922266449611-back_camera2-5.jpg 184 1155.89 801.64 808.66 463.61 694.47 676.06
6922266449611-back_camera2-9.jpg 184 1163.06 811.36 857.1 594.8 611.91 433.12
6922266449611-back_camera3-10.jpg 184 1375.07 1317.41 1082.66 1051.06 584.81 532.7
6922266449611-back_camera2-8.jpg 184 1166.21 808.66 833.67 542.2 665.09 532.93
6922266449611-back_camera3-11.jpg 184 1371.61 1323.81 1037.52 1047.6 668.17 552.42
6922266449611-back_camera3-13.jpg 184 1369.45 1323.02 992.45 1063.99 753.99 518.06
6922266449611-back_camera3-14.jpg 184 1366.31 1320.74 986.43 1060.65 759.76 520.17
6922266449611-back_camera3-12.jpg 184 1372.99 1319.39 1018.96 1052.22 708.06 534.35
6922266449611-back_camera3-15.jpg 184 1354.5 1317.24 966.49 1068.65 776.02 497.18
6922266449611-back_camera3-18.jpg 184 1362.69 1308.96 1013.09 1080.87 699.2 456.19
6922266449611-back_camera3-19.jpg 184 1389.84 1313.34 1047.58 1080.23 684.52 466.21
6922266449611-back_camera3-16.jpg 184 1350.29 1318.59 970.07 1067.68 760.44 501.82
6922266449611-back_camera3-17.jpg 184 1345.3 1311.98 982.28 1073.91 726.04 476.14
6922266449611-back_camera3-20.jpg 184 1397.96 1317.51 1035.35 1074.22 725.22 486.57
6922266449611-back_camera3-23.jpg 184 1389.19 1327.16 1006.21 1050.06 765.96 554.2
6922266449611-back_camera3-1.jpg 184 1375.35 1304.14 1009.04 1072.88 732.62 462.51
6922266449611-back_camera3-25.jpg 184 1388.71 1327.75 1034.89 1047.6 707.63 560.31
6922266449611-back_camera3-21.jpg 184 1398.35 1328.68 1014.64 1061.91 767.42 533.54
6922266449611-back_camera3-22.jpg 184 1393.7 1329.16 1008.46 1057.76 770.49 542.81
6922266449611-back_camera3-27.jpg 184 1387.08 1326.9 1106.25 1047.04 561.65 559.72
6922266449611-back_camera3-28.jpg 184 1399.64 1320.95 1153.85 1057.72 491.59 526.47
6922266449611-back_camera3-26.jpg 184 1386.2 1327.8 1068.57 1047.39 635.27 560.82
6922266449611-back_camera3-24.jpg 184 1388.65 1330.52 1019.55 1051.22 738.2 558.6
6922266449611-back_camera3-34.jpg 184 1407.38 1309.23 1031.5 1057.08 751.75 504.3
6922266449611-back_camera3-29.jpg 184 1436.3 1315.96 1176.37 1060.65 519.87 510.62
6922266449611-back_camera3-2.jpg 184 1365.03 1309.34 987.54 1055.49 754.98 507.7
6922266449611-back_camera3-32.jpg 184 1426.69 1311.94 1070.6 1053.31 712.19 517.26
6922266449611-back_camera3-30.jpg 184 1440.02 1315.72 1136.86 1055.87 606.33 519.71
6922266449611-back_camera3-38.jpg 184 1379.94 1294.62 1038.52 1081.05 682.84 427.14
6922266449611-back_camera3-35.jpg 184 1392.82 1305.05 1019.47 1067.46 746.69 475.17
6922266449611-back_camera3-31.jpg 184 1431.78 1316.18 1097.88 1057.55 667.8 517.26
6922266449611-back_camera3-37.jpg 184 1372.79 1291.6 1027.44 1077.92 690.69 427.36
6922266449611-back_camera3-36.jpg 184 1376.86 1294.88 1003.32 1052.86 747.08 484.03
6922266449611-back_camera3-33.jpg 184 1417.4 1308.78 1044.94 1052.77 744.92 512.01
6922266449611-back_camera3-40.jpg 184 1390.77 1299.52 1042.19 1081.52 697.16 436.0
6922266449611-back_camera3-39.jpg 184 1400.68 1295.12 1062.37 1080.05 676.62 430.13
6922266449611-back_camera3-6.jpg 184 1321.62 1315.91 998.06 1058.12 647.12 515.59
6922266449611-back_camera3-3.jpg 184 1359.47 1308.69 993.08 1063.17 732.78 491.04
6922266449611-back_camera3-4.jpg 184 1334.89 1314.82 970.94 1060.05 727.91 509.54
6922266449611-back_camera3-7.jpg 184 1313.84 1313.77 1024.1 1053.79 579.48 519.96
6922266449611-back_camera3-5.jpg 184 1326.02 1314.27 988.23 1061.73 675.58 505.07
6922266449611_camera0-10.jpg 184 1353.19 1151.51 1079.61 945.01 547.16 413.0
6922266449611_camera0-11.jpg 184 1385.36 1153.23 1131.51 961.61 507.69 383.24
6922266449611-back_camera3-8.jpg 184 1321.02 1312.05 1064.32 1055.35 513.4 513.4
6922266449611-back_camera3-9.jpg 184 1372.06 1312.47 1116.47 1055.62 511.18 513.7
6922266449611_camera0-13.jpg 184 1407.12 1148.88 1100.65 952.9 612.93 391.96
6922266449611_camera0-14.jpg 184 1402.36 1160.24 1069.84 963.38 665.04 393.73
6922266449611_camera0-12.jpg 184 1412.06 1157.65 1151.99 970.53 520.13 374.24
6922266449611_camera0-16.jpg 184 1390.45 1155.55 1022.53 959.21 735.85 392.67
6922266449611_camera0-15.jpg 184 1399.38 1161.47 1037.6 958.66 723.56 405.63
6922266449611_camera0-17.jpg 184 1378.18 1154.14 992.8 950.27 770.76 407.74
6922266449611_camera0-18.jpg 184 1367.03 1157.6 1000.64 964.96 732.78 385.27
6922266449611_camera0-20.jpg 184 1352.96 1154.15 1013.0 963.08 679.93 382.15
6922266449611_camera0-19.jpg 184 1358.45 1156.77 998.06 955.53 720.78 402.48
6922266449611_camera0-1.jpg 184 1438.8 1141.23 1108.92 952.37 659.75 377.72
6922266449611_camera0-22.jpg 184 1406.08 1147.29 1052.18 952.6 707.8 389.37
6922266449611_camera0-24.jpg 184 1408.84 1157.21 1022.83 962.28 772.02 389.87
6922266449611_camera0-25.jpg 184 1409.84 1160.12 1035.89 970.0 747.89 380.24
6922266449611_camera0-29.jpg 184 1400.95 1162.2 1095.73 962.85 610.45 398.7
6922266449611_camera0-26.jpg 184 1403.54 1163.89 1035.89 970.0 735.3 387.79
6922266449611_camera0-23.jpg 184 1413.61 1156.34 1045.96 970.0 735.3 372.68
6922266449611_camera0-21.jpg 184 1384.0 1152.63 1039.44 960.0 689.11 385.27
6922266449611_camera0-28.jpg 184 1398.63 1166.98 1063.71 962.94 669.85 408.07
6922266449611_camera0-2.jpg 184 1437.1 1142.05 1089.69 963.38 694.82 357.34
6922266449611_camera0-27.jpg 184 1405.8 1165.97 1042.78 958.16 726.04 415.63
6922266449611_camera0-30.jpg 184 1407.32 1162.63 1151.73 970.0 511.18 385.27
6922266449611_camera0-31.jpg 184 1437.93 1161.9 1188.95 961.73 497.96 400.35
6922266449611_camera0-32.jpg 184 1463.67 1158.49 1184.02 961.33 559.31 394.32
6922266449611_camera0-33.jpg 184 1460.4 1157.88 1151.44 971.03 617.92 373.71
6922266449611_camera0-34.jpg 184 1460.37 1158.8 1117.92 961.1 684.9 395.39
6922266449611_camera0-35.jpg 184 1453.74 1157.55 1091.29 957.53 724.91 400.04
6922266449611_camera0-37.jpg 184 1438.97 1148.79 1067.73 958.85 742.49 379.88
6922266449611_camera0-4.jpg 184 1421.11 1143.34 1048.47 958.08 745.27 370.52
6922266449611_camera0-40.jpg 184 1416.32 1147.56 1074.35 955.53 683.95 384.06
6922266449611_camera0-3.jpg 184 1428.73 1141.23 1071.15 964.96 715.15 352.54
6922266449611_camera0-36.jpg 184 1450.26 1153.1 1074.09 955.94 752.34 394.32
6922266449611_camera0-39.jpg 184 1419.91 1148.42 1068.09 963.88 703.64 369.09
6922266449611_camera0-38.jpg 184 1430.2 1154.18 1059.69 959.53 741.01 389.3
6922266449611_camera0-6.jpg 184 1383.43 1151.51 1011.21 955.53 744.45 391.96
6922266449611_camera0-7.jpg 184 1379.49 1152.62 1023.81 961.54 711.37 382.15
6922266449611_camera0-9.jpg 184 1361.99 1152.57 1066.11 967.48 591.76 370.17
6922266449611_camera0-5.jpg 184 1406.78 1142.22 1030.61 950.01 752.34 384.42
6922266449611_camera1-10.jpg 184 1241.12 1059.39 1008.19 735.81 465.85 647.16
6922266449611_camera0-8.jpg 184 1367.93 1149.26 1034.58 956.53 666.7 385.46
6922266449611_camera1-13.jpg 184 1258.49 1066.02 942.82 708.26 631.34 715.52
6922266449611_camera1-11.jpg 184 1268.94 1068.22 1013.66 729.93 510.57 676.58
6922266449611_camera1-12.jpg 184 1260.72 1073.39 972.82 721.97 575.81 702.85
6922266449611_camera1-14.jpg 184 1251.19 1082.06 912.5 723.22 677.38 717.67
6922266449611_camera1-15.jpg 184 1244.37 1086.63 889.51 728.47 709.71 716.33
6922266449611_camera1-19.jpg 184 1230.87 1087.06 895.47 805.59 670.8 562.94
6922266449611_camera1-18.jpg 184 1236.08 1087.09 884.8 778.62 702.56 616.94
6922266449611_camera1-16.jpg 184 1240.97 1092.1 882.78 746.63 716.38 690.93
6922266449611_camera1-17.jpg 184 1232.83 1090.47 870.3 757.21 725.06 666.51
6922266449611_camera1-1.jpg 184 1303.2 1056.82 969.12 795.07 668.17 523.49
6922266449611_camera1-21.jpg 184 1270.07 1097.16 937.68 831.5 664.79 531.33
6922266449611_camera1-23.jpg 184 1268.41 1106.51 897.5 784.93 741.83 643.17
6922266449611_camera1-20.jpg 184 1246.76 1084.87 922.56 835.74 648.4 498.26
6922266449611_camera1-24.jpg 184 1265.04 1113.53 897.39 778.62 735.3 669.82
6922266449611_camera1-22.jpg 184 1266.86 1101.66 910.35 807.19 713.02 588.94
6922266449611_camera1-26.jpg 184 1266.38 1112.06 913.88 752.98 705.0 718.15
6922266449611_camera1-25.jpg 184 1268.82 1105.98 907.47 766.03 722.7 679.9
6922266449611_camera1-28.jpg 184 1274.9 1107.88 984.29 758.58 581.23 698.61
6922266449611_camera1-27.jpg 184 1271.66 1110.6 945.76 758.22 651.81 704.75
6922266449611_camera1-29.jpg 184 1276.95 1103.69 1014.75 762.62 524.4 682.15
6922266449611_camera1-31.jpg 184 1317.67 1087.07 1053.3 745.09 528.75 683.95
6922266449611_camera1-2.jpg 184 1292.74 1055.62 947.76 781.14 689.97 548.95
6922266449611_camera1-38.jpg 184 1292.9 1058.13 945.49 762.01 694.82 592.25
6922266449611_camera1-36.jpg 184 1303.57 1073.68 943.66 743.47 719.82 660.42
6922266449611_camera1-35.jpg 184 1304.52 1076.53 937.56 731.93 733.93 689.21
6922266449611_camera1-34.jpg 184 1307.85 1080.8 967.9 733.3 679.9 695.01
6922266449611_camera1-30.jpg 184 1296.91 1093.78 1067.79 769.53 458.25 648.5
6922266449611_camera1-39.jpg 184 1289.15 1050.38 963.08 786.73 652.14 527.29
6922266449611_camera1-37.jpg 184 1299.04 1061.91 940.2 743.37 717.67 637.09
6922266449611_camera1-33.jpg 184 1315.05 1081.8 990.17 737.19 649.75 689.21
6922266449611_camera1-32.jpg 184 1315.02 1088.22 1016.82 743.7 596.39 689.03
6922266449611_camera1-3.jpg 184 1286.16 1061.95 925.95 754.99 720.43 613.93
6922266449611_camera1-5.jpg 184 1263.6 1064.32 907.93 732.69 711.33 663.25
6922266449611_camera1-4.jpg 184 1273.86 1065.69 917.54 743.37 712.63 644.64
6922266449611_camera1-40.jpg 184 1290.05 1046.29 974.38 802.96 631.34 486.66
6922266449611_camera1-6.jpg 184 1246.22 1069.59 900.73 726.84 690.97 685.5
6922266449611_camera1-7.jpg 184 1236.32 1066.06 916.71 725.24 639.21 681.64
6922266449611_camera1-8.jpg 184 1232.18 1069.58 929.48 724.24 605.41 690.67
6922266449611_camera2-10.jpg 184 1146.68 800.02 859.62 589.76 574.13 420.53
6922266449611_camera2-12.jpg 184 1158.08 810.03 832.61 540.32 650.93 539.41
6922266449611_camera2-11.jpg 184 1152.42 800.24 839.75 566.27 625.34 467.94
6922266449611_camera1-9.jpg 184 1229.79 1066.95 972.94 743.37 513.7 647.16
6922266449611_camera2-16.jpg 184 1172.99 818.74 832.33 468.87 681.32 699.73
6922266449611_camera2-13.jpg 184 1165.58 807.59 826.89 514.22 677.38 586.73
6922266449611_camera2-14.jpg 184 1169.57 809.56 822.87 489.09 693.4 640.94
6922266449611_camera2-15.jpg 184 1183.99 809.39 830.12 470.45 707.73 677.88
6922266449611_camera2-17.jpg 184 1187.21 810.59 882.88 471.1 608.67 678.97
6922266449611_camera2-18.jpg 184 1199.3 814.79 916.51 466.24 565.58 697.1
6922266449611_camera2-1.jpg 184 1153.77 757.4 926.08 447.7 455.37 619.41
6922266449611_camera2-19.jpg 184 1195.44 806.08 947.96 496.37 494.96 619.41
6922266449611_camera2-22.jpg 184 1198.66 790.94 928.18 455.11 540.97 671.66
6922266449611_camera2-27.jpg 184 1207.19 766.13 861.27 450.46 691.84 631.34
6922266449611_camera2-20.jpg 184 1199.57 801.29 995.6 514.22 407.94 574.13
6922266449611_camera2-21.jpg 184 1198.25 797.98 960.33 484.62 475.84 626.72
6922266449611_camera2-28.jpg 184 1206.13 759.68 877.16 478.21 657.95 562.95
6922266449611_camera2-23.jpg 184 1201.93 787.18 898.1 434.68 607.66 705.0
6922266449611_camera2-25.jpg 184 1208.38 772.33 879.77 428.6 657.23 687.45
6922266449611_camera2-26.jpg 184 1203.88 768.27 862.05 440.99 683.66 654.56
6922266449611_camera2-2.jpg 184 1152.95 766.98 883.3 431.15 539.31 671.66
6922266449611_camera2-24.jpg 184 1203.35 782.39 884.8 438.67 637.09 687.45
6922266449611_camera2-29.jpg 184 1200.58 754.63 882.65 504.31 635.86 500.65
6922266449611_camera2-30.jpg 184 1200.61 753.33 908.3 545.49 584.62 415.68
6922266449611_camera2-34.jpg 184 1176.91 745.88 836.96 423.56 679.9 644.64
6922266449611_camera2-31.jpg 184 1196.66 752.98 882.31 524.12 628.71 457.72
6922266449611_camera2-32.jpg 184 1189.5 757.22 862.14 491.55 654.72 531.33
6922266449611_camera2-35.jpg 184 1171.58 749.97 831.61 410.83 679.93 678.28
6922266449611_camera2-33.jpg 184 1182.09 752.77 834.62 452.2 694.94 601.14
6922266449611_camera2-39.jpg 184 1151.72 748.41 909.98 436.16 483.48 624.5
6922266449611_camera2-37.jpg 184 1159.29 749.5 852.29 409.89 614.0 679.22
6922266449611_camera2-36.jpg 184 1157.21 752.98 819.18 408.37 676.06 689.21
6922266449611_camera2-38.jpg 184 1158.01 748.41 882.28 421.05 551.47 654.72
6922266449611_camera2-40.jpg 184 1148.76 752.18 941.48 461.27 414.56 581.83
6922266449611_camera2-3.jpg 184 1151.72 767.28 862.14 426.08 579.17 682.41
6922266449611_camera2-5.jpg 184 1147.19 786.91 813.25 435.25 667.88 703.33
6922266449611_camera2-7.jpg 184 1141.42 796.38 795.5 482.03 691.84 628.71
6922266449611_camera2-6.jpg 184 1143.47 786.76 798.14 452.08 690.67 669.36
6922266449611_camera2-8.jpg 184 1145.43 797.51 814.3 516.74 662.27 561.54
6922266449611_camera2-4.jpg 184 1148.39 779.89 830.76 425.39 635.27 709.0
6922266449611_camera2-9.jpg 184 1145.51 798.88 831.56 549.99 627.9 497.79
6922266449611_camera3-10.jpg 184 1422.43 1268.4 1068.63 1037.99 707.6 460.82
6922266449611_camera3-11.jpg 184 1409.75 1273.84 1034.89 1021.3 749.72 505.07
6922266449611_camera3-12.jpg 184 1413.62 1269.65 1040.93 1017.84 745.37 503.63
6922266449611_camera3-17.jpg 184 1391.61 1264.47 1122.78 1006.4 537.66 516.15
6922266449611_camera3-18.jpg 184 1407.33 1258.29 1161.97 1003.73 490.72 509.11
6922266449611_camera3-13.jpg 184 1407.69 1279.05 1032.51 1012.58 750.36 532.93
6922266449611_camera3-16.jpg 184 1394.73 1272.17 1096.33 1010.29 596.8 523.77
6922266449611_camera3-1.jpg 184 1405.67 1277.47 1096.31 1004.51 618.72 545.93
6922266449611_camera3-14.jpg 184 1396.6 1273.83 1040.15 1008.14 712.89 531.38
6922266449611_camera3-19.jpg 184 1433.75 1260.85 1179.42 1010.29 508.66 501.11
6922266449611_camera3-15.jpg 184 1393.82 1274.37 1058.07 1011.21 671.5 526.31
6922266449611_camera3-22.jpg 184 1426.2 1267.14 1083.74 1010.29 684.93 513.7
6922266449611_camera3-20.jpg 184 1435.63 1263.11 1137.85 1007.51 595.56 511.19
6922266449611_camera3-21.jpg 184 1431.29 1263.31 1100.57 1000.19 661.44 526.23
6922266449611_camera3-23.jpg 184 1409.74 1259.36 1037.52 1008.14 744.45 502.44
6922266449611_camera3-24.jpg 184 1404.8 1263.36 1038.41 1022.88 732.78 480.96
6922266449611_camera3-25.jpg 184 1394.97 1251.38 1024.46 1012.39 741.03 477.99
6922266449611_camera3-26.jpg 184 1385.98 1252.55 1028.64 1022.59 714.67 459.91
6922266449611_camera3-35.jpg 184 1351.92 1270.91 1025.82 1007.77 652.2 526.29
6922266449611_camera3-28.jpg 184 1388.7 1238.33 1050.67 1021.3 676.06 434.05
6922266449611_camera3-27.jpg 184 1382.65 1240.18 1041.44 1023.78 682.43 432.81
6922266449611_camera3-29.jpg 184 1402.54 1248.36 1065.88 1027.5 673.32 441.71
6922266449611_camera3-2.jpg 184 1406.05 1283.51 1061.07 1015.33 689.97 536.36
6922266449611_camera3-32.jpg 184 1380.76 1268.66 1009.84 1014.68 741.83 507.96
6922266449611_camera3-31.jpg 184 1384.75 1263.31 1013.84 1010.77 741.82 505.07
6922266449611_camera3-30.jpg 184 1397.24 1254.55 1048.48 1022.88 697.52 463.34
6922266449611_camera3-34.jpg 184 1357.8 1270.99 1005.55 1009.48 704.5 523.01
6922266449611_camera3-33.jpg 184 1368.58 1270.94 1002.97 1010.38 731.22 521.12
6922266449611_camera3-36.jpg 184 1340.04 1268.57 1029.63 1002.88 620.82 531.38
6922266449611_camera3-37.jpg 184 1345.62 1265.88 1081.22 1010.29 528.81 511.18
6922266449611_camera3-39.jpg 184 1407.88 1273.62 1146.35 1004.37 523.05 538.49
6922266449611_camera3-38.jpg 184 1368.1 1264.2 1113.19 1002.69 509.81 523.01
6922266449611_camera3-3.jpg 184 1400.95 1276.95 1032.16 1004.09 737.57 545.72
6922266449611_camera3-40.jpg 184 1403.17 1269.88 1095.39 992.36 615.56 555.05
6922266449611_camera3-5.jpg 184 1388.42 1275.95 1018.26 1012.81 740.33 526.29
6922266449611_camera3-8.jpg 184 1393.46 1262.1 1063.59 1048.06 659.75 428.08
6922266449611_camera3-6.jpg 184 1377.63 1269.0 1013.99 1023.54 727.29 490.92
6922266449611_camera3-7.jpg 184 1380.94 1265.09 1033.53 1029.34 694.82 471.49
6922266449611_camera3-4.jpg 184 1392.64 1276.59 1018.59 1010.01 748.1 533.15
6922266449611_camera3-9.jpg 184 1415.2 1259.67 1073.46 1039.17 683.48 441.0
