6951481302241-back_camera0-14.jpg 185 1406.24 1124.42 1113.0 911.67 586.47 425.51
6951481302241-back_camera0-18.jpg 185 1388.57 1128.93 1043.12 909.58 690.91 438.71
6951481302241-back_camera0-1.jpg 185 1404.64 1121.86 1107.71 908.18 593.87 427.36
6951481302241-back_camera0-19.jpg 185 1376.33 1122.63 1045.17 918.2 662.32 408.86
6951481302241-back_camera0-15.jpg 185 1400.39 1123.68 1074.64 906.95 651.5 433.46
6951481302241-back_camera0-20.jpg 185 1379.11 1119.86 1061.82 910.8 634.57 418.11
6951481302241-back_camera0-22.jpg 185 1417.47 1119.74 1103.54 906.95 627.86 425.58
6951481302241-back_camera0-25.jpg 185 1426.03 1135.33 1079.14 920.72 693.77 429.21
6951481302241-back_camera0-23.jpg 185 1430.6 1128.94 1108.79 912.21 643.62 433.46
6951481302241-back_camera0-2.jpg 185 1421.41 1119.74 1114.05 904.32 614.72 430.83
6951481302241-back_camera0-3.jpg 185 1421.0 1119.49 1105.43 914.93 631.13 409.13
6951481302241-back_camera0-39.jpg 185 1415.01 1123.89 1069.09 892.4 691.84 462.98
6951481302241-back_camera0-40.jpg 185 1407.78 1122.63 1096.97 907.1 621.62 431.06
6951481302241-back_camera0-8.jpg 185 1367.66 1125.2 1034.89 895.03 665.54 460.35
6951481302241-back_camera0-9.jpg 185 1367.56 1123.67 1069.39 904.32 596.33 438.71
6951481302241-back_camera1-11.jpg 185 1254.63 1050.38 1039.1 749.74 431.06 601.27
6951481302241-back_camera1-10.jpg 185 1227.02 1050.12 993.21 746.7 467.61 606.84
6951481302241-back_camera1-12.jpg 185 1259.8 1062.07 998.06 724.04 523.49 676.06
6951481302241-back_camera1-13.jpg 185 1251.91 1064.7 961.23 726.67 581.36 676.06
6951481302241-back_camera1-21.jpg 185 1272.99 1064.58 974.82 801.87 596.34 525.41
6951481302241-back_camera1-29.jpg 185 1286.44 1056.88 1023.3 715.67 526.29 682.41
6951481302241-back_camera1-31.jpg 185 1313.7 1052.75 1082.52 728.31 462.36 648.88
6951481302241-back_camera1-30.jpg 185 1285.78 1048.99 1061.92 721.53 447.71 654.92
6951481302241-back_camera1-32.jpg 185 1317.69 1059.83 1060.53 734.22 514.32 651.22
6951481302241-back_camera2-10.jpg 185 1158.53 805.59 856.01 581.99 605.03 447.2
6951481302241-back_camera2-15.jpg 185 1183.51 802.96 866.53 489.92 633.97 626.08
6951481302241-back_camera2-19.jpg 185 1198.31 793.74 952.79 489.04 491.04 609.39
6951481302241-back_camera2-18.jpg 185 1200.74 795.3 919.65 470.86 562.18 648.88
6951481302241-back_camera2-21.jpg 185 1200.62 787.17 992.8 503.07 415.63 568.21
6951481302241-back_camera2-20.jpg 185 1203.35 787.43 985.53 506.66 435.64 561.54
6951481302241-back_camera2-24.jpg 185 1204.68 767.71 906.51 444.59 596.34 646.25
6951481302241-back_camera2-22.jpg 185 1200.62 774.01 953.34 468.87 494.55 610.29
6951481302241-back_camera2-25.jpg 185 1203.35 755.97 899.91 436.16 606.87 639.61
6951481302241-back_camera2-23.jpg 185 1207.19 774.02 934.93 447.83 544.53 652.38
6951481302241-back_camera2-30.jpg 185 1188.78 743.77 903.36 513.59 570.84 460.35
6951481302241-back_camera2-29.jpg 185 1188.78 747.72 874.42 484.66 628.71 526.12
6951481302241-back_camera2-2.jpg 185 1140.39 772.33 902.43 478.96 475.93 586.73
6951481302241-back_camera2-3.jpg 185 1141.65 776.1 874.73 466.37 533.84 619.46
6951481302241-back_camera2-40.jpg 185 1144.14 760.94 924.91 483.43 438.46 555.02
6951481302241-back_camera3-19.jpg 185 1358.03 1284.4 1049.38 1057.77 617.3 453.26
6951481302241-back_camera3-1.jpg 185 1391.34 1275.15 1069.09 1034.45 644.49 481.4
6951481302241-back_camera3-20.jpg 185 1388.57 1282.62 1074.64 1038.3 627.86 488.63
6951481302241-back_camera3-35.jpg 185 1406.96 1289.18 1061.51 1019.91 690.91 538.54
6951481302241-back_camera3-39.jpg 185 1379.82 1275.68 1080.9 1043.37 597.83 464.63
6951481302241-back_camera3-5.jpg 185 1350.48 1289.18 1016.85 1038.3 667.26 501.76
6951481302241-back_camera3-6.jpg 185 1341.49 1283.79 1029.75 1034.03 623.47 499.52
6951481302241_camera0-13.jpg 185 1363.62 1117.11 1106.17 878.05 514.9 478.12
6951481302241_camera0-15.jpg 185 1375.55 1116.0 1053.3 871.35 644.49 489.29
6951481302241_camera0-18.jpg 185 1383.98 1119.69 1038.02 884.74 691.92 469.91
6951481302241_camera0-14.jpg 185 1371.5 1121.05 1074.64 878.05 593.71 486.0
6951481302241_camera0-19.jpg 185 1389.59 1119.34 1052.88 886.23 673.42 466.21
6951481302241_camera0-16.jpg 185 1378.18 1117.31 1027.0 876.61 702.37 481.4
6951481302241_camera0-20.jpg 185 1395.14 1119.74 1058.88 880.68 672.52 478.12
6951481302241_camera0-1.jpg 185 1376.86 1102.84 1079.61 876.61 594.51 452.46
6951481302241_camera0-17.jpg 185 1380.95 1118.01 1037.77 881.2 686.37 473.61
6951481302241_camera0-22.jpg 185 1439.94 1110.18 1135.48 888.18 608.93 444.01
6951481302241_camera0-21.jpg 185 1393.96 1121.26 1066.45 884.51 655.02 473.5
6951481302241_camera0-24.jpg 185 1470.25 1114.68 1134.85 876.61 670.8 476.14
6951481302241_camera0-29.jpg 185 1464.76 1118.42 1158.71 880.68 612.1 475.49
6951481302241_camera0-28.jpg 185 1455.78 1118.62 1129.59 879.24 652.38 478.77
6951481302241_camera0-32.jpg 185 1500.22 1115.8 1263.79 880.68 472.86 470.24
6951481302241_camera0-35.jpg 185 1477.89 1113.17 1163.96 883.31 627.86 459.73
6951481302241_camera0-31.jpg 185 1468.66 1116.98 1238.73 891.8 459.87 450.36
6951481302241_camera0-34.jpg 185 1484.72 1110.73 1176.94 873.98 615.56 473.5
6951481302241_camera0-3.jpg 185 1384.63 1100.03 1074.64 880.68 619.98 438.71
6951481302241_camera0-40.jpg 185 1390.02 1101.53 1069.09 876.61 641.86 449.83
6951481302241_camera0-37.jpg 185 1443.74 1109.61 1108.23 879.93 671.02 459.35
6951481302241_camera0-8.jpg 185 1318.99 1110.73 982.28 873.98 673.43 473.5
6951481302241_camera0-5.jpg 185 1360.43 1106.98 1022.67 882.93 675.52 448.1
6951481302241_camera0-7.jpg 185 1331.52 1101.97 1004.98 879.96 653.07 444.01
6951481302241_camera0-9.jpg 185 1313.73 1113.36 1008.58 879.24 610.3 468.24
6951481302241_camera1-11.jpg 185 1197.8 1080.08 976.72 766.49 442.16 627.17
6951481302241_camera1-12.jpg 185 1217.44 1091.6 970.88 758.34 493.13 666.51
6951481302241_camera1-10.jpg 185 1178.25 1072.59 932.29 739.82 491.92 665.54
6951481302241_camera1-18.jpg 185 1248.03 1122.37 909.14 799.24 677.77 646.25
6951481302241_camera1-1.jpg 185 1251.97 1004.15 966.94 754.58 570.06 499.14
6951481302241_camera1-19.jpg 185 1257.33 1119.59 932.11 823.32 650.43 592.53
6951481302241_camera1-22.jpg 185 1300.58 1109.41 992.8 831.89 615.56 555.05
6951481302241_camera1-2.jpg 185 1250.6 1008.15 948.08 745.09 605.03 526.12
6951481302241_camera1-31.jpg 185 1361.22 1046.99 1142.91 748.2 436.61 597.57
6951481302241_camera1-30.jpg 185 1332.14 1060.75 1090.13 734.56 484.03 652.38
6951481302241_camera1-39.jpg 185 1263.79 1008.09 956.43 723.06 614.72 570.06
6951481302241_camera1-38.jpg 185 1282.12 1015.74 966.55 719.99 631.13 591.49
6951481302241_camera2-12.jpg 185 1264.73 1019.54 1024.92 720.06 479.62 598.96
6951481302241_camera2-11.jpg 185 1267.69 1027.87 1055.93 742.45 423.52 570.84
6951481302241_camera2-10.jpg 185 1266.98 1021.14 1069.15 755.76 395.66 530.77
6951481302241_camera2-18.jpg 185 1260.23 1012.78 957.37 753.83 605.72 517.9
6951481302241_camera2-22.jpg 185 1265.05 1012.82 972.94 773.59 584.21 478.45
6951481302241_camera2-21.jpg 185 1275.59 1027.87 1000.69 813.48 549.79 428.78
6951481302241_camera2-20.jpg 185 1268.11 1007.0 1011.87 809.04 512.47 395.91
6951481302241_camera2-1.jpg 185 1260.91 1027.08 985.47 807.88 550.89 438.4
6951481302241_camera2-23.jpg 185 1255.86 1023.93 948.08 745.09 615.56 557.68
6951481302241_camera2-25.jpg 185 1261.52 1020.98 959.96 725.9 603.12 590.17
6951481302241_camera2-24.jpg 185 1255.39 1024.04 941.76 734.53 627.27 579.02
6951481302241_camera2-29.jpg 185 1250.83 1015.17 1023.27 738.59 455.11 553.17
6951481302241_camera2-2.jpg 185 1261.52 1023.35 976.61 782.84 569.82 481.02
6951481302241_camera2-30.jpg 185 1251.54 1024.04 1053.71 757.69 395.66 532.7
6951481302241_camera2-31.jpg 185 1265.89 1024.01 1057.76 739.1 416.26 569.82
6951481302241_camera2-3.jpg 185 1259.26 1021.14 953.34 744.18 611.83 553.93
6951481302241_camera2-39.jpg 185 1261.63 1027.35 982.27 805.34 558.72 444.01
6951481302241_camera2-37.jpg 185 1261.18 1025.97 953.34 746.11 615.69 559.72
6951481302241_camera2-38.jpg 185 1266.38 1022.61 966.49 763.5 599.77 518.22
6951481302241_camera2-5.jpg 185 1264.14 1023.96 968.44 726.1 591.4 595.72
6951481302241_camera2-4.jpg 185 1263.12 1025.01 949.48 732.6 627.27 584.81
6951481302241_camera2-40.jpg 185 1257.72 1025.55 1003.34 839.62 508.77 371.86
6951481302241_camera2-8.jpg 185 1266.02 1025.97 1022.83 728.74 486.38 594.46
6951481302241_camera2-9.jpg 185 1266.38 1023.93 1042.78 737.19 447.2 573.47
6951481302241_camera2-7.jpg 185 1266.38 1024.68 987.28 721.01 558.19 607.35
6951481302241_camera3-10.jpg 185 1299.79 1304.87 1059.5 1039.48 480.58 530.77
6951481302241_camera3-14.jpg 185 1345.23 1327.27 1001.09 1046.18 688.28 562.18
6951481302241_camera3-15.jpg 185 1347.93 1331.7 992.8 1052.86 710.26 557.68
6951481302241_camera3-18.jpg 185 1364.92 1319.4 1029.98 1061.95 669.89 514.9
6951481302241_camera3-20.jpg 185 1404.33 1302.32 1082.52 1051.44 643.62 501.76
6951481302241_camera3-1.jpg 185 1355.82 1261.99 1054.26 1036.29 603.12 451.41
6951481302241_camera3-25.jpg 185 1441.12 1311.51 1098.29 1027.79 685.65 567.44
6951481302241_camera3-19.jpg 185 1375.82 1303.47 1062.23 1062.04 627.17 482.87
6951481302241_camera3-21.jpg 185 1430.6 1301.01 1108.79 1043.56 643.62 514.9
6951481302241_camera3-38.jpg 185 1365.13 1258.8 1057.49 1016.97 615.28 483.66
6951481302241_camera3-39.jpg 185 1341.18 1254.9 1056.27 1027.35 569.82 455.11
6951481302241_camera3-40.jpg 185 1354.5 1268.57 1058.56 1026.56 591.88 484.03
6951481302241_camera3-5.jpg 185 1299.26 1290.49 966.94 1027.79 664.64 525.41
6951481302241_camera3-4.jpg 185 1313.72 1284.36 974.38 1018.67 678.69 531.38
