6922266444463-back_camera0-11.jpg 186 1442.62 1168.61 1145.37 968.68 594.51 399.85
6922266444463-back_camera0-10.jpg 186 1362.01 1168.45 1067.85 981.33 588.32 374.24
6922266444463-back_camera0-14.jpg 186 1470.38 1162.57 1064.74 959.75 811.27 405.63
6922266444463-back_camera0-12.jpg 186 1461.05 1165.97 1113.81 966.05 694.47 399.85
6922266444463-back_camera0-15.jpg 186 1466.58 1158.35 1048.46 967.79 836.23 381.11
6922266444463-back_camera0-16.jpg 186 1455.78 1155.45 1019.1 958.16 873.35 394.59
6922266444463-back_camera0-13.jpg 186 1470.97 1161.08 1095.1 959.04 751.75 404.07
6922266444463-back_camera0-17.jpg 186 1458.4 1152.83 1019.1 950.27 878.61 405.11
6922266444463-back_camera0-19.jpg 186 1437.45 1150.74 1037.05 969.96 800.81 361.55
6922266444463-back_camera0-18.jpg 186 1447.88 1151.51 1016.47 955.53 862.83 391.96
6922266444463-back_camera0-24.jpg 186 1460.76 1144.27 1040.8 972.21 839.93 344.11
6922266444463-back_camera0-21.jpg 186 1472.26 1142.96 1063.92 969.32 816.67 347.28
6922266444463-back_camera0-22.jpg 186 1469.66 1144.68 1041.17 961.55 856.99 366.27
6922266444463-back_camera0-23.jpg 186 1466.44 1150.9 1033.8 969.1 865.28 363.6
6922266444463-back_camera0-1.jpg 186 1360.29 1153.66 966.23 977.91 788.12 351.51
6922266444463-back_camera0-20.jpg 186 1453.64 1149.5 1045.02 965.04 817.24 368.92
6922266444463-back_camera0-25.jpg 186 1449.57 1151.76 1035.15 976.01 828.83 351.51
6922266444463-back_camera0-26.jpg 186 1429.23 1152.72 1015.65 968.26 827.17 368.92
6922266444463-back_camera0-27.jpg 186 1422.54 1152.28 1034.82 973.88 775.44 356.8
6922266444463-back_camera0-28.jpg 186 1402.45 1159.06 1036.84 968.81 731.22 380.5
6922266444463-back_camera0-2.jpg 186 1384.76 1154.14 984.91 971.32 799.7 365.65
6922266444463-back_camera0-32.jpg 186 1430.68 1162.43 1126.85 969.8 607.67 385.27
6922266444463-back_camera0-29.jpg 186 1391.56 1164.63 1076.15 976.24 630.81 376.78
6922266444463-back_camera0-34.jpg 186 1401.04 1165.43 1030.11 978.58 741.87 373.71
6922266444463-back_camera0-39.jpg 186 1349.03 1159.47 928.83 970.05 840.4 378.84
6922266444463-back_camera0-30.jpg 186 1388.1 1161.38 1106.89 975.45 562.42 371.86
6922266444463-back_camera0-38.jpg 186 1347.92 1155.45 913.88 960.79 868.09 389.33
6922266444463-back_camera0-31.jpg 186 1405.51 1162.07 1126.29 975.47 558.45 373.19
6922266444463-back_camera0-33.jpg 186 1422.64 1164.91 1090.42 978.59 664.44 372.65
6922266444463-back_camera0-36.jpg 186 1385.67 1166.87 968.78 970.0 833.79 393.73
6922266444463-back_camera0-35.jpg 186 1396.3 1163.54 997.74 973.43 797.11 380.22
6922266444463-back_camera0-37.jpg 186 1368.0 1157.78 950.81 971.85 834.38 371.86
6922266444463-back_camera0-3.jpg 186 1383.44 1151.5 955.97 963.42 854.94 376.17
6922266444463-back_camera0-4.jpg 186 1365.23 1149.26 941.04 977.2 848.38 344.11
6922266444463-back_camera0-40.jpg 186 1348.62 1152.12 941.42 968.88 814.4 366.48
6922266444463-back_camera0-5.jpg 186 1358.6 1155.1 934.95 968.43 847.3 373.34
6922266444463-back_camera0-6.jpg 186 1353.31 1158.47 929.37 965.59 847.87 385.76
6922266444463-back_camera1-11.jpg 186 1312.41 1114.68 990.17 739.82 644.49 749.72
6922266444463-back_camera0-9.jpg 186 1364.93 1160.94 1026.13 967.0 677.59 387.89
6922266444463-back_camera0-7.jpg 186 1358.49 1158.6 949.63 967.12 817.73 382.96
6922266444463-back_camera1-10.jpg 186 1278.24 1118.29 999.97 767.69 556.54 701.2
6922266444463-back_camera0-8.jpg 186 1347.6 1159.11 961.53 963.34 772.14 391.53
6922266444463-back_camera1-12.jpg 186 1322.93 1106.79 974.38 729.3 697.1 754.98
6922266444463-back_camera1-13.jpg 186 1329.3 1107.62 948.19 734.84 762.22 745.57
6922266444463-back_camera1-14.jpg 186 1324.6 1103.17 915.98 725.16 817.24 756.03
6922266444463-back_camera1-17.jpg 186 1312.09 1083.68 902.98 761.86 818.21 643.65
6922266444463-back_camera1-15.jpg 186 1326.88 1108.11 903.36 745.09 847.05 726.04
6922266444463-back_camera1-16.jpg 186 1320.83 1088.76 910.11 750.2 821.43 677.12
6922266444463-back_camera1-19.jpg 186 1308.89 1072.57 920.95 806.22 775.88 532.7
6922266444463-back_camera1-18.jpg 186 1304.26 1081.97 904.17 784.99 800.19 593.96
6922266444463-back_camera1-1.jpg 186 1233.03 1075.64 855.13 822.53 755.8 506.23
6922266444463-back_camera1-20.jpg 186 1339.42 1060.38 957.28 786.31 764.28 548.15
6922266444463-back_camera1-23.jpg 186 1322.37 1055.72 918.13 716.23 808.48 678.97
6922266444463-back_camera1-21.jpg 186 1343.95 1058.8 957.03 767.02 773.85 583.56
6922266444463-back_camera1-22.jpg 186 1322.93 1060.75 905.99 731.93 833.89 657.65
6922266444463-back_camera1-24.jpg 186 1303.31 1061.12 889.72 701.3 827.17 719.64
6922266444463-back_camera1-26.jpg 186 1287.99 1052.63 915.2 683.55 745.57 738.17
6922266444463-back_camera1-27.jpg 186 1263.12 1053.37 893.51 675.08 739.21 756.58
6922266444463-back_camera1-28.jpg 186 1268.2 1047.6 949.07 691.46 638.27 712.27
6922266444463-back_camera1-25.jpg 186 1297.65 1059.01 893.85 682.61 807.61 752.8
6922266444463-back_camera1-29.jpg 186 1247.67 1056.85 968.78 703.65 557.79 706.4
6922266444463-back_camera1-2.jpg 186 1231.1 1091.79 826.24 797.84 809.72 587.9
6922266444463-back_camera1-31.jpg 186 1279.53 1059.44 995.43 708.26 568.21 702.37
6922266444463-back_camera1-30.jpg 186 1267.56 1058.13 1025.82 715.67 483.48 684.93
6922266444463-back_camera1-35.jpg 186 1232.31 1061.91 836.96 710.63 790.69 702.56
6922266444463-back_camera1-33.jpg 186 1257.24 1065.45 900.86 694.23 712.75 742.45
6922266444463-back_camera1-34.jpg 186 1242.86 1063.75 847.47 695.66 790.77 736.18
6922266444463-back_camera1-32.jpg 186 1269.17 1062.45 950.81 699.84 636.73 725.22
6922266444463-back_camera1-36.jpg 186 1220.43 1065.34 812.44 721.69 815.98 687.29
6922266444463-back_camera1-37.jpg 186 1214.7 1064.05 803.59 732.35 822.21 663.39
6922266444463-back_camera1-3.jpg 186 1226.65 1097.9 810.06 778.48 833.19 638.84
6922266444463-back_camera1-38.jpg 186 1209.64 1069.46 806.74 768.55 805.8 601.83
6922266444463-back_camera1-39.jpg 186 1194.04 1064.7 811.29 789.81 765.5 549.79
6922266444463-back_camera1-4.jpg 186 1221.7 1108.14 809.44 771.43 824.51 673.42
6922266444463-back_camera1-7.jpg 186 1224.38 1128.2 852.15 756.8 744.45 742.8
6922266444463-back_camera1-40.jpg 186 1217.2 1069.46 849.55 834.02 735.3 470.89
6922266444463-back_camera1-9.jpg 186 1238.03 1120.65 955.27 764.56 565.51 712.19
6922266444463-back_camera1-8.jpg 186 1228.22 1126.62 879.23 748.39 697.98 756.45
6922266444463-back_camera1-6.jpg 186 1219.54 1114.61 835.34 749.84 768.39 729.54
6922266444463-back_camera1-5.jpg 186 1214.85 1121.31 804.57 757.35 820.55 727.91
6922266444463-back_camera2-10.jpg 186 1225.55 778.52 893.46 555.59 664.17 445.86
6922266444463-back_camera2-11.jpg 186 1226.9 755.35 853.71 466.73 746.38 577.24
6922266444463-back_camera2-13.jpg 186 1223.74 740.23 841.2 385.98 765.07 708.5
6922266444463-back_camera2-14.jpg 186 1222.97 746.4 832.33 358.39 781.28 776.02
6922266444463-back_camera2-12.jpg 186 1230.24 753.95 843.13 429.22 774.23 649.45
6922266444463-back_camera2-18.jpg 186 1187.62 725.79 897.16 361.33 580.92 728.92
6922266444463-back_camera2-15.jpg 186 1212.6 729.49 839.81 353.93 745.57 751.12
6922266444463-back_camera2-16.jpg 186 1209.83 726.67 848.12 339.98 723.41 773.39
6922266444463-back_camera2-23.jpg 186 1136.06 744.62 782.86 335.44 706.4 818.35
6922266444463-back_camera2-19.jpg 186 1180.54 728.18 920.56 371.1 519.96 714.17
6922266444463-back_camera2-17.jpg 186 1197.95 727.89 872.03 344.78 651.84 766.23
6922266444463-back_camera2-22.jpg 186 1141.43 730.62 827.07 342.61 628.71 776.02
6922266444463-back_camera2-20.jpg 186 1164.77 723.34 928.83 380.99 471.87 684.7
6922266444463-back_camera2-1.jpg 186 1193.38 825.14 939.44 455.4 507.88 739.49
6922266444463-back_camera2-21.jpg 186 1158.01 724.48 882.28 355.58 551.47 737.81
6922266444463-back_camera2-24.jpg 186 1129.38 737.5 754.2 345.26 750.36 784.47
6922266444463-back_camera2-27.jpg 186 1122.18 747.97 732.57 408.57 779.21 678.81
6922266444463-back_camera2-25.jpg 186 1129.06 748.4 753.86 365.65 750.4 765.51
6922266444463-back_camera2-26.jpg 186 1123.88 761.93 734.98 375.92 777.81 772.02
6922266444463-back_camera2-29.jpg 186 1122.88 775.64 770.24 518.01 705.29 515.26
6922266444463-back_camera2-31.jpg 186 1117.73 798.76 766.45 549.47 702.56 498.59
6922266444463-back_camera2-30.jpg 186 1122.88 777.9 784.89 555.17 675.98 445.47
6922266444463-back_camera2-2.jpg 186 1203.84 824.42 896.13 427.38 615.41 794.08
6922266444463-back_camera2-28.jpg 186 1118.99 764.77 746.31 458.82 745.37 611.91
6922266444463-back_camera2-35.jpg 186 1137.32 831.97 745.62 448.97 783.4 765.99
6922266444463-back_camera2-33.jpg 186 1137.51 802.84 729.3 458.32 816.42 689.03
6922266444463-back_camera2-36.jpg 186 1141.93 836.22 768.51 444.51 746.85 783.42
6922266444463-back_camera2-32.jpg 186 1127.81 808.84 753.86 514.22 747.89 589.24
6922266444463-back_camera2-34.jpg 186 1145.47 816.06 736.02 433.91 818.9 764.3
6922266444463-back_camera2-37.jpg 186 1148.82 835.54 808.94 451.94 679.75 767.19
6922266444463-back_camera2-3.jpg 186 1212.16 827.73 887.32 441.19 649.68 773.07
6922266444463-back_camera2-40.jpg 186 1184.75 827.55 955.19 490.6 459.11 673.89
6922266444463-back_camera2-38.jpg 186 1157.88 831.41 843.58 456.89 628.6 749.04
6922266444463-back_camera2-4.jpg 186 1210.9 831.5 859.62 441.19 702.56 780.62
6922266444463-back_camera2-7.jpg 186 1222.72 800.84 834.9 452.01 775.65 697.66
6922266444463-back_camera3-11.jpg 186 1404.8 1245.73 993.08 1012.81 823.43 465.85
6922266444463-back_camera2-39.jpg 186 1166.13 832.24 896.38 476.69 539.51 711.1
6922266444463-back_camera2-5.jpg 186 1228.24 821.37 848.12 426.78 760.24 789.17
6922266444463-back_camera3-10.jpg 186 1416.74 1241.72 1011.43 1014.25 810.63 454.94
6922266444463-back_camera2-9.jpg 186 1226.01 781.14 879.77 524.29 692.49 513.7
6922266444463-back_camera2-8.jpg 186 1226.92 797.69 842.86 471.5 768.13 652.38
6922266444463-back_camera2-6.jpg 186 1221.82 809.27 843.58 446.44 756.47 725.67
6922266444463-back_camera3-13.jpg 186 1374.57 1252.75 977.43 1009.93 794.29 485.64
6922266444463-back_camera3-14.jpg 186 1362.39 1251.47 971.75 989.73 781.28 523.49
6922266444463-back_camera3-15.jpg 186 1350.85 1254.06 989.52 1007.99 722.65 492.14
6922266444463-back_camera3-16.jpg 186 1343.23 1258.23 1006.57 1005.94 673.32 504.57
6922266444463-back_camera3-12.jpg 186 1393.18 1250.86 984.32 1007.57 817.73 486.57
6922266444463-back_camera3-18.jpg 186 1367.66 1267.25 1095.39 1008.14 544.53 518.22
6922266444463-back_camera3-19.jpg 186 1389.69 1273.66 1097.29 1017.93 584.81 511.47
6922266444463-back_camera3-17.jpg 186 1346.59 1264.4 1062.81 1021.87 567.56 485.06
6922266444463-back_camera3-1.jpg 186 1463.67 1258.05 1108.54 989.73 710.26 536.64
6922266444463-back_camera3-21.jpg 186 1388.52 1273.09 1026.17 1020.16 724.69 505.86
6922266444463-back_camera3-20.jpg 186 1390.51 1274.31 1055.64 1016.64 669.73 515.33
6922266444463-back_camera3-22.jpg 186 1378.97 1278.02 982.18 1021.46 793.59 513.11
6922266444463-back_camera3-25.jpg 186 1354.13 1273.21 935.09 1045.65 838.08 455.11
6922266444463-back_camera3-23.jpg 186 1365.15 1276.45 949.22 1023.61 831.86 505.68
6922266444463-back_camera3-24.jpg 186 1362.24 1273.48 938.33 1028.64 847.81 489.68
6922266444463-back_camera3-26.jpg 186 1352.95 1262.26 948.71 1048.58 808.48 427.36
6922266444463-back_camera3-28.jpg 186 1383.65 1255.97 993.34 1062.23 780.63 387.49
6922266444463-back_camera3-29.jpg 186 1400.85 1259.99 996.5 1045.75 808.7 428.47
6922266444463-back_camera3-27.jpg 186 1355.37 1260.05 959.45 1060.24 791.83 399.61
6922266444463-back_camera3-2.jpg 186 1453.87 1255.38 1071.33 994.47 765.07 521.83
6922266444463-back_camera3-30.jpg 186 1392.64 1265.93 977.01 1008.14 831.26 515.59
6922266444463-back_camera3-31.jpg 186 1381.7 1269.91 955.97 1021.42 851.47 496.99
6922266444463-back_camera3-33.jpg 186 1375.84 1273.44 967.9 1015.33 815.88 516.22
6922266444463-back_camera3-34.jpg 186 1374.39 1273.19 979.25 1008.39 790.29 529.61
6922266444463-back_camera3-32.jpg 186 1375.55 1264.62 950.71 1013.4 849.68 502.44
6922266444463-back_camera3-39.jpg 186 1463.34 1256.5 1157.15 998.42 612.37 516.17
6922266444463-back_camera3-37.jpg 186 1384.12 1263.64 1101.16 1007.09 565.91 513.11
6922266444463-back_camera3-36.jpg 186 1375.45 1270.07 1053.54 1011.06 643.82 518.02
6922266444463-back_camera3-38.jpg 186 1436.61 1261.73 1152.06 1002.0 569.09 519.46
6922266444463-back_camera3-35.jpg 186 1372.35 1275.17 1009.37 1014.49 725.95 521.36
6922266444463-back_camera3-3.jpg 186 1452.16 1251.33 1046.53 986.65 811.27 529.36
6922266444463-back_camera3-40.jpg 186 1462.56 1255.89 1124.0 996.88 677.12 518.02
6922266444463-back_camera3-7.jpg 186 1395.7 1238.54 1001.14 1014.37 789.12 448.33
6922266444463-back_camera3-6.jpg 186 1413.07 1242.69 1015.45 1013.36 795.24 458.67
6922266444463-back_camera3-4.jpg 186 1437.54 1249.87 1029.6 1005.97 815.88 487.8
6922266444463-back_camera3-5.jpg 186 1407.12 1244.89 987.54 997.62 839.16 494.55
6922266444463-back_camera3-8.jpg 186 1413.93 1233.35 1026.21 1033.71 775.44 399.27
6922266444463-back_camera3-9.jpg 186 1418.3 1239.66 1016.3 1021.29 804.01 436.75
6922266444463_camera0-11.jpg 186 1327.24 1166.94 1031.23 966.47 592.01 400.94
6922266444463_camera0-10.jpg 186 1325.57 1167.29 984.91 960.79 681.32 413.0
6922266444463_camera0-15.jpg 186 1403.97 1163.64 1017.31 968.46 773.32 390.36
6922266444463_camera0-14.jpg 186 1406.22 1163.4 1043.48 971.07 725.48 384.66
6922266444463_camera0-13.jpg 186 1408.43 1158.09 1087.5 955.53 641.86 405.11
6922266444463_camera0-18.jpg 186 1386.64 1164.42 952.38 962.59 868.53 403.66
6922266444463_camera0-12.jpg 186 1382.35 1163.05 1089.77 972.76 585.15 380.58
6922266444463_camera0-16.jpg 186 1402.01 1164.6 989.54 964.14 824.94 400.92
6922266444463_camera0-19.jpg 186 1390.01 1155.45 963.86 945.01 852.31 420.89
6922266444463_camera0-17.jpg 186 1398.42 1165.85 972.91 969.74 851.03 392.21
6922266444463_camera0-20.jpg 186 1382.78 1161.78 964.92 964.91 835.72 393.73
6922266444463_camera0-25.jpg 186 1427.95 1160.62 983.94 959.63 888.01 401.98
6922266444463_camera0-22.jpg 186 1401.85 1156.77 977.01 963.42 849.68 386.7
6922266444463_camera0-23.jpg 186 1428.3 1159.58 1004.28 968.19 848.04 382.77
6922266444463_camera0-21.jpg 186 1393.44 1155.92 998.45 967.22 789.98 377.41
6922266444463_camera0-1.jpg 186 1401.77 1156.47 996.93 972.84 809.68 367.26
6922266444463_camera0-24.jpg 186 1433.42 1163.35 995.43 960.79 875.98 405.11
6922266444463_camera0-27.jpg 186 1422.6 1170.03 1001.05 966.95 843.09 406.15
6922266444463_camera0-2.jpg 186 1416.11 1148.48 1026.67 974.57 778.87 347.81
6922266444463_camera0-30.jpg 186 1417.29 1170.93 1088.4 967.33 657.78 407.2
6922266444463_camera0-26.jpg 186 1429.26 1168.58 1001.9 975.4 854.73 386.35
6922266444463_camera0-29.jpg 186 1422.35 1172.65 1053.71 970.0 737.28 405.31
6922266444463_camera0-31.jpg 186 1430.93 1170.35 1143.17 974.97 575.53 390.75
6922266444463_camera0-28.jpg 186 1425.93 1170.89 1035.83 978.22 780.2 385.34
6922266444463_camera0-33.jpg 186 1492.8 1170.72 1157.93 973.86 669.73 393.73
6922266444463_camera0-35.jpg 186 1475.08 1169.77 1074.32 967.26 801.52 405.02
6922266444463_camera0-34.jpg 186 1486.69 1167.46 1112.81 973.91 747.76 387.11
6922266444463_camera0-36.jpg 186 1465.22 1166.04 1043.37 970.0 843.71 392.08
6922266444463_camera0-38.jpg 186 1428.17 1159.22 1006.21 970.36 843.93 377.72
6922266444463_camera0-39.jpg 186 1419.72 1158.93 986.42 969.79 866.6 378.29
6922266444463_camera0-32.jpg 186 1491.23 1173.6 1206.03 977.75 570.41 391.7
6922266444463_camera0-40.jpg 186 1407.71 1159.49 989.55 971.55 836.33 375.88
6922266444463_camera0-3.jpg 186 1428.54 1152.03 1036.79 975.04 783.5 353.98
6922266444463_camera0-37.jpg 186 1453.64 1165.21 1025.17 973.31 856.95 383.81
6922266444463_camera0-5.jpg 186 1391.28 1157.22 974.68 968.31 833.19 377.82
6922266444463_camera0-6.jpg 186 1382.03 1157.98 965.77 971.13 832.53 373.71
6922266444463_camera0-4.jpg 186 1415.52 1156.61 999.45 974.63 832.13 363.95
6922266444463_camera0-7.jpg 186 1361.81 1158.85 942.74 966.64 838.14 384.42
6922266444463_camera0-9.jpg 186 1335.26 1161.74 969.88 966.56 730.77 390.36
6922266444463_camera1-10.jpg 186 1213.9 1080.01 934.04 715.23 559.72 729.56
6922266444463_camera0-8.jpg 186 1347.83 1164.49 950.02 962.45 795.61 404.07
6922266444463_camera1-14.jpg 186 1260.0 1118.57 902.43 740.85 715.15 755.44
6922266444463_camera1-16.jpg 186 1248.02 1126.33 840.5 752.63 815.04 747.4
6922266444463_camera1-11.jpg 186 1241.46 1079.02 972.19 720.43 538.54 717.18
6922266444463_camera1-12.jpg 186 1260.9 1096.26 968.44 739.05 584.93 714.43
6922266444463_camera1-13.jpg 186 1260.01 1109.76 935.17 738.33 649.68 742.85
6922266444463_camera1-19.jpg 186 1239.4 1124.68 839.88 806.22 799.04 636.92
6922266444463_camera1-18.jpg 186 1241.26 1120.65 829.02 780.54 824.47 680.22
6922266444463_camera1-15.jpg 186 1260.34 1129.35 869.32 737.87 782.03 782.95
6922266444463_camera1-17.jpg 186 1249.6 1129.1 845.36 766.49 808.48 725.22
6922266444463_camera1-1.jpg 186 1281.45 1049.56 907.02 816.99 748.86 465.14
6922266444463_camera1-20.jpg 186 1240.96 1120.61 862.67 837.77 756.59 565.67
6922266444463_camera1-21.jpg 186 1271.8 1114.62 895.31 863.93 752.97 501.37
6922266444463_camera1-22.jpg 186 1279.1 1123.49 880.54 838.81 797.12 569.37
6922266444463_camera1-23.jpg 186 1286.78 1129.98 868.96 805.96 835.63 648.04
6922266444463_camera1-24.jpg 186 1286.12 1135.28 869.53 796.23 833.19 678.1
6922266444463_camera1-25.jpg 186 1282.67 1136.19 879.77 781.14 805.8 710.11
6922266444463_camera1-26.jpg 186 1281.13 1136.41 881.61 765.84 799.04 741.14
6922266444463_camera1-28.jpg 186 1278.88 1123.61 937.68 758.48 682.41 730.26
6922266444463_camera1-27.jpg 186 1282.01 1137.35 903.01 756.93 758.0 760.83
6922266444463_camera1-29.jpg 186 1281.72 1119.32 970.02 761.29 623.41 716.05
6922266444463_camera1-31.jpg 186 1324.57 1099.86 1073.12 762.07 502.91 675.58
6922266444463_camera1-30.jpg 186 1284.99 1108.49 1022.67 760.59 524.65 695.79
6922266444463_camera1-33.jpg 186 1330.43 1089.81 990.32 728.48 680.22 722.65
6922266444463_camera1-2.jpg 186 1280.14 1055.62 909.98 783.66 740.33 543.92
6922266444463_camera1-32.jpg 186 1328.71 1091.89 1025.4 733.77 606.62 716.25
6922266444463_camera1-34.jpg 186 1317.92 1083.32 960.35 715.67 715.15 735.3
6922266444463_camera1-36.jpg 186 1300.21 1072.14 904.24 724.25 791.94 695.78
6922266444463_camera1-35.jpg 186 1312.2 1080.84 925.91 721.85 772.58 717.98
6922266444463_camera1-37.jpg 186 1291.49 1064.43 889.84 740.85 803.29 647.16
6922266444463_camera1-38.jpg 186 1283.11 1060.58 887.94 759.36 790.33 602.44
6922266444463_camera1-6.jpg 186 1238.68 1077.49 846.6 706.92 784.16 741.14
6922266444463_camera1-3.jpg 186 1271.34 1061.91 884.8 755.96 773.07 611.91
6922266444463_camera1-4.jpg 186 1262.94 1071.8 860.96 733.77 803.96 676.06
6922266444463_camera1-39.jpg 186 1276.32 1056.27 889.54 783.33 773.56 545.87
6922266444463_camera1-40.jpg 186 1276.62 1050.1 895.44 802.08 762.37 496.03
6922266444463_camera1-5.jpg 186 1248.67 1079.0 856.92 723.94 783.5 710.11
6922266444463_camera1-8.jpg 186 1217.9 1085.8 869.66 708.61 696.48 754.38
6922266444463_camera1-7.jpg 186 1222.82 1088.06 846.65 710.24 752.34 755.64
6922266444463_camera2-10.jpg 186 1156.76 818.91 814.3 564.58 684.93 508.66
6922266444463_camera1-9.jpg 186 1217.72 1084.43 900.73 705.63 633.97 757.61
6922266444463_camera2-11.jpg 186 1162.6 816.48 808.1 588.18 709.0 456.6
6922266444463_camera2-12.jpg 186 1173.74 809.98 817.61 548.19 712.27 523.57
6922266444463_camera2-14.jpg 186 1187.88 815.99 818.07 485.07 739.62 661.84
6922266444463_camera2-18.jpg 186 1191.4 805.6 871.79 429.42 639.23 752.35
6922266444463_camera2-16.jpg 186 1195.36 820.06 821.81 434.68 747.09 770.76
6922266444463_camera2-15.jpg 186 1192.56 813.66 823.47 464.93 738.17 697.47
6922266444463_camera2-13.jpg 186 1197.49 812.43 813.89 509.68 767.19 605.51
6922266444463_camera2-20.jpg 186 1209.24 808.57 951.99 454.54 514.5 708.06
6922266444463_camera2-17.jpg 186 1194.04 816.11 837.59 426.78 712.89 778.65
6922266444463_camera2-21.jpg 186 1215.43 788.07 985.21 448.21 460.45 679.71
6922266444463_camera2-19.jpg 186 1199.57 798.76 915.02 443.71 569.1 710.11
6922266444463_camera2-1.jpg 186 1144.06 771.38 913.88 426.78 460.35 689.21
6922266444463_camera2-23.jpg 186 1208.17 776.89 899.64 400.53 617.07 752.72
6922266444463_camera2-25.jpg 186 1206.56 773.66 851.83 394.19 709.45 758.94
6922266444463_camera2-24.jpg 186 1211.98 772.15 889.3 392.27 645.36 759.76
6922266444463_camera2-22.jpg 186 1205.88 781.91 934.93 413.63 541.9 736.56
6922266444463_camera2-26.jpg 186 1202.11 763.86 829.88 394.11 744.45 739.49
6922266444463_camera2-30.jpg 186 1192.02 755.96 852.07 514.22 679.9 483.48
6922266444463_camera2-29.jpg 186 1216.99 766.49 836.69 462.91 760.59 607.16
6922266444463_camera2-2.jpg 186 1146.68 776.65 874.42 405.74 544.53 741.82
6922266444463_camera2-28.jpg 186 1198.31 762.25 831.92 446.23 732.78 632.05
6922266444463_camera2-31.jpg 186 1184.8 759.0 839.46 532.43 690.67 453.14
6922266444463_camera2-32.jpg 186 1174.39 759.37 808.94 490.44 730.9 537.86
6922266444463_camera2-27.jpg 186 1198.3 763.51 829.4 418.53 737.81 689.97
6922266444463_camera2-33.jpg 186 1169.05 754.29 798.14 447.83 741.82 612.93
6922266444463_camera2-34.jpg 186 1164.41 758.55 781.3 418.86 766.23 679.38
6922266444463_camera2-37.jpg 186 1150.46 759.74 801.7 385.79 697.52 747.89
6922266444463_camera2-36.jpg 186 1154.28 757.29 788.01 379.47 732.55 755.64
6922266444463_camera2-38.jpg 186 1154.62 756.82 827.36 370.31 654.51 773.01
6922266444463_camera2-35.jpg 186 1164.32 754.7 784.08 395.87 760.48 717.67
6922266444463_camera2-39.jpg 186 1148.57 766.41 860.79 395.5 575.56 741.83
6922266444463_camera2-3.jpg 186 1152.39 783.3 850.46 413.72 603.86 739.15
6922266444463_camera2-6.jpg 186 1152.98 805.07 789.11 436.16 727.74 737.81
6922266444463_camera2-4.jpg 186 1141.02 794.94 805.19 413.62 671.66 762.65
6922266444463_camera2-40.jpg 186 1144.13 762.67 900.78 417.02 486.71 691.3
6922266444463_camera3-11.jpg 186 1424.94 1260.85 1023.3 1037.99 803.28 445.71
6922266444463_camera3-10.jpg 186 1427.17 1258.49 1028.48 1040.94 797.39 435.09
6922266444463_camera2-7.jpg 186 1146.91 809.38 767.47 453.38 758.89 711.99
6922266444463_camera3-13.jpg 186 1390.01 1271.2 974.38 1018.67 831.26 505.07
6922266444463_camera2-9.jpg 186 1152.98 816.39 794.15 526.81 717.67 579.17
6922266444463_camera2-8.jpg 186 1148.82 816.57 779.24 484.94 739.15 663.25
6922266444463_camera2-5.jpg 186 1146.68 802.95 792.87 418.89 707.63 768.13
6922266444463_camera3-14.jpg 186 1380.27 1270.13 979.78 1017.29 800.98 505.68
6922266444463_camera3-12.jpg 186 1417.38 1272.17 1008.19 1037.99 818.39 468.37
6922266444463_camera3-15.jpg 186 1367.66 1269.88 987.54 1005.51 760.24 528.75
6922266444463_camera3-16.jpg 186 1357.74 1271.2 1004.54 1018.36 706.4 505.68
6922266444463_camera3-18.jpg 186 1347.72 1264.23 1076.2 1018.16 543.05 492.14
6922266444463_camera3-17.jpg 186 1351.56 1269.65 1040.75 1022.52 621.62 494.27
6922266444463_camera3-19.jpg 186 1388.69 1268.58 1108.54 1016.04 560.31 505.07
6922266444463_camera3-1.jpg 186 1460.15 1282.38 1109.43 1007.76 701.44 549.24
6922266444463_camera3-23.jpg 186 1377.1 1275.41 984.27 1028.28 785.66 494.27
6922266444463_camera3-20.jpg 186 1400.06 1270.22 1088.23 1016.38 623.65 507.69
6922266444463_camera3-24.jpg 186 1371.6 1271.2 958.6 1021.3 826.0 499.81
6922266444463_camera3-28.jpg 186 1356.93 1258.27 964.17 1049.83 785.53 416.89
6922266444463_camera3-26.jpg 186 1348.14 1270.91 940.2 1050.58 815.88 440.67
6922266444463_camera3-27.jpg 186 1351.88 1265.94 950.71 1044.97 802.33 441.94
6922266444463_camera3-21.jpg 186 1387.18 1275.22 1041.85 1017.59 690.67 515.26
6922266444463_camera3-22.jpg 186 1392.28 1271.21 1007.63 1023.02 769.31 496.38
6922266444463_camera3-25.jpg 186 1358.45 1268.57 934.93 1034.45 847.05 468.24
6922266444463_camera3-2.jpg 186 1456.6 1284.77 1075.64 1016.05 761.92 537.44
6922266444463_camera3-29.jpg 186 1377.15 1263.89 986.73 1040.56 780.85 446.67
6922266444463_camera3-31.jpg 186 1386.07 1272.52 974.38 1023.93 823.37 497.18
6922266444463_camera3-30.jpg 186 1395.05 1271.83 1004.31 1033.15 781.49 477.36
6922266444463_camera3-32.jpg 186 1386.45 1277.21 974.2 1016.05 824.51 522.33
6922266444463_camera3-33.jpg 186 1380.86 1281.38 962.31 1007.58 837.1 547.59
6922266444463_camera3-37.jpg 186 1372.33 1285.43 1047.37 1001.09 649.93 568.69
6922266444463_camera3-34.jpg 186 1375.55 1289.62 971.75 1002.88 807.59 573.47
6922266444463_camera3-35.jpg 186 1373.57 1283.07 989.15 1001.76 768.84 562.61
6922266444463_camera3-36.jpg 186 1370.34 1284.49 1013.28 998.84 714.12 571.3
6922266444463_camera3-4.jpg 186 1441.31 1285.67 1019.1 1016.04 844.42 539.27
6922266444463_camera3-38.jpg 186 1388.43 1274.69 1111.44 1007.77 553.99 533.84
6922266444463_camera3-39.jpg 186 1448.99 1269.46 1166.86 998.06 564.26 542.81
6922266444463_camera3-3.jpg 186 1449.05 1287.28 1050.82 1021.8 796.45 530.97
6922266444463_camera3-8.jpg 186 1401.07 1259.45 1016.43 1045.22 769.27 428.47
6922266444463_camera3-40.jpg 186 1465.9 1280.91 1146.77 1014.5 638.27 532.82
6922266444463_camera3-7.jpg 186 1400.35 1271.32 996.93 1040.89 806.84 460.85
6922266444463_camera3-6.jpg 186 1417.17 1276.7 1006.35 1035.0 821.64 483.41
6922266444463_camera3-5.jpg 186 1437.24 1282.27 1022.3 1025.71 829.89 513.11
6922266444463_camera3-9.jpg 186 1424.12 1253.0 1037.83 1047.86 772.58 410.28
