6914068018171-back_camera0-11.jpg 187 1332.53 1140.3 1066.9 945.61 531.26 389.37
6914068018171-back_camera0-12.jpg 187 1368.97 1137.05 1095.39 934.49 547.16 405.11
6914068018171-back_camera0-13.jpg 187 1368.97 1138.36 1069.09 937.12 599.77 402.48
6914068018171-back_camera0-1.jpg 187 1391.37 1138.75 1069.28 947.93 644.18 381.65
6914068018171-back_camera0-19.jpg 187 1380.81 1150.19 1005.95 950.27 749.72 399.85
6914068018171-back_camera0-23.jpg 187 1450.72 1152.94 1087.98 948.59 725.48 408.7
6914068018171-back_camera0-20.jpg 187 1391.34 1138.36 1029.63 939.75 723.41 397.22
6914068018171-back_camera0-25.jpg 187 1446.57 1151.52 1061.19 934.49 770.76 434.05
6914068018171-back_camera0-22.jpg 187 1437.88 1145.3 1094.23 945.29 687.29 400.01
6914068018171-back_camera0-24.jpg 187 1446.58 1142.31 1071.72 934.49 749.72 415.63
6914068018171-back_camera0-21.jpg 187 1401.86 1139.67 1074.35 931.86 655.01 415.63
6914068018171-back_camera0-26.jpg 187 1443.12 1154.17 1056.23 945.46 773.79 417.42
6914068018171-back_camera0-27.jpg 187 1438.68 1148.88 1066.45 931.86 744.45 434.05
6914068018171-back_camera0-30.jpg 187 1430.79 1154.14 1124.33 947.64 612.93 413.0
6914068018171-back_camera0-32.jpg 187 1492.61 1147.57 1224.29 939.75 536.64 415.63
6914068018171-back_camera0-28.jpg 187 1442.55 1154.41 1094.66 944.71 695.78 419.41
6914068018171-back_camera0-31.jpg 187 1454.56 1148.74 1186.67 946.31 535.77 404.86
6914068018171-back_camera0-36.jpg 187 1460.47 1143.08 1095.85 936.84 729.25 412.47
6914068018171-back_camera0-37.jpg 187 1442.28 1143.72 1067.76 944.08 749.04 399.27
6914068018171-back_camera0-39.jpg 187 1396.6 1140.99 1042.78 939.75 707.63 402.48
6914068018171-back_camera0-4.jpg 187 1387.02 1134.96 1020.95 945.26 732.14 379.4
6914068018171-back_camera0-40.jpg 187 1379.49 1133.1 1042.78 937.12 673.43 391.96
6914068018171-back_camera0-5.jpg 187 1378.26 1136.99 1008.45 946.79 739.62 380.41
6914068018171-back_camera1-10.jpg 187 1303.2 1088.38 977.01 818.74 652.38 539.27
6914068018171-back_camera0-9.jpg 187 1326.73 1141.96 1010.66 947.51 632.14 388.9
6914068018171-back_camera0-7.jpg 187 1354.51 1142.31 982.28 942.38 744.45 399.85
6914068018171-back_camera0-8.jpg 187 1345.3 1151.51 992.8 945.01 705.0 413.0
6914068018171-back_camera0-6.jpg 187 1368.53 1138.72 998.21 947.81 740.63 381.83
6914068018171-back_camera1-13.jpg 187 1304.52 1088.38 927.03 745.09 754.98 686.58
6914068018171-back_camera1-14.jpg 187 1301.89 1089.69 934.93 718.78 733.93 741.82
6914068018171-back_camera1-16.jpg 187 1292.35 1080.13 957.42 713.86 669.85 732.55
6914068018171-back_camera1-11.jpg 187 1308.47 1093.64 961.23 789.81 694.47 607.66
6914068018171-back_camera1-15.jpg 187 1295.32 1091.0 937.56 724.04 715.52 733.93
6914068018171-back_camera1-12.jpg 187 1309.23 1091.18 953.11 773.95 712.24 634.46
6914068018171-back_camera1-17.jpg 187 1295.32 1064.7 995.43 710.89 599.77 707.63
6914068018171-back_camera1-18.jpg 187 1283.47 1064.7 1013.84 724.04 539.27 681.32
6914068018171-back_camera1-1.jpg 187 1262.43 1097.59 982.28 750.35 560.31 694.47
6914068018171-back_camera1-19.jpg 187 1296.13 1060.05 1055.07 738.87 482.12 642.36
6914068018171-back_camera1-20.jpg 187 1307.16 1055.49 1040.15 731.93 534.01 647.12
6914068018171-back_camera1-21.jpg 187 1311.18 1061.04 1014.2 722.34 593.96 677.39
6914068018171-back_camera1-22.jpg 187 1295.31 1056.81 969.12 713.52 652.38 686.58
6914068018171-back_camera1-24.jpg 187 1282.05 1055.29 928.36 703.42 707.38 703.74
6914068018171-back_camera1-23.jpg 187 1296.12 1062.63 953.18 709.79 685.88 705.68
6914068018171-back_camera1-27.jpg 187 1245.34 1051.56 898.1 745.09 694.47 612.93
6914068018171-back_camera1-25.jpg 187 1274.27 1054.18 911.25 710.89 726.04 686.58
6914068018171-back_camera1-26.jpg 187 1260.96 1054.8 900.46 724.82 721.0 659.95
6914068018171-back_camera1-31.jpg 187 1249.1 1055.55 904.52 764.15 689.15 582.8
6914068018171-back_camera1-2.jpg 187 1259.81 1105.48 953.34 747.72 612.93 715.52
6914068018171-back_camera1-29.jpg 187 1245.33 1037.08 932.29 779.28 626.08 515.59
6914068018171-back_camera1-32.jpg 187 1240.97 1062.16 883.89 753.16 714.16 618.0
6914068018171-back_camera1-33.jpg 187 1232.18 1056.8 856.01 734.56 752.35 644.49
6914068018171-back_camera1-28.jpg 187 1238.26 1046.97 908.76 765.55 659.01 562.84
6914068018171-back_camera1-34.jpg 187 1224.52 1078.36 859.74 733.43 729.56 689.86
6914068018171-back_camera1-35.jpg 187 1212.45 1085.74 858.64 734.56 707.63 702.37
6914068018171-back_camera1-36.jpg 187 1213.7 1087.69 877.13 734.62 673.15 706.15
6914068018171-back_camera1-37.jpg 187 1211.13 1083.11 908.62 739.82 605.03 686.58
6914068018171-back_camera1-38.jpg 187 1215.09 1088.38 940.19 755.61 549.79 665.54
6914068018171-back_camera1-3.jpg 187 1269.01 1102.84 929.66 742.45 678.69 720.78
6914068018171-back_camera1-39.jpg 187 1232.17 1087.06 977.01 771.39 510.33 631.34
6914068018171-back_camera1-4.jpg 187 1272.59 1106.59 917.63 750.21 709.92 712.75
6914068018171-back_camera1-5.jpg 187 1272.95 1104.16 900.73 752.98 744.45 702.37
6914068018171-back_camera1-40.jpg 187 1260.75 1090.48 994.3 758.03 532.91 664.9
6914068018171-back_camera1-6.jpg 187 1266.38 1101.53 895.47 760.87 741.82 681.32
6914068018171-back_camera1-9.jpg 187 1278.38 1092.76 953.35 822.18 650.05 541.16
6914068018171-back_camera1-8.jpg 187 1267.69 1101.54 919.14 795.07 697.1 612.93
6914068018171-back_camera2-13.jpg 187 1194.04 822.69 863.9 524.12 660.28 597.14
6914068018171-back_camera2-10.jpg 187 1172.99 827.94 882.31 595.14 581.36 465.61
6914068018171-back_camera2-11.jpg 187 1186.15 828.24 887.96 594.3 596.38 467.89
6914068018171-back_camera2-14.jpg 187 1194.05 820.06 842.86 500.44 702.37 639.23
6914068018171-back_camera2-12.jpg 187 1188.78 822.68 861.27 550.42 655.01 544.53
6914068018171-back_camera1-7.jpg 187 1274.27 1100.21 911.25 768.76 726.04 662.91
6914068018171-back_camera2-18.jpg 187 1221.66 791.12 913.88 450.46 615.56 681.32
6914068018171-back_camera2-16.jpg 187 1211.13 796.38 866.53 453.09 689.21 686.58
6914068018171-back_camera2-17.jpg 187 1220.35 802.96 890.21 455.72 660.28 694.47
6914068018171-back_camera2-15.jpg 187 1211.13 820.06 863.9 484.66 694.47 670.8
6914068018171-back_camera2-19.jpg 187 1232.18 777.97 963.86 458.35 536.64 639.23
6914068018171-back_camera2-1.jpg 187 1125.64 781.91 903.36 484.66 444.57 594.51
6914068018171-back_camera2-22.jpg 187 1222.97 762.18 966.49 442.57 512.96 639.23
6914068018171-back_camera2-23.jpg 187 1209.82 755.61 916.51 418.89 586.62 673.43
6914068018171-back_camera2-21.jpg 187 1226.92 766.13 1003.32 476.77 447.2 578.73
6914068018171-back_camera2-24.jpg 187 1211.14 752.98 895.47 403.11 631.34 699.73
6914068018171-back_camera2-20.jpg 187 1228.71 773.9 987.59 472.68 482.24 602.44
6914068018171-back_camera2-26.jpg 187 1197.99 730.62 853.38 384.7 689.21 691.84
6914068018171-back_camera2-29.jpg 187 1174.74 726.53 848.77 450.05 651.94 552.95
6914068018171-back_camera2-25.jpg 187 1209.82 743.77 869.16 395.22 681.32 697.1
6914068018171-back_camera2-28.jpg 187 1187.46 731.93 853.38 432.05 668.17 599.77
6914068018171-back_camera2-27.jpg 187 1188.14 731.81 846.92 407.56 682.44 648.5
6914068018171-back_camera2-30.jpg 187 1166.49 724.84 862.85 489.07 607.29 471.53
6914068018171-back_camera2-2.jpg 187 1127.37 796.53 873.52 474.8 507.69 643.45
6914068018171-back_camera2-31.jpg 187 1163.78 731.93 866.53 505.7 594.51 452.46
6914068018171-back_camera2-32.jpg 187 1155.89 727.99 834.96 463.61 641.86 528.75
6914068018171-back_camera2-34.jpg 187 1144.41 739.29 796.29 424.99 696.25 628.6
6914068018171-back_camera2-36.jpg 187 1130.9 747.72 782.35 403.11 697.1 689.21
6914068018171-back_camera2-39.jpg 187 1115.12 775.34 842.86 460.98 544.53 628.71
6914068018171-back_camera2-33.jpg 187 1148.49 736.62 811.92 445.3 673.15 582.64
6914068018171-back_camera2-37.jpg 187 1119.69 763.83 802.09 419.28 635.2 689.1
6914068018171-back_camera2-40.jpg 187 1120.76 781.37 893.63 486.86 454.27 589.01
6914068018171-back_camera2-35.jpg 187 1135.13 744.27 788.66 412.65 692.95 663.25
6914068018171-back_camera2-38.jpg 187 1121.99 772.64 830.9 441.44 582.19 662.41
6914068018171-back_camera2-3.jpg 187 1130.6 803.87 846.95 467.49 567.29 672.75
6914068018171-back_camera2-4.jpg 187 1139.01 814.78 817.79 467.49 642.44 694.57
6914068018171-back_camera2-7.jpg 187 1154.79 823.62 810.54 496.94 688.5 653.35
6914068018171-back_camera2-6.jpg 187 1145.51 819.9 807.93 478.07 675.17 683.66
6914068018171-back_camera2-5.jpg 187 1141.08 816.59 804.44 469.27 673.27 694.64
6914068018171-back_camera2-9.jpg 187 1165.11 833.21 848.12 560.94 633.97 544.53
6914068018171-back_camera2-8.jpg 187 1159.84 833.21 813.92 516.22 691.84 633.97
6914068018171-back_camera3-10.jpg 187 1349.24 1319.87 1074.35 1055.49 549.79 528.75
6914068018171-back_camera3-12.jpg 187 1357.55 1329.55 1021.68 1061.56 671.74 535.97
6914068018171-back_camera3-11.jpg 187 1353.19 1318.55 1045.41 1052.86 615.56 531.38
6914068018171-back_camera3-13.jpg 187 1359.76 1331.7 998.06 1058.12 723.41 547.16
6914068018171-back_camera3-18.jpg 187 1358.35 1328.38 992.78 1078.78 731.13 499.21
6914068018171-back_camera3-17.jpg 187 1353.19 1331.71 979.65 1071.28 747.09 520.86
6914068018171-back_camera3-16.jpg 187 1360.12 1331.14 971.22 1065.98 777.8 530.32
6914068018171-back_camera3-15.jpg 187 1355.82 1331.7 969.12 1052.86 773.39 557.68
6914068018171-back_camera3-14.jpg 187 1356.46 1333.84 980.29 1060.19 752.34 547.29
6914068018171-back_camera3-19.jpg 187 1379.94 1320.12 1033.27 1080.72 693.35 478.8
6914068018171-back_camera3-1.jpg 187 1374.23 1306.72 1021.73 1068.65 705.0 476.14
6914068018171-back_camera3-20.jpg 187 1406.0 1326.73 1060.94 1080.66 690.12 492.14
6914068018171-back_camera3-21.jpg 187 1416.32 1326.45 1048.04 1060.76 736.56 531.38
6914068018171-back_camera3-22.jpg 187 1422.68 1337.18 1041.56 1067.43 762.24 539.51
6914068018171-back_camera3-24.jpg 187 1421.66 1337.41 1033.47 1058.82 776.39 557.19
6914068018171-back_camera3-23.jpg 187 1421.17 1339.75 1031.57 1064.69 779.21 550.12
6914068018171-back_camera3-28.jpg 187 1410.98 1319.4 1123.9 1046.47 574.16 545.87
6914068018171-back_camera3-25.jpg 187 1418.26 1336.42 1041.88 1057.02 752.75 558.8
6914068018171-back_camera3-26.jpg 187 1416.35 1332.84 1058.56 1053.54 715.58 558.6
6914068018171-back_camera3-2.jpg 187 1364.56 1301.18 1000.41 1064.31 728.3 473.75
6914068018171-back_camera3-29.jpg 187 1426.12 1316.64 1160.96 1052.19 530.32 528.9
6914068018171-back_camera3-27.jpg 187 1414.13 1331.8 1084.14 1054.68 659.98 554.24
6914068018171-back_camera3-32.jpg 187 1451.91 1315.72 1115.34 1047.73 673.15 535.97
6914068018171-back_camera3-31.jpg 187 1456.75 1315.23 1157.55 1054.32 598.4 521.83
6914068018171-back_camera3-33.jpg 187 1439.32 1310.79 1087.19 1046.34 704.26 528.9
6914068018171-back_camera3-30.jpg 187 1462.73 1310.72 1198.98 1055.48 527.5 510.48
6914068018171-back_camera3-35.jpg 187 1416.2 1311.0 1043.97 1050.8 744.45 520.41
6914068018171-back_camera3-36.jpg 187 1403.22 1310.62 1031.69 1057.28 743.05 506.68
6914068018171-back_camera3-34.jpg 187 1423.36 1312.56 1061.06 1048.81 724.6 527.5
6914068018171-back_camera3-37.jpg 187 1380.61 1301.79 1022.82 1060.67 715.58 482.24
6914068018171-back_camera3-38.jpg 187 1358.85 1296.55 1026.72 1066.24 664.26 460.62
6914068018171-back_camera3-3.jpg 187 1351.22 1297.7 975.05 1052.34 752.34 490.72
6914068018171-back_camera3-5.jpg 187 1313.24 1314.06 944.14 1055.97 738.2 516.18
6914068018171-back_camera3-6.jpg 187 1314.87 1309.06 955.19 1045.08 719.35 527.96
6914068018171-back_camera3-40.jpg 187 1381.95 1298.55 1044.67 1075.81 674.56 445.47
6914068018171-back_camera3-7.jpg 187 1298.35 1311.83 962.1 1050.65 672.49 522.36
6914068018171-back_camera3-4.jpg 187 1332.4 1312.45 949.63 1058.37 765.54 508.16
6914068018171-back_camera3-9.jpg 187 1313.26 1310.56 1040.2 1055.65 546.11 509.81
6914068018171-back_camera3-8.jpg 187 1293.68 1312.94 980.89 1054.05 625.58 517.79
6914068018171_camera0-11.jpg 187 1350.73 1145.84 1083.43 944.48 534.59 402.71
6914068018171_camera0-10.jpg 187 1334.03 1148.65 1042.63 947.3 582.8 402.71
6914068018171_camera0-12.jpg 187 1388.12 1149.73 1125.43 943.94 525.37 411.58
6914068018171_camera0-18.jpg 187 1411.0 1152.43 1025.63 946.67 770.73 411.53
6914068018171_camera0-22.jpg 187 1465.38 1141.38 1123.23 948.12 684.29 386.51
6914068018171_camera0-1.jpg 187 1356.59 1135.31 1032.07 944.48 649.04 381.65
6914068018171_camera0-20.jpg 187 1415.42 1147.18 1070.56 947.78 689.72 398.8
6914068018171_camera0-23.jpg 187 1465.38 1147.66 1108.04 947.72 714.67 399.88
6914068018171_camera0-24.jpg 187 1466.49 1145.01 1098.84 949.85 735.3 390.31
6914068018171_camera0-27.jpg 187 1450.68 1146.58 1100.1 948.62 701.17 395.91
6914068018171_camera0-29.jpg 187 1440.53 1148.08 1126.58 944.44 627.9 407.28
6914068018171_camera0-28.jpg 187 1444.55 1151.14 1111.2 948.49 666.7 405.31
6914068018171_camera0-30.jpg 187 1435.63 1147.19 1172.0 950.16 527.27 394.06
6914068018171_camera0-32.jpg 187 1477.24 1143.65 1214.2 948.5 526.08 390.31
6914068018171_camera0-2.jpg 187 1381.47 1130.69 1061.41 947.54 640.12 366.31
6914068018171_camera0-31.jpg 187 1453.42 1146.75 1193.21 945.23 520.42 403.04
6914068018171_camera0-33.jpg 187 1468.12 1143.76 1162.7 949.5 610.83 388.51
6914068018171_camera0-34.jpg 187 1457.16 1149.29 1128.36 950.15 657.6 398.28
6914068018171_camera0-37.jpg 187 1413.11 1143.71 1047.71 947.67 730.8 392.08
6914068018171_camera0-39.jpg 187 1374.63 1135.69 1020.38 937.0 708.51 397.39
6914068018171_camera0-38.jpg 187 1396.27 1140.26 1036.43 948.78 719.67 382.96
6914068018171_camera0-6.jpg 187 1345.78 1137.89 973.41 947.69 744.74 380.41
6914068018171_camera0-7.jpg 187 1335.91 1143.2 963.86 939.44 744.1 407.52
6914068018171_camera0-8.jpg 187 1334.11 1145.02 982.24 948.12 703.73 393.8
6914068018171_camera1-11.jpg 187 1251.51 1104.39 998.97 776.93 505.07 654.92
6914068018171_camera0-4.jpg 187 1364.09 1136.98 998.85 943.53 730.48 386.9
6914068018171_camera1-10.jpg 187 1212.16 1093.38 967.9 776.1 488.52 634.57
6914068018171_camera0-9.jpg 187 1330.93 1147.25 996.98 946.64 667.9 401.22
6914068018171_camera1-12.jpg 187 1256.23 1108.49 983.01 766.03 546.44 684.93
6914068018171_camera1-14.jpg 187 1265.88 1119.72 924.26 749.97 683.24 739.49
6914068018171_camera1-24.jpg 187 1324.22 1092.12 962.87 760.99 722.7 662.27
6914068018171_camera1-23.jpg 187 1324.22 1093.39 970.42 773.59 707.6 639.61
6914068018171_camera1-26.jpg 187 1315.28 1083.44 969.99 727.52 690.57 711.84
6914068018171_camera1-25.jpg 187 1309.22 1091.76 943.94 743.15 730.55 697.21
6914068018171_camera1-29.jpg 187 1309.11 1059.39 1035.89 730.78 546.44 657.23
6914068018171_camera1-2.jpg 187 1244.02 1033.13 905.99 755.61 676.06 555.05
6914068018171_camera1-30.jpg 187 1314.15 1045.55 1071.15 738.33 486.0 614.43
6914068018171_camera1-28.jpg 187 1311.62 1068.21 1008.19 728.26 606.87 679.9
6914068018171_camera1-34.jpg 187 1311.1 1042.34 974.38 697.73 673.43 689.21
6914068018171_camera1-31.jpg 187 1330.51 1046.81 1073.66 733.3 513.7 627.02
6914068018171_camera1-32.jpg 187 1321.62 1050.23 1034.89 718.78 573.47 662.91
6914068018171_camera1-33.jpg 187 1315.4 1046.8 998.12 710.63 634.57 672.34
6914068018171_camera1-39.jpg 187 1236.12 1017.35 919.14 731.93 633.97 570.84
6914068018171_camera1-7.jpg 187 1208.38 1085.84 862.14 733.3 692.49 705.08
6914068018171_camera1-9.jpg 187 1202.38 1091.26 905.4 746.2 593.96 690.12
6914068018171_camera1-8.jpg 187 1200.83 1093.39 877.25 743.37 647.16 700.04
6914068018171_camera2-29.jpg 187 1155.88 731.0 837.44 459.35 636.89 543.3
6914068018171_camera3-11.jpg 187 1371.7 1334.77 1066.29 1064.97 610.83 539.6
6914068018171_camera3-13.jpg 187 1380.85 1337.5 1023.06 1058.2 715.58 558.6
6914068018171_camera3-12.jpg 187 1375.25 1332.61 1051.49 1058.8 647.52 547.62
6914068018171_camera3-14.jpg 187 1383.39 1338.91 1010.71 1060.65 745.37 556.51
6914068018171_camera3-15.jpg 187 1378.18 1334.33 990.17 1058.12 776.02 552.42
6914068018171_camera3-16.jpg 187 1376.17 1334.11 1003.39 1072.32 745.57 523.57
6914068018171_camera3-1.jpg 187 1359.76 1294.88 1016.47 1060.76 686.58 468.24
6914068018171_camera3-20.jpg 187 1438.34 1317.44 1092.58 1084.1 691.53 466.68
6914068018171_camera3-28.jpg 187 1402.34 1308.92 1135.0 1058.24 534.67 501.37
6914068018171_camera3-36.jpg 187 1368.05 1293.51 1002.58 1046.84 730.93 493.35
6914068018171_camera3-39.jpg 187 1343.22 1283.58 1011.41 1067.23 663.63 432.69
6914068018171_camera3-6.jpg 187 1303.2 1315.92 955.97 1034.45 694.47 562.94
