6914068016535-back_camera0-17.jpg 189 1377.46 1245.69 1170.79 1160.24 413.34 170.91
6914068016535-back_camera0-10.jpg 189 1340.12 1239.56 1178.64 1156.73 322.96 165.65
6914068016535-back_camera0-14.jpg 189 1361.95 1242.87 1187.92 1156.63 348.06 172.47
6914068016535-back_camera0-16.jpg 189 1373.61 1246.88 1173.06 1160.59 401.09 172.59
6914068016535-back_camera0-13.jpg 189 1358.54 1241.63 1202.69 1159.26 311.7 164.75
6914068016535-back_camera0-11.jpg 189 1341.77 1237.02 1202.08 1152.67 279.38 168.7
6914068016535-back_camera0-12.jpg 189 1357.55 1242.02 1225.76 1157.63 263.57 168.77
6914068016535-back_camera0-15.jpg 189 1368.99 1244.31 1179.68 1156.91 378.62 174.8
6914068016535-back_camera0-19.jpg 189 1392.88 1247.76 1186.71 1163.6 412.33 168.32
6914068016535-back_camera0-21.jpg 189 1410.55 1246.09 1227.19 1164.83 366.71 162.52
6914068016535-back_camera0-20.jpg 189 1399.53 1248.47 1205.64 1165.27 387.78 166.41
6914068016535-back_camera0-18.jpg 189 1383.36 1248.66 1177.35 1164.19 412.03 168.95
6914068016535-back_camera0-27.jpg 189 1456.02 1245.26 1259.08 1156.71 393.88 177.09
6914068016535-back_camera0-26.jpg 189 1455.49 1244.84 1249.17 1156.92 412.64 175.83
6914068016535-back_camera0-1.jpg 189 1392.7 1230.44 1224.55 1151.92 336.31 157.03
6914068016535-back_camera0-23.jpg 189 1438.12 1246.88 1235.07 1162.4 406.1 168.97
6914068016535-back_camera0-22.jpg 189 1431.88 1243.73 1249.06 1164.35 365.64 158.77
6914068016535-back_camera0-25.jpg 189 1449.17 1246.88 1239.84 1158.04 418.67 177.69
6914068016535-back_camera0-32.jpg 189 1470.79 1236.09 1328.34 1150.84 284.9 170.49
6914068016535-back_camera0-30.jpg 189 1453.03 1241.2 1294.71 1149.62 316.64 183.17
6914068016535-back_camera0-24.jpg 189 1446.3 1250.54 1242.16 1165.48 408.28 170.12
6914068016535-back_camera0-28.jpg 189 1455.28 1247.02 1274.24 1157.79 362.07 178.47
6914068016535-back_camera0-2.jpg 189 1391.36 1227.42 1221.58 1154.39 339.56 146.05
6914068016535-back_camera0-31.jpg 189 1462.56 1239.59 1329.9 1150.74 265.32 177.69
6914068016535-back_camera0-34.jpg 189 1461.22 1234.24 1285.63 1149.56 351.18 169.36
6914068016535-back_camera0-29.jpg 189 1457.67 1243.3 1291.49 1154.71 332.36 177.18
6914068016535-back_camera0-36.jpg 189 1448.75 1235.0 1254.86 1151.41 387.78 167.17
6914068016535-back_camera0-3.jpg 189 1382.21 1229.66 1192.74 1149.53 378.94 160.27
6914068016535-back_camera0-35.jpg 189 1458.23 1235.55 1273.45 1149.0 369.56 173.09
6914068016535-back_camera0-33.jpg 189 1466.63 1235.28 1305.71 1149.68 321.84 171.19
6914068016535-back_camera0-39.jpg 189 1411.14 1233.39 1216.61 1149.62 389.06 167.55
6914068016535-back_camera0-6.jpg 189 1357.75 1236.38 1162.7 1156.87 390.1 159.03
6914068016535-back_camera0-4.jpg 189 1376.09 1229.87 1179.15 1151.24 393.88 157.25
6914068016535-back_camera0-5.jpg 189 1360.47 1234.63 1157.95 1150.77 405.03 167.73
6914068016535-back_camera0-40.jpg 189 1403.18 1232.14 1223.93 1153.25 358.5 157.78
6914068016535-back_camera0-8.jpg 189 1348.56 1237.93 1160.65 1156.0 375.82 163.86
6914068016535-back_camera0-9.jpg 189 1343.54 1238.47 1178.11 1156.91 330.87 163.11
6914068016535-back_camera1-10.jpg 189 1211.35 1133.01 1082.11 980.78 258.48 304.47
6914068016535-back_camera0-7.jpg 189 1352.7 1233.94 1158.81 1152.27 387.78 163.35
6914068016535-back_camera1-13.jpg 189 1227.1 1153.75 1070.81 987.98 312.57 331.54
6914068016535-back_camera1-12.jpg 189 1226.88 1145.71 1082.05 985.06 289.66 321.31
6914068016535-back_camera1-15.jpg 189 1236.12 1161.5 1052.66 986.06 366.91 350.88
6914068016535-back_camera1-11.jpg 189 1223.01 1141.81 1100.18 986.33 245.65 310.96
6914068016535-back_camera1-16.jpg 189 1241.81 1167.16 1052.12 995.03 379.38 344.27
6914068016535-back_camera1-18.jpg 189 1256.73 1172.51 1068.5 1012.86 376.46 319.3
6914068016535-back_camera1-14.jpg 189 1233.36 1157.49 1058.66 984.1 349.39 346.77
6914068016535-back_camera1-19.jpg 189 1261.7 1169.4 1084.65 1027.77 354.09 283.27
6914068016535-back_camera1-20.jpg 189 1268.97 1168.08 1104.97 1041.88 328.0 252.39
6914068016535-back_camera1-17.jpg 189 1249.08 1169.74 1054.81 1005.62 388.54 328.24
6914068016535-back_camera1-23.jpg 189 1297.58 1164.49 1117.4 1011.58 360.35 305.81
6914068016535-back_camera1-1.jpg 189 1253.8 1086.1 1090.14 967.71 327.32 236.77
6914068016535-back_camera1-22.jpg 189 1294.4 1166.95 1120.03 1029.22 348.74 275.46
6914068016535-back_camera1-28.jpg 189 1317.61 1140.21 1157.95 973.11 319.31 334.21
6914068016535-back_camera1-27.jpg 189 1317.52 1149.9 1148.97 983.4 337.09 333.01
6914068016535-back_camera1-26.jpg 189 1313.35 1152.03 1133.96 984.86 358.77 334.34
6914068016535-back_camera1-21.jpg 189 1281.84 1167.58 1124.83 1047.49 314.01 240.17
6914068016535-back_camera1-29.jpg 189 1319.63 1131.68 1178.85 976.75 281.57 309.87
6914068016535-back_camera1-25.jpg 189 1308.38 1159.27 1125.14 993.64 366.47 331.26
6914068016535-back_camera1-31.jpg 189 1328.07 1117.88 1202.11 970.61 251.93 294.53
6914068016535-back_camera1-33.jpg 189 1318.87 1105.62 1158.18 942.65 321.37 325.95
6914068016535-back_camera1-30.jpg 189 1321.68 1122.56 1201.58 970.75 240.21 303.61
6914068016535-back_camera1-24.jpg 189 1303.59 1161.69 1120.95 1003.55 365.27 316.29
6914068016535-back_camera1-34.jpg 189 1317.19 1103.26 1149.76 941.95 334.87 322.61
6914068016535-back_camera1-2.jpg 189 1246.4 1089.92 1070.07 955.19 352.66 269.46
6914068016535-back_camera1-36.jpg 189 1300.69 1094.75 1118.13 931.66 365.12 326.18
6914068016535-back_camera1-38.jpg 189 1279.16 1083.87 1098.52 939.54 361.28 288.65
6914068016535-back_camera1-3.jpg 189 1238.81 1093.96 1054.41 948.63 368.8 290.66
6914068016535-back_camera1-35.jpg 189 1308.85 1096.57 1130.88 936.27 355.93 320.6
6914068016535-back_camera1-32.jpg 189 1324.35 1107.91 1175.26 950.3 298.18 315.22
6914068016535-back_camera1-4.jpg 189 1235.68 1100.08 1052.45 946.01 366.47 308.14
6914068016535-back_camera1-39.jpg 189 1267.38 1082.88 1096.45 950.3 341.85 265.17
6914068016535-back_camera1-37.jpg 189 1291.62 1088.94 1108.04 938.56 367.17 300.76
6914068016535-back_camera1-7.jpg 189 1217.11 1118.29 1045.84 952.02 342.53 332.54
6914068016535-back_camera1-40.jpg 189 1259.37 1082.37 1098.32 965.69 322.09 233.36
6914068016535-back_camera1-5.jpg 189 1223.0 1102.52 1036.05 940.18 373.91 324.69
6914068016535-back_camera1-6.jpg 189 1217.77 1112.85 1037.24 947.58 361.06 330.53
6914068016535-back_camera1-8.jpg 189 1214.68 1121.86 1053.9 955.84 321.55 332.04
6914068016535-back_camera2-10.jpg 189 1183.83 837.73 1028.45 717.51 310.75 240.43
6914068016535-back_camera1-9.jpg 189 1207.38 1127.61 1065.39 968.58 283.98 318.06
6914068016535-back_camera2-14.jpg 189 1213.94 832.16 1045.56 674.51 336.76 315.3
6914068016535-back_camera2-11.jpg 189 1191.89 840.9 1044.8 730.19 294.18 221.42
6914068016535-back_camera2-15.jpg 189 1214.87 825.57 1040.84 660.29 348.05 330.57
6914068016535-back_camera2-1.jpg 189 1131.61 803.65 1016.03 651.72 231.15 303.86
6914068016535-back_camera2-12.jpg 189 1199.68 834.9 1041.46 706.5 316.44 256.8
6914068016535-back_camera2-17.jpg 189 1223.97 807.76 1063.9 633.15 320.13 349.23
6914068016535-back_camera2-25.jpg 189 1217.37 751.81 1051.72 577.26 331.29 349.1
6914068016535-back_camera2-18.jpg 189 1228.17 802.38 1077.77 629.4 300.8 345.96
6914068016535-back_camera2-13.jpg 189 1208.22 831.69 1043.24 689.18 329.97 285.03
6914068016535-back_camera2-16.jpg 189 1223.45 815.84 1055.28 645.24 336.35 341.2
6914068016535-back_camera2-23.jpg 189 1224.98 761.66 1082.05 595.57 285.87 332.18
6914068016535-back_camera2-19.jpg 189 1227.68 793.33 1093.87 629.56 267.63 327.55
6914068016535-back_camera2-21.jpg 189 1230.17 773.45 1119.6 623.94 221.15 299.01
6914068016535-back_camera2-20.jpg 189 1228.45 783.82 1112.04 630.6 232.82 306.43
6914068016535-back_camera2-22.jpg 189 1227.69 766.74 1098.14 604.81 259.1 323.87
6914068016535-back_camera2-24.jpg 189 1219.41 754.04 1062.13 581.28 314.56 345.52
6914068016535-back_camera2-28.jpg 189 1192.67 741.05 1019.39 588.38 346.56 305.34
6914068016535-back_camera2-26.jpg 189 1207.62 744.56 1037.18 576.65 340.88 335.83
6914068016535-back_camera2-2.jpg 189 1136.5 808.25 1002.05 647.62 268.91 321.26
6914068016535-back_camera2-27.jpg 189 1201.43 740.83 1029.01 578.31 344.85 325.05
6914068016535-back_camera2-32.jpg 189 1159.77 743.38 995.65 605.6 328.24 275.57
6914068016535-back_camera2-29.jpg 189 1183.92 738.0 1020.43 604.05 326.98 267.91
6914068016535-back_camera2-33.jpg 189 1152.17 741.03 982.33 589.51 339.69 303.05
6914068016535-back_camera2-30.jpg 189 1175.24 738.02 1021.9 624.3 306.68 227.44
6914068016535-back_camera2-37.jpg 189 1136.19 764.03 971.88 588.59 328.62 350.88
6914068016535-back_camera2-31.jpg 189 1168.3 738.72 1020.2 626.78 296.2 223.88
6914068016535-back_camera2-39.jpg 189 1129.91 784.72 995.81 622.55 268.2 324.34
6914068016535-back_camera2-34.jpg 189 1143.25 748.51 965.67 588.51 355.16 320.01
6914068016535-back_camera2-38.jpg 189 1134.12 777.59 985.61 606.82 297.02 341.53
6914068016535-back_camera2-35.jpg 189 1145.64 753.83 977.49 583.06 336.31 341.54
6914068016535-back_camera2-36.jpg 189 1137.3 761.36 966.9 590.35 340.8 342.01
6914068016535-back_camera2-5.jpg 189 1145.88 825.53 977.57 653.4 336.63 344.27
6914068016535-back_camera2-3.jpg 189 1134.57 814.82 986.69 644.43 295.75 340.78
6914068016535-back_camera2-8.jpg 189 1166.36 837.2 997.98 685.33 336.76 303.74
6914068016535-back_camera2-4.jpg 189 1140.64 822.12 984.25 649.3 312.79 345.65
6914068016535-back_camera2-7.jpg 189 1156.85 832.05 987.71 671.42 338.27 321.26
6914068016535-back_camera2-6.jpg 189 1154.62 833.19 983.85 666.28 341.53 333.82
6914068016535-back_camera3-14.jpg 189 1393.58 1333.68 1198.69 1211.21 389.77 244.94
6914068016535-back_camera3-12.jpg 189 1396.65 1334.95 1227.57 1214.73 338.16 240.45
6914068016535-back_camera3-11.jpg 189 1395.76 1334.45 1240.95 1216.7 309.61 235.51
6914068016535-back_camera2-40.jpg 189 1125.65 792.95 1007.62 640.13 236.06 305.64
6914068016535-back_camera2-9.jpg 189 1176.01 837.47 1016.04 706.29 319.95 262.37
6914068016535-back_camera3-10.jpg 189 1395.26 1335.27 1257.35 1216.62 275.82 237.3
6914068016535-back_camera3-15.jpg 189 1393.83 1334.59 1201.39 1218.09 384.87 232.99
6914068016535-back_camera3-13.jpg 189 1393.8 1330.87 1210.63 1212.81 366.34 236.11
6914068016535-back_camera3-20.jpg 189 1410.89 1331.6 1237.69 1231.32 346.4 200.55
6914068016535-back_camera3-1.jpg 189 1392.37 1328.72 1207.58 1224.97 369.58 207.5
6914068016535-back_camera3-16.jpg 189 1392.45 1332.62 1200.21 1219.61 384.47 226.02
6914068016535-back_camera3-17.jpg 189 1392.92 1331.61 1208.33 1226.06 369.18 211.1
6914068016535-back_camera3-21.jpg 189 1407.48 1332.15 1225.32 1227.23 364.33 209.85
6914068016535-back_camera3-22.jpg 189 1402.8 1331.78 1216.54 1216.89 372.51 229.77
6914068016535-back_camera3-18.jpg 189 1390.97 1331.23 1212.13 1229.87 357.67 202.72
6914068016535-back_camera3-24.jpg 189 1399.43 1333.14 1211.47 1213.34 375.92 239.61
6914068016535-back_camera3-19.jpg 189 1397.87 1331.12 1225.52 1236.46 344.69 189.31
6914068016535-back_camera3-26.jpg 189 1395.49 1330.06 1218.78 1210.21 353.43 239.69
6914068016535-back_camera3-23.jpg 189 1399.28 1336.34 1214.28 1218.89 369.99 234.9
6914068016535-back_camera3-28.jpg 189 1394.74 1328.33 1250.09 1215.35 289.31 225.97
6914068016535-back_camera3-25.jpg 189 1395.6 1334.45 1211.72 1213.52 367.76 241.86
6914068016535-back_camera3-2.jpg 189 1384.3 1330.0 1191.94 1219.69 384.72 220.61
6914068016535-back_camera3-29.jpg 189 1396.17 1324.7 1271.15 1212.18 250.03 225.03
6914068016535-back_camera3-27.jpg 189 1395.38 1331.58 1234.61 1215.24 321.55 232.68
6914068016535-back_camera3-30.jpg 189 1406.88 1323.56 1275.36 1212.27 263.04 222.57
6914068016535-back_camera3-31.jpg 189 1406.11 1327.29 1253.41 1213.88 305.4 226.81
6914068016535-back_camera3-33.jpg 189 1399.82 1328.75 1217.9 1208.44 363.83 240.62
6914068016535-back_camera3-35.jpg 189 1399.48 1325.15 1210.74 1215.06 377.48 220.19
6914068016535-back_camera3-37.jpg 189 1389.28 1322.78 1201.83 1221.69 374.91 202.18
6914068016535-back_camera3-36.jpg 189 1391.74 1327.27 1198.47 1219.04 386.53 216.46
6914068016535-back_camera3-38.jpg 189 1387.53 1321.23 1211.86 1226.03 351.35 190.4
6914068016535-back_camera3-3.jpg 189 1383.98 1331.04 1191.39 1219.52 385.18 223.04
6914068016535-back_camera3-32.jpg 189 1403.88 1327.55 1233.54 1211.91 340.67 231.28
6914068016535-back_camera3-34.jpg 189 1398.93 1323.53 1208.09 1207.41 381.69 232.23
6914068016535-back_camera3-40.jpg 189 1390.57 1324.3 1217.51 1228.12 346.12 192.36
6914068016535-back_camera3-4.jpg 189 1382.58 1331.59 1190.14 1215.95 384.87 231.28
6914068016535-back_camera3-39.jpg 189 1385.58 1322.86 1216.61 1229.14 337.94 187.43
6914068016535-back_camera3-5.jpg 189 1384.37 1330.68 1201.93 1215.41 364.88 230.53
6914068016535-back_camera3-8.jpg 189 1379.02 1330.75 1240.48 1220.53 277.08 220.44
6914068016535-back_camera3-7.jpg 189 1379.94 1331.17 1221.16 1217.43 317.55 227.48
6914068016535_camera0-10.jpg 189 1353.11 1239.96 1190.17 1159.03 325.87 161.87
6914068016535_camera0-13.jpg 189 1384.28 1242.03 1233.52 1161.12 301.52 161.83
6914068016535_camera0-11.jpg 189 1359.52 1243.1 1221.3 1160.68 276.45 164.83
6914068016535_camera0-14.jpg 189 1388.91 1243.05 1217.02 1161.35 343.79 163.41
6914068016535-back_camera3-6.jpg 189 1381.59 1331.84 1211.33 1215.35 340.53 232.99
6914068016535-back_camera3-9.jpg 189 1390.46 1329.28 1266.8 1219.68 247.32 219.19
6914068016535_camera0-12.jpg 189 1377.07 1238.37 1245.01 1156.72 264.11 163.29
6914068016535_camera0-15.jpg 189 1395.92 1244.53 1209.68 1162.64 372.48 163.77
6914068016535_camera0-17.jpg 189 1404.8 1246.15 1196.96 1161.25 415.68 169.81
6914068016535_camera0-20.jpg 189 1411.14 1244.22 1213.6 1163.29 395.09 161.87
6914068016535_camera0-21.jpg 189 1423.36 1245.4 1246.61 1170.08 353.51 150.65
6914068016535_camera0-1.jpg 189 1382.42 1233.02 1205.11 1152.87 354.63 160.3
6914068016535_camera0-16.jpg 189 1397.53 1239.19 1197.09 1158.02 400.89 162.34
6914068016535_camera0-24.jpg 189 1445.78 1241.88 1247.1 1159.28 397.37 165.2
6914068016535_camera0-18.jpg 189 1407.95 1245.46 1205.95 1165.86 404.01 159.21
6914068016535_camera0-25.jpg 189 1447.01 1241.43 1244.5 1157.03 405.01 168.81
6914068016535_camera0-26.jpg 189 1446.22 1242.58 1245.15 1155.07 402.13 175.02
6914068016535_camera0-22.jpg 189 1439.62 1241.61 1266.02 1164.13 347.19 154.95
6914068016535_camera0-23.jpg 189 1443.11 1240.91 1252.27 1159.24 381.67 163.35
6914068016535_camera0-28.jpg 189 1444.53 1240.19 1259.29 1153.98 370.49 172.43
6914068016535_camera0-19.jpg 189 1413.3 1245.6 1211.19 1164.34 404.22 162.52
6914068016535_camera0-31.jpg 189 1435.65 1236.11 1300.54 1149.09 270.22 174.04
6914068016535_camera0-33.jpg 189 1441.38 1233.94 1286.2 1148.84 310.35 170.21
6914068016535_camera0-29.jpg 189 1440.88 1238.04 1268.48 1149.06 344.81 177.97
6914068016535_camera0-27.jpg 189 1445.73 1241.75 1250.39 1152.69 390.68 178.12
6914068016535_camera0-30.jpg 189 1438.69 1237.8 1286.24 1149.47 304.9 176.66
6914068016535_camera0-32.jpg 189 1447.38 1234.52 1305.72 1148.15 283.31 172.73
6914068016535_camera0-34.jpg 189 1438.23 1234.33 1270.35 1147.71 335.76 173.24
6914068016535_camera0-2.jpg 189 1383.12 1229.34 1209.73 1150.82 346.77 157.03
6914068016535_camera0-37.jpg 189 1416.27 1232.06 1222.6 1146.02 387.34 172.08
6914068016535_camera0-38.jpg 189 1404.19 1233.45 1205.06 1148.62 398.26 169.66
6914068016535_camera0-39.jpg 189 1394.48 1232.52 1202.44 1148.44 384.07 168.15
6914068016535_camera0-40.jpg 189 1384.91 1233.23 1201.85 1153.31 366.12 159.84
6914068016535_camera0-5.jpg 189 1365.13 1237.24 1164.07 1160.67 402.13 153.14
6914068016535_camera0-4.jpg 189 1373.65 1233.65 1177.27 1157.08 392.76 153.14
6914068016535_camera0-3.jpg 189 1381.99 1232.29 1198.46 1155.72 367.06 153.14
6914068016535_camera0-9.jpg 189 1355.99 1241.91 1183.4 1160.48 345.18 162.87
6914068016535_camera1-13.jpg 189 1252.31 1153.12 1094.63 987.41 315.35 331.42
6914068016535_camera1-16.jpg 189 1264.36 1160.3 1076.83 988.92 375.05 342.75
6914068016535_camera1-17.jpg 189 1273.38 1159.9 1084.82 997.38 377.13 325.04
6914068016535_camera1-14.jpg 189 1256.1 1156.15 1084.65 985.15 342.9 342.01
6914068016535_camera1-15.jpg 189 1260.51 1159.03 1078.71 988.18 363.59 341.71
6914068016535_camera1-1.jpg 189 1247.01 1099.91 1086.28 986.51 321.47 226.81
6914068016535_camera1-10.jpg 189 1229.37 1144.01 1099.14 989.82 260.45 308.37
6914068016535_camera0-8.jpg 189 1356.42 1239.83 1172.02 1160.65 368.8 158.35
6914068016535_camera1-11.jpg 189 1240.68 1145.35 1122.43 996.89 236.49 296.91
6914068016535_camera1-19.jpg 189 1279.23 1154.4 1103.46 1013.98 351.54 280.84
6914068016535_camera1-18.jpg 189 1274.35 1157.92 1089.89 1005.61 368.92 304.63
6914068016535_camera1-12.jpg 189 1246.8 1151.13 1112.38 995.49 268.84 311.29
6914068016535_camera1-20.jpg 189 1286.36 1151.96 1117.59 1022.78 337.54 258.37
6914068016535_camera1-21.jpg 189 1296.66 1148.28 1138.39 1030.03 316.54 236.5
6914068016535_camera1-22.jpg 189 1297.43 1144.29 1122.88 1007.14 349.1 274.29
6914068016535_camera1-25.jpg 189 1305.83 1139.25 1119.2 974.05 373.26 330.4
6914068016535_camera1-32.jpg 189 1300.62 1108.53 1159.21 955.01 282.83 307.04
6914068016535_camera1-24.jpg 189 1306.16 1144.14 1115.71 985.37 380.91 317.55
6914068016535_camera1-2.jpg 189 1247.03 1106.71 1082.06 985.85 329.94 241.73
6914068016535_camera1-27.jpg 189 1305.34 1132.3 1132.55 962.19 345.58 340.22
6914068016535_camera1-30.jpg 189 1298.43 1115.15 1178.6 968.36 239.67 293.59
6914068016535_camera1-35.jpg 189 1286.74 1105.24 1113.91 942.72 345.65 325.03
6914068016535_camera1-26.jpg 189 1306.34 1132.97 1124.17 959.74 364.33 346.47
6914068016535_camera1-36.jpg 189 1278.58 1100.8 1099.3 932.97 358.55 335.65
6914068016535_camera1-23.jpg 189 1297.82 1147.05 1122.57 1000.75 350.51 292.59
6914068016535_camera1-28.jpg 189 1304.99 1122.86 1142.02 953.01 325.95 339.69
6914068016535_camera1-33.jpg 189 1295.64 1101.67 1136.44 934.81 318.41 333.72
6914068016535_camera1-37.jpg 189 1274.11 1099.86 1097.29 944.68 353.63 310.35
6914068016535_camera1-31.jpg 189 1305.74 1107.4 1187.32 962.8 236.85 289.2
6914068016535_camera1-29.jpg 189 1301.57 1119.45 1157.72 956.53 287.7 325.84
6914068016535_camera1-34.jpg 189 1287.77 1102.02 1119.0 932.92 337.54 338.21
6914068016535_camera1-4.jpg 189 1238.13 1115.48 1053.95 964.34 368.37 302.28
6914068016535_camera1-3.jpg 189 1241.76 1111.48 1064.95 977.06 353.62 268.84
6914068016535_camera1-39.jpg 189 1252.04 1097.82 1075.99 957.75 352.09 280.14
6914068016535_camera1-40.jpg 189 1244.84 1097.38 1084.44 977.09 320.79 240.59
6914068016535_camera1-8.jpg 189 1226.28 1138.04 1069.22 976.73 314.12 322.61
6914068016535_camera1-5.jpg 189 1229.65 1122.13 1043.02 959.54 373.27 325.18
6914068016535_camera1-7.jpg 189 1227.45 1131.76 1052.2 965.99 350.51 331.54
6914068016535_camera1-9.jpg 189 1226.64 1142.41 1082.48 981.45 288.32 321.92
6914068016535_camera1-38.jpg 189 1258.99 1099.45 1074.53 948.29 368.92 302.33
6914068016535_camera1-6.jpg 189 1227.56 1126.76 1045.12 961.5 364.88 330.53
6914068016535_camera2-13.jpg 189 1207.2 810.2 1039.64 665.17 335.11 290.07
6914068016535_camera2-10.jpg 189 1197.12 820.73 1041.63 701.65 310.97 238.15
6914068016535_camera2-11.jpg 189 1201.29 815.32 1053.59 708.83 295.41 212.97
6914068016535_camera2-14.jpg 189 1211.98 806.07 1039.38 649.93 345.2 312.28
6914068016535_camera2-12.jpg 189 1203.96 813.95 1044.42 689.53 319.08 248.85
6914068016535_camera2-15.jpg 189 1212.39 800.55 1042.95 637.34 338.89 326.42
6914068016535_camera2-17.jpg 189 1213.32 786.21 1057.92 613.47 310.79 345.47
6914068016535_camera2-1.jpg 189 1153.49 809.56 1047.22 662.67 212.53 293.79
6914068016535_camera2-18.jpg 189 1216.14 782.47 1065.74 611.79 300.8 341.37
6914068016535_camera2-16.jpg 189 1215.31 796.01 1046.97 627.25 336.68 337.52
6914068016535_camera2-22.jpg 189 1208.14 764.02 1084.81 606.67 246.67 314.71
6914068016535_camera2-23.jpg 189 1201.68 760.89 1061.2 592.09 280.97 337.61
6914068016535_camera2-19.jpg 189 1213.38 777.14 1075.9 613.32 274.95 327.65
6914068016535_camera2-26.jpg 189 1186.13 753.75 1016.67 582.65 338.92 342.19
6914068016535_camera2-21.jpg 189 1212.61 767.78 1110.75 623.48 203.72 288.6
6914068016535_camera2-24.jpg 189 1198.69 757.71 1045.55 584.64 306.29 346.14
6914068016535_camera2-2.jpg 189 1155.49 810.2 1034.78 656.11 241.43 308.17
6914068016535_camera2-29.jpg 189 1168.86 753.09 1002.76 613.78 332.19 278.61
6914068016535_camera2-31.jpg 189 1160.26 756.89 1012.76 651.74 294.99 210.31
6914068016535_camera2-30.jpg 189 1161.34 753.6 1006.38 633.37 309.92 240.45
6914068016535_camera2-28.jpg 189 1174.82 752.99 1004.24 599.14 341.15 307.69
6914068016535_camera2-20.jpg 189 1215.04 773.16 1092.52 616.68 245.03 312.97
6914068016535_camera2-27.jpg 189 1181.45 752.31 1009.62 588.52 343.67 327.59
6914068016535_camera2-25.jpg 189 1192.48 754.98 1030.04 582.85 324.89 344.25
6914068016535_camera2-38.jpg 189 1143.05 791.72 986.5 620.26 313.09 342.91
6914068016535_camera2-32.jpg 189 1153.91 762.7 991.7 631.79 324.42 261.83
6914068016535_camera2-4.jpg 189 1163.37 817.9 1013.33 648.06 300.07 339.69
6914068016535_camera2-35.jpg 189 1145.77 774.88 972.08 611.92 347.37 325.93
6914068016535_camera2-3.jpg 189 1158.8 816.85 1019.49 649.29 278.62 335.11
6914068016535_camera2-34.jpg 189 1149.84 770.73 980.04 617.21 339.59 307.04
6914068016535_camera2-7.jpg 189 1178.44 824.9 1006.1 659.7 344.69 330.4
6914068016535_camera2-39.jpg 189 1146.74 797.46 1007.05 633.34 279.38 328.24
6914068016535_camera2-36.jpg 189 1146.11 780.22 978.83 614.41 334.56 331.62
6914068016535_camera2-33.jpg 189 1152.55 766.53 981.56 622.26 341.98 288.54
6914068016535_camera2-37.jpg 189 1144.91 786.31 982.4 616.52 325.03 339.59
6914068016535_camera2-5.jpg 189 1168.92 822.94 1003.66 646.22 330.53 353.43
6914068016535_camera2-6.jpg 189 1175.47 823.16 1004.7 653.7 341.54 338.92
6914068016535_camera2-40.jpg 189 1145.28 809.25 1030.39 659.19 229.77 300.12
6914068016535_camera2-8.jpg 189 1183.95 821.62 1017.82 678.21 332.26 286.82
6914068016535_camera3-10.jpg 189 1408.3 1325.34 1258.38 1207.72 299.84 235.23
6914068016535_camera2-9.jpg 189 1191.28 822.47 1033.13 688.82 316.29 267.3
6914068016535_camera3-12.jpg 189 1406.64 1331.97 1225.25 1207.72 362.79 248.49
6914068016535_camera3-11.jpg 189 1405.82 1327.83 1240.16 1209.38 331.32 236.89
6914068016535_camera3-14.jpg 189 1403.73 1325.19 1214.7 1209.48 378.06 231.42
6914068016535_camera3-13.jpg 189 1403.34 1326.16 1221.94 1206.06 362.79 240.2
6914068016535_camera3-19.jpg 189 1399.43 1321.57 1233.26 1224.28 332.34 194.57
6914068016535_camera3-16.jpg 189 1393.67 1326.1 1202.34 1215.11 382.67 221.98
6914068016535_camera3-22.jpg 189 1390.68 1321.28 1200.29 1209.02 380.78 224.51
6914068016535_camera3-20.jpg 189 1385.94 1322.85 1203.72 1216.0 364.45 213.7
6914068016535_camera3-1.jpg 189 1402.58 1333.01 1214.39 1229.01 376.38 208.0
6914068016535_camera3-17.jpg 189 1393.74 1322.19 1211.52 1217.0 364.45 210.39
6914068016535_camera3-18.jpg 189 1392.17 1318.93 1223.76 1224.99 336.82 187.88
6914068016535_camera3-15.jpg 189 1404.05 1322.32 1212.62 1207.56 382.86 229.51
6914068016535_camera3-21.jpg 189 1394.49 1322.14 1204.92 1213.5 379.13 217.29
6914068016535_camera3-23.jpg 189 1386.22 1324.49 1195.74 1210.32 380.97 228.35
6914068016535_camera3-24.jpg 189 1381.33 1327.12 1196.74 1210.68 369.18 232.87
6914068016535_camera3-25.jpg 189 1380.25 1326.84 1203.79 1209.8 352.93 234.07
6914068016535_camera3-29.jpg 189 1390.6 1327.18 1268.27 1217.33 244.66 219.7
6914068016535_camera3-33.jpg 189 1392.62 1330.89 1210.3 1217.48 364.64 226.83
6914068016535_camera3-28.jpg 189 1375.98 1325.14 1247.83 1215.05 256.31 220.19
6914068016535_camera3-26.jpg 189 1378.45 1327.34 1213.18 1213.99 330.54 226.69
6914068016535_camera3-32.jpg 189 1391.45 1331.61 1217.86 1218.01 347.19 227.19
6914068016535_camera3-30.jpg 189 1390.55 1328.77 1247.61 1217.49 285.89 222.55
6914068016535_camera3-34.jpg 189 1393.53 1331.76 1203.84 1218.79 379.38 225.95
6914068016535_camera3-31.jpg 189 1389.91 1327.88 1224.27 1212.11 331.29 231.55
6914068016535_camera3-38.jpg 189 1385.58 1327.83 1215.19 1236.24 340.78 183.17
6914068016535_camera3-27.jpg 189 1376.6 1326.72 1226.58 1211.98 300.04 229.49
6914068016535_camera3-2.jpg 189 1403.34 1333.11 1212.84 1226.07 381.0 214.07
6914068016535_camera3-36.jpg 189 1384.68 1328.41 1197.4 1225.73 374.55 205.37
6914068016535_camera3-35.jpg 189 1387.13 1330.53 1195.81 1222.84 382.64 215.38
6914068016535_camera3-37.jpg 189 1385.95 1328.0 1202.75 1227.57 366.4 200.87
6914068016535_camera3-39.jpg 189 1402.46 1329.82 1234.5 1238.93 335.92 181.77
6914068016535_camera3-4.jpg 189 1401.47 1334.31 1207.97 1220.57 387.01 227.48
6914068016535_camera3-3.jpg 189 1402.21 1332.62 1208.18 1219.72 388.06 225.79
6914068016535_camera3-7.jpg 189 1399.73 1329.91 1250.02 1218.07 299.42 223.69
6914068016535_camera3-6.jpg 189 1400.71 1332.93 1232.83 1218.18 335.76 229.49
6914068016535_camera3-8.jpg 189 1400.41 1328.16 1272.26 1220.39 256.31 215.53
6914068016535_camera3-40.jpg 189 1401.41 1334.72 1215.95 1231.86 370.92 205.72
6914068016535_camera3-5.jpg 189 1401.32 1332.19 1223.07 1219.77 356.51 224.85
6914068016535_camera3-9.jpg 189 1414.14 1327.5 1292.17 1218.37 243.95 218.27
