6907777821903-back_camera0-11.jpg 19 1471.01 1109.8 1087.69 986.91 766.63 245.77
6907777821903-back_camera0-10.jpg 19 1386.25 1102.41 1008.86 991.2 754.78 222.42
6907777821903-back_camera0-12.jpg 19 1521.0 1118.09 1103.82 992.93 834.37 250.31
6907777821903-back_camera0-16.jpg 19 1485.34 1119.92 917.13 984.08 1136.41 271.68
6907777821903-back_camera0-13.jpg 19 1514.97 1116.0 1055.93 981.84 918.07 268.32
6907777821903-back_camera0-15.jpg 19 1503.13 1116.0 961.23 976.58 1083.8 278.84
6907777821903-back_camera0-14.jpg 19 1492.61 1117.32 984.91 979.21 1015.4 276.21
6907777821903-back_camera0-18.jpg 19 1433.33 1115.68 859.88 994.06 1146.9 243.24
6907777821903-back_camera0-17.jpg 19 1454.8 1118.74 876.25 992.54 1157.09 252.4
6907777821903-back_camera0-20.jpg 19 1424.22 1108.11 858.64 987.1 1131.15 242.01
6907777821903-back_camera0-19.jpg 19 1411.47 1115.24 852.87 998.57 1117.2 233.34
6907777821903-back_camera0-21.jpg 19 1451.37 1101.7 890.62 1003.96 1121.5 195.48
6907777821903-back_camera0-22.jpg 19 1477.65 1090.84 927.33 1001.74 1100.64 178.19
6907777821903-back_camera0-23.jpg 19 1463.29 1083.3 896.09 991.84 1134.4 182.92
6907777821903-back_camera0-25.jpg 19 1414.21 1090.18 851.17 982.91 1126.09 214.55
6907777821903-back_camera0-26.jpg 19 1392.15 1090.08 841.97 976.64 1100.37 226.88
6907777821903-back_camera0-1.jpg 19 1415.24 1090.67 865.06 1019.06 1100.37 143.22
6907777821903-back_camera0-27.jpg 19 1369.1 1092.35 850.82 973.94 1036.56 236.81
6907777821903-back_camera0-24.jpg 19 1436.05 1080.49 861.27 979.21 1149.56 202.55
6907777821903-back_camera0-30.jpg 19 1360.87 1091.95 990.77 974.26 740.2 235.39
6907777821903-back_camera0-29.jpg 19 1349.24 1094.95 921.77 973.95 854.94 242.01
6907777821903-back_camera0-2.jpg 19 1444.75 1094.66 892.97 1013.49 1103.56 162.34
6907777821903-back_camera0-28.jpg 19 1356.44 1094.04 883.3 974.1 946.28 239.88
6907777821903-back_camera0-33.jpg 19 1477.88 1098.23 1010.55 985.19 934.67 226.07
6907777821903-back_camera0-32.jpg 19 1478.6 1093.42 1069.0 979.78 819.2 227.29
6907777821903-back_camera0-31.jpg 19 1438.12 1094.24 1064.56 979.11 747.12 230.26
6907777821903-back_camera0-35.jpg 19 1452.03 1104.81 907.52 994.91 1089.03 219.79
6907777821903-back_camera0-37.jpg 19 1409.74 1104.16 837.59 1000.25 1144.3 207.82
6907777821903-back_camera0-38.jpg 19 1387.41 1110.27 821.19 1013.97 1132.43 192.59
6907777821903-back_camera0-36.jpg 19 1425.53 1104.16 863.9 992.36 1123.26 223.6
6907777821903-back_camera0-34.jpg 19 1462.45 1101.1 951.84 988.24 1021.23 225.71
6907777821903-back_camera0-3.jpg 19 1447.39 1088.92 867.55 1013.65 1159.69 150.54
6907777821903-back_camera0-39.jpg 19 1372.92 1109.41 800.77 1013.4 1144.3 192.03
6907777821903-back_camera0-40.jpg 19 1395.28 1101.53 832.33 1016.04 1125.89 170.99
6907777821903-back_camera0-7.jpg 19 1373.24 1088.86 848.29 997.24 1049.89 183.24
6907777821903-back_camera0-5.jpg 19 1405.8 1091.01 837.59 989.73 1136.41 202.55
6907777821903-back_camera0-4.jpg 19 1418.11 1084.4 848.29 1002.38 1139.64 164.04
6907777821903-back_camera0-6.jpg 19 1391.3 1087.67 827.65 1001.0 1127.3 173.34
6907777821903-back_camera0-9.jpg 19 1375.55 1097.59 948.08 976.58 854.94 242.01
6907777821903-back_camera1-10.jpg 19 1244.4 1227.72 884.58 836.47 719.64 782.5
6907777821903-back_camera1-12.jpg 19 1349.3 1234.65 983.78 827.9 731.04 813.5
6907777821903-back_camera0-8.jpg 19 1384.76 1098.9 900.73 989.73 968.05 218.34
6907777821903-back_camera1-11.jpg 19 1290.58 1218.78 963.3 857.56 654.56 722.44
6907777821903-back_camera1-15.jpg 19 1356.44 1227.06 871.12 789.4 970.65 875.32
6907777821903-back_camera1-14.jpg 19 1359.76 1239.63 903.36 802.96 912.81 873.35
6907777821903-back_camera1-16.jpg 19 1347.93 1214.65 829.7 792.44 1036.45 844.42
6907777821903-back_camera1-17.jpg 19 1335.57 1211.07 806.02 806.75 1059.09 808.64
6907777821903-back_camera1-13.jpg 19 1353.12 1235.84 942.01 815.64 822.21 840.4
6907777821903-back_camera1-18.jpg 19 1326.88 1187.03 798.14 805.59 1057.49 762.87
6907777821903-back_camera1-1.jpg 19 1237.99 1153.8 745.25 921.67 985.48 464.26
6907777821903-back_camera1-20.jpg 19 1308.23 1157.62 817.29 872.26 981.89 570.71
6907777821903-back_camera1-19.jpg 19 1324.26 1189.65 803.4 847.68 1041.71 683.95
6907777821903-back_camera1-21.jpg 19 1338.4 1145.22 846.02 901.81 984.76 486.83
6907777821903-back_camera1-25.jpg 19 1317.45 1168.76 794.41 784.51 1046.09 768.51
6907777821903-back_camera1-24.jpg 19 1330.84 1164.66 798.14 802.96 1065.39 723.41
6907777821903-back_camera1-23.jpg 19 1343.91 1161.42 824.21 834.57 1039.4 653.7
6907777821903-back_camera1-27.jpg 19 1286.1 1169.64 803.77 762.46 964.66 814.37
6907777821903-back_camera1-22.jpg 19 1366.34 1159.39 861.27 879.24 1010.14 560.31
6907777821903-back_camera1-26.jpg 19 1292.44 1175.94 791.82 765.63 1001.24 820.63
6907777821903-back_camera1-28.jpg 19 1269.02 1171.65 821.31 755.39 895.43 832.53
6907777821903-back_camera1-31.jpg 19 1284.79 1152.82 961.23 787.17 647.12 731.3
6907777821903-back_camera1-2.jpg 19 1276.61 1161.99 784.56 911.01 984.09 501.97
6907777821903-back_camera1-29.jpg 19 1254.54 1167.3 871.79 766.13 765.5 802.33
6907777821903-back_camera1-33.jpg 19 1319.87 1161.54 928.41 773.14 782.91 776.8
6907777821903-back_camera1-32.jpg 19 1321.12 1153.66 983.84 783.85 674.56 739.62
6907777821903-back_camera1-30.jpg 19 1266.38 1158.09 911.25 766.13 710.26 783.91
6907777821903-back_camera1-34.jpg 19 1306.9 1173.42 865.68 769.17 882.45 808.51
6907777821903-back_camera1-36.jpg 19 1271.64 1176.5 766.57 774.02 1010.14 804.96
6907777821903-back_camera1-35.jpg 19 1286.11 1163.35 795.5 758.24 981.21 810.22
6907777821903-back_camera1-40.jpg 19 1225.4 1156.14 731.58 906.34 987.64 499.61
6907777821903-back_camera1-3.jpg 19 1270.88 1176.07 759.56 873.7 1022.65 604.73
6907777821903-back_camera1-39.jpg 19 1229.59 1161.62 716.85 853.13 1025.48 616.99
6907777821903-back_camera1-4.jpg 19 1261.12 1192.28 737.63 845.05 1046.97 694.47
6907777821903-back_camera1-38.jpg 19 1246.15 1166.41 721.12 821.43 1050.06 689.97
6907777821903-back_camera1-5.jpg 19 1253.72 1204.23 727.41 826.41 1052.62 755.64
6907777821903-back_camera1-37.jpg 19 1264.66 1175.42 739.59 801.68 1050.13 747.49
6907777821903-back_camera1-6.jpg 19 1229.56 1226.48 716.59 821.37 1025.93 810.22
6907777821903-back_camera1-8.jpg 19 1226.11 1232.88 749.45 816.89 953.32 831.99
6907777821903-back_camera1-7.jpg 19 1234.81 1238.32 740.26 816.11 989.1 844.42
6907777821903-back_camera2-10.jpg 19 1304.83 870.05 860.14 553.68 889.38 632.75
6907777821903-back_camera2-15.jpg 19 1288.74 846.36 808.66 411.0 960.16 870.72
6907777821903-back_camera1-9.jpg 19 1236.08 1234.4 816.81 823.95 838.54 820.91
6907777821903-back_camera2-13.jpg 19 1301.89 853.13 839.62 495.8 924.54 714.67
6907777821903-back_camera2-14.jpg 19 1299.77 840.63 823.78 436.41 951.98 808.44
6907777821903-back_camera2-16.jpg 19 1286.11 845.05 821.81 371.54 928.6 947.01
6907777821903-back_camera2-12.jpg 19 1306.03 855.72 857.94 528.93 896.17 653.58
6907777821903-back_camera2-11.jpg 19 1295.32 870.03 863.9 597.77 862.83 544.53
6907777821903-back_camera2-17.jpg 19 1281.95 832.45 840.95 357.42 882.0 950.06
6907777821903-back_camera2-1.jpg 19 1259.17 918.32 985.05 500.4 548.24 835.84
6907777821903-back_camera2-22.jpg 19 1260.32 829.49 937.9 375.22 644.83 908.53
6907777821903-back_camera2-19.jpg 19 1267.7 837.15 890.21 368.91 754.98 936.49
6907777821903-back_camera2-18.jpg 19 1273.95 835.44 852.93 363.45 842.04 943.98
6907777821903-back_camera2-21.jpg 19 1258.49 833.2 992.8 416.26 531.38 833.89
6907777821903-back_camera2-20.jpg 19 1264.2 832.5 958.98 393.27 610.45 878.45
6907777821903-back_camera2-23.jpg 19 1254.54 837.15 879.68 366.28 749.72 941.75
6907777821903-back_camera2-24.jpg 19 1245.64 836.0 844.44 362.65 802.4 946.7
6907777821903-back_camera2-28.jpg 19 1225.2 853.75 749.33 443.63 951.74 820.23
6907777821903-back_camera2-27.jpg 19 1228.68 849.31 753.72 402.74 949.93 893.13
6907777821903-back_camera2-2.jpg 19 1275.7 908.15 980.4 470.58 590.6 875.14
6907777821903-back_camera2-25.jpg 19 1236.91 840.36 798.05 365.82 877.72 949.08
6907777821903-back_camera2-30.jpg 19 1221.07 865.14 772.57 544.53 897.0 641.23
6907777821903-back_camera2-26.jpg 19 1229.78 845.49 763.17 388.06 933.21 914.86
6907777821903-back_camera2-31.jpg 19 1221.28 865.07 803.6 602.2 835.35 525.73
6907777821903-back_camera2-34.jpg 19 1234.28 889.78 760.67 492.03 947.23 795.5
6907777821903-back_camera2-35.jpg 19 1239.56 893.63 765.1 445.34 948.92 896.59
6907777821903-back_camera2-29.jpg 19 1220.67 860.71 760.05 520.09 921.24 681.23
6907777821903-back_camera2-32.jpg 19 1229.65 871.74 791.46 574.16 876.39 595.17
6907777821903-back_camera2-33.jpg 19 1229.82 882.08 770.38 529.7 918.87 704.75
6907777821903-back_camera2-38.jpg 19 1245.49 910.16 840.23 438.87 810.53 942.59
6907777821903-back_camera2-37.jpg 19 1242.62 905.06 799.49 427.9 886.25 954.32
6907777821903-back_camera2-36.jpg 19 1236.23 898.68 767.78 442.97 936.9 911.43
6907777821903-back_camera2-40.jpg 19 1250.24 905.75 956.35 475.25 587.79 861.01
6907777821903-back_camera2-4.jpg 19 1289.87 906.31 897.79 430.69 784.16 951.24
6907777821903-back_camera2-39.jpg 19 1247.74 915.42 878.66 448.28 738.17 934.28
6907777821903-back_camera2-3.jpg 19 1284.74 904.32 936.01 439.03 697.47 930.58
6907777821903-back_camera2-5.jpg 19 1294.0 902.65 862.22 425.49 863.56 954.32
6907777821903-back_camera2-7.jpg 19 1300.36 894.62 827.64 455.1 945.44 879.03
6907777821903-back_camera2-8.jpg 19 1300.21 888.0 822.9 472.53 954.63 830.94
6907777821903-back_camera2-6.jpg 19 1300.03 895.89 832.68 435.16 934.7 921.47
6907777821903-back_camera2-9.jpg 19 1299.55 881.99 834.92 505.37 929.26 753.24
6907777821903-back_camera3-12.jpg 19 1489.76 1488.84 1017.99 1244.63 943.53 488.42
6907777821903-back_camera3-10.jpg 19 1409.26 1462.75 1030.96 1245.67 756.59 434.15
6907777821903-back_camera3-13.jpg 19 1488.32 1487.51 982.7 1242.0 1011.24 491.03
6907777821903-back_camera3-14.jpg 19 1481.55 1486.14 940.09 1241.83 1082.91 488.63
6907777821903-back_camera3-16.jpg 19 1455.8 1472.75 891.54 1242.44 1128.52 460.62
6907777821903-back_camera3-15.jpg 19 1475.24 1483.45 916.44 1243.45 1117.61 480.01
6907777821903-back_camera3-11.jpg 19 1483.24 1479.56 1087.59 1253.59 791.3 451.94
6907777821903-back_camera3-17.jpg 19 1442.91 1460.68 887.11 1249.2 1111.6 422.97
6907777821903-back_camera3-19.jpg 19 1430.55 1437.78 888.41 1258.67 1084.28 358.22
6907777821903-back_camera3-18.jpg 19 1431.51 1447.85 882.1 1247.39 1098.82 400.92
6907777821903-back_camera3-21.jpg 19 1489.63 1430.52 948.76 1283.72 1081.75 293.59
6907777821903-back_camera3-23.jpg 19 1444.32 1452.47 878.54 1252.53 1131.57 399.88
6907777821903-back_camera3-20.jpg 19 1461.72 1422.23 908.77 1273.74 1105.89 296.98
6907777821903-back_camera3-22.jpg 19 1464.47 1445.46 899.51 1259.5 1129.93 371.93
6907777821903-back_camera3-1.jpg 19 1380.53 1435.06 832.47 1298.87 1096.11 272.38
6907777821903-back_camera3-27.jpg 19 1366.22 1456.75 886.23 1227.74 959.99 458.02
6907777821903-back_camera3-25.jpg 19 1404.31 1458.38 859.85 1232.11 1088.92 452.54
6907777821903-back_camera3-24.jpg 19 1423.89 1452.36 867.79 1237.78 1112.21 429.15
6907777821903-back_camera3-26.jpg 19 1375.17 1457.03 879.03 1227.6 992.29 458.87
6907777821903-back_camera3-2.jpg 19 1381.51 1450.16 835.75 1288.77 1091.53 322.78
6907777821903-back_camera3-28.jpg 19 1352.94 1453.23 929.4 1229.08 847.09 448.3
6907777821903-back_camera3-30.jpg 19 1401.86 1442.18 1040.15 1237.0 723.41 410.37
6907777821903-back_camera3-31.jpg 19 1454.19 1430.68 1081.66 1235.0 745.06 391.37
6907777821903-back_camera3-32.jpg 19 1449.67 1441.17 1018.75 1236.32 861.84 409.71
6907777821903-back_camera3-29.jpg 19 1363.71 1446.13 1000.69 1223.85 726.04 444.57
6907777821903-back_camera3-33.jpg 19 1443.94 1444.82 961.23 1231.74 965.42 426.15
6907777821903-back_camera3-36.jpg 19 1372.71 1448.49 809.06 1250.91 1127.3 395.16
6907777821903-back_camera3-39.jpg 19 1324.97 1440.71 782.72 1304.24 1084.51 272.95
6907777821903-back_camera3-34.jpg 19 1413.99 1446.84 893.83 1234.8 1040.33 424.08
6907777821903-back_camera3-38.jpg 19 1325.32 1443.18 776.82 1283.18 1097.0 320.01
6907777821903-back_camera3-35.jpg 19 1387.7 1450.27 831.93 1251.47 1111.55 397.59
6907777821903-back_camera3-40.jpg 19 1367.64 1424.25 815.23 1304.53 1104.83 239.44
6907777821903-back_camera3-4.jpg 19 1347.91 1464.76 793.69 1266.54 1108.45 396.44
6907777821903-back_camera3-3.jpg 19 1365.17 1458.83 810.16 1274.75 1110.03 368.16
6907777821903-back_camera3-37.jpg 19 1350.33 1445.93 790.01 1266.65 1120.63 358.55
6907777821903-back_camera3-7.jpg 19 1320.32 1478.92 822.65 1257.84 995.33 442.16
6907777821903-back_camera3-6.jpg 19 1321.38 1479.22 795.97 1255.37 1050.83 447.71
6907777821903-back_camera3-5.jpg 19 1339.85 1473.72 774.15 1262.24 1131.39 422.97
6907777821903-back_camera3-8.jpg 19 1323.14 1477.58 868.95 1254.65 908.38 445.86
6907777821903-back_camera3-9.jpg 19 1321.62 1473.76 929.66 1258.05 783.91 431.42
6907777821903_camera0-11.jpg 19 1388.99 1267.3 1005.24 1165.81 767.51 202.98
6907777821903_camera0-10.jpg 19 1341.35 1272.52 953.34 1155.46 776.02 234.12
6907777821903_camera0-12.jpg 19 1470.26 1272.52 1071.72 1160.72 797.07 223.6
6907777821903_camera0-13.jpg 19 1508.71 1267.37 1040.12 1169.84 937.19 195.05
6907777821903_camera0-14.jpg 19 1508.39 1262.0 1011.21 1158.09 994.36 207.82
6907777821903_camera0-15.jpg 19 1500.66 1258.29 957.97 1168.35 1085.38 179.88
6907777821903_camera0-17.jpg 19 1472.52 1262.08 884.2 1173.27 1176.64 177.61
6907777821903_camera0-16.jpg 19 1483.4 1263.31 903.36 1163.35 1160.09 199.92
6907777821903_camera0-20.jpg 19 1453.16 1255.42 890.21 1171.24 1125.89 168.36
6907777821903_camera0-21.jpg 19 1462.31 1259.74 899.89 1182.04 1124.84 155.41
6907777821903_camera0-1.jpg 19 1400.54 1271.2 848.12 1173.87 1104.84 194.66
6907777821903_camera0-18.jpg 19 1458.82 1261.9 867.72 1174.02 1182.19 175.76
6907777821903_camera0-19.jpg 19 1426.84 1259.37 829.7 1165.98 1194.28 186.77
6907777821903_camera0-22.jpg 19 1503.55 1260.54 941.42 1192.47 1124.27 136.13
6907777821903_camera0-24.jpg 19 1504.44 1255.42 924.4 1160.72 1160.09 189.4
6907777821903_camera0-25.jpg 19 1471.97 1269.03 898.71 1185.77 1146.51 166.51
6907777821903_camera0-27.jpg 19 1430.8 1263.32 890.21 1160.72 1081.17 205.19
6907777821903_camera0-26.jpg 19 1450.12 1265.73 887.17 1172.17 1125.89 187.12
6907777821903_camera0-23.jpg 19 1497.88 1268.57 934.93 1181.76 1125.89 173.62
6907777821903_camera0-28.jpg 19 1403.16 1268.57 884.94 1158.09 1036.45 220.97
6907777821903_camera0-2.jpg 19 1417.97 1264.53 863.74 1192.38 1108.45 144.3
6907777821903_camera0-29.jpg 19 1397.86 1264.54 942.91 1167.76 909.89 193.56
6907777821903_camera0-33.jpg 19 1499.18 1269.89 1063.82 1163.35 870.72 213.08
6907777821903_camera0-30.jpg 19 1391.06 1266.6 1003.34 1165.9 775.44 201.39
6907777821903_camera0-32.jpg 19 1508.39 1269.89 1121.7 1165.98 773.39 207.82
6907777821903_camera0-35.jpg 19 1472.48 1272.22 940.59 1172.32 1063.78 199.81
6907777821903_camera0-31.jpg 19 1430.88 1268.25 1062.2 1171.12 737.36 194.27
6907777821903_camera0-34.jpg 19 1481.86 1271.69 990.5 1173.83 982.72 195.73
6907777821903_camera0-36.jpg 19 1447.78 1269.42 888.68 1170.97 1118.2 196.9
6907777821903_camera0-37.jpg 19 1418.38 1268.22 854.64 1171.65 1127.48 193.14
6907777821903_camera0-38.jpg 19 1390.02 1269.88 850.75 1173.87 1078.54 192.03
6907777821903_camera0-39.jpg 19 1378.88 1268.08 812.8 1178.38 1132.15 179.4
6907777821903_camera0-40.jpg 19 1368.97 1269.89 811.29 1179.13 1115.37 181.51
6907777821903_camera0-3.jpg 19 1434.82 1260.41 881.8 1184.55 1106.04 151.73
6907777821903_camera0-6.jpg 19 1371.57 1263.56 797.41 1173.76 1148.32 179.6
6907777821903_camera0-4.jpg 19 1415.3 1261.18 840.42 1180.29 1149.76 161.78
6907777821903_camera0-5.jpg 19 1386.07 1264.62 800.77 1179.13 1170.61 170.99
6907777821903_camera0-7.jpg 19 1358.45 1261.99 795.5 1163.35 1125.89 197.29
6907777821903_camera1-10.jpg 19 1282.17 1192.44 950.76 813.84 662.83 757.2
6907777821903_camera0-9.jpg 19 1341.66 1263.11 872.66 1162.19 938.01 201.83
6907777821903_camera0-8.jpg 19 1347.16 1262.22 822.5 1166.77 1049.32 190.91
6907777821903_camera1-12.jpg 19 1337.53 1196.99 954.41 798.77 766.23 796.45
6907777821903_camera1-11.jpg 19 1322.4 1190.09 988.01 811.68 668.78 756.82
6907777821903_camera1-15.jpg 19 1330.76 1201.54 811.76 783.65 1038.01 835.78
6907777821903_camera1-13.jpg 19 1336.69 1205.47 874.9 779.35 923.59 852.23
6907777821903_camera1-16.jpg 19 1336.09 1194.91 806.03 787.17 1060.12 815.48
6907777821903_camera1-14.jpg 19 1335.88 1203.06 857.77 778.87 956.22 848.38
6907777821903_camera1-18.jpg 19 1304.49 1171.86 776.59 842.76 1055.79 658.2
6907777821903_camera1-1.jpg 19 1276.9 1126.52 782.35 876.61 989.1 499.81
6907777821903_camera1-19.jpg 19 1298.01 1153.57 792.38 868.13 1011.26 570.87
6907777821903_camera1-20.jpg 19 1331.6 1144.38 831.75 916.79 999.69 455.18
6907777821903_camera1-22.jpg 19 1351.59 1146.95 835.82 853.61 1031.54 586.68
6907777821903_camera1-21.jpg 19 1334.78 1143.62 821.81 895.03 1025.93 497.18
6907777821903_camera1-17.jpg 19 1309.79 1181.77 769.2 802.96 1081.17 757.61
6907777821903_camera1-24.jpg 19 1327.53 1157.3 796.0 800.92 1063.06 712.75
6907777821903_camera1-25.jpg 19 1310.75 1156.33 783.25 767.79 1055.0 777.07
6907777821903_camera1-26.jpg 19 1304.53 1162.04 806.03 755.61 996.99 812.85
6907777821903_camera1-23.jpg 19 1339.32 1151.99 810.21 808.35 1058.21 687.29
6907777821903_camera1-27.jpg 19 1287.42 1156.77 816.55 737.19 941.75 839.16
6907777821903_camera1-29.jpg 19 1272.33 1142.76 897.27 754.22 750.12 777.07
6907777821903_camera1-30.jpg 19 1293.99 1154.14 971.75 774.02 644.49 760.24
6907777821903_camera1-31.jpg 19 1343.08 1153.48 1021.96 779.24 642.23 748.48
6907777821903_camera1-2.jpg 19 1279.47 1139.67 767.54 851.89 1023.87 575.57
6907777821903_camera1-33.jpg 19 1327.11 1147.79 897.32 747.71 859.58 800.15
6907777821903_camera1-34.jpg 19 1311.1 1142.3 827.07 731.93 968.05 820.74
6907777821903_camera1-32.jpg 19 1338.85 1147.16 949.54 759.44 778.61 775.44
6907777821903_camera1-28.jpg 19 1277.69 1148.26 855.13 746.96 845.13 802.59
6907777821903_camera1-37.jpg 19 1261.12 1143.62 732.37 779.28 1057.49 728.67
6907777821903_camera1-38.jpg 19 1251.91 1133.09 724.48 784.54 1054.86 697.1
6907777821903_camera1-36.jpg 19 1274.63 1144.62 753.36 762.65 1042.55 763.94
6907777821903_camera1-39.jpg 19 1236.13 1130.46 721.85 831.89 1028.56 597.14
6907777821903_camera1-3.jpg 19 1270.89 1150.62 744.16 820.33 1053.47 660.58
6907777821903_camera1-35.jpg 19 1300.38 1146.88 785.65 749.13 1029.47 795.5
6907777821903_camera1-40.jpg 19 1246.64 1126.52 745.52 871.35 1002.25 510.33
6907777821903_camera1-8.jpg 19 1220.35 1196.23 769.2 763.5 902.29 865.46
6907777821903_camera1-5.jpg 19 1240.8 1181.99 711.16 779.2 1059.29 805.57
6907777821903_camera1-6.jpg 19 1233.66 1185.59 724.6 766.57 1018.13 838.04
6907777821903_camera1-7.jpg 19 1230.87 1194.91 742.89 771.39 975.95 847.05
6907777821903_camera2-10.jpg 19 1290.46 875.9 870.22 616.26 840.48 519.29
6907777821903_camera1-9.jpg 19 1230.87 1188.34 850.75 784.54 760.24 807.59
6907777821903_camera1-4.jpg 19 1255.8 1167.72 719.92 796.99 1071.76 741.47
6907777821903_camera2-12.jpg 19 1292.68 858.2 834.96 526.75 915.44 662.91
6907777821903_camera2-14.jpg 19 1294.94 858.45 812.11 433.76 965.66 849.38
6907777821903_camera2-16.jpg 19 1291.42 855.98 832.68 377.87 917.48 956.22
6907777821903_camera2-11.jpg 19 1296.63 872.67 866.53 587.25 860.2 570.84
6907777821903_camera2-13.jpg 19 1291.37 863.46 806.03 447.83 970.68 831.26
6907777821903_camera2-17.jpg 19 1291.11 844.33 867.89 357.56 846.43 973.54
6907777821903_camera2-15.jpg 19 1293.77 856.19 818.03 393.92 951.48 924.54
6907777821903_camera2-19.jpg 19 1278.22 841.11 948.08 392.59 660.28 897.03
6907777821903_camera2-18.jpg 19 1282.76 845.29 906.41 367.83 752.71 954.93
6907777821903_camera2-1.jpg 19 1259.8 900.29 961.23 460.98 597.14 878.61
6907777821903_camera2-21.jpg 19 1275.77 833.62 1004.6 414.98 542.33 837.28
6907777821903_camera2-23.jpg 19 1264.69 836.37 860.56 359.92 808.26 952.9
6907777821903_camera2-20.jpg 19 1271.64 838.47 1003.32 418.89 536.64 839.16
6907777821903_camera2-25.jpg 19 1254.22 834.02 797.26 355.78 913.93 956.48
6907777821903_camera2-22.jpg 19 1268.97 835.26 929.1 379.07 679.75 912.38
6907777821903_camera2-24.jpg 19 1262.43 842.41 834.96 361.02 854.94 962.79
6907777821903_camera2-29.jpg 19 1239.06 848.54 776.81 506.02 924.5 685.05
6907777821903_camera2-26.jpg 19 1249.45 838.48 769.34 388.77 960.23 899.42
6907777821903_camera2-27.jpg 19 1245.38 843.6 763.46 414.55 963.84 858.09
6907777821903_camera2-30.jpg 19 1233.5 859.52 806.03 574.1 854.94 570.84
6907777821903_camera2-2.jpg 19 1267.04 902.61 925.31 438.77 683.46 927.67
6907777821903_camera2-28.jpg 19 1241.88 842.72 760.65 454.83 962.45 775.78
6907777821903_camera2-31.jpg 19 1234.82 852.95 803.4 568.84 862.83 568.21
6907777821903_camera2-32.jpg 19 1237.09 859.8 778.64 508.17 916.89 703.26
6907777821903_camera2-34.jpg 19 1230.86 875.31 748.15 429.42 965.42 891.77
6907777821903_camera2-33.jpg 19 1231.57 867.57 755.8 477.86 951.54 779.42
6907777821903_camera2-35.jpg 19 1234.47 878.25 762.54 408.66 943.87 939.18
6907777821903_camera2-37.jpg 19 1240.07 888.45 813.92 413.63 852.31 949.64
6907777821903_camera2-36.jpg 19 1230.96 887.93 783.78 406.26 894.37 963.35
6907777821903_camera2-39.jpg 19 1242.03 889.98 896.38 423.89 691.3 932.18
6907777821903_camera2-38.jpg 19 1237.44 896.34 842.86 413.63 789.17 965.42
6907777821903_camera2-6.jpg 19 1278.93 898.64 801.62 443.53 954.63 910.23
6907777821903_camera2-40.jpg 19 1245.26 896.41 963.95 463.15 562.61 866.52
6907777821903_camera2-8.jpg 19 1286.07 893.88 807.96 499.03 956.22 789.71
6907777821903_camera2-3.jpg 19 1265.06 906.86 877.05 426.78 776.02 960.16
6907777821903_camera2-7.jpg 19 1284.19 895.23 799.94 461.32 968.5 867.82
6907777821903_camera2-5.jpg 19 1278.44 902.83 816.01 431.2 924.87 943.26
6907777821903_camera3-10.jpg 19 1459.73 1439.56 1061.19 1223.85 797.07 431.42
6907777821903_camera2-4.jpg 19 1273.65 903.39 841.66 424.23 863.98 958.33
6907777821903_camera3-11.jpg 19 1469.36 1440.19 1040.06 1231.75 858.6 416.89
6907777821903_camera2-9.jpg 19 1291.37 885.82 832.33 542.53 918.07 686.58
6907777821903_camera3-14.jpg 19 1457.33 1442.56 904.69 1225.31 1105.28 434.5
6907777821903_camera3-13.jpg 19 1461.89 1442.29 916.73 1220.26 1090.33 444.05
6907777821903_camera3-12.jpg 19 1472.88 1439.56 990.17 1221.22 965.42 436.68
6907777821903_camera3-15.jpg 19 1436.05 1440.87 861.27 1229.11 1149.56 423.52
6907777821903_camera3-16.jpg 19 1428.26 1433.81 850.56 1241.48 1155.39 384.66
6907777821903_camera3-18.jpg 19 1405.26 1414.86 856.52 1268.06 1097.48 293.59
6907777821903_camera3-19.jpg 19 1439.01 1415.39 881.02 1284.94 1115.97 260.91
6907777821903_camera3-1.jpg 19 1392.64 1418.52 840.22 1247.53 1104.84 341.98
6907777821903_camera3-21.jpg 19 1478.64 1420.16 926.4 1262.48 1104.48 315.36
6907777821903_camera3-20.jpg 19 1480.73 1421.94 933.64 1272.09 1094.18 299.71
6907777821903_camera3-17.jpg 19 1403.16 1419.83 829.7 1237.0 1146.93 365.65
6907777821903_camera3-23.jpg 19 1436.03 1419.97 877.27 1224.07 1117.51 391.8
6907777821903_camera3-25.jpg 19 1411.07 1424.24 893.98 1218.88 1034.18 410.71
6907777821903_camera3-22.jpg 19 1460.2 1418.56 893.12 1241.08 1134.17 354.96
6907777821903_camera3-26.jpg 19 1379.5 1421.14 887.58 1208.07 983.84 426.15
6907777821903_camera3-24.jpg 19 1428.33 1420.17 885.34 1222.22 1085.98 395.91
6907777821903_camera3-2.jpg 19 1380.28 1411.87 817.81 1240.64 1124.95 342.45
6907777821903_camera3-29.jpg 19 1395.99 1410.88 1034.66 1222.08 722.65 377.59
6907777821903_camera3-27.jpg 19 1366.34 1423.78 916.51 1208.07 899.66 431.42
6907777821903_camera3-31.jpg 19 1468.01 1418.85 1047.12 1220.89 841.78 395.91
6907777821903_camera3-28.jpg 19 1364.36 1415.89 982.53 1218.92 763.66 393.95
6907777821903_camera3-33.jpg 19 1426.84 1427.72 929.66 1213.33 994.36 428.78
6907777821903_camera3-30.jpg 19 1470.39 1416.61 1106.75 1227.71 727.28 377.79
6907777821903_camera3-32.jpg 19 1444.22 1420.74 980.54 1213.51 927.37 414.46
6907777821903_camera3-34.jpg 19 1393.97 1422.46 861.27 1213.33 1065.39 418.26
6907777821903_camera3-36.jpg 19 1364.94 1413.58 800.68 1229.03 1128.52 369.1
6907777821903_camera3-35.jpg 19 1389.26 1416.7 834.69 1218.94 1109.13 395.53
6907777821903_camera3-3.jpg 19 1353.19 1425.08 777.09 1234.37 1152.2 381.43
6907777821903_camera3-37.jpg 19 1343.72 1412.65 791.58 1243.56 1104.27 338.19
6907777821903_camera3-5.jpg 19 1325.73 1434.45 784.76 1216.08 1081.94 436.75
6907777821903_camera3-38.jpg 19 1333.2 1410.63 791.99 1257.11 1082.43 307.04
6907777821903_camera3-39.jpg 19 1359.76 1407.99 808.66 1265.94 1102.21 284.1
6907777821903_camera3-4.jpg 19 1341.24 1428.94 778.4 1221.76 1125.69 414.36
6907777821903_camera3-40.jpg 19 1387.76 1400.01 843.95 1266.72 1087.61 266.58
6907777821903_camera3-6.jpg 19 1313.73 1448.77 806.03 1215.96 1015.4 465.61
6907777821903_camera3-7.jpg 19 1312.87 1442.52 838.5 1219.61 948.74 445.83
6907777821903_camera3-9.jpg 19 1369.94 1445.28 993.77 1235.98 752.34 418.6
6907777821903_camera3-8.jpg 19 1307.15 1447.45 884.94 1218.59 844.42 457.72
