6922868282265-back_camera0-11.jpg 190 1441.72 1056.98 1307.68 975.66 268.07 162.64
6922868282265-back_camera0-13.jpg 190 1440.66 1056.15 1271.4 975.26 338.53 161.78
6922868282265-back_camera0-12.jpg 190 1443.51 1056.96 1294.9 974.15 297.21 165.63
6922868282265-back_camera0-10.jpg 190 1428.99 1058.12 1286.44 975.46 285.1 165.33
6922868282265-back_camera0-16.jpg 190 1426.93 1057.41 1224.87 975.13 404.13 164.56
6922868282265-back_camera0-17.jpg 190 1421.62 1056.77 1221.14 974.35 400.97 164.84
6922868282265-back_camera0-15.jpg 190 1431.88 1057.12 1238.56 975.68 386.65 162.88
6922868282265-back_camera0-14.jpg 190 1436.47 1056.26 1252.94 973.66 367.05 165.2
6922868282265-back_camera0-25.jpg 190 1421.16 1061.74 1218.3 975.71 405.72 172.05
6922868282265-back_camera0-18.jpg 190 1419.06 1056.66 1222.62 975.77 392.88 161.78
6922868282265-back_camera0-22.jpg 190 1427.97 1056.57 1240.07 976.58 375.81 159.97
6922868282265-back_camera0-24.jpg 190 1421.84 1061.58 1215.67 972.97 412.33 177.22
6922868282265-back_camera0-20.jpg 190 1412.16 1055.48 1234.61 976.25 355.1 158.47
6922868282265-back_camera0-1.jpg 190 1446.62 1059.08 1271.81 975.87 349.61 166.41
6922868282265-back_camera0-21.jpg 190 1422.65 1055.87 1246.94 978.46 351.43 154.81
6922868282265-back_camera0-19.jpg 190 1414.35 1054.39 1220.08 971.95 388.54 164.88
6922868282265-back_camera0-26.jpg 190 1420.1 1062.93 1222.19 973.86 395.81 178.15
6922868282265-back_camera0-23.jpg 190 1425.6 1059.17 1223.31 971.77 404.57 174.8
6922868282265-back_camera0-30.jpg 190 1424.44 1061.51 1294.58 972.37 259.72 178.28
6922868282265-back_camera0-2.jpg 190 1449.35 1061.36 1258.89 980.44 380.91 161.83
6922868282265-back_camera0-28.jpg 190 1419.2 1062.67 1252.02 972.96 334.37 179.42
6922868282265-back_camera0-35.jpg 190 1443.16 1063.81 1238.78 972.08 408.77 183.46
6922868282265-back_camera0-31.jpg 190 1438.77 1061.2 1295.34 972.79 286.87 176.82
6922868282265-back_camera0-29.jpg 190 1419.18 1061.62 1266.08 969.37 306.21 184.51
6922868282265-back_camera0-27.jpg 190 1419.01 1061.84 1236.27 972.82 365.49 178.04
6922868282265-back_camera0-38.jpg 190 1442.65 1063.16 1241.43 975.89 402.44 174.55
6922868282265-back_camera0-32.jpg 190 1440.36 1061.28 1277.58 972.41 325.55 177.75
6922868282265-back_camera0-33.jpg 190 1439.55 1063.14 1255.2 971.41 368.69 183.46
6922868282265-back_camera0-37.jpg 190 1442.9 1063.26 1245.43 977.05 394.95 172.43
6922868282265-back_camera0-36.jpg 190 1444.4 1064.56 1237.12 975.2 414.56 178.71
6922868282265-back_camera0-34.jpg 190 1443.71 1063.21 1254.97 973.5 377.48 179.42
6922868282265-back_camera0-4.jpg 190 1443.12 1058.92 1236.96 977.44 412.33 162.97
6922868282265-back_camera0-40.jpg 190 1445.97 1063.48 1273.56 982.41 344.83 162.14
6922868282265-back_camera0-5.jpg 190 1440.44 1060.25 1233.83 978.32 413.22 163.86
6922868282265-back_camera0-6.jpg 190 1438.15 1060.3 1234.94 979.55 406.43 161.5
6922868282265-back_camera0-9.jpg 190 1430.0 1058.84 1268.22 977.77 323.55 162.14
6922868282265-back_camera0-3.jpg 190 1447.48 1060.82 1247.55 979.78 399.86 162.08
6922868282265-back_camera0-39.jpg 190 1442.15 1063.92 1259.82 980.04 364.66 167.77
6922868282265-back_camera1-10.jpg 190 1239.12 1144.13 1116.22 986.12 245.8 316.02
6922868282265-back_camera0-7.jpg 190 1435.78 1060.02 1241.91 978.01 387.73 164.02
6922868282265-back_camera1-12.jpg 190 1260.02 1147.61 1123.21 983.83 273.62 327.55
6922868282265-back_camera0-8.jpg 190 1432.19 1061.76 1250.07 977.6 364.24 168.32
6922868282265-back_camera1-11.jpg 190 1253.31 1144.71 1129.32 989.91 247.98 309.61
6922868282265-back_camera1-15.jpg 190 1272.17 1151.3 1087.38 974.52 369.58 353.55
6922868282265-back_camera1-16.jpg 190 1277.62 1150.67 1084.81 977.9 385.61 345.54
6922868282265-back_camera1-14.jpg 190 1267.53 1149.76 1097.77 978.99 339.53 341.53
6922868282265-back_camera1-13.jpg 190 1264.47 1149.51 1107.29 976.74 314.37 345.54
6922868282265-back_camera1-18.jpg 190 1284.72 1151.66 1093.48 994.21 382.48 314.91
6922868282265-back_camera1-1.jpg 190 1246.88 1105.84 1085.96 990.28 321.84 231.11
6922868282265-back_camera1-17.jpg 190 1279.89 1149.74 1085.62 982.57 388.54 334.34
6922868282265-back_camera1-19.jpg 190 1286.77 1147.95 1106.18 1006.4 361.17 283.11
6922868282265-back_camera1-21.jpg 190 1295.18 1140.79 1133.74 1018.27 322.89 245.03
6922868282265-back_camera1-20.jpg 190 1288.71 1145.27 1123.27 1018.71 330.89 253.12
6922868282265-back_camera1-22.jpg 190 1299.86 1140.1 1126.19 1003.82 347.34 272.56
6922868282265-back_camera1-24.jpg 190 1299.99 1133.5 1113.19 970.91 373.6 325.18
6922868282265-back_camera1-26.jpg 190 1298.97 1127.26 1121.79 957.35 354.37 339.81
6922868282265-back_camera1-23.jpg 190 1300.26 1136.84 1117.5 986.69 365.52 300.29
6922868282265-back_camera1-25.jpg 190 1299.83 1130.74 1115.97 960.63 367.71 340.23
6922868282265-back_camera1-28.jpg 190 1291.78 1117.26 1130.5 947.5 322.55 339.53
6922868282265-back_camera1-29.jpg 190 1289.33 1116.36 1145.89 951.65 286.87 329.42
6922868282265-back_camera1-27.jpg 190 1295.08 1124.85 1120.05 950.81 350.05 348.08
6922868282265-back_camera1-30.jpg 190 1288.39 1111.93 1164.4 954.93 247.98 314.01
6922868282265-back_camera1-31.jpg 190 1293.74 1105.46 1168.44 956.28 250.59 298.36
6922868282265-back_camera1-32.jpg 190 1289.19 1104.86 1147.48 947.72 283.42 314.27
6922868282265-back_camera1-2.jpg 190 1247.49 1109.46 1079.14 980.14 336.7 258.64
6922868282265-back_camera1-33.jpg 190 1283.13 1102.64 1125.12 938.91 316.02 327.47
6922868282265-back_camera1-36.jpg 190 1263.27 1103.03 1076.18 939.78 374.18 326.49
6922868282265-back_camera1-35.jpg 190 1271.34 1104.89 1086.1 936.13 370.47 337.52
6922868282265-back_camera1-34.jpg 190 1276.98 1105.13 1104.22 937.86 345.52 334.54
6922868282265-back_camera1-38.jpg 190 1248.03 1106.43 1061.77 958.34 372.51 296.18
6922868282265-back_camera1-3.jpg 190 1243.9 1114.59 1060.89 970.76 366.02 287.65
6922868282265-back_camera1-40.jpg 190 1242.05 1106.76 1074.88 977.75 334.34 258.01
6922868282265-back_camera1-37.jpg 190 1254.99 1102.88 1065.39 945.75 379.2 314.25
6922868282265-back_camera1-4.jpg 190 1241.14 1118.34 1052.05 964.57 378.19 307.54
6922868282265-back_camera1-39.jpg 190 1245.19 1105.59 1064.85 963.99 360.68 283.2
6922868282265-back_camera1-8.jpg 190 1237.53 1139.56 1075.75 968.3 323.55 342.52
6922868282265-back_camera2-10.jpg 190 1201.73 810.19 1049.8 695.92 303.86 228.54
6922868282265-back_camera1-7.jpg 190 1236.54 1136.12 1059.39 962.61 354.3 347.02
6922868282265-back_camera2-11.jpg 190 1202.25 808.61 1053.8 694.17 296.91 228.87
6922868282265-back_camera1-9.jpg 190 1238.08 1137.77 1090.7 973.5 294.76 328.54
6922868282265-back_camera2-14.jpg 190 1207.87 794.26 1038.02 637.01 339.69 314.5
6922868282265-back_camera1-5.jpg 190 1240.03 1125.25 1054.78 964.47 370.49 321.55
6922868282265-back_camera1-6.jpg 190 1235.7 1128.64 1051.28 960.33 368.84 336.63
6922868282265-back_camera2-13.jpg 190 1206.12 795.24 1043.85 651.44 324.55 287.6
6922868282265-back_camera2-1.jpg 190 1159.52 807.35 1047.69 657.73 223.66 299.23
6922868282265-back_camera2-17.jpg 190 1208.26 780.79 1049.48 608.75 317.56 344.09
6922868282265-back_camera2-19.jpg 190 1203.76 769.24 1067.67 600.82 272.17 336.84
6922868282265-back_camera2-16.jpg 190 1207.48 781.25 1042.4 610.52 330.15 341.47
6922868282265-back_camera2-20.jpg 190 1203.41 767.43 1086.44 612.42 233.94 310.03
6922868282265-back_camera2-15.jpg 190 1208.84 787.73 1036.33 616.74 345.03 341.98
6922868282265-back_camera2-21.jpg 190 1201.46 765.71 1094.04 621.91 214.84 287.6
6922868282265-back_camera2-12.jpg 190 1204.01 806.12 1047.12 681.56 313.78 249.12
6922868282265-back_camera2-18.jpg 190 1207.24 778.56 1055.03 605.05 304.42 347.02
6922868282265-back_camera2-22.jpg 190 1196.6 764.4 1072.06 608.19 249.08 312.42
6922868282265-back_camera2-24.jpg 190 1188.89 762.71 1031.71 588.6 314.37 348.21
6922868282265-back_camera2-27.jpg 190 1172.68 762.13 999.09 598.44 347.19 327.38
6922868282265-back_camera2-23.jpg 190 1192.04 761.89 1050.7 594.77 282.68 334.24
6922868282265-back_camera2-28.jpg 190 1166.67 764.15 992.63 611.87 348.08 304.57
6922868282265-back_camera2-25.jpg 190 1182.26 762.45 1015.77 589.12 332.97 346.66
6922868282265-back_camera2-30.jpg 190 1158.75 766.41 1004.96 647.57 307.57 237.67
6922868282265-back_camera2-26.jpg 190 1178.02 761.1 1001.87 589.87 352.3 342.46
6922868282265-back_camera2-35.jpg 190 1149.11 786.73 976.7 618.25 344.81 336.96
6922868282265-back_camera2-2.jpg 190 1164.76 810.37 1038.93 655.44 251.65 309.86
6922868282265-back_camera2-37.jpg 190 1155.4 797.53 998.76 625.06 313.28 344.95
6922868282265-back_camera2-34.jpg 190 1154.66 783.69 982.03 621.73 345.27 323.91
6922868282265-back_camera2-29.jpg 190 1162.84 762.82 996.3 627.45 333.07 270.73
6922868282265-back_camera2-31.jpg 190 1159.44 768.95 1010.93 657.25 297.02 223.4
6922868282265-back_camera2-39.jpg 190 1155.8 802.36 1019.99 636.27 271.62 332.18
6922868282265-back_camera2-32.jpg 190 1156.58 772.13 1000.37 642.46 312.42 259.35
6922868282265-back_camera2-38.jpg 190 1154.58 800.12 1009.54 630.27 290.07 339.69
6922868282265-back_camera2-36.jpg 190 1153.23 794.09 987.42 621.68 331.62 344.83
6922868282265-back_camera2-33.jpg 190 1156.04 778.33 990.39 631.77 331.29 293.12
6922868282265-back_camera2-3.jpg 190 1169.2 811.59 1024.54 643.82 289.32 335.53
6922868282265-back_camera2-40.jpg 190 1159.82 808.73 1042.55 653.37 234.53 310.71
6922868282265-back_camera2-4.jpg 190 1173.9 811.86 1019.39 638.64 309.03 346.43
6922868282265-back_camera2-5.jpg 190 1177.81 817.16 1012.36 645.48 330.89 343.36
6922868282265-back_camera2-6.jpg 190 1183.82 817.91 1012.5 648.43 342.63 338.96
6922868282265-back_camera2-8.jpg 190 1192.76 812.62 1021.17 662.48 343.19 300.29
6922868282265-back_camera3-12.jpg 190 1397.22 1322.24 1221.87 1206.11 350.7 232.27
6922868282265-back_camera3-10.jpg 190 1404.77 1321.48 1264.64 1213.27 280.26 216.43
6922868282265-back_camera2-9.jpg 190 1196.93 812.08 1032.81 676.58 328.24 270.99
6922868282265-back_camera2-7.jpg 190 1188.28 815.37 1016.15 655.07 344.27 320.6
6922868282265-back_camera3-11.jpg 190 1400.42 1323.06 1237.83 1207.79 325.18 230.53
6922868282265-back_camera3-16.jpg 190 1380.3 1323.94 1191.13 1220.8 378.33 206.29
6922868282265-back_camera3-13.jpg 190 1393.33 1323.28 1206.69 1208.01 373.27 230.53
6922868282265-back_camera3-15.jpg 190 1384.62 1325.21 1191.66 1218.1 385.91 214.23
6922868282265-back_camera3-1.jpg 190 1411.6 1326.62 1224.14 1221.77 374.91 209.71
6922868282265-back_camera3-19.jpg 190 1384.74 1324.96 1215.63 1229.58 338.22 190.76
6922868282265-back_camera3-18.jpg 190 1376.5 1324.68 1200.17 1227.36 352.66 194.65
6922868282265-back_camera3-17.jpg 190 1379.21 1322.28 1195.42 1222.87 367.57 198.83
6922868282265-back_camera3-20.jpg 190 1389.24 1326.33 1211.49 1221.97 355.51 208.71
6922868282265-back_camera3-14.jpg 190 1389.53 1324.93 1197.45 1213.59 384.16 222.69
6922868282265-back_camera3-24.jpg 190 1381.89 1334.95 1192.65 1213.12 378.48 243.66
6922868282265-back_camera3-22.jpg 190 1387.23 1332.23 1192.07 1216.31 390.32 231.84
6922868282265-back_camera3-26.jpg 190 1383.77 1337.73 1217.74 1214.45 332.05 246.56
6922868282265-back_camera3-21.jpg 190 1388.27 1328.76 1199.42 1218.91 377.7 219.69
6922868282265-back_camera3-23.jpg 190 1383.59 1334.78 1184.5 1212.52 398.18 244.52
6922868282265-back_camera3-27.jpg 190 1382.01 1335.6 1237.78 1218.76 288.46 233.68
6922868282265-back_camera3-30.jpg 190 1402.71 1337.59 1243.39 1214.25 318.64 246.67
6922868282265-back_camera3-25.jpg 190 1381.28 1334.91 1199.33 1210.55 363.9 248.72
6922868282265-back_camera3-2.jpg 190 1410.93 1326.89 1215.13 1216.21 391.59 221.37
6922868282265-back_camera3-34.jpg 190 1401.74 1337.9 1205.51 1218.07 392.46 239.67
6922868282265-back_camera3-29.jpg 190 1396.92 1334.58 1257.23 1217.02 279.38 235.11
6922868282265-back_camera3-37.jpg 190 1404.33 1333.49 1226.71 1229.13 355.24 208.71
6922868282265-back_camera3-32.jpg 190 1401.02 1337.83 1219.07 1214.57 363.9 246.52
6922868282265-back_camera3-31.jpg 190 1401.69 1336.84 1227.65 1213.18 348.08 247.32
6922868282265-back_camera3-28.jpg 190 1385.01 1335.34 1262.48 1220.88 245.05 228.91
6922868282265-back_camera3-36.jpg 190 1404.89 1335.58 1216.43 1224.23 376.93 222.69
6922868282265-back_camera3-33.jpg 190 1402.04 1337.28 1212.72 1212.62 378.64 249.32
6922868282265-back_camera3-3.jpg 190 1407.46 1329.32 1206.32 1212.53 402.28 233.58
6922868282265-back_camera3-35.jpg 190 1404.82 1335.65 1213.09 1219.81 383.47 231.68
6922868282265-back_camera3-39.jpg 190 1410.94 1327.23 1233.47 1229.14 354.95 196.18
6922868282265-back_camera3-38.jpg 190 1405.09 1329.58 1240.82 1232.3 328.54 194.56
6922868282265-back_camera3-40.jpg 190 1410.59 1326.74 1224.71 1222.92 371.75 207.63
6922868282265-back_camera3-5.jpg 190 1397.24 1326.62 1213.0 1209.29 368.49 234.67
6922868282265-back_camera3-4.jpg 190 1403.52 1325.95 1208.93 1207.06 389.18 237.78
6922868282265-back_camera3-9.jpg 190 1402.36 1321.17 1279.1 1214.61 246.52 213.13
6922868282265-back_camera3-6.jpg 190 1396.2 1326.64 1223.44 1211.3 345.52 230.68
6922868282265_camera0-10.jpg 190 1380.09 1237.12 1215.33 1148.07 329.51 178.11
6922868282265_camera0-16.jpg 190 1399.11 1241.48 1199.99 1157.51 398.23 167.95
6922868282265_camera0-13.jpg 190 1398.13 1239.91 1249.62 1157.74 297.02 164.34
6922868282265_camera0-12.jpg 190 1398.79 1238.62 1264.76 1154.9 268.06 167.43
6922868282265_camera0-11.jpg 190 1380.85 1237.89 1240.04 1155.29 281.61 165.2
6922868282265-back_camera3-8.jpg 190 1393.14 1323.54 1254.21 1212.09 277.86 222.9
6922868282265-back_camera3-7.jpg 190 1395.23 1323.36 1238.05 1206.25 314.37 234.22
6922868282265_camera0-18.jpg 190 1398.1 1241.0 1195.42 1158.1 405.36 165.81
6922868282265_camera0-14.jpg 190 1398.93 1240.37 1225.6 1158.2 346.66 164.34
6922868282265_camera0-19.jpg 190 1399.68 1241.63 1197.6 1156.44 404.17 170.39
6922868282265_camera0-15.jpg 190 1399.15 1239.4 1210.41 1155.02 377.48 168.77
6922868282265_camera0-21.jpg 190 1399.55 1239.47 1213.3 1158.56 372.51 161.83
6922868282265_camera0-17.jpg 190 1398.46 1240.12 1196.74 1158.24 403.44 163.77
6922868282265_camera0-24.jpg 190 1425.96 1239.16 1227.9 1155.28 396.12 167.77
6922868282265_camera0-1.jpg 190 1400.23 1239.02 1223.41 1156.48 353.63 165.08
6922868282265_camera0-23.jpg 190 1422.85 1239.21 1231.93 1157.86 381.83 162.7
6922868282265_camera0-28.jpg 190 1419.78 1243.14 1230.46 1156.35 378.64 173.59
6922868282265_camera0-22.jpg 190 1415.21 1238.8 1233.75 1160.91 362.93 155.78
6922868282265_camera0-29.jpg 190 1419.74 1241.14 1242.98 1153.41 353.51 175.47
6922868282265_camera0-25.jpg 190 1424.01 1241.44 1221.29 1158.06 405.44 166.77
6922868282265_camera0-20.jpg 190 1399.14 1240.05 1212.4 1160.16 373.48 159.78
6922868282265_camera0-26.jpg 190 1424.05 1242.25 1219.47 1156.22 409.15 172.05
6922868282265_camera0-27.jpg 190 1421.53 1243.79 1220.77 1157.47 401.51 172.64
6922868282265_camera0-31.jpg 190 1416.94 1241.83 1281.13 1155.45 271.62 172.76
6922868282265_camera0-32.jpg 190 1429.0 1240.85 1298.68 1155.97 260.64 169.76
6922868282265_camera0-30.jpg 190 1419.03 1242.55 1260.19 1155.97 317.68 173.15
6922868282265_camera0-34.jpg 190 1426.12 1242.67 1249.4 1152.22 353.43 180.91
6922868282265_camera0-2.jpg 190 1404.79 1238.07 1226.69 1157.82 356.2 160.51
6922868282265_camera0-35.jpg 190 1426.53 1241.05 1235.06 1149.76 382.94 182.57
6922868282265_camera0-37.jpg 190 1419.44 1241.15 1222.57 1154.27 393.74 173.76
6922868282265_camera0-33.jpg 190 1429.94 1239.87 1280.27 1154.76 299.34 170.21
6922868282265_camera0-4.jpg 190 1398.42 1236.16 1202.11 1158.1 392.62 156.12
6922868282265_camera0-3.jpg 190 1402.41 1237.05 1218.26 1158.91 368.31 156.27
6922868282265_camera0-38.jpg 190 1413.52 1240.56 1213.33 1153.12 400.38 174.89
6922868282265_camera0-40.jpg 190 1403.97 1238.17 1212.5 1152.23 382.94 171.88
6922868282265_camera0-5.jpg 190 1393.45 1237.38 1190.73 1157.99 405.44 158.78
6922868282265_camera0-36.jpg 190 1422.7 1242.25 1230.11 1154.94 385.18 174.61
6922868282265_camera0-6.jpg 190 1388.4 1238.33 1184.69 1156.16 407.43 164.34
6922868282265_camera0-9.jpg 190 1380.21 1239.66 1205.96 1155.29 348.5 168.75
6922868282265_camera0-39.jpg 190 1411.36 1240.92 1210.98 1151.42 400.75 179.0
6922868282265_camera0-7.jpg 190 1385.28 1238.57 1186.06 1158.68 398.45 159.78
6922868282265_camera1-12.jpg 190 1261.25 1132.52 1119.65 973.56 283.2 317.93
6922868282265_camera1-11.jpg 190 1255.56 1131.28 1136.72 983.98 237.67 294.59
6922868282265_camera1-10.jpg 190 1248.99 1129.46 1114.64 969.16 268.7 320.6
6922868282265_camera0-8.jpg 190 1379.42 1240.17 1192.68 1157.29 373.48 165.77
6922868282265_camera1-1.jpg 190 1265.03 1120.13 1101.29 1001.43 327.47 237.4
6922868282265_camera1-14.jpg 190 1261.78 1140.79 1092.3 967.88 338.96 345.81
6922868282265_camera1-17.jpg 190 1263.15 1138.95 1074.23 975.21 377.85 327.47
6922868282265_camera1-16.jpg 190 1262.54 1140.76 1074.8 973.0 375.48 335.53
6922868282265_camera1-15.jpg 190 1262.11 1138.64 1076.29 965.58 371.64 346.12
6922868282265_camera1-18.jpg 190 1262.28 1138.47 1076.45 989.35 371.65 298.25
6922868282265_camera1-19.jpg 190 1265.49 1136.27 1084.9 992.14 361.17 288.26
6922868282265_camera1-20.jpg 190 1270.86 1137.68 1105.42 1015.93 330.87 243.5
6922868282265_camera1-21.jpg 190 1278.16 1136.47 1110.01 1021.64 336.31 229.66
6922868282265_camera1-13.jpg 190 1265.04 1135.61 1110.25 972.33 309.57 326.55
6922868282265_camera1-24.jpg 190 1282.41 1136.36 1088.91 977.58 387.01 317.55
6922868282265_camera1-22.jpg 190 1283.76 1136.4 1111.33 1003.59 344.86 265.63
6922868282265_camera1-23.jpg 190 1283.41 1140.16 1099.96 992.77 366.91 294.78
6922868282265_camera1-25.jpg 190 1283.65 1136.09 1095.41 969.32 376.48 333.54
6922868282265_camera1-32.jpg 190 1286.8 1128.65 1148.63 962.24 276.33 332.82
6922868282265_camera1-28.jpg 190 1281.15 1130.53 1117.49 959.32 327.32 342.42
6922868282265_camera1-29.jpg 190 1278.56 1131.39 1127.74 965.2 301.63 332.38
6922868282265_camera1-27.jpg 190 1281.31 1136.77 1100.08 964.44 362.46 344.65
6922868282265_camera1-26.jpg 190 1282.53 1136.42 1093.98 963.53 377.09 345.79
6922868282265_camera1-2.jpg 190 1264.88 1118.9 1089.84 989.65 350.09 258.5
6922868282265_camera1-30.jpg 190 1281.49 1131.32 1150.31 971.34 262.37 319.95
6922868282265_camera1-31.jpg 190 1286.79 1126.04 1166.62 972.57 240.34 306.93
6922868282265_camera1-36.jpg 190 1277.77 1122.15 1093.69 951.47 368.16 341.36
6922868282265_camera1-33.jpg 190 1286.32 1123.99 1132.03 956.23 308.57 335.53
6922868282265_camera1-34.jpg 190 1283.35 1123.06 1109.69 948.95 347.32 348.21
6922868282265_camera1-35.jpg 190 1282.93 1123.49 1104.68 952.72 356.51 341.53
6922868282265_camera1-38.jpg 190 1272.05 1122.9 1087.32 969.1 369.46 307.6
6922868282265_camera1-37.jpg 190 1276.92 1121.12 1092.26 958.6 369.32 325.05
6922868282265_camera1-3.jpg 190 1263.45 1118.57 1081.88 979.53 363.13 278.07
6922868282265_camera1-40.jpg 190 1267.04 1119.79 1102.77 990.97 328.54 257.64
6922868282265_camera1-39.jpg 190 1267.64 1120.89 1089.4 977.77 356.48 286.25
6922868282265_camera2-10.jpg 190 1180.93 799.35 1028.33 679.02 305.21 240.65
6922868282265_camera1-6.jpg 190 1252.22 1129.34 1064.96 964.01 374.52 330.65
6922868282265_camera1-7.jpg 190 1253.55 1127.15 1077.29 958.89 352.51 336.53
6922868282265_camera1-4.jpg 190 1261.3 1122.55 1070.85 969.88 380.91 305.34
6922868282265_camera1-5.jpg 190 1260.32 1122.65 1072.92 963.11 374.8 319.08
6922868282265_camera1-9.jpg 190 1247.47 1130.5 1103.39 969.43 288.16 322.14
6922868282265_camera2-11.jpg 190 1184.39 800.5 1037.18 693.52 294.43 213.95
6922868282265_camera1-8.jpg 190 1247.89 1130.1 1088.28 965.24 319.22 329.71
6922868282265_camera2-15.jpg 190 1186.3 794.84 1015.62 628.82 341.36 332.04
6922868282265_camera2-12.jpg 190 1185.14 799.85 1028.87 672.56 312.55 254.59
6922868282265_camera2-14.jpg 190 1185.82 798.39 1013.68 637.71 344.27 321.37
6922868282265_camera2-13.jpg 190 1185.47 798.42 1021.86 658.29 327.22 280.26
6922868282265_camera2-16.jpg 190 1188.64 794.85 1018.54 624.31 340.2 341.09
6922868282265_camera2-1.jpg 190 1170.84 790.68 1065.55 647.62 210.57 286.13
6922868282265_camera2-17.jpg 190 1188.64 797.78 1031.39 626.41 314.5 342.74
6922868282265_camera2-18.jpg 190 1186.94 790.89 1040.14 619.05 293.59 343.69
6922868282265_camera2-19.jpg 190 1190.6 790.74 1051.29 627.0 278.62 327.47
6922868282265_camera2-21.jpg 190 1192.37 784.67 1089.51 641.37 205.71 286.6
6922868282265_camera2-23.jpg 190 1196.82 782.72 1050.15 616.05 293.34 333.34
6922868282265_camera2-25.jpg 190 1188.24 779.05 1026.46 609.29 323.55 339.53
6922868282265_camera2-24.jpg 190 1192.33 781.25 1036.4 611.58 311.86 339.33
6922868282265_camera2-26.jpg 190 1187.06 781.88 1015.31 613.73 343.5 336.31
6922868282265_camera2-20.jpg 190 1191.23 787.54 1078.25 637.75 225.97 299.58
6922868282265_camera2-22.jpg 190 1190.62 783.38 1070.28 628.59 240.67 309.57
6922868282265_camera2-29.jpg 190 1181.74 776.31 1014.5 638.54 334.48 275.55
6922868282265_camera2-28.jpg 190 1183.26 779.24 1014.63 629.87 337.25 298.73
6922868282265_camera2-27.jpg 190 1183.88 778.75 1014.04 618.81 339.69 319.88
6922868282265_camera2-30.jpg 190 1181.76 777.67 1027.97 659.83 307.57 235.67
6922868282265_camera2-31.jpg 190 1178.18 775.86 1035.12 672.41 286.13 206.9
6922868282265_camera2-33.jpg 190 1176.21 776.6 1013.15 637.08 326.12 279.04
6922868282265_camera2-32.jpg 190 1177.31 776.98 1022.38 654.58 309.86 244.8
6922868282265_camera2-2.jpg 190 1170.41 792.16 1044.22 632.59 252.38 319.15
6922868282265_camera2-36.jpg 190 1172.93 780.89 1005.97 611.1 333.93 339.59
6922868282265_camera2-39.jpg 190 1170.46 785.43 1035.89 621.16 269.13 328.54
6922868282265_camera2-38.jpg 190 1172.02 783.62 1023.92 616.65 296.2 333.93
6922868282265_camera2-34.jpg 190 1175.76 779.74 1005.85 623.53 339.81 312.42
6922868282265_camera2-35.jpg 190 1172.87 779.46 1003.6 612.19 338.53 334.54
6922868282265_camera2-37.jpg 190 1169.16 784.43 1005.8 611.23 326.72 346.4
6922868282265_camera2-40.jpg 190 1170.8 787.53 1053.53 635.6 234.53 303.86
6922868282265_camera2-4.jpg 190 1171.72 792.74 1018.52 623.22 306.41 339.03
6922868282265_camera2-5.jpg 190 1173.43 794.75 1010.8 624.41 325.26 340.67
6922868282265_camera2-3.jpg 190 1173.15 792.94 1036.84 628.67 272.62 328.54
6922868282265_camera2-7.jpg 190 1173.21 796.68 1000.29 633.6 345.84 326.16
6922868282265_camera3-14.jpg 190 1370.01 1326.58 1178.77 1217.23 382.47 218.7
6922868282265_camera3-10.jpg 190 1383.78 1322.15 1238.14 1213.2 291.27 217.9
6922868282265_camera3-11.jpg 190 1379.86 1322.28 1214.14 1207.47 331.44 229.62
6922868282265_camera2-8.jpg 190 1174.67 793.96 1005.97 649.69 337.4 288.54
6922868282265_camera2-6.jpg 190 1177.65 796.78 1011.17 629.02 332.97 335.53
6922868282265_camera3-13.jpg 190 1372.32 1328.06 1185.08 1215.21 374.48 225.69
6922868282265_camera3-12.jpg 190 1376.61 1323.39 1197.99 1207.36 357.24 232.06
6922868282265_camera2-9.jpg 190 1180.17 798.05 1022.8 667.45 314.75 261.19
6922868282265_camera3-18.jpg 190 1370.29 1328.95 1197.37 1230.26 345.84 197.38
6922868282265_camera3-15.jpg 190 1366.19 1326.94 1170.78 1217.4 390.83 219.08
6922868282265_camera3-17.jpg 190 1362.1 1327.41 1178.02 1229.55 368.16 195.73
6922868282265_camera3-19.jpg 190 1377.47 1331.99 1198.46 1222.45 358.01 219.08
6922868282265_camera3-16.jpg 190 1363.49 1327.12 1174.17 1224.01 378.64 206.21
6922868282265_camera3-21.jpg 190 1384.11 1337.96 1185.26 1215.06 397.7 245.8
6922868282265_camera3-22.jpg 190 1384.47 1341.02 1185.83 1218.11 397.28 245.83
6922868282265_camera3-23.jpg 190 1388.04 1341.72 1187.5 1215.43 401.07 252.58
6922868282265_camera3-1.jpg 190 1415.77 1321.55 1222.96 1218.24 385.61 206.61
6922868282265_camera3-20.jpg 190 1382.52 1333.64 1192.91 1220.15 379.22 226.99
6922868282265_camera3-29.jpg 190 1412.83 1339.26 1284.67 1219.84 256.31 238.84
6922868282265_camera3-25.jpg 190 1388.27 1342.86 1201.3 1215.58 373.95 254.55
6922868282265_camera3-26.jpg 190 1392.15 1343.82 1220.53 1217.99 343.24 251.65
6922868282265_camera3-24.jpg 190 1388.95 1342.4 1195.55 1214.25 386.8 256.31
6922868282265_camera3-28.jpg 190 1406.14 1338.0 1274.85 1221.21 262.59 233.58
6922868282265_camera3-27.jpg 190 1397.42 1338.96 1250.48 1217.4 293.89 243.12
6922868282265_camera3-30.jpg 190 1418.04 1341.8 1269.49 1217.72 297.09 248.16
6922868282265_camera3-32.jpg 190 1425.01 1338.1 1240.84 1213.05 368.35 250.1
6922868282265_camera3-2.jpg 190 1410.49 1322.05 1217.75 1214.7 385.47 214.7
6922868282265_camera3-31.jpg 190 1419.63 1339.79 1253.58 1215.25 332.11 249.08
6922868282265_camera3-33.jpg 190 1425.25 1338.62 1234.6 1211.37 381.3 254.5
6922868282265_camera3-38.jpg 190 1416.77 1324.79 1244.63 1223.26 344.27 203.05
6922868282265_camera3-37.jpg 190 1423.05 1326.13 1244.04 1220.03 358.01 212.21
6922868282265_camera3-35.jpg 190 1423.38 1332.28 1230.82 1214.85 385.11 234.87
6922868282265_camera3-34.jpg 190 1425.58 1334.51 1229.21 1214.73 392.74 239.56
6922868282265_camera3-39.jpg 190 1424.77 1321.12 1256.39 1227.94 336.76 186.35
6922868282265_camera3-36.jpg 190 1420.75 1327.88 1236.67 1218.95 368.16 217.86
6922868282265_camera3-5.jpg 190 1390.85 1321.42 1209.17 1204.76 363.35 233.33
6922868282265_camera3-40.jpg 190 1424.39 1318.27 1246.13 1221.4 356.51 193.73
6922868282265_camera3-3.jpg 190 1402.93 1319.67 1209.53 1209.58 386.8 220.19
6922868282265_camera3-4.jpg 190 1396.47 1323.62 1201.88 1209.18 389.18 228.87
6922868282265_camera3-6.jpg 190 1384.63 1320.28 1214.97 1208.66 339.33 223.24
6922868282265_camera3-7.jpg 190 1378.95 1319.9 1230.02 1212.48 297.87 214.84
6922868282265_camera3-9.jpg 190 1381.85 1317.73 1253.22 1210.86 257.25 213.74
6922868282265_camera3-8.jpg 190 1376.24 1319.32 1245.75 1215.05 260.97 208.54
6922868282265~B_camera1-17.jpg 190 1176.96 669.83 1041.15 569.22 271.61 201.22
6922868282265~B_camera0-12.jpg 190 1181.57 1071.34 1005.4 995.35 352.34 151.98
6922868282265~B_camera0-13.jpg 190 1178.42 1069.44 1005.82 996.0 345.21 146.88
6922868282265~B_camera0-37.jpg 190 1086.59 1077.52 919.61 1003.78 333.95 147.48
6922868282265~B_camera0-1.jpg 190 1106.79 1082.87 927.91 1002.42 357.76 160.89
6922868282265~B_camera0-34.jpg 190 1060.19 1070.69 891.32 1000.47 337.74 140.45
6922868282265~B_camera1-3.jpg 190 1145.74 728.66 1022.41 608.96 246.66 239.4
6922868282265~B_camera0-29.jpg 190 1079.14 1066.43 922.23 993.71 313.83 145.44
6922868282265~B_camera0-15.jpg 190 1169.67 1064.46 1019.59 997.48 300.16 133.97
6922868282265~B_camera1-2.jpg 190 1140.35 729.86 1005.16 605.47 270.38 248.78
6922868282265~B_camera1-11.jpg 190 1189.88 699.75 1043.64 583.01 292.47 233.48
6922868282265~B_camera1-38.jpg 190 1116.93 722.63 972.62 606.72 288.63 231.82
6922868282265~B_camera1-20.jpg 190 1153.68 664.03 1011.97 549.4 283.43 229.26
6922868282265~B_camera0-7.jpg 190 1170.5 1078.25 1034.44 998.07 272.11 160.36
6922868282265~B_camera2-40.jpg 190 747.23 788.9 564.87 614.53 364.72 348.74
6922868282265~B_camera2-16.jpg 190 679.74 871.67 521.22 760.81 317.03 221.73
6922868282265~C_camera0-27.jpg 190 1100.87 1069.77 946.03 1004.18 309.67 131.19
6922868282265~B_camera2-32.jpg 190 787.77 845.88 606.08 682.38 363.38 327.0
6922868282265~B_camera1-37.jpg 190 1112.91 719.0 972.99 611.27 279.85 215.47
6922868282265~B_camera2-38.jpg 190 763.77 800.31 582.91 651.52 361.73 297.59
6922868282265~B_camera2-30.jpg 190 785.11 862.75 607.53 686.28 355.15 352.93
6922868282265~B_camera1-39.jpg 190 1122.52 726.56 975.57 605.2 293.9 242.72
6922868282265~B_camera2-33.jpg 190 788.57 835.37 609.47 681.87 358.2 307.0
6922868282265~B_camera2-22.jpg 190 723.51 902.84 552.53 721.47 341.97 362.74
6922868282265~B_camera3-4.jpg 190 1040.78 886.0 911.1 778.44 259.35 215.11
6922868282265~C_camera0-11.jpg 190 1143.35 1068.48 969.52 991.46 347.65 154.03
6922868282265~B_camera3-26.jpg 190 1007.54 842.02 897.12 743.02 220.85 198.01
6922868282265~C_camera0-35.jpg 190 1108.9 1075.65 971.63 1000.81 274.55 149.68
6922868282265~B_camera3-2.jpg 190 1026.87 889.16 865.82 773.04 322.1 232.25
6922868282265~C_camera1-16.jpg 190 1140.18 679.92 1050.17 574.23 180.02 211.39
6922868282265~B_camera0-24.jpg 190 1100.06 1060.73 965.95 989.92 268.22 141.63
6922868282265~B_camera3-18.jpg 190 1065.75 838.42 904.67 739.18 322.16 198.48
6922868282265~C_camera0-23.jpg 190 1104.67 1067.37 929.26 995.59 350.82 143.56
6922868282265~B_camera3-30.jpg 190 980.06 856.1 816.63 752.61 326.85 206.98
6922868282265~B_camera3-21.jpg 190 1035.37 836.23 874.81 731.69 321.11 209.07
6922868282265~C_camera1-12.jpg 190 1153.98 683.7 1016.27 562.8 275.42 241.81
6922868282265~C_camera0-22.jpg 190 1108.98 1067.4 934.05 993.24 349.86 148.33
6922868282265~B_camera3-16.jpg 190 1080.79 841.72 934.42 753.97 292.74 175.5
6922868282265~B_camera3-23.jpg 190 1016.83 836.24 876.8 736.24 280.07 199.99
6922868282265~C_camera0-4.jpg 190 1140.9 1073.3 964.05 1000.49 353.7 145.62
6922868282265~B_camera3-28.jpg 190 993.28 849.2 849.25 744.86 288.06 208.67
6922868282265~C_camera1-11.jpg 190 1158.11 684.48 1014.48 565.11 287.25 238.74
6922868282265~C_camera0-21.jpg 190 1114.97 1066.66 946.15 991.72 337.64 149.89
6922868282265~B_camera2-6.jpg 190 703.36 792.17 588.51 642.39 229.69 299.56
6922868282265~C_camera1-10.jpg 190 1159.35 685.37 1016.82 570.17 285.06 230.39
6922868282265~C_camera1-18.jpg 190 1140.57 681.77 1029.35 567.38 222.45 228.78
6922868282265~C_camera0-3.jpg 190 1142.37 1074.7 964.04 999.95 356.65 149.5
6922868282265~B_camera0-21.jpg 190 1130.75 1061.83 962.54 990.43 336.42 142.8
6922868282265~B_camera0-14.jpg 190 1174.06 1066.24 1010.88 995.49 326.35 141.51
6922868282265~B_camera0-31.jpg 190 1066.15 1068.74 893.11 995.55 346.09 146.39
6922868282265~B_camera0-22.jpg 190 1119.61 1060.81 961.35 988.61 316.51 144.4
6922868282265~B_camera0-38.jpg 190 1091.79 1079.67 915.02 1003.5 353.54 152.35
6922868282265~B_camera0-6.jpg 190 1163.02 1079.75 1044.79 999.84 236.47 159.81
6922868282265~B_camera0-8.jpg 190 1174.86 1077.79 1021.36 996.94 307.0 161.7
6922868282265~B_camera1-14.jpg 190 1184.08 683.29 1050.31 591.07 267.54 184.44
6922868282265~B_camera1-9.jpg 190 1186.25 709.73 1048.27 585.99 275.96 247.47
6922868282265~B_camera1-19.jpg 190 1162.84 665.75 1020.44 553.66 284.79 224.17
6922868282265~B_camera0-20.jpg 190 1140.5 1061.57 969.51 990.43 341.98 142.28
6922868282265~B_camera1-16.jpg 190 1182.35 672.84 1055.73 581.36 253.23 182.95
6922868282265~B_camera1-8.jpg 190 1183.69 713.61 1054.73 591.29 257.93 244.63
6922868282265~B_camera1-26.jpg 190 1118.88 670.98 1021.77 562.99 194.21 215.97
6922868282265~B_camera2-26.jpg 190 761.82 892.9 643.65 742.61 236.35 300.58
6922868282265~B_camera2-29.jpg 190 779.39 869.28 610.16 690.47 338.47 357.62
6922868282265~B_camera2-25.jpg 190 753.63 897.92 629.93 741.02 247.4 313.81
6922868282265~B_camera3-36.jpg 190 992.92 876.91 840.96 780.0 303.92 193.82
6922868282265~B_camera1-13.jpg 190 1188.31 689.12 1048.18 586.64 280.25 204.95
6922868282265~B_camera0-27.jpg 190 1092.91 1063.31 965.34 991.76 255.15 143.09
6922868282265~B_camera3-11.jpg 190 1087.99 864.28 917.11 755.05 341.77 218.46
6922868282265~B_camera2-36.jpg 190 779.39 814.35 623.72 701.24 311.34 226.21
6922868282265~B_camera3-31.jpg 190 976.08 859.24 807.63 758.43 336.9 201.62
6922868282265~B_camera2-24.jpg 190 743.45 901.2 601.39 731.27 284.13 339.86
6922868282265~B_camera2-28.jpg 190 775.1 879.62 620.03 707.43 310.13 344.38
6922868282265~B_camera3-34.jpg 190 971.51 867.67 812.0 784.37 319.02 166.6
6922868282265~B_camera3-38.jpg 190 1002.63 884.7 830.21 774.32 344.85 220.75
6922868282265~C_camera0-25.jpg 190 1096.6 1068.11 929.25 999.8 334.7 136.61
6922868282265~B_camera1-30.jpg 190 1096.76 688.52 956.06 574.58 281.4 227.88
6922868282265~C_camera0-16.jpg 190 1118.43 1067.09 1000.87 991.26 235.13 151.66
6922868282265~B_camera1-22.jpg 190 1136.53 663.39 1008.49 549.05 256.07 228.69
6922868282265~B_camera3-25.jpg 190 999.48 839.0 891.72 744.29 215.51 189.43
6922868282265~B_camera0-9.jpg 190 1179.65 1076.11 1014.92 995.75 329.47 160.72
6922868282265~C_camera0-32.jpg 190 1101.61 1074.68 929.43 1001.26 344.36 146.85
6922868282265~B_camera2-8.jpg 190 685.5 804.3 531.16 633.29 308.68 342.03
6922868282265~C_camera0-30.jpg 190 1101.16 1073.53 926.02 1002.49 350.28 142.08
6922868282265~B_camera3-14.jpg 190 1081.03 850.07 927.79 761.98 306.47 176.17
6922868282265~C_camera1-39.jpg 190 1151.88 707.92 1023.68 588.13 256.41 239.58
6922868282265~C_camera1-14.jpg 190 1147.89 682.32 1028.8 566.64 238.19 231.36
6922868282265~B_camera3-39.jpg 190 1007.13 888.0 831.79 773.01 350.69 229.98
6922868282265~C_camera0-20.jpg 190 1119.15 1066.39 959.69 990.94 318.92 150.9
6922868282265~B_camera1-28.jpg 190 1106.52 679.97 981.99 564.5 249.06 230.93
6922868282265~C_camera1-26.jpg 190 1120.36 693.49 996.52 613.53 247.67 159.92
6922868282265~C_camera1-30.jpg 190 1125.59 703.97 982.87 589.9 285.43 228.14
6922868282265~C_camera1-31.jpg 190 1123.62 705.8 980.62 587.7 285.99 236.19
6922868282265~C_camera1-2.jpg 190 1157.17 704.36 1012.58 588.59 289.19 231.53
6922868282265~C_camera1-29.jpg 190 1122.66 701.53 981.41 593.81 282.5 215.45
6922868282265~C_camera1-3.jpg 190 1160.03 702.72 1015.21 593.1 289.64 219.24
6922868282265~C_camera0-39.jpg 190 1138.99 1075.53 986.15 1000.01 305.69 151.03
6922868282265~C_camera1-36.jpg 190 1137.89 708.33 1046.07 601.74 183.64 213.18
6922868282265~C_camera0-38.jpg 190 1136.72 1074.61 999.71 998.34 274.02 152.53
6922868282265~C_camera0-24.jpg 190 1099.61 1068.45 926.31 997.87 346.59 141.17
6922868282265~C_camera1-22.jpg 190 1129.2 687.64 985.01 574.99 288.39 225.31
6922868282265~C_camera1-35.jpg 190 1133.98 708.95 1026.58 601.31 214.8 215.28
6922868282265~C_camera2-14.jpg 190 717.75 861.91 556.0 683.8 323.49 356.23
6922868282265~C_camera1-8.jpg 190 1163.91 687.55 1028.88 584.13 270.06 206.84
6922868282265~C_camera1-6.jpg 190 1157.13 691.58 1030.79 607.11 252.69 168.93
6922868282265~C_camera2-16.jpg 190 728.53 864.65 598.65 704.9 259.76 319.51
6922868282265~C_camera2-20.jpg 190 741.1 866.89 571.78 689.49 338.64 354.81
6922868282265~C_camera1-7.jpg 190 1164.9 688.53 1037.65 594.68 254.5 187.7
6922868282265~C_camera2-23.jpg 190 747.27 859.72 562.86 691.93 368.83 335.59
6922868282265~C_camera2-22.jpg 190 747.51 861.26 561.97 686.69 371.08 349.13
6922868282265~C_camera2-25.jpg 190 752.57 850.36 576.78 711.93 351.58 276.85
6922868282265~C_camera2-24.jpg 190 750.98 852.47 567.5 698.92 366.95 307.11
6922868282265~C_camera1-37.jpg 190 1147.68 708.36 1047.7 594.67 199.96 227.37
6922868282265~C_camera2-26.jpg 190 754.79 846.38 590.2 725.86 329.17 241.05
6922868282265~C_camera2-38.jpg 190 724.88 817.48 584.4 651.05 280.96 332.87
6922868282265~C_camera3-3.jpg 190 1049.49 865.85 878.21 764.42 342.55 202.86
6922868282265~C_camera2-2.jpg 190 711.99 824.78 528.42 649.57 367.15 350.42
6922868282265~C_camera3-30.jpg 190 1009.23 867.77 838.12 763.07 342.21 209.39
6922868282265~C_camera2-39.jpg 190 720.79 817.19 561.6 642.55 318.38 349.29
6922868282265~C_camera3-15.jpg 190 1032.24 851.11 907.29 746.87 249.9 208.48
6922868282265~C_camera2-34.jpg 190 740.96 822.88 583.91 646.89 314.1 351.97
6922868282265~C_camera2-6.jpg 190 705.91 834.93 539.86 711.77 332.1 246.32
6922868282265~C_camera3-16.jpg 190 1029.36 848.38 919.98 746.61 218.75 203.55
6922868282265~C_camera3-12.jpg 190 1045.07 852.48 883.45 739.89 323.23 225.18
6922868282265~C_camera3-7.jpg 190 1061.83 855.41 912.99 761.92 297.67 186.99
6922868282265~C_camera3-4.jpg 190 1049.95 864.55 881.59 768.85 336.72 191.39
6922868282265~C_camera3-17.jpg 190 1036.17 848.44 925.09 745.32 222.17 206.23
6922868282265~C_camera3-35.jpg 190 1020.41 870.52 892.14 770.45 256.55 200.13
6922868282265~C_camera3-6.jpg 190 1049.77 855.79 899.67 770.12 300.21 171.35
6922868282265~C_camera3-39.jpg 190 1046.18 872.23 895.96 760.47 300.44 223.51
6922868282265~C_camera3-29.jpg 190 1009.69 866.28 843.29 766.31 332.81 199.95
6922868282265~C_camera3-13.jpg 190 1040.47 852.38 886.99 740.81 306.97 223.15
6922868282265~C_camera2-37.jpg 190 729.89 818.25 608.95 664.31 241.88 307.88
6922868282265~C_camera3-34.jpg 190 1018.01 871.16 874.17 768.14 287.69 206.05
6922868282265~C_camera3-8.jpg 190 1059.52 854.64 901.41 753.21 316.22 202.86
6922868282265~B_camera0-10.jpg 190 1181.75 1075.04 1009.2 995.62 345.09 158.83
6922868282265~B_camera0-16.jpg 190 1176.27 1062.64 1026.02 997.54 300.5 130.21
6922868282265~B_camera1-6.jpg 190 1172.73 719.87 1072.14 605.05 201.17 229.64
6922868282265~B_camera0-28.jpg 190 1085.89 1065.02 940.63 992.84 290.52 144.36
6922868282265~B_camera0-30.jpg 190 1072.29 1067.97 905.24 994.67 334.1 146.6
6922868282265~B_camera0-33.jpg 190 1060.71 1070.42 886.92 999.11 347.59 142.62
6922868282265~B_camera0-2.jpg 190 1114.82 1083.23 941.85 1002.66 345.93 161.14
6922868282265~B_camera0-26.jpg 190 1098.42 1062.16 986.86 990.73 223.12 142.87
6922868282265~B_camera1-29.jpg 190 1102.07 683.81 967.36 567.98 269.41 231.66
6922868282265~B_camera1-12.jpg 190 1189.64 694.48 1043.67 583.64 291.94 221.68
6922868282265~B_camera1-21.jpg 190 1146.22 664.36 1010.4 547.76 271.64 233.2
6922868282265~B_camera0-3.jpg 190 1120.84 1083.07 961.01 1001.13 319.65 163.88
6922868282265~B_camera1-15.jpg 190 1180.95 676.44 1059.87 594.31 242.17 164.26
6922868282265~B_camera0-18.jpg 190 1161.32 1062.6 993.67 993.38 335.29 138.43
6922868282265~B_camera0-25.jpg 190 1091.69 1061.48 975.74 991.02 231.9 140.92
6922868282265~B_camera1-31.jpg 190 1093.68 692.9 949.38 583.24 288.6 219.33
6922868282265~B_camera1-18.jpg 190 1170.0 668.06 1029.17 560.23 281.66 215.66
6922868282265~B_camera2-17.jpg 190 685.44 880.75 512.56 747.66 345.76 266.19
6922868282265~B_camera1-34.jpg 190 1090.1 705.29 954.61 618.18 270.98 174.22
6922868282265~B_camera1-32.jpg 190 1092.8 696.28 949.66 593.19 286.28 206.17
6922868282265~B_camera2-15.jpg 190 671.83 863.46 503.93 742.61 335.79 241.69
6922868282265~B_camera2-13.jpg 190 667.16 845.25 481.47 690.76 371.39 308.97
6922868282265~B_camera2-14.jpg 190 668.2 857.46 489.7 713.26 357.01 288.4
6922868282265~B_camera2-2.jpg 190 736.46 784.13 561.67 603.1 349.58 362.07
6922868282265~B_camera1-7.jpg 190 1178.58 717.05 1062.45 596.83 232.26 240.43
6922868282265~B_camera0-36.jpg 190 1078.0 1075.17 919.65 1004.68 316.7 140.99
6922868282265~B_camera2-19.jpg 190 700.15 893.64 512.32 730.0 375.66 327.29
6922868282265~B_camera2-21.jpg 190 713.22 901.38 534.66 720.73 357.12 361.29
6922868282265~B_camera2-27.jpg 190 768.77 886.22 630.65 722.72 276.24 327.0
6922868282265~B_camera2-18.jpg 190 691.17 886.99 509.96 737.23 362.43 299.51
6922868282265~B_camera3-29.jpg 190 986.25 852.62 830.71 747.71 311.07 209.81
6922868282265~B_camera0-32.jpg 190 1063.51 1069.51 887.15 996.33 352.72 146.35
6922868282265~B_camera2-7.jpg 190 691.92 797.79 555.3 635.54 273.25 324.51
6922868282265~B_camera3-13.jpg 190 1082.93 854.94 919.45 759.22 326.96 191.44
6922868282265~B_camera2-39.jpg 190 756.47 792.53 572.03 627.84 368.88 329.38
6922868282265~B_camera2-9.jpg 190 680.11 810.93 512.01 633.74 336.19 354.38
6922868282265~B_camera3-3.jpg 190 1034.25 888.42 887.01 776.17 294.48 224.5
6922868282265~B_camera2-20.jpg 190 708.55 897.88 520.82 723.67 375.46 348.43
6922868282265~C_camera0-28.jpg 190 1103.08 1071.48 941.0 1004.06 324.16 134.85
6922868282265~B_camera2-5.jpg 190 708.35 785.79 574.71 622.04 267.28 327.5
6922868282265~B_camera3-17.jpg 190 1074.13 839.64 917.6 744.84 313.06 189.6
6922868282265~B_camera2-12.jpg 190 666.84 840.27 478.63 670.29 376.41 339.96
6922868282265~B_camera3-37.jpg 190 997.38 881.87 833.09 776.61 328.59 210.51
6922868282265~B_camera3-20.jpg 190 1045.11 836.84 882.14 732.62 325.93 208.44
6922868282265~B_camera0-19.jpg 190 1151.94 1062.12 979.74 991.76 344.4 140.73
6922868282265~B_camera3-9.jpg 190 1084.44 873.03 924.27 758.2 320.35 229.66
6922868282265~B_camera2-3.jpg 190 727.75 783.65 563.96 605.92 327.57 355.46
6922868282265~B_camera1-25.jpg 190 1115.25 667.92 1024.47 566.31 181.56 203.22
6922868282265~B_camera3-8.jpg 190 1081.12 875.88 931.4 760.33 299.43 231.09
6922868282265~B_camera3-5.jpg 190 1049.76 883.16 939.76 776.5 220.0 213.32
6922868282265~B_camera3-12.jpg 190 1085.16 859.11 916.57 755.65 337.18 206.92
6922868282265~B_camera3-15.jpg 190 1076.27 844.62 933.08 762.09 286.37 165.05
6922868282265~B_camera3-24.jpg 190 1008.72 836.3 884.41 740.6 248.63 191.4
6922868282265~C_camera0-15.jpg 190 1122.39 1066.99 987.38 991.28 270.02 151.43
6922868282265~C_camera0-2.jpg 190 1142.29 1075.53 963.83 999.84 356.91 151.38
6922868282265~C_camera0-14.jpg 190 1127.79 1068.37 977.73 990.49 300.12 155.75
6922868282265~C_camera0-10.jpg 190 1147.13 1068.26 973.15 992.6 347.97 151.32
6922868282265~C_camera0-29.jpg 190 1100.86 1072.37 928.96 1002.44 343.8 139.86
6922868282265~C_camera0-17.jpg 190 1128.57 1065.69 1015.67 991.18 225.8 149.02
6922868282265~C_camera0-33.jpg 190 1103.14 1075.87 936.71 1001.22 332.86 149.29
6922868282265~C_camera0-5.jpg 190 1141.1 1072.24 972.52 1001.62 337.16 141.25
6922868282265~B_camera3-33.jpg 190 968.77 865.19 801.07 775.01 335.4 180.36
6922868282265~C_camera0-8.jpg 190 1153.36 1067.59 991.47 995.61 323.77 143.96
6922868282265~C_camera1-9.jpg 190 1162.07 685.78 1021.37 574.96 281.39 221.64
6922868282265~B_camera3-40.jpg 190 1015.08 889.4 841.94 772.74 346.28 233.33
6922868282265~C_camera3-1.jpg 190 1048.43 870.13 881.53 760.01 333.81 220.25
6922868282265~C_camera1-13.jpg 190 1150.78 683.18 1020.57 563.4 260.42 239.57
6922868282265~C_camera1-19.jpg 190 1138.16 683.51 1013.93 566.1 248.47 234.83
6922868282265~C_camera1-32.jpg 190 1124.94 706.89 985.73 588.7 278.43 236.38
6922868282265~C_camera2-29.jpg 190 754.64 837.22 576.63 687.96 356.02 298.52
6922868282265~C_camera3-19.jpg 190 1028.24 851.67 884.49 743.87 287.49 215.61
6922868282265~C_camera1-28.jpg 190 1122.93 698.87 985.96 598.24 273.94 201.25
6922868282265~C_camera1-20.jpg 190 1134.71 684.68 1000.7 566.69 268.02 235.98
6922868282265~C_camera0-9.jpg 190 1149.81 1068.03 979.69 992.94 340.24 150.18
6922868282265~C_camera2-11.jpg 190 707.13 858.02 522.38 684.22 369.51 347.6
6922868282265~C_camera3-22.jpg 190 1015.71 855.88 846.05 751.8 339.33 208.17
6922868282265~C_camera2-10.jpg 190 704.25 853.51 519.79 690.8 368.92 325.42
6922868282265~C_camera3-24.jpg 190 1006.54 856.55 839.41 763.22 334.26 186.65
6922868282265~C_camera3-27.jpg 190 1011.8 861.5 863.54 774.11 296.52 174.78
6922868282265~C_camera1-15.jpg 190 1144.17 681.59 1038.84 570.71 210.67 221.76
6922868282265~C_camera1-23.jpg 190 1126.34 689.46 981.64 581.75 289.4 215.42
6922868282265~C_camera1-24.jpg 190 1122.89 691.04 980.84 590.47 284.11 201.13
6922868282265~C_camera1-5.jpg 190 1159.53 697.08 1027.31 604.92 264.44 184.32
6922868282265~C_camera3-28.jpg 190 1010.34 863.92 851.07 769.34 318.54 189.16
6922868282265~C_camera3-21.jpg 190 1020.72 854.35 856.71 747.71 328.01 213.28
6922868282265~C_camera3-14.jpg 190 1036.37 850.72 896.13 741.81 280.47 217.82
6922868282265~B_camera0-35.jpg 190 1060.4 1072.18 901.81 1003.81 317.19 136.74
6922868282265~B_camera0-5.jpg 190 1137.29 1080.49 1014.36 999.66 245.86 161.66
6922868282265~B_camera0-11.jpg 190 1182.06 1073.17 1003.48 995.33 357.16 155.68
6922868282265~B_camera0-39.jpg 190 1097.98 1081.54 916.36 1003.35 363.24 156.38
6922868282265~B_camera1-1.jpg 190 1132.64 728.98 990.18 604.83 284.92 248.3
6922868282265~B_camera0-17.jpg 190 1170.15 1062.06 1009.85 995.04 320.6 134.04
6922868282265~B_camera1-36.jpg 190 1107.63 714.11 977.01 615.41 261.24 197.4
6922868282265~B_camera1-23.jpg 190 1129.03 663.91 1010.85 552.89 236.35 222.05
6922868282265~B_camera0-23.jpg 190 1109.88 1060.3 962.21 988.15 295.33 144.3
6922868282265~B_camera3-10.jpg 190 1087.4 868.83 918.56 755.92 337.69 225.83
6922868282265~B_camera1-24.jpg 190 1120.4 664.87 1015.69 559.35 209.42 211.03
6922868282265~B_camera0-40.jpg 190 1103.74 1081.92 921.79 1002.28 363.9 159.29
6922868282265~B_camera1-5.jpg 190 1159.04 721.53 1067.91 612.91 182.25 217.25
6922868282265~B_camera1-40.jpg 190 1129.38 727.92 982.85 604.14 293.07 247.57
6922868282265~B_camera2-11.jpg 190 669.91 829.98 484.98 652.43 369.86 355.11
6922868282265~B_camera1-4.jpg 190 1152.47 726.61 1044.56 612.2 215.82 228.81
6922868282265~B_camera1-10.jpg 190 1189.26 704.76 1045.84 583.05 286.85 243.42
6922868282265~B_camera2-31.jpg 190 788.13 852.39 605.14 678.18 365.99 348.43
6922868282265~B_camera2-1.jpg 190 743.21 784.91 560.62 605.74 365.18 358.34
6922868282265~B_camera2-10.jpg 190 674.34 822.2 494.33 641.68 360.02 361.04
6922868282265~B_camera1-35.jpg 190 1094.92 708.08 969.01 620.34 251.83 175.47
6922868282265~C_camera0-7.jpg 190 1152.27 1067.9 996.68 998.35 311.18 139.11
6922868282265~B_camera2-4.jpg 190 716.22 782.33 564.0 607.64 304.43 349.38
6922868282265~B_camera1-33.jpg 190 1090.95 701.84 950.67 605.37 280.57 192.94
6922868282265~B_camera2-37.jpg 190 773.61 807.08 602.65 674.63 341.91 264.9
6922868282265~B_camera2-34.jpg 190 788.1 823.9 615.79 684.87 344.61 278.06
6922868282265~C_camera0-18.jpg 190 1127.1 1065.29 996.53 990.48 261.13 149.61
6922868282265~B_camera3-35.jpg 190 975.78 872.69 825.19 783.4 301.18 178.58
6922868282265~B_camera3-22.jpg 190 1026.25 835.8 875.22 732.75 302.06 206.1
6922868282265~B_camera1-27.jpg 190 1112.89 675.2 999.84 562.74 226.1 224.91
6922868282265~B_camera3-1.jpg 190 1019.98 890.27 849.63 773.07 340.69 234.39
6922868282265~C_camera0-13.jpg 190 1131.84 1069.45 971.19 990.28 321.29 158.34
6922868282265~B_camera3-32.jpg 190 973.62 862.45 803.96 766.06 339.32 192.79
6922868282265~B_camera2-35.jpg 190 786.05 818.46 626.36 697.27 319.38 242.38
6922868282265~C_camera0-26.jpg 190 1093.39 1068.56 936.76 1002.27 313.26 132.57
6922868282265~B_camera2-23.jpg 190 737.07 901.66 574.89 724.89 324.35 353.54
6922868282265~C_camera1-40.jpg 190 1154.09 707.45 1016.87 587.18 274.43 240.54
6922868282265~C_camera0-1.jpg 190 1141.29 1075.82 969.55 999.5 343.48 152.64
6922868282265~C_camera0-6.jpg 190 1140.44 1069.07 982.47 999.75 315.95 138.63
6922868282265~B_camera3-7.jpg 190 1076.7 878.45 941.37 764.58 270.66 227.73
6922868282265~C_camera0-36.jpg 190 1113.75 1075.98 996.24 1000.91 235.02 150.14
6922868282265~C_camera0-40.jpg 190 1140.06 1075.55 973.09 998.84 333.94 153.41
6922868282265~C_camera1-34.jpg 190 1131.86 708.4 1011.42 594.8 240.87 227.21
6922868282265~C_camera1-1.jpg 190 1155.43 706.88 1014.01 587.08 282.84 239.6
6922868282265~C_camera2-1.jpg 190 717.82 820.84 538.86 641.65 357.92 358.37
6922868282265~C_camera1-27.jpg 190 1123.94 696.04 996.63 605.31 254.62 181.47
6922868282265~C_camera0-31.jpg 190 1100.67 1073.75 925.52 1000.66 350.3 146.19
6922868282265~C_camera1-4.jpg 190 1157.64 699.36 1016.37 598.6 282.54 201.52
6922868282265~C_camera2-15.jpg 190 722.83 862.76 574.07 692.85 297.51 339.82
6922868282265~B_camera3-27.jpg 190 1000.47 845.9 871.99 743.57 256.95 204.65
6922868282265~B_camera3-19.jpg 190 1057.2 837.47 890.95 734.64 332.49 205.65
6922868282265~B_camera3-6.jpg 190 1069.85 880.25 952.56 770.23 234.58 220.05
6922868282265~C_camera1-38.jpg 190 1149.61 708.95 1033.89 590.61 231.43 236.67
6922868282265~C_camera1-17.jpg 190 1143.99 680.35 1047.5 570.84 192.98 219.02
6922868282265~C_camera2-3.jpg 190 709.66 823.69 523.33 655.29 372.66 336.8
6922868282265~C_camera0-19.jpg 190 1123.63 1065.88 978.15 991.24 290.96 149.28
6922868282265~C_camera1-25.jpg 190 1120.19 692.27 985.62 601.99 269.15 180.57
6922868282265~C_camera1-21.jpg 190 1132.69 686.45 992.94 569.31 279.5 234.29
6922868282265~C_camera0-34.jpg 190 1104.83 1076.59 951.58 1001.69 306.5 149.79
6922868282265~C_camera2-19.jpg 190 736.27 868.03 582.28 695.41 307.98 345.24
6922868282265~C_camera2-12.jpg 190 710.22 860.55 530.6 679.96 359.24 361.17
6922868282265~C_camera0-37.jpg 190 1131.49 1075.89 1014.35 999.44 234.27 152.91
6922868282265~C_camera2-13.jpg 190 714.24 862.39 538.0 679.48 352.48 365.82
6922868282265~C_camera2-36.jpg 190 734.26 817.15 613.35 660.78 241.82 312.74
6922868282265~C_camera1-33.jpg 190 1129.27 707.68 998.49 590.94 261.55 233.47
6922868282265~C_camera2-28.jpg 190 756.39 839.5 586.2 707.6 340.39 263.81
6922868282265~C_camera2-33.jpg 190 744.86 826.43 574.86 647.29 339.99 358.29
6922868282265~C_camera0-12.jpg 190 1137.18 1068.19 969.77 990.26 334.82 155.86
6922868282265~C_camera3-10.jpg 190 1052.99 854.19 886.14 744.28 333.7 219.83
6922868282265~C_camera2-4.jpg 190 707.41 828.62 523.24 670.79 368.35 315.66
6922868282265~C_camera2-17.jpg 190 733.52 868.74 616.98 717.29 233.09 302.9
6922868282265~C_camera2-31.jpg 190 751.19 831.69 567.76 658.37 366.87 346.64
6922868282265~C_camera2-35.jpg 190 737.54 818.95 596.96 649.23 281.16 339.43
6922868282265~C_camera3-2.jpg 190 1049.41 868.01 878.24 761.15 342.34 213.72
6922868282265~C_camera2-32.jpg 190 747.41 828.09 569.95 648.93 354.92 358.33
6922868282265~C_camera2-8.jpg 190 703.59 847.4 534.46 716.53 338.26 261.74
6922868282265~C_camera2-30.jpg 190 752.98 833.92 570.89 671.82 364.18 324.19
6922868282265~C_camera3-31.jpg 190 1009.58 870.33 839.03 763.73 341.1 213.2
6922868282265~C_camera3-25.jpg 190 1005.24 857.25 846.03 771.65 318.42 171.19
6922868282265~C_camera2-27.jpg 190 755.47 843.78 598.16 731.5 314.62 224.56
6922868282265~C_camera2-18.jpg 190 734.64 868.0 599.24 703.86 270.8 328.27
6922868282265~C_camera3-11.jpg 190 1049.14 853.08 882.78 741.04 332.72 224.08
6922868282265~C_camera2-21.jpg 190 743.18 864.27 564.57 685.78 357.21 356.99
6922868282265~C_camera3-32.jpg 190 1011.79 871.51 847.02 764.31 329.54 214.4
6922868282265~C_camera3-36.jpg 190 1024.82 871.07 914.54 769.0 220.56 204.13
6922868282265~C_camera3-26.jpg 190 1003.68 857.93 857.28 778.57 292.81 158.72
6922868282265~C_camera2-9.jpg 190 703.85 851.29 525.01 702.88 357.67 296.82
6922868282265~C_camera2-5.jpg 190 706.98 833.13 530.22 690.63 353.52 285.01
6922868282265~C_camera2-40.jpg 190 717.35 819.12 545.4 641.66 343.89 354.92
6922868282265~C_camera3-23.jpg 190 1011.19 856.06 840.46 756.74 341.45 198.64
6922868282265~C_camera3-20.jpg 190 1025.21 853.08 869.66 744.99 311.11 216.17
6922868282265~C_camera2-7.jpg 190 707.02 843.96 551.62 734.42 310.8 219.08
6922868282265~C_camera3-40.jpg 190 1047.55 871.37 884.89 760.21 325.32 222.32
6922868282265~C_camera3-18.jpg 190 1033.29 850.52 904.79 744.44 257.0 212.16
6922868282265~C_camera3-37.jpg 190 1040.33 872.14 923.72 765.05 233.22 214.18
6922868282265~C_camera3-9.jpg 190 1055.79 855.18 891.43 749.5 328.72 211.37
6922868282265~C_camera3-38.jpg 190 1044.05 872.06 908.0 762.1 272.09 219.91
6922868282265~C_camera3-33.jpg 190 1013.88 871.5 857.0 765.23 313.75 212.55
6922868282265~C_camera3-5.jpg 190 1049.49 862.92 888.85 773.75 321.28 178.34
