6922266457425-back_camera0-13.jpg 191 1406.62 1242.27 1248.27 1161.53 316.71 161.48
6922266457425-back_camera0-10.jpg 191 1385.37 1243.4 1220.25 1164.62 330.24 157.56
6922266457425-back_camera0-12.jpg 191 1395.68 1242.03 1262.54 1161.15 266.29 161.75
6922266457425-back_camera0-11.jpg 191 1386.77 1243.55 1242.46 1165.05 288.61 156.99
6922266457425-back_camera0-14.jpg 191 1412.36 1241.95 1244.9 1156.34 334.91 171.23
6922266457425-back_camera0-15.jpg 191 1410.38 1242.85 1227.81 1158.69 365.13 168.32
6922266457425-back_camera0-18.jpg 191 1415.31 1244.34 1213.92 1168.22 402.78 152.23
6922266457425-back_camera0-1.jpg 191 1390.6 1239.56 1205.14 1160.6 370.92 157.93
6922266457425-back_camera0-17.jpg 191 1413.97 1243.11 1213.37 1161.44 401.2 163.33
6922266457425-back_camera0-16.jpg 191 1407.12 1247.53 1208.51 1163.35 397.22 168.36
6922266457425-back_camera0-21.jpg 191 1411.84 1242.48 1226.99 1166.58 369.69 151.8
6922266457425-back_camera0-19.jpg 191 1410.78 1241.88 1203.6 1159.86 414.36 164.05
6922266457425-back_camera0-28.jpg 191 1417.91 1242.53 1228.3 1161.65 379.22 161.75
6922266457425-back_camera0-24.jpg 191 1421.59 1240.95 1211.14 1155.46 420.89 170.99
6922266457425-back_camera0-22.jpg 191 1422.63 1241.76 1240.84 1167.79 363.59 147.94
6922266457425-back_camera0-20.jpg 191 1415.23 1244.62 1218.2 1167.85 394.06 153.55
6922266457425-back_camera0-26.jpg 191 1423.23 1242.23 1214.64 1158.8 417.18 166.87
6922266457425-back_camera0-23.jpg 191 1425.53 1239.64 1221.66 1155.46 407.74 168.36
6922266457425-back_camera0-27.jpg 191 1419.27 1244.34 1223.43 1165.05 391.68 158.58
6922266457425-back_camera0-25.jpg 191 1418.95 1238.32 1203.24 1144.93 431.42 186.77
6922266457425-back_camera0-2.jpg 191 1392.95 1239.16 1214.77 1165.22 356.37 147.88
6922266457425-back_camera0-29.jpg 191 1412.25 1245.18 1236.18 1161.84 352.13 166.69
6922266457425-back_camera0-30.jpg 191 1412.14 1243.24 1251.19 1165.54 321.91 155.41
6922266457425-back_camera0-31.jpg 191 1405.8 1238.32 1250.6 1150.19 310.41 176.25
6922266457425-back_camera0-32.jpg 191 1421.36 1241.88 1293.12 1161.29 256.48 161.19
6922266457425-back_camera0-34.jpg 191 1420.27 1240.95 1247.96 1152.83 344.61 176.25
6922266457425-back_camera0-35.jpg 191 1418.37 1241.17 1237.59 1161.65 361.55 159.03
6922266457425-back_camera0-36.jpg 191 1413.18 1244.08 1219.92 1162.82 386.51 162.52
6922266457425-back_camera0-37.jpg 191 1403.16 1239.64 1190.09 1152.83 426.15 173.62
6922266457425-back_camera0-38.jpg 191 1398.28 1239.71 1202.44 1163.6 391.68 152.23
6922266457425-back_camera0-3.jpg 191 1401.91 1240.8 1217.77 1169.09 368.28 143.42
6922266457425-back_camera0-33.jpg 191 1424.06 1239.17 1278.01 1160.8 292.1 156.74
6922266457425-back_camera0-39.jpg 191 1393.27 1242.68 1200.26 1167.92 386.02 149.51
6922266457425-back_camera0-40.jpg 191 1396.59 1238.32 1195.35 1158.09 402.48 160.47
6922266457425-back_camera0-5.jpg 191 1394.68 1245.18 1191.1 1171.64 407.17 147.07
6922266457425-back_camera0-6.jpg 191 1382.12 1246.21 1171.68 1165.98 420.89 160.47
6922266457425-back_camera0-4.jpg 191 1394.32 1242.62 1200.86 1172.84 386.93 139.55
6922266457425-back_camera0-7.jpg 191 1388.65 1242.57 1187.51 1163.94 402.28 157.25
6922266457425-back_camera1-10.jpg 191 1252.17 1134.24 1114.83 980.49 274.69 307.5
6922266457425-back_camera0-8.jpg 191 1390.01 1247.53 1190.09 1155.46 399.85 184.14
6922266457425-back_camera0-9.jpg 191 1382.24 1246.45 1203.5 1168.3 357.48 156.31
6922266457425-back_camera1-19.jpg 191 1279.1 1132.3 1097.79 991.69 362.61 281.21
6922266457425-back_camera1-12.jpg 191 1265.93 1138.87 1131.46 983.46 268.95 310.81
6922266457425-back_camera1-14.jpg 191 1268.69 1141.86 1092.45 969.87 352.48 343.97
6922266457425-back_camera1-11.jpg 191 1259.8 1133.1 1134.85 981.84 249.91 302.52
6922266457425-back_camera1-18.jpg 191 1274.67 1138.95 1085.17 987.51 379.0 302.88
6922266457425-back_camera1-13.jpg 191 1283.47 1142.31 1108.54 976.58 349.87 331.45
6922266457425-back_camera1-16.jpg 191 1271.32 1139.9 1082.01 970.45 378.61 338.9
6922266457425-back_camera1-17.jpg 191 1274.32 1131.62 1084.82 968.28 379.0 326.68
6922266457425-back_camera1-15.jpg 191 1274.27 1134.41 1090.13 960.79 368.28 347.24
6922266457425-back_camera1-21.jpg 191 1283.8 1133.11 1119.34 1020.29 328.93 225.63
6922266457425-back_camera1-1.jpg 191 1255.45 1122.43 1093.45 1008.88 324.0 227.11
6922266457425-back_camera1-20.jpg 191 1276.03 1132.81 1104.08 1006.57 343.91 252.47
6922266457425-back_camera1-22.jpg 191 1290.06 1137.04 1116.44 994.99 347.24 284.1
6922266457425-back_camera1-23.jpg 191 1284.28 1133.01 1104.83 992.41 358.91 281.21
6922266457425-back_camera1-24.jpg 191 1288.56 1131.02 1098.95 978.48 379.21 305.07
6922266457425-back_camera1-25.jpg 191 1284.67 1129.02 1097.65 963.82 374.04 330.4
6922266457425-back_camera1-27.jpg 191 1284.52 1129.58 1108.5 962.28 352.04 334.6
6922266457425-back_camera1-29.jpg 191 1279.12 1125.49 1129.95 960.74 298.34 329.51
6922266457425-back_camera1-30.jpg 191 1276.56 1121.65 1145.49 963.79 262.14 315.73
6922266457425-back_camera1-26.jpg 191 1283.67 1128.7 1095.28 960.37 376.78 336.67
6922266457425-back_camera1-28.jpg 191 1279.68 1125.34 1107.85 952.17 343.66 346.34
6922266457425-back_camera1-31.jpg 191 1282.12 1122.35 1163.8 970.1 236.64 304.5
6922266457425-back_camera1-33.jpg 191 1281.59 1121.07 1130.45 957.17 302.28 327.8
6922266457425-back_camera1-32.jpg 191 1284.84 1123.08 1149.92 967.33 269.83 311.5
6922266457425-back_camera1-2.jpg 191 1258.83 1120.29 1085.24 997.99 347.17 244.59
6922266457425-back_camera1-34.jpg 191 1278.08 1121.38 1112.87 952.9 330.42 336.96
6922266457425-back_camera1-36.jpg 191 1271.08 1120.02 1081.99 951.25 378.17 337.54
6922266457425-back_camera1-35.jpg 191 1271.64 1118.63 1087.5 937.12 368.28 363.02
6922266457425-back_camera1-38.jpg 191 1259.62 1120.81 1073.66 973.39 371.92 294.83
6922266457425-back_camera1-37.jpg 191 1263.34 1124.28 1076.76 963.54 373.15 321.49
6922266457425-back_camera1-3.jpg 191 1258.16 1125.55 1076.69 988.46 362.95 274.18
6922266457425-back_camera1-39.jpg 191 1257.97 1121.19 1077.59 984.29 360.76 273.81
6922266457425-back_camera1-7.jpg 191 1249.28 1126.51 1069.09 960.79 360.39 331.45
6922266457425-back_camera1-4.jpg 191 1256.54 1127.67 1067.45 979.22 378.17 296.91
6922266457425-back_camera1-40.jpg 191 1256.48 1120.93 1084.4 995.64 344.16 250.59
6922266457425-back_camera1-9.jpg 191 1253.08 1135.12 1100.16 974.73 305.83 320.78
6922266457425-back_camera2-12.jpg 191 1196.65 797.2 1040.38 675.31 312.54 243.78
6922266457425-back_camera1-5.jpg 191 1254.54 1127.84 1058.56 971.32 391.96 313.04
6922266457425-back_camera1-6.jpg 191 1249.45 1131.7 1064.6 970.63 369.71 322.14
6922266457425-back_camera2-10.jpg 191 1188.76 800.98 1028.03 674.18 321.47 253.6
6922266457425-back_camera2-11.jpg 191 1191.84 798.61 1044.35 692.61 294.99 211.99
6922266457425-back_camera1-8.jpg 191 1250.26 1132.99 1082.96 968.87 334.6 328.25
6922266457425-back_camera2-13.jpg 191 1198.7 794.06 1027.26 643.32 342.89 301.47
6922266457425-back_camera2-14.jpg 191 1194.79 792.12 1024.11 634.07 341.37 316.11
6922266457425-back_camera2-15.jpg 191 1195.48 789.99 1028.3 629.6 334.37 320.78
6922266457425-back_camera2-16.jpg 191 1195.33 787.82 1026.57 617.72 337.52 340.2
6922266457425-back_camera2-17.jpg 191 1197.95 786.11 1036.2 610.77 323.5 350.68
6922266457425-back_camera2-18.jpg 191 1194.6 783.43 1037.43 608.41 314.33 350.04
6922266457425-back_camera2-1.jpg 191 1172.04 802.29 1062.94 651.11 218.19 302.35
6922266457425-back_camera2-19.jpg 191 1192.6 782.88 1056.22 614.79 272.75 336.18
6922266457425-back_camera2-21.jpg 191 1190.49 778.21 1082.44 629.08 216.1 298.25
6922266457425-back_camera2-27.jpg 191 1176.42 777.66 1005.16 612.52 342.53 330.29
6922266457425-back_camera2-24.jpg 191 1188.68 775.18 1039.45 602.67 298.47 345.03
6922266457425-back_camera2-22.jpg 191 1187.46 776.66 1061.19 618.82 252.54 315.67
6922266457425-back_camera2-20.jpg 191 1194.28 778.9 1068.82 619.51 250.92 318.79
6922266457425-back_camera2-26.jpg 191 1176.86 773.03 1011.15 599.39 331.42 347.28
6922266457425-back_camera2-25.jpg 191 1182.38 776.67 1019.41 600.31 325.93 352.72
6922266457425-back_camera2-23.jpg 191 1186.73 772.53 1048.18 606.51 277.09 332.05
6922266457425-back_camera2-28.jpg 191 1178.76 780.12 1011.57 629.92 334.37 300.39
6922266457425-back_camera2-30.jpg 191 1173.87 779.19 1016.2 654.14 315.34 250.1
6922266457425-back_camera2-29.jpg 191 1172.66 782.16 1006.57 641.32 332.19 281.67
6922266457425-back_camera2-2.jpg 191 1171.29 805.73 1056.43 651.46 229.71 308.54
6922266457425-back_camera2-31.jpg 191 1169.88 780.16 1021.35 670.9 297.05 218.53
6922266457425-back_camera2-32.jpg 191 1168.49 778.06 1017.62 660.39 301.75 235.34
6922266457425-back_camera2-33.jpg 191 1167.7 780.56 997.21 642.79 340.99 275.54
6922266457425-back_camera2-34.jpg 191 1169.84 786.1 995.81 632.85 348.06 306.5
6922266457425-back_camera2-36.jpg 191 1167.95 791.5 1000.09 622.95 335.73 337.09
6922266457425-back_camera2-37.jpg 191 1168.24 793.05 1000.81 618.47 334.86 349.15
6922266457425-back_camera2-35.jpg 191 1164.19 787.87 992.93 620.68 342.52 334.37
6922266457425-back_camera2-38.jpg 191 1169.67 794.98 1021.84 626.22 295.67 337.52
6922266457425-back_camera2-40.jpg 191 1171.33 796.4 1047.48 636.62 247.69 319.57
6922266457425-back_camera2-39.jpg 191 1170.92 797.11 1035.34 634.57 271.17 325.08
6922266457425-back_camera2-3.jpg 191 1176.95 805.34 1038.47 640.14 276.97 330.4
6922266457425-back_camera2-4.jpg 191 1175.75 803.31 1018.44 630.37 314.62 345.88
6922266457425-back_camera2-6.jpg 191 1183.15 806.38 1016.65 639.87 333.01 333.01
6922266457425-back_camera2-5.jpg 191 1180.96 805.31 1016.27 627.25 329.38 356.12
6922266457425-back_camera2-8.jpg 191 1186.14 801.64 1016.47 645.12 339.34 313.04
6922266457425-back_camera2-7.jpg 191 1184.1 805.01 1015.55 640.55 337.09 328.93
6922266457425-back_camera2-9.jpg 191 1189.14 800.96 1018.75 654.46 340.79 293.0
6922266457425-back_camera3-10.jpg 191 1396.16 1321.2 1259.42 1212.42 273.47 217.56
6922266457425-back_camera3-11.jpg 191 1395.27 1318.56 1229.55 1200.18 331.45 236.75
6922266457425-back_camera3-13.jpg 191 1389.14 1322.5 1209.72 1211.05 358.84 222.91
6922266457425-back_camera3-12.jpg 191 1397.91 1321.18 1219.03 1202.81 357.76 236.75
6922266457425-back_camera3-19.jpg 191 1372.16 1324.82 1201.15 1235.97 342.01 177.7
6922266457425-back_camera3-14.jpg 191 1383.79 1320.22 1188.98 1208.53 389.62 223.38
6922266457425-back_camera3-16.jpg 191 1377.07 1322.58 1182.02 1222.67 390.1 199.81
6922266457425-back_camera3-15.jpg 191 1376.87 1311.98 1182.2 1197.55 389.33 228.86
6922266457425-back_camera3-18.jpg 191 1369.66 1324.67 1188.91 1229.87 361.5 189.61
6922266457425-back_camera3-17.jpg 191 1372.38 1322.88 1187.13 1225.02 370.49 195.73
6922266457425-back_camera3-1.jpg 191 1417.63 1327.76 1226.92 1218.59 381.43 218.34
6922266457425-back_camera3-20.jpg 191 1379.49 1325.33 1203.16 1230.13 352.66 190.4
6922266457425-back_camera3-22.jpg 191 1377.39 1331.8 1181.01 1225.53 392.76 212.53
6922266457425-back_camera3-21.jpg 191 1379.7 1328.83 1194.45 1231.55 370.49 194.56
6922266457425-back_camera3-23.jpg 191 1371.61 1335.65 1166.42 1218.59 410.37 234.12
6922266457425-back_camera3-27.jpg 191 1380.74 1336.63 1218.74 1223.6 324.0 226.07
6922266457425-back_camera3-26.jpg 191 1386.08 1329.08 1208.51 1205.44 355.13 247.27
6922266457425-back_camera3-24.jpg 191 1380.02 1333.17 1187.01 1221.04 386.02 224.27
6922266457425-back_camera3-25.jpg 191 1378.76 1333.66 1190.6 1219.92 376.33 227.48
6922266457425-back_camera3-30.jpg 191 1399.22 1339.6 1255.86 1205.44 286.73 268.32
6922266457425-back_camera3-28.jpg 191 1383.81 1335.3 1245.85 1225.88 275.92 218.84
6922266457425-back_camera3-29.jpg 191 1391.82 1335.95 1267.33 1226.04 248.99 219.82
6922266457425-back_camera3-33.jpg 191 1408.58 1335.24 1221.0 1216.99 375.15 236.51
6922266457425-back_camera3-2.jpg 191 1411.07 1314.61 1211.14 1200.18 399.85 228.86
6922266457425-back_camera3-31.jpg 191 1410.52 1337.8 1243.98 1221.13 333.07 233.33
6922266457425-back_camera3-35.jpg 191 1411.45 1335.08 1214.03 1219.44 394.84 231.28
6922266457425-back_camera3-32.jpg 191 1410.92 1335.82 1243.06 1220.28 335.73 231.07
6922266457425-back_camera3-34.jpg 191 1411.07 1336.96 1216.4 1218.59 389.33 236.75
6922266457425-back_camera3-36.jpg 191 1412.6 1333.12 1218.82 1222.17 387.55 221.9
6922266457425-back_camera3-38.jpg 191 1413.16 1327.44 1233.15 1230.47 360.01 193.95
6922266457425-back_camera3-37.jpg 191 1408.4 1331.1 1225.59 1228.48 365.63 205.24
6922266457425-back_camera3-4.jpg 191 1407.11 1325.13 1203.24 1205.44 407.74 239.38
6922266457425-back_camera3-40.jpg 191 1420.83 1327.26 1238.28 1230.43 365.1 193.65
6922266457425-back_camera3-39.jpg 191 1416.9 1329.29 1248.81 1240.48 336.18 177.61
6922266457425-back_camera3-3.jpg 191 1410.93 1324.26 1215.01 1214.72 391.85 219.08
6922266457425-back_camera3-5.jpg 191 1403.0 1323.94 1217.39 1209.13 371.22 229.62
6922266457425-back_camera3-6.jpg 191 1396.82 1322.37 1222.16 1211.59 349.32 221.55
6922266457425-back_camera3-7.jpg 191 1395.32 1321.05 1234.88 1209.58 320.87 222.94
6922266457425_camera0-12.jpg 191 1355.82 1251.47 1221.66 1165.98 268.32 170.99
6922266457425_camera0-10.jpg 191 1343.47 1244.34 1186.48 1163.46 313.98 161.75
6922266457425-back_camera3-8.jpg 191 1391.35 1320.74 1251.66 1215.02 279.38 211.45
6922266457425_camera0-13.jpg 191 1358.44 1248.85 1200.61 1160.72 315.67 176.25
6922266457425_camera0-11.jpg 191 1344.27 1245.24 1202.13 1167.77 284.27 154.95
6922266457425-back_camera3-9.jpg 191 1392.77 1321.56 1271.45 1214.02 242.63 215.08
6922266457425_camera0-16.jpg 191 1375.55 1246.21 1169.05 1152.83 413.0 186.77
6922266457425_camera0-14.jpg 191 1368.85 1250.22 1203.7 1168.66 330.29 163.11
6922266457425_camera0-15.jpg 191 1370.72 1252.13 1182.37 1171.09 376.71 162.08
6922266457425_camera0-17.jpg 191 1383.32 1254.51 1174.37 1175.04 417.91 158.95
6922266457425_camera0-1.jpg 191 1393.98 1237.21 1216.6 1163.81 354.76 146.8
6922266457425_camera0-20.jpg 191 1401.85 1250.16 1200.61 1165.98 402.48 168.36
6922266457425_camera0-21.jpg 191 1410.35 1256.58 1224.16 1182.01 372.37 149.13
6922266457425_camera0-18.jpg 191 1384.75 1253.27 1174.58 1174.9 420.35 156.74
6922266457425_camera0-19.jpg 191 1391.87 1256.79 1190.02 1179.32 403.69 154.95
6922266457425_camera0-22.jpg 191 1425.45 1254.75 1241.58 1180.78 367.75 147.94
6922266457425_camera0-24.jpg 191 1449.2 1248.84 1240.07 1168.61 418.26 160.47
6922266457425_camera0-23.jpg 191 1434.13 1253.09 1244.81 1182.61 378.64 140.97
6922266457425_camera0-29.jpg 191 1453.61 1252.44 1279.48 1169.84 348.26 165.2
6922266457425_camera0-27.jpg 191 1452.34 1250.34 1249.73 1172.41 405.21 155.85
6922266457425_camera0-2.jpg 191 1397.4 1235.65 1222.74 1166.33 349.32 138.64
6922266457425_camera0-26.jpg 191 1450.51 1248.85 1245.33 1165.98 410.37 165.73
6922266457425_camera0-25.jpg 191 1449.4 1253.86 1247.22 1177.74 404.37 152.23
6922266457425_camera0-28.jpg 191 1452.39 1252.93 1265.25 1169.88 374.28 166.09
6922266457425_camera0-31.jpg 191 1450.52 1246.22 1311.1 1160.72 278.84 170.99
6922266457425_camera0-35.jpg 191 1448.95 1241.33 1272.45 1163.86 353.01 154.95
6922266457425_camera0-33.jpg 191 1461.19 1242.48 1304.82 1161.67 312.75 161.61
6922266457425_camera0-34.jpg 191 1458.03 1242.48 1287.68 1161.69 340.7 161.57
6922266457425_camera0-32.jpg 191 1462.36 1247.53 1326.88 1152.83 270.95 189.4
6922266457425_camera0-30.jpg 191 1454.39 1246.61 1300.12 1165.73 308.54 161.75
6922266457425_camera0-36.jpg 191 1443.82 1240.54 1256.24 1164.42 375.15 152.23
6922266457425_camera0-37.jpg 191 1433.63 1240.89 1235.34 1160.69 396.59 160.41
6922266457425_camera0-38.jpg 191 1430.79 1239.64 1221.66 1155.46 418.26 168.36
6922266457425_camera0-3.jpg 191 1386.95 1236.57 1204.62 1167.25 364.66 138.64
6922266457425_camera0-39.jpg 191 1411.07 1235.69 1208.51 1152.83 405.11 165.73
6922266457425_camera0-6.jpg 191 1361.35 1242.45 1162.22 1167.0 398.26 150.91
6922266457425_camera0-40.jpg 191 1405.5 1238.87 1216.92 1161.46 377.15 154.81
6922266457425_camera0-4.jpg 191 1374.65 1236.43 1179.6 1164.28 390.1 144.3
6922266457425_camera1-10.jpg 191 1215.08 1142.31 1079.61 973.95 270.95 336.71
6922266457425_camera0-5.jpg 191 1366.72 1243.41 1166.95 1166.87 399.54 153.08
6922266457425_camera0-8.jpg 191 1347.65 1243.01 1164.84 1166.21 365.63 153.59
6922266457425_camera0-7.jpg 191 1349.47 1241.3 1157.26 1164.93 384.43 152.73
6922266457425_camera1-11.jpg 191 1220.77 1143.81 1101.81 992.49 237.92 302.64
6922266457425_camera0-9.jpg 191 1346.62 1242.27 1163.79 1155.46 365.65 173.62
6922266457425_camera1-15.jpg 191 1240.35 1167.03 1058.12 999.6 364.46 334.86
6922266457425_camera1-12.jpg 191 1225.3 1154.03 1089.87 995.15 270.87 317.75
6922266457425_camera1-13.jpg 191 1229.12 1157.63 1078.24 993.85 301.75 327.57
6922266457425_camera1-16.jpg 191 1241.88 1173.03 1055.21 1005.15 373.34 335.77
6922266457425_camera1-14.jpg 191 1234.81 1164.66 1055.93 992.36 357.76 344.61
6922266457425_camera1-19.jpg 191 1263.08 1176.39 1077.79 1033.96 370.58 284.86
6922266457425_camera1-17.jpg 191 1250.51 1175.24 1062.25 1020.29 376.51 309.9
6922266457425_camera1-21.jpg 191 1281.08 1174.57 1111.2 1059.76 339.75 229.62
6922266457425_camera1-20.jpg 191 1276.9 1169.92 1095.39 1037.08 363.02 265.69
6922266457425_camera1-18.jpg 191 1255.75 1178.33 1063.32 1021.61 384.87 313.43
6922266457425_camera1-1.jpg 191 1257.15 1092.88 1096.76 982.78 320.78 220.19
6922266457425_camera1-23.jpg 191 1299.31 1173.4 1113.33 1029.5 371.96 287.8
6922266457425_camera1-27.jpg 191 1313.71 1158.67 1136.9 992.13 353.62 333.08
6922266457425_camera1-25.jpg 191 1307.03 1169.99 1118.1 1006.89 377.86 326.21
6922266457425_camera1-22.jpg 191 1287.42 1165.98 1103.28 1034.45 368.28 263.06
6922266457425_camera1-29.jpg 191 1314.16 1138.97 1168.73 980.62 290.87 316.7
6922266457425_camera1-28.jpg 191 1315.16 1150.22 1153.98 985.02 322.36 330.4
6922266457425_camera1-24.jpg 191 1304.89 1168.65 1114.06 1018.66 381.67 299.99
6922266457425_camera1-30.jpg 191 1311.1 1135.73 1179.57 979.21 263.06 313.04
6922266457425_camera1-26.jpg 191 1309.62 1157.68 1128.32 997.65 362.61 320.06
6922266457425_camera1-2.jpg 191 1252.24 1097.48 1082.0 969.55 340.49 255.86
6922266457425_camera1-32.jpg 191 1324.26 1125.2 1176.94 963.42 294.63 323.56
6922266457425_camera1-34.jpg 191 1311.95 1110.78 1141.35 948.95 341.21 323.66
6922266457425_camera1-31.jpg 191 1324.58 1126.99 1199.53 976.8 250.1 300.39
6922266457425_camera1-33.jpg 191 1320.31 1115.99 1158.53 952.9 323.56 326.19
6922266457425_camera1-36.jpg 191 1298.21 1106.24 1111.45 943.59 373.52 325.3
6922266457425_camera1-35.jpg 191 1303.02 1108.51 1127.0 946.76 352.04 323.5
6922266457425_camera1-37.jpg 191 1288.74 1097.59 1092.76 934.49 391.96 326.19
6922266457425_camera1-4.jpg 191 1234.94 1106.1 1051.04 950.69 367.8 310.81
6922266457425_camera1-3.jpg 191 1243.33 1099.95 1067.99 964.03 350.68 271.85
6922266457425_camera1-39.jpg 191 1268.99 1096.8 1091.74 961.07 354.51 271.46
6922266457425_camera1-38.jpg 191 1282.16 1096.26 1090.13 950.27 384.06 291.99
6922266457425_camera1-40.jpg 191 1259.37 1094.78 1091.28 972.68 336.18 244.21
6922266457425_camera1-8.jpg 191 1213.35 1130.06 1051.43 960.07 323.84 339.97
6922266457425_camera1-6.jpg 191 1224.29 1114.68 1037.52 942.38 373.54 344.61
6922266457425_camera1-7.jpg 191 1217.45 1124.14 1044.94 955.44 345.03 337.4
6922266457425_camera1-5.jpg 191 1230.58 1111.13 1042.66 952.56 375.83 317.15
6922266457425_camera2-12.jpg 191 1190.09 827.95 1019.1 692.47 341.98 270.95
6922266457425_camera1-9.jpg 191 1213.02 1134.67 1063.39 970.59 299.26 328.17
6922266457425_camera2-11.jpg 191 1195.36 833.21 1037.52 721.41 315.67 223.6
6922266457425_camera2-10.jpg 191 1182.48 836.98 1026.37 716.98 312.23 240.0
6922266457425_camera2-13.jpg 191 1203.95 828.85 1034.81 686.56 338.29 284.59
6922266457425_camera2-14.jpg 191 1206.3 829.66 1043.06 679.5 326.49 300.32
6922266457425_camera2-15.jpg 191 1216.82 824.44 1043.84 660.65 345.96 327.59
6922266457425_camera2-17.jpg 191 1224.29 813.48 1061.19 634.6 326.19 357.76
6922266457425_camera2-19.jpg 191 1228.53 795.69 1085.85 628.84 285.36 333.69
6922266457425_camera2-16.jpg 191 1217.52 815.34 1049.24 641.15 336.56 348.37
6922266457425_camera2-20.jpg 191 1226.63 787.35 1104.5 633.15 244.27 308.39
6922266457425_camera2-1.jpg 191 1134.85 800.33 1019.1 647.75 231.49 305.15
6922266457425_camera2-18.jpg 191 1228.24 808.22 1079.61 634.6 297.26 347.24
6922266457425_camera2-22.jpg 191 1226.34 771.93 1093.44 609.5 265.8 324.86
6922266457425_camera2-21.jpg 191 1225.24 780.25 1114.07 629.78 222.35 300.93
6922266457425_camera2-23.jpg 191 1220.95 765.56 1075.91 601.06 290.07 329.0
6922266457425_camera2-24.jpg 191 1224.3 763.5 1071.72 587.25 305.15 352.5
6922266457425_camera2-25.jpg 191 1214.24 756.75 1046.51 583.81 335.46 345.88
6922266457425_camera2-26.jpg 191 1209.35 755.13 1042.05 586.25 334.6 337.77
6922266457425_camera2-27.jpg 191 1203.25 750.35 1024.37 581.99 357.76 336.71
6922266457425_camera2-28.jpg 191 1195.42 744.61 1022.25 591.57 346.34 306.07
6922266457425_camera2-32.jpg 191 1165.27 746.52 1008.97 617.83 312.59 257.37
6922266457425_camera2-29.jpg 191 1184.59 746.4 1018.76 611.16 331.65 270.49
6922266457425_camera2-2.jpg 191 1136.62 807.3 1007.7 648.3 257.85 318.01
6922266457425_camera2-35.jpg 191 1148.0 759.56 974.38 589.88 347.24 339.35
6922266457425_camera2-30.jpg 191 1180.01 744.71 1026.41 623.74 307.19 241.94
6922266457425_camera2-31.jpg 191 1168.06 744.41 1016.51 628.45 303.1 231.92
6922266457425_camera2-38.jpg 191 1138.47 776.87 987.96 603.21 301.01 347.32
6922266457425_camera2-33.jpg 191 1153.27 738.51 979.65 579.36 347.24 318.3
6922266457425_camera2-39.jpg 191 1133.92 783.8 995.88 616.18 276.08 335.25
6922266457425_camera2-34.jpg 191 1155.58 755.12 989.07 592.69 333.01 324.85
6922266457425_camera2-36.jpg 191 1139.99 768.77 972.0 590.42 335.99 356.7
6922266457425_camera2-37.jpg 191 1140.36 766.05 978.27 597.29 324.17 337.52
6922266457425_camera2-40.jpg 191 1134.85 792.44 1011.21 624.08 247.27 336.71
6922266457425_camera2-3.jpg 191 1140.18 809.84 1001.43 643.33 277.51 333.01
6922266457425_camera2-4.jpg 191 1143.46 819.83 981.0 647.64 324.93 344.37
6922266457425_camera2-7.jpg 191 1165.11 842.42 984.91 681.95 360.39 320.93
6922266457425_camera2-5.jpg 191 1146.71 823.78 982.25 653.19 328.93 341.17
6922266457425_camera2-8.jpg 191 1166.66 835.96 996.06 687.87 341.21 296.18
6922266457425_camera2-6.jpg 191 1150.45 829.77 982.46 657.88 335.98 343.79
6922266457425_camera3-10.jpg 191 1403.17 1326.45 1261.12 1205.44 284.1 242.01
6922266457425_camera2-9.jpg 191 1175.7 835.77 1008.27 700.71 334.86 270.11
6922266457425_camera3-12.jpg 191 1398.33 1327.88 1230.01 1215.67 336.63 224.42
6922266457425_camera3-14.jpg 191 1387.62 1328.62 1198.25 1213.23 378.73 230.79
6922266457425_camera3-13.jpg 191 1392.82 1326.39 1218.16 1212.9 349.32 226.99
6922266457425_camera3-11.jpg 191 1405.8 1326.44 1242.7 1208.07 326.19 236.75
6922266457425_camera3-16.jpg 191 1374.87 1331.29 1179.75 1221.9 390.23 218.78
6922266457425_camera3-15.jpg 191 1380.19 1332.55 1190.58 1221.77 379.22 221.55
6922266457425_camera3-17.jpg 191 1370.29 1329.08 1174.31 1221.22 391.96 215.71
6922266457425_camera3-18.jpg 191 1362.53 1328.36 1185.06 1235.23 354.95 186.26
6922266457425_camera3-19.jpg 191 1364.99 1331.38 1193.54 1242.98 342.9 176.81
6922266457425_camera3-1.jpg 191 1426.72 1333.96 1236.1 1225.23 381.25 217.47
6922266457425_camera3-20.jpg 191 1370.2 1334.23 1196.56 1242.26 347.28 183.95
6922266457425_camera3-24.jpg 191 1363.71 1347.48 1169.05 1229.11 389.33 236.75
6922266457425_camera3-21.jpg 191 1369.36 1336.42 1180.94 1238.64 376.83 195.56
6922266457425_camera3-22.jpg 191 1364.88 1337.63 1168.96 1235.66 391.85 203.94
6922266457425_camera3-26.jpg 191 1371.86 1346.38 1193.32 1228.92 357.08 234.92
6922266457425_camera3-25.jpg 191 1367.14 1345.11 1182.48 1234.43 369.32 221.36
6922266457425_camera3-23.jpg 191 1366.98 1340.33 1170.08 1229.38 393.8 221.9
6922266457425_camera3-29.jpg 191 1379.11 1344.34 1257.0 1232.54 244.21 223.59
6922266457425_camera3-30.jpg 191 1396.94 1345.22 1266.47 1233.45 260.94 223.53
6922266457425_camera3-28.jpg 191 1378.18 1336.96 1229.55 1223.85 297.26 226.23
6922266457425_camera3-31.jpg 191 1403.61 1348.05 1243.17 1231.77 320.87 232.55
6922266457425_camera3-27.jpg 191 1370.91 1345.04 1213.92 1236.41 313.98 217.25
6922266457425_camera3-2.jpg 191 1427.18 1332.71 1231.77 1223.93 390.83 217.55
6922266457425_camera3-32.jpg 191 1408.35 1349.9 1227.97 1232.03 360.76 235.74
6922266457425_camera3-33.jpg 191 1409.78 1347.28 1223.45 1228.35 372.65 237.86
6922266457425_camera3-34.jpg 191 1408.87 1347.62 1216.54 1232.76 384.66 229.71
6922266457425_camera3-35.jpg 191 1412.0 1345.3 1214.53 1234.7 394.95 221.2
6922266457425_camera3-39.jpg 191 1423.18 1334.33 1250.59 1239.65 345.19 189.36
6922266457425_camera3-38.jpg 191 1417.34 1337.03 1237.07 1238.33 360.53 197.41
6922266457425_camera3-37.jpg 191 1415.26 1343.31 1228.37 1243.4 373.79 199.81
6922266457425_camera3-3.jpg 191 1422.68 1332.64 1226.3 1215.44 392.76 234.4
6922266457425_camera3-4.jpg 191 1420.96 1331.64 1228.29 1216.67 385.34 229.94
6922266457425_camera3-36.jpg 191 1413.7 1340.91 1205.88 1231.74 415.63 218.34
6922266457425_camera3-6.jpg 191 1409.55 1330.42 1239.24 1212.24 340.62 236.37
6922266457425_camera3-7.jpg 191 1407.24 1329.95 1247.49 1211.73 319.5 236.45
6922266457425_camera3-40.jpg 191 1427.39 1335.31 1254.09 1239.48 346.6 191.65
6922266457425_camera3-5.jpg 191 1415.65 1332.71 1227.68 1212.61 375.94 240.21
6922266457425_camera3-9.jpg 191 1403.53 1325.82 1285.27 1217.08 236.51 217.48
6922266457425_camera3-8.jpg 191 1400.01 1325.44 1258.8 1213.92 282.43 223.04
