6922868290932-back_camera1-10.jpg 192 1282.41 1141.79 1157.51 983.8 249.8 315.98
6922868290932-back_camera1-15.jpg 192 1301.88 1129.15 1111.17 950.27 381.43 357.76
6922868290932-back_camera1-30.jpg 192 1251.91 1105.47 1124.33 950.27 255.17 310.41
6922868290932-back_camera1-39.jpg 192 1233.5 1127.84 1061.19 994.99 344.61 265.69
6922868290932-back_camera1-6.jpg 192 1264.47 1148.16 1080.56 965.59 367.82 365.14
6922868290932-back_camera2-13.jpg 192 1196.77 767.62 1027.21 615.09 339.11 305.07
6922868290932-back_camera2-18.jpg 192 1175.81 765.15 1031.01 599.38 289.6 331.54
6922868290932-back_camera2-23.jpg 192 1162.47 771.39 1003.32 595.14 318.3 352.5
6922868290932-back_camera2-19.jpg 192 1173.15 764.25 1043.45 603.29 259.41 321.92
6922868290932-back_camera2-21.jpg 192 1165.1 768.76 1045.41 610.93 239.38 315.67
6922868290932-back_camera2-1.jpg 192 1193.57 806.18 1071.82 651.81 243.5 308.74
6922868290932-back_camera2-17.jpg 192 1178.25 767.44 1013.84 592.51 328.82 349.87
6922868290932-back_camera2-20.jpg 192 1169.02 767.01 1056.5 617.51 225.03 299.0
6922868290932-back_camera2-27.jpg 192 1155.74 788.5 982.75 631.1 345.99 314.8
6922868290932-back_camera2-31.jpg 192 1161.15 801.64 1011.21 668.8 299.89 265.69
6922868290932-back_camera2-2.jpg 192 1196.16 807.13 1057.6 640.62 277.12 333.03
6922868290932-back_camera2-33.jpg 192 1167.74 806.58 993.22 646.83 349.03 319.5
6922868290932-back_camera2-34.jpg 192 1169.5 808.0 994.48 641.83 350.04 332.33
6922868290932-back_camera2-36.jpg 192 1180.97 805.31 1018.16 624.54 325.62 361.55
6922868290932-back_camera2-35.jpg 192 1174.28 808.96 1001.69 636.97 345.18 343.97
6922868290932-back_camera2-32.jpg 192 1165.11 800.33 992.8 655.65 344.61 289.36
6922868290932-back_camera2-37.jpg 192 1180.94 807.33 1024.74 632.89 312.4 348.87
6922868290932-back_camera2-40.jpg 192 1192.95 810.08 1084.08 662.67 217.74 294.83
6922868290932-back_camera2-3.jpg 192 1199.3 797.7 1042.78 621.45 313.04 352.5
6922868290932-back_camera2-38.jpg 192 1184.58 809.04 1041.07 643.33 287.02 331.42
6922868290932-back_camera2-39.jpg 192 1189.38 812.23 1069.72 656.89 239.33 310.67
6922868290932-back_camera2-8.jpg 192 1202.11 779.66 1035.6 636.15 333.01 287.02
6922868290932-back_camera2-9.jpg 192 1201.47 780.85 1040.38 647.95 322.18 265.8
6922868290932-back_camera3-14.jpg 192 1413.7 1389.58 1211.14 1258.05 405.11 263.06
6922868290932-back_camera3-12.jpg 192 1412.59 1390.97 1231.79 1266.54 361.59 248.86
6922868290932-back_camera3-17.jpg 192 1406.59 1379.95 1210.75 1268.94 391.68 222.01
6922868290932-back_camera3-16.jpg 192 1409.9 1383.75 1205.71 1263.22 408.39 241.06
6922868290932-back_camera3-18.jpg 192 1401.17 1379.62 1220.39 1276.54 361.55 206.15
6922868290932-back_camera3-19.jpg 192 1406.48 1377.01 1233.54 1277.52 345.88 198.98
6922868290932-back_camera3-23.jpg 192 1384.75 1381.69 1179.57 1250.16 410.37 263.06
6922868290932-back_camera3-37.jpg 192 1345.59 1387.45 1154.5 1274.86 382.17 225.18
6922868290932-back_camera3-38.jpg 192 1340.87 1385.5 1156.01 1278.22 369.71 214.55
6922868290932-back_camera3-3.jpg 192 1362.39 1400.1 1155.89 1265.94 413.0 268.32
6922868290932-back_camera3-4.jpg 192 1367.66 1394.84 1161.16 1268.57 413.0 252.54
6922868290932-back_camera3-5.jpg 192 1373.27 1393.93 1179.93 1269.08 386.68 249.7
6922868290932_camera0-17.jpg 192 1412.38 1235.69 1205.88 1134.41 413.0 202.55
6922868290932_camera0-1.jpg 192 1378.64 1233.61 1205.88 1153.22 345.52 160.78
6922868290932_camera0-21.jpg 192 1427.92 1237.72 1248.73 1153.34 358.38 168.77
6922868290932_camera0-32.jpg 192 1433.42 1227.8 1295.32 1126.52 276.21 202.55
6922868290932_camera1-11.jpg 192 1258.09 1147.62 1140.51 994.02 235.15 307.19
6922868290932_camera1-10.jpg 192 1236.12 1144.93 1100.65 981.84 270.95 326.19
6922868290932_camera1-13.jpg 192 1266.25 1148.94 1106.22 978.74 320.06 340.41
6922868290932_camera1-12.jpg 192 1261.19 1149.27 1115.23 980.62 291.93 337.3
6922868290932_camera1-16.jpg 192 1275.51 1154.36 1083.82 983.44 383.39 341.83
6922868290932_camera1-15.jpg 192 1270.33 1150.19 1071.72 968.68 397.22 363.02
6922868290932_camera1-19.jpg 192 1286.63 1143.36 1109.82 999.05 353.63 288.61
6922868290932_camera1-18.jpg 192 1283.48 1151.51 1095.39 989.73 376.17 323.56
6922868290932_camera1-20.jpg 192 1287.61 1140.95 1122.93 1016.79 329.36 248.32
6922868290932_camera1-21.jpg 192 1302.08 1136.87 1137.47 1012.89 329.21 247.95
6922868290932_camera1-29.jpg 192 1289.12 1113.12 1154.99 954.02 268.26 318.21
6922868290932_camera1-30.jpg 192 1288.9 1106.74 1164.45 951.18 248.9 311.12
6922868290932_camera1-6.jpg 192 1242.21 1135.1 1055.64 960.08 373.14 350.04
6922868290932_camera1-5.jpg 192 1239.66 1130.95 1051.75 964.44 375.83 333.01
6922868290932_camera1-9.jpg 192 1241.89 1141.4 1093.21 975.76 297.36 331.29
6922868290932_camera2-13.jpg 192 1201.93 797.69 1032.26 650.38 339.34 294.63
6922868290932_camera2-14.jpg 192 1206.94 792.98 1030.89 627.29 352.1 331.39
6922868290932_camera2-15.jpg 192 1208.77 795.83 1034.34 628.53 348.87 334.6
6922868290932_camera2-18.jpg 192 1205.45 779.87 1055.95 607.45 299.0 344.84
6922868290932_camera2-17.jpg 192 1204.07 784.19 1046.28 614.52 315.57 339.35
6922868290932_camera2-19.jpg 192 1199.3 780.6 1058.56 605.66 281.47 349.87
6922868290932_camera2-22.jpg 192 1196.59 763.21 1068.45 602.25 256.28 321.92
6922868290932_camera2-1.jpg 192 1163.51 803.5 1058.17 658.74 210.68 289.52
6922868290932_camera2-20.jpg 192 1204.36 770.62 1085.66 616.43 237.4 308.39
6922868290932_camera2-21.jpg 192 1201.28 767.38 1090.33 621.0 221.9 292.75
6922868290932_camera2-23.jpg 192 1190.1 766.13 1042.78 592.51 294.63 347.24
6922868290932_camera2-26.jpg 192 1178.58 764.9 1009.3 601.17 338.56 327.46
6922868290932_camera2-25.jpg 192 1184.54 762.01 1016.66 584.76 335.76 354.51
6922868290932_camera2-28.jpg 192 1172.99 767.45 998.06 613.56 349.87 307.78
6922868290932_camera2-2.jpg 192 1165.58 812.14 1036.0 653.18 259.15 317.93
6922868290932_camera2-34.jpg 192 1155.93 783.3 979.88 622.21 352.1 322.18
6922868290932_camera2-33.jpg 192 1159.54 778.39 989.24 631.05 340.6 294.68
6922868290932_camera2-38.jpg 192 1154.66 795.03 1009.9 623.77 289.52 342.53
6922868290932_camera2-39.jpg 192 1159.51 803.04 1021.99 639.34 275.03 327.39
6922868290932_camera2-3.jpg 192 1168.45 815.8 1026.53 647.71 283.85 336.18
6922868290932_camera2-40.jpg 192 1155.89 802.96 1040.15 642.49 231.49 320.93
6922868290932_camera2-9.jpg 192 1191.14 811.64 1030.19 676.06 321.91 271.17
6922868290932_camera3-11.jpg 192 1374.26 1405.77 1217.73 1282.15 313.05 247.23
6922868290932_camera3-13.jpg 192 1375.11 1408.71 1186.4 1280.27 377.41 256.89
6922868290932_camera3-15.jpg 192 1382.67 1410.02 1176.01 1284.22 413.33 251.59
6922868290932_camera3-16.jpg 192 1384.75 1410.62 1179.57 1281.72 410.37 257.8
6922868290932_camera3-17.jpg 192 1392.67 1406.86 1191.75 1288.22 401.84 237.28
6922868290932_camera3-19.jpg 192 1397.47 1402.95 1215.67 1293.64 363.6 218.62
6922868290932_camera3-20.jpg 192 1418.04 1399.49 1237.26 1298.23 361.55 202.52
6922868290932_camera3-1.jpg 192 1354.5 1390.89 1163.79 1284.35 381.43 213.08
6922868290932_camera3-30.jpg 192 1404.38 1388.25 1265.08 1268.85 278.61 238.81
6922868290932_camera3-2.jpg 192 1348.55 1396.69 1154.29 1292.03 388.51 209.32
6922868290932_camera3-38.jpg 192 1355.83 1383.26 1169.16 1273.66 373.34 219.2
6922868290932_camera3-39.jpg 192 1352.7 1384.99 1183.03 1278.74 339.35 212.49
6922868290932_camera3-40.jpg 192 1359.74 1385.57 1179.89 1286.23 359.69 198.68
6922868290932_camera3-6.jpg 192 1346.33 1397.48 1157.4 1274.47 377.86 246.02
6922868290932_camera3-5.jpg 192 1346.61 1404.04 1142.74 1268.57 407.74 270.95
6922868290932_camera3-7.jpg 192 1346.08 1400.74 1168.93 1277.1 354.3 247.28
