6922266426001-back_camera0-10.jpg 193 1415.72 1051.62 1274.36 955.79 282.72 191.65
6922266426001-back_camera0-12.jpg 193 1427.83 1051.25 1265.47 954.82 324.72 192.85
6922266426001-back_camera0-15.jpg 193 1422.49 1050.54 1211.92 952.73 421.14 195.61
6922266426001-back_camera0-14.jpg 193 1426.53 1050.88 1232.16 956.41 388.74 188.93
6922266426001-back_camera0-17.jpg 193 1422.2 1052.52 1204.53 960.05 435.34 184.94
6922266426001-back_camera0-11.jpg 193 1426.62 1050.55 1288.37 952.71 276.51 195.68
6922266426001-back_camera0-16.jpg 193 1422.89 1053.77 1204.52 958.06 436.75 191.43
6922266426001-back_camera0-24.jpg 193 1430.42 1058.45 1215.87 974.21 429.1 168.49
6922266426001-back_camera0-25.jpg 193 1430.99 1061.02 1215.82 974.72 430.34 172.6
6922266426001-back_camera0-26.jpg 193 1427.89 1060.93 1218.02 975.74 419.75 170.39
6922266426001-back_camera0-30.jpg 193 1434.0 1058.35 1300.12 972.72 267.77 171.26
6922266426001-back_camera1-11.jpg 193 1264.66 1122.24 1121.94 960.49 285.44 323.5
6922266426001-back_camera1-10.jpg 193 1260.66 1121.56 1136.24 965.45 248.85 312.21
6922266426001-back_camera1-20.jpg 193 1262.88 1135.71 1092.67 1018.22 340.42 234.98
6922266426001-back_camera1-21.jpg 193 1260.16 1142.34 1077.24 1000.74 365.84 283.2
6922266426001-back_camera1-1.jpg 193 1280.86 1118.7 1105.63 984.71 350.45 267.99
6922266426001-back_camera1-18.jpg 193 1255.86 1137.04 1069.09 992.36 373.54 289.36
6922266426001-back_camera1-19.jpg 193 1253.56 1133.33 1077.54 1006.47 352.04 253.72
6922266426001-back_camera1-23.jpg 193 1265.62 1142.72 1072.37 980.64 386.5 324.17
6922266426001-back_camera1-22.jpg 193 1273.32 1141.89 1076.42 989.96 393.8 303.86
6922266426001-back_camera1-40.jpg 193 1283.47 1116.0 1108.54 992.36 349.87 247.27
6922266426001-back_camera1-38.jpg 193 1279.53 1115.99 1090.13 968.68 378.8 294.63
6922266426001-back_camera1-4.jpg 193 1266.4 1117.91 1075.32 949.82 382.17 336.18
6922266426001-back_camera1-37.jpg 193 1275.59 1130.47 1082.24 971.32 386.7 318.3
6922266426001-back_camera1-6.jpg 193 1260.6 1119.12 1080.6 943.2 360.0 351.85
6922266426001-back_camera1-5.jpg 193 1265.35 1120.02 1073.66 946.04 383.38 347.96
6922266426001-back_camera1-8.jpg 193 1259.8 1114.68 1103.28 939.75 313.04 349.87
6922266426001-back_camera1-7.jpg 193 1258.57 1114.23 1088.1 943.76 340.94 340.94
6922266426001-back_camera2-12.jpg 193 1199.3 780.6 1032.26 639.86 334.08 281.47
6922266426001-back_camera1-9.jpg 193 1252.93 1120.47 1117.64 955.71 270.57 329.51
6922266426001-back_camera2-13.jpg 193 1201.84 774.29 1035.33 629.19 333.01 290.19
6922266426001-back_camera2-18.jpg 193 1187.83 764.12 1037.97 590.22 299.71 347.81
6922266426001-back_camera2-1.jpg 193 1195.36 806.9 1079.61 647.75 231.49 318.3
6922266426001-back_camera2-16.jpg 193 1194.04 758.24 1024.37 576.73 339.34 363.02
6922266426001-back_camera2-20.jpg 193 1178.03 764.51 1052.83 601.39 250.4 326.24
6922266426001-back_camera2-26.jpg 193 1153.19 777.01 982.72 607.33 340.94 339.35
6922266426001-back_camera2-29.jpg 193 1152.98 795.41 989.34 654.8 327.28 281.22
6922266426001-back_camera2-28.jpg 193 1149.7 784.07 978.57 635.14 342.26 297.86
6922266426001-back_camera2-24.jpg 193 1161.74 770.27 999.09 591.17 325.3 358.21
6922266426001-back_camera2-2.jpg 193 1196.94 807.69 1073.93 643.91 246.02 327.57
6922266426001-back_camera2-25.jpg 193 1160.31 772.89 986.94 593.41 346.73 358.97
6922266426001-back_camera2-27.jpg 193 1151.66 782.19 975.55 616.99 352.22 330.4
6922266426001-back_camera2-33.jpg 193 1162.24 805.99 991.77 658.51 340.94 294.95
6922266426001-back_camera2-31.jpg 193 1156.68 797.43 1004.05 680.88 305.26 233.11
6922266426001-back_camera2-34.jpg 193 1166.48 809.76 988.14 643.67 356.68 332.19
6922266426001-back_camera2-35.jpg 193 1168.8 812.23 982.43 638.65 372.74 347.16
6922266426001-back_camera2-30.jpg 193 1152.08 793.95 995.96 676.86 312.23 234.18
6922266426001-back_camera2-36.jpg 193 1173.75 809.97 1008.17 635.14 331.16 349.66
6922266426001-back_camera2-32.jpg 193 1157.99 804.18 996.8 675.94 322.38 256.48
6922266426001-back_camera2-38.jpg 193 1177.74 814.77 1021.47 635.73 312.54 358.08
6922266426001-back_camera2-37.jpg 193 1174.35 813.84 1013.57 639.08 321.55 349.52
6922266426001-back_camera2-3.jpg 193 1199.3 808.22 1055.93 631.97 286.73 352.5
6922266426001-back_camera2-4.jpg 193 1199.3 801.64 1037.52 618.82 323.56 365.65
6922266426001-back_camera2-39.jpg 193 1181.33 809.84 1045.74 643.33 271.17 333.01
6922266426001-back_camera2-40.jpg 193 1185.61 813.06 1064.16 653.67 242.89 318.79
6922266426001-back_camera2-8.jpg 193 1206.9 795.49 1035.53 641.68 342.74 307.63
6922266426001-back_camera2-5.jpg 193 1208.51 801.64 1040.15 621.45 336.71 360.39
6922266426001-back_camera2-9.jpg 193 1204.66 786.1 1035.78 648.93 337.77 274.34
6922266426001-back_camera2-6.jpg 193 1205.09 798.66 1031.05 625.38 348.08 346.56
6922266426001-back_camera3-16.jpg 193 1389.61 1326.01 1190.6 1216.59 398.03 218.84
6922266426001-back_camera3-14.jpg 193 1393.44 1329.71 1196.5 1214.07 393.88 231.29
6922266426001-back_camera3-19.jpg 193 1384.75 1330.39 1197.98 1221.22 373.54 218.34
6922266426001-back_camera3-20.jpg 193 1395.36 1328.25 1223.51 1237.96 343.69 180.58
6922266426001-back_camera3-25.jpg 193 1389.76 1337.38 1190.91 1221.74 397.7 231.29
6922266426001_camera0-12.jpg 193 1386.07 1235.68 1240.07 1137.04 291.99 197.29
6922266426001_camera0-36.jpg 193 1424.22 1230.42 1216.4 1137.04 415.63 186.77
6922266426001_camera1-10.jpg 193 1242.03 1137.5 1096.38 966.79 291.3 341.42
6922266426001_camera1-11.jpg 193 1254.55 1139.67 1126.96 973.95 255.17 331.45
6922266426001_camera1-12.jpg 193 1260.41 1142.91 1123.67 981.26 273.47 323.3
6922266426001_camera1-16.jpg 193 1272.09 1148.32 1074.75 972.35 394.67 351.94
6922266426001_camera1-17.jpg 193 1271.73 1147.17 1076.39 974.75 390.67 344.84
6922266426001_camera1-18.jpg 193 1272.25 1149.42 1078.56 989.03 387.38 320.78
6922266426001_camera1-22.jpg 193 1292.39 1141.05 1117.63 1009.23 349.52 263.63
6922266426001_camera1-2.jpg 193 1251.91 1112.06 1071.72 984.47 360.39 255.17
6922266426001_camera1-3.jpg 193 1253.62 1113.26 1073.64 970.54 359.97 285.44
6922266426001_camera1-6.jpg 193 1245.52 1122.4 1056.97 954.09 377.09 336.63
6922266426001_camera1-4.jpg 193 1257.17 1113.37 1061.19 945.01 391.96 336.71
6922266426001_camera1-5.jpg 193 1247.33 1120.44 1052.78 952.56 389.1 335.77
6922266426001_camera1-7.jpg 193 1241.38 1126.52 1053.3 952.9 376.17 347.24
6922266426001_camera2-12.jpg 193 1199.28 799.28 1047.04 680.35 304.47 237.86
6922266426001_camera2-10.jpg 193 1189.79 813.78 1022.12 686.55 335.33 254.46
6922266426001_camera2-15.jpg 193 1200.65 793.95 1030.75 632.2 339.81 323.5
6922266426001_camera2-11.jpg 193 1193.47 807.47 1042.41 700.17 302.12 214.61
6922266426001_camera2-13.jpg 193 1199.31 800.33 1029.63 653.01 339.35 294.63
6922266426001_camera2-16.jpg 193 1202.7 786.25 1036.2 614.98 333.01 342.53
6922266426001_camera2-14.jpg 193 1203.28 795.8 1033.43 638.55 339.69 314.5
6922266426001_camera2-17.jpg 193 1202.32 789.25 1034.07 609.54 336.5 359.42
6922266426001_camera2-18.jpg 193 1195.36 783.22 1029.63 603.03 331.45 360.39
6922266426001_camera2-19.jpg 193 1200.11 780.51 1061.47 609.25 277.28 342.53
6922266426001_camera2-20.jpg 193 1202.72 771.87 1078.45 607.33 248.54 329.08
6922266426001_camera2-1.jpg 193 1163.42 801.35 1055.4 649.82 216.03 303.05
6922266426001_camera2-25.jpg 193 1186.14 768.76 1019.1 584.62 334.08 368.28
6922266426001_camera2-23.jpg 193 1192.16 769.4 1051.07 601.52 282.18 335.76
6922266426001_camera2-27.jpg 193 1178.44 766.6 1004.8 607.23 347.28 318.74
6922266426001_camera2-24.jpg 193 1186.15 770.08 1024.37 587.25 323.56 365.65
6922266426001_camera2-21.jpg 193 1194.89 768.61 1091.82 624.3 206.15 288.61
6922266426001_camera2-29.jpg 193 1169.39 767.36 999.55 637.21 339.69 260.3
6922266426001_camera2-22.jpg 193 1197.98 767.44 1066.45 600.4 263.06 334.08
6922266426001_camera2-26.jpg 193 1178.57 764.8 995.33 589.39 366.48 350.82
6922266426001_camera2-31.jpg 193 1164.06 770.15 1018.17 667.87 291.78 204.56
6922266426001_camera2-2.jpg 193 1166.41 797.7 1045.41 634.6 242.01 326.19
6922266426001_camera2-30.jpg 193 1167.93 770.99 1007.77 652.85 320.32 236.28
6922266426001_camera2-28.jpg 193 1176.94 764.81 1000.69 600.4 352.5 328.82
6922266426001_camera2-33.jpg 193 1162.66 776.93 991.75 628.36 341.83 297.15
6922266426001_camera2-32.jpg 193 1164.2 775.63 1011.96 660.1 304.47 231.07
6922266426001_camera2-34.jpg 193 1160.56 778.96 986.59 616.34 347.93 325.24
6922266426001_camera2-36.jpg 193 1159.85 785.86 982.28 597.77 355.13 376.17
6922266426001_camera2-37.jpg 193 1153.26 795.06 990.17 608.29 326.19 373.54
6922266426001_camera2-39.jpg 193 1158.69 795.0 1020.05 624.08 277.28 341.83
6922266426001_camera2-38.jpg 193 1157.25 791.93 1003.43 619.08 307.64 345.7
6922266426001_camera2-35.jpg 193 1163.79 781.92 984.91 610.93 357.76 341.98
6922266426001_camera2-3.jpg 193 1172.69 804.29 1037.9 641.75 269.58 325.08
6922266426001_camera2-40.jpg 193 1162.71 798.62 1037.52 634.89 250.38 327.47
6922266426001_camera2-6.jpg 193 1186.14 813.48 1005.95 634.6 360.39 357.76
6922266426001_camera2-7.jpg 193 1182.15 810.2 1006.81 647.09 350.68 326.21
6922266426001_camera2-9.jpg 193 1180.88 813.48 998.06 666.17 365.65 294.63
6922266426001_camera3-15.jpg 193 1391.35 1319.96 1192.9 1196.95 396.89 246.02
6922266426001_camera3-18.jpg 193 1387.66 1315.83 1206.09 1208.0 363.14 215.66
6922266426001_camera3-16.jpg 193 1384.75 1321.18 1179.57 1192.28 410.37 257.8
6922266426001_camera3-17.jpg 193 1387.31 1315.92 1187.1 1198.56 400.42 234.73
6922266426001_camera3-1.jpg 193 1400.65 1317.45 1213.08 1206.0 375.15 222.91
6922266426001_camera3-22.jpg 193 1394.46 1323.15 1200.48 1216.55 387.96 213.2
6922266426001_camera3-23.jpg 193 1397.46 1324.77 1201.62 1215.35 391.68 218.84
6922266426001_camera3-24.jpg 193 1393.26 1326.07 1194.04 1209.69 398.45 232.76
6922266426001_camera3-33.jpg 193 1403.17 1318.55 1211.14 1197.55 384.06 242.01
6922266426001_camera3-37.jpg 193 1396.59 1319.87 1195.35 1210.7 402.48 218.34
