6901687353417-back_camera0-10.jpg 194 1413.28 1124.98 1035.87 1021.91 754.82 206.15
6901687353417-back_camera0-12.jpg 194 1524.88 1116.97 1112.41 1018.8 824.94 196.34
6901687353417-back_camera0-13.jpg 194 1514.24 1122.62 1055.16 1030.8 918.16 183.63
6901687353417-back_camera0-11.jpg 194 1482.03 1122.41 1101.01 1020.53 762.03 203.76
6901687353417-back_camera0-17.jpg 194 1442.24 1119.34 897.98 1026.0 1088.52 186.67
6901687353417-back_camera0-16.jpg 194 1463.32 1128.06 923.36 1031.33 1079.91 193.46
6901687353417-back_camera0-14.jpg 194 1502.72 1128.47 995.4 1034.74 1014.65 187.47
6901687353417-back_camera0-19.jpg 194 1405.07 1116.41 885.66 1037.02 1038.82 158.79
6901687353417-back_camera0-15.jpg 194 1487.52 1124.4 961.24 1029.6 1052.56 189.61
6901687353417-back_camera0-1.jpg 194 1463.4 1117.55 939.31 1045.4 1048.19 144.3
6901687353417-back_camera0-22.jpg 194 1466.29 1103.36 955.23 1043.72 1022.11 119.27
6901687353417-back_camera0-24.jpg 194 1431.58 1120.11 890.35 1045.56 1082.46 149.1
6901687353417-back_camera0-21.jpg 194 1441.03 1109.16 932.26 1049.04 1017.53 120.25
6901687353417-back_camera0-20.jpg 194 1405.3 1113.31 899.07 1040.99 1012.45 144.64
6901687353417-back_camera0-25.jpg 194 1406.14 1119.28 861.96 1041.42 1088.37 155.72
6901687353417-back_camera0-27.jpg 194 1374.22 1127.18 865.98 1039.17 1016.47 176.02
6901687353417-back_camera0-2.jpg 194 1490.68 1122.26 969.56 1047.31 1042.25 149.9
6901687353417-back_camera0-23.jpg 194 1449.98 1116.06 922.48 1051.03 1055.0 130.05
6901687353417-back_camera0-28.jpg 194 1356.47 1128.32 875.83 1038.87 961.29 178.91
6901687353417-back_camera0-26.jpg 194 1388.7 1122.57 843.04 1036.89 1091.32 171.36
6901687353417-back_camera0-34.jpg 194 1461.72 1132.53 959.83 1031.04 1003.79 202.98
6901687353417-back_camera0-35.jpg 194 1451.38 1131.51 919.63 1025.77 1063.5 211.49
6901687353417-back_camera0-38.jpg 194 1408.03 1130.41 862.05 1027.01 1091.96 206.8
6901687353417-back_camera0-36.jpg 194 1440.51 1132.39 888.27 1025.09 1104.48 214.61
6901687353417-back_camera0-4.jpg 194 1467.72 1131.02 913.77 1035.26 1107.91 191.52
6901687353417-back_camera0-40.jpg 194 1410.93 1119.79 891.04 1028.95 1039.78 181.67
6901687353417-back_camera0-37.jpg 194 1425.1 1131.37 873.78 1028.69 1102.63 205.36
6901687353417-back_camera0-3.jpg 194 1478.28 1129.02 936.03 1041.51 1084.51 175.02
6901687353417-back_camera0-39.jpg 194 1390.96 1129.16 858.37 1031.42 1065.18 195.48
6901687353417-back_camera0-5.jpg 194 1453.3 1132.14 899.65 1031.03 1107.3 202.23
6901687353417-back_camera0-6.jpg 194 1436.48 1134.17 902.08 1030.31 1068.8 207.73
6901687353417-back_camera0-7.jpg 194 1424.93 1133.71 911.39 1028.52 1027.08 210.39
6901687353417-back_camera0-9.jpg 194 1400.88 1132.06 973.22 1023.71 855.32 216.69
6901687353417-back_camera1-10.jpg 194 1220.97 1180.26 892.36 849.13 657.23 662.27
6901687353417-back_camera0-8.jpg 194 1412.5 1131.49 930.97 1021.89 963.06 219.2
6901687353417-back_camera1-11.jpg 194 1271.07 1184.67 932.29 841.09 677.55 687.17
6901687353417-back_camera1-13.jpg 194 1258.93 1213.96 802.33 819.76 913.19 788.41
6901687353417-back_camera1-17.jpg 194 1221.74 1218.36 709.46 859.51 1024.57 717.7
6901687353417-back_camera1-16.jpg 194 1236.55 1217.76 731.48 837.57 1010.13 760.37
6901687353417-back_camera1-20.jpg 194 1231.48 1199.99 772.05 953.87 918.87 492.25
6901687353417-back_camera1-18.jpg 194 1214.4 1211.25 723.68 897.3 981.44 627.9
6901687353417-back_camera1-19.jpg 194 1207.86 1204.41 744.84 932.73 926.03 543.36
6901687353417-back_camera1-22.jpg 194 1279.62 1220.74 798.29 903.45 962.65 634.57
6901687353417-back_camera1-21.jpg 194 1278.81 1210.58 816.02 936.7 925.58 547.76
6901687353417-back_camera1-23.jpg 194 1268.07 1236.06 753.98 869.66 1028.18 732.8
6901687353417-back_camera1-24.jpg 194 1270.07 1239.44 763.93 864.24 1012.29 750.4
6901687353417-back_camera1-25.jpg 194 1262.44 1243.45 757.63 842.87 1009.62 801.17
6901687353417-back_camera1-26.jpg 194 1253.37 1246.84 765.47 836.02 975.79 821.64
6901687353417-back_camera1-27.jpg 194 1257.09 1232.69 819.04 834.4 876.09 796.58
6901687353417-back_camera1-28.jpg 194 1252.27 1233.33 849.73 846.97 805.08 772.71
6901687353417-back_camera1-29.jpg 194 1261.71 1216.7 923.02 860.32 677.39 712.75
6901687353417-back_camera1-30.jpg 194 1316.37 1211.03 981.74 871.43 669.26 679.2
6901687353417-back_camera1-31.jpg 194 1338.31 1213.85 988.77 850.13 699.08 727.44
6901687353417-back_camera1-2.jpg 194 1301.86 1169.45 829.17 871.59 945.38 595.72
6901687353417-back_camera1-32.jpg 194 1338.73 1218.49 928.37 831.56 820.72 773.86
6901687353417-back_camera1-33.jpg 194 1334.26 1220.12 883.84 818.79 900.83 802.67
6901687353417-back_camera1-37.jpg 194 1290.36 1187.38 794.54 827.55 991.63 719.67
6901687353417-back_camera1-34.jpg 194 1327.83 1215.21 852.8 808.25 950.06 813.93
6901687353417-back_camera1-35.jpg 194 1315.53 1198.61 822.7 798.54 985.66 800.13
6901687353417-back_camera1-38.jpg 194 1273.79 1177.02 787.31 851.76 972.96 650.52
6901687353417-back_camera1-36.jpg 194 1303.49 1196.13 803.98 814.76 999.03 762.75
6901687353417-back_camera1-3.jpg 194 1285.15 1168.2 793.15 835.94 984.01 664.52
6901687353417-back_camera1-4.jpg 194 1261.14 1176.8 757.68 814.42 1006.92 724.75
6901687353417-back_camera1-39.jpg 194 1261.88 1160.82 817.87 887.93 888.03 545.77
6901687353417-back_camera1-9.jpg 194 1201.36 1188.15 828.42 821.6 745.87 733.11
6901687353417-back_camera1-5.jpg 194 1245.56 1184.25 752.38 806.84 986.35 754.82
6901687353417-back_camera1-8.jpg 194 1206.2 1185.36 789.57 800.2 833.26 770.31
6901687353417-back_camera1-7.jpg 194 1217.61 1189.02 763.04 799.47 909.14 779.09
6901687353417-back_camera1-6.jpg 194 1233.78 1187.94 754.61 799.43 958.33 777.02
6901687353417-back_camera2-11.jpg 194 1164.79 822.57 756.44 516.93 816.69 611.28
6901687353417-back_camera2-14.jpg 194 1186.76 829.49 717.37 388.14 938.78 882.69
6901687353417-back_camera2-10.jpg 194 1151.95 822.69 753.42 537.27 797.07 570.84
6901687353417-back_camera2-12.jpg 194 1174.92 828.26 736.05 469.51 877.74 717.51
6901687353417-back_camera2-15.jpg 194 1192.25 828.47 736.21 377.98 912.08 900.98
6901687353417-back_camera2-13.jpg 194 1177.77 827.49 709.5 405.78 936.54 843.43
6901687353417-back_camera2-16.jpg 194 1198.31 831.41 747.89 368.62 900.83 925.58
6901687353417-back_camera2-17.jpg 194 1198.88 828.01 778.91 368.27 839.93 919.48
6901687353417-back_camera2-1.jpg 194 1155.73 782.51 852.28 374.84 606.91 815.35
6901687353417-back_camera2-19.jpg 194 1213.95 813.29 887.01 391.65 653.89 843.29
6901687353417-back_camera2-21.jpg 194 1215.63 810.78 911.23 404.09 608.8 813.39
6901687353417-back_camera2-18.jpg 194 1206.89 821.17 829.48 375.31 754.82 891.73
6901687353417-back_camera2-20.jpg 194 1212.18 814.35 925.04 417.13 574.29 794.44
6901687353417-back_camera2-23.jpg 194 1218.75 799.92 806.28 338.78 824.94 922.28
6901687353417-back_camera2-22.jpg 194 1217.71 805.59 863.9 368.91 707.63 873.35
6901687353417-back_camera2-25.jpg 194 1217.2 791.22 766.45 325.36 901.49 931.71
6901687353417-back_camera2-26.jpg 194 1216.01 782.83 753.03 333.32 925.96 899.01
6901687353417-back_camera2-24.jpg 194 1218.45 793.73 791.63 332.91 853.65 921.64
6901687353417-back_camera2-29.jpg 194 1203.92 764.75 790.98 455.75 825.88 618.0
6901687353417-back_camera2-27.jpg 194 1211.7 783.98 749.47 371.35 924.46 825.25
6901687353417-back_camera2-28.jpg 194 1208.92 771.49 762.96 397.13 891.92 748.71
6901687353417-back_camera2-2.jpg 194 1151.72 788.69 804.22 358.09 695.01 861.2
6901687353417-back_camera2-30.jpg 194 1200.03 762.67 812.55 495.39 774.97 534.56
6901687353417-back_camera2-31.jpg 194 1201.71 762.69 792.06 455.28 819.3 614.83
6901687353417-back_camera2-32.jpg 194 1192.01 766.03 753.86 398.38 876.31 735.3
6901687353417-back_camera2-33.jpg 194 1185.22 757.9 728.22 352.56 914.0 810.69
6901687353417-back_camera2-36.jpg 194 1166.83 758.48 723.64 297.66 886.38 921.64
6901687353417-back_camera2-34.jpg 194 1180.98 761.3 716.54 328.2 928.88 866.19
6901687353417-back_camera2-39.jpg 194 1155.19 771.49 836.14 356.72 638.1 829.53
6901687353417-back_camera2-35.jpg 194 1174.11 757.44 712.97 307.85 922.28 899.18
6901687353417-back_camera2-37.jpg 194 1163.06 758.48 746.31 300.18 833.5 916.6
6901687353417-back_camera2-3.jpg 194 1151.24 790.49 754.44 333.47 793.59 914.03
6901687353417-back_camera2-38.jpg 194 1159.28 767.29 776.52 320.32 765.51 893.94
6901687353417-back_camera2-40.jpg 194 1152.69 771.12 869.8 376.2 565.78 789.83
6901687353417-back_camera2-5.jpg 194 1149.2 801.29 698.46 340.47 901.49 921.64
6901687353417-back_camera2-4.jpg 194 1146.22 794.64 718.43 330.79 855.58 927.7
6901687353417-back_camera2-6.jpg 194 1148.01 802.96 685.02 345.24 925.97 915.44
6901687353417-back_camera2-7.jpg 194 1146.68 817.65 680.83 393.35 931.71 848.61
6901687353417-back_camera2-8.jpg 194 1152.18 819.05 695.2 432.98 913.97 772.14
6901687353417-back_camera3-10.jpg 194 1480.34 1399.88 1090.75 1209.94 779.18 379.88
6901687353417-back_camera3-12.jpg 194 1462.36 1396.15 984.91 1189.65 954.9 413.0
6901687353417-back_camera2-9.jpg 194 1157.2 822.56 726.13 477.27 862.15 690.57
6901687353417-back_camera3-11.jpg 194 1475.66 1399.88 1033.19 1195.91 884.94 407.94
6901687353417-back_camera3-14.jpg 194 1430.18 1402.29 907.14 1200.46 1046.09 403.65
6901687353417-back_camera3-13.jpg 194 1446.4 1400.71 937.01 1189.5 1018.79 422.43
6901687353417-back_camera3-15.jpg 194 1408.39 1394.85 886.06 1201.67 1044.67 386.35
6901687353417-back_camera3-18.jpg 194 1361.36 1377.6 875.79 1244.51 971.13 266.18
6901687353417-back_camera3-16.jpg 194 1381.94 1391.13 861.78 1210.57 1040.33 361.13
6901687353417-back_camera3-19.jpg 194 1400.48 1372.34 912.99 1249.31 974.98 246.06
6901687353417-back_camera3-1.jpg 194 1438.2 1412.66 916.37 1214.67 1043.67 395.97
6901687353417-back_camera3-17.jpg 194 1361.86 1379.83 858.4 1219.42 1006.92 320.82
6901687353417-back_camera3-20.jpg 194 1426.37 1380.62 943.54 1233.86 965.66 293.53
6901687353417-back_camera3-21.jpg 194 1416.21 1391.76 906.52 1224.33 1019.38 334.86
6901687353417-back_camera3-22.jpg 194 1392.05 1397.4 867.18 1211.94 1049.73 370.92
6901687353417-back_camera3-23.jpg 194 1371.18 1402.5 845.21 1204.54 1051.93 395.92
6901687353417-back_camera3-24.jpg 194 1354.95 1409.54 840.63 1206.96 1028.63 405.16
6901687353417-back_camera3-27.jpg 194 1316.49 1410.18 892.91 1213.89 847.16 392.58
6901687353417-back_camera3-28.jpg 194 1318.73 1405.83 951.75 1220.57 733.96 370.52
6901687353417-back_camera3-26.jpg 194 1321.68 1412.31 858.79 1203.58 925.79 417.46
6901687353417-back_camera3-29.jpg 194 1389.12 1401.63 1021.89 1212.0 734.47 379.26
6901687353417-back_camera3-30.jpg 194 1430.72 1411.24 1041.17 1204.01 779.09 414.46
6901687353417-back_camera3-25.jpg 194 1337.16 1409.0 842.91 1201.82 988.51 414.36
6901687353417-back_camera3-2.jpg 194 1421.75 1414.84 885.85 1204.45 1071.8 420.77
6901687353417-back_camera3-32.jpg 194 1427.37 1419.34 946.88 1195.74 960.97 447.19
6901687353417-back_camera3-33.jpg 194 1414.08 1420.2 902.14 1193.23 1023.87 453.95
6901687353417-back_camera3-31.jpg 194 1431.88 1415.14 995.27 1199.61 873.23 431.06
6901687353417-back_camera3-34.jpg 194 1400.68 1420.27 870.35 1200.48 1060.67 439.58
6901687353417-back_camera3-35.jpg 194 1386.39 1425.14 852.01 1209.65 1068.77 430.99
6901687353417-back_camera3-37.jpg 194 1362.45 1404.77 856.46 1232.71 1011.98 344.11
6901687353417-back_camera3-38.jpg 194 1370.69 1397.29 872.19 1248.8 997.0 296.98
6901687353417-back_camera3-36.jpg 194 1372.79 1415.43 845.47 1220.63 1054.64 389.6
6901687353417-back_camera3-39.jpg 194 1415.4 1400.23 912.75 1249.01 1005.31 302.44
6901687353417-back_camera3-3.jpg 194 1411.99 1420.74 883.18 1194.11 1057.62 453.26
6901687353417-back_camera3-5.jpg 194 1383.83 1422.45 883.91 1193.36 999.83 458.19
6901687353417-back_camera3-6.jpg 194 1374.22 1417.28 912.75 1187.96 922.95 458.64
6901687353417-back_camera3-7.jpg 194 1367.36 1414.57 948.55 1199.44 837.61 430.26
6901687353417-back_camera3-9.jpg 194 1439.43 1394.42 1072.33 1213.64 734.21 361.55
6901687353417-back_camera3-40.jpg 194 1450.62 1404.53 951.41 1234.12 998.41 340.82
6901687353417-back_camera3-8.jpg 194 1366.25 1405.49 1003.64 1209.38 725.22 392.21
6901687353417-back_camera3-4.jpg 194 1394.53 1423.53 876.15 1194.42 1036.76 458.22
6901687353417_camera0-19.jpg 194 1406.05 1114.37 889.32 1026.86 1033.46 175.02
6901687353417_camera0-1.jpg 194 1467.12 1112.46 941.98 1037.09 1050.27 150.75
6901687353417_camera0-21.jpg 194 1432.17 1109.52 922.3 1035.38 1019.75 148.28
6901687353417_camera0-2.jpg 194 1487.12 1111.96 961.64 1039.78 1050.97 144.36
6901687353417_camera0-36.jpg 194 1430.66 1123.24 880.68 1023.84 1099.97 198.79
6901687353417_camera0-37.jpg 194 1425.51 1127.86 865.5 1028.46 1120.03 198.79
6901687353417_camera0-38.jpg 194 1407.66 1125.46 857.68 1030.05 1099.97 190.82
6901687353417_camera0-6.jpg 194 1443.97 1126.96 900.93 1024.43 1086.09 205.06
6901687353417_camera0-7.jpg 194 1428.89 1133.3 905.65 1027.51 1046.48 211.57
6901687353417_camera0-5.jpg 194 1452.81 1126.71 897.74 1032.66 1110.13 188.09
6901687353417_camera0-39.jpg 194 1392.07 1120.48 867.79 1034.27 1048.55 172.43
6901687353417_camera0-4.jpg 194 1465.04 1123.65 902.63 1028.95 1124.82 189.4
6901687353417_camera0-40.jpg 194 1399.91 1114.69 884.33 1033.02 1031.17 163.34
6901687353417_camera1-14.jpg 194 1261.12 1247.52 769.2 829.26 983.84 836.52
6901687353417_camera1-15.jpg 194 1254.12 1244.77 748.55 841.73 1011.14 806.08
6901687353417_camera1-11.jpg 194 1262.65 1210.4 911.14 851.49 703.02 717.82
6901687353417_camera1-17.jpg 194 1246.71 1235.57 736.19 879.9 1021.04 711.33
6901687353417_camera1-18.jpg 194 1240.39 1229.01 748.28 904.17 984.23 649.68
6901687353417_camera1-23.jpg 194 1314.35 1232.71 804.66 866.4 1019.38 732.62
6901687353417_camera1-25.jpg 194 1293.03 1228.01 794.4 818.29 997.26 819.45
6901687353417_camera1-26.jpg 194 1282.16 1223.85 800.77 810.85 962.79 826.0
6901687353417_camera1-2.jpg 194 1260.64 1153.72 785.18 848.46 950.93 610.52
6901687353417_camera1-29.jpg 194 1278.88 1188.87 938.46 830.66 680.83 716.42
6901687353417_camera1-33.jpg 194 1328.85 1175.39 876.31 782.96 905.08 784.87
6901687353417_camera1-36.jpg 194 1275.29 1157.78 778.86 790.85 992.86 733.86
6901687353417_camera1-35.jpg 194 1302.05 1170.14 807.17 784.45 989.77 771.39
6901687353417_camera1-34.jpg 194 1316.46 1175.72 840.47 779.75 951.98 791.94
6901687353417_camera1-3.jpg 194 1242.45 1163.94 746.64 822.61 991.63 682.67
6901687353417_camera1-4.jpg 194 1224.83 1180.09 719.76 809.15 1010.13 741.87
6901687353417_camera1-6.jpg 194 1195.05 1199.4 720.71 800.96 948.68 796.89
6901687353417_camera1-5.jpg 194 1200.78 1190.99 706.64 794.19 988.28 793.59
6901687353417_camera2-11.jpg 194 1207.18 838.46 790.24 510.96 833.89 655.01
6901687353417_camera2-12.jpg 194 1210.13 831.45 764.68 465.6 890.91 731.69
6901687353417_camera2-14.jpg 194 1221.65 824.0 745.52 382.06 952.27 883.88
6901687353417_camera2-16.jpg 194 1226.72 810.27 790.73 345.14 871.99 930.27
6901687353417_camera2-1.jpg 194 1141.38 818.21 823.78 399.14 635.2 838.14
6901687353417_camera2-23.jpg 194 1221.66 766.13 808.66 295.26 826.0 941.75
6901687353417_camera2-26.jpg 194 1191.41 743.77 724.48 300.52 933.86 886.51
6901687353417_camera2-25.jpg 194 1204.79 752.37 742.89 296.94 923.8 910.85
6901687353417_camera2-2.jpg 194 1147.99 821.5 784.19 377.69 727.6 887.63
6901687353417_camera2-29.jpg 194 1178.52 750.57 761.95 431.12 833.14 638.89
6901687353417_camera2-4.jpg 194 1154.94 830.29 714.43 359.25 881.03 942.08
6901687353417_camera2-38.jpg 194 1134.99 798.05 762.67 354.5 744.65 887.1
6901687353417_camera2-3.jpg 194 1148.09 826.98 740.29 360.24 815.59 933.48
6901687353417_camera2-8.jpg 194 1178.04 842.44 732.56 478.13 890.96 728.62
6901687353417_camera3-16.jpg 194 1395.03 1390.32 879.79 1205.32 1030.48 370.01
6901687353417_camera3-10.jpg 194 1489.08 1395.83 1110.74 1199.72 756.67 392.21
6901687353417_camera3-14.jpg 194 1432.08 1397.28 910.26 1186.62 1043.64 421.32
6901687353417_camera3-13.jpg 194 1458.01 1404.03 956.89 1184.53 1002.23 438.99
6901687353417_camera3-1.jpg 194 1439.99 1407.99 911.25 1208.07 1057.49 399.85
6901687353417_camera3-21.jpg 194 1417.34 1386.98 916.9 1217.7 1000.88 338.56
6901687353417_camera3-22.jpg 194 1396.57 1390.12 880.41 1201.41 1032.33 377.41
6901687353417_camera3-20.jpg 194 1422.52 1379.72 937.42 1226.08 970.2 307.29
6901687353417_camera3-23.jpg 194 1372.97 1395.44 852.84 1194.84 1040.26 401.2
6901687353417_camera3-24.jpg 194 1355.2 1400.34 839.96 1187.59 1030.48 425.51
6901687353417_camera3-26.jpg 194 1316.37 1405.36 842.86 1189.65 947.01 431.42
6901687353417_camera3-2.jpg 194 1432.48 1411.97 894.62 1208.21 1075.72 407.52
6901687353417_camera3-28.jpg 194 1309.21 1403.07 931.8 1208.81 754.82 388.51
6901687353417_camera3-25.jpg 194 1335.01 1407.33 830.87 1189.95 1008.28 434.76
6901687353417_camera3-29.jpg 194 1359.99 1395.59 990.42 1213.28 739.15 364.62
6901687353417_camera3-32.jpg 194 1416.82 1415.62 927.11 1190.76 979.42 449.71
6901687353417_camera3-37.jpg 194 1361.13 1402.61 845.97 1230.48 1030.33 344.25
6901687353417_camera3-40.jpg 194 1449.13 1397.24 948.51 1240.27 1001.24 313.95
6901687353417_camera3-39.jpg 194 1416.53 1393.41 911.66 1249.87 1009.73 287.08
6901687353417_camera3-9.jpg 194 1434.77 1395.74 1062.64 1210.28 744.26 370.92
6901687353417_camera3-5.jpg 194 1396.78 1418.99 896.34 1196.99 1000.88 444.01
