6930114504085-back_camera0-14.jpg 195 1396.06 1243.27 1247.79 1160.81 296.54 164.92
6930114504085-back_camera0-15.jpg 195 1400.39 1244.52 1224.38 1151.26 352.02 186.52
6930114504085-back_camera0-11.jpg 195 1380.68 1247.14 1303.19 1151.26 154.99 191.77
6930114504085-back_camera0-20.jpg 195 1407.1 1242.3 1204.12 1173.32 405.96 137.96
6930114504085-back_camera0-16.jpg 195 1401.86 1243.58 1205.88 1144.93 391.96 197.29
6930114504085-back_camera0-19.jpg 195 1409.59 1243.21 1190.23 1156.52 438.71 173.38
6930114504085-back_camera0-17.jpg 195 1405.09 1241.55 1198.67 1152.02 412.84 179.06
6930114504085-back_camera0-22.jpg 195 1422.25 1242.34 1217.2 1174.76 410.1 135.15
6930114504085-back_camera0-21.jpg 195 1413.69 1244.9 1197.98 1163.35 431.42 163.1
6930114504085-back_camera0-23.jpg 195 1423.31 1243.11 1211.97 1163.01 422.68 160.2
6930114504085-back_camera0-24.jpg 195 1434.74 1240.95 1219.03 1155.46 431.42 170.99
6930114504085-back_camera0-28.jpg 195 1428.68 1243.64 1275.19 1146.8 306.97 193.68
6930114504085-back_camera0-25.jpg 195 1425.53 1238.32 1211.14 1147.56 428.78 181.51
6930114504085-back_camera0-26.jpg 195 1426.33 1241.36 1243.96 1158.1 364.73 166.51
6930114504085-back_camera0-27.jpg 195 1425.53 1233.06 1250.6 1131.78 349.87 202.55
6930114504085-back_camera0-30.jpg 195 1425.9 1244.76 1339.11 1156.8 173.59 175.92
6930114504085-back_camera0-31.jpg 195 1430.8 1250.16 1340.04 1152.83 181.51 194.66
6930114504085-back_camera0-37.jpg 195 1420.11 1240.57 1221.21 1152.87 397.8 175.41
6930114504085-back_camera0-35.jpg 195 1428.09 1239.32 1256.82 1153.69 342.53 171.26
6930114504085-back_camera0-38.jpg 195 1413.69 1235.69 1197.98 1139.67 431.42 192.03
6930114504085-back_camera1-10.jpg 195 1246.23 1136.55 1178.95 961.89 134.56 349.32
6930114504085-back_camera1-11.jpg 195 1250.59 1138.36 1153.26 955.53 194.66 365.65
6930114504085-back_camera1-17.jpg 195 1267.7 1159.4 1074.35 1023.93 386.7 270.95
6930114504085-back_camera1-18.jpg 195 1263.74 1159.4 1063.82 1044.97 399.85 228.86
6930114504085-back_camera1-19.jpg 195 1269.88 1157.79 1082.31 1074.2 375.15 167.18
6930114504085-back_camera1-22.jpg 195 1283.48 1155.45 1084.87 1047.6 397.22 215.71
6930114504085-back_camera1-21.jpg 195 1283.13 1156.88 1098.28 1077.36 369.71 159.03
6930114504085-back_camera1-23.jpg 195 1283.04 1155.07 1091.18 1030.82 383.71 248.5
6930114504085-back_camera1-26.jpg 195 1279.53 1142.3 1119.07 966.05 320.93 352.5
6930114504085-back_camera1-27.jpg 195 1287.85 1139.35 1155.03 971.58 265.63 335.53
6930114504085-back_camera1-24.jpg 195 1283.93 1152.95 1098.47 1010.13 370.92 285.65
6930114504085-back_camera1-28.jpg 195 1292.68 1131.78 1171.68 947.64 242.01 368.28
6930114504085-back_camera1-25.jpg 195 1287.59 1148.91 1121.76 1000.76 331.65 296.31
6930114504085-back_camera1-29.jpg 195 1288.74 1126.52 1192.72 945.01 192.03 363.02
6930114504085-back_camera1-30.jpg 195 1295.32 1118.63 1213.77 942.38 163.1 352.5
6930114504085-back_camera1-31.jpg 195 1294.27 1121.79 1206.89 947.61 174.76 348.35
6930114504085-back_camera1-7.jpg 195 1243.07 1133.82 1098.12 961.15 289.91 345.34
6930114504085-back_camera1-8.jpg 195 1236.12 1135.72 1111.17 950.27 249.91 370.91
6930114504085-back_camera1-9.jpg 195 1240.14 1136.81 1145.57 956.86 189.15 359.9
6930114504085-back_camera2-14.jpg 195 1200.53 807.53 1033.35 667.53 334.37 280.0
6930114504085-back_camera2-13.jpg 195 1199.43 813.69 1019.48 688.91 359.9 249.57
6930114504085-back_camera2-12.jpg 195 1200.74 812.38 1019.48 704.67 362.53 215.42
6930114504085-back_camera2-15.jpg 195 1205.11 805.22 1048.12 650.27 313.98 309.9
6930114504085-back_camera2-17.jpg 195 1208.62 800.56 1074.64 620.61 267.96 359.9
6930114504085-back_camera2-20.jpg 195 1201.93 783.23 1126.96 595.14 149.94 376.17
6930114504085-back_camera2-27.jpg 195 1183.52 764.82 1005.95 626.71 355.13 276.21
6930114504085-back_camera2-28.jpg 195 1183.9 770.87 1009.24 666.89 349.32 207.96
6930114504085-back_camera2-26.jpg 195 1187.46 762.18 1013.84 608.29 347.24 307.78
6930114504085-back_camera2-29.jpg 195 1180.5 770.87 1009.24 687.28 342.52 167.18
6930114504085-back_camera2-31.jpg 195 1177.06 767.97 999.82 685.74 354.47 164.45
6930114504085-back_camera2-33.jpg 195 1167.9 778.23 990.58 649.5 354.65 257.45
6930114504085-back_camera2-32.jpg 195 1169.89 775.24 998.63 673.3 342.53 203.88
6930114504085-back_camera2-34.jpg 195 1162.47 781.91 995.43 631.97 334.08 299.89
6930114504085-back_camera2-36.jpg 195 1161.34 784.8 1014.22 610.1 294.23 349.39
6930114504085-back_camera2-37.jpg 195 1160.25 790.66 1034.18 618.61 252.14 344.11
6930114504085-back_camera2-35.jpg 195 1159.85 781.92 990.17 618.82 339.35 326.19
6930114504085-back_camera2-38.jpg 195 1159.84 793.17 1051.77 614.63 216.13 357.08
6930114504085-back_camera2-40.jpg 195 1159.72 794.9 1099.24 620.92 120.97 347.96
6930114504085-back_camera2-39.jpg 195 1155.89 793.75 1066.45 608.29 178.88 370.91
6930114504085-back_camera2-5.jpg 195 1175.81 815.47 1020.09 655.72 311.44 319.5
6930114504085-back_camera2-8.jpg 195 1182.71 817.01 1009.41 710.99 346.6 212.04
6930114504085-back_camera2-6.jpg 195 1175.79 816.32 1006.34 665.26 338.89 302.11
6930114504085-back_camera2-9.jpg 195 1186.14 814.79 1008.58 718.78 355.13 192.03
6930114504085-back_camera3-11.jpg 195 1361.11 1401.39 1241.77 1277.06 238.67 248.66
6930114504085-back_camera3-10.jpg 195 1351.87 1398.79 1234.81 1255.42 234.12 286.73
6930114504085-back_camera3-14.jpg 195 1375.44 1406.09 1187.61 1279.99 375.67 252.19
6930114504085-back_camera3-15.jpg 195 1370.29 1401.41 1161.16 1284.35 418.26 234.12
6930114504085-back_camera3-13.jpg 195 1368.04 1401.8 1202.02 1283.55 332.04 236.51
6930114504085-back_camera3-12.jpg 195 1361.09 1401.41 1208.51 1268.57 305.15 265.69
6930114504085-back_camera3-19.jpg 195 1386.51 1402.78 1186.7 1332.1 399.61 141.36
6930114504085-back_camera3-18.jpg 195 1380.69 1404.77 1169.22 1314.14 422.95 181.26
6930114504085-back_camera3-17.jpg 195 1367.65 1404.05 1145.37 1294.88 444.57 218.34
6930114504085-back_camera3-22.jpg 195 1392.38 1404.48 1187.22 1299.55 410.33 209.86
6930114504085-back_camera3-20.jpg 195 1389.88 1406.09 1179.72 1316.77 420.32 178.64
6930114504085-back_camera3-23.jpg 195 1393.96 1397.47 1192.72 1276.46 402.48 242.01
6930114504085-back_camera3-21.jpg 195 1393.82 1403.46 1182.35 1301.01 422.95 204.91
6930114504085-back_camera3-28.jpg 195 1396.95 1395.0 1307.24 1267.23 179.42 255.53
6930114504085-back_camera3-25.jpg 195 1399.08 1402.15 1227.01 1272.11 344.14 260.08
6930114504085-back_camera3-29.jpg 195 1405.41 1391.49 1332.01 1262.75 146.8 257.48
6930114504085-back_camera3-34.jpg 195 1395.36 1389.19 1210.11 1268.37 370.51 241.64
6930114504085-back_camera3-36.jpg 195 1383.36 1386.01 1186.27 1286.79 394.18 198.45
6930114504085-back_camera3-37.jpg 195 1372.81 1386.38 1163.96 1285.24 417.7 202.28
6930114504085-back_camera3-39.jpg 195 1368.19 1384.19 1169.29 1305.88 397.8 156.62
6930114504085-back_camera3-38.jpg 195 1371.5 1383.76 1161.34 1290.5 420.32 186.52
6930114504085-back_camera3-9.jpg 195 1354.51 1401.41 1269.01 1268.57 170.99 265.69
6930114504085_camera0-11.jpg 195 1393.12 1249.01 1320.89 1161.05 144.47 175.92
6930114504085_camera0-12.jpg 195 1405.65 1252.4 1316.33 1151.26 178.64 202.28
6930114504085_camera0-1.jpg 195 1354.42 1235.33 1145.57 1156.52 417.7 157.62
6930114504085_camera0-31.jpg 195 1411.38 1237.95 1334.64 1147.12 153.48 181.67
6930114504085_camera0-30.jpg 195 1414.57 1236.9 1322.14 1153.99 184.85 165.83
6930114504085_camera0-2.jpg 195 1365.02 1242.26 1153.26 1163.35 423.52 157.83
6930114504085_camera0-37.jpg 195 1383.32 1240.58 1187.61 1151.26 391.43 178.64
6930114504085_camera0-32.jpg 195 1415.27 1238.63 1325.52 1148.88 179.5 179.5
6930114504085_camera0-36.jpg 195 1389.88 1237.96 1208.62 1148.64 362.53 178.64
6930114504085_camera0-35.jpg 195 1396.94 1237.19 1240.24 1155.06 313.4 164.27
6930114504085_camera0-5.jpg 195 1353.11 1240.59 1145.57 1156.52 415.07 168.13
6930114504085_camera0-38.jpg 195 1376.37 1237.58 1177.14 1159.52 398.45 156.12
6930114504085_camera0-40.jpg 195 1362.12 1237.25 1156.56 1157.77 411.12 158.96
6930114504085_camera0-6.jpg 195 1356.78 1243.34 1165.69 1164.84 382.17 156.99
6930114504085_camera0-39.jpg 195 1366.25 1239.27 1158.71 1156.52 415.07 165.5
6930114504085_camera0-3.jpg 195 1355.74 1236.64 1142.95 1161.77 425.58 149.74
6930114504085_camera0-7.jpg 195 1358.57 1244.56 1179.15 1164.37 358.84 160.39
6930114504085_camera1-10.jpg 195 1247.96 1163.35 1169.05 971.32 157.83 384.06
6930114504085_camera1-11.jpg 195 1269.04 1165.71 1182.35 977.88 173.38 375.66
6930114504085_camera1-1.jpg 195 1228.38 1134.77 1044.2 1070.88 368.35 127.77
6930114504085_camera1-22.jpg 195 1313.71 1138.13 1121.93 1040.93 383.55 194.4
6930114504085_camera1-24.jpg 195 1304.52 1127.84 1111.17 981.84 386.7 291.99
6930114504085_camera1-25.jpg 195 1297.06 1120.57 1128.51 974.45 337.09 292.23
6930114504085_camera1-29.jpg 195 1279.55 1097.41 1179.72 917.46 199.65 359.9
6930114504085_camera1-31.jpg 195 1278.22 1102.84 1192.72 921.33 170.99 363.02
6930114504085_camera1-30.jpg 195 1277.25 1097.22 1208.21 918.87 138.08 356.7
6930114504085_camera1-2.jpg 195 1227.01 1139.45 1029.98 1035.68 394.05 207.53
6930114504085_camera1-32.jpg 195 1272.96 1104.15 1163.79 921.33 218.34 365.65
6930114504085_camera1-38.jpg 195 1230.87 1121.26 1037.52 1000.25 386.7 242.01
6930114504085_camera1-39.jpg 195 1228.24 1130.47 1027.0 1026.56 402.48 207.82
6930114504085_camera1-3.jpg 195 1224.22 1144.43 1036.64 1035.01 375.15 218.84
6930114504085_camera1-40.jpg 195 1225.7 1131.56 1035.24 1040.93 380.92 181.26
6930114504085_camera1-4.jpg 195 1224.74 1152.28 1030.54 1019.16 388.41 266.25
6930114504085_camera1-5.jpg 195 1222.98 1159.4 1034.89 1005.51 376.17 307.78
6930114504085_camera1-8.jpg 195 1234.89 1160.45 1100.91 975.25 267.96 370.41
6930114504085_camera1-7.jpg 195 1233.06 1163.69 1084.9 996.51 296.31 334.37
6930114504085_camera1-6.jpg 195 1228.23 1160.71 1053.3 994.99 349.87 331.45
6930114504085_camera1-9.jpg 195 1244.09 1163.08 1132.44 975.25 223.3 375.66
6930114504085_camera2-12.jpg 195 1267.45 1016.75 1100.27 921.22 334.37 191.07
6930114504085_camera2-13.jpg 195 1263.8 1021.23 1090.41 896.44 346.77 249.57
6930114504085_camera2-15.jpg 195 1260.58 1015.89 1111.27 870.99 298.61 289.8
6930114504085_camera2-14.jpg 195 1263.6 1016.16 1099.22 877.68 328.75 276.96
6930114504085_camera2-18.jpg 195 1255.4 1020.19 1148.28 846.48 214.24 347.41
6930114504085_camera2-19.jpg 195 1253.38 1018.26 1173.35 850.5 160.06 335.53
6930114504085_camera2-25.jpg 195 1249.61 1032.73 1096.17 875.43 306.88 314.6
6930114504085_camera2-23.jpg 195 1254.78 1027.31 1132.62 855.03 244.32 344.55
6930114504085_camera2-20.jpg 195 1252.41 1019.2 1193.97 852.02 116.89 334.37
6930114504085_camera2-24.jpg 195 1250.58 1031.76 1109.68 861.92 281.79 339.69
6930114504085_camera2-28.jpg 195 1253.23 1039.71 1074.35 929.23 357.76 220.97
6930114504085_camera2-29.jpg 195 1255.71 1036.61 1089.69 954.47 332.04 164.27
6930114504085_camera2-31.jpg 195 1254.99 1038.79 1088.48 965.39 333.01 146.8
6930114504085_camera2-32.jpg 195 1259.8 1041.03 1079.61 937.12 360.39 207.82
6930114504085_camera2-34.jpg 195 1261.19 1042.38 1094.24 902.45 333.9 279.86
6930114504085_camera2-33.jpg 195 1259.81 1035.76 1087.5 905.55 344.61 260.43
6930114504085_camera2-35.jpg 195 1264.99 1041.45 1115.48 893.98 299.03 294.95
6930114504085_camera2-36.jpg 195 1265.85 1037.55 1123.99 873.18 283.72 328.75
6930114504085_camera2-37.jpg 195 1267.69 1042.34 1142.74 866.09 249.91 352.5
6930114504085_camera2-39.jpg 195 1271.73 1033.91 1191.54 865.37 160.39 337.09
6930114504085_camera2-38.jpg 195 1269.23 1040.93 1164.53 861.92 209.41 358.03
6930114504085_camera2-7.jpg 195 1278.21 1025.24 1111.17 892.4 334.08 265.69
6930114504085_camera2-5.jpg 195 1275.61 1030.42 1121.93 870.17 307.36 320.5
6930114504085_camera2-6.jpg 195 1275.94 1026.41 1118.95 889.81 313.98 273.2
6930114504085_camera2-8.jpg 195 1274.3 1019.92 1100.91 912.21 346.77 215.42
6930114504085_camera3-18.jpg 195 1416.24 1401.48 1212.03 1316.1 408.43 170.76
6930114504085_camera3-17.jpg 195 1418.78 1406.09 1203.37 1306.26 430.83 199.65
6930114504085_camera3-22.jpg 195 1420.27 1388.26 1213.77 1279.09 413.0 218.34
6930114504085_camera3-20.jpg 195 1428.28 1394.42 1228.47 1323.35 399.61 142.14
6930114504085_camera3-1.jpg 195 1326.84 1395.58 1119.3 1308.89 415.07 173.38
6930114504085_camera3-23.jpg 195 1418.95 1392.2 1208.51 1276.46 420.89 231.49
6930114504085_camera3-28.jpg 195 1383.44 1379.06 1279.53 1250.16 207.82 257.8
6930114504085_camera3-25.jpg 195 1397.91 1383.0 1226.92 1247.53 341.98 270.95
6930114504085_camera3-29.jpg 195 1383.12 1379.29 1314.48 1251.52 137.28 255.53
6930114504085_camera3-32.jpg 195 1376.75 1379.82 1234.89 1243.21 283.72 273.21
6930114504085_camera3-34.jpg 195 1359.97 1384.85 1189.7 1272.0 340.53 225.69
6930114504085_camera3-36.jpg 195 1349.17 1385.07 1142.95 1277.36 412.44 215.42
6930114504085_camera3-35.jpg 195 1351.88 1385.63 1158.53 1265.94 386.7 239.38
6930114504085_camera3-33.jpg 195 1367.65 1386.95 1200.61 1255.42 334.08 263.06
6930114504085_camera3-38.jpg 195 1329.46 1392.96 1119.3 1298.38 420.32 189.15
6930114504085_camera3-37.jpg 195 1339.24 1387.18 1137.68 1293.98 403.11 186.41
6930114504085_camera3-39.jpg 195 1334.78 1388.26 1126.96 1297.51 415.63 181.51
6930114504085_camera3-3.jpg 195 1325.52 1400.84 1119.3 1290.5 412.44 220.67
6930114504085_camera3-4.jpg 195 1329.02 1405.79 1138.73 1298.75 380.58 214.08
6930114504085_camera3-40.jpg 195 1336.09 1390.89 1124.33 1300.14 423.52 181.51
6930114504085_camera3-5.jpg 195 1332.09 1410.02 1153.45 1287.87 357.28 244.31
6930114504085_camera3-9.jpg 195 1358.56 1411.92 1272.42 1274.1 172.28 275.64
