6951384903194-back_camera0-12.jpg 196 1518.91 1277.78 1124.33 1010.77 789.17 534.01
6951384903194-back_camera0-11.jpg 196 1495.71 1110.65 1188.6 1018.15 614.22 185.01
6951384903194-back_camera0-10.jpg 196 1438.99 1297.82 1099.13 1016.43 679.71 562.77
6951384903194-back_camera0-13.jpg 196 1509.71 1269.88 1071.72 1005.51 875.98 528.75
6951384903194-back_camera0-14.jpg 196 1497.25 1255.26 1022.4 1007.05 949.7 496.43
6951384903194-back_camera0-15.jpg 196 1479.7 1244.82 960.33 1001.09 1038.73 487.45
6951384903194-back_camera0-17.jpg 196 1437.15 1221.66 896.41 1008.38 1081.49 426.57
6951384903194-back_camera0-16.jpg 196 1454.47 1235.68 919.14 1000.25 1070.65 470.87
6951384903194-back_camera0-24.jpg 196 1345.3 1169.93 756.05 1016.04 1178.5 307.78
6951384903194-back_camera0-19.jpg 196 1390.95 1204.18 864.66 1010.29 1052.58 387.79
6951384903194-back_camera0-22.jpg 196 1377.73 1183.17 780.85 1024.0 1193.76 318.34
6951384903194-back_camera0-18.jpg 196 1412.38 1214.64 863.9 1008.14 1096.95 413.0
6951384903194-back_camera0-21.jpg 196 1419.81 1192.99 881.44 1030.18 1076.73 325.61
6951384903194-back_camera0-20.jpg 196 1400.12 1200.58 850.49 1011.57 1099.25 378.02
6951384903194-back_camera0-27.jpg 196 1345.3 1131.78 856.01 1002.88 978.58 257.8
6951384903194-back_camera0-33.jpg 196 1477.91 1179.03 1021.49 1016.6 912.84 324.86
6951384903194-back_camera0-3.jpg 196 1478.14 1308.03 916.51 1047.6 1123.26 520.86
6951384903194-back_camera0-5.jpg 196 1443.64 1304.19 912.68 1036.55 1061.93 535.28
6951384903194-back_camera0-6.jpg 196 1429.62 1313.9 920.24 1032.23 1018.77 563.34
6951384903194-back_camera0-7.jpg 196 1418.47 1306.7 949.02 1018.56 938.9 576.29
6951384903194-back_camera0-9.jpg 196 1407.57 1298.4 1029.55 1009.91 756.05 576.98
6951384903194-back_camera0-8.jpg 196 1408.04 1314.62 984.99 1027.56 846.09 574.13
6951384903194-back_camera1-10.jpg 196 1325.57 1246.21 1029.63 818.74 591.88 854.94
6951384903194-back_camera1-11.jpg 196 1331.42 1217.25 986.09 797.31 690.67 839.89
6951384903194-back_camera1-17.jpg 196 1249.28 1164.66 748.15 847.68 1002.25 633.97
6951384903194-back_camera1-16.jpg 196 1260.54 1168.22 764.11 822.87 992.86 690.69
6951384903194-back_camera1-15.jpg 196 1279.08 1177.37 779.19 804.32 999.77 746.1
6951384903194-back_camera1-22.jpg 196 1200.33 1181.51 640.75 868.15 1119.15 626.72
6951384903194-back_camera1-21.jpg 196 1257.31 1163.38 770.74 896.05 973.13 534.67
6951384903194-back_camera1-26.jpg 196 1191.4 1223.85 742.89 808.22 897.03 831.26
6951384903194-back_camera1-25.jpg 196 1208.14 1212.88 724.24 807.85 967.8 810.05
6951384903194-back_camera1-24.jpg 196 1200.62 1217.28 679.76 821.37 1041.71 791.81
6951384903194-back_camera1-28.jpg 196 1197.01 1251.15 843.85 813.44 706.31 875.42
6951384903194-back_camera1-2.jpg 196 1300.58 1206.75 787.61 900.29 1025.93 612.93
6951384903194-back_camera1-30.jpg 196 1266.87 1220.28 981.96 849.34 569.82 741.87
6951384903194-back_camera1-31.jpg 196 1279.65 1277.28 923.35 827.8 712.6 898.97
6951384903194-back_camera1-38.jpg 196 1267.17 1200.34 771.36 927.45 991.63 545.77
6951384903194-back_camera1-35.jpg 196 1285.3 1233.2 780.44 832.8 1009.72 800.81
6951384903194-back_camera1-37.jpg 196 1282.16 1204.12 748.15 881.88 1068.02 644.49
6951384903194-back_camera1-40.jpg 196 1307.37 1286.15 828.2 983.67 958.33 604.97
6951384903194-back_camera1-39.jpg 196 1277.09 1235.85 793.61 970.36 966.96 530.97
6951384903194-back_camera1-36.jpg 196 1286.11 1223.85 766.57 855.57 1039.08 736.56
6951384903194-back_camera1-3.jpg 196 1293.38 1289.45 788.32 875.96 1010.13 826.98
6951384903194-back_camera1-4.jpg 196 1285.3 1276.72 774.63 838.6 1021.33 876.25
6951384903194-back_camera1-7.jpg 196 1255.86 1281.72 850.75 805.59 810.22 952.27
6951384903194-back_camera1-8.jpg 196 1263.07 1270.49 919.88 815.37 686.37 910.23
6951384903194-back_camera1-9.jpg 196 1270.19 1257.05 976.02 796.6 588.35 920.9
6951384903194-back_camera1-5.jpg 196 1276.9 1289.62 806.03 816.11 941.75 947.01
6951384903194-back_camera2-17.jpg 196 1229.97 1045.55 846.85 596.6 766.23 897.89
6951384903194-back_camera2-13.jpg 196 1241.78 1018.5 780.44 652.91 922.67 731.18
6951384903194-back_camera2-16.jpg 196 1236.08 1032.95 819.33 597.32 833.5 871.27
6951384903194-back_camera2-18.jpg 196 1227.32 1051.58 875.59 589.0 703.46 925.16
6951384903194-back_camera2-20.jpg 196 1234.29 1055.61 989.31 640.12 489.96 830.98
6951384903194-back_camera2-19.jpg 196 1233.07 1056.21 931.31 606.48 603.51 899.46
6951384903194-back_camera2-22.jpg 196 1246.72 1061.12 941.46 621.73 610.52 878.78
6951384903194-back_camera2-21.jpg 196 1242.62 1058.13 984.53 640.02 516.17 836.23
6951384903194-back_camera2-26.jpg 196 1270.26 1065.53 830.87 648.58 878.78 833.89
6951384903194-back_camera2-25.jpg 196 1264.99 1065.45 837.22 612.82 855.53 905.27
6951384903194-back_camera2-24.jpg 196 1260.19 1066.4 868.44 616.38 783.5 900.05
6951384903194-back_camera2-27.jpg 196 1271.8 1065.28 821.31 679.54 900.98 771.47
6951384903194-back_camera2-28.jpg 196 1271.51 1062.96 824.32 718.85 894.37 688.22
6951384903194-back_camera2-34.jpg 196 1291.37 1044.97 829.7 639.86 923.33 810.22
6951384903194-back_camera2-35.jpg 196 1284.88 1037.26 837.22 602.04 895.32 870.45
6951384903194-back_camera2-4.jpg 196 1276.9 1005.51 887.58 545.16 778.65 920.7
6951384903194-back_camera2-5.jpg 196 1268.82 1009.04 839.48 569.62 858.68 878.83
6951384903194-back_camera3-10.jpg 196 1478.13 1501.38 1108.54 1155.46 739.19 691.84
6951384903194-back_camera3-11.jpg 196 1466.55 1487.75 1044.47 1163.73 844.16 648.04
6951384903194-back_camera3-15.jpg 196 1398.5 1424.52 882.28 1191.6 1032.44 465.85
6951384903194-back_camera3-13.jpg 196 1437.37 1446.14 940.19 1158.09 994.36 576.1
6951384903194-back_camera2-8.jpg 196 1245.44 1006.69 799.73 662.43 891.42 688.53
6951384903194-back_camera3-14.jpg 196 1418.95 1431.66 898.1 1173.87 1041.71 515.59
6951384903194-back_camera2-9.jpg 196 1233.49 1005.51 784.98 697.73 897.03 615.56
6951384903194-back_camera3-12.jpg 196 1455.53 1465.71 1000.1 1164.62 910.85 602.19
6951384903194-back_camera3-1.jpg 196 1438.91 1549.99 913.5 1237.33 1050.83 625.32
6951384903194-back_camera3-25.jpg 196 1315.85 1413.14 857.03 1180.96 917.63 464.36
6951384903194-back_camera3-24.jpg 196 1317.64 1403.46 806.69 1172.28 1021.91 462.36
6951384903194-back_camera3-23.jpg 196 1309.78 1400.1 758.68 1181.76 1102.21 436.68
6951384903194-back_camera3-27.jpg 196 1309.42 1417.25 943.11 1188.77 732.62 456.96
6951384903194-back_camera3-26.jpg 196 1312.41 1422.46 884.94 1168.61 854.94 507.7
6951384903194-back_camera3-31.jpg 196 1431.6 1420.18 1002.65 1193.42 857.9 453.53
6951384903194-back_camera3-2.jpg 196 1421.58 1552.67 877.05 1213.33 1089.06 678.69
6951384903194-back_camera3-32.jpg 196 1431.92 1452.07 953.8 1185.42 956.24 533.29
6951384903194-back_camera3-37.jpg 196 1443.74 1487.52 867.11 1235.33 1153.26 504.39
6951384903194-back_camera3-35.jpg 196 1423.09 1434.34 879.5 1208.38 1087.17 451.92
6951384903194-back_camera3-36.jpg 196 1426.85 1468.49 856.01 1229.11 1141.67 478.77
6951384903194-back_camera3-40.jpg 196 1448.63 1549.63 927.84 1248.07 1041.58 603.12
6951384903194-back_camera3-38.jpg 196 1461.04 1510.59 879.68 1244.9 1162.72 531.38
6951384903194-back_camera3-4.jpg 196 1397.71 1555.49 902.82 1200.28 989.78 710.42
6951384903194-back_camera3-9.jpg 196 1475.66 1525.54 1155.91 1171.67 639.51 707.73
6951384903194-back_camera3-8.jpg 196 1398.53 1546.9 1079.39 1187.07 638.27 719.67
6951384903194-back_camera3-6.jpg 196 1379.49 1529.0 961.23 1184.39 836.52 689.21
6951384903194_camera0-10.jpg 196 1339.97 1360.11 1001.09 1198.55 677.77 323.12
6951384903194-back_camera3-7.jpg 196 1372.23 1551.93 1012.28 1188.32 719.91 727.22
6951384903194_camera0-14.jpg 196 1462.36 1289.62 950.71 1181.76 1023.3 215.71
6951384903194_camera0-18.jpg 196 1479.2 1354.86 856.6 1195.92 1245.21 317.87
6951384903194_camera0-16.jpg 196 1474.19 1301.45 866.53 1192.28 1215.33 218.34
6951384903194_camera0-20.jpg 196 1481.84 1366.68 885.5 1206.43 1192.67 320.5
6951384903194_camera0-21.jpg 196 1485.78 1373.25 919.65 1203.81 1132.25 338.89
6951384903194_camera0-24.jpg 196 1456.04 1394.69 904.72 1214.31 1102.63 360.76
6951384903194_camera0-25.jpg 196 1435.87 1403.46 896.01 1182.79 1079.71 441.34
6951384903194_camera0-23.jpg 196 1471.77 1380.97 910.82 1190.94 1121.89 380.05
6951384903194_camera0-26.jpg 196 1416.57 1420.69 917.05 1207.01 999.03 427.36
6951384903194_camera0-27.jpg 196 1387.38 1415.88 905.99 1168.61 962.79 494.55
6951384903194_camera0-30.jpg 196 1410.81 1449.32 1050.97 1194.01 719.67 510.62
6951384903194_camera0-28.jpg 196 1375.43 1417.91 959.05 1164.4 832.77 507.02
6951384903194_camera0-33.jpg 196 1479.2 1449.43 1022.1 1161.77 914.21 575.32
6951384903194_camera0-34.jpg 196 1457.1 1436.93 958.6 1165.98 996.99 541.9
6951384903194_camera0-36.jpg 196 1415.86 1459.53 867.48 1175.18 1096.76 568.69
6951384903194_camera0-37.jpg 196 1388.57 1463.88 835.58 1180.16 1105.98 567.44
6951384903194_camera0-35.jpg 196 1434.55 1457.32 909.14 1167.03 1050.81 580.57
6951384903194_camera0-3.jpg 196 1332.49 1432.35 738.66 1216.74 1187.67 431.21
6951384903194_camera0-38.jpg 196 1340.04 1454.03 761.31 1181.76 1157.46 544.53
6951384903194_camera0-40.jpg 196 1362.36 1451.68 828.15 1208.86 1068.41 485.64
6951384903194_camera0-4.jpg 196 1343.91 1423.16 780.42 1216.94 1126.99 412.44
6951384903194_camera0-6.jpg 196 1321.7 1393.77 796.13 1216.78 1051.14 353.98
6951384903194_camera0-7.jpg 196 1322.89 1387.7 817.19 1206.43 1011.41 362.53
6951384903194_camera0-8.jpg 196 1324.26 1365.9 858.64 1184.39 931.23 363.02
6951384903194_camera0-5.jpg 196 1332.74 1408.41 786.98 1218.78 1091.53 379.26
6951384903194_camera1-10.jpg 196 1279.53 1252.78 992.8 831.89 573.47 841.79
6951384903194_camera1-11.jpg 196 1301.88 1231.39 966.94 812.38 669.89 838.02
6951384903194_camera0-9.jpg 196 1333.2 1373.26 924.19 1211.38 818.03 323.76
6951384903194_camera1-16.jpg 196 1294.0 1186.79 751.42 827.0 1085.16 719.57
6951384903194_camera1-15.jpg 196 1300.58 1188.34 774.46 818.74 1052.23 739.19
6951384903194_camera1-18.jpg 196 1245.89 1169.7 753.78 892.19 984.23 555.02
6951384903194_camera1-17.jpg 196 1291.38 1182.78 743.64 859.66 1095.47 646.25
6951384903194_camera1-1.jpg 196 1234.3 1216.8 698.68 925.49 1071.25 582.61
6951384903194_camera1-21.jpg 196 1296.62 1180.16 801.43 917.46 990.39 525.41
6951384903194_camera1-22.jpg 196 1284.8 1185.42 775.16 875.43 1019.29 619.98
6951384903194_camera1-24.jpg 196 1262.7 1211.03 764.11 839.78 997.18 742.49
6951384903194_camera1-26.jpg 196 1240.12 1214.67 787.48 794.37 905.27 840.6
6951384903194_camera1-27.jpg 196 1234.89 1201.18 825.08 770.35 819.63 861.66
6951384903194_camera1-2.jpg 196 1270.33 1175.18 761.31 873.98 1018.04 602.4
6951384903194_camera1-29.jpg 196 1222.77 1226.86 910.88 827.55 623.78 798.61
6951384903194_camera1-30.jpg 196 1233.59 1209.07 922.28 770.35 622.61 877.43
6951384903194_camera1-31.jpg 196 1311.4 1249.49 968.2 789.4 686.41 920.19
6951384903194_camera1-33.jpg 196 1307.14 1266.85 869.74 791.36 874.8 950.98
6951384903194_camera1-37.jpg 196 1245.34 1267.25 724.48 850.31 1041.71 833.89
6951384903194_camera1-36.jpg 196 1279.49 1268.02 763.03 821.19 1032.93 893.66
6951384903194_camera1-40.jpg 196 1271.69 1247.36 795.77 962.45 951.85 569.82
6951384903194_camera1-38.jpg 196 1224.38 1258.97 698.98 878.05 1050.81 761.84
6951384903194_camera1-6.jpg 196 1227.27 1198.38 768.83 797.98 916.87 800.81
6951384903194_camera1-3.jpg 196 1253.28 1185.41 741.01 854.41 1024.54 662.01
6951384903194_camera1-5.jpg 196 1233.2 1202.03 754.04 827.55 958.33 748.97
6951384903194_camera1-7.jpg 196 1228.53 1209.22 814.3 816.39 828.47 785.66
6951384903194_camera1-8.jpg 196 1228.32 1248.46 853.97 812.38 748.7 872.17
6951384903194_camera2-11.jpg 196 1246.72 812.38 772.54 497.14 948.36 630.49
6951384903194_camera1-9.jpg 196 1242.38 1199.15 932.65 826.47 619.46 745.37
6951384903194_camera2-13.jpg 196 1224.38 797.93 748.89 389.43 950.98 817.01
6951384903194_camera2-15.jpg 196 1227.27 777.67 780.44 310.53 893.66 934.28
6951384903194_camera2-20.jpg 196 1202.09 750.92 947.76 322.84 508.66 856.17
6951384903194_camera2-19.jpg 196 1193.63 766.04 930.31 339.75 526.65 852.57
6951384903194_camera2-18.jpg 196 1209.09 725.7 878.67 226.88 660.83 997.64
6951384903194_camera2-22.jpg 196 1197.05 747.14 834.44 280.03 725.22 934.23
6951384903194_camera2-24.jpg 196 1176.91 748.4 743.79 292.62 866.24 911.56
6951384903194_camera2-25.jpg 196 1167.73 747.72 700.8 316.3 933.86 862.83
6951384903194_camera2-23.jpg 196 1190.76 744.62 786.6 277.51 808.32 934.23
6951384903194_camera2-27.jpg 196 1132.44 759.84 638.56 392.05 987.76 735.57
6951384903194_camera2-28.jpg 196 1116.44 767.44 629.78 447.83 973.32 639.23
6951384903194_camera2-26.jpg 196 1168.1 753.43 706.02 358.09 924.16 790.69
6951384903194_camera2-32.jpg 196 1129.59 783.22 658.71 416.26 941.75 733.93
6951384903194_camera2-34.jpg 196 1133.53 797.69 677.13 358.39 912.81 878.61
6951384903194_camera2-33.jpg 196 1129.81 796.62 654.32 389.43 950.98 814.38
6951384903194_camera2-36.jpg 196 1144.17 808.84 738.75 345.5 810.84 926.67
6951384903194_camera2-39.jpg 196 1161.8 828.98 902.43 400.9 518.74 856.17
6951384903194_camera2-4.jpg 196 1192.44 843.16 751.42 376.02 882.05 934.28
6951384903194_camera2-40.jpg 196 1164.32 836.54 904.95 405.94 518.74 861.2
6951384903194_camera2-5.jpg 196 1199.43 839.96 735.76 397.31 927.34 885.31
6951384903194_camera3-10.jpg 196 1426.66 1480.96 1037.86 1256.35 777.6 449.22
6951384903194_camera3-12.jpg 196 1430.03 1473.83 935.14 1249.05 989.78 449.56
6951384903194_camera2-9.jpg 196 1261.16 808.43 780.42 536.54 961.49 543.79
6951384903194_camera3-13.jpg 196 1426.28 1468.59 902.71 1253.06 1047.13 431.06
6951384903194_camera3-11.jpg 196 1429.3 1477.02 982.7 1243.21 893.19 467.61
6951384903194_camera3-15.jpg 196 1448.2 1455.91 841.37 1264.41 1213.65 383.0
6951384903194_camera3-14.jpg 196 1417.03 1465.36 869.87 1257.07 1094.31 416.57
6951384903194_camera3-16.jpg 196 1438.49 1446.81 827.7 1264.23 1221.57 365.16
6951384903194_camera3-17.jpg 196 1383.78 1435.86 846.34 1287.85 1074.88 296.01
6951384903194_camera3-20.jpg 196 1454.25 1479.64 903.89 1295.75 1100.72 367.78
6951384903194_camera3-21.jpg 196 1432.11 1472.45 874.42 1255.42 1115.37 434.05
6951384903194_camera3-22.jpg 196 1422.58 1484.37 884.21 1277.16 1076.73 414.41
6951384903194_camera3-23.jpg 196 1400.39 1495.4 874.99 1227.45 1050.81 535.91
6951384903194_camera3-25.jpg 196 1376.86 1513.21 919.14 1192.28 915.44 641.86
6951384903194_camera3-27.jpg 196 1347.6 1563.2 992.54 1249.15 710.11 628.09
6951384903194_camera3-26.jpg 196 1357.05 1532.18 945.92 1198.55 822.26 667.26
6951384903194_camera3-28.jpg 196 1398.12 1581.03 1070.66 1240.62 654.92 680.82
6951384903194_camera3-29.jpg 196 1431.92 1559.77 1077.27 1195.92 709.3 727.69
6951384903194_camera3-2.jpg 196 1311.63 1502.59 771.49 1282.25 1080.28 440.67
6951384903194_camera3-31.jpg 196 1445.26 1555.31 1000.69 1202.81 889.14 705.0
6951384903194_camera3-30.jpg 196 1450.31 1574.22 1043.12 1206.43 814.38 735.57
6951384903194_camera3-32.jpg 196 1425.91 1562.48 948.6 1223.92 954.63 677.12
6951384903194_camera3-34.jpg 196 1365.03 1572.4 829.7 1223.85 1070.65 697.1
6951384903194_camera3-33.jpg 196 1408.28 1575.53 898.63 1224.82 1019.29 701.42
6951384903194_camera3-36.jpg 196 1338.97 1581.19 805.84 1257.43 1066.25 647.52
6951384903194_camera3-37.jpg 196 1279.53 1578.98 727.11 1265.94 1104.84 626.08
6951384903194_camera3-38.jpg 196 1283.48 1578.97 711.33 1284.35 1144.3 589.25
6951384903194_camera3-3.jpg 196 1303.19 1491.47 756.77 1264.23 1092.84 454.48
6951384903194_camera3-39.jpg 196 1290.05 1575.04 706.06 1305.4 1167.98 539.27
6951384903194_camera3-7.jpg 196 1289.06 1493.78 913.5 1271.77 751.12 444.01
6951384903194_camera3-6.jpg 196 1283.48 1573.73 845.49 1244.9 875.98 657.65
6951384903194_camera3-4.jpg 196 1290.05 1487.52 756.77 1266.85 1066.57 441.34
6951384903194_camera3-5.jpg 196 1292.68 1489.55 766.57 1250.16 1052.23 478.77
6951384903194~A_camera0-23.jpg 196 1084.76 1116.23 628.67 1010.22 912.19 212.02
6951384903194~A_camera2-2.jpg 196 722.3 840.32 246.7 428.48 951.19 823.68
6951384903194~A_camera0-26.jpg 196 1046.8 1114.75 688.09 1002.71 717.42 224.08
6951384903194~A_camera0-8.jpg 196 1126.33 1120.87 831.94 1014.9 588.78 211.93
6951384903194~A_camera3-12.jpg 196 1083.22 922.48 663.96 704.02 838.52 436.92
6951384903194~A_camera2-24.jpg 196 739.44 860.33 304.88 382.37 869.12 955.92
6951384903194~A_camera2-34.jpg 196 738.23 828.1 253.97 405.51 968.52 845.17
6951384903194~A_camera2-8.jpg 196 712.12 783.78 452.83 300.97 518.58 965.62
6951384903194~A_camera1-6.jpg 196 1132.04 771.5 856.87 489.48 550.34 564.05
6951384903194~A_camera2-22.jpg 196 731.5 856.16 258.74 438.56 945.53 835.21
6951384903194~A_camera0-11.jpg 196 1194.63 1119.98 803.52 1008.04 782.23 223.89
6951384903194~A_camera0-10.jpg 196 1200.45 1120.34 854.63 1009.33 691.65 222.02
6951384903194~A_camera0-13.jpg 196 1190.21 1116.17 713.17 1009.83 954.08 212.69
6951384903194~A_camera0-24.jpg 196 1066.73 1115.85 632.52 1004.54 868.43 222.62
6951384903194~A_camera0-22.jpg 196 1104.42 1112.67 636.46 1012.95 935.93 199.44
6951384903194~A_camera0-34.jpg 196 1139.39 1130.25 660.59 1032.64 957.6 195.22
6951384903194~A_camera0-29.jpg 196 1159.57 1116.7 844.98 1004.71 629.18 223.99
6951384903194~A_camera0-35.jpg 196 1119.99 1123.9 635.07 1038.37 969.83 171.07
6951384903194~A_camera0-12.jpg 196 1187.78 1119.98 756.49 1009.32 862.57 221.32
6951384903194~A_camera0-6.jpg 196 1075.46 1123.68 705.09 1020.13 740.74 207.1
6951384903194~A_camera1-10.jpg 196 1185.13 746.06 894.16 476.52 581.95 539.08
6951384903194~A_camera1-12.jpg 196 1175.17 741.57 821.17 480.79 708.01 521.56
6951384903194~A_camera1-18.jpg 196 1179.63 710.55 781.85 555.42 795.56 310.27
6951384903194~A_camera1-14.jpg 196 1182.2 731.54 772.7 503.8 819.01 455.47
6951384903194~A_camera1-21.jpg 196 1146.01 729.79 763.54 493.46 764.94 472.66
6951384903194~A_camera1-19.jpg 196 1175.2 716.51 796.52 530.6 757.36 371.83
6951384903194~A_camera1-2.jpg 196 1145.15 743.63 764.83 496.13 760.64 495.01
6951384903194~A_camera1-3.jpg 196 1138.4 746.69 772.31 487.15 732.19 519.09
6951384903194~A_camera1-36.jpg 196 1112.65 743.32 708.53 571.65 808.24 343.34
6951384903194~A_camera1-33.jpg 196 1158.34 751.2 778.26 508.92 760.16 484.55
6951384903194~A_camera1-5.jpg 196 1130.76 765.54 817.94 483.8 625.64 563.47
6951384903194~A_camera1-4.jpg 196 1133.17 756.62 789.97 483.68 686.4 545.88
6951384903194~A_camera1-39.jpg 196 1124.64 731.8 712.18 543.03 824.92 377.55
6951384903194~A_camera1-30.jpg 196 1166.68 747.39 867.18 480.29 599.01 534.2
6951384903194~A_camera2-1.jpg 196 729.06 838.32 249.5 466.89 959.11 742.86
6951384903194~A_camera2-10.jpg 196 721.09 815.36 386.54 331.44 669.09 967.83
6951384903194~A_camera2-13.jpg 196 722.29 843.12 267.21 391.36 910.16 903.51
6951384903194~A_camera2-14.jpg 196 714.41 844.25 230.68 415.55 967.47 857.39
6951384903194~A_camera2-12.jpg 196 720.68 844.46 294.18 380.15 853.01 928.62
6951384903194~A_camera2-17.jpg 196 680.12 850.67 166.3 550.09 1027.63 601.17
6951384903194~A_camera2-19.jpg 196 681.59 863.71 191.04 589.84 981.09 547.74
6951384903194~A_camera2-21.jpg 196 726.53 859.66 247.68 481.73 957.7 755.86
6951384903194~A_camera2-20.jpg 196 703.38 862.44 212.59 532.79 981.57 659.3
6951384903194~A_camera2-25.jpg 196 743.15 868.5 345.26 371.94 795.78 993.12
6951384903194~A_camera2-18.jpg 196 672.13 862.7 173.4 612.64 997.46 500.12
6951384903194~A_camera2-28.jpg 196 769.29 890.74 518.17 407.68 502.24 966.11
6951384903194~A_camera2-35.jpg 196 747.15 823.6 243.63 436.57 1007.05 774.06
6951384903194~A_camera2-23.jpg 196 735.65 852.42 276.46 406.33 918.39 892.18
6951384903194~A_camera2-29.jpg 196 751.62 883.82 466.92 409.67 569.4 948.3
6951384903194~A_camera2-15.jpg 196 700.66 844.43 193.83 450.01 1013.67 788.85
6951384903194~A_camera2-31.jpg 196 740.92 841.11 352.16 376.54 777.52 929.13
6951384903194~A_camera2-16.jpg 196 689.78 845.5 173.63 494.68 1032.31 701.65
6951384903194~A_camera2-9.jpg 196 721.58 796.32 444.36 315.01 554.44 962.62
6951384903194~A_camera2-27.jpg 196 755.41 883.41 451.73 383.42 607.37 999.98
6951384903194~A_camera2-39.jpg 196 761.15 834.86 275.35 551.02 971.61 567.68
6951384903194~A_camera2-11.jpg 196 720.6 835.86 334.86 361.11 771.48 949.49
6951384903194~A_camera2-33.jpg 196 731.25 830.88 274.01 383.91 914.47 893.93
6951384903194~A_camera2-3.jpg 196 720.78 840.91 256.17 397.81 929.21 886.21
6951384903194~A_camera2-5.jpg 196 718.64 822.51 310.95 332.7 815.38 979.63
6951384903194~A_camera2-30.jpg 196 746.46 861.94 406.14 389.38 680.65 945.12
6951384903194~A_camera2-26.jpg 196 748.24 875.96 395.01 370.55 706.45 1010.82
6951384903194~A_camera2-37.jpg 196 767.8 818.54 264.53 528.36 1006.55 580.35
6951384903194~A_camera3-15.jpg 196 1074.07 901.2 577.12 733.2 993.9 335.99
6951384903194~A_camera3-11.jpg 196 1088.55 926.05 708.3 700.44 760.5 451.21
6951384903194~A_camera2-7.jpg 196 718.35 796.29 407.42 298.11 621.86 996.35
6951384903194~A_camera3-19.jpg 196 1055.27 896.62 610.87 736.25 888.8 320.73
6951384903194~A_camera3-10.jpg 196 1095.15 927.35 755.77 700.23 678.76 454.23
6951384903194~A_camera2-32.jpg 196 736.16 837.05 308.12 375.86 856.08 922.38
6951384903194~A_camera3-14.jpg 196 1081.13 908.96 597.26 720.89 967.75 376.14
6951384903194~A_camera2-6.jpg 196 719.9 809.2 356.26 309.62 727.28 999.16
6951384903194~A_camera3-18.jpg 196 1055.92 887.56 582.66 753.84 946.53 267.44
6951384903194~A_camera3-23.jpg 196 995.38 919.88 568.91 690.46 852.94 458.83
6951384903194~A_camera3-24.jpg 196 982.5 919.51 581.59 683.07 801.82 472.87
6951384903194~A_camera3-31.jpg 196 1071.7 937.02 680.83 716.42 781.75 441.21
6951384903194~A_camera3-27.jpg 196 970.28 904.75 699.39 682.57 541.79 444.35
6951384903194~A_camera3-4.jpg 196 1002.06 935.86 592.52 709.59 819.08 452.54
6951384903194~A_camera3-33.jpg 196 1052.64 933.13 607.84 731.16 889.6 403.94
6951384903194~A_camera3-6.jpg 196 999.5 948.37 665.64 713.88 667.71 468.97
6951384903194~A_camera3-7.jpg 196 1010.38 948.12 721.69 718.66 577.38 458.91
6951384903194~A_camera3-29.jpg 196 1072.24 925.73 772.75 697.14 598.98 457.17
6951384903194~A_camera3-9.jpg 196 1097.35 930.59 807.44 703.39 579.82 454.4
6951384903194~A_camera3-35.jpg 196 1015.61 922.21 548.44 757.9 934.34 328.62
6951384903194~B_camera0-3.jpg 196 1133.94 1129.09 487.29 1044.44 1293.31 169.3
6951384903194~A_camera3-37.jpg 196 977.2 914.11 497.3 791.04 959.8 246.14
6951384903194~A_camera3-8.jpg 196 1059.93 941.12 793.42 709.97 533.02 462.29
