6933631504811-back_camera0-10.jpg 197 1389.23 1228.2 1110.89 1154.52 556.68 147.36
6933631504811-back_camera0-12.jpg 197 1414.85 1224.37 1172.91 1150.29 483.88 148.16
6933631504811-back_camera0-14.jpg 197 1433.87 1223.05 1149.11 1144.89 569.52 156.31
6933631504811-back_camera0-13.jpg 197 1433.57 1225.18 1176.67 1150.43 513.79 149.51
6933631504811-back_camera0-18.jpg 197 1412.31 1226.59 1082.47 1143.34 659.68 166.51
6933631504811-back_camera0-19.jpg 197 1403.88 1226.89 1082.76 1143.63 642.23 166.51
6933631504811-back_camera0-1.jpg 197 1381.51 1230.16 1096.75 1153.37 569.52 153.59
6933631504811-back_camera0-11.jpg 197 1387.53 1226.68 1140.83 1154.64 493.4 144.08
6933631504811-back_camera0-22.jpg 197 1421.98 1224.09 1137.34 1134.49 569.29 179.19
6933631504811-back_camera0-16.jpg 197 1425.2 1223.64 1101.29 1140.38 647.82 166.51
6933631504811-back_camera0-20.jpg 197 1397.16 1225.02 1090.65 1135.99 613.01 178.06
6933631504811-back_camera0-17.jpg 197 1420.39 1224.63 1089.76 1142.97 661.26 163.33
6933631504811-back_camera0-21.jpg 197 1397.38 1224.07 1108.54 1137.76 577.67 172.62
6933631504811-back_camera0-24.jpg 197 1426.91 1222.48 1108.97 1132.88 635.89 179.19
6933631504811-back_camera0-15.jpg 197 1434.25 1223.92 1129.59 1145.28 609.32 157.28
6933631504811-back_camera0-25.jpg 197 1417.95 1220.81 1091.74 1129.93 652.43 181.75
6933631504811-back_camera0-26.jpg 197 1410.32 1221.07 1079.44 1129.03 661.75 184.08
6933631504811-back_camera0-27.jpg 197 1402.98 1217.83 1076.32 1128.23 653.33 179.19
6933631504811-back_camera0-23.jpg 197 1431.53 1222.85 1135.94 1134.97 591.18 175.76
6933631504811-back_camera0-2.jpg 197 1406.62 1228.88 1121.86 1154.12 569.52 149.51
6933631504811-back_camera0-28.jpg 197 1394.03 1216.34 1079.46 1126.63 629.13 179.42
6933631504811-back_camera0-31.jpg 197 1389.36 1213.82 1152.85 1126.44 473.01 174.76
6933631504811-back_camera0-29.jpg 197 1388.51 1216.38 1092.42 1126.51 592.18 179.75
6933631504811-back_camera0-30.jpg 197 1383.85 1212.69 1107.73 1124.81 552.23 175.76
6933631504811-back_camera0-36.jpg 197 1410.98 1222.74 1089.42 1139.44 643.11 166.6
6933631504811-back_camera0-33.jpg 197 1423.49 1215.12 1165.91 1130.02 515.15 170.21
6933631504811-back_camera0-37.jpg 197 1403.88 1222.49 1077.66 1143.27 652.43 158.45
6933631504811-back_camera0-32.jpg 197 1415.77 1214.81 1177.38 1130.5 476.77 168.62
6933631504811-back_camera0-35.jpg 197 1416.31 1219.42 1109.9 1137.29 612.82 164.27
6933631504811-back_camera0-34.jpg 197 1421.07 1218.56 1135.18 1135.11 571.78 166.91
6933631504811-back_camera0-40.jpg 197 1367.98 1229.0 1079.05 1153.27 577.87 151.46
6933631504811-back_camera0-38.jpg 197 1397.66 1223.93 1068.05 1145.78 659.23 156.31
6933631504811-back_camera0-39.jpg 197 1392.39 1227.6 1070.34 1149.71 644.11 155.78
6933631504811-back_camera0-3.jpg 197 1434.62 1231.1 1151.51 1160.03 566.21 142.14
6933631504811-back_camera0-5.jpg 197 1421.7 1232.27 1099.0 1162.49 645.41 139.55
6933631504811-back_camera0-8.jpg 197 1432.97 1232.12 1148.33 1159.97 569.29 144.3
6933631504811-back_camera0-7.jpg 197 1463.38 1231.27 1190.85 1162.63 545.05 137.28
6933631504811-back_camera0-6.jpg 197 1416.01 1234.04 1085.77 1162.82 660.47 142.45
6933631504811-back_camera0-4.jpg 197 1429.86 1232.5 1123.81 1158.76 612.1 147.48
6933631504811-back_camera0-9.jpg 197 1405.65 1230.38 1112.06 1159.9 587.19 140.97
6933631504811-back_camera1-15.jpg 197 1285.1 1114.06 982.22 870.64 605.76 486.83
6933631504811-back_camera1-12.jpg 197 1291.76 1108.73 1054.69 895.44 474.14 426.57
6933631504811-back_camera1-16.jpg 197 1276.73 1113.99 966.9 868.68 619.67 490.63
6933631504811-back_camera1-18.jpg 197 1276.05 1107.69 973.17 883.31 605.76 448.77
6933631504811-back_camera1-19.jpg 197 1266.76 1105.12 972.63 897.28 588.27 415.68
6933631504811-back_camera1-20.jpg 197 1266.11 1101.58 993.58 916.72 545.05 369.71
6933631504811-back_camera1-3.jpg 197 1274.81 1110.41 977.82 927.6 593.98 365.63
6933631504811-back_camera1-40.jpg 197 1248.57 1106.31 977.69 931.55 541.75 349.52
6933631504811-back_camera2-10.jpg 197 1186.13 784.02 930.74 561.23 510.78 445.59
6933631504811-back_camera2-1.jpg 197 1184.67 791.55 993.59 559.23 382.17 464.63
6933631504811-back_camera2-21.jpg 197 1172.91 780.1 979.45 542.23 386.93 475.73
6933631504811-back_camera2-29.jpg 197 1167.53 793.03 894.8 551.81 545.47 482.44
6933631504811-back_camera2-32.jpg 197 1180.29 798.54 918.98 574.64 522.61 447.8
6933631504811-back_camera2-40.jpg 197 1180.34 793.81 959.12 540.09 442.43 507.44
6933631504811-back_camera3-16.jpg 197 1360.47 1303.51 1060.76 1185.37 599.42 236.28
6933631504811-back_camera3-15.jpg 197 1362.71 1291.12 1043.81 1172.33 637.8 237.58
6933631504811-back_camera3-10.jpg 197 1394.33 1289.75 1132.7 1171.13 523.25 237.23
6933631504811-back_camera3-18.jpg 197 1370.47 1300.07 1094.1 1181.88 552.74 236.37
6933631504811-back_camera3-19.jpg 197 1397.76 1302.75 1121.64 1178.09 552.23 249.32
6933631504811-back_camera3-22.jpg 197 1392.71 1300.46 1068.42 1160.12 648.58 280.68
6933631504811-back_camera3-1.jpg 197 1407.02 1303.4 1099.38 1206.67 615.28 193.46
6933631504811-back_camera3-17.jpg 197 1359.52 1308.42 1074.08 1187.45 570.88 241.94
6933631504811-back_camera3-24.jpg 197 1383.33 1302.56 1067.91 1158.76 630.84 287.6
6933631504811-back_camera3-23.jpg 197 1386.71 1297.45 1060.64 1149.57 652.14 295.77
6933631504811-back_camera3-25.jpg 197 1381.9 1298.51 1080.08 1154.26 603.65 288.49
6933631504811-back_camera3-2.jpg 197 1400.31 1298.55 1083.41 1202.43 633.79 192.23
6933631504811-back_camera3-35.jpg 197 1399.28 1298.17 1082.9 1189.08 632.75 218.19
6933631504811-back_camera3-40.jpg 197 1412.05 1306.09 1116.28 1209.72 591.53 192.73
6933631504811-back_camera3-36.jpg 197 1393.7 1303.16 1091.37 1200.63 604.66 205.05
6933631504811-back_camera3-39.jpg 197 1418.87 1306.14 1141.89 1210.38 553.96 191.52
6933631504811-back_camera3-38.jpg 197 1397.42 1304.27 1123.05 1209.32 548.74 189.9
6933631504811-back_camera3-37.jpg 197 1389.29 1304.5 1105.54 1207.78 567.5 193.45
6933631504811-back_camera3-7.jpg 197 1361.81 1288.95 1106.05 1191.02 511.52 195.86
6933631504811-back_camera3-3.jpg 197 1390.38 1297.57 1069.33 1197.83 642.1 199.49
6933631504811-back_camera3-4.jpg 197 1383.31 1296.88 1069.36 1194.45 627.9 204.85
6933631504811_camera0-10.jpg 197 1390.17 1067.48 1148.95 978.39 482.44 178.19
6933631504811-back_camera3-9.jpg 197 1393.9 1287.67 1164.87 1180.97 458.06 213.4
6933631504811_camera0-18.jpg 197 1400.05 1071.46 1076.75 984.67 646.6 173.59
6933631504811-back_camera3-8.jpg 197 1359.99 1286.16 1129.34 1186.41 461.31 199.49
6933631504811_camera0-14.jpg 197 1420.26 1072.23 1105.93 984.27 628.65 175.92
6933631504811_camera0-11.jpg 197 1419.73 1066.74 1182.06 980.53 475.34 172.43
6933631504811_camera0-13.jpg 197 1425.66 1069.37 1136.56 985.48 578.2 167.77
6933631504811_camera0-17.jpg 197 1406.25 1072.06 1075.96 983.71 660.58 176.7
6933631504811_camera0-16.jpg 197 1412.38 1073.09 1080.25 984.6 664.26 176.97
6933631504811_camera0-12.jpg 197 1428.06 1066.0 1166.5 980.37 523.11 171.26
6933631504811_camera0-15.jpg 197 1416.15 1072.66 1086.45 981.75 659.41 181.82
6933631504811_camera0-23.jpg 197 1437.53 1069.74 1117.27 991.34 640.53 156.79
6933631504811_camera0-24.jpg 197 1438.43 1071.14 1108.82 988.23 659.22 165.83
6933631504811_camera0-19.jpg 197 1398.38 1073.49 1098.77 991.05 599.22 164.88
6933631504811_camera0-31.jpg 197 1459.24 1073.69 1220.57 988.81 477.34 169.76
6933631504811_camera0-20.jpg 197 1402.31 1070.32 1116.29 989.93 572.04 160.78
6933631504811_camera0-30.jpg 197 1434.86 1073.51 1191.29 988.02 487.14 170.99
6933631504811_camera0-32.jpg 197 1460.34 1077.05 1193.06 989.77 534.56 174.55
6933631504811_camera0-33.jpg 197 1460.8 1076.9 1167.81 993.26 585.99 167.28
6933631504811_camera0-34.jpg 197 1456.93 1073.59 1146.44 989.7 620.97 167.77
6933631504811_camera0-28.jpg 197 1417.44 1074.67 1122.49 989.72 589.9 169.9
6933631504811_camera0-27.jpg 197 1426.72 1075.42 1107.98 989.11 637.48 172.62
6933631504811_camera0-29.jpg 197 1416.4 1075.58 1147.17 989.41 538.46 172.34
6933631504811_camera0-35.jpg 197 1452.66 1071.55 1125.09 983.88 655.15 175.34
6933631504811_camera0-38.jpg 197 1426.82 1067.4 1110.46 979.39 632.72 176.02
6933631504811_camera0-37.jpg 197 1433.41 1075.09 1104.91 988.42 656.99 173.34
6933631504811_camera1-12.jpg 197 1298.62 1161.22 1049.79 942.92 497.67 436.61
6933631504811_camera1-10.jpg 197 1271.69 1164.68 1054.11 966.49 435.16 396.38
6933631504811_camera1-16.jpg 197 1281.2 1159.9 974.66 928.75 613.09 462.3
6933631504811_camera1-17.jpg 197 1277.78 1160.72 975.88 943.87 603.8 433.7
6933631504811_camera1-13.jpg 197 1297.25 1162.46 1019.29 934.79 555.92 455.34
6933631504811_camera1-15.jpg 197 1287.87 1163.46 985.87 931.7 604.0 463.52
6933631504811_camera1-14.jpg 197 1290.62 1161.38 999.74 927.59 581.75 467.57
6933631504811_camera1-18.jpg 197 1270.62 1150.03 978.51 942.53 584.21 415.0
6933631504811_camera1-1.jpg 197 1276.55 1169.32 1018.97 996.02 515.15 346.6
6933631504811_camera1-22.jpg 197 1278.59 1151.82 995.98 948.18 565.21 407.28
6933631504811_camera1-19.jpg 197 1264.03 1148.06 996.04 966.49 535.99 363.14
6933631504811_camera1-21.jpg 197 1280.87 1145.74 1021.12 971.71 519.5 348.06
6933631504811_camera1-26.jpg 197 1254.46 1158.43 954.42 918.67 600.08 479.52
6933631504811_camera1-20.jpg 197 1265.59 1144.85 1012.19 980.58 506.8 328.54
6933631504811_camera1-23.jpg 197 1273.77 1153.59 978.69 944.75 590.15 417.67
6933631504811_camera1-24.jpg 197 1266.67 1157.55 964.58 930.78 604.18 453.53
6933631504811_camera1-25.jpg 197 1255.27 1155.02 949.2 911.98 612.14 486.07
6933631504811_camera1-30.jpg 197 1244.98 1158.66 1032.94 959.54 424.08 398.25
6933631504811_camera1-27.jpg 197 1247.01 1157.53 959.47 917.91 575.07 479.23
6933631504811_camera1-29.jpg 197 1242.04 1158.94 1009.61 944.86 464.86 428.16
6933631504811_camera1-28.jpg 197 1239.63 1160.45 982.05 934.99 515.17 450.92
6933631504811_camera1-33.jpg 197 1265.39 1167.65 991.51 933.19 547.77 468.93
6933631504811_camera1-2.jpg 197 1277.37 1174.38 993.72 973.86 567.29 401.05
6933631504811_camera1-32.jpg 197 1266.03 1166.02 1013.89 944.46 504.27 443.11
6933631504811_camera1-31.jpg 197 1266.52 1163.05 1041.58 956.29 449.88 413.52
6933631504811_camera1-34.jpg 197 1261.91 1171.64 971.04 929.02 581.75 485.24
6933631504811_camera1-40.jpg 197 1268.89 1167.86 1011.22 1007.85 515.34 320.01
6933631504811_camera1-37.jpg 197 1256.01 1171.36 953.92 942.21 604.18 458.29
6933631504811_camera1-36.jpg 197 1259.19 1174.06 952.52 934.66 613.35 478.8
6933631504811_camera1-38.jpg 197 1253.47 1173.2 961.24 961.16 584.47 424.08
6933631504811_camera1-4.jpg 197 1274.96 1177.68 969.5 947.37 610.93 460.62
6933631504811_camera1-3.jpg 197 1276.24 1176.82 977.21 954.58 598.06 444.47
6933631504811_camera1-39.jpg 197 1250.13 1166.67 982.07 979.65 536.12 374.04
6933631504811_camera1-35.jpg 197 1260.22 1173.36 956.54 929.06 607.37 488.6
6933631504811_camera1-5.jpg 197 1275.49 1177.3 969.51 937.3 611.97 480.01
6933631504811_camera1-7.jpg 197 1270.78 1174.69 979.39 936.03 582.77 477.32
6933631504811_camera1-8.jpg 197 1268.13 1174.33 996.0 947.65 544.26 453.35
6933631504811_camera2-10.jpg 197 1186.75 779.48 949.68 575.71 474.14 407.54
6933631504811_camera1-9.jpg 197 1268.19 1171.86 1023.51 955.23 489.36 433.26
6933631504811_camera2-11.jpg 197 1185.76 777.55 951.97 580.46 467.57 394.18
6933631504811_camera2-14.jpg 197 1175.82 775.86 887.32 506.15 576.99 539.41
6933631504811_camera1-6.jpg 197 1269.81 1178.24 968.73 939.67 602.16 477.14
6933631504811_camera2-12.jpg 197 1183.07 779.86 926.18 549.13 513.79 461.46
6933631504811_camera2-16.jpg 197 1171.89 782.23 893.46 498.24 556.87 567.97
6933631504811_camera2-13.jpg 197 1180.96 778.83 908.01 524.11 545.9 509.44
6933631504811_camera2-19.jpg 197 1169.41 788.01 946.61 532.7 445.6 510.62
6933631504811_camera2-15.jpg 197 1172.36 779.9 889.3 501.47 566.12 556.87
6933631504811_camera2-18.jpg 197 1170.39 785.92 921.43 512.38 497.93 547.09
6933631504811_camera2-17.jpg 197 1172.62 781.86 901.58 498.8 542.07 566.12
6933631504811_camera2-1.jpg 197 1197.98 795.8 995.35 560.35 405.26 470.89
6933631504811_camera2-24.jpg 197 1168.66 796.71 897.63 511.8 542.07 569.82
6933631504811_camera2-26.jpg 197 1170.26 800.1 885.85 521.42 568.82 557.36
6933631504811_camera2-23.jpg 197 1167.82 796.92 917.72 524.4 500.2 545.05
6933631504811_camera2-27.jpg 197 1169.79 802.91 888.43 535.82 562.72 534.18
6933631504811_camera2-22.jpg 197 1170.36 793.74 930.77 528.25 479.17 530.97
6933631504811_camera2-2.jpg 197 1196.82 793.3 965.75 533.69 462.14 519.22
6933631504811_camera2-20.jpg 197 1169.23 788.16 971.8 551.09 394.86 474.14
6933631504811_camera2-25.jpg 197 1169.97 800.37 886.6 517.52 566.74 565.7
6933631504811_camera2-30.jpg 197 1177.61 804.16 942.46 606.4 470.29 395.53
6933631504811_camera2-28.jpg 197 1173.03 803.51 908.66 562.25 528.74 482.53
6933631504811_camera2-31.jpg 197 1182.36 808.17 941.26 601.0 482.2 414.34
6933631504811_camera2-21.jpg 197 1169.15 789.2 966.97 552.13 404.37 474.14
6933631504811_camera2-29.jpg 197 1174.01 803.78 923.46 586.53 501.1 434.5
6933631504811_camera2-33.jpg 197 1185.07 812.13 912.45 555.24 545.24 513.79
6933631504811_camera2-35.jpg 197 1188.96 804.97 904.0 522.14 569.92 565.67
6933631504811_camera2-32.jpg 197 1183.99 807.08 926.47 574.32 515.04 465.52
6933631504811_camera2-34.jpg 197 1182.91 806.15 898.23 534.98 569.37 542.35
6933631504811_camera2-40.jpg 197 1195.53 795.11 1005.4 568.0 380.26 454.22
6933631504811_camera2-36.jpg 197 1189.22 803.86 909.61 523.75 559.22 560.22
6933631504811_camera2-39.jpg 197 1195.21 797.27 976.42 545.75 437.59 503.04
6933631504811_camera2-3.jpg 197 1195.49 789.65 936.6 512.53 517.77 554.24
6933631504811_camera2-38.jpg 197 1192.5 800.98 943.54 528.23 497.93 545.5
6933631504811_camera2-4.jpg 197 1197.13 789.46 922.07 504.5 550.12 569.92
6933631504811_camera2-37.jpg 197 1192.33 800.58 923.54 518.77 537.57 563.61
6933631504811_camera2-6.jpg 197 1191.66 785.14 906.23 505.53 570.87 559.22
6933631504811_camera2-7.jpg 197 1194.53 784.58 912.26 513.41 564.53 542.33
6933631504811_camera2-5.jpg 197 1195.2 786.35 916.52 502.46 557.36 567.78
6933631504811_camera3-10.jpg 197 1417.06 1418.73 1174.44 1297.76 485.24 241.94
6933631504811_camera2-8.jpg 197 1191.17 780.1 912.98 526.76 556.38 506.68
6933631504811_camera3-17.jpg 197 1372.45 1411.44 1060.74 1285.72 623.42 251.44
6933631504811_camera3-12.jpg 197 1415.75 1431.26 1117.29 1302.25 596.93 258.01
6933631504811_camera3-18.jpg 197 1367.93 1405.41 1076.66 1288.9 582.53 233.01
6933631504811_camera3-19.jpg 197 1380.62 1401.17 1098.02 1285.84 565.21 230.66
6933631504811_camera3-11.jpg 197 1416.25 1426.29 1143.05 1302.21 546.41 248.16
6933631504811_camera3-20.jpg 197 1398.34 1405.02 1115.49 1287.82 565.7 234.4
6933631504811_camera3-13.jpg 197 1404.04 1430.07 1085.66 1296.48 636.75 267.17
6933631504811_camera2-9.jpg 197 1188.37 780.68 930.52 550.96 515.69 459.43
6933631504811_camera3-16.jpg 197 1381.71 1416.07 1057.54 1286.94 648.35 258.25
6933631504811_camera3-1.jpg 197 1393.82 1419.87 1088.8 1293.85 610.04 252.03
6933631504811_camera3-14.jpg 197 1401.3 1427.13 1070.38 1293.19 661.84 267.89
6933631504811_camera3-15.jpg 197 1390.14 1422.1 1061.89 1288.21 656.51 267.77
6933631504811_camera3-22.jpg 197 1384.75 1423.06 1059.29 1292.75 650.93 260.61
6933631504811_camera3-26.jpg 197 1353.49 1431.96 1046.99 1297.39 613.01 269.13
6933631504811_camera3-21.jpg 197 1390.72 1412.62 1084.65 1290.8 612.14 243.64
6933631504811_camera3-24.jpg 197 1367.2 1425.49 1041.66 1289.57 651.07 271.85
6933631504811_camera3-25.jpg 197 1354.97 1429.08 1038.08 1290.89 633.78 276.37
6933631504811_camera3-27.jpg 197 1345.88 1429.01 1058.4 1297.85 574.95 262.33
6933631504811_camera3-23.jpg 197 1375.15 1425.1 1049.08 1296.0 652.14 258.19
6933631504811_camera3-30.jpg 197 1384.39 1427.59 1142.45 1305.94 483.88 243.3
6933631504811_camera3-2.jpg 197 1392.18 1430.07 1067.5 1297.6 649.37 264.94
6933631504811_camera3-34.jpg 197 1372.97 1435.86 1040.55 1296.69 664.84 278.33
6933631504811_camera3-29.jpg 197 1366.34 1427.96 1126.89 1308.24 478.9 239.45
6933631504811_camera3-31.jpg 197 1380.12 1431.88 1102.26 1302.75 555.71 258.26
6933631504811_camera3-32.jpg 197 1380.28 1432.96 1076.6 1299.61 607.37 266.7
6933631504811_camera3-28.jpg 197 1341.69 1427.05 1095.45 1305.05 492.48 244.01
6933631504811_camera3-36.jpg 197 1362.21 1431.18 1037.36 1295.94 649.71 270.49
6933631504811_camera3-33.jpg 197 1375.35 1435.05 1054.99 1299.1 640.71 271.91
6933631504811_camera3-35.jpg 197 1364.05 1433.44 1029.49 1297.85 669.11 271.18
6933631504811_camera3-37.jpg 197 1357.33 1426.04 1041.31 1296.23 632.04 259.61
6933631504811_camera3-4.jpg 197 1381.34 1434.33 1051.38 1297.18 659.91 274.29
6933631504811_camera3-3.jpg 197 1385.4 1431.76 1055.79 1294.48 659.22 274.56
6933631504811_camera3-40.jpg 197 1393.82 1412.42 1092.71 1291.15 602.21 242.53
6933631504811_camera3-39.jpg 197 1375.48 1409.8 1091.79 1295.04 567.38 229.52
6933631504811_camera3-38.jpg 197 1353.72 1422.26 1055.77 1297.76 595.91 248.99
6933631504811_camera3-7.jpg 197 1371.26 1429.26 1081.16 1297.03 580.2 264.47
6933631504811_camera3-6.jpg 197 1375.65 1434.19 1062.59 1296.15 626.12 276.08
6933631504811_camera3-8.jpg 197 1372.05 1424.93 1106.59 1297.05 530.92 255.76
6933631504811_camera3-5.jpg 197 1380.86 1435.78 1057.56 1298.88 646.6 273.79
6933631504811_camera3-9.jpg 197 1384.18 1417.8 1144.18 1293.55 480.01 248.49
6933631504811~B_camera0-20.jpg 197 1182.02 1093.82 913.48 1004.38 537.08 178.88
6933631504811~B_camera0-12.jpg 197 1109.45 1098.34 832.33 1008.97 554.24 178.74
6933631504811~B_camera0-15.jpg 197 1116.1 1095.72 819.62 1007.62 592.95 176.2
6933631504811~B_camera0-30.jpg 197 1186.11 1082.56 956.08 995.72 460.05 173.67
6933631504811~B_camera0-18.jpg 197 1132.46 1088.23 873.82 1005.58 517.28 165.3
6933631504811~B_camera0-11.jpg 197 1106.0 1096.1 852.29 1007.88 507.43 176.43
6933631504811~B_camera0-2.jpg 197 1083.91 1084.79 805.29 995.08 557.24 179.41
6933631504811~B_camera0-1.jpg 197 1095.0 1080.54 829.09 993.18 531.82 174.72
6933631504811~B_camera0-32.jpg 197 1165.59 1083.12 899.94 993.62 531.3 179.0
6933631504811~B_camera0-36.jpg 197 1106.0 1076.35 836.49 990.64 539.02 171.42
6933631504811~B_camera1-23.jpg 197 1189.68 744.66 957.75 585.57 463.86 318.17
6933631504811~B_camera1-10.jpg 197 1122.18 755.09 934.6 606.57 375.16 297.03
6933631504811~B_camera0-27.jpg 197 1158.16 1087.74 927.51 1001.09 461.31 173.3
6933631504811~B_camera0-6.jpg 197 1048.65 1092.23 781.09 998.73 535.13 187.0
6933631504811~B_camera0-3.jpg 197 1072.33 1087.36 787.17 994.69 570.32 185.33
6933631504811~B_camera0-7.jpg 197 1045.56 1092.59 797.09 1000.58 496.93 184.01
6933631504811~B_camera1-11.jpg 197 1126.51 759.33 919.01 603.49 414.99 311.68
6933631504811~B_camera0-39.jpg 197 1100.15 1073.58 855.21 991.3 489.88 164.55
6933631504811~B_camera0-4.jpg 197 1063.03 1089.73 778.4 995.77 569.25 187.93
6933631504811~B_camera0-24.jpg 197 1173.12 1096.23 887.96 1003.09 570.31 186.27
6933631504811~B_camera1-13.jpg 197 1136.24 764.79 904.61 606.14 463.26 317.31
6933631504811~B_camera1-14.jpg 197 1141.05 766.15 906.63 611.42 468.84 309.46
6933631504811~B_camera0-9.jpg 197 1073.86 1089.73 856.9 1004.05 433.92 171.37
6933631504811~B_camera1-29.jpg 197 1192.39 703.54 1023.13 559.11 338.52 288.86
6933631504811~B_camera1-21.jpg 197 1189.39 750.66 961.54 602.82 455.7 295.67
6933631504811~B_camera1-16.jpg 197 1149.38 761.26 924.88 627.29 448.99 267.95
6933631504811~B_camera1-37.jpg 197 1124.01 694.46 920.92 574.35 406.18 240.21
6933631504811~B_camera1-5.jpg 197 1092.94 738.51 872.87 584.56 440.15 307.91
6933631504811~B_camera1-24.jpg 197 1188.65 739.34 962.01 581.08 453.28 316.51
6933631504811~B_camera1-7.jpg 197 1091.23 745.29 901.32 605.64 379.81 279.31
6933631504811~B_camera2-1.jpg 197 783.57 881.34 515.96 643.15 535.22 476.38
6933631504811~B_camera2-16.jpg 197 731.17 783.05 451.32 526.53 559.7 513.05
6933631504811~B_camera1-32.jpg 197 1171.97 699.98 953.75 539.45 436.44 321.06
6933631504811~B_camera1-40.jpg 197 1120.91 712.06 911.0 579.18 419.83 265.76
6933631504811~B_camera2-15.jpg 197 739.9 784.44 453.28 513.73 573.24 541.42
6933631504811~B_camera1-38.jpg 197 1120.21 697.26 930.2 589.38 380.02 215.77
6933631504811~B_camera2-18.jpg 197 716.16 787.45 468.46 576.77 495.41 421.37
6933631504811~B_camera2-12.jpg 197 766.73 796.18 501.6 519.75 530.25 552.86
6933631504811~B_camera2-14.jpg 197 748.72 786.34 463.05 507.06 571.34 558.55
6933631504811~B_camera2-2.jpg 197 788.12 872.67 509.06 614.78 558.13 515.78
6933631504811~B_camera2-10.jpg 197 782.17 809.43 562.38 561.32 439.58 496.21
6933631504811~B_camera2-23.jpg 197 680.27 823.07 386.89 548.07 586.77 550.0
6933631504811~B_camera0-31.jpg 197 1177.11 1083.79 926.6 995.96 501.01 175.65
6933631504811~B_camera0-25.jpg 197 1167.79 1095.41 894.93 1004.37 545.72 182.08
6933631504811~B_camera0-17.jpg 197 1122.35 1089.15 848.27 1006.57 548.16 165.16
6933631504811~B_camera1-26.jpg 197 1183.35 728.91 984.03 583.64 398.64 290.54
6933631504811~B_camera0-10.jpg 197 1101.61 1092.81 874.13 1006.7 454.96 172.22
6933631504811~B_camera0-5.jpg 197 1054.11 1091.72 775.21 998.47 557.79 186.5
6933631504811~B_camera1-39.jpg 197 1127.99 706.34 934.11 586.5 387.77 239.68
6933631504811~B_camera2-17.jpg 197 722.84 784.5 455.45 548.94 534.77 471.12
6933631504811~B_camera1-8.jpg 197 1093.54 745.85 925.96 617.81 335.16 256.08
6933631504811~B_camera1-15.jpg 197 1144.68 765.42 912.38 618.45 464.6 293.94
6933631504811~B_camera1-9.jpg 197 1117.88 749.48 953.83 612.02 328.09 274.91
6933631504811~B_camera0-13.jpg 197 1112.18 1099.23 821.93 1010.07 580.5 178.31
6933631504811~B_camera1-33.jpg 197 1162.7 699.07 937.44 540.72 450.53 316.7
6933631504811~B_camera1-31.jpg 197 1180.62 701.54 974.2 542.39 412.85 318.3
6933631504811~B_camera2-31.jpg 197 705.4 887.83 453.44 618.75 503.93 538.16
6933631504811~B_camera2-30.jpg 197 699.72 883.85 472.08 629.76 455.28 508.18
6933631504811~B_camera1-6.jpg 197 1091.5 742.48 884.7 594.09 413.59 296.78
6933631504811~B_camera2-27.jpg 197 681.2 855.75 438.71 594.34 484.98 522.81
6933631504811~B_camera2-32.jpg 197 709.33 894.04 437.74 613.43 543.17 561.22
6933631504811~B_camera2-36.jpg 197 744.38 896.59 466.53 645.06 555.7 503.06
6933631504811~B_camera0-8.jpg 197 1046.14 1091.87 822.64 1004.06 447.0 175.62
6933631504811~B_camera2-37.jpg 197 752.85 893.42 488.86 662.93 527.97 460.98
6933631504811~B_camera2-34.jpg 197 725.6 898.08 438.33 618.7 574.53 558.75
6933631504811~B_camera2-33.jpg 197 716.38 896.99 434.3 614.12 564.17 565.74
6933631504811~B_camera0-26.jpg 197 1162.74 1091.84 907.87 1002.43 509.75 178.81
6933631504811~B_camera2-39.jpg 197 769.85 892.24 534.35 696.98 470.99 390.51
6933631504811~B_camera3-1.jpg 197 1001.09 891.62 743.42 765.85 515.33 251.55
6933631504811~B_camera3-13.jpg 197 1023.18 933.9 747.56 798.65 551.25 270.5
6933631504811~B_camera2-38.jpg 197 763.53 889.55 519.31 686.96 488.44 405.18
6933631504811~B_camera2-40.jpg 197 776.73 886.55 519.43 663.89 514.61 445.33
6933631504811~B_camera1-3.jpg 197 1102.52 727.98 873.22 574.0 458.59 307.96
6933631504811~B_camera3-10.jpg 197 1011.93 928.13 787.8 802.32 448.26 251.62
6933631504811~B_camera3-12.jpg 197 1020.12 935.58 754.85 802.24 530.54 266.68
6933631504811~B_camera3-38.jpg 197 1002.1 867.1 773.11 760.14 457.97 213.91
6933631504811~B_camera3-2.jpg 197 992.91 899.41 725.23 769.23 535.37 260.37
6933631504811~B_camera3-24.jpg 197 1081.69 916.59 815.02 784.7 533.34 263.78
6933631504811~B_camera3-26.jpg 197 1073.3 906.42 838.64 786.84 469.31 239.16
6933631504811~B_camera3-20.jpg 197 1087.22 914.18 830.44 782.24 513.56 263.89
6933631504811~B_camera3-18.jpg 197 1052.17 903.34 811.64 784.06 481.06 238.56
6933631504811~B_camera3-23.jpg 197 1084.62 918.91 809.75 782.79 549.73 272.24
6933631504811~B_camera3-25.jpg 197 1077.02 913.05 823.92 786.96 506.2 252.18
6933631504811~B_camera1-4.jpg 197 1097.06 733.91 869.29 578.19 455.54 311.44
6933631504811~B_camera3-19.jpg 197 1083.57 908.76 844.71 781.76 477.72 254.01
6933631504811~B_camera3-35.jpg 197 1028.87 875.28 766.66 752.56 524.41 245.45
6933631504811~B_camera3-28.jpg 197 1076.79 882.86 882.54 765.15 388.5 235.42
6933631504811~B_camera3-31.jpg 197 1079.4 881.76 836.11 745.97 486.59 271.58
6933631504811~B_camera3-3.jpg 197 983.22 905.41 710.97 772.44 544.5 265.93
6933631504811~B_camera2-9.jpg 197 788.85 817.41 598.38 592.45 380.93 449.91
6933631504811~B_camera3-32.jpg 197 1068.21 879.39 812.77 742.06 510.89 274.66
6933631504811~B_camera3-6.jpg 197 965.23 914.05 717.45 785.09 495.55 257.92
6933631504811~B_camera3-36.jpg 197 1015.15 872.73 761.6 758.08 507.1 229.3
6933631504811~B_camera3-34.jpg 197 1042.24 878.48 775.73 749.37 533.03 258.21
6933631504811~B_camera3-7.jpg 197 964.54 913.76 736.57 789.67 455.93 248.18
6933631504811~B_camera3-37.jpg 197 1004.58 866.13 765.38 758.24 478.4 215.78
6933631504811~B_camera3-4.jpg 197 974.62 910.01 705.11 776.8 539.02 266.43
6933631504811~B_camera2-7.jpg 197 792.52 828.65 553.94 567.98 477.16 521.35
6933631504811~B_camera3-40.jpg 197 1009.12 886.33 762.05 764.21 494.14 244.23
6933631504811~C_camera0-11.jpg 197 1118.68 1088.92 877.45 997.83 482.46 182.18
6933631504811~B_camera3-14.jpg 197 1026.7 929.6 747.02 795.82 559.36 267.55
6933631504811~C_camera0-34.jpg 197 1156.14 1085.12 869.36 1003.54 573.57 163.15
6933631504811~B_camera2-8.jpg 197 791.53 819.62 576.88 576.62 429.3 486.01
6933631504811~C_camera0-3.jpg 197 1133.12 1086.85 850.72 999.23 564.81 175.24
6933631504811~C_camera0-28.jpg 197 1117.36 1091.86 901.13 1003.04 432.46 177.64
6933631504811~B_camera3-9.jpg 197 1000.33 919.91 798.69 799.51 403.27 240.8
6933631504811~C_camera0-13.jpg 197 1106.01 1091.25 829.33 996.98 553.35 188.53
6933631504811~B_camera3-8.jpg 197 966.86 910.58 763.9 794.9 405.92 231.36
6933631504811~C_camera0-12.jpg 197 1112.06 1090.58 850.91 998.03 522.3 185.09
6933631504811~C_camera0-9.jpg 197 1102.92 1084.53 893.64 1000.66 418.56 167.74
6933631504811~C_camera0-32.jpg 197 1167.79 1088.36 897.74 1005.45 540.1 165.82
6933631504811~C_camera0-29.jpg 197 1152.53 1087.69 937.52 1002.17 430.02 171.05
6933631504811~C_camera0-14.jpg 197 1099.04 1091.95 813.25 998.13 571.58 187.65
6933631504811~C_camera0-33.jpg 197 1162.43 1086.61 880.84 1003.32 563.19 166.57
6933631504811~C_camera0-23.jpg 197 1119.39 1096.6 828.16 999.42 582.47 194.36
6933631504811~B_camera2-3.jpg 197 794.11 864.12 507.08 593.8 574.05 540.64
6933631504811~C_camera0-27.jpg 197 1114.36 1093.98 870.51 1000.69 487.7 186.58
6933631504811~C_camera0-26.jpg 197 1112.88 1096.09 847.94 1001.25 529.88 189.67
6933631504811~C_camera0-24.jpg 197 1116.48 1098.27 827.94 1002.06 577.07 192.43
6933631504811~C_camera0-36.jpg 197 1141.07 1080.26 863.96 1002.9 554.21 154.72
6933631504811~C_camera0-40.jpg 197 1158.84 1085.63 903.08 1006.29 511.51 158.68
6933631504811~C_camera0-8.jpg 197 1088.57 1082.46 870.04 999.03 437.05 166.86
6933631504811~C_camera0-22.jpg 197 1121.67 1095.65 835.75 1001.32 571.85 188.67
6933631504811~C_camera0-31.jpg 197 1169.95 1087.07 915.95 1002.75 507.99 168.63
6933631504811~C_camera1-13.jpg 197 1127.42 729.87 900.27 568.77 454.3 322.2
6933631504811~C_camera0-6.jpg 197 1102.04 1088.11 840.67 1001.95 522.74 172.32
6933631504811~C_camera0-5.jpg 197 1111.92 1088.76 837.99 1001.89 547.86 173.75
6933631504811~C_camera0-7.jpg 197 1092.92 1086.02 848.81 1001.18 488.23 169.69
6933631504811~C_camera1-12.jpg 197 1131.09 726.6 913.48 565.45 435.21 322.3
6933631504811~C_camera1-7.jpg 197 1126.74 719.83 937.98 583.78 377.53 272.1
6933631504811~C_camera1-8.jpg 197 1123.62 713.57 957.45 584.55 332.35 258.05
6933631504811~C_camera1-9.jpg 197 1138.35 715.94 977.31 575.73 322.08 280.42
6933631504811~C_camera3-10.jpg 197 1029.58 900.28 816.86 772.93 425.43 254.7
6933631504811~C_camera3-11.jpg 197 1025.26 904.2 790.6 771.45 469.32 265.5
6933631504811~C_camera3-17.jpg 197 996.71 898.21 742.81 780.18 507.8 236.07
6933631504811~C_camera3-27.jpg 197 1030.26 913.99 806.94 789.23 446.63 249.52
6933631504811~C_camera3-19.jpg 197 1024.03 901.84 788.65 782.55 470.76 238.58
6933631504811~C_camera3-26.jpg 197 1028.34 919.14 783.25 788.28 490.17 261.72
6933631504811~C_camera3-39.jpg 197 1068.53 878.81 837.28 760.17 462.5 237.28
6933631504811~C_camera3-37.jpg 197 1043.98 873.33 798.92 762.17 490.12 222.32
6933631504811~C_camera3-38.jpg 197 1047.29 872.52 813.87 760.2 466.84 224.63
6933631504811~C_camera3-18.jpg 197 998.01 892.24 762.9 781.52 470.22 221.44
6933631504811~C_camera3-12.jpg 197 1020.07 907.09 766.87 771.3 506.39 271.58
6933631504811~C_camera3-8.jpg 197 1002.86 893.16 803.83 785.03 398.05 216.27
6933631504811~C_camera3-40.jpg 197 1063.19 884.84 814.96 760.13 496.46 249.41
6933631504811~C_camera3-16.jpg 197 1000.43 903.34 733.92 779.35 533.03 247.97
6933631504811~C_camera3-13.jpg 197 1014.43 908.93 748.6 773.28 531.67 271.3
6933631504811~C_camera3-6.jpg 197 1014.86 900.48 772.4 783.03 484.91 234.9
6933631504811~B_camera0-14.jpg 197 1114.58 1098.0 818.04 1008.78 593.08 178.44
6933631504811~B_camera0-21.jpg 197 1183.56 1095.4 900.24 1003.15 566.64 184.51
6933631504811~B_camera0-19.jpg 197 1165.84 1091.02 905.96 1004.39 519.76 173.26
6933631504811~B_camera0-23.jpg 197 1177.81 1097.73 886.5 1004.85 582.62 185.76
6933631504811~B_camera0-22.jpg 197 1181.2 1096.69 891.0 1003.01 580.4 187.37
6933631504811~B_camera0-35.jpg 197 1121.13 1079.03 843.99 991.57 554.28 174.92
6933631504811~B_camera1-2.jpg 197 1108.45 722.41 881.19 573.8 454.53 297.22
6933631504811~B_camera1-1.jpg 197 1117.22 716.07 898.64 575.57 437.16 281.0
6933631504811~B_camera0-28.jpg 197 1160.57 1083.79 951.93 1000.7 417.28 166.17
6933631504811~B_camera0-34.jpg 197 1136.69 1080.46 857.54 990.71 558.3 179.5
6933631504811~B_camera1-35.jpg 197 1142.94 696.67 920.08 550.9 445.72 291.54
6933631504811~B_camera1-12.jpg 197 1130.88 763.58 908.95 603.68 443.86 319.81
6933631504811~B_camera1-34.jpg 197 1152.15 697.54 925.69 543.47 452.93 308.14
6933631504811~B_camera0-37.jpg 197 1092.04 1073.46 834.72 990.24 514.64 166.44
6933631504811~B_camera1-22.jpg 197 1190.16 748.36 957.06 593.26 466.21 310.2
6933631504811~B_camera0-29.jpg 197 1188.09 1082.05 979.57 997.8 417.03 168.5
6933631504811~B_camera1-20.jpg 197 1187.57 753.01 971.14 615.5 432.86 275.03
6933631504811~B_camera2-13.jpg 197 758.02 790.36 478.76 509.58 558.53 561.55
6933631504811~B_camera0-38.jpg 197 1085.11 1070.83 841.83 991.27 486.55 159.11
6933631504811~B_camera1-28.jpg 197 1180.67 705.4 1020.22 572.45 320.9 265.9
6933631504811~B_camera3-11.jpg 197 1016.37 933.99 769.92 804.5 492.89 258.98
6933631504811~B_camera2-5.jpg 197 796.11 847.48 518.89 569.37 554.43 556.21
6933631504811~B_camera0-16.jpg 197 1119.18 1093.85 829.46 1006.8 579.45 174.1
6933631504811~B_camera2-29.jpg 197 690.63 877.26 492.37 645.36 396.53 463.8
6933631504811~B_camera2-21.jpg 197 690.64 809.47 413.76 566.4 553.77 486.14
6933631504811~B_camera2-22.jpg 197 685.12 816.02 396.6 554.21 577.05 523.61
6933631504811~B_camera2-4.jpg 197 794.39 856.0 510.35 578.49 568.08 555.02
6933631504811~B_camera1-17.jpg 197 1152.84 750.59 941.86 624.47 421.96 252.23
6933631504811~B_camera0-33.jpg 197 1151.69 1082.85 876.62 993.75 550.15 178.2
6933631504811~B_camera2-24.jpg 197 678.61 830.39 389.63 549.33 577.96 562.13
6933631504811~B_camera2-19.jpg 197 705.51 798.68 469.17 609.14 472.69 379.08
6933631504811~B_camera3-15.jpg 197 1030.15 922.83 752.7 792.53 554.91 260.6
6933631504811~B_camera1-25.jpg 197 1186.02 734.55 970.25 581.31 431.54 306.49
6933631504811~B_camera1-30.jpg 197 1187.46 702.38 996.74 549.35 381.44 306.07
6933631504811~B_camera0-40.jpg 197 1101.88 1078.16 848.56 992.67 506.63 170.99
6933631504811~C_camera0-17.jpg 197 1082.29 1087.32 808.64 998.58 547.3 177.48
6933631504811~B_camera3-27.jpg 197 1068.97 893.3 858.38 777.38 421.19 231.85
6933631504811~B_camera3-29.jpg 197 1095.53 882.19 895.48 756.0 400.1 252.39
6933631504811~B_camera2-25.jpg 197 677.3 838.75 396.73 558.55 561.13 560.4
6933631504811~B_camera2-28.jpg 197 687.16 862.22 472.25 621.4 429.83 481.65
6933631504811~B_camera2-26.jpg 197 677.57 846.22 413.9 572.73 527.34 546.97
6933631504811~B_camera1-36.jpg 197 1133.0 695.62 917.76 561.81 430.48 267.63
6933631504811~B_camera2-20.jpg 197 698.56 803.93 438.45 585.09 520.21 437.68
6933631504811~B_camera2-35.jpg 197 735.01 896.66 448.22 627.53 573.57 538.26
6933631504811~B_camera3-33.jpg 197 1055.67 878.56 792.37 743.85 526.61 269.41
6933631504811~B_camera3-21.jpg 197 1088.52 917.56 818.49 781.69 540.06 271.73
6933631504811~B_camera1-27.jpg 197 1179.99 722.03 1000.57 587.4 358.83 269.26
6933631504811~B_camera2-6.jpg 197 793.22 837.06 532.32 562.79 521.79 548.55
6933631504811~C_camera0-10.jpg 197 1122.69 1086.36 908.3 998.72 428.78 175.27
6933631504811~B_camera2-11.jpg 197 774.95 801.99 528.68 536.74 492.54 530.5
6933631504811~C_camera0-1.jpg 197 1154.11 1085.66 888.7 1002.76 530.81 165.81
6933631504811~C_camera0-2.jpg 197 1142.76 1086.85 865.99 1001.81 553.53 170.08
6933631504811~C_camera0-4.jpg 197 1121.83 1085.17 840.65 994.37 562.36 181.61
6933631504811~B_camera3-17.jpg 197 1037.8 904.38 785.49 786.99 504.61 234.78
6933631504811~C_camera0-25.jpg 197 1116.02 1097.17 835.06 1000.2 561.93 193.94
6933631504811~C_camera0-30.jpg 197 1170.12 1085.99 939.38 1002.48 461.47 167.01
6933631504811~B_camera3-39.jpg 197 1017.81 876.09 789.01 760.61 457.6 230.96
6933631504811~B_camera3-22.jpg 197 1087.6 919.01 813.2 782.18 548.8 273.66
6933631504811~C_camera0-16.jpg 197 1086.89 1088.88 802.64 996.74 568.51 184.27
6933631504811~C_camera1-11.jpg 197 1134.12 723.25 931.79 565.51 404.66 315.47
6933631504811~C_camera0-37.jpg 197 1132.78 1074.61 868.77 997.67 528.01 153.88
6933631504811~C_camera0-19.jpg 197 1102.88 1083.86 848.25 997.82 509.27 172.07
6933631504811~C_camera1-14.jpg 197 1124.61 730.38 893.31 573.32 462.59 314.12
6933631504811~C_camera0-15.jpg 197 1091.36 1090.75 803.14 997.45 576.43 186.6
6933631504811~C_camera0-39.jpg 197 1152.39 1081.68 903.59 1004.19 497.61 154.98
6933631504811~B_camera3-5.jpg 197 968.52 913.16 705.87 780.86 525.3 264.61
6933631504811~B_camera3-16.jpg 197 1033.99 913.84 765.71 789.08 536.55 249.51
6933631504811~B_camera3-30.jpg 197 1088.33 882.12 865.08 750.38 446.5 263.48
6933631504811~C_camera0-18.jpg 197 1080.12 1083.92 824.46 997.93 511.33 171.99
6933631504811~C_camera1-6.jpg 197 1132.37 719.74 925.49 574.48 413.75 290.52
6933631504811~C_camera1-10.jpg 197 1136.7 718.81 952.91 568.77 367.58 300.08
6933631504811~C_camera3-9.jpg 197 1023.74 896.83 829.54 777.69 388.4 238.28
6933631504811~C_camera0-38.jpg 197 1131.2 1076.78 883.65 1001.2 495.1 151.15
6933631504811~C_camera3-7.jpg 197 1007.93 897.99 785.3 786.41 445.26 223.15
6933631504811~C_camera3-21.jpg 197 1032.36 916.63 767.79 783.4 529.13 266.46
6933631504811~C_camera3-28.jpg 197 1037.75 906.62 838.23 790.59 399.04 232.07
6933631504811~C_camera3-2.jpg 197 1049.01 893.95 784.19 764.2 529.63 259.5
6933631504811~C_camera3-29.jpg 197 1072.21 909.19 872.74 792.29 398.95 233.81
