6933093050208_camera0-11.jpg 198 1396.45 1023.85 1318.96 728.31 154.99 591.08
6933093050208_camera0-10.jpg 198 1396.52 1022.21 1335.47 736.38 122.1 571.67
6933093050208_camera0-14.jpg 198 1403.02 1025.16 1329.46 728.31 147.11 593.71
6933093050208_camera0-15.jpg 198 1410.55 1020.98 1348.58 734.22 123.95 573.52
6933093050208_camera0-21.jpg 198 1426.85 1008.14 1355.82 731.93 142.05 552.42
6933093050208_camera0-13.jpg 198 1404.33 1022.53 1329.46 728.31 149.74 588.45
6933093050208_camera0-17.jpg 198 1415.01 1006.82 1332.14 726.67 165.73 560.31
6933093050208_camera0-19.jpg 198 1424.0 1022.8 1356.65 729.93 134.69 585.74
6933093050208_camera0-18.jpg 198 1422.72 1026.49 1353.11 733.57 139.23 585.83
6933093050208_camera0-16.jpg 198 1413.7 1000.25 1342.67 721.41 142.05 557.68
6933093050208_camera0-20.jpg 198 1424.03 1024.71 1366.15 738.48 115.76 572.46
6933093050208_camera0-1.jpg 198 1391.2 1025.16 1318.96 730.94 144.49 588.45
6933093050208_camera0-22.jpg 198 1436.05 1022.61 1363.71 724.04 144.68 597.14
6933093050208_camera0-23.jpg 198 1425.53 1019.98 1355.82 729.3 139.42 581.36
6933093050208_camera0-24.jpg 198 1434.0 1021.23 1372.92 733.06 122.16 576.34
6933093050208_camera0-25.jpg 198 1433.28 1022.08 1375.4 739.02 115.76 566.12
6933093050208_camera0-26.jpg 198 1430.61 1025.16 1355.74 730.94 149.74 588.45
6933093050208_camera0-27.jpg 198 1433.42 1023.92 1366.34 729.3 134.16 589.25
6933093050208_camera0-29.jpg 198 1429.3 1023.86 1355.74 730.94 147.11 585.83
6933093050208_camera0-32.jpg 198 1424.03 1018.37 1358.22 738.48 131.62 559.77
6933093050208_camera0-33.jpg 198 1408.28 1018.6 1326.84 733.57 162.88 570.06
6933093050208_camera0-28.jpg 198 1431.91 1019.91 1358.36 728.31 147.11 583.2
6933093050208_camera0-2.jpg 198 1379.5 1029.18 1303.21 739.82 152.57 578.73
6933093050208_camera0-31.jpg 198 1426.66 1025.16 1353.11 728.31 147.11 593.71
6933093050208_camera0-34.jpg 198 1414.98 1020.97 1350.41 741.65 129.13 558.64
6933093050208_camera0-30.jpg 198 1424.04 1027.8 1353.11 730.94 141.86 593.71
6933093050208_camera0-36.jpg 198 1405.8 1029.18 1326.88 734.56 157.83 589.25
6933093050208_camera0-35.jpg 198 1412.52 1023.43 1343.48 739.22 138.08 568.42
6933093050208_camera0-38.jpg 198 1401.0 1022.6 1333.61 743.5 134.79 558.19
6933093050208_camera0-37.jpg 198 1401.85 1025.24 1332.14 734.56 139.42 581.36
6933093050208_camera0-40.jpg 198 1392.72 1019.13 1326.12 737.77 133.2 562.72
6933093050208_camera0-9.jpg 198 1389.53 1027.49 1320.62 733.06 137.82 588.87
6933093050208_camera1-10.jpg 198 1255.86 984.47 1187.46 739.82 136.79 489.29
6933093050208_camera1-11.jpg 198 1267.72 989.7 1198.11 746.7 139.23 486.0
6933093050208_camera1-14.jpg 198 1271.95 988.56 1210.11 758.62 123.69 459.87
6933093050208_camera1-12.jpg 198 1266.41 988.38 1198.11 746.7 136.61 483.37
6933093050208_camera1-13.jpg 198 1267.69 987.1 1197.98 742.45 139.42 489.29
6933093050208_camera1-16.jpg 198 1279.91 986.79 1214.13 751.86 131.56 469.85
6933093050208_camera1-18.jpg 198 1287.43 987.08 1216.5 751.96 141.86 470.24
6933093050208_camera1-15.jpg 198 1275.77 986.65 1213.92 757.51 123.69 458.29
6933093050208_camera1-17.jpg 198 1283.48 991.05 1216.4 755.61 134.16 470.87
6933093050208_camera1-19.jpg 198 1290.07 983.13 1221.76 749.33 136.61 467.61
6933093050208_camera1-1.jpg 198 1258.51 962.3 1195.87 733.16 125.28 458.29
6933093050208_camera1-21.jpg 198 1295.31 980.51 1224.38 746.7 141.86 467.61
6933093050208_camera1-23.jpg 198 1300.26 978.95 1236.05 745.59 128.42 466.71
6933093050208_camera1-22.jpg 198 1297.03 975.88 1236.55 752.28 120.97 447.19
6933093050208_camera1-20.jpg 198 1291.37 983.13 1224.38 738.82 133.98 488.63
6933093050208_camera1-27.jpg 198 1294.0 966.05 1221.66 734.56 144.68 462.98
6933093050208_camera1-26.jpg 198 1301.88 968.69 1232.26 738.82 139.23 459.73
6933093050208_camera1-24.jpg 198 1303.2 975.26 1229.55 747.72 147.31 455.09
6933093050208_camera1-25.jpg 198 1300.58 969.19 1240.77 747.64 119.61 443.11
6933093050208_camera1-29.jpg 198 1297.94 964.74 1219.03 739.82 157.83 449.83
6933093050208_camera1-2.jpg 198 1255.91 966.05 1184.98 728.31 141.86 475.49
6933093050208_camera1-28.jpg 198 1295.57 960.16 1226.66 736.2 137.82 447.92
6933093050208_camera1-30.jpg 198 1287.42 960.79 1213.77 731.93 147.31 457.72
6933093050208_camera1-34.jpg 198 1278.24 956.87 1205.99 725.69 144.49 462.36
6933093050208_camera1-31.jpg 198 1289.92 956.4 1224.0 736.21 131.84 440.39
6933093050208_camera1-35.jpg 198 1276.91 960.79 1205.88 731.93 142.05 457.72
6933093050208_camera1-33.jpg 198 1279.53 958.16 1197.98 731.93 163.1 452.46
6933093050208_camera1-32.jpg 198 1286.18 955.46 1214.13 726.8 144.09 457.32
6933093050208_camera1-37.jpg 198 1269.04 955.55 1192.86 720.43 152.37 470.24
6933093050208_camera1-36.jpg 198 1272.15 954.51 1203.96 729.33 136.38 450.36
6933093050208_camera1-40.jpg 198 1258.48 966.05 1184.83 729.3 147.31 473.5
6933093050208_camera1-38.jpg 198 1263.79 958.18 1190.23 725.69 147.11 464.98
6933093050208_camera1-4.jpg 198 1254.01 970.91 1193.53 742.56 120.97 456.7
6933093050208_camera1-39.jpg 198 1262.43 960.79 1182.2 726.67 160.47 468.24
6933093050208_camera1-3.jpg 198 1251.96 967.37 1182.35 730.94 139.23 472.86
6933093050208_camera1-5.jpg 198 1251.91 973.94 1179.57 734.56 144.68 478.77
6933093050208_camera1-6.jpg 198 1249.34 977.88 1179.72 741.45 139.23 472.86
6933093050208_camera1-7.jpg 198 1254.05 978.62 1193.79 747.89 120.52 461.46
6933093050208_camera1-8.jpg 198 1253.73 981.69 1190.63 745.43 126.19 472.53
6933093050208_camera2-10.jpg 198 1178.25 785.86 1111.17 713.52 134.16 144.68
6933093050208_camera2-13.jpg 198 1184.98 778.23 1114.05 707.3 141.86 141.86
6933093050208_camera1-9.jpg 198 1257.24 983.14 1196.98 753.21 120.52 459.87
6933093050208_camera2-12.jpg 198 1186.15 781.91 1116.44 708.26 139.42 147.31
6933093050208_camera2-14.jpg 198 1188.36 774.31 1125.97 711.92 124.78 124.78
6933093050208_camera2-16.jpg 198 1187.46 768.75 1119.07 697.73 136.79 142.05
6933093050208_camera2-11.jpg 198 1183.4 782.11 1123.13 719.01 120.53 126.2
6933093050208_camera2-15.jpg 198 1188.78 763.5 1116.44 684.58 144.68 157.83
6933093050208_camera2-17.jpg 198 1190.78 761.03 1133.36 700.12 114.84 121.83
6933093050208_camera2-18.jpg 198 1187.29 759.07 1126.08 695.38 122.42 127.38
6933093050208_camera2-19.jpg 198 1184.84 755.61 1116.44 681.95 136.79 147.31
6933093050208_camera2-1.jpg 198 1153.55 781.61 1089.12 714.87 128.87 133.47
6933093050208_camera2-23.jpg 198 1176.85 742.91 1119.18 682.32 115.34 121.17
6933093050208_camera2-22.jpg 198 1180.89 746.4 1113.81 679.32 134.16 134.16
6933093050208_camera2-20.jpg 198 1187.65 753.76 1125.97 687.82 123.37 131.87
6933093050208_camera2-24.jpg 198 1174.88 741.7 1114.62 676.47 120.53 130.46
6933093050208_camera2-21.jpg 198 1186.15 743.77 1116.44 674.06 139.42 139.42
6933093050208_camera2-25.jpg 198 1170.9 742.07 1113.55 682.58 114.7 118.98
6933093050208_camera2-26.jpg 198 1169.05 735.88 1103.28 663.54 131.53 144.68
6933093050208_camera2-27.jpg 198 1163.31 744.18 1102.92 677.18 120.77 134.0
6933093050208_camera2-28.jpg 198 1160.98 739.88 1103.63 679.54 114.7 120.69
6933093050208_camera2-29.jpg 198 1154.58 741.14 1092.76 666.17 123.64 149.94
6933093050208_camera2-2.jpg 198 1155.48 781.55 1092.36 718.43 126.24 126.24
6933093050208_camera2-32.jpg 198 1147.94 752.34 1084.84 684.98 126.2 134.71
6933093050208_camera2-30.jpg 198 1155.89 747.72 1084.87 676.69 142.05 142.05
6933093050208_camera2-35.jpg 198 1145.17 759.06 1085.75 698.47 118.84 121.17
6933093050208_camera2-31.jpg 198 1154.21 750.8 1093.0 680.49 122.42 140.62
6933093050208_camera2-34.jpg 198 1149.32 758.24 1082.24 684.58 134.16 147.31
6933093050208_camera2-33.jpg 198 1149.7 753.3 1092.78 691.39 113.84 123.83
6933093050208_camera2-37.jpg 198 1148.42 769.0 1084.73 700.34 127.38 137.31
6933093050208_camera2-36.jpg 198 1149.02 777.27 1083.24 699.41 131.56 155.72
6933093050208_camera2-38.jpg 198 1144.06 770.07 1074.35 695.1 139.42 149.94
6933093050208_camera2-39.jpg 198 1148.65 772.9 1084.84 707.67 127.62 130.46
6933093050208_camera2-3.jpg 198 1155.89 781.91 1087.5 708.26 136.79 147.31
6933093050208_camera2-4.jpg 198 1159.27 784.08 1099.85 724.66 118.84 118.84
6933093050208_camera2-40.jpg 198 1150.63 776.65 1079.61 705.63 142.05 142.05
6933093050208_camera2-5.jpg 198 1164.53 784.81 1100.32 722.17 128.42 125.29
6933093050208_camera2-6.jpg 198 1167.28 787.61 1109.51 727.12 115.53 120.97
6933093050208_camera2-8.jpg 198 1175.62 784.54 1103.28 716.15 144.68 136.79
6933093050208_camera2-7.jpg 198 1170.11 784.42 1108.42 721.14 123.37 126.56
6933093050208_camera2-9.jpg 198 1172.99 784.54 1103.28 713.52 139.42 142.05
6933093050208_camera3-12.jpg 198 1375.66 1188.84 1309.06 900.23 133.2 577.22
6933093050208_camera3-11.jpg 198 1368.97 1189.65 1284.79 876.61 168.36 626.08
6933093050208_camera3-10.jpg 198 1368.87 1184.54 1296.9 890.0 143.93 589.08
6933093050208_camera3-13.jpg 198 1378.37 1189.9 1314.14 898.91 128.45 581.98
6933093050208_camera3-16.jpg 198 1390.02 1189.65 1313.73 887.14 152.57 605.03
6933093050208_camera3-17.jpg 198 1391.33 1188.34 1313.73 889.77 155.2 597.14
6933093050208_camera3-15.jpg 198 1385.28 1189.01 1322.08 899.49 126.41 579.03
6933093050208_camera3-18.jpg 198 1397.9 1185.71 1321.62 887.14 152.57 597.14
6933093050208_camera3-14.jpg 198 1384.16 1193.34 1309.72 897.21 148.89 592.25
6933093050208_camera3-1.jpg 198 1352.92 1183.69 1280.51 889.77 144.83 587.85
6933093050208_camera3-20.jpg 198 1401.67 1185.98 1339.34 898.8 124.66 574.37
6933093050208_camera3-21.jpg 198 1409.97 1186.17 1340.16 891.19 139.61 589.96
6933093050208_camera3-19.jpg 198 1400.06 1186.32 1330.25 892.33 139.61 587.98
6933093050208_camera3-25.jpg 198 1401.88 1181.74 1334.54 888.87 134.69 585.74
6933093050208_camera3-26.jpg 198 1402.57 1181.18 1340.72 897.33 123.69 567.7
6933093050208_camera3-28.jpg 198 1395.33 1180.38 1323.92 888.94 142.82 582.88
6933093050208_camera3-27.jpg 198 1400.45 1178.36 1337.02 892.92 126.86 570.87
6933093050208_camera3-29.jpg 198 1392.64 1177.82 1313.73 884.51 157.83 586.62
6933093050208_camera3-32.jpg 198 1384.99 1177.62 1311.37 887.28 147.24 580.67
6933093050208_camera3-30.jpg 198 1391.64 1177.4 1321.84 888.78 139.61 577.24
6933093050208_camera3-31.jpg 198 1386.07 1172.55 1311.1 879.24 149.94 586.62
6933093050208_camera3-37.jpg 198 1368.2 1176.58 1304.32 889.78 127.77 573.59
6933093050208_camera3-33.jpg 198 1380.82 1180.45 1297.95 887.14 165.73 586.62
6933093050208_camera3-35.jpg 198 1372.58 1175.13 1301.44 883.97 142.27 582.33
6933093050208_camera3-34.jpg 198 1374.24 1179.13 1303.21 887.14 142.05 583.99
6933093050208_camera3-3.jpg 198 1354.4 1187.09 1289.97 893.1 128.87 587.98
6933093050208_camera3-38.jpg 198 1365.4 1178.57 1301.52 892.45 127.77 572.23
6933093050208_camera3-36.jpg 198 1368.31 1178.29 1295.13 886.69 146.36 583.2
6933093050208_camera3-39.jpg 198 1363.55 1178.42 1299.66 894.34 127.77 568.16
6933093050208_camera3-40.jpg 198 1357.11 1179.86 1289.04 889.17 136.13 581.38
6933093050208_camera3-5.jpg 198 1355.13 1186.45 1293.97 897.62 122.33 577.67
6933093050208_camera3-8.jpg 198 1358.65 1190.99 1285.31 894.73 146.68 592.53
6933093050208_camera3-9.jpg 198 1363.47 1189.07 1291.1 890.87 144.75 596.39
6933093050208_camera3-6.jpg 198 1357.99 1185.8 1296.94 896.4 122.1 578.8
6933093050208_camera3-7.jpg 198 1359.87 1187.91 1295.43 895.27 128.87 585.29
