6939789303252-back_camera0-10.jpg 199 1269.64 1301.88 953.28 1233.43 632.72 136.9
6939789303252-back_camera0-13.jpg 199 1373.35 1315.68 1085.18 1232.67 576.34 166.01
6939789303252-back_camera0-14.jpg 199 1392.46 1317.37 1048.35 1232.53 688.22 169.68
6939789303252-back_camera0-12.jpg 199 1330.83 1308.03 1061.19 1218.59 539.27 178.88
6939789303252-back_camera0-11.jpg 199 1286.12 1299.88 1000.15 1226.7 571.94 146.36
6939789303252-back_camera0-17.jpg 199 1400.54 1313.29 950.71 1218.59 899.66 189.4
6939789303252-back_camera0-15.jpg 199 1397.6 1320.43 1025.74 1236.25 743.72 168.36
6939789303252-back_camera0-19.jpg 199 1417.99 1324.2 955.41 1236.8 925.16 174.8
6939789303252-back_camera0-16.jpg 199 1408.27 1325.96 985.32 1235.33 845.9 181.26
6939789303252-back_camera0-21.jpg 199 1430.8 1306.71 979.65 1223.85 902.29 165.73
6939789303252-back_camera0-18.jpg 199 1412.21 1320.71 945.92 1230.08 932.59 181.26
6939789303252-back_camera0-20.jpg 199 1411.68 1320.78 967.67 1249.56 888.03 142.45
6939789303252-back_camera0-23.jpg 199 1488.66 1300.13 1055.93 1226.48 865.46 147.31
6939789303252-back_camera0-1.jpg 199 1349.16 1279.99 932.78 1216.94 832.77 126.1
6939789303252-back_camera0-22.jpg 199 1467.62 1304.08 1019.1 1226.48 897.03 155.2
6939789303252-back_camera0-25.jpg 199 1469.03 1300.99 1027.77 1224.25 882.53 153.48
6939789303252-back_camera0-24.jpg 199 1490.11 1304.86 1047.02 1241.96 886.18 125.8
6939789303252-back_camera0-26.jpg 199 1460.81 1307.58 1037.86 1227.45 845.9 160.25
6939789303252-back_camera0-27.jpg 199 1457.09 1302.77 1019.1 1218.59 875.98 168.36
6939789303252-back_camera0-28.jpg 199 1439.81 1304.95 1019.48 1219.57 840.65 170.76
6939789303252-back_camera0-29.jpg 199 1452.38 1298.94 1109.06 1222.83 686.64 152.23
6939789303252-back_camera0-2.jpg 199 1359.67 1289.19 943.29 1230.08 832.77 118.22
6939789303252-back_camera0-32.jpg 199 1508.86 1290.36 1259.89 1222.17 497.93 136.38
6939789303252-back_camera0-31.jpg 199 1444.35 1296.1 1176.54 1219.36 535.62 153.48
6939789303252-back_camera0-30.jpg 199 1448.99 1298.38 1135.06 1216.94 627.86 162.88
6939789303252-back_camera0-33.jpg 199 1504.75 1289.47 1219.31 1226.04 570.88 126.86
6939789303252-back_camera0-36.jpg 199 1468.7 1287.87 1085.15 1209.06 767.09 157.62
6939789303252-back_camera0-34.jpg 199 1503.27 1290.79 1178.19 1228.15 650.16 125.28
6939789303252-back_camera0-35.jpg 199 1472.63 1291.8 1103.54 1214.31 738.19 154.99
6939789303252-back_camera0-37.jpg 199 1432.08 1288.84 1029.75 1222.24 804.66 133.2
6939789303252-back_camera0-38.jpg 199 1410.9 1291.8 987.95 1214.31 845.9 154.99
6939789303252-back_camera0-3.jpg 199 1367.49 1282.67 954.04 1238.48 826.91 88.39
6939789303252-back_camera0-39.jpg 199 1386.43 1287.04 968.58 1225.99 835.7 122.1
6939789303252-back_camera0-4.jpg 199 1353.11 1286.56 922.28 1230.08 861.66 112.96
6939789303252-back_camera0-40.jpg 199 1364.93 1281.3 945.92 1214.31 838.02 133.98
6939789303252-back_camera0-6.jpg 199 1310.81 1289.65 881.59 1237.85 858.43 103.6
6939789303252-back_camera0-7.jpg 199 1291.38 1295.75 859.23 1222.19 864.29 147.11
6939789303252-back_camera0-5.jpg 199 1336.03 1286.56 893.38 1230.08 885.31 112.96
6939789303252-back_camera0-8.jpg 199 1280.83 1295.28 870.5 1227.93 820.66 134.69
6939789303252-back_camera0-9.jpg 199 1280.8 1298.85 904.97 1233.83 751.65 130.03
6939789303252-back_camera2-11.jpg 199 1224.48 854.31 900.19 666.4 648.58 375.83
6939789303252-back_camera2-21.jpg 199 1247.23 750.38 1061.69 424.5 371.07 651.75
6939789303252-back_camera2-20.jpg 199 1250.65 760.35 1018.3 408.62 464.71 703.46
6939789303252-back_camera2-22.jpg 199 1235.73 745.42 993.37 394.84 484.72 701.17
6939789303252-back_camera2-1.jpg 199 1119.3 834.71 917.02 497.14 404.56 675.15
6939789303252-back_camera2-23.jpg 199 1225.61 746.39 950.71 374.17 549.79 744.45
6939789303252-back_camera2-25.jpg 199 1205.99 728.32 861.85 352.65 688.28 751.33
6939789303252-back_camera2-27.jpg 199 1183.15 720.9 801.58 375.57 763.15 690.67
6939789303252-back_camera2-31.jpg 199 1141.63 725.68 798.81 526.03 685.65 399.31
6939789303252-back_camera2-32.jpg 199 1134.85 737.2 784.98 476.77 699.73 520.86
6939789303252-back_camera2-37.jpg 199 1111.17 791.12 774.46 416.26 673.43 749.72
6939789303252-back_camera2-36.jpg 199 1106.27 782.62 751.06 420.94 710.42 723.37
6939789303252-back_camera3-15.jpg 199 1380.69 1503.29 935.41 1314.14 890.56 378.29
6939789303252-back_camera3-12.jpg 199 1354.28 1499.48 1019.91 1314.93 668.75 369.09
6939789303252-back_camera3-10.jpg 199 1324.25 1488.22 1055.93 1308.03 536.64 360.39
6939789303252-back_camera3-11.jpg 199 1347.14 1493.44 1064.88 1319.01 564.53 348.87
6939789303252-back_camera3-1.jpg 199 1326.88 1413.25 921.77 1302.77 810.22 220.97
6939789303252-back_camera3-13.jpg 199 1370.29 1506.64 987.54 1305.4 765.5 402.48
6939789303252-back_camera3-18.jpg 199 1385.95 1487.52 938.04 1337.78 895.82 299.48
6939789303252-back_camera3-17.jpg 199 1378.1 1498.39 915.82 1332.12 924.55 332.55
6939789303252-back_camera3-14.jpg 199 1382.89 1507.56 966.63 1320.44 832.53 374.24
6939789303252-back_camera3-20.jpg 199 1442.01 1476.36 1016.49 1372.75 851.03 207.21
6939789303252-back_camera3-19.jpg 199 1387.38 1477.7 953.34 1344.86 868.09 265.69
6939789303252-back_camera3-21.jpg 199 1456.88 1475.7 1019.48 1343.04 874.8 265.33
6939789303252-back_camera3-23.jpg 199 1458.86 1469.88 1002.67 1316.39 912.37 306.97
6939789303252-back_camera3-26.jpg 199 1421.59 1465.86 1048.04 1281.72 747.09 368.28
6939789303252-back_camera3-28.jpg 199 1423.51 1452.76 1122.41 1289.8 602.19 325.92
6939789303252-back_camera3-24.jpg 199 1445.05 1466.5 1011.59 1293.12 866.92 346.77
6939789303252-back_camera3-25.jpg 199 1433.42 1464.54 1008.58 1284.35 849.68 360.39
6939789303252-back_camera3-29.jpg 199 1429.29 1442.87 1174.47 1279.99 509.64 325.75
6939789303252-back_camera3-33.jpg 199 1449.12 1440.01 1085.19 1286.19 727.87 307.64
6939789303252-back_camera3-30.jpg 199 1465.38 1446.15 1211.4 1290.84 507.96 310.62
6939789303252-back_camera3-34.jpg 199 1436.06 1434.29 1037.52 1273.83 797.07 320.93
6939789303252-back_camera3-32.jpg 199 1462.13 1445.49 1115.36 1276.61 693.54 337.76
6939789303252-back_camera3-27.jpg 199 1425.53 1461.91 1079.61 1281.72 691.84 360.39
6939789303252-back_camera3-36.jpg 199 1383.72 1430.51 965.61 1288.06 836.23 284.91
6939789303252-back_camera3-31.jpg 199 1479.45 1440.87 1190.09 1279.09 578.73 323.56
6939789303252-back_camera3-2.jpg 199 1322.54 1427.23 896.2 1307.86 852.68 238.75
6939789303252-back_camera3-37.jpg 199 1359.78 1425.4 942.72 1295.37 834.11 260.07
6939789303252-back_camera3-35.jpg 199 1411.46 1431.99 1001.65 1275.49 819.63 312.99
6939789303252-back_camera3-38.jpg 199 1329.52 1423.78 898.1 1300.14 862.83 247.27
6939789303252-back_camera3-39.jpg 199 1316.58 1417.39 919.34 1317.49 794.47 199.81
6939789303252-back_camera3-40.jpg 199 1336.09 1411.94 924.4 1310.66 823.37 202.55
6939789303252-back_camera3-4.jpg 199 1280.86 1448.12 843.46 1295.75 874.8 304.74
6939789303252-back_camera3-3.jpg 199 1301.7 1438.2 876.72 1308.96 849.97 258.48
6939789303252-back_camera3-5.jpg 199 1266.38 1455.35 842.86 1292.25 847.05 326.19
6939789303252_camera0-10.jpg 199 1366.24 1313.18 1040.09 1242.84 652.3 140.69
6939789303252_camera0-11.jpg 199 1412.21 1306.26 1145.57 1230.08 533.29 152.37
6939789303252-back_camera3-9.jpg 199 1262.43 1469.82 969.12 1294.88 586.62 349.87
6939789303252-back_camera3-7.jpg 199 1254.6 1466.51 869.74 1295.75 769.72 341.51
6939789303252-back_camera3-6.jpg 199 1255.66 1462.99 856.98 1301.11 797.37 323.76
6939789303252_camera0-12.jpg 199 1462.36 1305.39 1192.72 1231.74 539.27 147.31
6939789303252_camera0-14.jpg 199 1511.43 1313.88 1124.07 1237.14 774.72 153.48
6939789303252_camera0-15.jpg 199 1522.56 1308.89 1106.17 1227.45 832.77 162.88
6939789303252-back_camera3-8.jpg 199 1249.28 1471.13 911.25 1297.51 676.06 347.24
6939789303252_camera0-13.jpg 199 1479.49 1311.82 1173.44 1246.8 612.1 130.03
6939789303252_camera0-18.jpg 199 1512.34 1309.35 1053.3 1221.22 918.07 176.25
6939789303252_camera0-17.jpg 199 1513.36 1310.2 1072.02 1235.33 882.68 149.74
6939789303252_camera0-16.jpg 199 1529.71 1316.64 1072.91 1238.07 913.59 157.14
6939789303252_camera0-19.jpg 199 1495.24 1305.39 1053.3 1231.74 883.88 147.31
6939789303252_camera0-22.jpg 199 1523.87 1289.19 1103.54 1230.08 840.65 118.22
6939789303252_camera0-23.jpg 199 1512.34 1286.98 1069.09 1213.33 886.51 147.31
6939789303252_camera0-20.jpg 199 1487.36 1300.3 1071.1 1248.76 832.53 103.07
6939789303252_camera0-1.jpg 199 1294.0 1295.75 864.48 1232.7 859.04 126.1
6939789303252_camera0-24.jpg 199 1487.35 1279.1 1045.41 1205.44 883.88 147.31
6939789303252_camera0-21.jpg 199 1508.1 1297.07 1082.52 1237.96 851.16 118.22
6939789303252_camera0-28.jpg 199 1397.37 1282.3 1051.67 1203.8 691.39 156.99
6939789303252_camera0-25.jpg 199 1469.93 1282.79 1028.28 1210.74 883.31 144.09
6939789303252_camera0-26.jpg 199 1449.21 1281.72 1027.0 1194.91 844.42 173.62
6939789303252_camera0-29.jpg 199 1378.07 1282.61 1051.0 1195.92 654.13 173.38
6939789303252_camera0-27.jpg 199 1425.17 1283.29 1037.79 1207.86 774.76 150.87
6939789303252_camera0-2.jpg 199 1318.95 1295.75 888.12 1240.58 861.66 110.34
6939789303252_camera0-30.jpg 199 1371.29 1281.73 1085.85 1206.4 570.88 150.65
6939789303252_camera0-31.jpg 199 1378.06 1283.93 1127.18 1203.81 501.76 160.25
6939789303252_camera0-34.jpg 199 1382.0 1291.81 1029.98 1209.06 704.04 165.5
6939789303252_camera0-37.jpg 199 1323.21 1292.3 894.26 1225.7 857.9 133.2
6939789303252_camera0-33.jpg 199 1390.02 1281.73 1082.24 1200.18 615.56 163.1
6939789303252_camera0-38.jpg 199 1307.13 1294.44 864.48 1219.57 885.31 149.74
6939789303252_camera0-35.jpg 199 1362.5 1289.3 986.68 1220.32 751.65 137.96
6939789303252_camera0-32.jpg 199 1396.45 1283.93 1119.3 1203.81 554.3 160.25
6939789303252_camera0-39.jpg 199 1293.93 1294.43 859.43 1233.38 869.0 122.1
6939789303252_camera0-36.jpg 199 1330.83 1293.56 908.62 1213.33 844.42 160.47
6939789303252_camera0-3.jpg 199 1336.03 1303.63 898.63 1251.09 874.8 105.08
6939789303252_camera0-40.jpg 199 1284.8 1292.25 850.75 1231.74 868.09 121.01
6939789303252_camera0-4.jpg 199 1344.71 1304.32 884.84 1255.95 919.74 96.73
6939789303252_camera0-6.jpg 199 1340.03 1309.34 879.68 1239.63 920.7 139.42
6939789303252_camera0-5.jpg 199 1330.78 1308.88 877.62 1240.58 906.32 136.61
6939789303252_camera0-7.jpg 199 1329.73 1314.15 892.78 1242.11 873.91 144.09
6939789303252_camera0-8.jpg 199 1347.92 1317.24 921.77 1242.27 852.31 149.94
6939789303252_camera1-10.jpg 199 1252.84 1257.12 1017.88 957.41 469.91 599.42
6939789303252_camera0-9.jpg 199 1353.11 1314.14 998.46 1235.33 709.3 157.62
6939789303252_camera1-17.jpg 199 1354.51 1202.81 945.45 918.7 818.11 568.21
6939789303252_camera1-19.jpg 199 1343.33 1172.43 962.22 958.75 762.22 427.36
6939789303252_camera1-21.jpg 199 1366.35 1139.67 979.65 950.27 773.39 378.8
6939789303252_camera1-22.jpg 199 1358.37 1134.18 966.94 914.83 782.85 438.71
6939789303252_camera1-29.jpg 199 1241.03 1116.42 986.51 827.81 509.03 577.22
6939789303252_camera1-30.jpg 199 1232.63 1109.43 1009.83 831.92 445.6 555.02
6939789303252_camera1-31.jpg 199 1258.54 1117.12 1016.85 828.14 483.37 577.95
6939789303252_camera2-11.jpg 199 1263.79 766.4 919.65 554.93 688.28 422.95
6939789303252_camera2-10.jpg 199 1265.7 784.75 926.35 571.47 678.71 426.57
6939789303252_camera1-9.jpg 199 1240.7 1255.05 959.32 937.42 562.77 635.25
6939789303252_camera2-12.jpg 199 1250.6 754.3 890.21 489.92 720.78 528.75
6939789303252_camera2-13.jpg 199 1255.14 746.14 887.91 459.38 734.47 573.52
6939789303252_camera2-14.jpg 199 1244.09 736.19 867.11 402.56 753.96 667.26
6939789303252_camera2-16.jpg 199 1225.39 719.11 879.43 356.5 691.92 725.22
6939789303252_camera2-15.jpg 199 1237.52 727.0 864.48 373.66 746.08 706.67
6939789303252_camera2-18.jpg 199 1198.26 710.11 896.5 327.11 603.51 765.99
6939789303252_camera2-19.jpg 199 1183.51 713.52 919.14 347.87 528.75 731.3
6939789303252_camera2-17.jpg 199 1207.32 712.55 869.74 334.26 675.15 756.58
6939789303252_camera2-21.jpg 199 1159.51 715.5 950.98 375.35 417.06 680.29
6939789303252_camera2-20.jpg 199 1163.79 710.88 950.71 368.91 426.15 683.95
6939789303252_camera2-23.jpg 199 1133.76 728.31 832.96 347.39 601.59 761.84
6939789303252_camera2-22.jpg 199 1146.52 720.25 895.18 364.24 502.69 712.01
6939789303252_camera2-24.jpg 199 1125.71 736.23 792.04 356.13 667.34 760.19
6939789303252_camera2-26.jpg 199 1110.11 755.9 735.76 399.94 748.7 711.92
6939789303252_camera2-25.jpg 199 1116.44 751.66 761.31 371.54 710.26 760.24
6939789303252_camera2-33.jpg 199 1107.49 843.9 727.88 541.79 759.21 604.22
6939789303252_camera2-30.jpg 199 1090.13 805.59 737.63 584.62 705.0 441.94
6939789303252_camera2-2.jpg 199 1220.01 871.95 976.72 518.59 486.57 706.72
6939789303252_camera2-31.jpg 199 1106.16 824.2 756.77 596.96 698.79 454.48
6939789303252_camera2-38.jpg 199 1162.64 879.37 861.85 502.39 601.59 753.96
6939789303252_camera2-35.jpg 199 1128.2 863.3 750.18 502.68 756.05 721.23
6939789303252_camera2-34.jpg 199 1120.62 854.41 735.76 523.41 769.72 662.01
6939789303252_camera2-39.jpg 199 1179.73 879.37 930.16 520.78 499.14 717.18
6939789303252_camera2-4.jpg 199 1240.08 845.05 903.36 466.24 673.43 757.61
6939789303252_camera2-3.jpg 199 1234.13 863.85 943.14 491.19 581.98 745.31
6939789303252_camera2-5.jpg 199 1251.97 843.9 896.01 470.86 711.92 746.08
6939789303252_camera2-6.jpg 199 1262.47 841.27 898.63 481.37 727.69 719.81
6939789303252_camera2-7.jpg 199 1268.1 823.85 900.86 494.54 734.47 658.62
6939789303252_camera2-8.jpg 199 1265.07 808.22 895.47 500.44 739.19 615.56
6939789303252_camera3-10.jpg 199 1449.63 1499.2 1173.73 1327.44 551.81 343.51
6939789303252_camera2-9.jpg 199 1263.79 793.99 901.26 539.17 725.06 509.64
6939789303252_camera3-12.jpg 199 1467.62 1490.86 1095.39 1310.66 744.45 360.39
6939789303252_camera3-13.jpg 199 1481.83 1487.53 1077.27 1306.26 809.12 362.53
6939789303252_camera3-14.jpg 199 1489.46 1486.97 1066.86 1315.7 845.21 342.53
6939789303252_camera3-15.jpg 199 1482.09 1480.34 1040.15 1308.03 883.88 344.61
6939789303252_camera3-11.jpg 199 1466.07 1496.71 1137.69 1322.02 656.76 349.39
6939789303252_camera3-17.jpg 199 1465.23 1458.21 1031.39 1325.93 867.68 264.56
6939789303252_camera3-1.jpg 199 1313.7 1462.57 880.24 1343.04 866.92 239.06
6939789303252_camera3-18.jpg 199 1451.88 1450.94 1027.98 1328.52 847.81 244.84
6939789303252_camera3-16.jpg 199 1474.55 1466.71 1035.29 1319.24 878.51 294.95
6939789303252_camera3-19.jpg 199 1472.88 1431.66 1050.67 1329.07 844.42 205.19
6939789303252_camera3-20.jpg 199 1493.66 1427.11 1079.9 1316.77 827.51 220.67
6939789303252_camera3-29.jpg 199 1345.45 1418.5 1109.17 1267.85 472.56 301.3
6939789303252_camera3-21.jpg 199 1478.53 1425.89 1049.4 1297.47 858.25 256.85
6939789303252_camera3-23.jpg 199 1439.8 1424.47 1014.22 1269.48 851.16 309.99
6939789303252_camera3-25.jpg 199 1409.74 1430.36 1021.73 1258.05 776.02 344.61
6939789303252_camera3-24.jpg 199 1420.28 1425.79 1008.77 1267.21 823.01 317.15
6939789303252_camera3-22.jpg 199 1463.44 1427.1 1027.36 1285.24 872.17 283.72
6939789303252_camera3-28.jpg 199 1334.71 1419.22 1066.76 1256.35 535.91 325.75
6939789303252_camera3-2.jpg 199 1303.4 1469.97 864.94 1338.62 876.93 262.71
6939789303252_camera3-26.jpg 199 1370.29 1429.04 1005.95 1244.9 728.67 368.28
6939789303252_camera3-27.jpg 199 1353.23 1418.8 1024.34 1247.04 657.78 343.51
6939789303252_camera3-32.jpg 199 1339.97 1432.36 980.07 1264.23 719.81 336.26
6939789303252_camera3-31.jpg 199 1368.97 1429.04 1048.04 1265.94 641.86 326.19
6939789303252_camera3-34.jpg 199 1317.12 1441.04 916.71 1277.7 800.81 326.67
6939789303252_camera3-30.jpg 199 1379.49 1419.83 1124.33 1260.68 510.33 318.3
6939789303252_camera3-35.jpg 199 1297.94 1440.23 869.74 1277.36 856.41 325.75
6939789303252_camera3-33.jpg 199 1336.22 1435.3 963.57 1271.96 745.31 326.67
6939789303252_camera3-36.jpg 199 1261.12 1448.77 821.81 1300.14 878.61 297.26
6939789303252_camera3-37.jpg 199 1259.07 1446.4 820.54 1313.02 877.05 266.77
6939789303252_camera3-39.jpg 199 1272.98 1453.37 846.09 1345.66 853.78 215.42
6939789303252_camera3-38.jpg 199 1257.17 1454.02 819.18 1329.07 875.98 249.91
6939789303252_camera3-40.jpg 199 1299.26 1462.57 869.74 1353.55 859.04 218.04
6939789303252_camera3-4.jpg 199 1299.93 1487.38 859.09 1329.59 881.68 315.57
6939789303252_camera3-3.jpg 199 1307.15 1486.9 848.12 1323.81 918.07 326.19
6939789303252_camera3-5.jpg 199 1301.88 1495.4 872.36 1322.02 859.04 346.77
6939789303252_camera3-6.jpg 199 1308.59 1492.08 910.83 1320.95 795.52 342.26
6939789303252_camera3-7.jpg 199 1318.56 1490.57 945.09 1316.87 746.93 347.41
6939789303252_camera3-9.jpg 199 1395.28 1488.22 1119.07 1326.44 552.42 323.56
6939789303252_camera3-8.jpg 199 1333.45 1488.23 1016.47 1315.92 633.97 344.61
