6901845043112-back_camera0-12.jpg 2 1477.28 1222.24 1059.86 1102.97 834.85 238.53
6901845043112-back_camera0-14.jpg 2 1472.11 1226.88 976.21 1108.98 991.79 235.79
6901845043112-back_camera0-10.jpg 2 1374.43 1226.06 987.37 1099.72 774.12 252.67
6901845043112-back_camera0-11.jpg 2 1456.48 1223.26 1080.0 1104.86 752.96 236.81
6901845043112-back_camera0-15.jpg 2 1447.89 1229.11 937.56 1113.37 1020.67 231.49
6901845043112-back_camera0-13.jpg 2 1474.05 1226.86 1010.71 1111.02 926.67 231.67
6901845043112-back_camera0-17.jpg 2 1440.63 1228.6 930.76 1112.52 1019.75 232.15
6901845043112-back_camera0-18.jpg 2 1431.5 1232.57 940.32 1124.89 982.35 215.35
6901845043112-back_camera0-16.jpg 2 1458.92 1227.42 944.34 1113.25 1029.16 228.35
6901845043112-back_camera0-19.jpg 2 1445.58 1226.97 957.78 1112.11 975.59 229.72
6901845043112-back_camera0-1.jpg 2 1405.61 1214.64 952.4 1081.61 906.42 266.06
6901845043112-back_camera0-21.jpg 2 1511.02 1216.0 1019.84 1098.38 982.35 235.23
6901845043112-back_camera0-20.jpg 2 1477.41 1223.81 981.6 1109.11 991.63 229.41
6901845043112-back_camera0-24.jpg 2 1502.65 1222.44 984.27 1091.78 1036.76 261.32
6901845043112-back_camera0-22.jpg 2 1525.12 1220.28 1026.81 1090.63 996.61 259.3
6901845043112-back_camera0-23.jpg 2 1524.95 1222.53 1014.49 1097.35 1020.92 250.37
6901845043112-back_camera0-27.jpg 2 1434.05 1217.76 967.43 1079.12 933.24 277.29
6901845043112-back_camera0-25.jpg 2 1482.92 1220.75 973.05 1090.7 1019.75 260.1
6901845043112-back_camera0-28.jpg 2 1429.84 1223.45 996.64 1090.1 866.39 266.71
6901845043112-back_camera0-26.jpg 2 1447.89 1218.59 955.97 1076.54 983.84 284.1
6901845043112-back_camera0-29.jpg 2 1413.17 1220.75 1030.04 1076.14 766.27 289.21
6901845043112-back_camera0-2.jpg 2 1403.24 1208.28 926.72 1082.21 953.04 252.14
6901845043112-back_camera0-33.jpg 2 1472.09 1220.97 1009.9 1081.82 924.37 278.3
6901845043112-back_camera0-35.jpg 2 1440.76 1221.38 950.13 1088.79 981.26 265.17
6901845043112-back_camera0-32.jpg 2 1480.77 1219.9 1053.3 1076.54 854.94 286.73
6901845043112-back_camera0-34.jpg 2 1457.93 1220.17 980.62 1086.04 954.63 268.26
6901845043112-back_camera0-30.jpg 2 1440.61 1220.14 1082.79 1081.82 715.64 276.65
6901845043112-back_camera0-31.jpg 2 1490.42 1220.07 1116.07 1085.15 748.71 269.83
6901845043112-back_camera0-38.jpg 2 1379.25 1216.06 895.77 1084.4 966.96 263.32
6901845043112-back_camera0-36.jpg 2 1417.64 1221.22 905.99 1089.69 1023.3 263.06
6901845043112-back_camera0-39.jpg 2 1357.78 1220.97 902.22 1095.07 911.12 251.8
6901845043112-back_camera0-4.jpg 2 1372.93 1222.24 848.17 1099.99 1049.52 244.49
6901845043112-back_camera0-3.jpg 2 1382.74 1210.92 868.72 1084.72 1028.05 252.4
6901845043112-back_camera0-40.jpg 2 1380.03 1211.43 934.16 1084.7 891.73 253.46
6901845043112-back_camera0-37.jpg 2 1401.86 1221.22 892.84 1079.17 1018.04 284.1
6901845043112-back_camera0-5.jpg 2 1358.01 1225.22 824.31 1085.09 1067.41 280.27
6901845043112-back_camera0-6.jpg 2 1346.61 1219.9 834.96 1094.95 1023.3 249.91
6901845043112-back_camera0-7.jpg 2 1344.36 1219.29 859.62 1090.87 969.48 256.85
6901845043112-back_camera0-9.jpg 2 1342.57 1224.39 945.64 1101.46 793.85 245.86
6901845043112-back_camera1-11.jpg 2 1323.73 1173.05 934.63 825.69 778.2 694.71
6901845043112-back_camera0-8.jpg 2 1342.67 1218.59 890.21 1087.06 904.92 263.06
6901845043112-back_camera1-13.jpg 2 1328.22 1174.42 867.56 794.24 921.33 760.37
6901845043112-back_camera1-12.jpg 2 1329.79 1174.86 904.62 807.59 850.33 734.53
6901845043112-back_camera1-14.jpg 2 1305.84 1171.25 816.55 792.44 978.58 757.61
6901845043112-back_camera1-15.jpg 2 1320.75 1168.57 821.33 801.83 998.83 733.47
6901845043112-back_camera1-16.jpg 2 1310.37 1157.6 821.85 803.8 977.04 707.6
6901845043112-back_camera1-10.jpg 2 1307.53 1156.03 970.44 833.59 674.18 644.87
6901845043112-back_camera1-17.jpg 2 1296.89 1143.22 821.33 819.72 951.13 647.01
6901845043112-back_camera1-18.jpg 2 1301.1 1120.16 856.25 844.87 889.7 550.59
6901845043112-back_camera1-20.jpg 2 1368.97 1114.68 927.03 839.79 883.88 549.79
6901845043112-back_camera1-1.jpg 2 1250.59 1105.24 798.24 814.55 904.69 581.38
6901845043112-back_camera1-19.jpg 2 1331.19 1123.85 866.06 864.45 930.26 518.8
6901845043112-back_camera1-22.jpg 2 1358.45 1110.73 871.79 774.02 973.32 673.43
6901845043112-back_camera1-21.jpg 2 1378.89 1114.9 910.78 795.87 936.22 638.06
6901845043112-back_camera1-26.jpg 2 1321.62 1108.11 874.42 724.04 894.4 768.13
6901845043112-back_camera1-24.jpg 2 1350.85 1115.55 866.5 733.91 968.7 763.29
6901845043112-back_camera1-25.jpg 2 1330.51 1111.01 862.14 720.7 936.75 780.62
6901845043112-back_camera1-23.jpg 2 1357.13 1116.0 877.05 755.61 960.16 720.78
6901845043112-back_camera1-29.jpg 2 1295.4 1079.12 970.41 736.24 649.99 685.77
6901845043112-back_camera1-28.jpg 2 1292.71 1091.45 920.67 737.55 744.09 707.8
6901845043112-back_camera1-27.jpg 2 1299.25 1101.53 882.31 726.67 833.89 749.72
6901845043112-back_camera1-2.jpg 2 1242.05 1113.03 769.14 797.53 945.81 631.01
6901845043112-back_camera1-31.jpg 2 1327.9 1089.18 936.88 724.32 782.04 729.72
6901845043112-back_camera1-30.jpg 2 1335.66 1082.11 1000.23 748.17 670.86 667.88
6901845043112-back_camera1-32.jpg 2 1320.44 1094.65 889.84 715.67 861.2 757.96
6901845043112-back_camera1-34.jpg 2 1291.88 1098.17 821.1 711.77 941.55 772.81
6901845043112-back_camera1-35.jpg 2 1278.73 1095.99 802.15 725.48 953.16 741.03
6901845043112-back_camera1-33.jpg 2 1305.85 1101.48 851.15 709.4 909.39 784.16
6901845043112-back_camera1-36.jpg 2 1263.78 1098.43 779.04 733.3 969.48 730.26
6901845043112-back_camera1-37.jpg 2 1261.12 1100.21 798.14 768.76 925.96 662.91
6901845043112-back_camera1-3.jpg 2 1226.83 1123.85 725.92 769.04 1001.82 709.62
6901845043112-back_camera1-39.jpg 2 1239.95 1084.81 832.43 824.13 815.04 521.36
6901845043112-back_camera1-4.jpg 2 1223.49 1126.12 726.16 768.55 994.66 715.15
6901845043112-back_camera1-38.jpg 2 1240.65 1090.97 799.56 788.85 882.18 604.25
6901845043112-back_camera1-40.jpg 2 1254.97 1104.72 836.96 864.24 836.02 480.96
6901845043112-back_camera1-7.jpg 2 1215.22 1127.4 785.57 771.48 859.31 711.84
6901845043112-back_camera1-6.jpg 2 1213.41 1132.79 746.79 760.09 933.24 745.4
6901845043112-back_camera1-5.jpg 2 1216.32 1131.05 735.1 768.21 962.43 725.67
6901845043112-back_camera1-8.jpg 2 1219.71 1121.09 847.03 791.21 745.37 659.75
6901845043112-back_camera2-10.jpg 2 1325.22 868.91 943.58 578.21 763.29 581.41
6901845043112-back_camera2-12.jpg 2 1325.58 862.81 894.1 484.81 862.96 756.0
6901845043112-back_camera1-9.jpg 2 1248.67 1127.39 909.98 813.88 677.38 627.02
6901845043112-back_camera2-13.jpg 2 1320.75 857.0 869.04 438.08 903.42 837.83
6901845043112-back_camera2-11.jpg 2 1325.48 864.24 920.06 529.33 810.84 669.82
6901845043112-back_camera2-14.jpg 2 1313.3 855.5 866.06 420.19 894.48 870.63
6901845043112-back_camera2-15.jpg 2 1315.4 850.39 879.77 416.01 871.27 868.76
6901845043112-back_camera2-18.jpg 2 1288.97 837.8 962.87 438.67 652.2 798.25
6901845043112-back_camera2-19.jpg 2 1283.48 831.65 988.3 455.97 590.36 751.36
6901845043112-back_camera2-16.jpg 2 1309.56 844.85 899.44 404.33 820.23 881.04
6901845043112-back_camera2-20.jpg 2 1276.38 802.54 988.05 426.08 576.65 752.92
6901845043112-back_camera2-17.jpg 2 1307.34 842.08 922.71 408.26 769.25 867.64
6901845043112-back_camera2-1.jpg 2 1258.8 928.59 917.98 520.6 681.64 815.98
6901845043112-back_camera2-21.jpg 2 1263.78 803.09 923.83 392.99 679.9 820.19
6901845043112-back_camera2-22.jpg 2 1258.39 800.62 880.16 371.37 756.47 858.49
6901845043112-back_camera2-24.jpg 2 1251.04 808.01 829.22 367.7 843.63 880.63
6901845043112-back_camera2-28.jpg 2 1228.24 830.0 817.42 484.23 821.64 691.53
6901845043112-back_camera2-23.jpg 2 1256.23 805.06 852.07 358.09 808.32 893.94
6901845043112-back_camera2-30.jpg 2 1208.93 854.01 824.31 554.36 769.25 599.3
6901845043112-back_camera2-26.jpg 2 1238.73 818.21 798.21 405.74 881.04 824.94
6901845043112-back_camera2-25.jpg 2 1241.74 818.24 797.48 375.47 888.52 885.53
6901845043112-back_camera2-29.jpg 2 1228.63 837.54 851.05 546.22 755.17 582.64
6901845043112-back_camera2-27.jpg 2 1235.77 821.21 806.42 438.08 858.7 766.27
6901845043112-back_camera2-31.jpg 2 1199.96 856.15 784.19 509.68 831.54 692.95
6901845043112-back_camera2-2.jpg 2 1268.43 928.75 896.38 501.43 744.1 854.64
6901845043112-back_camera2-34.jpg 2 1202.08 878.09 759.44 451.0 885.28 854.17
6901845043112-back_camera2-32.jpg 2 1200.0 864.45 755.74 470.88 888.52 787.14
6901845043112-back_camera2-33.jpg 2 1201.61 867.99 758.89 454.14 885.43 827.69
6901845043112-back_camera2-35.jpg 2 1207.44 880.85 764.68 438.08 885.53 885.53
6901845043112-back_camera2-37.jpg 2 1218.1 892.46 840.28 465.14 755.64 854.64
6901845043112-back_camera2-36.jpg 2 1210.43 885.32 788.54 444.04 843.79 882.55
6901845043112-back_camera2-39.jpg 2 1234.82 896.97 950.27 526.81 569.1 740.33
6901845043112-back_camera2-38.jpg 2 1225.35 892.77 883.95 482.8 682.79 819.94
6901845043112-back_camera2-5.jpg 2 1274.27 921.34 834.96 495.18 878.61 852.31
6901845043112-back_camera2-4.jpg 2 1275.71 928.62 843.58 484.94 864.26 887.36
6901845043112-back_camera2-8.jpg 2 1286.11 896.34 874.42 560.94 823.37 670.8
6901845043112-back_camera2-40.jpg 2 1255.15 924.08 961.47 548.4 587.37 751.36
6901845043112-back_camera2-6.jpg 2 1278.89 919.63 839.48 509.18 878.83 820.91
6901845043112-back_camera2-7.jpg 2 1283.09 906.37 850.35 525.14 865.48 762.45
6901845043112-back_camera2-3.jpg 2 1266.38 930.55 842.86 489.92 847.05 881.25
6901845043112-back_camera2-9.jpg 2 1289.68 890.14 911.96 605.23 755.44 569.82
6901845043112-back_camera3-12.jpg 2 1436.05 1383.0 950.71 1187.02 970.68 391.96
6901845043112-back_camera3-14.jpg 2 1417.93 1389.16 902.16 1208.55 1031.54 361.22
6901845043112-back_camera3-13.jpg 2 1432.57 1392.19 919.73 1204.35 1025.67 375.68
6901845043112-back_camera3-11.jpg 2 1450.45 1393.68 985.32 1207.33 930.26 372.7
6901845043112-back_camera3-10.jpg 2 1442.02 1382.32 1034.13 1213.83 815.78 336.98
6901845043112-back_camera3-15.jpg 2 1411.49 1394.07 892.69 1198.56 1037.59 391.01
6901845043112-back_camera3-16.jpg 2 1391.34 1383.01 890.21 1205.44 1002.25 355.13
6901845043112-back_camera3-18.jpg 2 1455.9 1374.78 961.76 1204.02 988.28 341.52
6901845043112-back_camera3-17.jpg 2 1396.6 1375.11 900.73 1210.7 991.73 328.82
6901845043112-back_camera3-1.jpg 2 1358.02 1384.73 842.2 1195.4 1031.63 378.66
6901845043112-back_camera3-20.jpg 2 1500.13 1375.77 1013.41 1182.6 973.44 386.35
6901845043112-back_camera3-19.jpg 2 1487.35 1373.79 1008.58 1192.28 957.53 363.02
6901845043112-back_camera3-21.jpg 2 1484.74 1375.79 970.41 1156.64 1028.65 438.29
6901845043112-back_camera3-24.jpg 2 1428.72 1375.42 942.72 1148.79 972.0 453.26
6901845043112-back_camera3-22.jpg 2 1462.36 1369.85 950.71 1142.3 1023.3 455.09
6901845043112-back_camera3-23.jpg 2 1451.84 1373.79 945.45 1142.3 1012.77 462.98
6901845043112-back_camera3-2.jpg 2 1337.51 1376.38 815.06 1185.8 1044.9 381.16
6901845043112-back_camera3-26.jpg 2 1392.2 1370.38 967.9 1146.27 848.61 448.23
6901845043112-back_camera3-27.jpg 2 1363.7 1369.85 969.12 1142.3 789.17 455.09
6901845043112-back_camera3-29.jpg 2 1457.91 1371.32 1092.66 1153.66 730.49 435.31
6901845043112-back_camera3-28.jpg 2 1399.76 1371.64 1048.48 1158.86 702.56 425.56
6901845043112-back_camera3-25.jpg 2 1406.41 1371.48 943.98 1141.67 924.87 459.61
6901845043112-back_camera3-31.jpg 2 1441.51 1377.29 982.34 1147.7 918.33 459.17
6901845043112-back_camera3-30.jpg 2 1453.13 1374.5 1048.68 1158.84 808.91 431.33
6901845043112-back_camera3-32.jpg 2 1420.63 1372.81 931.65 1144.72 977.96 456.18
6901845043112-back_camera3-34.jpg 2 1396.6 1372.48 895.47 1150.19 1002.25 444.57
6901845043112-back_camera3-33.jpg 2 1405.74 1377.11 911.18 1157.1 989.12 440.01
6901845043112-back_camera3-35.jpg 2 1371.44 1372.81 869.04 1165.59 1004.8 414.44
6901845043112-back_camera3-36.jpg 2 1361.07 1373.79 877.05 1173.87 968.05 399.85
6901845043112-back_camera3-38.jpg 2 1344.84 1368.28 896.34 1202.12 896.99 332.33
6901845043112-back_camera3-39.jpg 2 1369.95 1374.31 901.84 1198.39 936.22 351.83
6901845043112-back_camera3-37.jpg 2 1335.09 1371.23 876.89 1189.4 916.39 363.65
6901845043112-back_camera3-5.jpg 2 1301.89 1385.63 806.03 1179.13 991.73 413.0
6901845043112-back_camera3-3.jpg 2 1316.36 1385.63 795.5 1189.65 1041.71 391.96
6901845043112-back_camera3-40.jpg 2 1370.78 1376.7 892.54 1211.12 956.48 331.16
6901845043112-back_camera3-6.jpg 2 1305.1 1383.92 847.75 1188.06 914.7 391.72
6901845043112-back_camera3-4.jpg 2 1311.8 1386.22 794.5 1177.51 1034.61 417.42
6901845043112-back_camera3-7.jpg 2 1311.1 1384.31 905.99 1194.91 810.22 378.8
6901845043112-back_camera3-8.jpg 2 1363.25 1379.19 985.53 1206.7 755.44 344.98
6901845043112_camera0-10.jpg 2 1372.92 1239.63 982.28 1102.84 781.28 273.58
6901845043112-back_camera3-9.jpg 2 1434.06 1389.21 1053.9 1204.35 760.31 369.72
6901845043112_camera0-12.jpg 2 1487.9 1236.92 1053.52 1103.46 868.76 266.92
6901845043112_camera0-11.jpg 2 1452.4 1237.92 1064.07 1099.97 776.66 275.9
6901845043112_camera0-13.jpg 2 1492.61 1240.95 1008.58 1094.95 968.05 291.99
6901845043112_camera0-15.jpg 2 1487.72 1252.06 952.52 1108.94 1070.39 286.23
6901845043112_camera0-16.jpg 2 1481.97 1250.87 948.11 1105.21 1067.71 291.32
6901845043112_camera0-18.jpg 2 1459.73 1247.53 940.19 1110.74 1039.08 273.58
6901845043112_camera0-1.jpg 2 1407.11 1218.59 921.77 1087.06 970.68 263.06
6901845043112_camera0-14.jpg 2 1493.26 1253.8 975.67 1105.31 1035.18 296.98
6901845043112_camera0-17.jpg 2 1472.88 1246.2 934.93 1102.84 1075.91 286.73
6901845043112_camera0-20.jpg 2 1477.63 1237.91 1013.51 1117.06 928.24 241.7
6901845043112_camera0-23.jpg 2 1495.47 1239.51 984.95 1117.18 1021.04 244.65
6901845043112_camera0-21.jpg 2 1518.91 1234.38 1050.67 1113.37 936.49 242.01
6901845043112_camera0-19.jpg 2 1462.36 1240.95 963.86 1113.37 996.99 255.17
6901845043112_camera0-22.jpg 2 1505.24 1234.7 1008.13 1118.02 994.22 233.36
6901845043112_camera0-24.jpg 2 1474.2 1244.9 958.6 1110.74 1031.19 268.32
6901845043112_camera0-25.jpg 2 1465.23 1238.71 960.17 1113.53 1010.13 250.37
6901845043112_camera0-27.jpg 2 1425.53 1240.95 969.12 1108.11 912.81 265.69
6901845043112_camera0-26.jpg 2 1440.06 1241.96 957.83 1118.57 964.45 246.78
6901845043112_camera0-28.jpg 2 1417.64 1240.95 998.06 1100.21 839.16 281.47
6901845043112_camera0-2.jpg 2 1427.47 1214.26 945.24 1083.32 964.45 261.89
6901845043112_camera0-30.jpg 2 1462.9 1233.3 1103.44 1107.8 718.93 250.99
6901845043112_camera0-29.jpg 2 1424.21 1237.01 1066.45 1108.11 715.52 257.8
6901845043112_camera0-33.jpg 2 1462.1 1237.42 1000.96 1098.83 922.28 277.18
6901845043112_camera0-34.jpg 2 1443.95 1237.0 955.97 1092.32 975.95 289.36
6901845043112_camera0-32.jpg 2 1480.74 1239.04 1069.22 1103.98 823.05 270.11
6901845043112_camera0-31.jpg 2 1491.7 1237.3 1106.13 1102.11 771.13 270.38
6901845043112_camera0-37.jpg 2 1362.58 1236.47 858.78 1096.09 1007.59 280.76
6901845043112_camera0-35.jpg 2 1423.07 1237.32 923.15 1098.73 999.83 277.18
6901845043112_camera0-36.jpg 2 1396.69 1240.54 885.6 1096.51 1022.18 288.06
6901845043112_camera0-39.jpg 2 1343.84 1224.4 859.48 1092.18 968.71 264.45
6901845043112_camera0-38.jpg 2 1347.05 1232.24 849.61 1094.47 994.88 275.53
6901845043112_camera0-4.jpg 2 1399.76 1218.03 892.36 1085.83 1014.81 264.4
6901845043112_camera0-40.jpg 2 1366.93 1223.96 874.8 1093.86 984.27 260.21
6901845043112_camera0-3.jpg 2 1407.47 1218.55 903.07 1092.75 1008.81 251.59
6901845043112_camera0-5.jpg 2 1383.39 1220.55 869.69 1090.87 1027.4 259.37
6901845043112_camera0-8.jpg 2 1347.04 1222.69 896.62 1083.14 900.83 279.1
6901845043112_camera0-6.jpg 2 1374.41 1223.73 860.09 1091.05 1028.65 265.36
6901845043112_camera0-7.jpg 2 1353.15 1228.24 870.29 1097.81 965.73 260.86
6901845043112_camera0-9.jpg 2 1340.78 1227.71 933.68 1090.09 814.21 275.25
6901845043112_camera1-14.jpg 2 1337.15 1211.81 845.19 813.76 983.93 796.09
6901845043112_camera1-13.jpg 2 1334.91 1209.27 869.81 820.03 930.21 778.48
6901845043112_camera1-12.jpg 2 1330.08 1208.4 906.41 827.29 847.33 762.22
6901845043112_camera1-16.jpg 2 1332.67 1196.9 836.24 825.69 992.87 742.42
6901845043112_camera1-11.jpg 2 1317.92 1196.63 945.24 844.09 745.37 705.08
6901845043112_camera1-10.jpg 2 1300.24 1189.85 966.9 858.93 666.69 661.84
6901845043112_camera1-15.jpg 2 1329.69 1210.31 830.28 819.72 998.83 781.18
6901845043112_camera1-17.jpg 2 1326.81 1185.49 855.22 851.24 943.18 668.49
6901845043112_camera1-19.jpg 2 1333.03 1153.83 927.61 904.53 810.84 498.59
6901845043112_camera1-1.jpg 2 1277.52 1143.22 833.26 840.59 888.52 605.26
6901845043112_camera1-18.jpg 2 1322.93 1169.93 866.53 855.57 912.81 628.71
6901845043112_camera1-20.jpg 2 1353.17 1157.6 942.72 899.49 820.91 516.22
6901845043112_camera1-21.jpg 2 1350.57 1167.08 889.91 852.52 921.31 629.12
6901845043112_camera1-22.jpg 2 1337.72 1164.68 871.63 828.11 932.18 673.15
6901845043112_camera1-23.jpg 2 1343.98 1164.66 871.79 813.48 944.38 702.37
6901845043112_camera1-25.jpg 2 1310.5 1151.81 860.08 776.46 900.83 750.69
6901845043112_camera1-26.jpg 2 1304.35 1146.2 877.98 763.07 852.74 766.27
6901845043112_camera1-24.jpg 2 1326.88 1139.67 866.53 771.39 920.7 736.56
6901845043112_camera1-33.jpg 2 1304.36 1156.64 845.19 775.0 918.33 763.29
6901845043112_camera1-29.jpg 2 1316.62 1121.45 999.85 801.84 633.55 639.21
6901845043112_camera1-28.jpg 2 1286.11 1121.25 940.19 787.17 691.84 668.17
6901845043112_camera1-27.jpg 2 1295.26 1127.38 909.98 776.1 770.55 702.56
6901845043112_camera1-2.jpg 2 1271.64 1150.19 806.03 818.74 931.23 662.91
6901845043112_camera1-32.jpg 2 1319.26 1159.62 898.85 783.94 840.81 751.36
6901845043112_camera1-30.jpg 2 1337.07 1148.99 999.48 820.49 675.17 656.99
6901845043112_camera1-31.jpg 2 1325.47 1147.53 942.72 798.77 765.51 697.52
6901845043112_camera1-34.jpg 2 1276.9 1140.99 808.66 771.39 936.49 739.19
6901845043112_camera1-35.jpg 2 1262.61 1159.62 782.57 775.0 960.07 769.25
6901845043112_camera1-36.jpg 2 1243.64 1131.15 771.49 788.69 944.3 684.93
6901845043112_camera1-38.jpg 2 1209.72 1127.12 761.83 830.14 895.78 593.96
6901845043112_camera1-37.jpg 2 1217.69 1130.06 756.84 815.97 921.7 628.18
6901845043112_camera1-39.jpg 2 1238.76 1113.41 788.54 852.52 900.44 521.78
6901845043112_camera1-40.jpg 2 1260.27 1128.55 823.29 871.87 873.96 513.35
6901845043112_camera1-3.jpg 2 1255.86 1175.18 782.35 805.59 947.01 739.19
6901845043112_camera1-5.jpg 2 1240.99 1190.07 776.59 798.7 928.79 782.74
6901845043112_camera1-6.jpg 2 1238.76 1208.07 790.24 800.33 897.03 815.48
6901845043112_camera1-4.jpg 2 1254.54 1173.88 787.61 792.44 933.86 762.87
6901845043112_camera1-7.jpg 2 1229.62 1199.28 808.9 806.84 841.44 784.87
6901845043112_camera1-8.jpg 2 1237.26 1201.37 857.11 819.72 760.31 763.29
6901845043112_camera1-9.jpg 2 1237.11 1198.32 903.88 848.78 666.46 699.08
6901845043112_camera2-10.jpg 2 1305.84 875.29 945.45 608.29 720.78 534.01
6901845043112_camera2-11.jpg 2 1296.42 874.85 907.32 546.96 778.2 655.78
6901845043112_camera2-12.jpg 2 1301.38 870.41 883.95 488.77 834.85 763.29
6901845043112_camera2-16.jpg 2 1293.39 830.83 898.38 395.1 790.03 871.46
6901845043112_camera2-13.jpg 2 1294.0 859.51 874.42 445.2 839.16 828.63
6901845043112_camera2-1.jpg 2 1261.93 901.63 925.36 509.2 673.15 784.87
6901845043112_camera2-14.jpg 2 1299.26 854.25 866.53 411.0 865.46 886.51
6901845043112_camera2-17.jpg 2 1286.45 820.17 922.58 398.38 727.74 843.58
6901845043112_camera2-15.jpg 2 1295.17 842.02 883.65 401.5 823.05 881.04
6901845043112_camera2-19.jpg 2 1292.68 818.74 1013.84 453.09 557.68 731.3
6901845043112_camera2-18.jpg 2 1283.92 822.69 955.31 418.53 657.23 808.32
6901845043112_camera2-22.jpg 2 1258.78 838.83 878.76 426.9 760.05 823.86
6901845043112_camera2-24.jpg 2 1234.82 835.84 798.14 411.0 873.35 849.68
6901845043112_camera2-20.jpg 2 1281.53 836.49 991.65 473.36 579.76 726.25
6901845043112_camera2-21.jpg 2 1270.08 839.06 925.09 441.19 689.97 795.73
6901845043112_camera2-25.jpg 2 1232.18 835.84 787.61 426.78 889.14 818.11
6901845043112_camera2-23.jpg 2 1258.14 845.06 851.15 411.24 813.98 867.64
6901845043112_camera2-26.jpg 2 1223.1 841.67 789.9 459.52 866.4 764.3
6901845043112_camera2-29.jpg 2 1207.12 846.61 844.51 574.65 725.22 543.92
6901845043112_camera2-2.jpg 2 1266.78 906.48 893.08 496.48 747.4 819.99
6901845043112_camera2-30.jpg 2 1225.35 843.58 845.19 524.55 760.31 638.06
6901845043112_camera2-27.jpg 2 1222.98 845.05 798.14 476.77 849.68 736.56
6901845043112_camera2-28.jpg 2 1207.12 846.61 809.26 534.36 795.73 624.5
6901845043112_camera2-31.jpg 2 1231.44 866.72 832.17 513.03 798.54 707.38
6901845043112_camera2-32.jpg 2 1233.18 871.01 821.66 492.01 823.05 758.0
6901845043112_camera2-36.jpg 2 1229.81 909.17 839.22 464.91 781.18 888.52
6901845043112_camera2-33.jpg 2 1229.55 891.09 806.03 479.4 847.05 823.37
6901845043112_camera2-38.jpg 2 1236.08 923.42 912.5 516.74 647.16 813.36
6901845043112_camera2-37.jpg 2 1235.78 925.57 875.0 497.71 721.55 855.72
6901845043112_camera2-34.jpg 2 1228.84 890.81 808.94 456.89 839.79 867.84
6901845043112_camera2-35.jpg 2 1230.43 899.82 814.95 461.65 830.95 876.33
6901845043112_camera2-3.jpg 2 1281.99 909.17 863.07 467.9 837.83 882.55
6901845043112_camera2-39.jpg 2 1242.38 924.04 972.98 557.06 538.8 733.96
6901845043112_camera2-4.jpg 2 1286.91 909.03 862.22 482.21 849.38 853.64
6901845043112_camera3-12.jpg 2 1454.47 1456.66 945.45 1213.33 1018.03 486.66
6901845043112_camera2-40.jpg 2 1258.13 906.19 955.5 527.53 605.26 757.33
6901845043112_camera2-7.jpg 2 1300.58 891.08 861.27 510.96 878.61 760.24
6901845043112_camera2-5.jpg 2 1292.79 906.8 854.62 487.47 876.33 838.65
6901845043112_camera2-6.jpg 2 1295.12 909.37 853.85 505.15 882.55 808.44
6901845043112_camera2-9.jpg 2 1307.15 896.34 916.51 603.03 781.28 586.62
6901845043112_camera2-8.jpg 2 1313.3 894.26 886.93 548.4 852.74 691.73
6901845043112_camera3-10.jpg 2 1451.84 1431.67 1032.26 1205.44 839.16 452.46
6901845043112_camera3-11.jpg 2 1460.88 1457.78 988.3 1204.35 945.17 506.87
6901845043112_camera3-13.jpg 2 1450.51 1446.14 924.4 1205.44 1052.23 481.4
6901845043112_camera3-14.jpg 2 1446.93 1455.23 916.51 1226.86 1060.85 456.75
6901845043112_camera3-15.jpg 2 1438.68 1446.13 905.99 1231.74 1065.39 428.78
6901845043112_camera3-16.jpg 2 1432.5 1437.11 920.06 1234.4 1024.88 405.42
6901845043112_camera3-17.jpg 2 1425.11 1429.46 949.54 1231.18 951.13 396.55
6901845043112_camera3-19.jpg 2 1479.09 1404.38 1010.71 1236.92 936.75 334.91
6901845043112_camera3-18.jpg 2 1438.67 1427.73 977.01 1250.16 923.33 355.13
6901845043112_camera3-24.jpg 2 1411.65 1432.89 936.62 1225.15 950.06 415.48
6901845043112_camera3-1.jpg 2 1387.84 1399.64 886.93 1192.42 1001.82 414.44
6901845043112_camera3-23.jpg 2 1420.26 1432.98 913.88 1221.22 1012.77 423.52
6901845043112_camera3-20.jpg 2 1472.79 1416.97 993.08 1236.92 959.41 360.09
6901845043112_camera3-26.jpg 2 1390.82 1427.96 979.36 1213.29 822.92 429.35
6901845043112_camera3-21.jpg 2 1455.78 1425.09 950.71 1221.22 1010.14 407.74
6901845043112_camera3-25.jpg 2 1399.45 1428.24 940.63 1223.44 917.65 409.6
6901845043112_camera3-22.jpg 2 1450.45 1435.42 934.63 1228.2 1031.63 414.44
6901845043112_camera3-28.jpg 2 1422.9 1417.2 1069.09 1213.33 707.63 407.74
6901845043112_camera3-27.jpg 2 1380.81 1411.94 1013.84 1215.96 733.93 391.96
6901845043112_camera3-29.jpg 2 1460.88 1419.02 1083.71 1210.31 754.34 417.42
6901845043112_camera3-2.jpg 2 1366.93 1408.45 864.96 1203.04 1003.95 410.82
6901845043112_camera3-31.jpg 2 1429.47 1427.72 977.01 1189.65 904.92 476.14
6901845043112_camera3-32.jpg 2 1420.63 1427.97 943.58 1192.42 954.11 471.09
6901845043112_camera3-30.jpg 2 1449.2 1421.15 1042.78 1202.81 812.85 436.68
6901845043112_camera3-34.jpg 2 1366.34 1418.51 871.79 1194.91 989.1 447.2
6901845043112_camera3-33.jpg 2 1380.73 1422.39 881.71 1195.28 998.04 454.22
6901845043112_camera3-36.jpg 2 1318.59 1408.32 821.33 1195.84 994.51 424.97
6901845043112_camera3-35.jpg 2 1343.97 1402.73 837.59 1197.55 1012.77 410.37
6901845043112_camera3-40.jpg 2 1393.65 1381.53 918.8 1201.31 949.7 360.45
6901845043112_camera3-37.jpg 2 1307.47 1394.84 830.33 1206.27 954.29 377.13
6901845043112_camera3-39.jpg 2 1387.38 1372.48 911.25 1197.55 952.27 349.87
6901845043112_camera3-3.jpg 2 1341.84 1420.75 841.99 1201.67 999.7 438.16
6901845043112_camera3-4.jpg 2 1338.63 1429.46 839.22 1195.4 998.83 468.11
6901845043112_camera3-38.jpg 2 1334.78 1383.0 858.64 1202.81 952.27 360.39
6901845043112_camera3-5.jpg 2 1320.43 1425.78 844.51 1196.63 951.85 458.3
6901845043112_camera3-6.jpg 2 1314.04 1427.72 867.37 1201.65 893.34 452.14
6901845043112_camera3-7.jpg 2 1299.27 1423.78 887.58 1205.44 823.37 436.68
6901845043112_camera3-8.jpg 2 1344.61 1429.46 961.47 1207.33 766.27 444.26
6901845043112_camera3-9.jpg 2 1418.96 1418.52 1040.15 1197.55 757.61 441.94
