6907777834712-back_camera0-10.jpg 20 1386.07 1089.69 1019.1 929.23 733.93 320.93
6907777834712-back_camera0-14.jpg 20 1476.6 1079.72 1039.98 919.69 873.23 320.06
6907777834712-back_camera0-11.jpg 20 1441.32 1087.06 1071.72 923.96 739.19 326.19
6907777834712-back_camera0-13.jpg 20 1481.86 1085.35 1078.2 920.74 807.32 329.21
6907777834712-back_camera0-16.jpg 20 1463.95 1074.93 976.46 923.23 974.98 303.41
6907777834712-back_camera0-18.jpg 20 1447.88 1068.65 924.4 931.86 1046.97 273.58
6907777834712-back_camera0-15.jpg 20 1471.32 1075.88 1005.9 922.85 930.84 306.05
6907777834712-back_camera0-17.jpg 20 1455.78 1075.22 948.08 923.96 1015.4 302.52
6907777834712-back_camera0-12.jpg 20 1477.63 1085.81 1110.37 919.19 734.53 333.23
6907777834712-back_camera0-1.jpg 20 1419.55 1073.35 883.03 969.74 1073.03 207.21
6907777834712-back_camera0-19.jpg 20 1437.37 1059.43 895.47 923.96 1083.8 270.95
6907777834712-back_camera0-20.jpg 20 1440.68 1055.3 901.17 934.86 1079.02 240.88
6907777834712-back_camera0-21.jpg 20 1446.58 1047.61 911.25 937.12 1070.65 220.97
6907777834712-back_camera0-2.jpg 20 1416.26 1079.11 876.97 968.1 1078.58 222.01
6907777834712-back_camera0-25.jpg 20 1428.16 1062.07 905.99 968.68 1044.34 186.77
6907777834712-back_camera0-22.jpg 20 1447.86 1051.07 932.53 950.15 1030.65 201.83
6907777834712-back_camera0-26.jpg 20 1414.61 1073.39 910.47 979.04 1008.28 188.71
6907777834712-back_camera0-27.jpg 20 1403.74 1084.63 927.29 984.66 952.9 199.94
6907777834712-back_camera0-23.jpg 20 1444.84 1046.12 925.61 957.09 1038.45 178.06
6907777834712-back_camera0-29.jpg 20 1391.28 1095.38 982.58 982.95 817.4 224.85
6907777834712-back_camera0-30.jpg 20 1383.44 1102.85 1008.58 992.36 749.72 220.97
6907777834712-back_camera0-31.jpg 20 1450.66 1104.41 1100.65 993.4 700.02 222.03
6907777834712-back_camera0-28.jpg 20 1403.17 1087.07 953.34 979.21 899.66 215.71
6907777834712-back_camera0-24.jpg 20 1431.59 1055.75 902.2 961.45 1058.78 188.59
6907777834712-back_camera0-32.jpg 20 1455.78 1105.47 1055.93 994.99 799.7 220.97
6907777834712-back_camera0-33.jpg 20 1455.78 1102.85 1024.37 987.1 862.83 231.49
6907777834712-back_camera0-34.jpg 20 1459.43 1102.11 995.75 994.34 927.37 215.54
6907777834712-back_camera0-35.jpg 20 1443.95 1098.9 945.45 992.36 996.99 213.08
6907777834712-back_camera0-37.jpg 20 1443.02 1092.99 926.06 994.68 1033.92 196.63
6907777834712-back_camera0-36.jpg 20 1455.78 1093.64 953.34 989.73 1004.88 207.82
6907777834712-back_camera0-5.jpg 20 1406.64 1085.64 888.83 940.89 1035.62 289.51
6907777834712-back_camera0-39.jpg 20 1417.61 1077.41 895.49 976.36 1044.24 202.11
6907777834712-back_camera0-38.jpg 20 1431.83 1087.38 909.19 993.02 1045.28 188.71
6907777834712-back_camera0-4.jpg 20 1429.48 1091.01 895.47 950.27 1068.02 281.47
6907777834712-back_camera0-3.jpg 20 1418.69 1081.36 878.43 956.57 1080.52 249.57
6907777834712-back_camera0-40.jpg 20 1419.95 1071.26 898.82 971.56 1042.25 199.4
6907777834712-back_camera0-6.jpg 20 1393.2 1089.76 900.03 939.91 986.35 299.71
6907777834712-back_camera0-9.jpg 20 1376.81 1092.09 977.64 928.72 798.33 326.74
6907777834712-back_camera0-8.jpg 20 1384.76 1089.68 950.71 923.96 868.09 331.45
6907777834712-back_camera1-10.jpg 20 1270.53 1183.55 938.49 780.29 664.08 806.52
6907777834712-back_camera0-7.jpg 20 1382.12 1088.38 913.88 934.49 936.49 307.78
6907777834712-back_camera1-12.jpg 20 1342.61 1174.94 985.55 780.88 714.12 788.12
6907777834712-back_camera1-11.jpg 20 1333.96 1184.28 1001.88 777.53 664.16 813.49
6907777834712-back_camera1-13.jpg 20 1349.24 1175.18 961.23 787.17 776.02 776.02
6907777834712-back_camera1-16.jpg 20 1340.4 1169.65 870.95 825.39 938.9 688.53
6907777834712-back_camera1-14.jpg 20 1348.9 1179.16 926.77 793.8 844.27 770.73
6907777834712-back_camera1-17.jpg 20 1337.4 1165.98 853.38 839.79 968.05 652.38
6907777834712-back_camera1-18.jpg 20 1335.69 1160.76 849.66 866.6 972.07 588.32
6907777834712-back_camera1-15.jpg 20 1346.1 1175.3 894.97 801.95 902.25 746.69
6907777834712-back_camera1-19.jpg 20 1338.72 1151.51 842.86 879.24 991.73 544.53
6907777834712-back_camera1-1.jpg 20 1243.36 1151.2 750.87 906.19 984.98 490.01
6907777834712-back_camera1-20.jpg 20 1349.24 1140.99 858.64 913.44 981.21 455.09
6907777834712-back_camera1-21.jpg 20 1349.6 1132.76 875.85 902.25 947.5 461.02
6907777834712-back_camera1-23.jpg 20 1328.2 1129.15 837.59 847.68 981.21 562.94
6907777834712-back_camera1-22.jpg 20 1338.82 1133.79 867.05 875.7 943.53 516.17
6907777834712-back_camera1-25.jpg 20 1303.2 1140.99 837.59 802.96 931.23 676.06
6907777834712-back_camera1-26.jpg 20 1299.73 1133.6 855.92 787.12 887.63 692.95
6907777834712-back_camera1-24.jpg 20 1319.55 1128.59 839.55 820.17 959.99 616.83
6907777834712-back_camera1-27.jpg 20 1293.39 1128.18 878.05 779.44 830.68 697.47
6907777834712-back_camera1-28.jpg 20 1288.87 1136.2 904.45 775.7 768.84 721.0
6907777834712-back_camera1-30.jpg 20 1280.85 1126.52 969.12 755.61 623.45 741.82
6907777834712-back_camera1-2.jpg 20 1246.64 1163.35 745.52 884.51 1002.25 557.68
6907777834712-back_camera1-29.jpg 20 1279.72 1127.15 951.33 759.92 656.77 734.47
6907777834712-back_camera1-32.jpg 20 1301.54 1136.97 954.1 757.78 694.87 758.39
6907777834712-back_camera1-37.jpg 20 1264.62 1137.02 781.24 803.54 966.76 666.96
6907777834712-back_camera1-31.jpg 20 1305.84 1126.52 1003.32 755.61 605.03 741.82
6907777834712-back_camera1-36.jpg 20 1274.15 1137.09 803.49 788.02 941.32 698.13
6907777834712-back_camera1-33.jpg 20 1294.92 1141.08 914.74 768.29 760.37 745.57
6907777834712-back_camera1-34.jpg 20 1284.8 1137.05 856.01 755.61 857.57 762.87
6907777834712-back_camera1-35.jpg 20 1282.53 1141.93 830.92 772.85 903.23 738.17
6907777834712-back_camera1-40.jpg 20 1241.74 1137.38 761.65 892.25 960.18 490.27
6907777834712-back_camera1-3.jpg 20 1263.75 1171.24 771.83 866.09 983.84 610.29
6907777834712-back_camera1-38.jpg 20 1258.52 1135.34 773.45 820.62 970.13 629.43
6907777834712-back_camera1-39.jpg 20 1251.22 1137.19 773.12 852.65 956.21 569.09
6907777834712-back_camera1-4.jpg 20 1257.31 1173.97 772.75 843.73 969.12 660.47
6907777834712-back_camera1-5.jpg 20 1246.31 1177.99 776.64 813.23 939.33 729.52
6907777834712-back_camera1-6.jpg 20 1245.33 1184.39 784.98 802.96 920.7 762.87
6907777834712-back_camera2-11.jpg 20 1314.74 850.4 880.83 567.51 867.82 565.78
6907777834712-back_camera1-8.jpg 20 1250.06 1189.74 849.52 796.61 801.08 786.27
6907777834712-back_camera1-7.jpg 20 1243.53 1189.16 817.17 790.72 852.71 796.89
6907777834712-back_camera2-10.jpg 20 1318.99 875.3 871.79 589.88 894.4 570.84
6907777834712-back_camera1-9.jpg 20 1252.73 1182.54 885.94 790.53 733.58 784.02
6907777834712-back_camera2-13.jpg 20 1295.82 844.94 861.32 506.38 869.0 677.12
6907777834712-back_camera2-14.jpg 20 1295.32 841.1 861.27 466.24 868.09 749.72
6907777834712-back_camera2-12.jpg 20 1304.52 849.0 866.53 529.38 875.98 639.23
6907777834712-back_camera2-15.jpg 20 1291.87 837.41 865.05 433.99 853.64 806.84
6907777834712-back_camera2-18.jpg 20 1282.08 837.51 927.79 406.45 708.57 862.13
6907777834712-back_camera2-16.jpg 20 1287.52 835.87 886.06 413.13 802.93 845.48
6907777834712-back_camera2-19.jpg 20 1276.9 822.69 950.71 387.33 652.38 870.72
6907777834712-back_camera2-17.jpg 20 1287.12 838.68 895.11 400.82 784.02 875.72
6907777834712-back_camera2-1.jpg 20 1277.46 921.19 1005.32 486.93 544.28 868.53
6907777834712-back_camera2-20.jpg 20 1266.38 814.8 984.91 384.7 562.94 860.2
6907777834712-back_camera2-22.jpg 20 1249.14 829.5 938.33 394.73 621.62 869.53
6907777834712-back_camera2-26.jpg 20 1237.48 842.38 811.78 437.64 851.41 809.48
6907777834712-back_camera2-25.jpg 20 1233.49 838.47 819.18 418.89 828.63 839.16
6907777834712-back_camera2-27.jpg 20 1237.8 846.39 804.88 468.19 865.83 756.41
6907777834712-back_camera2-21.jpg 20 1255.03 815.75 968.47 382.48 573.11 866.55
6907777834712-back_camera2-24.jpg 20 1239.28 843.51 863.93 406.29 750.69 874.44
6907777834712-back_camera2-29.jpg 20 1213.77 856.88 766.57 553.05 894.4 607.66
6907777834712-back_camera2-23.jpg 20 1242.03 840.49 901.33 402.44 681.4 876.09
6907777834712-back_camera2-30.jpg 20 1215.01 861.98 783.02 578.92 863.98 566.12
6907777834712-back_camera2-28.jpg 20 1234.44 850.06 800.18 498.51 868.53 703.09
6907777834712-back_camera2-2.jpg 20 1291.37 906.87 971.75 460.98 639.23 891.77
6907777834712-back_camera2-31.jpg 20 1212.69 877.37 782.07 599.48 861.24 555.77
6907777834712-back_camera2-33.jpg 20 1236.91 889.92 801.62 545.02 870.58 689.81
6907777834712-back_camera2-32.jpg 20 1228.23 885.83 787.61 571.47 881.24 628.71
6907777834712-back_camera2-34.jpg 20 1236.1 893.9 803.49 501.82 865.22 784.16
6907777834712-back_camera2-3.jpg 20 1289.88 897.41 937.63 460.19 704.5 874.44
6907777834712-back_camera2-37.jpg 20 1241.28 898.28 853.85 460.42 774.85 875.72
6907777834712-back_camera2-35.jpg 20 1232.18 892.4 803.4 484.66 857.57 815.48
6907777834712-back_camera2-39.jpg 20 1250.84 903.09 932.47 464.93 636.73 876.31
6907777834712-back_camera2-38.jpg 20 1246.62 895.76 892.37 458.07 708.51 875.38
6907777834712-back_camera2-36.jpg 20 1236.92 896.38 831.61 468.74 810.63 855.29
6907777834712-back_camera2-40.jpg 20 1250.6 918.71 963.86 476.77 573.47 883.88
6907777834712-back_camera2-5.jpg 20 1297.24 893.38 891.46 471.41 811.56 843.93
6907777834712-back_camera2-6.jpg 20 1294.0 893.69 863.02 483.34 861.96 820.7
6907777834712-back_camera2-4.jpg 20 1294.0 891.08 916.51 458.35 754.98 865.46
6907777834712-back_camera2-7.jpg 20 1294.0 890.1 857.02 506.15 873.96 767.9
6907777834712-back_camera2-9.jpg 20 1298.65 880.95 860.98 559.04 875.34 643.82
6907777834712-back_camera2-8.jpg 20 1294.0 886.46 856.43 529.95 875.14 713.02
6907777834712-back_camera3-11.jpg 20 1466.3 1401.41 1063.82 1181.76 804.96 439.31
6907777834712-back_camera3-10.jpg 20 1446.12 1406.44 1078.84 1182.8 734.57 447.29
6907777834712-back_camera3-14.jpg 20 1473.19 1403.94 991.91 1200.17 962.56 407.54
6907777834712-back_camera3-16.jpg 20 1451.87 1403.56 927.82 1220.21 1048.09 366.69
6907777834712-back_camera3-13.jpg 20 1476.82 1400.1 1016.47 1181.76 920.7 436.68
6907777834712-back_camera3-17.jpg 20 1455.89 1399.89 924.14 1232.57 1063.5 334.65
6907777834712-back_camera3-12.jpg 20 1471.72 1401.1 1034.74 1183.31 873.96 435.57
6907777834712-back_camera3-19.jpg 20 1457.01 1391.36 928.82 1267.4 1056.38 247.91
6907777834712-back_camera3-22.jpg 20 1438.94 1408.67 924.44 1264.75 1029.0 287.85
6907777834712-back_camera3-15.jpg 20 1461.91 1399.48 960.25 1203.87 1003.33 391.23
6907777834712-back_camera3-18.jpg 20 1456.64 1394.89 923.82 1251.38 1065.63 287.02
6907777834712-back_camera3-1.jpg 20 1357.03 1424.39 808.86 1264.77 1096.34 319.25
6907777834712-back_camera3-21.jpg 20 1452.46 1406.28 941.94 1278.3 1021.04 255.97
6907777834712-back_camera3-20.jpg 20 1457.74 1406.04 956.64 1291.87 1002.2 228.35
6907777834712-back_camera3-23.jpg 20 1426.64 1405.17 914.21 1252.7 1024.86 304.95
6907777834712-back_camera3-24.jpg 20 1410.6 1409.18 913.86 1245.45 993.48 327.46
6907777834712-back_camera3-25.jpg 20 1401.03 1417.04 935.77 1230.61 930.53 372.87
6907777834712-back_camera3-26.jpg 20 1390.31 1423.52 954.62 1228.34 871.38 390.36
6907777834712-back_camera3-29.jpg 20 1401.6 1427.47 1063.84 1213.24 675.52 428.47
6907777834712-back_camera3-28.jpg 20 1370.81 1423.79 1008.66 1210.13 724.3 427.32
6907777834712-back_camera3-27.jpg 20 1382.86 1421.66 978.62 1218.16 808.48 407.01
6907777834712-back_camera3-35.jpg 20 1386.25 1414.42 887.66 1222.94 997.18 382.96
6907777834712-back_camera3-2.jpg 20 1356.24 1425.42 825.27 1250.59 1061.93 349.66
6907777834712-back_camera3-32.jpg 20 1411.81 1430.07 997.13 1220.75 829.35 418.64
6907777834712-back_camera3-33.jpg 20 1406.49 1424.65 962.48 1218.37 888.03 412.56
6907777834712-back_camera3-31.jpg 20 1419.05 1428.94 1043.22 1214.86 751.65 428.16
6907777834712-back_camera3-30.jpg 20 1420.83 1428.79 1081.69 1212.07 678.28 433.44
6907777834712-back_camera3-34.jpg 20 1394.67 1417.95 908.75 1222.9 971.85 390.1
6907777834712-back_camera3-36.jpg 20 1372.82 1414.06 858.76 1230.21 1028.11 367.69
6907777834712-back_camera3-39.jpg 20 1354.18 1416.99 839.86 1268.99 1028.63 296.01
6907777834712-back_camera3-38.jpg 20 1346.71 1416.13 842.14 1252.35 1009.15 327.56
6907777834712-back_camera3-37.jpg 20 1360.7 1416.41 845.94 1240.35 1029.52 352.13
6907777834712-back_camera3-3.jpg 20 1361.12 1425.83 852.35 1236.2 1017.53 379.26
6907777834712-back_camera3-40.jpg 20 1356.26 1419.85 820.87 1269.71 1070.77 300.28
6907777834712-back_camera3-5.jpg 20 1340.95 1424.64 863.11 1205.21 955.69 438.87
6907777834712-back_camera3-4.jpg 20 1350.38 1423.52 845.51 1222.23 1009.73 402.57
6907777834712_camera0-11.jpg 20 1379.07 1272.52 1011.96 1099.67 734.21 345.7
6907777834712-back_camera3-6.jpg 20 1340.38 1422.07 883.92 1196.25 912.92 451.63
6907777834712-back_camera3-7.jpg 20 1343.03 1414.73 922.14 1189.03 841.78 451.41
6907777834712-back_camera3-8.jpg 20 1347.81 1413.5 961.74 1187.23 772.14 452.54
6907777834712_camera0-14.jpg 20 1479.45 1264.62 1063.82 1087.06 831.26 355.13
6907777834712-back_camera3-9.jpg 20 1380.53 1408.45 1013.02 1179.53 735.02 457.84
6907777834712_camera0-12.jpg 20 1405.8 1271.2 1024.37 1097.58 762.87 347.24
6907777834712_camera0-10.jpg 20 1360.59 1264.1 947.5 1100.76 826.18 326.67
6907777834712_camera0-13.jpg 20 1484.71 1265.94 1098.02 1089.69 773.39 352.5
6907777834712_camera0-15.jpg 20 1487.38 1269.82 1035.73 1096.58 903.31 346.47
6907777834712_camera0-16.jpg 20 1491.9 1267.09 1016.44 1099.66 950.93 334.86
6907777834712_camera0-18.jpg 20 1477.35 1262.74 960.52 1106.83 1033.65 311.83
6907777834712_camera0-20.jpg 20 1475.76 1248.85 937.4 1111.02 1076.73 275.66
6907777834712_camera0-19.jpg 20 1472.49 1256.0 948.65 1106.68 1047.67 298.63
6907777834712_camera0-1.jpg 20 1383.16 1233.27 872.11 1135.1 1022.1 196.34
6907777834712_camera0-17.jpg 20 1487.55 1261.87 993.58 1102.5 987.93 318.74
6907777834712_camera0-22.jpg 20 1477.88 1243.55 944.73 1120.51 1066.29 246.07
6907777834712_camera0-25.jpg 20 1471.92 1238.57 953.38 1141.84 1037.09 193.46
6907777834712_camera0-24.jpg 20 1482.94 1239.2 966.77 1137.38 1032.35 203.64
6907777834712_camera0-21.jpg 20 1476.63 1247.82 936.42 1121.09 1080.43 253.46
6907777834712_camera0-23.jpg 20 1491.47 1238.06 978.12 1128.46 1026.7 219.2
6907777834712_camera0-28.jpg 20 1435.22 1249.82 982.88 1158.24 904.68 183.16
6907777834712_camera0-27.jpg 20 1445.82 1245.49 955.8 1152.86 980.03 185.26
6907777834712_camera0-26.jpg 20 1454.16 1244.13 942.15 1147.35 1024.03 193.56
6907777834712_camera0-2.jpg 20 1387.86 1234.27 862.52 1132.33 1050.68 203.88
6907777834712_camera0-29.jpg 20 1432.51 1255.9 991.89 1159.54 881.24 192.73
6907777834712_camera0-31.jpg 20 1421.19 1266.57 1065.06 1170.37 712.27 192.41
6907777834712_camera0-30.jpg 20 1425.05 1262.21 1050.41 1163.23 749.27 197.96
6907777834712_camera0-32.jpg 20 1443.85 1265.57 1104.13 1169.55 679.43 192.04
6907777834712_camera0-35.jpg 20 1461.43 1260.0 1032.22 1162.87 858.43 194.26
6907777834712_camera0-34.jpg 20 1468.21 1263.49 1075.78 1163.09 784.87 200.81
6907777834712_camera0-38.jpg 20 1421.45 1247.4 906.95 1148.97 1029.0 196.87
6907777834712_camera0-37.jpg 20 1439.08 1252.6 949.74 1158.24 978.68 188.71
6907777834712_camera0-36.jpg 20 1447.54 1256.2 966.01 1157.56 963.06 197.28
6907777834712_camera0-33.jpg 20 1469.78 1265.94 1105.83 1160.89 727.91 210.1
6907777834712_camera0-40.jpg 20 1389.69 1226.6 881.85 1138.72 1015.68 175.76
6907777834712_camera0-3.jpg 20 1385.82 1237.92 848.16 1122.95 1075.32 229.95
6907777834712_camera0-39.jpg 20 1411.99 1238.01 899.53 1152.9 1024.93 170.21
6907777834712_camera0-5.jpg 20 1387.49 1244.99 857.67 1115.06 1059.63 259.86
6907777834712_camera0-4.jpg 20 1382.99 1243.32 848.37 1115.93 1069.25 254.77
6907777834712_camera0-7.jpg 20 1368.57 1253.72 871.83 1107.57 993.48 292.31
6907777834712_camera0-6.jpg 20 1376.68 1247.25 873.47 1110.35 1006.43 273.81
6907777834712_camera1-11.jpg 20 1286.99 1205.97 956.87 773.12 660.23 865.71
6907777834712_camera0-8.jpg 20 1354.39 1256.58 896.11 1101.17 916.57 310.81
6907777834712_camera0-9.jpg 20 1347.99 1258.41 900.46 1099.61 895.06 317.6
6907777834712_camera1-10.jpg 20 1243.63 1193.04 896.13 773.23 695.01 839.62
6907777834712_camera1-15.jpg 20 1320.3 1194.91 884.94 787.17 870.72 815.48
6907777834712_camera1-12.jpg 20 1309.78 1190.97 969.12 750.35 681.32 881.24
6907777834712_camera1-14.jpg 20 1329.77 1195.65 932.93 784.94 793.68 821.43
6907777834712_camera1-13.jpg 20 1332.14 1197.55 955.97 779.28 752.35 836.53
6907777834712_camera1-17.jpg 20 1324.78 1192.79 855.16 805.69 939.25 774.19
6907777834712_camera1-16.jpg 20 1326.88 1192.29 871.79 797.7 910.18 789.17
6907777834712_camera1-19.jpg 20 1315.94 1170.74 834.62 837.26 962.65 666.95
6907777834712_camera1-18.jpg 20 1315.31 1180.29 838.86 825.08 952.9 710.42
6907777834712_camera1-20.jpg 20 1321.62 1162.03 829.7 847.68 983.84 628.71
6907777834712_camera1-21.jpg 20 1333.83 1147.35 856.51 882.79 954.63 529.12
6907777834712_camera1-1.jpg 20 1244.02 1121.26 771.83 876.61 944.38 489.29
6907777834712_camera1-22.jpg 20 1341.44 1136.29 878.23 903.03 926.43 466.52
6907777834712_camera1-25.jpg 20 1316.14 1146.27 849.93 853.96 932.43 584.62
6907777834712_camera1-23.jpg 20 1328.2 1139.67 850.75 876.61 954.9 526.12
6907777834712_camera1-26.jpg 20 1309.06 1150.75 857.23 831.85 903.66 637.8
6907777834712_camera1-2.jpg 20 1257.7 1141.64 767.69 855.8 980.03 571.68
6907777834712_camera1-29.jpg 20 1297.94 1150.2 913.88 797.7 768.13 705.0
6907777834712_camera1-24.jpg 20 1324.73 1139.9 850.19 871.64 949.08 536.52
6907777834712_camera1-27.jpg 20 1302.66 1158.27 873.36 825.75 858.6 665.04
6907777834712_camera1-30.jpg 20 1292.68 1152.83 969.12 810.85 647.12 683.95
6907777834712_camera1-31.jpg 20 1292.59 1156.75 984.89 814.4 615.4 684.7
6907777834712_camera1-28.jpg 20 1300.47 1155.62 911.96 814.6 777.02 682.05
6907777834712_camera1-32.jpg 20 1324.6 1156.11 1000.35 817.8 648.5 676.62
6907777834712_camera1-36.jpg 20 1288.01 1136.56 829.9 821.84 916.23 629.43
6907777834712_camera1-33.jpg 20 1319.6 1150.17 957.91 820.86 723.37 658.62
6907777834712_camera1-34.jpg 20 1312.41 1148.88 913.88 805.59 797.07 686.58
6907777834712_camera1-37.jpg 20 1288.3 1132.22 816.23 821.83 944.14 620.77
6907777834712_camera1-35.jpg 20 1303.2 1140.99 879.68 802.96 847.05 676.06
6907777834712_camera1-38.jpg 20 1270.74 1124.13 791.81 849.51 957.86 549.24
6907777834712_camera1-39.jpg 20 1268.92 1120.99 793.46 859.2 950.93 523.57
6907777834712_camera1-5.jpg 20 1257.17 1165.98 771.83 797.7 970.68 736.56
6907777834712_camera1-40.jpg 20 1252.9 1114.49 788.46 891.75 928.88 445.47
6907777834712_camera1-6.jpg 20 1245.8 1181.52 786.06 801.64 919.48 759.76
6907777834712_camera1-3.jpg 20 1249.28 1148.88 756.05 839.79 986.47 618.19
6907777834712_camera1-4.jpg 20 1256.67 1167.9 769.36 812.24 974.62 711.32
6907777834712_camera1-9.jpg 20 1239.26 1184.94 854.21 769.01 770.09 831.86
6907777834712_camera1-8.jpg 20 1242.84 1185.06 832.84 767.36 819.99 835.39
6907777834712_camera1-7.jpg 20 1244.4 1183.73 800.39 785.05 888.03 797.37
6907777834712_camera2-10.jpg 20 1290.06 881.87 853.38 560.94 873.35 641.86
6907777834712_camera2-12.jpg 20 1306.59 869.27 882.28 589.76 848.61 559.03
6907777834712_camera2-14.jpg 20 1290.05 859.51 863.9 510.96 852.31 697.1
6907777834712_camera2-13.jpg 20 1289.41 866.18 853.85 529.19 871.13 673.98
6907777834712_camera2-11.jpg 20 1309.15 875.45 884.29 609.99 849.72 530.92
6907777834712_camera2-17.jpg 20 1290.22 857.94 894.88 446.23 790.69 823.43
6907777834712_camera2-19.jpg 20 1286.11 850.31 929.66 418.89 712.89 862.83
6907777834712_camera2-15.jpg 20 1291.53 861.11 863.38 483.29 856.29 755.64
6907777834712_camera2-1.jpg 20 1246.52 902.38 971.32 475.01 550.39 854.73
6907777834712_camera2-18.jpg 20 1280.85 851.62 900.73 426.78 760.24 849.68
6907777834712_camera2-16.jpg 20 1287.12 857.01 867.6 451.25 839.04 811.53
6907777834712_camera2-20.jpg 20 1281.62 847.09 967.32 423.89 628.6 846.39
6907777834712_camera2-24.jpg 20 1265.22 844.82 916.64 420.69 697.16 848.25
6907777834712_camera2-25.jpg 20 1251.91 843.73 869.16 416.26 765.5 854.94
6907777834712_camera2-23.jpg 20 1261.43 850.66 922.66 425.27 677.55 850.79
6907777834712_camera2-21.jpg 20 1278.17 826.46 1002.98 410.97 550.39 830.98
6907777834712_camera2-22.jpg 20 1275.66 834.1 982.23 409.99 586.87 848.21
6907777834712_camera2-26.jpg 20 1249.28 839.78 837.59 426.78 823.37 826.0
6907777834712_camera2-2.jpg 20 1265.25 904.14 973.47 474.4 583.56 859.48
6907777834712_camera2-27.jpg 20 1257.32 838.68 826.34 446.67 861.96 784.02
6907777834712_camera2-28.jpg 20 1253.3 840.81 828.71 488.37 849.18 704.87
6907777834712_camera2-30.jpg 20 1236.35 847.36 813.07 553.12 846.55 588.47
6907777834712_camera2-29.jpg 20 1250.74 843.01 825.22 508.15 851.03 669.72
6907777834712_camera2-31.jpg 20 1227.53 845.55 794.25 561.29 866.55 568.53
6907777834712_camera2-32.jpg 20 1219.03 850.3 790.24 558.31 857.57 583.99
6907777834712_camera2-35.jpg 20 1238.5 874.73 813.91 492.69 849.18 764.07
6907777834712_camera2-36.jpg 20 1237.44 883.18 829.7 468.87 815.48 828.63
6907777834712_camera2-39.jpg 20 1242.17 884.25 894.76 450.81 694.82 866.87
6907777834712_camera2-34.jpg 20 1239.56 874.3 810.59 517.93 857.94 712.75
6907777834712_camera2-33.jpg 20 1243.64 865.64 823.42 539.77 840.45 651.75
6907777834712_camera2-37.jpg 20 1238.97 882.23 840.09 455.84 797.77 852.79
6907777834712_camera2-38.jpg 20 1237.44 884.5 877.05 447.83 720.78 873.35
6907777834712_camera2-3.jpg 20 1266.35 895.17 944.62 461.25 643.45 867.84
6907777834712_camera2-40.jpg 20 1245.44 899.13 947.58 470.84 595.72 856.58
6907777834712_camera2-4.jpg 20 1276.9 887.13 908.62 447.83 736.56 878.61
6907777834712_camera2-5.jpg 20 1275.59 896.34 895.47 463.61 760.24 865.46
6907777834712_camera2-8.jpg 20 1281.77 890.5 850.09 524.65 863.36 731.7
6907777834712_camera2-9.jpg 20 1280.24 893.69 844.68 533.78 871.13 719.83
6907777834712_camera2-7.jpg 20 1280.87 894.22 861.49 493.04 838.75 802.35
6907777834712_camera2-6.jpg 20 1270.33 900.29 856.01 476.77 828.63 847.05
6907777834712_camera3-10.jpg 20 1436.3 1377.63 1069.99 1109.37 732.62 536.52
6907777834712_camera3-13.jpg 20 1422.9 1377.74 958.6 1121.26 928.6 512.96
6907777834712_camera3-14.jpg 20 1419.66 1381.92 932.95 1145.16 973.43 473.52
6907777834712_camera3-11.jpg 20 1439.53 1374.99 1031.19 1113.34 816.67 523.3
6907777834712_camera3-16.jpg 20 1401.18 1370.53 889.99 1162.09 1022.38 416.89
6907777834712_camera3-15.jpg 20 1405.16 1376.31 906.62 1154.95 997.08 442.72
6907777834712_camera3-12.jpg 20 1430.8 1376.43 987.54 1116.0 886.51 520.86
6907777834712_camera3-17.jpg 20 1397.15 1363.64 867.6 1171.08 1059.11 385.13
6907777834712_camera3-18.jpg 20 1399.24 1358.92 879.38 1189.64 1039.73 338.56
6907777834712_camera3-19.jpg 20 1397.9 1358.02 879.68 1210.7 1036.45 294.63
6907777834712_camera3-1.jpg 20 1386.24 1363.6 872.85 1157.32 1026.78 412.56
6907777834712_camera3-20.jpg 20 1400.54 1356.69 895.47 1229.11 1010.14 255.17
6907777834712_camera3-21.jpg 20 1392.83 1360.55 883.84 1240.11 1017.97 240.88
6907777834712_camera3-22.jpg 20 1382.78 1366.68 878.07 1227.72 1009.42 277.93
6907777834712_camera3-25.jpg 20 1366.82 1401.28 921.35 1219.91 890.93 362.74
6907777834712_camera3-24.jpg 20 1366.35 1384.32 887.58 1208.07 957.53 352.5
6907777834712_camera3-23.jpg 20 1379.39 1378.55 883.74 1223.6 991.3 309.9
6907777834712_camera3-27.jpg 20 1363.12 1410.0 994.03 1227.77 738.17 364.46
6907777834712_camera3-28.jpg 20 1376.87 1407.99 1040.15 1218.59 673.43 378.8
6907777834712_camera3-2.jpg 20 1385.87 1367.91 885.4 1142.7 1000.93 450.42
6907777834712_camera3-31.jpg 20 1427.14 1399.03 1020.18 1226.15 813.93 345.76
6907777834712_camera3-26.jpg 20 1365.85 1402.76 960.68 1226.08 810.33 353.36
6907777834712_camera3-32.jpg 20 1421.58 1388.26 963.86 1218.59 915.44 339.34
6907777834712_camera3-30.jpg 20 1425.79 1406.98 1049.62 1226.32 752.34 361.32
6907777834712_camera3-29.jpg 20 1417.69 1409.81 1085.47 1230.62 664.44 358.38
6907777834712_camera3-33.jpg 20 1422.9 1380.37 945.45 1218.59 954.9 323.56
6907777834712_camera3-35.jpg 20 1405.63 1356.09 901.66 1225.6 1007.94 260.97
6907777834712_camera3-34.jpg 20 1415.67 1367.92 922.36 1227.68 986.63 280.48
6907777834712_camera3-36.jpg 20 1393.97 1354.07 887.58 1221.22 1012.77 265.69
6907777834712_camera3-37.jpg 20 1383.43 1350.12 879.68 1210.7 1007.51 278.84
6907777834712_camera3-39.jpg 20 1389.12 1359.08 872.03 1184.25 1034.18 349.66
6907777834712_camera3-9.jpg 20 1409.55 1378.76 1053.17 1102.29 712.75 552.95
6907777834712_camera3-3.jpg 20 1371.6 1364.59 884.94 1123.89 973.32 481.4
6907777834712_camera3-4.jpg 20 1361.53 1369.19 890.87 1117.73 941.32 502.92
6907777834712_camera3-38.jpg 20 1386.82 1350.65 891.0 1199.87 991.63 301.56
6907777834712_camera3-8.jpg 20 1363.27 1377.27 1011.14 1102.11 704.26 550.32
6907777834712_camera3-40.jpg 20 1391.33 1356.7 863.9 1160.72 1054.86 391.96
6907777834712_camera3-6.jpg 20 1347.35 1368.61 931.42 1108.05 831.86 521.12
6907777834712_camera3-5.jpg 20 1350.56 1368.53 903.36 1105.47 894.4 526.12
6907777834712_camera3-7.jpg 20 1347.23 1373.62 978.15 1105.98 738.17 535.28
