6925792550042_camera0-10.jpg 200 1409.84 1074.6 1343.87 843.94 131.95 461.31
6925792550042_camera0-11.jpg 200 1410.64 1075.94 1350.48 845.62 120.33 460.65
6925792550042_camera0-12.jpg 200 1408.94 1074.76 1348.38 848.11 121.12 453.3
6925792550042_camera0-15.jpg 200 1414.86 1077.31 1349.22 847.59 131.27 459.43
6925792550042_camera0-13.jpg 200 1414.01 1076.13 1349.77 845.82 128.49 460.62
6925792550042_camera0-14.jpg 200 1413.12 1076.64 1351.74 847.53 122.76 458.22
6925792550042_camera0-16.jpg 200 1418.4 1075.44 1350.72 844.34 135.37 462.2
6925792550042_camera0-19.jpg 200 1420.53 1077.59 1354.12 850.99 132.82 453.2
6925792550042_camera0-17.jpg 200 1417.21 1073.84 1347.08 845.78 140.26 456.12
6925792550042_camera0-18.jpg 200 1420.22 1076.4 1356.14 850.97 128.16 450.87
6925792550042_camera0-1.jpg 200 1399.58 1074.72 1332.34 844.95 134.48 459.53
6925792550042_camera0-20.jpg 200 1420.45 1076.72 1351.69 847.01 137.52 459.43
6925792550042_camera0-22.jpg 200 1419.82 1075.86 1355.41 850.17 128.82 451.37
6925792550042_camera0-27.jpg 200 1407.45 1074.83 1351.03 850.64 112.84 448.38
6925792550042_camera0-24.jpg 200 1413.77 1077.29 1345.7 847.57 136.13 459.43
6925792550042_camera0-23.jpg 200 1417.71 1076.6 1352.8 851.91 129.82 449.38
6925792550042_camera0-28.jpg 200 1406.85 1075.39 1344.87 846.72 123.97 457.35
6925792550042_camera0-26.jpg 200 1409.57 1074.93 1344.34 843.8 130.46 462.27
6925792550042_camera0-29.jpg 200 1405.35 1075.86 1347.43 849.17 115.84 453.37
6925792550042_camera0-31.jpg 200 1404.77 1076.39 1343.39 845.46 122.76 461.86
6925792550042_camera0-30.jpg 200 1408.39 1075.06 1347.38 847.52 122.01 455.08
6925792550042_camera0-34.jpg 200 1404.05 1075.94 1345.61 849.63 116.89 452.62
6925792550042_camera0-32.jpg 200 1404.09 1076.64 1341.49 848.75 125.19 455.79
6925792550042_camera0-36.jpg 200 1398.96 1072.11 1330.37 843.72 137.18 456.78
6925792550042_camera0-33.jpg 200 1403.33 1077.44 1342.38 848.77 121.89 457.35
6925792550042_camera0-37.jpg 200 1397.82 1075.55 1336.07 847.79 123.5 455.53
6925792550042_camera0-35.jpg 200 1403.13 1075.53 1343.71 846.59 118.84 457.87
6925792550042_camera0-38.jpg 200 1403.06 1074.64 1334.93 847.55 136.26 454.19
6925792550042_camera0-2.jpg 200 1399.49 1076.68 1336.58 849.0 125.83 455.37
6925792550042_camera0-39.jpg 200 1398.05 1075.91 1336.42 849.94 123.26 451.94
6925792550042_camera0-40.jpg 200 1399.84 1075.95 1339.06 849.55 121.55 452.8
6925792550042_camera0-7.jpg 200 1404.87 1076.12 1346.42 848.45 116.89 455.34
6925792550042_camera0-5.jpg 200 1402.71 1077.58 1337.08 847.86 131.27 459.43
6925792550042_camera1-15.jpg 200 1262.4 1002.82 1203.45 815.64 117.9 374.35
6925792550042_camera0-8.jpg 200 1406.43 1074.86 1349.34 847.67 114.18 454.37
6925792550042_camera1-16.jpg 200 1257.54 1005.42 1199.72 818.94 115.64 372.96
6925792550042_camera0-9.jpg 200 1407.45 1075.67 1347.03 844.39 120.85 462.56
6925792550042_camera1-18.jpg 200 1255.5 1007.64 1196.7 822.59 117.59 370.1
6925792550042_camera1-17.jpg 200 1257.61 1003.61 1200.68 817.46 113.85 372.29
6925792550042_camera1-26.jpg 200 1262.71 1025.14 1198.29 845.87 128.84 358.55
6925792550042_camera1-30.jpg 200 1274.06 1025.7 1212.08 844.43 123.97 362.55
6925792550042_camera1-31.jpg 200 1277.66 1023.89 1218.74 845.64 117.84 356.51
6925792550042_camera1-27.jpg 200 1264.6 1024.87 1199.37 845.49 130.46 358.76
6925792550042_camera1-32.jpg 200 1278.21 1021.74 1217.8 842.99 120.83 357.5
6925792550042_camera1-37.jpg 200 1284.44 1016.99 1221.85 832.85 125.19 368.28
6925792550042_camera2-11.jpg 200 1152.1 783.02 1087.0 723.81 130.2 118.43
6925792550042_camera2-10.jpg 200 1150.68 772.21 1086.38 706.57 128.59 131.27
6925792550042_camera2-13.jpg 200 1149.78 790.37 1081.85 734.64 135.87 111.45
6925792550042_camera2-12.jpg 200 1152.47 787.43 1085.28 730.13 134.39 114.6
6925792550042_camera2-19.jpg 200 1168.84 793.47 1107.94 740.64 121.79 105.65
6925792550042_camera2-17.jpg 200 1160.84 792.98 1095.94 738.9 129.79 108.16
6925792550042_camera2-22.jpg 200 1185.06 794.09 1131.03 732.47 108.05 123.23
6925792550042_camera2-24.jpg 200 1188.05 790.43 1137.38 732.48 101.34 115.89
6925792550042_camera2-23.jpg 200 1186.36 789.96 1133.69 730.7 105.34 118.51
6925792550042_camera2-14.jpg 200 1154.4 790.81 1089.29 736.64 130.22 108.35
6925792550042_camera2-25.jpg 200 1190.61 786.16 1140.3 727.05 100.62 118.23
6925792550042_camera2-18.jpg 200 1164.11 792.7 1100.41 739.34 127.39 106.72
6925792550042_camera2-20.jpg 200 1176.13 794.09 1116.75 734.26 118.77 119.66
6925792550042_camera2-16.jpg 200 1159.04 791.55 1096.51 739.81 125.05 103.49
6925792550042_camera2-21.jpg 200 1180.43 795.59 1124.63 734.74 111.6 121.7
6925792550042_camera2-15.jpg 200 1156.93 790.06 1090.85 736.04 132.16 108.05
6925792550042_camera2-1.jpg 200 1169.23 750.07 1113.89 684.98 110.68 130.18
6925792550042_camera2-26.jpg 200 1191.31 782.92 1139.07 720.86 104.48 124.12
6925792550042_camera2-29.jpg 200 1194.26 772.69 1137.39 711.63 113.74 122.13
6925792550042_camera2-27.jpg 200 1190.87 781.13 1138.18 718.18 105.37 125.91
6925792550042_camera2-28.jpg 200 1192.19 779.81 1141.88 720.07 100.62 119.48
6925792550042_camera2-2.jpg 200 1165.86 751.71 1108.89 681.0 113.93 141.41
6925792550042_camera2-32.jpg 200 1195.67 774.46 1135.59 705.95 120.17 137.01
6925792550042_camera2-31.jpg 200 1196.37 766.67 1138.15 710.34 116.43 112.66
6925792550042_camera2-30.jpg 200 1195.24 777.21 1136.68 710.8 117.12 132.82
6925792550042_camera2-35.jpg 200 1190.34 760.36 1132.17 704.07 116.34 112.57
6925792550042_camera2-33.jpg 200 1195.24 763.5 1136.18 707.01 118.12 112.99
6925792550042_camera2-34.jpg 200 1192.51 770.45 1130.68 702.73 123.66 135.44
6925792550042_camera2-37.jpg 200 1184.66 757.74 1125.85 702.49 117.62 110.49
6925792550042_camera2-40.jpg 200 1175.04 760.8 1113.96 685.59 122.15 150.41
6925792550042_camera2-3.jpg 200 1167.65 760.15 1105.14 684.25 125.02 151.8
6925792550042_camera2-38.jpg 200 1181.48 764.25 1119.5 692.88 123.97 142.73
6925792550042_camera2-7.jpg 200 1157.74 761.89 1104.29 696.49 106.91 130.8
6925792550042_camera2-36.jpg 200 1187.3 770.42 1125.68 702.11 123.23 136.62
6925792550042_camera2-39.jpg 200 1178.72 753.08 1120.55 690.51 116.34 125.14
6925792550042_camera2-6.jpg 200 1160.62 759.81 1103.89 692.75 113.45 134.12
6925792550042_camera2-4.jpg 200 1167.42 763.72 1103.87 687.67 127.1 152.1
6925792550042_camera2-5.jpg 200 1163.62 761.35 1102.21 691.24 122.82 140.21
6925792550042_camera2-8.jpg 200 1160.13 769.45 1096.58 699.13 127.1 140.64
6925792550042_camera3-11.jpg 200 1369.73 1229.45 1310.89 1001.69 117.67 455.53
6925792550042_camera2-9.jpg 200 1155.8 771.39 1092.42 703.25 126.75 136.28
6925792550042_camera3-16.jpg 200 1364.32 1231.95 1301.17 1000.61 126.29 462.69
6925792550042_camera3-13.jpg 200 1366.67 1229.12 1307.84 1001.35 117.67 455.54
6925792550042_camera3-10.jpg 200 1371.92 1226.11 1312.7 997.01 118.44 458.19
6925792550042_camera3-1.jpg 200 1398.35 1232.01 1329.59 1001.77 137.52 460.48
6925792550042_camera3-19.jpg 200 1355.89 1233.02 1291.81 1004.67 128.16 456.7
6925792550042_camera3-12.jpg 200 1367.29 1228.84 1305.95 998.2 122.68 461.28
6925792550042_camera3-14.jpg 200 1366.42 1230.47 1308.22 1002.79 116.41 455.37
6925792550042_camera3-20.jpg 200 1358.48 1234.34 1290.35 1003.68 136.26 461.31
6925792550042_camera3-15.jpg 200 1364.26 1230.41 1304.14 1000.2 120.23 460.42
6925792550042_camera3-18.jpg 200 1358.91 1232.97 1297.5 1003.79 122.83 458.36
6925792550042_camera3-21.jpg 200 1355.6 1235.88 1287.73 1005.49 135.73 460.77
6925792550042_camera3-17.jpg 200 1362.14 1227.9 1298.91 997.25 126.46 461.31
6925792550042_camera3-24.jpg 200 1362.57 1234.41 1298.16 1004.73 128.82 459.36
6925792550042_camera3-22.jpg 200 1355.9 1232.96 1284.99 1003.26 141.82 459.41
6925792550042_camera3-28.jpg 200 1370.83 1237.75 1300.7 1007.09 140.26 461.31
6925792550042_camera3-26.jpg 200 1370.13 1236.63 1306.79 1007.66 126.68 457.94
6925792550042_camera3-29.jpg 200 1379.6 1234.05 1314.14 1000.71 130.91 466.68
6925792550042_camera3-27.jpg 200 1373.29 1236.87 1310.81 1006.62 124.97 460.5
6925792550042_camera3-30.jpg 200 1381.49 1235.82 1320.04 1003.83 122.9 463.98
6925792550042_camera3-31.jpg 200 1383.53 1234.61 1315.65 1000.06 135.76 469.1
6925792550042_camera3-32.jpg 200 1384.86 1234.51 1325.44 1004.83 118.84 459.36
6925792550042_camera3-36.jpg 200 1389.68 1231.46 1326.89 998.58 125.57 465.76
6925792550042_camera3-34.jpg 200 1386.88 1235.66 1323.07 1001.69 127.62 467.94
6925792550042_camera3-39.jpg 200 1399.14 1230.65 1333.32 1003.47 131.65 454.37
6925792550042_camera3-40.jpg 200 1396.96 1229.25 1329.28 998.59 135.37 461.31
6925792550042_camera3-38.jpg 200 1394.65 1231.01 1325.56 997.75 138.19 466.51
6925792550042_camera3-35.jpg 200 1387.68 1228.26 1323.27 997.08 128.83 462.35
6925792550042_camera3-4.jpg 200 1387.83 1228.46 1321.15 996.66 133.35 463.6
6925792550042_camera3-37.jpg 200 1393.1 1233.15 1330.18 1003.05 125.83 460.2
6925792550042_camera3-5.jpg 200 1390.36 1228.29 1326.59 1000.18 127.54 456.22
6925792550042_camera3-7.jpg 200 1384.16 1229.24 1322.53 1000.33 123.26 457.81
6925792550042_camera3-6.jpg 200 1386.81 1228.23 1318.74 997.91 136.13 460.65
6925792550042_camera3-8.jpg 200 1380.18 1228.3 1319.84 1000.19 120.69 456.22
6925792550042_camera3-9.jpg 200 1377.27 1227.49 1314.41 994.76 125.72 465.47
