6907777834705-back_camera0-10.jpg 21 1336.44 1229.26 933.02 1126.45 806.84 205.61
6907777834705-back_camera0-12.jpg 21 1407.09 1236.55 1035.86 1123.41 742.45 226.27
6907777834705-back_camera0-11.jpg 21 1347.14 1234.41 984.53 1122.48 725.22 223.86
6907777834705-back_camera0-14.jpg 21 1477.39 1251.73 1023.49 1118.12 907.81 267.23
6907777834705-back_camera0-13.jpg 21 1457.1 1240.95 1079.61 1129.15 754.98 223.6
6907777834705-back_camera0-15.jpg 21 1478.05 1245.5 1010.76 1123.68 934.57 243.64
6907777834705-back_camera0-16.jpg 21 1481.11 1249.01 989.92 1126.9 982.38 244.21
6907777834705-back_camera0-17.jpg 21 1479.23 1248.38 962.37 1125.72 1033.72 245.31
6907777834705-back_camera0-20.jpg 21 1482.08 1239.63 929.66 1121.26 1104.84 236.75
6907777834705-back_camera0-1.jpg 21 1386.15 1236.64 877.05 1146.13 1018.21 181.02
6907777834705-back_camera0-19.jpg 21 1482.97 1240.11 935.35 1125.4 1095.23 229.41
6907777834705-back_camera0-18.jpg 21 1472.25 1246.48 938.34 1121.85 1067.82 249.27
6907777834705-back_camera0-21.jpg 21 1486.03 1237.01 927.03 1123.89 1118.0 226.23
6907777834705-back_camera0-23.jpg 21 1503.12 1231.07 978.46 1130.39 1049.32 201.36
6907777834705-back_camera0-27.jpg 21 1461.04 1234.38 969.12 1126.52 983.84 215.71
6907777834705-back_camera0-25.jpg 21 1480.49 1233.12 956.0 1139.69 1048.98 186.86
6907777834705-back_camera0-24.jpg 21 1494.44 1228.99 966.48 1130.82 1055.92 196.34
6907777834705-back_camera0-22.jpg 21 1495.24 1235.69 958.6 1126.52 1073.28 218.34
6907777834705-back_camera0-26.jpg 21 1468.93 1235.69 953.34 1129.15 1031.19 213.08
6907777834705-back_camera0-28.jpg 21 1455.07 1233.97 995.46 1130.03 919.22 207.88
6907777834705-back_camera0-30.jpg 21 1457.46 1242.37 1080.19 1126.15 754.54 232.43
6907777834705-back_camera0-29.jpg 21 1455.48 1240.32 1037.57 1129.14 835.82 222.35
6907777834705-back_camera0-33.jpg 21 1496.64 1249.78 1131.91 1137.19 729.45 225.18
6907777834705-back_camera0-32.jpg 21 1497.87 1238.32 1155.89 1113.37 683.95 249.91
6907777834705-back_camera0-2.jpg 21 1374.23 1231.74 837.59 1137.04 1073.28 189.4
6907777834705-back_camera0-31.jpg 21 1465.02 1243.35 1132.01 1130.76 666.02 225.18
6907777834705-back_camera0-39.jpg 21 1404.49 1240.95 871.79 1131.78 1065.39 218.34
6907777834705-back_camera0-34.jpg 21 1485.98 1254.55 1070.21 1139.3 831.54 230.51
6907777834705-back_camera0-36.jpg 21 1461.58 1258.35 990.74 1153.82 941.68 209.06
6907777834705-back_camera0-35.jpg 21 1475.53 1252.84 1030.52 1140.34 890.03 224.99
6907777834705-back_camera0-38.jpg 21 1428.16 1247.52 911.25 1142.3 1033.82 210.45
6907777834705-back_camera0-37.jpg 21 1445.82 1252.51 948.73 1148.57 994.17 207.88
6907777834705-back_camera0-4.jpg 21 1372.91 1225.17 829.7 1121.26 1086.43 207.82
6907777834705-back_camera0-40.jpg 21 1382.13 1236.77 878.92 1147.04 1006.43 179.46
6907777834705-back_camera0-5.jpg 21 1374.24 1218.59 850.75 1118.63 1046.97 199.92
6907777834705-back_camera0-7.jpg 21 1345.97 1225.05 855.13 1135.13 981.68 179.84
6907777834705-back_camera0-3.jpg 21 1378.68 1232.45 838.04 1144.87 1081.29 175.16
6907777834705-back_camera0-8.jpg 21 1337.96 1223.82 867.89 1130.23 940.14 187.18
6907777834705-back_camera0-6.jpg 21 1359.77 1231.74 848.12 1134.41 1023.3 194.66
6907777834705-back_camera1-11.jpg 21 1268.82 1187.82 940.2 783.66 657.23 808.32
6907777834705-back_camera1-10.jpg 21 1224.28 1181.94 890.18 785.97 668.2 791.94
6907777834705-back_camera0-9.jpg 21 1334.78 1237.0 892.84 1126.52 883.88 220.97
6907777834705-back_camera1-12.jpg 21 1307.85 1187.82 970.42 783.66 674.86 808.32
6907777834705-back_camera1-13.jpg 21 1315.99 1188.05 936.32 791.01 759.34 794.08
6907777834705-back_camera1-15.jpg 21 1328.05 1199.99 874.15 799.14 907.81 801.7
6907777834705-back_camera1-16.jpg 21 1330.83 1187.03 858.64 805.59 944.38 762.87
6907777834705-back_camera1-14.jpg 21 1324.78 1201.72 897.42 805.81 854.73 791.82
6907777834705-back_camera1-18.jpg 21 1328.2 1179.13 840.22 837.16 975.95 683.95
6907777834705-back_camera1-17.jpg 21 1328.1 1187.62 845.58 821.87 965.03 731.49
6907777834705-back_camera1-19.jpg 21 1322.93 1160.72 824.44 850.31 996.99 620.82
6907777834705-back_camera1-21.jpg 21 1347.41 1136.69 858.43 877.65 977.96 518.09
6907777834705-back_camera1-20.jpg 21 1342.41 1154.03 847.52 872.82 989.78 562.42
6907777834705-back_camera1-25.jpg 21 1324.26 1140.99 853.38 766.13 941.75 749.72
6907777834705-back_camera1-1.jpg 21 1239.68 1084.75 763.29 888.65 952.78 392.21
6907777834705-back_camera1-24.jpg 21 1330.83 1134.41 840.22 797.7 981.21 673.43
6907777834705-back_camera1-22.jpg 21 1348.81 1136.13 880.01 863.2 937.6 545.87
6907777834705-back_camera1-23.jpg 21 1339.5 1136.26 859.74 822.76 959.52 626.99
6907777834705-back_camera1-26.jpg 21 1326.07 1137.74 879.28 769.58 893.58 736.32
6907777834705-back_camera1-28.jpg 21 1320.31 1130.46 919.14 742.45 802.33 776.02
6907777834705-back_camera1-2.jpg 21 1236.67 1106.66 746.96 883.63 979.42 446.07
6907777834705-back_camera1-30.jpg 21 1312.41 1126.53 1005.95 745.09 612.93 762.87
6907777834705-back_camera1-31.jpg 21 1340.97 1122.27 1039.41 757.81 603.12 728.92
6907777834705-back_camera1-27.jpg 21 1321.64 1135.9 900.5 755.88 842.29 760.05
6907777834705-back_camera1-29.jpg 21 1317.91 1131.98 963.66 755.81 708.51 752.34
6907777834705-back_camera1-32.jpg 21 1340.04 1133.1 1000.69 758.24 678.69 749.72
6907777834705-back_camera1-33.jpg 21 1328.84 1126.12 964.38 759.81 728.92 732.62
6907777834705-back_camera1-34.jpg 21 1318.99 1135.72 911.25 776.65 815.48 718.15
6907777834705-back_camera1-35.jpg 21 1306.44 1125.53 874.41 785.42 864.07 680.22
6907777834705-back_camera1-36.jpg 21 1293.34 1119.18 838.16 790.91 910.36 656.54
6907777834705-back_camera1-38.jpg 21 1266.07 1097.63 791.93 822.5 948.29 550.26
6907777834705-back_camera1-39.jpg 21 1257.17 1092.33 782.35 839.79 949.64 505.07
6907777834705-back_camera1-37.jpg 21 1281.98 1110.74 806.11 805.98 951.74 609.51
6907777834705-back_camera1-3.jpg 21 1240.07 1121.26 750.78 860.83 978.58 520.86
6907777834705-back_camera1-40.jpg 21 1239.73 1073.81 767.04 876.78 945.38 394.06
6907777834705-back_camera1-8.jpg 21 1213.77 1167.3 800.77 792.44 826.0 749.72
6907777834705-back_camera1-9.jpg 21 1220.37 1170.93 845.81 790.92 749.11 760.02
6907777834705-back_camera1-7.jpg 21 1220.38 1159.42 795.22 799.6 850.33 719.64
6907777834705-back_camera2-10.jpg 21 1307.15 909.49 863.9 608.29 886.51 602.4
6907777834705-back_camera1-4.jpg 21 1245.44 1128.64 770.59 844.81 949.7 567.66
6907777834705-back_camera1-6.jpg 21 1231.12 1156.34 775.76 823.06 910.73 666.55
6907777834705-back_camera2-11.jpg 21 1317.99 896.38 886.21 627.55 863.56 537.66
6907777834705-back_camera2-13.jpg 21 1304.52 864.78 866.53 529.38 875.98 670.8
6907777834705-back_camera2-14.jpg 21 1305.82 862.33 880.31 483.07 851.03 758.52
6907777834705-back_camera1-5.jpg 21 1236.69 1143.58 766.74 822.63 939.91 641.89
6907777834705-back_camera2-12.jpg 21 1315.92 883.03 885.3 583.93 861.24 598.2
6907777834705-back_camera2-17.jpg 21 1308.46 847.67 916.51 418.89 783.91 857.57
6907777834705-back_camera2-15.jpg 21 1305.33 859.2 884.8 458.82 841.06 800.77
6907777834705-back_camera2-16.jpg 21 1306.4 853.37 896.13 437.3 820.55 832.13
6907777834705-back_camera2-18.jpg 21 1308.47 845.05 948.08 408.37 720.78 873.35
6907777834705-back_camera2-1.jpg 21 1229.82 928.08 954.72 483.34 550.19 889.47
6907777834705-back_camera2-19.jpg 21 1302.81 832.76 993.08 400.9 619.46 863.72
6907777834705-back_camera2-21.jpg 21 1291.52 812.43 1028.37 385.94 526.31 852.99
6907777834705-back_camera2-23.jpg 21 1265.07 827.95 913.88 395.22 702.37 865.46
6907777834705-back_camera2-24.jpg 21 1264.08 832.0 897.37 402.56 733.42 858.88
6907777834705-back_camera2-20.jpg 21 1299.26 834.53 990.17 400.48 618.19 868.09
6907777834705-back_camera2-22.jpg 21 1281.4 818.91 980.49 390.83 601.83 856.17
6907777834705-back_camera2-27.jpg 21 1248.62 823.94 822.51 442.5 852.22 762.89
6907777834705-back_camera2-28.jpg 21 1237.44 826.63 790.24 468.87 894.4 715.52
6907777834705-back_camera2-29.jpg 21 1238.04 825.95 805.12 506.82 865.83 638.27
6907777834705-back_camera2-26.jpg 21 1250.44 824.92 830.92 414.57 839.04 820.7
6907777834705-back_camera2-25.jpg 21 1253.23 830.58 850.75 413.63 804.96 833.89
6907777834705-back_camera2-30.jpg 21 1219.76 826.46 785.84 545.98 867.84 560.96
6907777834705-back_camera2-31.jpg 21 1204.56 846.37 766.57 568.84 875.98 555.05
6907777834705-back_camera2-32.jpg 21 1214.35 849.23 784.21 553.22 860.28 592.02
6907777834705-back_camera2-2.jpg 21 1252.5 916.92 959.13 481.69 586.74 870.46
6907777834705-back_camera2-33.jpg 21 1214.61 856.68 771.83 526.75 885.56 659.87
6907777834705-back_camera2-34.jpg 21 1228.56 869.91 793.54 502.26 870.04 735.3
6907777834705-back_camera2-35.jpg 21 1222.94 877.64 794.25 478.76 857.38 797.77
6907777834705-back_camera2-37.jpg 21 1218.45 891.21 834.26 466.01 768.39 850.41
6907777834705-back_camera2-3.jpg 21 1258.43 909.62 929.22 477.01 658.43 865.22
6907777834705-back_camera2-38.jpg 21 1219.76 894.93 860.08 465.14 719.35 859.59
6907777834705-back_camera2-36.jpg 21 1219.89 882.59 816.27 469.25 807.24 826.67
6907777834705-back_camera2-4.jpg 21 1268.78 912.04 904.28 474.18 729.0 875.72
6907777834705-back_camera2-39.jpg 21 1219.75 894.93 891.43 461.84 656.65 866.19
6907777834705-back_camera2-40.jpg 21 1223.17 916.39 949.38 482.96 547.59 866.87
6907777834705-back_camera2-6.jpg 21 1282.12 912.81 872.03 500.55 820.19 824.51
6907777834705-back_camera2-5.jpg 21 1276.32 913.43 881.06 490.59 790.53 845.68
6907777834705-back_camera2-8.jpg 21 1289.41 914.33 844.68 542.95 889.47 742.75
6907777834705-back_camera3-10.jpg 21 1382.12 1418.51 1008.58 1181.76 747.09 473.5
6907777834705-back_camera2-7.jpg 21 1286.98 912.52 857.24 530.35 859.48 764.34
6907777834705-back_camera2-9.jpg 21 1294.8 908.15 861.88 575.14 865.83 666.02
6907777834705-back_camera3-16.jpg 21 1443.94 1423.78 921.77 1202.81 1044.34 441.94
6907777834705-back_camera3-17.jpg 21 1442.91 1417.65 910.21 1209.77 1065.41 415.77
6907777834705-back_camera3-13.jpg 21 1442.67 1432.36 993.93 1196.89 897.48 470.93
6907777834705-back_camera3-11.jpg 21 1426.63 1423.37 1057.55 1190.26 738.17 466.21
6907777834705-back_camera3-15.jpg 21 1442.62 1430.36 929.66 1200.18 1025.93 460.35
6907777834705-back_camera3-12.jpg 21 1437.37 1423.78 1027.0 1179.13 820.74 489.29
6907777834705-back_camera3-18.jpg 21 1449.61 1412.48 903.91 1213.74 1091.39 397.48
6907777834705-back_camera3-14.jpg 21 1445.39 1436.26 955.13 1204.08 980.53 464.36
6907777834705-back_camera3-1.jpg 21 1347.5 1375.1 817.7 1267.01 1059.6 216.17
6907777834705-back_camera3-19.jpg 21 1455.78 1395.34 921.93 1224.93 1067.71 340.82
6907777834705-back_camera3-20.jpg 21 1458.41 1385.63 924.4 1218.59 1068.02 334.08
6907777834705-back_camera3-22.jpg 21 1459.11 1391.04 946.11 1212.64 1025.99 356.8
6907777834705-back_camera3-21.jpg 21 1465.41 1390.76 955.81 1227.63 1019.21 326.26
6907777834705-back_camera3-23.jpg 21 1442.62 1396.15 921.77 1187.02 1041.71 418.26
6907777834705-back_camera3-24.jpg 21 1439.81 1398.96 934.12 1200.15 1011.38 397.62
6907777834705-back_camera3-26.jpg 21 1423.1 1402.91 979.08 1191.08 888.03 423.66
6907777834705-back_camera3-25.jpg 21 1421.59 1397.47 942.82 1184.39 957.53 426.15
6907777834705-back_camera3-29.jpg 21 1417.48 1400.54 1086.56 1189.12 661.84 422.84
6907777834705-back_camera3-31.jpg 21 1455.15 1417.26 1084.08 1211.9 742.14 410.71
6907777834705-back_camera3-28.jpg 21 1413.77 1399.15 1038.71 1189.29 750.12 419.73
6907777834705-back_camera3-2.jpg 21 1347.93 1383.01 816.55 1242.27 1062.76 281.47
6907777834705-back_camera3-27.jpg 21 1414.62 1397.14 1005.21 1186.43 818.81 421.43
6907777834705-back_camera3-30.jpg 21 1462.96 1416.82 1131.34 1200.27 663.25 433.09
6907777834705-back_camera3-33.jpg 21 1439.89 1424.99 1009.36 1230.73 861.07 388.51
6907777834705-back_camera3-32.jpg 21 1455.78 1414.57 1053.3 1205.44 804.96 418.26
6907777834705-back_camera3-3.jpg 21 1341.22 1376.61 826.91 1241.55 1028.63 270.11
6907777834705-back_camera3-34.jpg 21 1425.53 1422.46 953.34 1229.11 944.38 386.7
6907777834705-back_camera3-4.jpg 21 1332.05 1380.09 825.95 1222.94 1012.2 314.3
6907777834705-back_camera3-35.jpg 21 1413.02 1417.35 929.23 1244.37 967.58 345.96
6907777834705-back_camera3-6.jpg 21 1307.34 1389.9 851.15 1204.29 912.38 371.22
6907777834705-back_camera3-9.jpg 21 1315.05 1415.88 940.19 1184.39 749.72 462.98
6907777834705-back_camera3-5.jpg 21 1317.64 1386.13 835.4 1213.25 964.48 345.76
6907777834705-back_camera3-8.jpg 21 1303.36 1406.71 913.92 1193.03 778.87 427.36
6907777834705-back_camera3-7.jpg 21 1303.11 1405.73 887.34 1204.51 831.54 402.44
6907777834705_camera0-14.jpg 21 1486.03 1054.18 1011.21 937.12 949.64 234.12
6907777834705_camera0-13.jpg 21 1474.01 1056.28 1039.68 946.15 868.66 220.26
6907777834705_camera0-11.jpg 21 1437.17 1048.58 1069.01 944.05 736.32 209.06
6907777834705_camera0-10.jpg 21 1379.98 1055.88 1009.41 943.39 741.14 224.99
6907777834705_camera0-12.jpg 21 1471.57 1055.5 1076.98 931.86 789.17 247.27
6907777834705_camera0-17.jpg 21 1452.59 1059.78 930.4 959.96 1044.37 199.64
6907777834705_camera0-15.jpg 21 1474.69 1056.81 985.35 953.2 978.68 207.21
6907777834705_camera0-16.jpg 21 1465.34 1062.06 954.86 957.83 1020.96 208.45
6907777834705_camera0-18.jpg 21 1459.3 1061.2 917.31 970.45 1083.97 181.49
6907777834705_camera0-19.jpg 21 1466.3 1059.43 916.51 963.42 1099.58 192.03
6907777834705_camera0-1.jpg 21 1396.6 1054.18 850.75 947.64 1091.69 213.08
6907777834705_camera0-21.jpg 21 1472.88 1058.09 953.02 969.28 1039.73 177.61
6907777834705_camera0-20.jpg 21 1467.51 1063.34 925.71 966.56 1083.59 193.56
6907777834705_camera0-25.jpg 21 1443.47 1060.72 932.84 971.63 1021.27 178.19
6907777834705_camera0-26.jpg 21 1437.37 1069.96 945.45 963.42 983.84 213.08
6907777834705_camera0-22.jpg 21 1477.78 1060.52 955.18 972.46 1045.2 176.12
6907777834705_camera0-23.jpg 21 1466.42 1058.76 941.53 974.71 1049.78 168.09
6907777834705_camera0-24.jpg 21 1450.47 1057.96 927.93 972.4 1045.08 171.12
6907777834705_camera0-27.jpg 21 1432.1 1069.97 971.75 973.95 920.7 192.03
6907777834705_camera0-28.jpg 21 1421.86 1070.2 1004.96 965.27 833.79 209.86
6907777834705_camera0-2.jpg 21 1392.83 1048.04 852.08 960.82 1081.49 174.43
6907777834705_camera0-29.jpg 21 1416.33 1071.27 1034.89 960.79 762.87 220.97
6907777834705_camera0-30.jpg 21 1420.07 1066.12 1075.71 964.3 688.71 203.64
6907777834705_camera0-32.jpg 21 1473.52 1068.48 1092.08 967.8 762.89 201.36
6907777834705_camera0-33.jpg 21 1463.68 1066.01 1045.41 952.9 836.53 226.23
6907777834705_camera0-31.jpg 21 1469.95 1070.24 1117.7 960.53 704.5 219.43
6907777834705_camera0-36.jpg 21 1436.56 1055.52 934.27 957.46 1004.58 196.11
6907777834705_camera0-34.jpg 21 1459.02 1060.2 1002.24 959.09 913.56 202.23
6907777834705_camera0-39.jpg 21 1392.64 1051.55 884.94 947.64 1015.4 207.82
6907777834705_camera0-35.jpg 21 1453.73 1055.43 970.07 963.46 967.32 183.95
6907777834705_camera0-38.jpg 21 1407.91 1057.16 892.89 956.03 1030.04 202.26
6907777834705_camera0-37.jpg 21 1433.42 1062.07 919.14 952.9 1028.56 218.34
6907777834705_camera0-40.jpg 21 1391.6 1051.58 869.48 955.58 1044.24 192.0
6907777834705_camera0-4.jpg 21 1380.82 1054.18 848.12 947.64 1065.39 213.08
6907777834705_camera0-5.jpg 21 1376.31 1057.43 870.45 956.74 1011.72 201.39
6907777834705_camera0-3.jpg 21 1380.81 1066.01 829.7 958.16 1102.21 215.71
6907777834705_camera0-6.jpg 21 1363.38 1059.2 869.43 950.11 987.91 218.19
6907777834705_camera0-7.jpg 21 1356.63 1060.03 893.59 951.4 926.09 217.25
6907777834705_camera0-8.jpg 21 1349.24 1059.44 903.36 945.01 891.77 228.86
6907777834705_camera0-9.jpg 21 1358.75 1059.72 957.9 946.88 801.7 225.69
6907777834705_camera1-11.jpg 21 1277.51 1185.91 950.83 781.69 653.35 808.44
6907777834705_camera1-10.jpg 21 1240.08 1180.44 905.99 774.02 668.17 812.85
6907777834705_camera1-12.jpg 21 1313.43 1194.84 976.72 798.77 673.42 792.13
6907777834705_camera1-13.jpg 21 1319.66 1193.95 936.42 805.76 766.49 776.39
6907777834705_camera1-14.jpg 21 1318.99 1196.24 892.84 800.33 852.31 791.81
6907777834705_camera1-16.jpg 21 1320.86 1196.63 855.75 826.53 930.21 740.2
6907777834705_camera1-17.jpg 21 1317.23 1191.75 840.84 838.39 952.78 706.72
6907777834705_camera1-15.jpg 21 1320.3 1188.34 863.9 795.07 912.81 786.54
6907777834705_camera1-19.jpg 21 1326.85 1173.89 832.71 879.39 988.28 589.01
6907777834705_camera1-20.jpg 21 1334.64 1162.82 843.61 905.97 982.07 513.7
6907777834705_camera1-21.jpg 21 1345.93 1151.82 859.18 916.02 973.5 471.59
6907777834705_camera1-18.jpg 21 1314.14 1182.36 822.1 861.89 984.09 640.94
6907777834705_camera1-1.jpg 21 1245.34 1119.94 756.05 889.77 978.58 460.35
6907777834705_camera1-26.jpg 21 1317.74 1150.59 884.98 794.45 865.52 712.27
6907777834705_camera1-25.jpg 21 1320.31 1146.25 842.86 813.48 954.9 665.54
6907777834705_camera1-22.jpg 21 1339.78 1151.58 859.66 881.82 960.23 539.51
6907777834705_camera1-23.jpg 21 1333.58 1149.51 853.33 864.6 960.49 569.82
6907777834705_camera1-24.jpg 21 1325.56 1143.62 840.22 821.37 970.68 644.49
6907777834705_camera1-27.jpg 21 1315.23 1145.85 890.54 789.22 849.38 713.26
6907777834705_camera1-28.jpg 21 1310.29 1142.11 936.58 781.35 747.42 721.52
6907777834705_camera1-29.jpg 21 1305.84 1147.56 953.34 776.65 705.0 741.82
6907777834705_camera1-32.jpg 21 1330.68 1137.0 986.81 769.57 687.74 734.86
6907777834705_camera1-2.jpg 21 1251.9 1137.04 750.78 873.98 1002.25 526.12
6907777834705_camera1-36.jpg 21 1300.47 1120.78 843.51 792.39 913.93 656.77
6907777834705_camera1-30.jpg 21 1304.27 1138.97 1000.59 776.62 607.35 724.69
6907777834705_camera1-33.jpg 21 1324.24 1137.04 929.66 774.02 789.17 726.04
6907777834705_camera1-34.jpg 21 1315.34 1137.24 901.01 778.49 828.65 717.49
6907777834705_camera1-31.jpg 21 1317.67 1133.1 995.43 766.13 644.49 733.93
6907777834705_camera1-35.jpg 21 1310.65 1127.25 871.26 786.84 878.78 680.82
6907777834705_camera1-3.jpg 21 1237.44 1129.15 737.63 837.16 999.62 583.99
6907777834705_camera1-38.jpg 21 1269.3 1114.62 790.97 831.66 956.65 565.91
6907777834705_camera1-37.jpg 21 1290.01 1118.67 819.23 806.71 941.55 623.92
6907777834705_camera1-40.jpg 21 1249.61 1111.13 781.01 881.2 937.19 459.87
6907777834705_camera1-5.jpg 21 1238.76 1148.88 769.2 795.07 939.12 707.63
6907777834705_camera1-4.jpg 21 1249.44 1147.71 774.9 825.8 949.08 643.82
6907777834705_camera1-39.jpg 21 1261.12 1116.0 782.35 845.05 957.53 541.9
6907777834705_camera1-7.jpg 21 1230.75 1157.78 799.58 768.72 862.34 778.12
6907777834705_camera1-6.jpg 21 1232.18 1154.13 771.83 784.54 920.7 739.19
6907777834705_camera2-11.jpg 21 1312.04 881.87 885.6 619.16 852.88 525.42
6907777834705_camera1-9.jpg 21 1220.35 1155.46 845.49 752.98 749.72 804.96
6907777834705_camera1-8.jpg 21 1227.45 1157.42 829.22 763.51 796.45 787.82
6907777834705_camera2-10.jpg 21 1300.36 896.54 860.77 600.11 879.18 592.86
6907777834705_camera2-13.jpg 21 1299.26 866.1 863.9 526.75 870.72 678.69
6907777834705_camera2-15.jpg 21 1303.25 861.77 884.21 463.08 838.08 797.38
6907777834705_camera2-16.jpg 21 1303.35 860.81 893.9 445.57 818.9 830.48
6907777834705_camera2-12.jpg 21 1305.7 869.59 869.48 569.79 872.44 599.59
6907777834705_camera2-17.jpg 21 1291.38 852.93 892.84 421.52 797.07 862.83
6907777834705_camera2-14.jpg 21 1301.56 867.12 875.27 495.87 852.57 742.49
6907777834705_camera2-18.jpg 21 1299.27 863.47 940.19 429.42 718.15 868.09
6907777834705_camera2-1.jpg 21 1248.67 913.88 984.27 487.6 528.81 852.57
6907777834705_camera2-19.jpg 21 1297.6 846.61 973.84 416.01 647.52 861.2
6907777834705_camera2-20.jpg 21 1286.11 829.27 995.43 400.48 581.36 857.57
6907777834705_camera2-22.jpg 21 1275.66 834.09 968.47 396.23 614.38 875.72
6907777834705_camera2-21.jpg 21 1280.14 816.39 1018.26 388.31 523.77 856.17
6907777834705_camera2-23.jpg 21 1270.9 833.06 937.63 397.49 666.55 871.14
6907777834705_camera2-29.jpg 21 1239.56 832.83 806.11 518.88 866.89 627.9
6907777834705_camera2-27.jpg 21 1255.15 829.39 830.56 448.28 849.18 762.22
6907777834705_camera2-24.jpg 21 1263.48 833.88 889.78 400.79 747.4 866.19
6907777834705_camera2-25.jpg 21 1262.52 831.5 872.21 413.49 780.62 836.02
6907777834705_camera2-26.jpg 21 1255.14 825.36 832.43 429.21 845.42 792.29
6907777834705_camera2-2.jpg 21 1254.55 912.12 945.45 468.87 618.19 886.51
6907777834705_camera2-28.jpg 21 1254.4 830.7 820.25 487.76 868.31 685.88
6907777834705_camera2-33.jpg 21 1233.5 872.67 803.4 521.49 860.2 702.37
6907777834705_camera2-30.jpg 21 1226.61 835.21 801.62 552.94 849.97 564.53
6907777834705_camera2-31.jpg 21 1220.93 856.63 789.61 577.33 862.65 558.6
6907777834705_camera2-34.jpg 21 1230.18 867.9 801.24 497.8 857.89 740.2
6907777834705_camera2-32.jpg 21 1221.66 854.25 777.09 539.9 889.14 628.71
6907777834705_camera2-35.jpg 21 1227.51 870.76 809.39 476.7 836.23 788.12
6907777834705_camera2-37.jpg 21 1219.03 872.67 827.07 439.94 783.91 865.46
6907777834705_camera2-36.jpg 21 1225.22 877.64 812.58 460.42 825.28 834.45
6907777834705_camera2-5.jpg 21 1270.63 906.48 874.66 480.81 791.94 851.34
6907777834705_camera2-38.jpg 21 1228.26 882.15 889.12 451.2 678.28 861.91
6907777834705_camera2-39.jpg 21 1232.18 896.34 916.51 458.35 631.34 875.98
6907777834705_camera2-8.jpg 21 1278.22 907.35 846.23 548.44 863.98 717.82
6907777834705_camera2-4.jpg 21 1266.78 905.66 898.03 473.39 737.5 864.54
6907777834705_camera2-40.jpg 21 1229.56 904.23 940.19 468.87 578.73 870.72
6907777834705_camera2-6.jpg 21 1275.66 907.44 853.85 492.51 843.62 829.87
6907777834705_camera2-7.jpg 21 1275.5 908.03 847.21 529.69 856.58 756.67
6907777834705_camera2-3.jpg 21 1262.43 897.65 927.03 458.35 670.8 878.61
6907777834705_camera3-11.jpg 21 1428.51 1371.31 1017.69 1162.01 821.64 418.6
6907777834705_camera2-9.jpg 21 1283.25 903.83 848.16 576.27 870.18 655.12
6907777834705_camera3-10.jpg 21 1432.1 1365.9 1058.56 1150.19 747.08 431.42
6907777834705_camera3-12.jpg 21 1435.84 1380.72 997.37 1177.21 876.93 407.01
6907777834705_camera3-13.jpg 21 1433.08 1382.55 956.68 1183.33 952.8 398.45
6907777834705_camera3-14.jpg 21 1428.84 1376.97 935.84 1191.68 985.99 370.57
6907777834705_camera3-15.jpg 21 1418.95 1372.48 919.14 1194.91 999.62 355.13
6907777834705_camera3-18.jpg 21 1432.5 1360.32 917.26 1234.51 1030.48 251.61
6907777834705_camera3-1.jpg 21 1351.87 1348.8 834.96 1168.61 1033.82 360.39
6907777834705_camera3-16.jpg 21 1421.44 1375.91 903.63 1216.27 1035.62 319.29
6907777834705_camera3-19.jpg 21 1435.38 1357.43 932.47 1233.32 1005.81 248.22
6907777834705_camera3-22.jpg 21 1415.42 1359.9 907.38 1196.56 1016.09 326.68
6907777834705_camera3-24.jpg 21 1390.01 1355.38 921.77 1160.72 936.49 389.33
6907777834705_camera3-17.jpg 21 1429.47 1368.54 903.36 1221.22 1052.23 294.63
6907777834705_camera3-21.jpg 21 1429.75 1360.41 922.69 1211.52 1014.11 297.78
6907777834705_camera3-25.jpg 21 1392.93 1366.03 956.05 1175.74 873.76 380.58
6907777834705_camera3-20.jpg 21 1434.73 1355.38 927.03 1215.96 1015.4 278.84
6907777834705_camera3-23.jpg 21 1410.87 1355.22 926.15 1187.79 969.43 334.86
6907777834705_camera3-27.jpg 21 1375.55 1365.9 1000.69 1171.24 749.72 389.33
6907777834705_camera3-26.jpg 21 1384.18 1364.55 977.07 1165.33 814.22 398.45
6907777834705_camera3-28.jpg 21 1385.75 1361.29 1054.88 1161.12 661.74 400.35
6907777834705_camera3-29.jpg 21 1428.48 1356.97 1100.1 1163.64 656.77 386.66
6907777834705_camera3-2.jpg 21 1353.97 1360.67 856.31 1165.49 995.33 390.36
6907777834705_camera3-31.jpg 21 1423.93 1354.45 1022.19 1168.02 803.49 372.87
6907777834705_camera3-35.jpg 21 1391.23 1356.9 893.18 1186.55 996.11 340.7
6907777834705_camera3-30.jpg 21 1435.63 1356.11 1068.53 1159.77 734.2 392.67
6907777834705_camera3-33.jpg 21 1414.65 1359.34 949.55 1174.29 930.21 370.1
6907777834705_camera3-32.jpg 21 1422.38 1360.62 991.31 1174.69 862.13 371.86
6907777834705_camera3-36.jpg 21 1375.55 1358.01 869.16 1194.91 1012.77 326.19
6907777834705_camera3-34.jpg 21 1408.53 1353.29 920.17 1178.4 976.73 349.77
6907777834705_camera3-37.jpg 21 1358.19 1354.89 870.65 1205.17 975.08 299.45
6907777834705_camera3-39.jpg 21 1361.38 1347.06 850.76 1202.75 1021.23 288.61
6907777834705_camera3-38.jpg 21 1358.45 1343.54 866.53 1208.07 983.84 270.95
6907777834705_camera3-3.jpg 21 1343.74 1357.71 853.43 1157.1 980.63 401.22
6907777834705_camera3-40.jpg 21 1357.43 1354.45 842.85 1193.5 1029.16 321.91
6907777834705_camera3-4.jpg 21 1337.4 1363.27 869.16 1147.56 936.49 431.42
6907777834705_camera3-6.jpg 21 1317.95 1355.99 896.89 1133.67 842.13 444.64
6907777834705_camera3-5.jpg 21 1327.14 1357.52 876.93 1142.69 900.43 429.66
6907777834705_camera3-9.jpg 21 1392.65 1360.64 1034.89 1144.93 715.52 431.42
6907777834705_camera3-7.jpg 21 1327.46 1354.91 947.58 1141.23 759.76 427.36
6907777834705_camera3-8.jpg 21 1345.3 1352.74 992.8 1142.3 705.0 420.89
