6940737300148-back_camera1-12.jpg 22 1446.35 1262.11 814.3 635.09 1264.1 1254.03
6940737300148-back_camera1-14.jpg 22 1435.02 1279.74 675.8 622.5 1518.44 1314.47
6940737300148-back_camera1-17.jpg 22 1358.21 1213.0 577.59 647.68 1561.24 1130.64
6940737300148-back_camera1-19.jpg 22 1339.97 1165.72 593.9 691.54 1492.15 948.36
6940737300148-back_camera1-26.jpg 22 1286.45 1170.19 529.75 577.17 1513.4 1186.04
6940737300148-back_camera1-31.jpg 22 1316.66 1144.14 779.04 607.39 1075.24 1073.5
6940737300148-back_camera1-32.jpg 22 1331.77 1139.97 738.75 574.65 1186.04 1130.64
6940737300148-back_camera2-15.jpg 22 1314.31 809.59 577.33 90.02 1473.96 1439.14
6940737300148-back_camera2-17.jpg 22 1282.18 780.85 628.05 58.42 1308.26 1444.86
6940737300148-back_camera2-19.jpg 22 1264.99 802.95 705.0 112.4 1119.98 1381.11
6940737300148-back_camera2-26.jpg 22 1189.54 840.68 467.07 124.01 1444.94 1433.34
6940737300148-back_camera2-24.jpg 22 1209.86 838.19 519.3 92.51 1381.11 1491.37
6940737300148-back_camera2-25.jpg 22 1192.01 831.5 491.97 108.8 1400.08 1445.41
6940737300148-back_camera2-3.jpg 22 1329.25 947.34 721.12 232.19 1216.26 1430.3
6940737300148-back_camera2-9.jpg 22 1351.92 881.87 678.32 327.88 1347.2 1107.98
6940737300148-back_camera3-23.jpg 22 1489.16 1405.63 660.69 1116.05 1656.93 579.17
6940737300148_camera0-11.jpg 22 1379.57 1198.17 617.92 1019.16 1523.3 358.03
6940737300148_camera0-13.jpg 22 1662.28 1209.38 924.4 1008.14 1475.76 402.48
6940737300148_camera0-12.jpg 22 1550.13 1213.0 796.18 1014.66 1507.91 396.68
6940737300148_camera0-8.jpg 22 1250.6 1201.49 395.66 1008.14 1709.88 386.7
6940737300148_camera1-20.jpg 22 1437.37 1137.05 674.5 710.89 1525.74 852.31
6940737300148_camera1-24.jpg 22 1424.28 1152.39 627.41 587.85 1593.75 1129.09
6940737300148_camera1-26.jpg 22 1330.83 1142.3 561.38 539.9 1538.89 1204.81
6940737300148_camera1-2.jpg 22 1209.86 1204.19 432.26 739.95 1555.2 928.48
6940737300148_camera1-34.jpg 22 1274.3 1118.42 565.0 536.54 1418.59 1163.77
6940737300148_camera1-31.jpg 22 1303.21 1101.53 761.31 558.31 1083.8 1086.43
6940737300148_camera1-40.jpg 22 1111.17 1118.62 327.26 726.67 1567.83 783.91
6940737300148_camera1-8.jpg 22 1140.32 1296.57 393.87 649.13 1492.9 1294.87
6940737300148_camera2-15.jpg 22 1354.51 789.81 619.26 84.81 1470.5 1409.99
6940737300148_camera2-13.jpg 22 1381.82 809.56 667.45 206.66 1428.73 1205.81
6940737300148_camera2-14.jpg 22 1359.87 790.99 620.17 101.96 1479.39 1378.06
6940737300148_camera2-18.jpg 22 1305.61 758.18 681.79 44.42 1247.64 1427.53
6940737300148_camera2-19.jpg 22 1277.12 757.21 707.99 68.18 1138.25 1378.06
6940737300148_camera2-1.jpg 22 1290.62 991.95 836.33 345.14 908.58 1293.62
6940737300148_camera2-23.jpg 22 1216.32 767.34 613.41 51.29 1205.81 1432.11
6940737300148_camera2-24.jpg 22 1198.24 779.75 542.51 48.57 1311.47 1462.35
6940737300148_camera2-26.jpg 22 1163.96 787.6 451.29 61.42 1425.35 1452.37
6940737300148_camera2-25.jpg 22 1174.09 775.79 471.55 41.16 1405.08 1469.26
6940737300148_camera2-29.jpg 22 1136.93 841.65 441.15 274.21 1391.57 1134.88
6940737300148_camera2-2.jpg 22 1314.32 1000.25 780.44 309.7 1067.75 1381.11
6940737300148_camera2-30.jpg 22 1142.01 861.92 478.31 368.79 1327.4 986.26
6940737300148_camera2-27.jpg 22 1143.7 807.87 414.13 118.84 1459.13 1378.06
6940737300148_camera2-28.jpg 22 1154.72 834.87 426.45 193.64 1456.55 1282.46
6940737300148_camera2-31.jpg 22 1150.63 884.5 516.66 445.2 1267.94 878.61
6940737300148_camera2-3.jpg 22 1334.53 990.27 724.87 267.46 1219.32 1445.62
6940737300148_camera2-40.jpg 22 1253.46 988.57 768.78 328.25 969.37 1320.64
6940737300148_camera2-7.jpg 22 1378.14 944.72 641.16 248.36 1473.96 1392.72
6940737300148_camera3-11.jpg 22 1637.76 1456.38 882.87 1081.46 1509.79 749.83
6940737300148_camera3-14.jpg 22 1599.15 1465.87 682.39 1073.91 1833.52 783.91
6940737300148_camera3-1.jpg 22 1283.48 1415.88 406.18 1165.98 1754.6 499.81
6940737300148_camera3-27.jpg 22 1333.46 1419.83 624.52 1073.91 1417.88 691.84
6940737300148_camera3-28.jpg 22 1310.89 1434.42 674.21 1088.22 1273.36 692.41
6940737300148_camera3-31.jpg 22 1492.53 1411.15 862.6 1078.46 1259.85 665.39
