6907777831995-back_camera0-10.jpg 23 1347.86 1262.71 749.36 1046.26 1196.99 432.91
6907777831995-back_camera0-11.jpg 23 1482.09 1275.14 866.53 1039.71 1231.11 470.87
6907777831995-back_camera0-12.jpg 23 1609.99 1285.03 1005.34 1040.82 1209.29 488.43
6907777831995-back_camera0-13.jpg 23 1622.44 1294.84 958.73 1044.46 1327.42 500.75
6907777831995-back_camera0-15.jpg 23 1601.17 1298.68 847.59 1035.93 1507.16 525.49
6907777831995-back_camera0-16.jpg 23 1584.68 1300.14 827.07 1034.45 1515.22 531.38
6907777831995-back_camera0-17.jpg 23 1546.53 1289.62 790.24 1044.97 1512.58 489.29
6907777831995-back_camera0-19.jpg 23 1496.43 1277.31 794.33 1050.68 1404.19 453.26
6907777831995-back_camera0-1.jpg 23 1299.61 1217.47 558.54 1069.26 1482.14 296.43
6907777831995-back_camera0-18.jpg 23 1520.92 1283.35 777.65 1045.76 1486.54 475.17
6907777831995-back_camera0-24.jpg 23 1555.74 1225.16 827.07 1052.86 1457.34 344.61
6907777831995-back_camera0-22.jpg 23 1622.99 1240.65 918.49 1052.02 1409.0 377.27
6907777831995-back_camera0-23.jpg 23 1595.2 1230.42 874.42 1052.86 1441.56 355.13
6907777831995-back_camera0-20.jpg 23 1541.01 1265.52 818.69 1055.4 1444.63 420.23
6907777831995-back_camera0-25.jpg 23 1514.97 1210.7 816.55 1066.02 1396.84 289.36
6907777831995-back_camera0-21.jpg 23 1589.49 1251.45 863.58 1045.97 1451.82 410.96
6907777831995-back_camera0-26.jpg 23 1474.83 1218.36 785.73 1068.22 1378.2 300.28
6907777831995-back_camera0-27.jpg 23 1436.05 1210.69 782.35 1052.86 1307.4 315.67
6907777831995-back_camera0-28.jpg 23 1396.78 1227.93 784.41 1075.3 1224.74 305.26
6907777831995-back_camera0-2.jpg 23 1336.09 1208.08 595.58 1060.76 1481.02 294.63
6907777831995-back_camera0-29.jpg 23 1367.26 1236.75 809.78 1073.38 1114.97 326.74
6907777831995-back_camera0-30.jpg 23 1362.4 1226.48 850.75 1060.76 1023.3 331.45
6907777831995-back_camera0-31.jpg 23 1446.78 1239.03 938.02 1084.55 1017.53 308.96
6907777831995-back_camera0-34.jpg 23 1454.3 1238.36 805.62 1086.29 1297.35 304.13
6907777831995-back_camera0-32.jpg 23 1496.56 1238.32 963.86 1079.17 1065.39 318.3
6907777831995-back_camera0-33.jpg 23 1485.74 1238.36 898.65 1085.11 1174.17 306.49
6907777831995-back_camera0-38.jpg 23 1291.37 1218.6 566.64 1071.28 1449.45 294.63
6907777831995-back_camera0-36.jpg 23 1381.77 1228.81 664.56 1077.51 1434.42 302.6
6907777831995-back_camera0-39.jpg 23 1260.21 1212.32 547.05 1076.62 1426.32 271.41
6907777831995-back_camera0-37.jpg 23 1327.76 1219.6 602.54 1078.07 1450.45 283.06
6907777831995-back_camera0-35.jpg 23 1403.18 1227.8 708.7 1063.39 1388.95 328.82
6907777831995-back_camera0-40.jpg 23 1258.33 1206.01 544.21 1065.49 1428.24 281.03
6907777831995-back_camera0-6.jpg 23 1315.49 1215.1 558.06 1052.45 1514.86 325.3
6907777831995-back_camera0-7.jpg 23 1297.6 1227.21 575.61 1050.22 1443.97 353.98
6907777831995-back_camera1-11.jpg 23 1409.75 1271.2 898.1 705.63 1023.3 1131.15
6907777831995-back_camera0-9.jpg 23 1276.9 1244.89 642.93 1034.45 1267.94 420.89
6907777831995-back_camera1-10.jpg 23 1319.18 1240.7 826.89 703.08 984.59 1075.24
6907777831995-back_camera0-8.jpg 23 1283.25 1241.62 593.19 1050.1 1380.12 383.05
6907777831995-back_camera1-12.jpg 23 1420.64 1284.09 840.98 691.94 1159.33 1184.3
6907777831995-back_camera1-13.jpg 23 1423.68 1307.43 794.15 703.08 1259.07 1208.7
6907777831995-back_camera1-14.jpg 23 1415.63 1306.48 747.55 701.27 1336.17 1210.42
6907777831995-back_camera1-15.jpg 23 1408.62 1298.24 713.03 704.82 1391.19 1186.84
6907777831995-back_camera1-18.jpg 23 1356.95 1228.11 700.98 750.92 1311.95 954.37
6907777831995-back_camera1-17.jpg 23 1376.15 1256.96 697.23 730.65 1357.85 1052.62
6907777831995-back_camera1-16.jpg 23 1389.25 1279.47 687.64 705.62 1403.22 1147.7
6907777831995-back_camera1-19.jpg 23 1351.91 1194.11 736.23 776.1 1231.37 836.02
6907777831995-back_camera1-1.jpg 23 1222.76 1175.08 589.21 794.78 1267.11 760.59
6907777831995-back_camera1-24.jpg 23 1354.5 1122.57 700.8 647.75 1307.4 949.64
6907777831995-back_camera1-21.jpg 23 1433.76 1124.87 826.89 781.14 1213.74 687.45
6907777831995-back_camera1-22.jpg 23 1415.51 1122.94 775.91 730.93 1279.19 784.02
6907777831995-back_camera1-28.jpg 23 1258.49 1113.37 740.26 642.49 1036.45 941.75
6907777831995-back_camera1-20.jpg 23 1395.45 1164.61 784.62 814.95 1221.66 699.32
6907777831995-back_camera1-25.jpg 23 1332.12 1128.27 696.92 633.58 1270.41 989.38
6907777831995-back_camera1-23.jpg 23 1391.33 1126.52 740.26 692.47 1302.14 868.09
6907777831995-back_camera1-26.jpg 23 1299.04 1124.87 688.39 632.57 1221.3 984.59
6907777831995-back_camera1-29.jpg 23 1238.98 1102.31 775.91 652.99 926.15 898.64
6907777831995-back_camera1-27.jpg 23 1276.89 1126.52 706.06 637.23 1141.67 978.58
6907777831995-back_camera1-31.jpg 23 1326.82 1129.38 850.0 712.78 953.63 833.19
6907777831995-back_camera1-2.jpg 23 1237.45 1206.75 590.32 766.13 1294.25 881.24
6907777831995-back_camera1-32.jpg 23 1312.35 1150.45 766.74 708.01 1091.21 884.89
6907777831995-back_camera1-30.jpg 23 1292.74 1116.05 849.55 682.93 886.38 866.24
6907777831995-back_camera1-33.jpg 23 1283.95 1156.2 685.87 705.79 1196.16 900.83
6907777831995-back_camera1-39.jpg 23 1132.22 1148.88 498.25 824.0 1267.94 649.75
6907777831995-back_camera1-40.jpg 23 1165.22 1149.14 530.65 835.1 1269.14 628.09
6907777831995-back_camera1-3.jpg 23 1229.82 1235.26 551.25 735.51 1357.13 999.51
6907777831995-back_camera1-35.jpg 23 1229.68 1166.71 568.49 710.52 1322.38 912.38
6907777831995-back_camera1-37.jpg 23 1170.61 1167.67 497.01 758.48 1347.2 818.39
6907777831995-back_camera1-38.jpg 23 1146.69 1156.76 487.73 784.54 1317.92 744.45
6907777831995-back_camera1-4.jpg 23 1219.9 1260.44 539.46 726.29 1360.88 1068.3
6907777831995-back_camera1-5.jpg 23 1211.47 1283.41 532.91 708.01 1357.13 1150.81
6907777831995-back_camera1-34.jpg 23 1256.97 1165.87 623.36 705.96 1267.22 919.81
6907777831995-back_camera1-36.jpg 23 1191.4 1169.92 508.77 731.93 1365.27 875.98
6907777831995-back_camera1-6.jpg 23 1199.57 1292.32 547.37 713.15 1304.39 1158.34
6907777831995-back_camera1-7.jpg 23 1199.67 1289.64 583.99 705.39 1231.37 1168.5
6907777831995-back_camera1-8.jpg 23 1199.3 1284.55 632.78 714.65 1133.03 1139.79
6907777831995-back_camera2-10.jpg 23 1352.82 864.93 830.87 496.84 1043.89 736.18
6907777831995-back_camera2-13.jpg 23 1343.11 815.13 746.31 277.51 1193.6 1075.24
6907777831995-back_camera1-9.jpg 23 1213.15 1252.2 715.74 703.14 994.83 1098.13
6907777831995-back_camera2-12.jpg 23 1345.3 825.32 769.2 334.71 1152.19 981.21
6907777831995-back_camera2-11.jpg 23 1351.88 836.74 815.05 411.57 1073.67 850.33
6907777831995-back_camera2-15.jpg 23 1321.7 793.73 731.2 189.38 1181.01 1208.7
6907777831995-back_camera2-18.jpg 23 1284.8 772.71 803.4 179.51 962.79 1186.39
6907777831995-back_camera2-14.jpg 23 1329.61 802.21 728.09 217.06 1203.04 1170.31
6907777831995-back_camera2-19.jpg 23 1265.05 779.88 836.96 224.63 856.17 1110.5
6907777831995-back_camera2-17.jpg 23 1292.38 785.52 757.29 171.12 1070.19 1228.8
6907777831995-back_camera2-1.jpg 23 1305.46 953.29 876.77 405.4 857.38 1095.79
6907777831995-back_camera2-16.jpg 23 1309.78 787.18 745.52 166.36 1128.52 1241.63
6907777831995-back_camera2-20.jpg 23 1258.14 777.51 894.34 260.28 727.6 1034.47
6907777831995-back_camera2-21.jpg 23 1232.18 795.07 806.03 263.69 852.31 1062.76
6907777831995-back_camera2-22.jpg 23 1227.27 801.28 738.75 239.74 977.04 1123.09
6907777831995-back_camera2-23.jpg 23 1211.13 802.96 656.08 213.71 1110.11 1178.5
6907777831995-back_camera2-24.jpg 23 1201.84 815.59 617.97 220.03 1167.73 1191.12
6907777831995-back_camera2-25.jpg 23 1193.13 820.34 574.17 222.01 1237.92 1196.66
6907777831995-back_camera2-26.jpg 23 1184.46 826.46 570.04 264.92 1228.85 1123.09
6907777831995-back_camera2-28.jpg 23 1169.85 852.59 574.1 375.22 1191.49 954.73
6907777831995-back_camera2-2.jpg 23 1316.36 952.89 829.7 376.8 973.32 1152.19
6907777831995-back_camera2-33.jpg 23 1200.83 930.97 612.84 378.24 1175.97 1105.46
6907777831995-back_camera2-30.jpg 23 1170.36 884.51 645.56 524.12 1049.6 720.78
6907777831995-back_camera2-32.jpg 23 1194.03 913.63 622.93 416.98 1142.2 993.31
6907777831995-back_camera2-27.jpg 23 1169.84 842.95 554.85 321.32 1229.98 1043.27
6907777831995-back_camera2-31.jpg 23 1190.84 900.57 647.53 460.42 1086.62 880.3
6907777831995-back_camera2-29.jpg 23 1155.89 867.41 592.95 447.83 1125.89 839.16
6907777831995-back_camera2-35.jpg 23 1212.16 957.4 622.92 342.98 1178.49 1228.85
6907777831995-back_camera2-37.jpg 23 1231.12 966.63 692.16 347.95 1077.92 1237.36
6907777831995-back_camera2-36.jpg 23 1219.56 963.79 647.57 334.73 1143.97 1258.12
6907777831995-back_camera2-34.jpg 23 1209.82 941.07 603.47 347.87 1212.7 1186.39
6907777831995-back_camera2-38.jpg 23 1246.15 973.78 761.41 378.24 969.48 1191.08
6907777831995-back_camera2-39.jpg 23 1256.46 969.04 835.88 409.87 841.16 1118.34
6907777831995-back_camera2-5.jpg 23 1346.73 928.08 730.06 322.87 1233.34 1210.42
6907777831995-back_camera2-3.jpg 23 1326.88 945.01 779.72 339.98 1094.32 1210.07
6907777831995-back_camera2-4.jpg 23 1340.59 953.63 756.38 342.98 1168.41 1221.3
6907777831995-back_camera3-10.jpg 23 1567.21 1504.61 980.07 1106.61 1174.28 795.99
6907777831995-back_camera2-40.jpg 23 1276.9 956.84 905.99 426.78 741.82 1060.12
6907777831995-back_camera2-7.jpg 23 1356.95 910.83 743.79 368.17 1226.33 1085.32
6907777831995-back_camera2-6.jpg 23 1350.78 918.99 728.09 344.42 1245.38 1149.14
6907777831995-back_camera2-9.jpg 23 1358.19 882.23 789.66 442.08 1137.06 880.3
6907777831995-back_camera2-8.jpg 23 1358.17 897.94 759.21 404.81 1197.92 986.26
6907777831995-back_camera3-11.jpg 23 1582.05 1514.53 934.93 1108.11 1294.25 812.85
6907777831995-back_camera3-15.jpg 23 1511.82 1513.92 768.97 1133.68 1485.7 760.48
6907777831995-back_camera3-14.jpg 23 1537.98 1529.44 793.06 1125.22 1489.84 808.44
6907777831995-back_camera3-12.jpg 23 1571.71 1531.32 877.05 1118.63 1389.32 825.37
6907777831995-back_camera3-16.jpg 23 1480.89 1495.79 752.46 1132.13 1456.87 727.31
6907777831995-back_camera3-13.jpg 23 1566.8 1523.82 826.34 1106.89 1480.92 833.85
6907777831995-back_camera3-18.jpg 23 1494.19 1454.75 791.63 1163.9 1405.12 581.69
6907777831995-back_camera3-17.jpg 23 1454.47 1476.39 761.31 1152.83 1386.32 647.12
6907777831995-back_camera3-21.jpg 23 1556.7 1389.58 860.92 1194.8 1391.57 389.55
6907777831995-back_camera3-20.jpg 23 1580.8 1406.07 901.99 1189.7 1357.61 432.74
6907777831995-back_camera3-19.jpg 23 1541.5 1435.13 841.1 1185.84 1400.8 498.59
6907777831995-back_camera3-25.jpg 23 1382.12 1401.42 729.74 1152.83 1304.77 497.18
6907777831995-back_camera3-23.jpg 23 1477.83 1395.57 786.6 1171.45 1382.46 448.23
6907777831995-back_camera3-24.jpg 23 1432.1 1397.47 745.52 1160.72 1373.16 473.5
6907777831995-back_camera3-22.jpg 23 1517.65 1395.96 818.1 1186.42 1399.1 419.07
6907777831995-back_camera3-1.jpg 23 1357.17 1423.6 656.32 1171.55 1401.7 504.1
6907777831995-back_camera3-26.jpg 23 1362.31 1408.73 755.98 1154.41 1212.66 508.64
6907777831995-back_camera3-28.jpg 23 1334.77 1415.88 837.59 1158.09 994.36 515.59
6907777831995-back_camera3-27.jpg 23 1337.53 1412.84 794.69 1161.38 1085.68 502.91
6907777831995-back_camera3-30.jpg 23 1462.03 1433.32 944.77 1196.89 1034.51 472.86
6907777831995-back_camera3-29.jpg 23 1413.11 1428.66 910.37 1186.13 1005.48 485.06
6907777831995-back_camera3-2.jpg 23 1339.33 1434.59 622.92 1153.82 1432.82 561.54
6907777831995-back_camera3-32.jpg 23 1393.96 1432.98 740.26 1213.33 1307.4 439.31
6907777831995-back_camera3-33.jpg 23 1384.38 1423.34 704.51 1209.16 1359.75 428.36
6907777831995-back_camera3-31.jpg 23 1444.14 1436.5 863.47 1214.82 1161.35 443.36
6907777831995-back_camera3-35.jpg 23 1293.99 1423.78 564.01 1215.96 1459.97 415.63
6907777831995-back_camera3-34.jpg 23 1341.84 1423.26 643.06 1216.78 1397.56 412.97
6907777831995-back_camera3-39.jpg 23 1268.82 1386.47 552.77 1200.72 1432.09 371.5
6907777831995-back_camera3-38.jpg 23 1227.2 1386.19 530.29 1210.56 1393.83 351.27
6907777831995-back_camera3-36.jpg 23 1259.8 1411.94 550.86 1210.7 1417.88 402.48
6907777831995-back_camera3-3.jpg 23 1317.92 1454.74 585.15 1146.27 1465.55 616.94
6907777831995-back_camera3-37.jpg 23 1226.16 1399.38 525.51 1217.48 1401.3 363.8
6907777831995-back_camera3-40.jpg 23 1312.41 1402.73 595.58 1179.13 1433.67 447.2
6907777831995-back_camera3-4.jpg 23 1287.43 1461.26 551.86 1132.88 1471.14 656.76
6907777831995-back_camera3-5.jpg 23 1273.04 1462.92 564.53 1123.83 1417.02 678.19
6907777831995-back_camera3-7.jpg 23 1256.23 1452.22 638.03 1113.53 1236.4 677.38
6907777831995-back_camera3-9.jpg 23 1442.42 1479.65 843.46 1106.61 1197.92 746.08
6907777831995-back_camera3-8.jpg 23 1310.85 1454.69 730.34 1104.37 1161.01 700.65
6907777831995_camera0-11.jpg 23 1407.32 1204.18 824.37 1035.47 1165.9 337.43
6907777831995_camera0-10.jpg 23 1305.84 1205.28 729.0 1041.64 1153.67 327.28
6907777831995_camera0-13.jpg 23 1591.26 1202.81 992.8 1031.82 1196.91 341.98
6907777831995_camera0-12.jpg 23 1533.43 1197.21 941.87 1036.05 1183.13 322.32
6907777831995_camera0-16.jpg 23 1567.4 1187.64 835.7 1039.79 1463.4 295.7
6907777831995_camera0-14.jpg 23 1596.51 1185.71 932.29 1029.19 1328.44 313.04
6907777831995_camera0-18.jpg 23 1512.72 1196.64 782.1 1043.39 1461.24 306.49
6907777831995_camera0-19.jpg 23 1486.04 1198.86 766.57 1042.34 1438.93 313.04
6907777831995_camera0-15.jpg 23 1591.22 1194.05 876.3 1037.55 1429.85 312.99
6907777831995_camera0-17.jpg 23 1542.84 1189.12 806.51 1041.12 1472.65 296.01
6907777831995_camera0-1.jpg 23 1346.61 1198.86 611.36 1052.86 1470.5 291.99
6907777831995_camera0-20.jpg 23 1464.99 1192.28 777.09 1037.08 1375.79 310.41
6907777831995_camera0-22.jpg 23 1556.65 1200.34 873.06 1056.03 1367.19 288.61
6907777831995_camera0-21.jpg 23 1515.87 1197.51 816.91 1049.44 1397.92 296.13
6907777831995_camera0-24.jpg 23 1537.33 1210.69 827.07 1058.12 1420.51 305.15
6907777831995_camera0-26.jpg 23 1468.47 1217.49 763.75 1076.12 1409.44 282.75
6907777831995_camera0-25.jpg 23 1504.45 1204.11 790.24 1058.12 1428.41 291.99
6907777831995_camera0-23.jpg 23 1574.13 1199.86 885.1 1055.1 1378.06 289.51
6907777831995_camera0-27.jpg 23 1429.59 1227.5 741.85 1070.31 1375.47 314.39
6907777831995_camera0-30.jpg 23 1348.83 1234.24 811.39 1073.29 1074.88 321.91
6907777831995_camera0-28.jpg 23 1399.22 1226.49 740.26 1063.39 1317.92 326.19
6907777831995_camera0-29.jpg 23 1368.97 1238.33 779.72 1066.02 1178.5 344.61
6907777831995_camera0-2.jpg 23 1372.18 1204.01 644.27 1063.39 1455.82 281.24
6907777831995_camera0-32.jpg 23 1473.51 1233.33 968.44 1068.21 1010.13 330.24
6907777831995_camera0-31.jpg 23 1390.79 1233.67 871.08 1064.77 1039.42 337.81
6907777831995_camera0-34.jpg 23 1467.62 1229.11 850.75 1058.12 1233.74 341.98
6907777831995_camera0-37.jpg 23 1376.51 1214.31 663.35 1053.15 1426.31 322.32
6907777831995_camera0-33.jpg 23 1495.09 1229.01 951.17 1060.65 1087.83 336.71
6907777831995_camera0-36.jpg 23 1413.7 1219.9 713.96 1052.86 1399.47 334.08
6907777831995_camera0-35.jpg 23 1442.58 1222.53 785.34 1059.57 1314.47 325.92
6907777831995_camera0-40.jpg 23 1283.73 1204.44 582.29 1058.03 1402.88 292.82
6907777831995_camera0-4.jpg 23 1420.27 1206.75 708.7 1050.23 1423.14 313.04
6907777831995_camera0-39.jpg 23 1302.98 1208.4 588.86 1053.45 1428.24 309.9
6907777831995_camera0-38.jpg 23 1329.51 1222.53 606.1 1055.49 1446.82 334.08
6907777831995_camera0-3.jpg 23 1420.26 1202.39 714.47 1064.25 1411.59 276.28
6907777831995_camera0-7.jpg 23 1347.83 1208.21 629.84 1044.15 1435.97 328.11
6907777831995_camera0-8.jpg 23 1318.99 1212.02 642.93 1039.71 1352.12 344.61
6907777831995_camera0-5.jpg 23 1406.85 1209.06 672.51 1050.74 1468.67 316.64
6907777831995_camera0-6.jpg 23 1370.63 1210.2 655.58 1052.02 1430.1 316.36
6907777831995_camera1-11.jpg 23 1347.92 1183.08 840.22 684.58 1015.4 996.99
6907777831995_camera0-9.jpg 23 1315.23 1206.73 672.52 1035.51 1285.42 342.45
6907777831995_camera1-10.jpg 23 1234.83 1213.01 738.75 693.01 992.15 1039.99
6907777831995_camera1-14.jpg 23 1400.55 1213.33 753.42 692.47 1294.25 1041.71
6907777831995_camera1-15.jpg 23 1394.87 1207.76 711.72 685.08 1366.3 1045.36
6907777831995_camera1-12.jpg 23 1409.59 1181.47 874.99 686.28 1069.2 990.39
6907777831995_camera1-13.jpg 23 1412.28 1201.2 812.68 692.07 1199.19 1018.25
6907777831995_camera1-17.jpg 23 1362.4 1175.19 663.98 705.63 1396.84 939.12
6907777831995_camera1-16.jpg 23 1377.1 1194.11 688.39 695.52 1377.42 997.18
6907777831995_camera1-19.jpg 23 1329.98 1145.43 688.04 750.83 1283.88 789.19
6907777831995_camera1-18.jpg 23 1344.43 1158.07 666.52 717.92 1355.82 880.3
6907777831995_camera1-1.jpg 23 1244.01 1129.15 606.1 758.24 1275.83 741.82
6907777831995_camera1-21.jpg 23 1402.24 1099.21 774.01 790.4 1256.47 617.62
6907777831995_camera1-20.jpg 23 1351.91 1127.38 721.12 786.18 1261.59 682.41
6907777831995_camera1-24.jpg 23 1363.71 1110.74 682.39 660.91 1362.64 899.66
6907777831995_camera1-23.jpg 23 1395.98 1103.47 728.68 705.6 1334.61 795.73
6907777831995_camera1-25.jpg 23 1337.55 1116.07 661.28 634.65 1352.55 962.83
6907777831995_camera1-22.jpg 23 1412.97 1093.8 770.26 739.63 1285.42 708.33
6907777831995_camera1-26.jpg 23 1313.72 1114.68 661.34 634.6 1304.77 960.16
6907777831995_camera1-27.jpg 23 1291.48 1105.98 668.24 625.02 1246.48 961.93
6907777831995_camera1-28.jpg 23 1263.74 1101.53 690.28 626.71 1146.93 949.64
6907777831995_camera1-2.jpg 23 1270.42 1150.87 627.88 740.19 1285.08 821.35
6907777831995_camera1-29.jpg 23 1246.72 1108.0 731.39 638.03 1030.65 939.94
6907777831995_camera1-31.jpg 23 1326.88 1100.22 866.53 616.19 920.7 968.05
6907777831995_camera1-30.jpg 23 1249.88 1119.12 795.62 658.12 908.53 922.01
6907777831995_camera1-32.jpg 23 1327.99 1105.98 821.85 609.91 1012.29 992.15
6907777831995_camera1-34.jpg 23 1287.42 1113.37 661.34 576.73 1252.16 1073.28
6907777831995_camera1-35.jpg 23 1261.84 1121.24 602.72 580.82 1318.23 1080.83
6907777831995_camera1-37.jpg 23 1208.55 1118.26 528.12 612.99 1360.87 1010.55
6907777831995_camera1-33.jpg 23 1308.47 1112.05 732.37 584.62 1152.19 1054.86
6907777831995_camera1-36.jpg 23 1234.83 1119.83 557.45 592.28 1354.76 1055.1
6907777831995_camera1-3.jpg 23 1263.61 1174.9 597.09 713.3 1333.03 923.21
6907777831995_camera1-38.jpg 23 1183.51 1118.62 503.51 647.75 1360.01 941.75
6907777831995_camera1-5.jpg 23 1224.44 1220.01 534.38 670.47 1380.12 1099.09
6907777831995_camera1-39.jpg 23 1168.1 1103.45 514.64 680.41 1306.91 846.09
6907777831995_camera1-40.jpg 23 1183.28 1095.72 539.29 720.81 1287.99 749.83
6907777831995_camera1-4.jpg 23 1244.4 1200.23 559.7 692.89 1369.4 1014.68
6907777831995_camera1-7.jpg 23 1197.99 1233.07 542.97 655.65 1310.03 1154.83
6907777831995_camera1-8.jpg 23 1198.31 1233.14 592.7 660.27 1211.22 1145.75
6907777831995_camera1-6.jpg 23 1214.67 1230.62 534.78 655.23 1359.79 1150.79
6907777831995_camera1-9.jpg 23 1200.55 1233.45 651.13 681.78 1098.85 1103.35
6907777831995_camera2-10.jpg 23 1332.78 878.43 784.19 466.79 1097.17 823.29
6907777831995_camera2-11.jpg 23 1322.93 845.05 779.72 458.35 1086.43 773.39
6907777831995_camera2-12.jpg 23 1336.81 839.05 771.49 383.27 1130.64 911.56
6907777831995_camera2-13.jpg 23 1333.46 829.26 727.11 318.93 1212.7 1020.67
6907777831995_camera2-14.jpg 23 1329.12 819.62 706.67 255.07 1244.89 1129.09
6907777831995_camera2-15.jpg 23 1321.7 816.39 706.02 222.11 1231.37 1188.56
6907777831995_camera2-17.jpg 23 1299.26 806.9 721.85 190.03 1154.83 1233.74
6907777831995_camera2-16.jpg 23 1308.64 810.13 698.42 188.65 1220.44 1242.96
6907777831995_camera2-1.jpg 23 1295.32 927.9 869.16 379.43 852.31 1096.95
6907777831995_camera2-20.jpg 23 1271.34 800.03 857.1 259.89 828.47 1080.28
6907777831995_camera2-18.jpg 23 1290.05 801.64 750.78 190.03 1078.54 1223.22
6907777831995_camera2-19.jpg 23 1280.17 800.15 794.76 216.31 970.82 1167.69
6907777831995_camera2-23.jpg 23 1229.79 806.32 721.12 201.97 1017.33 1208.7
6907777831995_camera2-21.jpg 23 1252.45 800.03 869.69 269.96 765.51 1060.13
6907777831995_camera2-22.jpg 23 1238.35 801.12 779.96 225.96 916.78 1150.32
6907777831995_camera2-24.jpg 23 1219.71 808.84 658.17 186.86 1123.09 1243.96
6907777831995_camera2-25.jpg 23 1214.44 818.38 615.48 192.4 1197.92 1251.97
6907777831995_camera2-29.jpg 23 1191.4 845.04 603.47 363.65 1175.87 962.79
6907777831995_camera2-2.jpg 23 1299.26 941.06 837.59 366.28 923.33 1149.56
6907777831995_camera2-27.jpg 23 1199.57 831.5 580.11 254.85 1238.92 1153.31
6907777831995_camera2-30.jpg 23 1191.7 852.26 642.6 437.3 1098.2 829.93
6907777831995_camera2-26.jpg 23 1197.98 820.06 579.8 218.97 1236.37 1202.18
6907777831995_camera2-28.jpg 23 1200.01 838.67 583.34 299.95 1233.34 1077.45
6907777831995_camera2-32.jpg 23 1203.35 895.71 627.95 426.08 1150.79 939.26
6907777831995_camera2-31.jpg 23 1201.93 880.56 671.87 489.92 1060.12 781.28
6907777831995_camera2-34.jpg 23 1205.6 918.86 583.15 343.7 1244.89 1150.32
6907777831995_camera2-35.jpg 23 1207.19 929.22 579.8 321.56 1254.79 1215.33
6907777831995_camera2-33.jpg 23 1205.87 907.05 605.29 388.31 1201.15 1037.47
6907777831995_camera2-38.jpg 23 1225.23 944.12 684.21 322.87 1082.04 1242.51
6907777831995_camera2-37.jpg 23 1221.82 938.24 643.4 309.77 1156.84 1256.93
6907777831995_camera2-3.jpg 23 1311.37 934.3 791.22 329.22 1040.3 1210.15
6907777831995_camera2-36.jpg 23 1213.76 933.17 600.84 297.89 1225.85 1270.57
6907777831995_camera2-39.jpg 23 1234.83 942.31 753.86 353.06 961.93 1178.49
6907777831995_camera2-40.jpg 23 1249.45 939.48 833.68 390.89 831.54 1097.17
6907777831995_camera2-5.jpg 23 1325.57 925.28 719.22 305.78 1212.7 1239.0
6907777831995_camera2-4.jpg 23 1319.1 929.47 750.69 307.99 1136.81 1242.96
6907777831995_camera2-8.jpg 23 1335.26 909.74 711.72 359.55 1247.09 1100.38
6907777831995_camera2-7.jpg 23 1327.99 912.09 700.98 335.43 1254.03 1153.31
6907777831995_camera2-6.jpg 23 1325.57 920.02 700.8 303.15 1249.53 1233.74
6907777831995_camera3-10.jpg 23 1485.14 1384.46 903.56 1099.03 1163.16 570.86
6907777831995_camera2-9.jpg 23 1333.03 889.42 746.31 408.46 1173.45 961.93
6907777831995_camera3-12.jpg 23 1569.1 1365.94 899.7 1102.31 1338.79 527.26
6907777831995_camera3-13.jpg 23 1550.01 1371.97 848.81 1103.87 1402.4 536.21
6907777831995_camera3-16.jpg 23 1470.25 1376.43 724.48 1118.63 1491.54 515.59
6907777831995_camera3-14.jpg 23 1530.7 1386.75 804.22 1116.05 1452.96 541.4
6907777831995_camera3-18.jpg 23 1432.1 1376.42 748.15 1165.98 1367.9 420.89
6907777831995_camera3-19.jpg 23 1481.03 1370.0 788.08 1180.4 1385.9 379.2
6907777831995_camera3-15.jpg 23 1502.61 1384.28 743.81 1125.23 1517.6 518.09
6907777831995_camera3-17.jpg 23 1451.38 1379.19 748.82 1153.82 1405.12 450.75
6907777831995_camera3-1.jpg 23 1400.53 1382.99 703.43 1147.56 1394.21 470.87
6907777831995_camera3-20.jpg 23 1524.91 1382.02 835.88 1204.45 1378.06 355.13
6907777831995_camera3-21.jpg 23 1542.03 1374.16 862.14 1191.6 1359.79 365.13
6907777831995_camera3-24.jpg 23 1433.42 1376.42 729.74 1139.67 1407.36 473.5
6907777831995_camera3-23.jpg 23 1475.99 1370.66 765.71 1154.53 1420.55 432.27
6907777831995_camera3-22.jpg 23 1514.97 1367.22 808.66 1171.24 1412.62 391.96
6907777831995_camera3-25.jpg 23 1396.85 1384.9 712.97 1145.67 1367.75 478.46
6907777831995_camera3-29.jpg 23 1354.36 1396.2 845.71 1099.77 1017.29 592.86
6907777831995_camera3-26.jpg 23 1362.4 1389.58 711.33 1144.93 1302.14 489.29
6907777831995_camera3-27.jpg 23 1341.85 1403.12 746.31 1146.27 1191.08 513.7
6907777831995_camera3-28.jpg 23 1315.05 1404.05 766.57 1123.89 1096.95 560.31
6907777831995_camera3-2.jpg 23 1389.27 1395.47 680.94 1148.42 1416.66 494.1
6907777831995_camera3-33.jpg 23 1417.14 1373.19 758.88 1072.55 1316.52 601.28
6907777831995_camera3-30.jpg 23 1433.42 1384.32 924.4 1092.32 1018.04 583.99
6907777831995_camera3-32.jpg 23 1445.09 1379.2 839.48 1083.32 1211.22 591.76
6907777831995_camera3-31.jpg 23 1461.76 1385.17 917.48 1085.05 1088.55 600.25
6907777831995_camera3-38.jpg 23 1247.97 1344.86 545.6 1116.0 1404.73 457.72
6907777831995_camera3-35.jpg 23 1342.93 1363.91 638.21 1083.32 1409.44 561.18
6907777831995_camera3-37.jpg 23 1267.69 1352.74 564.01 1102.84 1407.36 499.81
6907777831995_camera3-39.jpg 23 1291.7 1343.02 569.58 1129.82 1444.25 426.4
6907777831995_camera3-34.jpg 23 1385.37 1370.74 699.0 1079.36 1372.74 582.77
6907777831995_camera3-36.jpg 23 1294.01 1361.95 571.91 1089.69 1444.19 544.53
6907777831995_camera3-4.jpg 23 1336.17 1411.52 607.75 1127.74 1456.84 567.56
6907777831995_camera3-40.jpg 23 1339.03 1376.82 617.35 1151.64 1443.36 450.35
6907777831995_camera3-3.jpg 23 1354.51 1397.47 624.52 1134.41 1459.97 526.12
6907777831995_camera3-5.jpg 23 1311.32 1419.24 595.28 1122.81 1432.09 592.86
6907777831995_camera3-6.jpg 23 1290.76 1422.9 608.71 1117.49 1364.11 610.83
6907777831995_camera3-8.jpg 23 1259.61 1407.2 661.28 1097.72 1196.66 618.96
6907777831995_camera3-7.jpg 23 1295.32 1413.25 666.61 1102.84 1257.42 620.82
6907777831995_camera3-9.jpg 23 1361.08 1397.46 782.35 1097.58 1157.46 599.77
