6907777800151-back_camera0-10.jpg 24 1457.09 1259.37 658.71 971.32 1596.76 576.1
6907777800151-back_camera0-14.jpg 24 1657.02 1242.27 819.18 973.95 1675.68 536.64
6907777800151-back_camera0-13.jpg 24 1684.38 1246.4 866.95 972.62 1634.85 547.57
6907777800151-back_camera0-12.jpg 24 1710.75 1235.66 965.38 987.63 1490.74 496.07
6907777800151-back_camera0-11.jpg 24 1593.89 1250.16 803.4 976.58 1580.98 547.16
6907777800151-back_camera0-18.jpg 24 1525.03 1221.14 715.63 979.57 1618.81 483.14
6907777800151-back_camera0-15.jpg 24 1629.13 1249.21 786.98 980.13 1684.3 538.17
6907777800151-back_camera0-16.jpg 24 1581.07 1245.74 748.82 985.11 1664.49 521.25
6907777800151-back_camera0-20.jpg 24 1562.32 1205.44 740.26 981.84 1644.11 447.2
6907777800151-back_camera0-17.jpg 24 1536.51 1238.58 712.39 982.85 1648.23 511.46
6907777800151-back_camera0-1.jpg 24 1324.22 1207.96 494.49 957.41 1659.45 501.11
6907777800151-back_camera0-21.jpg 24 1601.78 1189.66 800.77 971.32 1602.02 436.68
6907777800151-back_camera0-25.jpg 24 1495.95 1160.02 702.91 981.01 1586.08 358.02
6907777800151-back_camera0-19.jpg 24 1548.33 1211.74 741.27 982.59 1614.12 458.3
6907777800151-back_camera0-23.jpg 24 1597.84 1164.67 803.4 971.32 1588.87 386.7
6907777800151-back_camera0-22.jpg 24 1650.32 1163.89 889.84 982.59 1520.95 362.61
6907777800151-back_camera0-24.jpg 24 1553.11 1158.08 748.15 966.05 1609.92 384.06
6907777800151-back_camera0-28.jpg 24 1321.03 1160.08 605.81 974.47 1430.44 371.22
6907777800151-back_camera0-27.jpg 24 1361.08 1159.39 592.95 968.68 1536.26 381.43
6907777800151-back_camera0-26.jpg 24 1426.2 1160.12 648.1 980.07 1556.21 360.09
6907777800151-back_camera0-29.jpg 24 1268.38 1169.1 592.62 967.33 1351.51 403.53
6907777800151-back_camera0-35.jpg 24 1313.25 1229.59 507.7 982.24 1611.11 494.69
6907777800151-back_camera0-32.jpg 24 1441.32 1201.5 771.83 976.58 1338.97 449.83
6907777800151-back_camera0-2.jpg 24 1385.91 1234.4 565.0 964.96 1641.82 538.88
6907777800151-back_camera0-33.jpg 24 1418.12 1212.94 700.43 984.43 1435.39 457.02
6907777800151-back_camera0-31.jpg 24 1372.91 1189.66 695.54 973.95 1354.75 431.42
6907777800151-back_camera0-30.jpg 24 1313.07 1181.16 650.44 982.59 1325.26 397.15
6907777800151-back_camera0-34.jpg 24 1375.39 1221.31 612.44 977.36 1525.9 487.89
6907777800151-back_camera0-36.jpg 24 1280.85 1231.75 464.05 979.21 1633.59 505.07
6907777800151-back_camera0-3.jpg 24 1413.61 1244.48 565.0 962.45 1697.22 564.06
6907777800151-back_camera0-38.jpg 24 1207.18 1223.86 387.76 971.32 1638.85 505.07
6907777800151-back_camera0-37.jpg 24 1250.15 1228.73 419.58 979.46 1661.15 498.54
6907777800151-back_camera0-39.jpg 24 1193.28 1226.85 401.32 980.07 1583.91 493.55
6907777800151-back_camera0-6.jpg 24 1367.66 1287.6 483.73 964.13 1767.86 646.93
6907777800151-back_camera0-40.jpg 24 1258.48 1210.7 424.59 979.21 1667.79 462.98
6907777800151-back_camera0-4.jpg 24 1400.46 1259.97 517.91 965.46 1765.1 589.01
6907777800151-back_camera0-5.jpg 24 1390.94 1269.65 507.08 967.48 1767.73 604.35
6907777800151-back_camera0-8.jpg 24 1328.19 1277.78 508.77 960.79 1638.85 633.97
6907777800151-back_camera0-7.jpg 24 1343.24 1281.57 484.76 970.7 1716.97 621.73
6907777800151-back_camera1-10.jpg 24 1403.17 1319.87 758.68 758.24 1288.99 1123.26
6907777800151-back_camera0-9.jpg 24 1343.11 1272.18 582.63 975.04 1520.95 594.28
6907777800151-back_camera1-13.jpg 24 1451.59 1309.03 698.17 674.06 1506.84 1269.94
6907777800151-back_camera1-11.jpg 24 1481.26 1338.54 839.52 754.21 1283.49 1168.65
6907777800151-back_camera1-15.jpg 24 1410.03 1308.6 642.01 673.2 1536.04 1270.8
6907777800151-back_camera1-16.jpg 24 1377.1 1279.73 622.92 672.86 1508.36 1213.74
6907777800151-back_camera1-12.jpg 24 1472.53 1335.09 771.92 726.17 1401.22 1217.83
6907777800151-back_camera1-17.jpg 24 1366.34 1245.27 633.99 677.2 1464.69 1136.14
6907777800151-back_camera1-14.jpg 24 1428.72 1313.2 673.28 682.93 1510.88 1260.55
6907777800151-back_camera1-18.jpg 24 1380.45 1182.22 665.21 702.77 1430.49 958.9
6907777800151-back_camera1-19.jpg 24 1412.5 1127.46 707.92 679.09 1409.16 896.74
6907777800151-back_camera1-22.jpg 24 1429.84 1116.44 723.07 619.8 1413.53 993.29
6907777800151-back_camera1-21.jpg 24 1456.36 1100.85 775.72 649.92 1361.28 901.85
6907777800151-back_camera1-1.jpg 24 1222.41 1292.89 490.0 768.37 1464.82 1049.05
6907777800151-back_camera1-23.jpg 24 1387.38 1121.26 656.08 581.99 1462.6 1078.54
6907777800151-back_camera1-20.jpg 24 1429.94 1105.06 741.83 692.19 1376.22 825.73
6907777800151-back_camera1-24.jpg 24 1349.24 1125.21 611.36 566.21 1475.76 1118.0
6907777800151-back_camera1-25.jpg 24 1295.82 1140.01 566.71 568.17 1458.22 1143.67
6907777800151-back_camera1-29.jpg 24 1199.57 1100.94 622.92 637.61 1153.31 926.67
6907777800151-back_camera1-31.jpg 24 1276.97 1158.97 668.04 633.91 1217.86 1050.13
6907777800151-back_camera1-27.jpg 24 1215.09 1125.2 542.97 579.36 1344.23 1091.69
6907777800151-back_camera1-26.jpg 24 1251.01 1134.1 544.59 572.04 1412.85 1124.12
6907777800151-back_camera1-30.jpg 24 1246.16 1122.35 665.73 637.61 1160.86 969.48
6907777800151-back_camera1-28.jpg 24 1184.83 1118.62 558.75 595.14 1252.16 1046.97
6907777800151-back_camera1-2.jpg 24 1242.71 1335.34 468.46 726.67 1548.5 1217.33
6907777800151-back_camera1-32.jpg 24 1257.59 1189.54 587.74 615.93 1339.7 1147.22
6907777800151-back_camera1-33.jpg 24 1234.59 1212.92 512.62 609.46 1443.93 1206.92
6907777800151-back_camera1-36.jpg 24 1148.03 1240.98 378.89 631.28 1538.28 1219.4
6907777800151-back_camera1-34.jpg 24 1196.16 1222.21 439.52 585.16 1513.28 1274.11
6907777800151-back_camera1-37.jpg 24 1131.58 1234.41 383.69 652.72 1495.77 1163.38
6907777800151-back_camera1-35.jpg 24 1167.49 1237.13 394.66 615.4 1545.66 1243.46
6907777800151-back_camera1-38.jpg 24 1119.07 1234.37 395.66 695.1 1446.82 1078.54
6907777800151-back_camera1-39.jpg 24 1136.54 1218.6 442.68 731.26 1387.71 974.68
6907777800151-back_camera1-3.jpg 24 1253.35 1324.97 468.23 707.39 1570.24 1235.16
6907777800151-back_camera1-7.jpg 24 1228.51 1322.07 487.06 700.15 1482.89 1243.85
6907777800151-back_camera1-4.jpg 24 1238.03 1321.57 438.98 699.15 1598.09 1244.85
6907777800151-back_camera1-6.jpg 24 1222.97 1311.6 453.53 680.82 1538.89 1261.55
6907777800151-back_camera1-5.jpg 24 1229.79 1319.19 439.09 694.39 1581.39 1249.61
6907777800151-back_camera1-9.jpg 24 1305.84 1325.13 653.08 738.32 1305.52 1173.62
6907777800151-back_camera1-40.jpg 24 1192.85 1266.68 485.26 784.56 1415.17 964.24
6907777800151-back_camera1-8.jpg 24 1241.05 1327.24 563.13 710.48 1355.83 1233.52
6907777800151-back_camera2-10.jpg 24 1384.76 781.91 803.4 300.52 1162.72 962.79
6907777800151-back_camera2-12.jpg 24 1354.79 774.66 708.35 174.63 1292.88 1200.07
6907777800151-back_camera2-14.jpg 24 1314.32 775.23 626.25 98.74 1376.13 1352.97
6907777800151-back_camera2-13.jpg 24 1335.55 774.84 655.65 113.83 1359.79 1322.02
6907777800151-back_camera2-11.jpg 24 1365.03 776.65 740.26 229.49 1249.53 1094.32
6907777800151-back_camera2-15.jpg 24 1293.99 776.11 615.36 96.21 1357.27 1359.79
6907777800151-back_camera2-16.jpg 24 1275.66 782.67 610.19 105.42 1330.93 1354.51
6907777800151-back_camera2-17.jpg 24 1253.71 786.18 632.99 136.5 1241.44 1299.36
6907777800151-back_camera2-19.jpg 24 1206.42 763.39 710.13 178.4 992.59 1169.99
6907777800151-back_camera2-21.jpg 24 1184.9 773.63 642.52 163.79 1084.77 1219.69
6907777800151-back_camera2-18.jpg 24 1221.66 783.23 674.5 171.62 1094.32 1223.22
6907777800151-back_camera2-1.jpg 24 1360.73 980.08 814.3 363.13 1092.87 1233.89
6907777800151-back_camera2-23.jpg 24 1170.97 814.78 527.1 142.04 1287.73 1345.48
6907777800151-back_camera2-20.jpg 24 1195.36 745.09 713.96 174.25 962.79 1141.67
6907777800151-back_camera2-22.jpg 24 1176.91 796.25 577.59 151.61 1198.63 1289.28
6907777800151-back_camera2-24.jpg 24 1169.05 830.58 495.62 145.31 1346.86 1370.53
6907777800151-back_camera2-27.jpg 24 1169.55 892.71 508.02 267.85 1323.07 1249.71
6907777800151-back_camera2-25.jpg 24 1166.83 850.39 479.38 174.27 1374.9 1352.24
6907777800151-back_camera2-29.jpg 24 1146.36 921.01 562.38 429.67 1167.96 982.68
6907777800151-back_camera2-26.jpg 24 1167.74 870.04 482.47 213.71 1370.53 1312.66
6907777800151-back_camera2-30.jpg 24 1150.47 948.6 567.52 461.34 1165.9 974.52
6907777800151-back_camera2-2.jpg 24 1375.55 959.48 742.89 292.63 1265.31 1333.7
6907777800151-back_camera2-31.jpg 24 1176.2 956.2 560.25 402.81 1231.91 1106.79
6907777800151-back_camera2-28.jpg 24 1170.61 899.5 547.37 325.36 1246.48 1148.27
6907777800151-back_camera2-33.jpg 24 1201.92 970.0 521.92 297.89 1360.01 1344.23
6907777800151-back_camera2-35.jpg 24 1244.9 976.3 567.52 285.07 1354.76 1382.46
6907777800151-back_camera2-32.jpg 24 1190.1 962.11 527.19 334.71 1325.81 1254.79
6907777800151-back_camera2-34.jpg 24 1220.64 975.23 534.22 294.05 1372.85 1362.37
6907777800151-back_camera2-37.jpg 24 1273.3 976.86 652.79 310.99 1241.03 1331.74
6907777800151-back_camera2-36.jpg 24 1256.22 975.04 600.25 287.59 1311.95 1374.9
6907777800151-back_camera2-39.jpg 24 1302.61 983.1 789.47 386.87 1026.27 1192.45
6907777800151-back_camera2-38.jpg 24 1292.68 970.0 724.48 339.98 1136.41 1260.05
6907777800151-back_camera2-40.jpg 24 1351.91 993.92 862.14 398.38 979.55 1191.08
6907777800151-back_camera2-3.jpg 24 1370.72 944.55 711.62 265.23 1318.21 1358.63
6907777800151-back_camera2-4.jpg 24 1370.28 939.75 695.54 232.12 1349.49 1415.25
6907777800151-back_camera2-7.jpg 24 1359.08 873.32 691.2 243.72 1335.76 1259.19
6907777800151-back_camera2-5.jpg 24 1377.1 912.08 690.91 227.15 1372.38 1369.87
6907777800151-back_camera2-9.jpg 24 1366.34 830.58 753.42 308.41 1225.85 1044.34
6907777800151-back_camera2-8.jpg 24 1355.75 855.47 721.35 269.35 1268.8 1172.24
6907777800151-back_camera3-10.jpg 24 1639.7 1520.09 896.11 1128.72 1487.19 782.73
6907777800151-back_camera2-6.jpg 24 1363.96 897.94 680.72 232.07 1366.48 1331.74
6907777800151-back_camera3-11.jpg 24 1650.43 1535.33 873.57 1137.63 1553.72 795.4
6907777800151-back_camera3-12.jpg 24 1628.61 1537.47 822.41 1130.94 1612.39 813.06
6907777800151-back_camera3-14.jpg 24 1534.69 1513.22 703.43 1110.74 1662.53 804.96
6907777800151-back_camera3-13.jpg 24 1568.47 1535.32 751.34 1131.16 1634.27 808.32
6907777800151-back_camera3-16.jpg 24 1482.09 1469.8 671.87 1102.84 1620.44 733.93
6907777800151-back_camera3-15.jpg 24 1508.47 1509.33 705.64 1128.69 1605.65 761.28
6907777800151-back_camera3-17.jpg 24 1501.74 1438.37 708.53 1100.94 1586.42 674.86
6907777800151-back_camera3-19.jpg 24 1587.31 1351.43 816.55 1076.54 1541.52 549.79
6907777800151-back_camera3-18.jpg 24 1550.38 1381.96 758.09 1084.73 1584.58 594.46
6907777800151-back_camera3-21.jpg 24 1573.97 1354.22 804.02 1063.57 1539.89 581.31
6907777800151-back_camera3-20.jpg 24 1606.25 1337.65 852.07 1065.69 1508.36 543.92
6907777800151-back_camera3-1.jpg 24 1370.28 1519.79 514.03 1108.11 1712.51 823.37
6907777800151-back_camera3-22.jpg 24 1515.2 1357.75 741.57 1055.71 1547.27 604.08
6907777800151-back_camera3-25.jpg 24 1344.36 1375.42 600.25 1058.13 1488.22 634.57
6907777800151-back_camera3-23.jpg 24 1461.87 1369.69 676.53 1054.57 1570.68 630.25
6907777800151-back_camera3-24.jpg 24 1399.76 1372.9 627.95 1055.62 1543.62 634.57
6907777800151-back_camera3-28.jpg 24 1277.57 1354.1 624.93 1057.14 1305.27 593.91
6907777800151-back_camera3-26.jpg 24 1290.22 1365.35 590.18 1053.1 1400.08 624.5
6907777800151-back_camera3-33.jpg 24 1316.36 1469.82 521.92 1063.39 1588.87 812.85
6907777800151-back_camera3-2.jpg 24 1362.33 1534.2 487.48 1126.13 1749.7 816.14
6907777800151-back_camera3-29.jpg 24 1375.97 1394.95 713.76 1061.72 1324.42 666.46
6907777800151-back_camera3-31.jpg 24 1397.24 1434.6 688.39 1065.69 1417.71 737.81
6907777800151-back_camera3-27.jpg 24 1251.91 1348.8 592.95 1042.34 1317.92 612.93
6907777800151-back_camera3-30.jpg 24 1415.26 1407.1 755.04 1061.59 1320.45 691.02
6907777800151-back_camera3-37.jpg 24 1164.33 1465.88 383.48 1110.2 1561.69 711.37
6907777800151-back_camera3-32.jpg 24 1346.61 1460.61 582.43 1073.91 1528.37 773.39
6907777800151-back_camera3-36.jpg 24 1194.53 1466.07 391.25 1098.42 1606.57 735.3
6907777800151-back_camera3-35.jpg 24 1213.15 1478.26 394.61 1092.01 1637.09 772.51
6907777800151-back_camera3-34.jpg 24 1265.07 1481.65 448.27 1076.54 1633.59 810.22
6907777800151-back_camera3-38.jpg 24 1234.82 1453.48 423.98 1123.61 1621.68 659.75
6907777800151-back_camera3-39.jpg 24 1306.46 1486.5 485.51 1130.4 1641.9 712.2
6907777800151-back_camera3-3.jpg 24 1356.57 1534.82 487.35 1127.27 1738.44 815.1
6907777800151-back_camera3-4.jpg 24 1326.74 1535.06 461.76 1126.12 1729.96 817.88
6907777800151-back_camera3-40.jpg 24 1358.2 1528.68 524.42 1131.64 1667.57 794.08
6907777800151-back_camera3-6.jpg 24 1295.39 1537.67 489.84 1131.53 1611.11 812.29
6907777800151-back_camera3-5.jpg 24 1323.31 1531.07 461.42 1126.52 1723.78 809.09
6907777800151-back_camera3-7.jpg 24 1309.11 1538.84 565.0 1133.68 1488.22 810.32
6907777800151-back_camera3-8.jpg 24 1424.24 1537.41 652.86 1139.92 1542.77 794.97
6907777800151_camera0-10.jpg 24 1322.22 1153.81 595.14 927.16 1454.16 453.29
6907777800151-back_camera3-9.jpg 24 1541.28 1498.75 782.35 1129.15 1517.85 739.19
6907777800151_camera0-11.jpg 24 1419.91 1153.83 675.8 929.71 1488.22 448.23
6907777800151_camera0-13.jpg 24 1591.12 1151.85 839.47 935.3 1503.31 433.09
6907777800151_camera0-15.jpg 24 1535.74 1155.08 713.57 937.26 1644.34 435.64
6907777800151_camera0-12.jpg 24 1508.39 1151.51 753.42 918.7 1509.95 465.61
6907777800151_camera0-16.jpg 24 1500.78 1162.81 647.97 943.61 1705.62 438.4
6907777800151_camera0-14.jpg 24 1571.35 1155.27 765.15 937.44 1612.39 435.66
6907777800151_camera0-19.jpg 24 1412.35 1162.63 587.66 949.85 1649.38 425.56
6907777800151_camera0-17.jpg 24 1462.36 1162.04 600.84 942.38 1723.03 439.31
6907777800151_camera0-18.jpg 24 1427.3 1167.19 589.02 952.57 1676.55 429.24
6907777800151_camera0-21.jpg 24 1470.27 1170.19 648.1 959.93 1644.34 420.53
6907777800151_camera0-20.jpg 24 1426.79 1166.17 611.84 952.86 1629.89 426.62
6907777800151_camera0-1.jpg 24 1388.32 1149.28 570.89 919.1 1634.85 460.36
6907777800151_camera0-22.jpg 24 1540.78 1166.41 728.68 952.37 1624.2 428.08
6907777800151_camera0-26.jpg 24 1458.89 1167.84 620.62 947.44 1676.55 440.79
6907777800151_camera0-24.jpg 24 1547.3 1164.92 727.57 952.34 1639.45 425.16
6907777800151_camera0-23.jpg 24 1574.78 1166.41 784.08 952.37 1581.39 428.08
6907777800151_camera0-25.jpg 24 1496.55 1156.78 656.08 939.75 1680.94 434.05
6907777800151_camera0-27.jpg 24 1419.12 1166.66 597.2 944.34 1643.83 444.64
6907777800151_camera0-29.jpg 24 1336.09 1164.66 592.95 937.12 1486.28 455.09
6907777800151_camera0-30.jpg 24 1340.85 1162.89 643.19 943.81 1395.32 438.16
6907777800151_camera0-32.jpg 24 1556.03 1162.05 861.43 941.79 1389.2 440.52
6907777800151_camera0-33.jpg 24 1539.95 1160.72 792.87 939.75 1494.17 441.94
6907777800151_camera0-28.jpg 24 1360.91 1164.26 583.89 947.34 1554.05 433.84
6907777800151_camera0-35.jpg 24 1454.47 1158.09 627.15 931.86 1654.64 452.46
6907777800151_camera0-31.jpg 24 1424.22 1163.73 713.59 944.53 1421.25 438.4
6907777800151_camera0-2.jpg 24 1425.66 1148.78 616.26 927.55 1618.8 442.47
6907777800151_camera0-36.jpg 24 1435.19 1159.86 596.44 937.35 1677.5 445.02
6907777800151_camera0-37.jpg 24 1388.43 1158.86 552.41 932.23 1672.04 453.26
6907777800151_camera0-34.jpg 24 1513.06 1155.79 715.34 938.0 1595.43 435.57
6907777800151_camera0-38.jpg 24 1340.03 1159.39 508.77 923.96 1662.53 470.87
6907777800151_camera0-39.jpg 24 1318.23 1161.45 511.74 932.33 1612.98 458.25
6907777800151_camera0-4.jpg 24 1466.49 1143.75 653.13 922.16 1626.71 443.19
6907777800151_camera0-40.jpg 24 1320.37 1157.55 515.23 932.34 1610.28 450.42
6907777800151_camera0-3.jpg 24 1467.75 1148.79 660.69 927.19 1614.12 443.19
6907777800151_camera0-8.jpg 24 1317.67 1134.41 508.77 902.92 1617.81 462.98
6907777800151_camera0-6.jpg 24 1407.31 1151.31 572.55 929.71 1669.52 443.19
6907777800151_camera0-5.jpg 24 1432.76 1139.49 599.29 915.25 1666.93 448.49
6907777800151_camera0-7.jpg 24 1357.14 1139.67 527.19 910.81 1659.9 457.72
6907777800151_camera0-9.jpg 24 1307.85 1150.05 549.89 924.67 1515.92 450.75
6907777800151_camera1-10.jpg 24 1261.12 1144.93 569.27 645.12 1383.69 999.62
6907777800151_camera1-11.jpg 24 1364.23 1165.53 686.78 677.22 1354.9 976.61
6907777800151_camera1-13.jpg 24 1409.28 1167.62 651.36 617.43 1515.83 1100.38
6907777800151_camera1-16.jpg 24 1331.78 1175.23 499.53 594.8 1664.49 1160.86
6907777800151_camera1-14.jpg 24 1386.07 1180.44 582.43 592.51 1607.29 1175.87
6907777800151_camera1-12.jpg 24 1417.64 1143.62 724.48 631.97 1386.32 1023.3
6907777800151_camera1-15.jpg 24 1372.06 1182.78 549.89 594.8 1644.34 1175.97
6907777800151_camera1-18.jpg 24 1289.88 1154.95 515.13 645.82 1549.51 1018.25
6907777800151_camera1-23.jpg 24 1399.22 1076.53 595.58 460.98 1607.29 1231.11
6907777800151_camera1-17.jpg 24 1320.44 1167.67 509.6 612.42 1621.68 1110.5
6907777800151_camera1-22.jpg 24 1409.74 1073.9 635.04 510.96 1549.41 1125.89
6907777800151_camera1-20.jpg 24 1329.88 1089.07 581.11 632.88 1497.54 912.38
6907777800151_camera1-21.jpg 24 1393.2 1072.49 652.06 579.49 1482.29 985.99
6907777800151_camera1-1.jpg 24 1268.82 1070.72 524.71 604.87 1488.22 931.71
6907777800151_camera1-19.jpg 24 1276.9 1146.25 519.29 671.43 1515.22 949.64
6907777800151_camera1-24.jpg 24 1373.35 1106.23 563.78 469.59 1619.13 1273.29
6907777800151_camera1-25.jpg 24 1336.81 1109.75 529.75 451.26 1614.12 1316.98
6907777800151_camera1-27.jpg 24 1269.01 1098.9 498.25 439.94 1541.52 1317.92
6907777800151_camera1-26.jpg 24 1303.01 1113.46 506.86 444.7 1592.3 1337.53
6907777800151_camera1-29.jpg 24 1233.37 1078.54 589.98 477.82 1286.77 1201.43
6907777800151_camera1-31.jpg 24 1356.95 1074.5 748.82 511.7 1216.26 1125.61
6907777800151_camera1-28.jpg 24 1245.34 1091.01 535.08 455.72 1420.51 1270.57
6907777800151_camera1-2.jpg 24 1294.59 1136.29 539.08 657.96 1511.01 956.65
6907777800151_camera1-30.jpg 24 1272.59 1064.43 658.17 509.18 1228.85 1110.5
6907777800151_camera1-34.jpg 24 1292.68 1117.32 498.25 439.94 1588.87 1354.75
6907777800151_camera1-32.jpg 24 1356.51 1093.51 660.35 470.34 1392.31 1246.35
6907777800151_camera1-33.jpg 24 1331.77 1108.5 590.18 458.82 1483.18 1299.36
6907777800151_camera1-38.jpg 24 1176.94 1088.38 393.03 479.4 1567.83 1217.96
6907777800151_camera1-36.jpg 24 1226.74 1109.49 410.6 450.23 1632.28 1318.53
6907777800151_camera1-37.jpg 24 1200.83 1095.9 398.8 468.89 1604.05 1254.03
6907777800151_camera1-35.jpg 24 1259.22 1115.68 439.52 428.61 1639.39 1374.13
6907777800151_camera1-3.jpg 24 1301.56 1142.49 529.75 622.5 1543.62 1039.99
6907777800151_camera1-39.jpg 24 1156.27 1067.31 414.07 516.0 1484.39 1102.62
6907777800151_camera1-4.jpg 24 1273.31 1158.66 466.54 597.98 1613.53 1121.37
6907777800151_camera1-40.jpg 24 1204.56 1048.91 456.16 550.42 1496.8 996.99
6907777800151_camera1-5.jpg 24 1236.31 1168.69 422.09 586.42 1628.43 1164.54
6907777800151_camera1-6.jpg 24 1217.19 1161.38 411.39 574.65 1611.61 1173.45
6907777800151_camera1-8.jpg 24 1173.0 1152.82 437.75 595.14 1470.5 1115.37
6907777800151_camera2-11.jpg 24 1325.47 834.02 711.05 302.69 1228.85 1062.65
6907777800151_camera1-9.jpg 24 1164.64 1146.24 487.19 613.54 1354.9 1065.39
6907777800151_camera1-7.jpg 24 1184.34 1163.5 406.21 589.73 1556.25 1147.54
6907777800151_camera2-12.jpg 24 1318.99 824.0 653.45 216.34 1331.07 1215.33
6907777800151_camera2-13.jpg 24 1322.93 821.37 598.21 145.31 1449.45 1352.12
6907777800151_camera2-10.jpg 24 1317.92 890.67 695.94 373.2 1243.96 1034.95
6907777800151_camera2-15.jpg 24 1318.33 822.54 570.52 78.1 1495.62 1488.88
6907777800151_camera2-14.jpg 24 1317.05 823.34 576.32 99.98 1481.46 1446.72
6907777800151_camera2-17.jpg 24 1299.04 813.87 585.15 73.54 1427.78 1480.66
6907777800151_camera2-18.jpg 24 1282.16 810.85 640.3 103.22 1283.72 1415.25
6907777800151_camera2-1.jpg 24 1292.88 925.09 765.15 310.9 1055.46 1228.38
6907777800151_camera2-19.jpg 24 1282.2 814.03 684.53 139.03 1195.34 1350.0
6907777800151_camera2-16.jpg 24 1306.39 821.76 568.94 59.55 1474.89 1524.43
6907777800151_camera2-21.jpg 24 1250.59 804.94 718.36 180.65 1064.45 1248.59
6907777800151_camera2-26.jpg 24 1215.08 818.75 458.79 79.55 1512.58 1478.39
6907777800151_camera2-20.jpg 24 1282.66 803.8 763.93 181.82 1037.47 1243.96
6907777800151_camera2-24.jpg 24 1228.51 812.81 515.88 68.74 1425.25 1488.13
6907777800151_camera2-27.jpg 24 1208.43 823.63 459.73 105.33 1497.41 1436.61
6907777800151_camera2-23.jpg 24 1229.79 815.14 559.96 98.73 1339.65 1432.82
6907777800151_camera2-28.jpg 24 1204.57 821.38 487.73 158.47 1433.67 1325.81
6907777800151_camera2-22.jpg 24 1240.47 813.18 620.67 128.25 1239.61 1369.86
6907777800151_camera2-25.jpg 24 1222.97 814.8 474.57 66.4 1496.8 1496.8
6907777800151_camera2-32.jpg 24 1220.97 898.24 532.26 272.48 1377.42 1251.51
6907777800151_camera2-30.jpg 24 1193.83 834.15 568.49 308.07 1250.68 1052.16
6907777800151_camera2-29.jpg 24 1201.93 828.53 523.74 228.93 1356.38 1199.19
6907777800151_camera2-31.jpg 24 1212.16 883.12 590.18 360.61 1243.96 1045.03
6907777800151_camera2-33.jpg 24 1211.47 905.82 487.06 220.7 1448.83 1370.23
6907777800151_camera2-2.jpg 24 1296.62 916.07 698.17 253.17 1196.91 1325.81
6907777800151_camera2-34.jpg 24 1215.62 911.0 464.79 180.38 1501.67 1461.25
6907777800151_camera2-37.jpg 24 1210.9 919.63 512.12 186.86 1397.56 1465.55
6907777800151_camera2-35.jpg 24 1200.99 924.15 455.62 173.54 1490.75 1501.23
6907777800151_camera2-38.jpg 24 1213.76 923.97 553.49 208.45 1320.55 1431.04
6907777800151_camera2-36.jpg 24 1212.15 917.12 479.38 171.75 1465.55 1490.74
6907777800151_camera2-3.jpg 24 1308.6 921.71 647.25 217.7 1322.7 1408.03
6907777800151_camera2-39.jpg 24 1219.03 921.34 606.1 250.54 1225.85 1341.6
6907777800151_camera2-40.jpg 24 1222.24 930.96 690.91 305.21 1062.65 1251.51
6907777800151_camera2-7.jpg 24 1309.78 914.76 564.01 216.34 1491.54 1396.84
6907777800151_camera2-8.jpg 24 1312.34 909.74 591.85 252.13 1440.97 1315.21
6907777800151_camera2-5.jpg 24 1311.63 918.38 570.04 179.31 1483.18 1478.15
6907777800151_camera2-4.jpg 24 1313.13 921.59 603.84 181.89 1418.59 1479.39
6907777800151_camera3-10.jpg 24 1495.24 1365.91 748.15 1118.63 1494.17 494.55
6907777800151_camera2-9.jpg 24 1309.71 901.88 625.91 301.91 1367.61 1199.94
6907777800151_camera2-6.jpg 24 1312.88 922.15 565.0 189.38 1495.77 1465.55
6907777800151_camera3-12.jpg 24 1543.94 1377.56 759.21 1116.36 1569.46 522.4
6907777800151_camera3-11.jpg 24 1557.06 1375.11 824.44 1123.89 1465.23 502.44
6907777800151_camera3-13.jpg 24 1511.4 1384.81 684.68 1111.48 1653.45 546.66
6907777800151_camera3-15.jpg 24 1440.06 1381.72 595.22 1111.02 1689.67 541.4
6907777800151_camera3-14.jpg 24 1468.94 1385.62 616.63 1105.47 1704.62 560.31
6907777800151_camera3-16.jpg 24 1395.45 1358.92 560.45 1080.89 1670.0 556.06
6907777800151_camera3-17.jpg 24 1385.69 1342.3 566.67 1059.35 1638.05 565.91
6907777800151_camera3-18.jpg 24 1409.74 1317.24 600.84 1018.67 1617.81 597.14
6907777800151_camera3-19.jpg 24 1451.38 1318.77 648.1 1015.33 1606.57 606.87
6907777800151_camera3-20.jpg 24 1511.83 1306.17 718.61 1000.22 1586.43 611.91
6907777800151_camera3-21.jpg 24 1548.04 1307.99 765.54 987.05 1565.0 641.88
6907777800151_camera3-1.jpg 24 1428.16 1304.08 616.63 1010.77 1623.07 586.62
6907777800151_camera3-22.jpg 24 1499.19 1311.98 669.24 976.58 1659.9 670.8
6907777800151_camera3-27.jpg 24 1316.67 1308.69 585.15 959.93 1463.04 697.52
6907777800151_camera3-23.jpg 24 1470.39 1317.87 635.97 967.54 1668.85 700.65
6907777800151_camera3-24.jpg 24 1428.16 1321.18 590.32 960.79 1675.68 720.78
6907777800151_camera3-26.jpg 24 1344.36 1323.8 575.07 967.48 1538.58 712.63
6907777800151_camera3-25.jpg 24 1374.57 1320.97 562.83 961.3 1623.48 719.35
6907777800151_camera3-29.jpg 24 1395.28 1308.03 692.91 981.84 1404.73 652.38
6907777800151_camera3-30.jpg 24 1481.27 1305.29 792.24 973.32 1378.06 663.94
6907777800151_camera3-28.jpg 24 1314.14 1306.17 630.47 975.04 1367.35 662.27
6907777800151_camera3-2.jpg 24 1435.01 1311.2 627.95 1035.47 1614.12 551.47
6907777800151_camera3-31.jpg 24 1504.45 1302.76 800.77 955.53 1407.36 694.47
6907777800151_camera3-36.jpg 24 1302.83 1317.86 486.96 963.13 1631.73 709.45
6907777800151_camera3-32.jpg 24 1481.1 1317.88 697.14 955.08 1567.91 725.61
6907777800151_camera3-35.jpg 24 1340.03 1322.49 511.4 955.53 1657.27 733.93
6907777800151_camera3-33.jpg 24 1447.61 1325.06 643.06 959.93 1609.09 730.26
6907777800151_camera3-39.jpg 24 1341.53 1310.97 522.99 990.96 1637.09 640.02
6907777800151_camera3-3.jpg 24 1397.9 1327.75 550.86 1052.86 1694.09 549.79
6907777800151_camera3-38.jpg 24 1291.48 1312.47 494.49 982.59 1593.98 659.75
6907777800151_camera3-34.jpg 24 1389.55 1318.72 558.01 951.07 1663.08 735.3
6907777800151_camera3-37.jpg 24 1262.43 1314.6 458.79 966.05 1607.29 697.1
6907777800151_camera3-40.jpg 24 1390.95 1307.43 570.04 1002.74 1641.82 609.39
6907777800151_camera3-7.jpg 24 1264.39 1369.06 510.4 1103.43 1507.99 531.26
6907777800151_camera3-9.jpg 24 1380.81 1377.74 624.52 1118.63 1512.58 518.22
6907777800151_camera3-6.jpg 24 1294.11 1359.77 491.2 1083.77 1605.81 552.0
6907777800151_camera3-4.jpg 24 1369.54 1352.75 534.78 1090.87 1669.52 523.77
6907777800151_camera3-5.jpg 24 1317.68 1363.27 487.73 1084.43 1659.9 557.68
6907777800151_camera3-8.jpg 24 1284.75 1375.24 562.93 1114.42 1443.64 521.64
