6907777808584-back_camera0-10.jpg 25 1358.45 1310.66 429.85 1042.34 1857.19 536.64
6907777808584-back_camera0-11.jpg 25 1530.92 1312.84 628.16 1035.5 1805.52 554.68
6907777808584-back_camera0-12.jpg 25 1637.28 1326.45 745.52 1029.19 1783.53 594.51
6907777808584-back_camera0-15.jpg 25 1593.66 1346.46 610.33 1048.06 1966.66 596.8
6907777808584-back_camera0-13.jpg 25 1635.88 1342.22 679.76 1037.08 1912.24 610.29
6907777808584-back_camera0-14.jpg 25 1614.94 1344.66 639.01 1032.88 1951.86 623.55
6907777808584-back_camera0-16.jpg 25 1567.22 1332.61 595.22 1045.54 1944.0 574.13
6907777808584-back_camera0-20.jpg 25 1645.09 1239.63 698.17 1044.97 1893.83 389.33
6907777808584-back_camera0-17.jpg 25 1537.33 1318.55 585.06 1039.71 1904.54 557.68
6907777808584-back_camera0-18.jpg 25 1605.03 1305.35 618.05 1051.59 1973.95 507.52
6907777808584-back_camera0-19.jpg 25 1633.9 1239.44 675.8 1053.1 1916.2 372.68
6907777808584-back_camera0-21.jpg 25 1684.64 1219.9 782.35 1047.6 1804.58 344.61
6907777808584-back_camera0-24.jpg 25 1601.7 1235.73 651.37 1041.63 1900.66 388.19
6907777808584-back_camera0-22.jpg 25 1662.28 1225.16 735.0 1037.08 1854.56 376.17
6907777808584-back_camera0-23.jpg 25 1645.23 1233.14 698.46 1048.06 1893.54 370.17
6907777808584-back_camera0-26.jpg 25 1483.97 1238.25 619.71 1039.99 1728.52 396.52
6907777808584-back_camera0-25.jpg 25 1529.44 1239.63 616.63 1042.34 1825.62 394.59
6907777808584-back_camera0-29.jpg 25 1456.42 1224.33 741.27 1050.58 1430.3 347.5
6907777808584-back_camera0-27.jpg 25 1434.47 1232.47 627.95 1039.99 1613.03 384.97
6907777808584-back_camera0-28.jpg 25 1397.24 1231.88 675.8 1050.58 1442.89 362.61
6907777808584-back_camera0-30.jpg 25 1538.64 1213.32 832.33 1047.6 1412.62 331.45
6907777808584-back_camera0-2.jpg 25 1329.93 1267.92 395.73 1047.85 1868.4 440.15
6907777808584-back_camera0-31.jpg 25 1607.51 1202.92 927.61 1048.06 1359.79 309.73
6907777808584-back_camera0-32.jpg 25 1558.38 1202.8 811.29 1042.34 1494.17 320.93
6907777808584-back_camera0-36.jpg 25 1297.0 1204.3 423.43 1043.73 1747.13 321.13
6907777808584-back_camera0-37.jpg 25 1231.05 1192.86 363.55 1048.06 1734.99 289.59
6907777808584-back_camera0-34.jpg 25 1442.57 1201.66 620.4 1045.54 1644.34 312.25
6907777808584-back_camera0-35.jpg 25 1361.38 1192.33 495.67 1040.74 1731.41 303.17
6907777808584-back_camera0-38.jpg 25 1215.4 1187.45 313.77 1040.36 1803.27 294.18
6907777808584-back_camera0-33.jpg 25 1499.23 1200.41 713.57 1043.03 1571.32 314.77
6907777808584-back_camera0-39.jpg 25 1240.1 1213.65 292.43 1041.86 1895.34 343.59
6907777808584-back_camera0-3.jpg 25 1312.89 1275.95 368.59 1045.54 1888.6 460.82
6907777808584-back_camera0-40.jpg 25 1270.08 1238.18 308.15 1048.06 1923.86 380.24
6907777808584-back_camera0-6.jpg 25 1145.97 1323.69 172.66 1035.5 1946.62 576.39
6907777808584-back_camera0-4.jpg 25 1257.49 1294.84 288.01 1048.06 1938.96 493.55
6907777808584-back_camera0-5.jpg 25 1189.2 1317.14 206.72 1035.5 1964.96 563.29
6907777808584-back_camera0-7.jpg 25 1117.49 1331.45 161.53 1035.72 1911.91 591.45
6907777808584-back_camera0-9.jpg 25 1193.27 1320.01 303.11 1045.54 1780.32 548.95
6907777808584-back_camera0-8.jpg 25 1093.76 1328.94 201.11 1033.63 1785.31 590.61
6907777808584-back_camera1-10.jpg 25 1368.71 1266.44 663.85 588.88 1409.72 1355.12
6907777808584-back_camera1-14.jpg 25 1396.52 1263.57 520.75 583.29 1751.54 1360.57
6907777808584-back_camera1-15.jpg 25 1388.32 1268.37 518.5 592.73 1739.64 1351.27
6907777808584-back_camera1-11.jpg 25 1387.49 1271.1 630.85 598.2 1513.28 1345.8
6907777808584-back_camera1-16.jpg 25 1380.36 1272.05 538.32 603.05 1684.08 1337.99
6907777808584-back_camera1-17.jpg 25 1385.16 1291.24 569.99 639.67 1630.35 1303.13
6907777808584-back_camera1-12.jpg 25 1400.4 1258.97 586.02 575.95 1628.76 1366.05
6907777808584-back_camera1-18.jpg 25 1439.99 1263.31 613.99 689.84 1652.01 1146.93
6907777808584-back_camera1-13.jpg 25 1399.22 1264.37 538.02 584.73 1722.4 1359.27
6907777808584-back_camera1-20.jpg 25 1524.17 1190.97 682.39 705.63 1683.57 970.68
6907777808584-back_camera1-19.jpg 25 1503.13 1206.75 674.5 729.3 1657.27 954.9
6907777808584-back_camera1-21.jpg 25 1497.26 1208.51 624.72 664.59 1745.07 1087.83
6907777808584-back_camera1-22.jpg 25 1462.8 1212.9 575.76 625.66 1774.08 1174.48
6907777808584-back_camera1-1.jpg 25 1205.88 1218.59 356.2 634.6 1699.36 1167.98
6907777808584-back_camera1-23.jpg 25 1420.47 1210.94 542.29 591.71 1756.36 1238.46
6907777808584-back_camera1-24.jpg 25 1375.09 1204.16 532.16 581.85 1685.87 1244.63
6907777808584-back_camera1-25.jpg 25 1343.04 1191.57 533.47 562.79 1619.13 1257.57
6907777808584-back_camera1-30.jpg 25 1418.95 1114.68 798.14 587.25 1241.63 1054.86
6907777808584-back_camera1-28.jpg 25 1291.41 1128.18 667.53 588.4 1247.77 1079.57
6907777808584-back_camera1-31.jpg 25 1378.17 1125.21 695.54 566.21 1365.27 1118.0
6907777808584-back_camera1-2.jpg 25 1180.03 1271.3 295.8 618.93 1768.46 1304.73
6907777808584-back_camera1-26.jpg 25 1306.59 1168.93 547.37 559.54 1518.44 1218.78
6907777808584-back_camera1-27.jpg 25 1291.37 1154.14 600.84 576.73 1381.06 1154.83
6907777808584-back_camera1-29.jpg 25 1370.62 1101.05 752.74 602.51 1235.76 997.08
6907777808584-back_camera1-32.jpg 25 1339.32 1129.9 605.29 549.47 1468.07 1160.86
6907777808584-back_camera1-35.jpg 25 1179.57 1117.31 374.61 547.79 1609.92 1139.04
6907777808584-back_camera1-34.jpg 25 1236.09 1124.87 444.13 536.88 1583.91 1175.97
6907777808584-back_camera1-36.jpg 25 1134.85 1102.85 329.89 568.84 1609.92 1068.02
6907777808584-back_camera1-37.jpg 25 1088.52 1095.01 291.31 608.82 1594.42 972.37
6907777808584-back_camera1-33.jpg 25 1278.22 1135.72 506.14 537.27 1544.15 1196.91
6907777808584-back_camera1-3.jpg 25 1138.6 1272.97 237.39 603.69 1802.42 1338.57
6907777808584-back_camera1-39.jpg 25 1164.87 1140.3 324.99 684.43 1679.76 911.74
6907777808584-back_camera1-38.jpg 25 1121.94 1083.78 304.68 653.64 1634.53 860.28
6907777808584-back_camera1-4.jpg 25 1111.72 1275.1 206.72 606.2 1810.01 1337.8
6907777808584-back_camera1-40.jpg 25 1211.13 1189.65 385.13 650.38 1652.01 1078.54
6907777808584-back_camera1-5.jpg 25 1077.55 1284.25 197.15 624.5 1760.79 1319.5
6907777808584-back_camera1-6.jpg 25 1063.52 1285.26 222.09 632.99 1682.87 1304.55
6907777808584-back_camera1-9.jpg 25 1229.62 1299.81 524.48 655.61 1410.28 1288.39
6907777808584-back_camera1-8.jpg 25 1075.46 1306.45 372.9 668.9 1405.12 1275.1
6907777808584-back_camera1-7.jpg 25 1064.75 1297.18 280.08 650.37 1569.35 1293.63
6907777808584-back_camera2-10.jpg 25 1395.28 898.97 663.98 337.34 1462.6 1123.26
6907777808584-back_camera2-12.jpg 25 1399.09 859.28 590.71 171.38 1616.75 1375.81
6907777808584-back_camera2-13.jpg 25 1391.34 835.84 577.17 111.11 1628.33 1449.45
6907777808584-back_camera2-11.jpg 25 1401.02 879.35 627.95 254.85 1546.13 1248.99
6907777808584-back_camera2-14.jpg 25 1389.62 819.36 581.37 71.36 1616.51 1495.99
6907777808584-back_camera2-15.jpg 25 1372.82 786.11 604.41 34.78 1536.81 1502.66
6907777808584-back_camera2-16.jpg 25 1351.3 769.79 615.43 22.45 1471.75 1494.68
6907777808584-back_camera2-1.jpg 25 1265.17 1004.07 620.67 215.46 1289.01 1577.21
6907777808584-back_camera2-17.jpg 25 1340.03 758.24 692.91 50.61 1294.25 1415.25
6907777808584-back_camera2-19.jpg 25 1326.74 755.96 834.44 93.69 984.59 1324.54
6907777808584-back_camera2-18.jpg 25 1323.57 752.55 755.41 84.46 1136.31 1336.17
6907777808584-back_camera2-21.jpg 25 1278.78 755.7 639.55 0.0 1278.46 1511.39
6907777808584-back_camera2-20.jpg 25 1306.49 759.79 734.13 33.41 1144.72 1452.76
6907777808584-back_camera2-22.jpg 25 1253.28 773.98 557.12 0.0 1392.32 1547.95
6907777808584-back_camera2-25.jpg 25 1178.16 768.55 429.02 23.18 1498.29 1490.74
6907777808584-back_camera2-23.jpg 25 1227.19 778.43 500.16 0.0 1454.07 1556.87
6907777808584-back_camera2-24.jpg 25 1206.06 773.33 460.29 0.0 1491.54 1546.66
6907777808584-back_camera2-26.jpg 25 1150.76 782.95 409.29 80.23 1482.94 1405.43
6907777808584-back_camera2-27.jpg 25 1138.12 787.92 416.32 144.72 1443.59 1286.39
6907777808584-back_camera2-28.jpg 25 1132.22 789.81 448.27 221.6 1367.9 1136.41
6907777808584-back_camera2-30.jpg 25 1153.27 833.01 432.41 265.98 1441.72 1134.06
6907777808584-back_camera2-32.jpg 25 1146.69 895.04 348.31 203.19 1596.76 1383.69
6907777808584-back_camera2-31.jpg 25 1145.41 865.58 378.52 226.68 1533.79 1277.79
6907777808584-back_camera2-33.jpg 25 1140.11 918.71 329.89 182.14 1620.44 1473.13
6907777808584-back_camera2-29.jpg 25 1148.03 803.82 469.84 312.02 1356.38 983.6
6907777808584-back_camera2-2.jpg 25 1284.8 1004.19 590.32 200.55 1388.95 1607.29
6907777808584-back_camera2-34.jpg 25 1145.97 946.42 348.2 186.64 1595.55 1519.57
6907777808584-back_camera2-36.jpg 25 1163.79 988.61 456.91 237.76 1413.75 1501.69
6907777808584-back_camera2-37.jpg 25 1169.21 1004.15 525.59 279.09 1287.24 1450.12
6907777808584-back_camera2-3.jpg 25 1314.95 1005.38 573.51 170.92 1482.89 1668.91
6907777808584-back_camera2-35.jpg 25 1151.22 975.25 392.74 210.22 1516.95 1530.05
6907777808584-back_camera2-38.jpg 25 1182.2 998.94 621.89 308.41 1120.63 1381.06
6907777808584-back_camera2-40.jpg 25 1247.96 995.0 661.34 247.91 1173.24 1494.17
6907777808584-back_camera2-39.jpg 25 1218.02 992.27 714.99 299.29 1006.06 1385.95
6907777808584-back_camera2-5.jpg 25 1358.45 994.99 595.58 216.34 1525.74 1557.3
6907777808584-back_camera2-4.jpg 25 1338.72 1005.51 577.17 195.29 1523.11 1620.44
6907777808584-back_camera3-12.jpg 25 1580.69 1508.28 620.67 1072.55 1920.05 871.45
6907777808584-back_camera2-9.jpg 25 1393.07 927.21 716.43 427.33 1353.29 999.77
6907777808584-back_camera2-6.jpg 25 1375.96 982.36 620.3 251.39 1511.33 1461.93
6907777808584-back_camera2-8.jpg 25 1392.64 951.59 703.43 355.76 1378.43 1191.65
6907777808584-back_camera2-7.jpg 25 1383.39 972.52 655.65 302.69 1455.48 1339.65
6907777808584-back_camera3-11.jpg 25 1594.92 1511.09 670.83 1078.17 1848.18 865.83
6907777808584-back_camera3-10.jpg 25 1591.88 1514.62 730.87 1085.24 1722.01 858.76
6907777808584-back_camera3-13.jpg 25 1552.76 1507.22 583.39 1075.08 1938.75 864.29
6907777808584-back_camera3-14.jpg 25 1529.45 1510.14 570.04 1078.28 1918.82 863.72
6907777808584-back_camera3-15.jpg 25 1503.24 1516.85 566.64 1089.69 1873.19 854.31
6907777808584-back_camera3-1.jpg 25 1278.35 1531.01 342.68 1121.45 1871.33 819.11
6907777808584-back_camera3-18.jpg 25 1650.45 1421.14 713.96 1137.04 1872.97 568.21
6907777808584-back_camera3-20.jpg 25 1650.68 1453.94 710.87 1135.06 1879.62 637.77
6907777808584-back_camera3-16.jpg 25 1557.3 1520.65 600.84 1108.11 1912.92 825.09
6907777808584-back_camera3-19.jpg 25 1685.52 1438.37 779.04 1143.75 1812.96 589.24
6907777808584-back_camera3-22.jpg 25 1553.81 1457.81 626.97 1103.92 1853.68 707.77
6907777808584-back_camera3-21.jpg 25 1617.57 1457.97 669.24 1116.0 1896.65 683.95
6907777808584-back_camera3-26.jpg 25 1362.87 1423.25 646.5 1089.77 1432.74 666.96
6907777808584-back_camera3-23.jpg 25 1500.49 1459.78 610.33 1095.91 1780.32 727.74
6907777808584-back_camera3-25.jpg 25 1392.64 1436.93 606.1 1081.8 1573.09 710.26
6907777808584-back_camera3-24.jpg 25 1447.61 1453.48 602.77 1098.42 1689.67 710.11
6907777808584-back_camera3-28.jpg 25 1491.29 1386.94 790.24 1102.84 1402.1 568.21
6907777808584-back_camera3-31.jpg 25 1467.75 1352.75 698.46 1085.83 1538.58 533.84
6907777808584-back_camera3-2.jpg 25 1224.66 1526.36 270.89 1117.12 1907.55 818.49
6907777808584-back_camera3-29.jpg 25 1564.69 1357.8 897.39 1095.91 1334.61 523.77
6907777808584-back_camera3-27.jpg 25 1418.95 1402.73 708.7 1094.95 1420.51 615.56
6907777808584-back_camera3-30.jpg 25 1524.41 1348.98 801.7 1090.87 1445.41 516.22
6907777808584-back_camera3-34.jpg 25 1284.8 1350.12 437.75 1089.69 1694.09 520.86
6907777808584-back_camera3-32.jpg 25 1406.05 1361.57 600.25 1090.87 1611.61 541.4
6907777808584-back_camera3-33.jpg 25 1341.9 1356.26 499.78 1089.02 1684.25 534.47
6907777808584-back_camera3-36.jpg 25 1179.57 1347.49 298.32 1116.0 1762.49 462.98
6907777808584-back_camera3-35.jpg 25 1205.87 1351.5 353.48 1111.02 1704.78 480.96
6907777808584-back_camera3-37.jpg 25 1221.66 1348.8 311.48 1137.04 1820.36 423.52
6907777808584-back_camera3-38.jpg 25 1237.86 1420.63 293.55 1132.06 1888.61 577.14
6907777808584-back_camera3-39.jpg 25 1274.27 1467.18 332.52 1131.78 1883.5 670.8
6907777808584-back_camera3-40.jpg 25 1304.48 1507.09 382.26 1124.58 1844.44 765.02
6907777808584-back_camera3-5.jpg 25 1087.36 1523.03 168.94 1102.05 1836.83 841.95
6907777808584-back_camera3-7.jpg 25 1143.97 1523.32 287.32 1102.63 1713.31 841.37
6907777808584-back_camera3-4.jpg 25 1118.46 1521.5 112.4 1103.62 2012.12 835.76
6907777808584-back_camera3-3.jpg 25 1178.16 1527.51 214.98 1111.02 1926.37 832.98
6907777808584-back_camera3-9.jpg 25 1511.42 1517.91 652.59 1098.28 1717.66 839.26
6907777808584-back_camera3-6.jpg 25 1072.61 1521.5 201.48 1103.62 1742.26 835.76
6907777808584_camera0-11.jpg 25 1497.87 1246.21 587.69 1052.86 1820.36 386.7
6907777808584-back_camera3-8.jpg 25 1308.63 1529.03 438.05 1114.06 1741.17 829.94
6907777808584_camera0-13.jpg 25 1690.37 1243.22 789.85 1047.85 1801.03 390.75
6907777808584_camera0-10.jpg 25 1351.05 1240.95 452.6 1038.3 1796.89 405.31
6907777808584_camera0-12.jpg 25 1626.76 1243.58 740.26 1039.71 1773.01 407.74
6907777808584_camera0-14.jpg 25 1660.47 1243.48 730.26 1042.7 1860.42 401.55
6907777808584_camera0-16.jpg 25 1587.31 1246.21 585.06 1031.82 2004.5 428.78
6907777808584_camera0-17.jpg 25 1540.28 1241.16 552.56 1045.98 1975.44 390.37
6907777808584_camera0-15.jpg 25 1600.46 1237.0 611.36 1031.82 1978.2 410.37
6907777808584_camera0-18.jpg 25 1513.07 1234.4 549.89 1048.06 1926.37 372.68
6907777808584_camera0-19.jpg 25 1516.37 1209.94 514.57 1012.79 2003.6 394.3
6907777808584_camera0-20.jpg 25 1588.57 1220.55 585.15 1050.58 2006.85 339.95
6907777808584_camera0-1.jpg 25 1201.92 1179.13 250.97 1008.14 1901.91 341.98
6907777808584_camera0-23.jpg 25 1683.23 1225.16 774.46 1047.6 1817.54 355.13
6907777808584_camera0-22.jpg 25 1674.19 1220.56 756.38 1055.62 1835.62 329.88
6907777808584_camera0-27.jpg 25 1479.45 1231.74 653.45 1026.56 1652.01 410.37
6907777808584_camera0-21.jpg 25 1624.35 1212.23 656.7 1012.79 1935.3 398.89
6907777808584_camera0-29.jpg 25 1372.59 1226.01 684.3 1029.51 1376.59 392.99
6907777808584_camera0-28.jpg 25 1402.28 1235.66 665.73 1040.51 1473.11 390.31
6907777808584_camera0-24.jpg 25 1660.97 1231.74 745.52 1047.6 1830.89 368.28
6907777808584_camera0-26.jpg 25 1533.72 1235.92 670.45 1030.26 1726.54 411.33
6907777808584_camera0-25.jpg 25 1578.55 1241.96 703.5 1043.03 1750.1 397.87
6907777808584_camera0-2.jpg 25 1258.49 1197.55 306.22 1021.3 1904.54 352.5
6907777808584_camera0-30.jpg 25 1437.13 1220.92 726.86 1032.29 1420.55 377.27
6907777808584_camera0-32.jpg 25 1588.62 1204.19 889.84 1030.44 1397.56 347.5
6907777808584_camera0-31.jpg 25 1514.08 1214.53 794.25 1021.96 1439.66 385.13
6907777808584_camera0-34.jpg 25 1501.82 1198.86 663.98 1013.4 1675.68 370.91
6907777808584_camera0-35.jpg 25 1448.58 1197.57 581.75 1017.91 1733.66 359.31
6907777808584_camera0-33.jpg 25 1554.63 1204.19 786.6 1030.44 1536.06 347.5
6907777808584_camera0-38.jpg 25 1234.82 1190.97 308.85 1023.93 1851.93 334.08
6907777808584_camera0-36.jpg 25 1358.38 1196.07 442.14 1018.66 1832.47 354.82
6907777808584_camera0-40.jpg 25 1185.72 1187.82 260.31 1022.88 1850.83 329.88
6907777808584_camera0-4.jpg 25 1315.05 1221.22 403.55 1034.45 1822.99 373.54
6907777808584_camera0-37.jpg 25 1290.06 1192.29 364.09 1016.04 1851.93 352.5
6907777808584_camera0-5.jpg 25 1263.78 1236.92 320.74 1048.06 1886.08 377.72
6907777808584_camera0-39.jpg 25 1197.99 1192.29 272.02 1016.04 1851.93 352.5
6907777808584_camera0-8.jpg 25 1165.58 1248.25 280.45 1048.06 1770.25 400.38
6907777808584_camera0-6.jpg 25 1241.38 1237.01 287.8 1029.19 1907.17 415.63
6907777808584_camera0-3.jpg 25 1310.37 1211.74 403.84 1040.51 1813.06 342.47
6907777808584_camera0-7.jpg 25 1199.3 1242.26 261.5 1037.08 1875.6 410.37
6907777808584_camera1-12.jpg 25 1478.82 1274.4 669.99 615.6 1617.65 1317.6
6907777808584_camera1-10.jpg 25 1339.68 1311.03 599.89 682.93 1479.58 1256.19
6907777808584_camera0-9.jpg 25 1186.25 1248.91 340.34 1049.47 1691.83 398.89
6907777808584_camera1-13.jpg 25 1485.25 1276.54 623.29 611.07 1723.92 1330.93
6907777808584_camera1-11.jpg 25 1467.47 1297.93 730.43 653.73 1474.08 1288.4
6907777808584_camera1-18.jpg 25 1372.97 1224.13 518.5 662.72 1708.95 1122.83
6907777808584_camera1-17.jpg 25 1387.99 1262.68 487.06 623.08 1801.87 1279.19
6907777808584_camera1-14.jpg 25 1469.88 1267.07 571.91 595.14 1795.94 1343.85
6907777808584_camera1-15.jpg 25 1442.03 1270.99 513.26 597.97 1857.54 1346.03
6907777808584_camera1-16.jpg 25 1414.68 1268.11 498.25 603.03 1832.87 1330.16
6907777808584_camera1-19.jpg 25 1416.13 1192.86 552.41 675.38 1727.44 1034.95
6907777808584_camera1-20.jpg 25 1475.1 1150.34 578.75 682.68 1792.7 935.32
6907777808584_camera1-1.jpg 25 1132.32 1175.86 294.68 705.39 1675.27 940.93
6907777808584_camera1-21.jpg 25 1547.07 1158.86 706.02 604.87 1682.11 1107.98
6907777808584_camera1-24.jpg 25 1461.75 1181.17 607.37 495.31 1708.76 1371.72
6907777808584_camera1-22.jpg 25 1523.99 1164.47 663.22 548.92 1721.53 1231.11
6907777808584_camera1-23.jpg 25 1501.75 1170.19 638.03 521.77 1727.44 1296.84
6907777808584_camera1-25.jpg 25 1408.99 1161.1 585.43 437.31 1647.12 1447.57
6907777808584_camera1-26.jpg 25 1361.0 1168.36 572.77 454.24 1576.46 1428.24
6907777808584_camera1-27.jpg 25 1334.3 1147.53 585.15 448.75 1498.29 1397.56
6907777808584_camera1-31.jpg 25 1370.29 1047.6 721.85 455.72 1296.88 1183.76
6907777808584_camera1-28.jpg 25 1270.42 1119.34 627.04 460.23 1286.77 1318.21
6907777808584_camera1-29.jpg 25 1278.22 1094.95 671.87 471.5 1212.7 1246.9
6907777808584_camera1-30.jpg 25 1345.62 1066.95 738.75 499.11 1213.74 1135.68
6907777808584_camera1-2.jpg 25 1152.67 1209.16 300.36 659.08 1704.62 1100.17
6907777808584_camera1-32.jpg 25 1343.11 1058.13 635.51 446.23 1415.19 1223.81
6907777808584_camera1-35.jpg 25 1213.77 1085.75 361.46 429.42 1704.62 1312.66
6907777808584_camera1-36.jpg 25 1134.18 1098.38 248.64 466.97 1771.08 1262.81
6907777808584_camera1-33.jpg 25 1300.57 1062.07 524.55 426.78 1552.04 1270.57
6907777808584_camera1-34.jpg 25 1260.01 1079.54 441.61 428.6 1636.79 1301.88
6907777808584_camera1-38.jpg 25 1072.61 1091.83 201.48 537.71 1742.26 1108.24
6907777808584_camera1-39.jpg 25 1049.35 1096.26 203.62 589.88 1691.46 1012.77
6907777808584_camera1-37.jpg 25 1099.34 1096.27 216.78 495.18 1765.12 1202.18
6907777808584_camera1-4.jpg 25 1123.84 1294.68 235.12 645.52 1777.44 1298.33
6907777808584_camera1-3.jpg 25 1152.52 1262.12 277.46 650.37 1750.12 1223.51
6907777808584_camera1-40.jpg 25 1084.48 1096.47 236.22 636.15 1696.52 920.64
6907777808584_camera1-8.jpg 25 1074.4 1301.54 322.11 659.08 1504.59 1284.92
6907777808584_camera1-7.jpg 25 1067.38 1293.26 217.2 642.51 1700.35 1301.49
6907777808584_camera1-6.jpg 25 1070.05 1295.02 174.26 646.04 1791.59 1297.96
6907777808584_camera1-5.jpg 25 1090.03 1293.32 197.35 642.64 1785.36 1301.36
6907777808584_camera2-10.jpg 25 1421.39 857.51 725.74 331.43 1391.3 1052.16
6907777808584_camera1-9.jpg 25 1182.65 1307.66 447.76 671.33 1469.79 1272.67
6907777808584_camera2-13.jpg 25 1426.63 793.89 630.85 63.34 1591.56 1461.1
6907777808584_camera2-15.jpg 25 1404.34 790.05 617.54 0.63 1573.59 1578.84
6907777808584_camera2-11.jpg 25 1437.37 827.95 698.17 226.86 1478.39 1202.18
6907777808584_camera2-12.jpg 25 1434.74 809.54 666.61 142.68 1536.26 1333.71
6907777808584_camera2-16.jpg 25 1387.88 780.61 641.62 1.96 1492.53 1557.29
6907777808584_camera2-17.jpg 25 1363.43 774.5 662.59 0.0 1401.67 1549.01
6907777808584_camera2-14.jpg 25 1425.9 778.9 615.87 11.15 1620.06 1535.51
6907777808584_camera2-1.jpg 25 1297.29 1032.98 729.09 314.93 1136.4 1436.11
6907777808584_camera2-22.jpg 25 1214.82 737.38 535.92 0.0 1357.8 1474.76
6907777808584_camera2-21.jpg 25 1237.35 724.49 625.44 0.52 1223.81 1447.93
6907777808584_camera2-20.jpg 25 1293.99 734.56 792.87 45.35 1002.25 1378.42
6907777808584_camera2-18.jpg 25 1338.34 755.92 699.17 0.53 1278.35 1510.78
6907777808584_camera2-19.jpg 25 1322.74 736.12 741.01 0.0 1163.47 1472.25
6907777808584_camera2-23.jpg 25 1205.3 748.68 493.42 0.0 1423.75 1497.36
6907777808584_camera2-25.jpg 25 1151.11 753.24 337.61 0.0 1626.99 1506.47
6907777808584_camera2-29.jpg 25 1115.12 813.48 393.03 266.32 1444.19 1094.32
6907777808584_camera2-30.jpg 25 1119.07 858.21 437.75 342.61 1362.64 1031.19
6907777808584_camera2-27.jpg 25 1130.47 755.33 311.62 31.03 1637.7 1448.6
6907777808584_camera2-28.jpg 25 1114.54 794.46 340.34 168.3 1548.39 1252.33
6907777808584_camera2-2.jpg 25 1326.88 1033.13 669.24 263.69 1315.29 1538.89
6907777808584_camera2-31.jpg 25 1113.62 892.3 385.16 292.88 1456.92 1198.84
6907777808584_camera2-36.jpg 25 1128.94 1015.86 369.16 199.74 1519.57 1632.23
6907777808584_camera2-33.jpg 25 1095.39 947.64 300.96 221.6 1588.87 1452.08
6907777808584_camera2-34.jpg 25 1106.71 972.38 303.92 203.48 1605.59 1537.79
6907777808584_camera2-32.jpg 25 1101.96 920.02 343.04 266.32 1517.85 1307.4
6907777808584_camera2-39.jpg 25 1186.58 1049.9 607.57 273.09 1158.02 1553.63
6907777808584_camera2-35.jpg 25 1118.14 991.4 319.94 190.14 1596.41 1602.53
6907777808584_camera2-38.jpg 25 1168.65 1024.05 522.4 242.69 1292.5 1562.71
6907777808584_camera2-5.jpg 25 1382.12 1019.98 566.64 218.97 1630.96 1602.02
6907777808584_camera2-37.jpg 25 1151.22 1023.72 450.38 215.46 1401.67 1616.51
6907777808584_camera2-6.jpg 25 1393.43 1017.18 574.44 242.01 1637.98 1550.35
6907777808584_camera2-40.jpg 25 1241.08 1012.78 720.93 321.5 1040.3 1382.57
6907777808584_camera2-7.jpg 25 1401.86 989.73 582.43 255.8 1638.85 1467.86
6907777808584_camera2-3.jpg 25 1350.32 1039.43 628.53 241.66 1443.59 1595.55
6907777808584_camera2-9.jpg 25 1396.3 921.75 671.56 375.54 1449.48 1092.41
6907777808584_camera2-8.jpg 25 1403.17 950.27 627.15 318.93 1552.04 1262.68
6907777808584_camera3-11.jpg 25 1659.3 1468.16 744.19 1095.38 1830.22 745.56
6907777808584_camera3-13.jpg 25 1594.74 1484.6 647.74 1091.23 1894.0 786.74
6907777808584_camera3-14.jpg 25 1575.47 1480.33 587.69 1084.43 1975.57 791.8
6907777808584_camera3-12.jpg 25 1646.01 1478.27 700.02 1089.77 1891.98 777.0
6907777808584_camera3-16.jpg 25 1480.78 1432.98 529.82 1092.32 1901.91 681.32
6907777808584_camera3-19.jpg 25 1608.72 1397.55 625.44 1123.97 1966.56 547.15
6907777808584_camera3-18.jpg 25 1572.84 1389.58 582.43 1110.74 1980.83 557.68
6907777808584_camera3-17.jpg 25 1524.21 1413.36 550.16 1110.59 1948.11 605.54
6907777808584_camera3-1.jpg 25 1272.95 1426.41 366.72 1134.41 1812.47 583.99
6907777808584_camera3-20.jpg 25 1643.41 1406.3 694.82 1093.63 1897.18 625.34
6907777808584_camera3-15.jpg 25 1516.82 1452.51 551.09 1088.58 1931.46 727.87
6907777808584_camera3-21.jpg 25 1651.76 1426.41 745.52 1060.76 1812.47 731.3
6907777808584_camera3-22.jpg 25 1606.43 1432.98 712.85 1050.94 1787.16 764.07
6907777808584_camera3-25.jpg 25 1428.36 1435.41 635.1 1024.31 1586.51 822.21
6907777808584_camera3-27.jpg 25 1354.5 1417.2 648.19 1029.19 1412.62 776.02
6907777808584_camera3-28.jpg 25 1417.04 1389.27 719.33 1041.23 1395.41 696.08
6907777808584_camera3-33.jpg 25 1408.53 1360.47 545.23 1010.15 1726.6 700.65
6907777808584_camera3-31.jpg 25 1500.49 1350.24 728.68 1012.81 1543.62 674.86
6907777808584_camera3-30.jpg 25 1534.7 1347.49 832.33 1005.51 1404.73 683.95
6907777808584_camera3-35.jpg 25 1289.76 1363.51 375.88 1015.14 1827.77 696.75
6907777808584_camera3-26.jpg 25 1392.2 1423.27 643.06 1027.92 1498.29 790.69
6907777808584_camera3-36.jpg 25 1190.51 1359.06 272.22 1043.36 1836.58 631.41
6907777808584_camera3-32.jpg 25 1463.67 1350.12 642.93 1002.88 1641.48 694.47
6907777808584_camera3-29.jpg 25 1491.29 1351.44 792.87 1018.67 1396.84 665.54
6907777808584_camera3-2.jpg 25 1273.86 1456.0 363.55 1133.68 1820.61 644.64
6907777808584_camera3-34.jpg 25 1347.52 1361.43 452.46 1006.3 1790.12 710.27
6907777808584_camera3-37.jpg 25 1141.46 1349.13 233.53 1048.31 1815.86 601.64
6907777808584_camera3-38.jpg 25 1149.32 1344.86 219.41 1063.39 1859.82 562.94
6907777808584_camera3-39.jpg 25 1180.59 1343.9 245.27 1082.28 1870.64 523.24
6907777808584_camera3-3.jpg 25 1238.61 1474.88 310.67 1133.68 1855.87 682.41
6907777808584_camera3-4.jpg 25 1203.24 1490.86 253.6 1121.26 1899.28 739.19
6907777808584_camera3-7.jpg 25 1128.48 1487.66 270.73 1130.4 1715.5 714.51
6907777808584_camera3-6.jpg 25 1133.54 1496.12 224.67 1118.63 1817.73 754.98
6907777808584_camera3-40.jpg 25 1222.23 1389.27 293.04 1116.05 1858.38 546.44
6907777808584_camera3-5.jpg 25 1164.88 1498.11 235.17 1123.08 1859.41 750.05
