6934848931155-back_camera0-10.jpg 26 1427.32 1346.5 747.38 1116.96 1359.87 459.08
6934848931155-back_camera0-11.jpg 26 1581.93 1360.34 913.48 1124.41 1336.9 471.85
6934848931155-back_camera0-13.jpg 26 1648.64 1374.57 861.85 1114.49 1573.59 520.15
6934848931155-back_camera0-12.jpg 26 1647.62 1360.92 939.9 1113.64 1415.45 494.56
6934848931155-back_camera0-16.jpg 26 1578.55 1367.87 730.3 1121.81 1696.5 492.12
6934848931155-back_camera0-19.jpg 26 1496.28 1314.14 677.96 1088.22 1636.64 451.85
6934848931155-back_camera0-20.jpg 26 1550.86 1308.69 733.72 1105.98 1634.27 405.42
6934848931155-back_camera0-29.jpg 26 1299.26 1245.84 696.35 1088.22 1205.81 315.24
6934848931155-back_camera0-38.jpg 26 1270.36 1264.23 452.04 1088.22 1636.64 352.02
6934848931155-back_camera0-5.jpg 26 1349.16 1319.4 501.95 1106.61 1694.43 425.58
6934848931155-back_camera0-7.jpg 26 1304.08 1337.64 524.71 1116.05 1558.73 443.19
6934848931155-back_camera0-9.jpg 26 1301.89 1336.96 637.67 1102.84 1328.44 468.24
6934848931155-back_camera0-8.jpg 26 1290.22 1341.42 565.0 1126.12 1450.45 430.6
6934848931155-back_camera0-6.jpg 26 1318.96 1327.28 488.82 1096.1 1660.28 462.36
6934848931155-back_camera1-10.jpg 26 1381.94 1313.29 835.72 724.79 1092.44 1177.0
6934848931155-back_camera1-11.jpg 26 1420.1 1332.21 814.57 720.43 1211.06 1223.57
6934848931155-back_camera1-12.jpg 26 1426.63 1322.55 754.85 705.88 1343.57 1233.35
6934848931155-back_camera1-14.jpg 26 1403.02 1315.14 635.93 686.28 1534.18 1257.72
6934848931155-back_camera1-15.jpg 26 1388.43 1313.72 617.88 700.56 1541.1 1226.33
6934848931155-back_camera1-22.jpg 26 1378.18 1156.34 664.83 694.44 1426.7 923.8
6934848931155-back_camera1-17.jpg 26 1341.84 1270.92 587.66 730.78 1508.36 1080.28
6934848931155-back_camera1-1.jpg 26 1267.56 1219.3 552.41 743.37 1430.3 951.85
6934848931155-back_camera1-19.jpg 26 1341.29 1193.3 628.05 778.23 1426.48 830.14
6934848931155-back_camera1-21.jpg 26 1406.74 1140.07 700.44 724.74 1412.61 830.66
6934848931155-back_camera1-20.jpg 26 1390.95 1134.93 695.94 788.69 1390.01 692.49
6934848931155-back_camera1-28.jpg 26 1210.9 1153.82 658.17 640.12 1105.46 1027.4
6934848931155-back_camera1-32.jpg 26 1325.57 1223.86 671.87 660.91 1307.4 1125.89
6934848931155-back_camera1-38.jpg 26 1134.85 1209.38 400.92 760.87 1467.86 897.03
6934848931155-back_camera1-40.jpg 26 1219.72 1195.37 489.46 776.1 1460.52 838.54
6934848931155-back_camera1-8.jpg 26 1218.45 1305.91 640.54 667.82 1155.82 1276.18
6934848931155-back_camera1-9.jpg 26 1267.73 1308.89 725.25 688.91 1084.96 1239.96
6934848931155-back_camera2-20.jpg 26 1249.93 821.43 821.85 254.85 856.17 1133.16
6934848931155-back_camera2-29.jpg 26 1186.98 889.42 582.63 461.34 1208.7 856.17
6934848931155-back_camera2-30.jpg 26 1214.68 889.42 635.51 448.75 1158.34 881.35
6934848931155-back_camera2-32.jpg 26 1221.46 908.65 559.92 319.65 1323.08 1178.01
6934848931155-back_camera2-36.jpg 26 1251.96 946.36 641.18 231.81 1221.57 1429.1
6934848931155-back_camera2-38.jpg 26 1267.57 951.12 774.01 297.66 987.11 1306.91
6934848931155-back_camera2-39.jpg 26 1276.82 949.86 855.48 340.47 842.68 1218.78
6934848931155-back_camera2-9.jpg 26 1333.4 857.04 714.74 413.07 1237.33 887.94
6934848931155-back_camera3-17.jpg 26 1450.92 1517.16 643.0 1193.14 1615.84 648.04
6934848931155-back_camera3-16.jpg 26 1457.67 1546.66 655.65 1199.15 1604.05 695.01
6934848931155-back_camera3-18.jpg 26 1491.78 1486.68 664.67 1183.98 1654.21 605.41
6934848931155-back_camera3-29.jpg 26 1442.43 1440.24 838.21 1143.38 1208.43 593.71
6934848931155-back_camera3-2.jpg 26 1359.77 1526.37 527.19 1144.93 1665.16 762.87
6934848931155-back_camera3-36.jpg 26 1240.12 1470.0 426.87 1169.08 1626.49 601.85
6934848931155-back_camera3-39.jpg 26 1321.58 1467.82 465.17 1190.67 1712.82 554.3
6934848931155-back_camera3-6.jpg 26 1269.95 1547.04 546.24 1150.84 1447.43 792.4
6934848931155_camera0-10.jpg 26 1265.1 1226.13 617.54 1059.32 1295.12 333.63
6934848931155_camera0-11.jpg 26 1380.69 1228.76 722.62 1059.32 1316.14 338.89
6934848931155_camera0-12.jpg 26 1509.42 1234.01 859.23 1064.57 1300.38 338.89
6934848931155_camera0-15.jpg 26 1537.01 1228.11 746.31 1060.65 1581.39 334.91
6934848931155_camera0-16.jpg 26 1508.39 1218.59 695.54 1039.71 1625.7 357.76
6934848931155_camera0-13.jpg 26 1570.64 1225.41 895.06 1070.01 1351.16 310.81
6934848931155_camera0-14.jpg 26 1560.64 1222.19 809.31 1054.06 1502.66 336.26
6934848931155_camera0-1.jpg 26 1388.7 1171.24 553.49 994.99 1670.42 352.5
6934848931155_camera0-29.jpg 26 1336.44 1199.15 666.26 1011.37 1340.37 375.56
6934848931155_camera0-2.jpg 26 1444.47 1187.34 633.22 1037.48 1622.5 299.71
6934848931155_camera0-34.jpg 26 1542.43 1191.03 824.6 1016.2 1435.65 349.66
6934848931155_camera0-39.jpg 26 1346.99 1196.05 550.34 1029.77 1593.3 332.55
6934848931155_camera0-9.jpg 26 1249.28 1225.16 516.66 1050.23 1465.23 349.87
6934848931155_camera0-7.jpg 26 1300.58 1215.96 469.31 1037.08 1662.53 357.76
6934848931155_camera1-19.jpg 26 1281.41 1168.93 524.71 725.74 1513.4 886.38
6934848931155_camera1-25.jpg 26 1317.92 1150.04 537.3 531.84 1561.24 1236.4
6934848931155_camera1-28.jpg 26 1238.61 1143.75 597.74 524.29 1281.73 1238.92
6934848931155_camera1-2.jpg 26 1300.39 1129.27 545.77 715.72 1509.25 827.1
6934848931155_camera1-9.jpg 26 1161.34 1180.16 554.49 638.99 1213.69 1082.34
6934848931155_camera2-11.jpg 26 1322.9 866.23 675.34 392.05 1295.12 948.36
6934848931155_camera2-15.jpg 26 1315.4 842.84 600.25 149.09 1430.3 1387.49
6934848931155_camera2-18.jpg 26 1287.43 833.39 680.59 124.1 1213.69 1418.59
6934848931155_camera2-17.jpg 26 1304.07 834.01 653.13 113.83 1301.88 1440.37
6934848931155_camera2-19.jpg 26 1284.8 832.08 751.52 152.99 1066.57 1358.17
6934848931155_camera2-1.jpg 26 1263.78 918.77 809.31 284.35 908.95 1268.85
6934848931155_camera2-22.jpg 26 1265.1 818.95 719.99 116.22 1090.22 1405.46
6934848931155_camera2-31.jpg 26 1217.2 859.2 570.04 390.83 1294.32 936.75
6934848931155_camera2-39.jpg 26 1223.07 912.2 696.35 250.19 1053.44 1324.02
6934848931155_camera2-40.jpg 26 1236.09 915.86 811.78 307.73 848.61 1216.26
6934848931155_camera3-18.jpg 26 1416.12 1380.46 575.07 1138.72 1682.11 483.48
6934848931155_camera3-17.jpg 26 1374.12 1403.46 570.25 1153.89 1607.74 499.14
6934848931155_camera3-22.jpg 26 1498.76 1362.23 663.13 1051.36 1671.26 621.75
6934848931155_camera3-24.jpg 26 1403.03 1373.24 583.39 1027.79 1639.27 690.91
6934848931155_camera3-27.jpg 26 1304.77 1371.35 628.31 1023.17 1352.92 696.36
6934848931155_camera3-28.jpg 26 1296.62 1361.42 667.45 1019.91 1258.35 683.03
6934848931155_camera3-32.jpg 26 1518.12 1388.01 796.67 1058.13 1442.89 659.75
6934848931155_camera3-3.jpg 26 1353.69 1393.73 503.14 1140.06 1701.1 507.35
6934848931155_camera3-6.jpg 26 1246.65 1407.99 464.05 1129.15 1565.2 557.68
