6907777815186-back_camera0-11.jpg 28 1450.32 1051.47 955.67 923.26 989.29 256.42
6907777815186-back_camera0-13.jpg 28 1514.16 1060.3 964.84 918.92 1098.63 282.75
6907777815186-back_camera0-12.jpg 28 1532.46 1057.12 1051.05 918.98 962.82 276.27
6907777815186-back_camera0-10.jpg 28 1372.03 1050.74 872.11 931.95 999.83 237.58
6907777815186-back_camera0-25.jpg 28 1364.27 1078.34 638.96 852.17 1450.62 452.34
6907777815186-back_camera0-28.jpg 28 1286.91 1095.99 635.93 845.36 1301.96 501.26
6907777815186-back_camera0-22.jpg 28 1408.58 1049.32 703.5 869.27 1410.16 360.09
6907777815186-back_camera0-23.jpg 28 1420.27 1060.76 713.96 852.94 1412.62 415.63
6907777815186-back_camera0-29.jpg 28 1276.62 1092.87 690.5 842.64 1172.24 500.46
6907777815186-back_camera0-33.jpg 28 1540.06 1068.57 943.26 854.89 1193.6 427.36
6907777815186-back_camera0-31.jpg 28 1417.52 1082.1 892.86 842.39 1049.32 479.41
6907777815186-back_camera0-35.jpg 28 1529.88 1068.46 850.91 856.63 1357.94 423.66
6907777815186-back_camera0-30.jpg 28 1341.35 1087.07 816.55 845.05 1049.6 484.03
6907777815186-back_camera0-34.jpg 28 1542.6 1068.65 887.58 847.68 1310.03 441.94
6907777815186-back_camera0-37.jpg 28 1495.03 1067.37 778.99 863.33 1432.09 408.07
6907777815186-back_camera0-38.jpg 28 1476.22 1064.05 777.83 873.49 1396.79 381.11
6907777815186-back_camera0-32.jpg 28 1514.97 1083.12 982.28 850.31 1065.39 465.61
6907777815186-back_camera0-36.jpg 28 1518.58 1067.54 814.63 863.11 1407.89 408.86
6907777815186-back_camera0-39.jpg 28 1449.2 1055.49 774.46 873.98 1349.49 363.02
6907777815186-back_camera0-9.jpg 28 1359.82 1052.11 803.21 935.55 1113.21 233.11
6907777815186-back_camera0-7.jpg 28 1411.06 1062.08 740.26 929.23 1341.6 265.69
6907777815186-back_camera1-10.jpg 28 1190.1 1230.43 721.85 802.96 936.49 854.94
6907777815186-back_camera0-8.jpg 28 1385.18 1061.98 769.11 935.91 1232.14 252.14
6907777815186-back_camera1-11.jpg 28 1305.84 1256.73 858.64 781.91 894.4 949.64
6907777815186-back_camera1-13.jpg 28 1353.17 1279.73 801.7 753.44 1102.94 1052.58
6907777815186-back_camera1-12.jpg 28 1342.67 1269.89 848.12 760.87 989.1 1018.04
6907777815186-back_camera1-15.jpg 28 1351.97 1279.86 716.76 747.63 1270.41 1064.45
6907777815186-back_camera1-16.jpg 28 1346.61 1259.37 695.54 747.72 1302.14 1023.3
6907777815186-back_camera1-14.jpg 28 1350.55 1280.4 750.78 734.56 1199.55 1091.69
6907777815186-back_camera1-18.jpg 28 1335.55 1236.92 700.98 786.18 1269.14 901.49
6907777815186-back_camera1-17.jpg 28 1337.4 1256.74 679.76 763.5 1315.29 986.47
6907777815186-back_camera1-19.jpg 28 1359.47 1205.44 741.27 836.54 1236.4 737.81
6907777815186-back_camera1-21.jpg 28 1445.26 1137.04 821.81 734.56 1246.9 804.96
6907777815186-back_camera1-1.jpg 28 1218.1 1122.32 629.78 828.16 1176.64 588.32
6907777815186-back_camera1-20.jpg 28 1382.13 1176.51 758.68 800.33 1246.9 752.35
6907777815186-back_camera1-23.jpg 28 1424.22 1148.88 766.57 653.01 1315.29 991.73
6907777815186-back_camera1-22.jpg 28 1438.38 1146.94 804.01 707.43 1268.74 879.03
6907777815186-back_camera1-24.jpg 28 1398.53 1159.92 743.12 620.0 1310.83 1079.85
6907777815186-back_camera1-25.jpg 28 1378.18 1146.25 729.74 584.62 1296.88 1123.26
6907777815186-back_camera1-28.jpg 28 1309.72 1124.66 784.14 576.8 1051.17 1095.73
6907777815186-back_camera1-26.jpg 28 1357.13 1140.99 735.0 571.47 1244.27 1139.04
6907777815186-back_camera1-27.jpg 28 1322.96 1134.94 758.9 579.69 1128.12 1110.5
6907777815186-back_camera1-29.jpg 28 1301.89 1106.79 853.38 579.36 897.03 1054.86
6907777815186-back_camera1-30.jpg 28 1306.72 1092.39 896.89 593.85 819.67 997.08
6907777815186-back_camera1-31.jpg 28 1367.03 1075.76 962.87 622.5 808.32 906.53
6907777815186-back_camera1-2.jpg 28 1225.6 1164.66 613.99 837.16 1223.22 655.01
6907777815186-back_camera1-35.jpg 28 1274.28 1092.32 666.61 608.29 1215.33 968.05
6907777815186-back_camera1-33.jpg 28 1342.3 1106.19 826.14 631.65 1032.33 949.08
6907777815186-back_camera1-34.jpg 28 1315.04 1110.74 750.78 616.19 1128.52 989.1
6907777815186-back_camera1-32.jpg 28 1353.89 1100.36 883.26 641.28 941.26 918.16
6907777815186-back_camera1-37.jpg 28 1233.82 1097.4 617.75 654.31 1232.14 886.18
6907777815186-back_camera1-4.jpg 28 1182.19 1187.02 521.92 787.17 1320.55 799.7
6907777815186-back_camera1-36.jpg 28 1260.62 1102.97 648.52 628.63 1224.21 948.68
6907777815186-back_camera1-38.jpg 28 1203.81 1096.07 596.99 687.2 1213.64 817.73
6907777815186-back_camera1-39.jpg 28 1184.83 1096.26 595.58 729.3 1178.5 733.93
6907777815186-back_camera1-3.jpg 28 1208.99 1177.4 564.16 814.57 1289.66 725.67
6907777815186-back_camera1-5.jpg 28 1166.91 1203.06 503.67 783.09 1326.49 839.93
6907777815186-back_camera1-6.jpg 28 1147.95 1215.34 502.59 780.42 1290.72 869.84
6907777815186-back_camera1-40.jpg 28 1192.72 1091.01 608.73 774.02 1167.98 633.97
6907777815186-back_camera1-8.jpg 28 1151.95 1202.81 577.17 768.76 1149.56 868.09
6907777815186-back_camera1-9.jpg 28 1158.53 1214.51 652.54 798.25 1011.98 832.53
6907777815186-back_camera1-7.jpg 28 1146.99 1217.23 523.34 780.01 1247.31 874.44
6907777815186-back_camera2-11.jpg 28 1363.71 880.56 832.33 508.33 1062.76 744.45
6907777815186-back_camera2-10.jpg 28 1347.52 921.08 834.46 542.28 1026.12 757.6
6907777815186-back_camera2-12.jpg 28 1363.7 880.56 795.5 450.46 1136.41 860.2
6907777815186-back_camera2-13.jpg 28 1370.99 858.36 781.99 369.44 1178.01 977.83
6907777815186-back_camera2-14.jpg 28 1365.03 843.74 763.94 303.15 1202.18 1081.17
6907777815186-back_camera2-15.jpg 28 1360.73 826.46 768.97 267.44 1183.52 1118.05
6907777815186-back_camera2-16.jpg 28 1349.24 824.0 782.35 242.64 1133.78 1162.72
6907777815186-back_camera2-20.jpg 28 1312.89 787.44 935.17 272.48 755.44 1029.92
6907777815186-back_camera2-19.jpg 28 1313.73 791.12 905.99 258.43 815.48 1065.39
6907777815186-back_camera2-21.jpg 28 1283.48 771.38 908.62 242.64 749.72 1057.49
6907777815186-back_camera2-18.jpg 28 1338.07 802.54 836.96 237.22 1002.22 1130.64
6907777815186-back_camera2-17.jpg 28 1345.29 814.79 795.5 232.12 1099.58 1165.35
6907777815186-back_camera2-1.jpg 28 1253.71 962.44 899.91 451.26 707.6 1022.36
6907777815186-back_camera2-26.jpg 28 1221.66 781.91 653.45 205.82 1136.41 1152.19
6907777815186-back_camera2-22.jpg 28 1275.12 768.55 852.07 214.56 846.09 1107.98
6907777815186-back_camera2-24.jpg 28 1245.34 780.6 708.7 184.77 1073.28 1191.65
6907777815186-back_camera2-23.jpg 28 1257.48 769.81 781.56 186.86 951.85 1165.9
6907777815186-back_camera2-25.jpg 28 1230.87 781.91 663.98 187.4 1133.78 1189.02
6907777815186-back_camera2-2.jpg 28 1258.74 966.22 844.51 405.94 828.47 1120.57
6907777815186-back_camera2-29.jpg 28 1182.2 806.9 635.04 376.8 1094.32 860.2
6907777815186-back_camera2-27.jpg 28 1203.05 796.34 619.18 264.11 1167.75 1064.45
6907777815186-back_camera2-30.jpg 28 1174.39 820.17 660.69 453.78 1027.4 732.78
6907777815186-back_camera2-28.jpg 28 1191.82 799.7 620.67 301.91 1142.3 995.58
6907777815186-back_camera2-31.jpg 28 1179.42 850.39 658.17 496.59 1042.51 707.6
6907777815186-back_camera2-34.jpg 28 1168.09 888.15 572.55 370.68 1191.08 1034.95
6907777815186-back_camera2-32.jpg 28 1171.24 858.85 608.7 441.15 1125.08 835.39
6907777815186-back_camera2-33.jpg 28 1168.1 881.87 585.15 403.42 1165.9 956.89
6907777815186-back_camera2-35.jpg 28 1168.1 909.56 582.63 358.09 1170.93 1102.94
6907777815186-back_camera2-36.jpg 28 1169.36 917.12 595.22 353.06 1148.27 1128.12
6907777815186-back_camera2-38.jpg 28 1183.2 933.49 683.35 378.24 999.7 1110.5
6907777815186-back_camera2-37.jpg 28 1178.17 924.68 635.51 355.58 1085.32 1138.2
6907777815186-back_camera2-6.jpg 28 1310.41 967.11 737.18 390.98 1146.46 1152.25
6907777815186-back_camera2-5.jpg 28 1299.03 968.75 748.82 378.24 1100.42 1181.01
6907777815186-back_camera2-40.jpg 28 1205.17 957.37 830.46 447.83 749.42 1019.07
6907777815186-back_camera2-7.jpg 28 1316.66 957.4 743.79 410.97 1145.75 1092.87
6907777815186-back_camera2-9.jpg 28 1333.03 934.75 794.15 499.11 1077.76 871.27
6907777815186-back_camera2-4.jpg 28 1288.96 971.26 761.41 375.72 1055.1 1191.08
6907777815186-back_camera2-8.jpg 28 1326.74 949.86 758.9 446.23 1135.68 1007.25
6907777815186-back_camera3-11.jpg 28 1474.05 1509.71 930.24 1213.35 1087.61 592.73
6907777815186-back_camera3-10.jpg 28 1404.8 1495.03 887.32 1221.81 1034.95 546.44
6907777815186-back_camera3-14.jpg 28 1463.86 1518.78 787.23 1204.45 1353.25 628.65
6907777815186-back_camera3-12.jpg 28 1484.12 1513.92 889.84 1204.19 1188.56 619.46
6907777815186-back_camera3-15.jpg 28 1448.68 1511.39 761.23 1208.14 1374.9 606.51
6907777815186-back_camera3-13.jpg 28 1476.22 1524.33 832.76 1208.96 1286.91 630.73
6907777815186-back_camera3-17.jpg 28 1431.05 1468.59 749.0 1188.0 1364.11 561.18
6907777815186-back_camera3-16.jpg 28 1427.53 1485.72 742.98 1195.71 1369.1 580.03
6907777815186-back_camera3-20.jpg 28 1561.86 1394.88 864.91 1110.57 1393.9 568.62
6907777815186-back_camera3-23.jpg 28 1521.88 1418.23 829.4 1063.17 1384.97 710.11
6907777815186-back_camera3-21.jpg 28 1573.78 1406.15 886.49 1087.05 1374.58 638.2
6907777815186-back_camera3-24.jpg 28 1473.72 1426.37 802.88 1051.66 1341.67 749.42
6907777815186-back_camera3-22.jpg 28 1549.78 1411.39 851.53 1075.76 1396.49 671.26
6907777815186-back_camera3-26.jpg 28 1425.64 1421.54 816.42 1047.15 1218.44 748.77
6907777815186-back_camera3-2.jpg 28 1326.62 1448.9 646.69 1271.06 1359.87 355.68
6907777815186-back_camera3-29.jpg 28 1449.2 1385.63 974.38 1055.49 949.64 660.28
6907777815186-back_camera3-28.jpg 28 1375.17 1402.92 898.29 1052.3 953.77 701.24
6907777815186-back_camera3-27.jpg 28 1390.12 1408.1 862.62 1047.92 1054.99 720.35
6907777815186-back_camera3-30.jpg 28 1510.68 1371.42 1046.12 1062.42 929.12 618.0
6907777815186-back_camera3-32.jpg 28 1487.33 1365.14 923.06 1095.03 1128.54 540.22
6907777815186-back_camera3-31.jpg 28 1502.53 1360.26 981.85 1072.5 1041.35 575.53
6907777815186-back_camera3-33.jpg 28 1461.57 1378.29 855.67 1110.89 1211.79 534.79
6907777815186-back_camera3-35.jpg 28 1379.7 1389.29 737.34 1149.64 1284.71 479.29
6907777815186-back_camera3-34.jpg 28 1423.36 1388.3 786.5 1132.57 1273.71 511.46
6907777815186-back_camera3-36.jpg 28 1352.18 1387.16 707.35 1158.1 1289.66 458.12
6907777815186-back_camera3-3.jpg 28 1295.8 1450.6 595.4 1262.82 1400.8 375.56
6907777815186-back_camera3-7.jpg 28 1218.46 1461.04 597.74 1239.44 1241.44 443.19
6907777815186-back_camera3-4.jpg 28 1262.52 1458.51 559.96 1252.03 1405.12 412.97
6907777815186-back_camera3-6.jpg 28 1223.18 1462.07 566.65 1240.86 1313.07 442.42
6907777815186-back_camera3-5.jpg 28 1246.15 1458.51 559.96 1252.03 1372.38 412.97
6907777815186_camera0-10.jpg 28 1353.18 1336.38 836.96 1126.12 1032.44 420.53
6907777815186-back_camera3-9.jpg 28 1307.45 1479.52 775.7 1232.18 1063.5 494.68
6907777815186-back_camera3-8.jpg 28 1217.32 1453.89 659.53 1234.66 1115.58 438.46
6907777815186_camera0-15.jpg 28 1601.84 1377.77 906.31 1129.62 1391.06 496.3
6907777815186_camera0-16.jpg 28 1594.02 1376.86 893.62 1131.88 1400.8 489.96
6907777815186_camera0-14.jpg 28 1616.58 1376.95 965.01 1128.64 1303.13 496.61
6907777815186_camera0-13.jpg 28 1617.65 1370.9 1045.06 1138.72 1145.19 464.36
6907777815186_camera0-17.jpg 28 1558.99 1371.61 843.74 1127.95 1430.49 487.31
6907777815186_camera0-22.jpg 28 1532.3 1317.81 900.5 1141.13 1263.59 353.36
6907777815186_camera0-21.jpg 28 1519.2 1326.7 881.85 1140.77 1274.69 371.86
6907777815186_camera0-23.jpg 28 1530.86 1307.28 888.92 1149.44 1283.88 315.68
6907777815186_camera0-25.jpg 28 1484.09 1296.28 829.17 1154.75 1309.84 283.06
6907777815186_camera0-24.jpg 28 1518.22 1306.0 871.62 1156.14 1293.19 299.71
6907777815186_camera0-31.jpg 28 1378.43 1238.32 901.12 1140.26 954.63 196.11
6907777815186_camera0-32.jpg 28 1430.4 1237.92 950.29 1135.39 960.23 205.06
6907777815186_camera0-34.jpg 28 1439.97 1242.85 862.83 1136.18 1154.27 213.34
6907777815186_camera0-9.jpg 28 1351.56 1321.46 752.6 1130.44 1197.91 382.04
6907777815186_camera1-22.jpg 28 1363.7 1118.62 795.5 774.02 1136.41 689.21
6907777815186_camera1-27.jpg 28 1240.07 1135.73 682.39 671.43 1115.37 928.6
6907777815186_camera1-31.jpg 28 1304.08 1138.71 889.84 748.4 828.47 780.62
6907777815186_camera1-37.jpg 28 1201.92 1180.44 566.64 742.45 1270.57 875.98
6907777815186_camera1-38.jpg 28 1173.85 1166.78 540.36 771.79 1266.98 789.97
6907777815186_camera1-3.jpg 28 1275.59 1256.74 653.45 808.22 1244.27 897.03
6907777815186_camera1-6.jpg 28 1267.05 1316.59 650.62 759.66 1232.87 1113.85
6907777815186_camera2-12.jpg 28 1293.55 825.38 768.89 385.8 1049.32 879.16
6907777815186_camera2-13.jpg 28 1290.22 813.88 756.38 350.54 1067.69 926.67
6907777815186_camera2-20.jpg 28 1233.56 796.25 857.1 287.59 752.92 1017.33
6907777815186_camera2-29.jpg 28 1183.46 890.81 653.85 486.59 1059.22 808.44
6907777815186_camera3-11.jpg 28 1575.08 1562.86 993.45 1187.83 1163.26 750.05
6907777815186_camera3-20.jpg 28 1499.15 1473.64 877.15 1227.81 1244.01 491.66
6907777815186_camera3-1.jpg 28 1361.6 1469.62 676.7 1209.42 1369.79 520.41
6907777815186_camera3-22.jpg 28 1482.86 1407.08 845.05 1204.19 1275.61 405.78
6907777815186_camera3-21.jpg 28 1496.58 1424.89 867.97 1207.82 1257.21 434.15
6907777815186_camera3-27.jpg 28 1313.59 1419.17 767.66 1177.4 1091.86 483.54
6907777815186_camera3-30.jpg 28 1400.22 1411.29 929.38 1200.38 941.68 421.81
6907777815186_camera3-7.jpg 28 1329.25 1556.73 763.93 1216.78 1130.64 679.9
