6909409012024-back_camera0-10.jpg 3 1391.38 1177.38 925.66 1001.83 931.44 351.11
6909409012024-back_camera0-14.jpg 3 1486.04 1177.82 945.45 981.84 1081.17 391.96
6909409012024-back_camera0-13.jpg 3 1493.34 1180.83 990.95 995.22 1004.78 371.22
6909409012024-back_camera0-11.jpg 3 1473.36 1179.36 1025.1 1002.98 896.51 352.76
6909409012024-back_camera0-12.jpg 3 1495.25 1179.13 1029.63 989.73 931.23 378.8
6909409012024-back_camera0-15.jpg 3 1451.84 1169.93 892.84 976.58 1118.0 386.7
6909409012024-back_camera0-16.jpg 3 1471.4 1178.1 898.76 997.88 1145.29 360.43
6909409012024-back_camera0-18.jpg 3 1445.26 1171.24 884.94 989.73 1120.63 363.02
6909409012024-back_camera0-17.jpg 3 1459.84 1175.77 901.89 997.7 1115.89 356.14
6909409012024-back_camera0-19.jpg 3 1488.24 1167.51 942.55 993.31 1091.39 348.4
6909409012024-back_camera0-1.jpg 3 1383.44 1163.35 871.79 981.84 1023.3 363.02
6909409012024-back_camera0-21.jpg 3 1572.68 1163.59 1038.02 998.93 1069.33 329.31
6909409012024-back_camera0-20.jpg 3 1519.98 1165.44 970.57 995.74 1098.82 339.4
6909409012024-back_camera0-24.jpg 3 1521.54 1152.82 929.66 963.42 1183.76 378.8
6909409012024-back_camera0-23.jpg 3 1547.92 1163.54 969.78 1001.66 1156.29 323.76
6909409012024-back_camera0-22.jpg 3 1563.63 1160.72 990.17 976.58 1146.93 368.28
6909409012024-back_camera0-28.jpg 3 1401.88 1171.07 881.45 987.48 1040.87 367.17
6909409012024-back_camera0-25.jpg 3 1487.2 1168.44 901.02 993.79 1172.36 349.3
6909409012024-back_camera0-27.jpg 3 1421.58 1162.04 871.79 976.58 1099.58 370.91
6909409012024-back_camera0-29.jpg 3 1386.24 1166.46 921.88 992.56 928.73 347.81
6909409012024-back_camera0-30.jpg 3 1393.97 1158.09 948.08 973.95 891.77 368.28
6909409012024-back_camera0-33.jpg 3 1460.14 1167.37 958.82 987.06 1002.65 360.62
6909409012024-back_camera0-26.jpg 3 1465.68 1171.53 890.29 992.1 1150.79 358.85
6909409012024-back_camera0-2.jpg 3 1403.88 1161.33 869.21 994.82 1069.33 333.01
6909409012024-back_camera0-31.jpg 3 1468.94 1155.46 1024.37 971.32 889.14 368.28
6909409012024-back_camera0-34.jpg 3 1439.47 1166.5 906.33 982.66 1066.29 367.69
6909409012024-back_camera0-32.jpg 3 1467.62 1148.88 979.65 963.42 975.95 370.91
6909409012024-back_camera0-37.jpg 3 1387.11 1169.81 861.09 991.75 1052.04 356.12
6909409012024-back_camera0-35.jpg 3 1418.03 1172.14 876.68 986.08 1082.71 372.13
6909409012024-back_camera0-36.jpg 3 1395.28 1168.61 842.86 976.58 1104.84 384.06
6909409012024-back_camera0-38.jpg 3 1361.2 1164.48 862.1 986.3 998.21 356.37
6909409012024-back_camera0-39.jpg 3 1338.81 1165.24 858.72 989.48 960.18 351.51
6909409012024-back_camera0-4.jpg 3 1376.95 1166.62 767.35 995.49 1219.19 342.26
6909409012024-back_camera0-3.jpg 3 1395.28 1163.35 821.81 973.95 1146.93 378.8
6909409012024-back_camera0-5.jpg 3 1373.97 1174.28 753.21 996.71 1241.53 355.14
6909409012024-back_camera0-40.jpg 3 1367.85 1168.16 877.58 992.41 980.53 351.51
6909409012024-back_camera0-9.jpg 3 1344.6 1183.53 847.98 990.08 993.23 386.9
6909409012024-back_camera0-7.jpg 3 1348.16 1177.67 757.07 1004.69 1182.19 345.96
6909409012024-back_camera0-8.jpg 3 1341.35 1175.18 792.87 984.47 1096.95 381.43
6909409012024-back_camera1-11.jpg 3 1338.54 1189.33 908.49 785.11 860.09 808.44
6909409012024-back_camera1-10.jpg 3 1324.07 1182.14 920.75 813.98 806.63 736.32
6909409012024-back_camera0-6.jpg 3 1345.3 1165.98 719.22 976.58 1252.16 378.8
6909409012024-back_camera1-12.jpg 3 1337.23 1197.37 873.5 772.94 927.46 848.86
6909409012024-back_camera1-13.jpg 3 1332.34 1188.2 841.5 751.26 981.68 873.89
6909409012024-back_camera1-15.jpg 3 1316.91 1176.75 802.6 742.91 1028.63 867.68
6909409012024-back_camera1-18.jpg 3 1319.54 1130.57 832.23 767.05 974.62 727.03
6909409012024-back_camera1-17.jpg 3 1316.22 1153.44 813.01 755.0 1006.43 796.89
6909409012024-back_camera1-19.jpg 3 1376.87 1093.64 890.21 800.33 973.32 586.62
6909409012024-back_camera1-21.jpg 3 1415.79 1094.47 909.8 770.71 1011.98 647.52
6909409012024-back_camera1-1.jpg 3 1244.02 1117.32 727.11 797.7 1033.82 639.23
6909409012024-back_camera1-23.jpg 3 1381.12 1102.31 817.17 712.59 1127.89 779.43
6909409012024-back_camera1-27.jpg 3 1282.6 1068.14 796.71 674.65 971.78 786.99
6909409012024-back_camera1-20.jpg 3 1396.6 1080.49 900.73 805.59 991.73 549.79
6909409012024-back_camera1-24.jpg 3 1349.04 1095.18 807.28 698.04 1083.52 794.29
6909409012024-back_camera1-25.jpg 3 1328.2 1089.69 800.77 681.95 1054.86 815.48
6909409012024-back_camera1-22.jpg 3 1397.07 1096.33 861.8 736.42 1070.54 719.82
6909409012024-back_camera1-26.jpg 3 1304.17 1080.08 788.01 672.14 1032.33 815.88
6909409012024-back_camera1-29.jpg 3 1257.17 1054.17 848.12 689.84 818.11 728.67
6909409012024-back_camera1-28.jpg 3 1261.91 1064.41 806.04 675.35 911.74 778.12
6909409012024-back_camera1-2.jpg 3 1241.47 1125.33 704.08 771.78 1074.78 707.09
6909409012024-back_camera1-32.jpg 3 1306.69 1069.12 839.68 671.88 934.02 794.47
6909409012024-back_camera1-33.jpg 3 1279.53 1075.22 777.09 658.28 1004.88 833.89
6909409012024-back_camera1-31.jpg 3 1316.36 1050.23 882.31 671.43 868.09 757.61
6909409012024-back_camera1-34.jpg 3 1277.35 1091.18 773.21 668.44 1008.28 845.48
6909409012024-back_camera1-38.jpg 3 1219.03 1098.89 748.15 742.45 941.75 712.89
6909409012024-back_camera1-36.jpg 3 1251.98 1096.87 754.05 690.91 995.86 811.91
6909409012024-back_camera1-35.jpg 3 1265.84 1097.81 748.77 671.69 1034.13 852.23
6909409012024-back_camera1-39.jpg 3 1224.29 1085.74 777.09 771.39 894.4 628.71
6909409012024-back_camera1-37.jpg 3 1237.73 1098.25 751.25 714.3 972.96 767.9
6909409012024-back_camera1-40.jpg 3 1249.6 1110.34 779.42 809.84 940.36 601.0
6909409012024-back_camera1-3.jpg 3 1228.23 1137.05 656.08 750.35 1144.3 773.39
6909409012024-back_camera1-4.jpg 3 1217.49 1152.6 646.77 755.11 1141.44 794.97
6909409012024-back_camera1-6.jpg 3 1213.9 1158.34 654.73 745.7 1118.34 825.28
6909409012024-back_camera1-7.jpg 3 1221.65 1143.62 706.06 726.67 1031.19 833.89
6909409012024-back_camera1-5.jpg 3 1224.29 1142.3 642.93 737.19 1162.72 810.22
6909409012024-back_camera2-12.jpg 3 1343.98 856.89 879.68 434.68 928.6 844.42
6909409012024-back_camera1-8.jpg 3 1221.66 1152.83 753.42 774.02 936.49 757.61
6909409012024-back_camera2-10.jpg 3 1325.57 867.4 903.36 516.22 844.42 702.37
6909409012024-back_camera2-16.jpg 3 1313.76 837.23 804.16 372.37 1019.21 929.71
6909409012024-back_camera2-18.jpg 3 1267.69 824.0 834.96 389.96 865.46 868.09
6909409012024-back_camera2-15.jpg 3 1288.74 842.41 774.46 361.02 1028.56 962.79
6909409012024-back_camera2-11.jpg 3 1318.99 848.99 861.27 460.98 915.44 776.02
6909409012024-back_camera2-13.jpg 3 1319.21 854.72 821.75 405.4 994.92 898.64
6909409012024-back_camera2-14.jpg 3 1318.99 849.0 806.03 387.33 1025.93 923.33
6909409012024-back_camera2-1.jpg 3 1279.53 943.7 905.99 484.66 747.08 918.07
6909409012024-back_camera2-17.jpg 3 1291.54 834.11 825.32 385.34 932.43 897.54
6909409012024-back_camera2-19.jpg 3 1259.29 807.0 903.63 400.26 711.32 813.49
6909409012024-back_camera2-21.jpg 3 1262.53 788.7 889.84 340.47 745.37 896.46
6909409012024-back_camera2-23.jpg 3 1250.6 813.48 808.66 316.3 883.88 994.36
6909409012024-back_camera2-20.jpg 3 1259.62 788.25 927.21 364.14 664.81 848.21
6909409012024-back_camera2-22.jpg 3 1255.67 790.13 842.58 305.68 826.18 968.9
6909409012024-back_camera2-26.jpg 3 1228.24 837.15 756.05 355.76 944.38 962.79
6909409012024-back_camera2-25.jpg 3 1241.24 827.02 775.82 321.16 930.84 1011.72
6909409012024-back_camera2-2.jpg 3 1270.33 942.38 858.64 450.46 823.37 983.84
6909409012024-back_camera2-28.jpg 3 1219.46 847.11 788.93 424.5 861.07 845.21
6909409012024-back_camera2-24.jpg 3 1244.91 811.19 783.91 305.92 922.01 1010.55
6909409012024-back_camera2-27.jpg 3 1224.3 831.89 753.42 374.17 941.75 915.44
6909409012024-back_camera2-30.jpg 3 1187.35 864.85 768.69 542.92 837.31 643.86
6909409012024-back_camera2-33.jpg 3 1195.74 890.24 692.53 437.9 1006.43 904.68
6909409012024-back_camera2-31.jpg 3 1190.06 871.01 726.44 483.29 927.23 775.44
6909409012024-back_camera2-29.jpg 3 1203.24 859.52 787.61 476.77 831.26 765.5
6909409012024-back_camera2-32.jpg 3 1196.66 881.88 700.8 439.94 991.73 883.88
6909409012024-back_camera2-35.jpg 3 1201.93 891.4 689.92 419.81 1024.02 943.18
6909409012024-back_camera2-34.jpg 3 1205.87 891.58 704.04 429.68 1003.66 923.8
6909409012024-back_camera2-38.jpg 3 1245.34 909.5 842.86 492.55 804.96 833.89
6909409012024-back_camera2-37.jpg 3 1230.38 909.41 775.26 467.25 910.23 884.33
6909409012024-back_camera2-3.jpg 3 1280.8 939.63 851.58 437.34 858.43 1004.58
6909409012024-back_camera2-4.jpg 3 1289.41 925.78 821.75 405.4 935.32 1040.77
6909409012024-back_camera2-6.jpg 3 1292.15 912.64 828.71 424.23 926.88 976.83
6909409012024-back_camera2-5.jpg 3 1283.48 923.96 808.66 418.89 949.64 1010.14
6909409012024-back_camera2-7.jpg 3 1300.88 907.45 844.68 428.33 912.4 958.25
6909409012024-back_camera3-10.jpg 3 1422.9 1321.18 950.71 1087.06 944.38 468.24
6909409012024-back_camera2-9.jpg 3 1309.79 868.72 898.1 510.96 823.37 715.52
6909409012024-back_camera2-8.jpg 3 1301.09 881.62 878.35 467.2 845.48 828.83
6909409012024-back_camera3-12.jpg 3 1411.99 1339.86 874.72 1097.33 1074.55 485.06
6909409012024-back_camera3-13.jpg 3 1384.76 1336.97 808.66 1094.95 1152.19 484.03
6909409012024-back_camera3-15.jpg 3 1348.14 1343.94 768.97 1105.98 1158.34 475.93
6909409012024-back_camera3-17.jpg 3 1306.64 1335.18 745.07 1107.09 1123.15 456.19
6909409012024-back_camera3-22.jpg 3 1371.61 1347.48 756.05 1097.58 1231.11 499.81
6909409012024-back_camera3-18.jpg 3 1291.84 1329.02 766.27 1109.94 1051.14 438.16
6909409012024-back_camera3-19.jpg 3 1339.45 1322.57 808.19 1108.09 1062.52 428.97
6909409012024-back_camera3-25.jpg 3 1337.4 1364.59 748.15 1110.74 1178.5 507.7
6909409012024-back_camera3-20.jpg 3 1398.45 1333.68 862.65 1112.19 1071.6 442.99
6909409012024-back_camera3-1.jpg 3 1450.52 1326.44 869.16 1097.58 1162.72 457.72
6909409012024-back_camera3-24.jpg 3 1347.96 1368.22 741.45 1113.53 1213.02 509.38
6909409012024-back_camera3-23.jpg 3 1343.98 1352.75 735.0 1092.32 1217.96 520.86
6909409012024-back_camera3-21.jpg 3 1396.63 1340.01 828.66 1113.38 1135.94 453.26
6909409012024-back_camera3-26.jpg 3 1303.2 1371.16 735.0 1113.37 1136.41 515.59
6909409012024-back_camera3-28.jpg 3 1312.48 1366.67 841.03 1115.48 942.91 502.39
6909409012024-back_camera3-29.jpg 3 1415.8 1359.69 947.73 1120.11 936.13 479.17
6909409012024-back_camera3-30.jpg 3 1441.31 1351.43 932.29 1089.69 1018.04 523.49
6909409012024-back_camera3-27.jpg 3 1302.63 1361.75 805.12 1112.45 995.02 498.59
6909409012024-back_camera3-31.jpg 3 1432.11 1354.07 877.05 1089.69 1110.11 528.75
6909409012024-back_camera3-32.jpg 3 1438.79 1365.35 869.69 1103.46 1138.2 523.77
6909409012024-back_camera3-33.jpg 3 1404.49 1364.59 813.92 1094.95 1181.13 539.27
6909409012024-back_camera3-38.jpg 3 1392.65 1323.81 842.86 1097.58 1099.58 452.46
6909409012024-back_camera3-35.jpg 3 1380.87 1352.75 801.7 1098.42 1158.34 508.66
6909409012024-back_camera3-34.jpg 3 1398.5 1355.28 806.74 1093.39 1183.52 523.77
6909409012024-back_camera3-37.jpg 3 1347.06 1344.09 806.69 1098.47 1080.73 491.24
6909409012024-back_camera3-36.jpg 3 1358.45 1342.23 787.61 1089.69 1141.67 505.07
6909409012024-back_camera3-39.jpg 3 1453.89 1318.76 909.98 1103.46 1087.83 430.6
6909409012024-back_camera3-4.jpg 3 1370.29 1347.48 763.94 1092.32 1212.7 510.33
6909409012024-back_camera3-40.jpg 3 1465.19 1329.64 910.83 1107.62 1108.72 444.05
6909409012024-back_camera3-5.jpg 3 1356.6 1347.36 781.38 1108.86 1150.43 477.01
6909409012024-back_camera3-7.jpg 3 1311.1 1333.02 795.5 1092.32 1031.19 481.4
6909409012024_camera0-10.jpg 3 1407.36 1174.12 956.23 1002.29 902.25 343.65
6909409012024-back_camera3-6.jpg 3 1339.33 1340.16 789.11 1098.42 1100.43 483.48
6909409012024-back_camera3-9.jpg 3 1356.32 1326.3 892.7 1102.74 927.23 447.12
6909409012024_camera0-15.jpg 3 1482.86 1175.23 882.28 1002.74 1201.15 344.98
6909409012024_camera0-13.jpg 3 1495.24 1167.3 937.56 979.21 1115.37 376.17
6909409012024_camera0-11.jpg 3 1429.47 1173.87 955.97 997.62 947.01 352.5
6909409012024_camera0-14.jpg 3 1477.05 1177.13 892.17 999.77 1169.76 354.72
6909409012024_camera0-12.jpg 3 1493.71 1172.95 1012.43 1004.86 962.56 336.18
6909409012024_camera0-16.jpg 3 1463.55 1179.96 847.11 998.06 1232.87 363.8
6909409012024_camera0-18.jpg 3 1409.68 1174.07 837.09 1006.64 1145.19 334.86
6909409012024_camera0-17.jpg 3 1425.53 1173.87 824.44 987.1 1202.18 373.54
6909409012024_camera0-19.jpg 3 1397.76 1170.47 856.62 1004.89 1082.28 331.16
6909409012024_camera0-20.jpg 3 1395.28 1171.24 874.42 992.36 1041.71 357.76
6909409012024_camera0-1.jpg 3 1400.8 1160.48 860.84 986.84 1079.91 347.28
6909409012024_camera0-21.jpg 3 1443.95 1169.92 942.82 984.47 1002.25 370.91
6909409012024_camera0-22.jpg 3 1475.9 1170.41 972.31 995.25 1007.18 350.32
6909409012024_camera0-23.jpg 3 1458.29 1171.24 935.65 1000.11 1045.28 342.26
6909409012024_camera0-29.jpg 3 1391.33 1176.51 911.25 981.84 960.16 389.33
6909409012024_camera0-26.jpg 3 1418.95 1173.87 858.64 981.84 1120.63 384.06
6909409012024_camera0-25.jpg 3 1440.41 1173.97 893.26 1002.38 1094.31 343.19
6909409012024_camera0-24.jpg 3 1449.21 1172.56 895.47 997.62 1107.48 349.87
6909409012024_camera0-28.jpg 3 1398.07 1176.34 901.33 998.73 993.48 355.21
6909409012024_camera0-27.jpg 3 1403.62 1175.38 868.03 990.6 1071.18 369.57
6909409012024_camera0-2.jpg 3 1417.64 1163.35 890.21 966.05 1054.86 394.59
6909409012024_camera0-32.jpg 3 1511.02 1179.13 1019.1 1000.25 983.84 357.76
6909409012024_camera0-31.jpg 3 1488.26 1175.05 1037.15 994.82 902.21 360.45
6909409012024_camera0-30.jpg 3 1449.14 1172.29 985.97 992.07 926.34 360.43
6909409012024_camera0-33.jpg 3 1489.98 1172.56 940.19 987.1 1099.58 370.91
6909409012024_camera0-34.jpg 3 1478.55 1172.84 917.05 995.23 1122.99 355.21
6909409012024_camera0-35.jpg 3 1424.21 1171.24 834.96 984.47 1178.5 373.54
6909409012024_camera0-36.jpg 3 1424.22 1163.35 824.44 971.32 1199.55 384.06
6909409012024_camera0-38.jpg 3 1357.2 1165.38 800.34 987.78 1113.73 355.21
6909409012024_camera0-40.jpg 3 1362.39 1160.72 816.55 973.95 1091.69 373.54
6909409012024_camera0-3.jpg 3 1454.47 1162.04 919.14 976.58 1070.65 370.91
6909409012024_camera0-39.jpg 3 1342.93 1162.45 801.17 981.15 1083.52 362.61
6909409012024_camera0-37.jpg 3 1382.12 1169.92 792.87 984.47 1178.5 370.91
6909409012024_camera0-4.jpg 3 1450.33 1168.88 908.26 992.2 1084.13 353.36
6909409012024_camera0-5.jpg 3 1434.22 1165.96 889.76 982.0 1088.92 367.92
6909409012024_camera1-10.jpg 3 1322.93 1113.37 908.62 774.02 828.63 678.69
6909409012024_camera0-9.jpg 3 1345.3 1165.98 877.05 987.1 936.49 357.76
6909409012024_camera0-6.jpg 3 1425.3 1173.61 885.7 996.62 1079.2 353.98
6909409012024_camera0-7.jpg 3 1405.8 1177.82 874.42 994.99 1062.76 365.65
6909409012024_camera0-8.jpg 3 1387.53 1175.25 897.27 996.72 980.53 357.06
6909409012024_camera1-12.jpg 3 1330.83 1123.89 834.96 763.5 991.73 720.78
6909409012024_camera1-11.jpg 3 1326.75 1118.78 882.67 774.91 888.16 687.74
6909409012024_camera1-17.jpg 3 1299.55 1109.67 747.31 766.49 1104.48 686.37
6909409012024_camera1-14.jpg 3 1315.04 1131.78 748.15 742.45 1133.78 778.65
6909409012024_camera1-13.jpg 3 1332.14 1133.1 779.72 745.09 1104.84 776.02
6909409012024_camera1-15.jpg 3 1321.09 1123.86 752.19 740.9 1137.79 765.92
6909409012024_camera1-18.jpg 3 1284.79 1106.79 742.89 774.02 1083.8 665.54
6909409012024_camera1-1.jpg 3 1307.75 1081.68 817.17 758.44 981.17 646.47
6909409012024_camera1-16.jpg 3 1308.27 1117.48 733.43 735.31 1149.68 764.34
6909409012024_camera1-19.jpg 3 1287.42 1093.64 792.87 797.7 989.1 591.88
6909409012024_camera1-20.jpg 3 1300.58 1097.58 829.7 787.17 941.75 620.82
6909409012024_camera1-22.jpg 3 1328.1 1107.97 844.44 738.48 967.32 738.97
6909409012024_camera1-21.jpg 3 1332.83 1110.9 857.87 758.89 949.92 704.02
6909409012024_camera1-23.jpg 3 1301.89 1125.21 779.72 700.37 1044.34 849.68
6909409012024_camera1-24.jpg 3 1301.56 1121.09 786.6 703.08 1029.92 836.02
6909409012024_camera1-25.jpg 3 1291.37 1116.0 761.31 679.32 1060.12 873.35
6909409012024_camera1-26.jpg 3 1289.38 1114.31 788.01 681.39 1002.73 865.83
6909409012024_camera1-28.jpg 3 1279.54 1091.0 848.12 697.73 862.83 786.54
6909409012024_camera1-27.jpg 3 1268.78 1102.31 771.32 680.5 994.92 843.62
6909409012024_camera1-2.jpg 3 1313.42 1100.42 828.71 755.39 969.43 690.07
6909409012024_camera1-29.jpg 3 1287.12 1079.38 867.6 694.25 839.04 770.26
6909409012024_camera1-33.jpg 3 1317.74 1096.27 787.85 678.62 1059.77 835.3
6909409012024_camera1-30.jpg 3 1355.82 1066.02 942.82 708.26 826.0 715.52
6909409012024_camera1-31.jpg 3 1352.32 1077.71 917.56 704.0 869.53 747.42
6909409012024_camera1-32.jpg 3 1329.51 1092.32 834.96 692.47 989.1 799.7
6909409012024_camera1-34.jpg 3 1302.47 1102.77 747.74 666.83 1109.46 871.87
6909409012024_camera1-35.jpg 3 1270.32 1093.64 698.17 674.06 1144.3 839.16
6909409012024_camera1-37.jpg 3 1239.72 1087.16 690.26 699.58 1098.93 775.17
6909409012024_camera1-36.jpg 3 1264.28 1094.43 704.14 680.58 1120.27 827.69
6909409012024_camera1-39.jpg 3 1216.4 1081.8 724.48 755.61 983.84 652.38
6909409012024_camera1-38.jpg 3 1212.6 1077.3 708.46 733.19 1008.28 688.22
6909409012024_camera1-3.jpg 3 1301.88 1114.68 792.87 718.78 1018.03 791.8
6909409012024_camera1-4.jpg 3 1292.74 1129.9 776.52 718.19 1032.44 823.43
6909409012024_camera1-5.jpg 3 1284.42 1137.24 770.49 710.89 1027.87 852.71
6909409012024_camera1-40.jpg 3 1263.75 1064.7 766.57 771.39 994.36 586.62
6909409012024_camera1-6.jpg 3 1272.95 1139.67 769.2 705.63 1007.51 868.09
6909409012024_camera2-10.jpg 3 1290.22 870.53 894.88 511.7 790.69 717.67
6909409012024_camera2-12.jpg 3 1275.24 871.42 826.26 426.78 897.95 889.28
6909409012024_camera1-7.jpg 3 1258.49 1143.62 779.72 726.67 957.53 833.89
6909409012024_camera1-9.jpg 3 1242.38 1132.42 844.51 766.03 795.73 732.78
6909409012024_camera1-8.jpg 3 1230.87 1118.63 779.72 721.41 902.29 794.44
6909409012024_camera2-16.jpg 3 1275.66 845.55 803.42 322.87 944.49 1045.36
6909409012024_camera2-15.jpg 3 1263.74 848.99 787.61 332.08 952.27 1033.82
6909409012024_camera2-11.jpg 3 1279.51 871.59 867.87 491.4 823.28 760.37
6909409012024_camera2-14.jpg 3 1265.06 856.89 787.61 339.98 954.9 1033.82
6909409012024_camera2-17.jpg 3 1272.59 837.8 841.99 335.43 861.2 1004.74
6909409012024_camera2-18.jpg 3 1272.95 830.58 856.01 347.87 833.89 965.42
6909409012024_camera2-13.jpg 3 1273.86 857.94 806.74 370.68 934.23 974.52
6909409012024_camera2-19.jpg 3 1270.33 824.0 895.47 379.43 749.72 889.14
6909409012024_camera2-21.jpg 3 1273.85 854.16 869.69 426.08 808.32 856.17
6909409012024_camera2-20.jpg 3 1283.89 826.67 941.75 415.23 684.29 822.88
6909409012024_camera2-1.jpg 3 1244.02 870.04 837.59 445.2 812.85 849.68
6909409012024_camera2-23.jpg 3 1257.49 851.64 774.01 375.72 966.96 951.85
6909409012024_camera2-22.jpg 3 1271.63 849.0 832.33 395.22 878.61 907.55
6909409012024_camera2-25.jpg 3 1246.15 860.46 736.23 388.31 1019.84 944.3
6909409012024_camera2-24.jpg 3 1245.33 863.46 742.89 374.17 1004.88 978.58
6909409012024_camera2-26.jpg 3 1233.57 857.95 718.61 393.35 1029.92 929.19
6909409012024_camera2-27.jpg 3 1230.87 852.93 724.48 416.26 1012.77 873.35
6909409012024_camera2-2.jpg 3 1260.65 875.2 824.62 434.2 872.07 882.0
6909409012024_camera2-28.jpg 3 1217.01 842.96 739.64 440.66 954.73 804.59
6909409012024_camera2-29.jpg 3 1222.24 847.88 784.08 489.04 876.31 717.67
6909409012024_camera2-33.jpg 3 1262.52 874.31 791.63 375.72 941.78 997.18
6909409012024_camera2-32.jpg 3 1252.88 861.53 802.66 416.98 900.43 889.09
6909409012024_camera2-30.jpg 3 1243.64 844.1 839.48 484.0 808.32 720.19
6909409012024_camera2-31.jpg 3 1253.71 852.91 836.96 461.34 833.5 783.14
6909409012024_camera2-34.jpg 3 1256.37 876.39 779.64 367.82 953.45 1017.14
6909409012024_camera2-35.jpg 3 1253.71 888.15 784.08 370.68 939.26 1034.95
6909409012024_camera2-39.jpg 3 1238.97 900.58 849.26 437.5 779.43 926.15
6909409012024_camera2-36.jpg 3 1253.22 897.65 792.87 379.43 920.7 1036.45
6909409012024_camera2-38.jpg 3 1237.35 908.31 839.48 443.71 795.73 929.19
6909409012024_camera2-37.jpg 3 1247.79 900.07 803.85 389.59 887.87 1020.96
6909409012024_camera2-40.jpg 3 1253.23 883.18 895.47 468.87 715.52 828.63
6909409012024_camera2-4.jpg 3 1280.25 866.18 766.74 387.06 1027.02 958.25
6909409012024_camera2-3.jpg 3 1270.26 872.87 798.65 415.29 943.22 915.16
6909409012024_camera2-7.jpg 3 1286.11 873.98 769.2 421.52 1033.82 904.92
6909409012024_camera3-10.jpg 3 1459.18 1360.68 951.57 1119.42 1015.21 482.52
6909409012024_camera2-6.jpg 3 1286.45 873.05 766.45 410.97 1039.99 924.16
6909409012024_camera2-9.jpg 3 1280.85 875.29 827.07 510.96 907.55 728.67
6909409012024_camera2-8.jpg 3 1293.3 880.91 808.94 475.04 968.71 811.74
6909409012024_camera2-5.jpg 3 1277.35 879.35 763.96 407.58 1026.78 943.53
6909409012024_camera3-11.jpg 3 1451.84 1363.27 916.51 1113.37 1070.65 499.81
6909409012024_camera3-12.jpg 3 1451.99 1370.34 881.24 1127.98 1141.49 484.72
6909409012024_camera3-13.jpg 3 1438.68 1365.9 832.33 1108.11 1212.7 515.59
6909409012024_camera3-17.jpg 3 1372.78 1342.33 828.86 1123.25 1087.83 438.16
6909409012024_camera3-15.jpg 3 1410.24 1363.05 807.76 1127.25 1204.96 471.59
6909409012024_camera3-14.jpg 3 1424.21 1369.85 816.55 1126.52 1215.33 486.66
6909409012024_camera3-16.jpg 3 1393.15 1357.57 805.8 1128.23 1174.71 458.67
6909409012024_camera3-18.jpg 3 1375.61 1336.06 869.62 1130.7 1011.98 410.71
6909409012024_camera3-19.jpg 3 1412.38 1334.34 903.36 1116.0 1018.03 436.68
6909409012024_camera3-1.jpg 3 1431.32 1331.48 909.37 1113.93 1043.89 435.09
6909409012024_camera3-22.jpg 3 1435.37 1348.76 898.33 1104.31 1074.07 488.91
6909409012024_camera3-20.jpg 3 1455.78 1342.22 953.34 1100.21 1004.88 484.03
6909409012024_camera3-21.jpg 3 1435.01 1351.49 915.02 1118.57 1039.99 465.85
6909409012024_camera3-26.jpg 3 1368.44 1343.06 863.04 1094.08 1010.8 497.96
6909409012024_camera3-23.jpg 3 1407.12 1346.18 858.64 1084.43 1096.95 523.49
6909409012024_camera3-24.jpg 3 1401.02 1350.24 862.14 1103.46 1077.76 493.55
6909409012024_camera3-25.jpg 3 1365.03 1350.12 824.44 1092.32 1081.17 515.59
6909409012024_camera3-27.jpg 3 1364.51 1330.09 915.02 1085.83 898.97 488.52
6909409012024_camera3-29.jpg 3 1467.62 1323.82 1005.95 1071.28 923.33 505.07
6909409012024_camera3-28.jpg 3 1411.8 1331.04 961.82 1088.68 899.96 484.72
6909409012024_camera3-2.jpg 3 1423.68 1338.9 889.84 1116.05 1067.69 445.71
6909409012024_camera3-30.jpg 3 1476.82 1330.39 974.38 1063.39 1004.88 534.01
6909409012024_camera3-32.jpg 3 1447.61 1336.39 899.91 1078.28 1095.39 516.22
6909409012024_camera3-31.jpg 3 1469.82 1334.16 946.02 1071.42 1047.6 525.49
6909409012024_camera3-33.jpg 3 1412.38 1331.7 832.33 1058.12 1160.09 547.16
6909409012024_camera3-34.jpg 3 1391.05 1338.57 805.42 1075.53 1171.27 526.08
6909409012024_camera3-37.jpg 3 1317.92 1323.79 774.01 1088.35 1087.83 470.89
6909409012024_camera3-36.jpg 3 1326.88 1327.76 758.68 1073.91 1136.41 507.7
6909409012024_camera3-35.jpg 3 1341.35 1330.39 771.83 1071.28 1139.04 518.22
6909409012024_camera3-38.jpg 3 1339.33 1317.5 809.26 1100.94 1060.13 433.12
6909409012024_camera3-39.jpg 3 1368.45 1316.97 831.54 1105.48 1073.83 422.97
6909409012024_camera3-40.jpg 3 1418.64 1327.57 899.91 1118.57 1037.47 418.01
6909409012024_camera3-4.jpg 3 1385.38 1350.42 848.6 1111.33 1073.57 478.19
6909409012024_camera3-3.jpg 3 1409.74 1344.86 866.53 1110.74 1086.43 468.24
6909409012024_camera3-5.jpg 3 1374.58 1351.5 859.62 1105.98 1029.92 491.04
6909409012024_camera3-7.jpg 3 1335.55 1352.76 872.21 1108.5 926.67 488.52
6909409012024_camera3-8.jpg 3 1353.18 1350.12 916.51 1102.84 873.35 494.55
6909409012024_camera3-6.jpg 3 1355.7 1352.76 854.59 1111.02 1002.22 483.48
6909409012024_camera3-9.jpg 3 1424.88 1348.35 964.15 1115.09 921.47 466.52
