6924187828964-back_camera0-13.jpg 30 1516.92 1058.79 1053.71 929.47 926.43 258.63
6924187828964-back_camera0-14.jpg 30 1504.01 1056.8 1004.5 936.28 999.03 241.04
6924187828964-back_camera0-11.jpg 30 1522.39 1059.01 1167.92 938.42 708.95 241.19
6924187828964-back_camera0-12.jpg 30 1523.68 1064.58 1109.68 939.12 828.0 250.91
6924187828964-back_camera0-16.jpg 30 1461.77 1054.21 922.61 932.9 1078.32 242.62
6924187828964-back_camera0-10.jpg 30 1428.08 1060.61 1086.46 946.73 683.24 227.75
6924187828964-back_camera0-18.jpg 30 1434.74 1052.87 903.36 929.23 1062.76 247.27
6924187828964-back_camera0-1.jpg 30 1449.4 1072.28 917.38 970.0 1064.05 204.56
6924187828964-back_camera0-19.jpg 30 1408.03 1039.42 882.09 912.04 1051.88 254.77
6924187828964-back_camera0-17.jpg 30 1441.31 1063.38 879.68 923.96 1123.26 278.84
6924187828964-back_camera0-15.jpg 30 1487.68 1055.36 952.32 916.49 1070.73 277.73
6924187828964-back_camera0-22.jpg 30 1450.51 1043.65 921.77 913.44 1057.49 260.43
6924187828964-back_camera0-20.jpg 30 1427.12 1042.38 892.49 916.92 1069.25 250.91
6924187828964-back_camera0-21.jpg 30 1459.62 1038.09 932.36 918.76 1054.53 238.66
6924187828964-back_camera0-24.jpg 30 1405.8 1047.6 858.64 918.7 1094.32 257.8
6924187828964-back_camera0-23.jpg 30 1438.06 1041.25 894.75 912.9 1086.62 256.7
6924187828964-back_camera0-28.jpg 30 1340.98 1057.26 907.16 921.0 867.65 272.51
6924187828964-back_camera0-26.jpg 30 1373.24 1047.61 867.25 919.95 1011.98 255.31
6924187828964-back_camera0-29.jpg 30 1337.59 1057.93 963.16 925.72 748.86 264.42
6924187828964-back_camera0-32.jpg 30 1461.05 1052.86 1027.0 923.96 868.09 257.8
6924187828964-back_camera0-25.jpg 30 1392.49 1046.75 865.23 921.47 1054.53 250.55
6924187828964-back_camera0-2.jpg 30 1473.98 1071.75 936.46 963.67 1075.04 216.17
6924187828964-back_camera0-27.jpg 30 1359.78 1060.38 882.1 924.13 955.35 272.51
6924187828964-back_camera0-31.jpg 30 1458.75 1061.19 1101.85 936.22 713.8 249.94
6924187828964-back_camera0-30.jpg 30 1383.67 1053.66 1042.34 931.56 682.67 244.21
6924187828964-back_camera0-33.jpg 30 1468.94 1061.31 1005.73 943.85 926.43 234.92
6924187828964-back_camera0-34.jpg 30 1458.41 1067.34 945.45 939.75 1025.93 255.17
6924187828964-back_camera0-36.jpg 30 1443.74 1070.47 896.13 964.09 1095.23 212.76
6924187828964-back_camera0-35.jpg 30 1459.72 1062.08 919.14 934.49 1081.17 255.17
6924187828964-back_camera0-37.jpg 30 1426.48 1076.96 870.3 962.12 1112.36 229.68
6924187828964-back_camera0-38.jpg 30 1411.86 1075.56 869.53 972.48 1084.66 206.15
6924187828964-back_camera0-39.jpg 30 1388.7 1071.28 850.75 955.53 1075.91 231.49
6924187828964-back_camera0-3.jpg 30 1459.95 1068.35 899.01 953.24 1121.89 230.22
6924187828964-back_camera0-8.jpg 30 1403.16 1061.19 967.93 955.04 870.46 212.31
6924187828964-back_camera0-40.jpg 30 1433.43 1076.53 887.58 966.05 1091.69 220.97
6924187828964-back_camera0-4.jpg 30 1449.35 1068.57 893.41 967.74 1111.88 201.66
6924187828964-back_camera1-12.jpg 30 1338.66 1210.38 972.19 822.89 732.94 774.97
6924187828964-back_camera1-10.jpg 30 1282.16 1175.18 966.49 829.26 631.34 691.84
6924187828964-back_camera0-9.jpg 30 1405.51 1053.54 1032.86 956.81 745.31 193.46
6924187828964-back_camera0-7.jpg 30 1409.59 1066.83 924.34 956.49 970.5 220.67
6924187828964-back_camera0-6.jpg 30 1412.37 1055.49 882.31 934.49 1060.12 242.01
6924187828964-back_camera0-5.jpg 30 1427.17 1068.43 878.07 958.42 1098.2 220.03
6924187828964-back_camera1-11.jpg 30 1331.05 1199.87 1027.8 843.73 606.51 712.27
6924187828964-back_camera1-13.jpg 30 1338.77 1212.76 916.69 807.74 844.16 810.05
6924187828964-back_camera1-15.jpg 30 1328.2 1194.91 834.96 800.33 986.47 789.17
6924187828964-back_camera1-14.jpg 30 1336.03 1205.12 880.24 799.24 911.58 811.75
6924187828964-back_camera1-16.jpg 30 1323.24 1190.16 827.43 814.6 991.63 751.12
6924187828964-back_camera1-18.jpg 30 1303.0 1159.35 789.26 835.33 1027.48 648.04
6924187828964-back_camera1-1.jpg 30 1257.17 1127.84 787.61 887.14 939.12 481.4
6924187828964-back_camera1-21.jpg 30 1355.74 1130.25 869.74 875.43 972.0 509.64
6924187828964-back_camera1-22.jpg 30 1365.33 1136.45 885.24 851.54 960.18 569.82
6924187828964-back_camera1-23.jpg 30 1342.67 1143.62 842.86 802.96 999.62 681.32
6924187828964-back_camera1-17.jpg 30 1313.7 1173.6 804.06 812.38 1019.29 722.43
6924187828964-back_camera1-20.jpg 30 1321.18 1121.14 842.02 877.86 958.33 486.57
6924187828964-back_camera1-26.jpg 30 1304.96 1155.85 835.38 748.39 939.17 814.92
6924187828964-back_camera1-19.jpg 30 1300.57 1142.07 809.31 851.78 982.51 580.57
6924187828964-back_camera1-25.jpg 30 1314.5 1145.91 833.18 769.27 962.65 753.28
6924187828964-back_camera1-24.jpg 30 1328.15 1147.33 830.33 778.23 995.64 738.19
6924187828964-back_camera1-27.jpg 30 1287.61 1146.32 852.74 732.77 869.74 827.1
6924187828964-back_camera1-28.jpg 30 1283.48 1140.98 890.21 726.67 786.54 828.63
6924187828964-back_camera1-29.jpg 30 1271.8 1139.28 939.71 755.39 664.17 767.77
6924187828964-back_camera1-2.jpg 30 1258.53 1140.76 767.28 864.92 982.51 551.68
6924187828964-back_camera1-30.jpg 30 1283.48 1135.72 982.28 768.76 602.4 733.93
6924187828964-back_camera1-32.jpg 30 1326.84 1125.0 964.31 749.33 725.06 751.33
6924187828964-back_camera1-31.jpg 30 1315.32 1120.74 993.43 758.35 643.78 724.78
6924187828964-back_camera1-33.jpg 30 1318.05 1131.88 911.96 746.14 812.18 771.47
6924187828964-back_camera1-35.jpg 30 1292.68 1144.93 819.18 758.24 947.01 773.39
6924187828964-back_camera1-34.jpg 30 1313.7 1138.13 864.48 738.82 898.44 798.62
6924187828964-back_camera1-36.jpg 30 1281.78 1139.43 786.42 766.03 990.71 746.81
6924187828964-back_camera1-3.jpg 30 1258.49 1142.31 753.42 834.53 1010.14 615.56
6924187828964-back_camera1-37.jpg 30 1272.98 1135.51 767.28 778.23 1011.41 714.55
6924187828964-back_camera1-38.jpg 30 1255.74 1136.56 756.36 814.38 998.76 644.36
6924187828964-back_camera1-40.jpg 30 1225.61 1126.53 753.42 881.88 944.38 489.29
6924187828964-back_camera1-39.jpg 30 1244.09 1134.18 759.4 851.78 969.37 564.81
6924187828964-back_camera1-4.jpg 30 1251.37 1154.86 733.36 813.78 1036.01 682.15
6924187828964-back_camera1-5.jpg 30 1238.84 1156.52 733.13 793.99 1011.41 725.06
6924187828964-back_camera1-6.jpg 30 1230.95 1173.6 741.01 791.36 979.88 764.47
6924187828964-back_camera1-7.jpg 30 1232.18 1175.19 766.57 797.7 931.23 754.98
6924187828964-back_camera1-8.jpg 30 1243.43 1176.54 833.08 786.08 820.71 780.92
6924187828964-back_camera2-11.jpg 30 1315.01 866.23 901.26 596.96 827.51 538.54
6924187828964-back_camera2-10.jpg 30 1292.68 871.36 874.42 613.56 836.53 515.59
6924187828964-back_camera1-9.jpg 30 1244.78 1169.76 905.09 804.01 679.38 731.49
6924187828964-back_camera2-12.jpg 30 1320.11 858.91 873.28 536.85 893.66 644.13
6924187828964-back_camera2-15.jpg 30 1297.94 851.78 848.72 415.7 898.44 872.17
6924187828964-back_camera2-17.jpg 30 1280.85 850.31 877.05 389.96 807.59 920.7
6924187828964-back_camera2-13.jpg 30 1310.65 859.0 862.01 496.39 897.28 725.22
6924187828964-back_camera2-16.jpg 30 1295.31 849.16 861.85 389.43 866.92 919.46
6924187828964-back_camera2-14.jpg 30 1311.08 857.04 848.72 449.85 924.71 814.38
6924187828964-back_camera2-1.jpg 30 1270.25 919.88 1003.48 512.42 533.54 814.92
6924187828964-back_camera2-19.jpg 30 1273.49 844.82 958.37 408.82 630.25 871.99
6924187828964-back_camera2-20.jpg 30 1266.38 845.05 990.17 434.68 552.42 820.74
6924187828964-back_camera2-18.jpg 30 1275.61 846.54 909.14 389.43 732.94 914.21
6924187828964-back_camera2-22.jpg 30 1262.43 820.06 934.93 384.7 655.01 870.72
6924187828964-back_camera2-23.jpg 30 1260.8 829.29 894.49 382.5 732.62 893.58
6924187828964-back_camera2-21.jpg 30 1258.49 822.68 984.91 405.74 547.16 833.89
6924187828964-back_camera2-25.jpg 30 1250.65 834.71 817.19 384.17 866.92 901.07
6924187828964-back_camera2-24.jpg 30 1254.8 829.35 853.33 376.08 802.93 906.53
6924187828964-back_camera2-2.jpg 30 1270.24 918.06 948.66 483.19 643.17 869.74
6924187828964-back_camera2-29.jpg 30 1234.89 854.41 793.55 539.17 882.68 630.49
6924187828964-back_camera2-26.jpg 30 1242.7 843.73 787.61 411.0 910.18 865.46
6924187828964-back_camera2-27.jpg 30 1244.3 848.0 791.04 453.01 906.53 789.97
6924187828964-back_camera2-28.jpg 30 1237.52 849.16 777.79 486.63 919.46 725.06
6924187828964-back_camera2-31.jpg 30 1220.45 863.61 806.69 589.08 827.51 549.05
6924187828964-back_camera2-32.jpg 30 1216.4 868.72 771.83 539.9 889.14 657.65
6924187828964-back_camera2-30.jpg 30 1235.98 864.18 829.89 609.8 812.18 508.77
6924187828964-back_camera2-34.jpg 30 1225.7 883.31 769.91 473.49 911.58 819.63
6924187828964-back_camera2-33.jpg 30 1224.62 878.42 776.91 511.19 895.43 734.47
6924187828964-back_camera2-35.jpg 30 1216.4 888.45 758.68 447.83 915.44 881.24
6924187828964-back_camera2-38.jpg 30 1242.77 897.75 880.24 444.59 725.06 906.32
6924187828964-back_camera2-36.jpg 30 1233.07 893.32 797.84 434.88 870.45 916.87
6924187828964-back_camera2-37.jpg 30 1241.38 893.71 840.22 437.31 802.33 912.81
6924187828964-back_camera2-39.jpg 30 1250.52 895.07 936.01 461.23 629.02 867.68
6924187828964-back_camera2-3.jpg 30 1280.87 914.84 917.02 460.36 727.69 908.95
6924187828964-back_camera2-40.jpg 30 1253.31 895.07 995.22 487.13 516.17 815.88
6924187828964-back_camera2-8.jpg 30 1287.42 888.45 829.7 524.12 915.44 728.67
6924187828964-back_camera2-7.jpg 30 1289.53 895.92 827.26 490.29 924.55 811.27
6924187828964-back_camera2-4.jpg 30 1280.86 913.53 880.24 452.48 801.24 922.09
6924187828964-back_camera2-6.jpg 30 1295.32 900.29 842.86 460.98 904.92 878.61
6924187828964-back_camera2-5.jpg 30 1283.2 911.0 855.84 466.37 854.73 889.26
6924187828964-back_camera3-11.jpg 30 1473.95 1358.81 1029.98 1132.88 887.94 451.85
6924187828964-back_camera3-10.jpg 30 1480.19 1360.98 1108.33 1145.45 743.72 431.06
6924187828964-back_camera2-9.jpg 30 1291.37 884.51 861.27 571.47 860.2 626.08
6924187828964-back_camera3-12.jpg 30 1458.19 1361.43 980.07 1130.25 956.24 462.36
6924187828964-back_camera3-13.jpg 30 1444.52 1352.45 944.08 1134.14 1000.88 436.61
6924187828964-back_camera3-14.jpg 30 1421.66 1347.61 890.69 1127.1 1061.95 441.03
6924187828964-back_camera3-15.jpg 30 1405.8 1336.96 877.05 1126.52 1057.49 420.89
6924187828964-back_camera3-17.jpg 30 1372.81 1307.58 864.48 1119.74 1016.66 375.67
6924187828964-back_camera3-1.jpg 30 1421.81 1337.85 896.92 1173.72 1049.78 328.25
6924187828964-back_camera3-16.jpg 30 1379.49 1326.44 861.27 1139.67 1036.45 373.54
6924187828964-back_camera3-18.jpg 30 1391.2 1306.26 877.62 1130.25 1027.17 352.02
6924187828964-back_camera3-19.jpg 30 1414.24 1304.19 909.18 1133.72 1010.13 340.94
6924187828964-back_camera3-21.jpg 30 1408.43 1331.7 895.47 1131.78 1025.93 399.85
6924187828964-back_camera3-22.jpg 30 1378.66 1342.42 854.26 1132.3 1048.8 420.25
6924187828964-back_camera3-23.jpg 30 1355.74 1340.41 840.84 1119.74 1029.79 441.34
6924187828964-back_camera3-20.jpg 30 1423.2 1317.61 920.91 1138.15 1004.58 358.91
6924187828964-back_camera3-25.jpg 30 1317.64 1352.23 859.23 1122.37 916.83 459.73
6924187828964-back_camera3-24.jpg 30 1322.93 1340.92 824.44 1118.63 996.99 444.57
6924187828964-back_camera3-26.jpg 30 1311.12 1348.69 901.33 1125.76 819.58 445.86
6924187828964-back_camera3-28.jpg 30 1340.78 1352.56 1003.97 1128.73 673.62 447.66
6924187828964-back_camera3-27.jpg 30 1305.83 1344.36 938.04 1122.37 735.57 443.97
6924187828964-back_camera3-29.jpg 30 1417.16 1349.79 1089.7 1147.61 654.92 404.37
6924187828964-back_camera3-30.jpg 30 1422.72 1364.05 1029.98 1151.26 785.48 425.58
6924187828964-back_camera3-2.jpg 30 1415.45 1346.35 872.78 1156.32 1085.34 380.05
6924187828964-back_camera3-31.jpg 30 1425.2 1361.12 978.64 1144.57 893.13 433.09
6924187828964-back_camera3-32.jpg 30 1418.78 1370.62 927.53 1151.26 982.51 438.71
6924187828964-back_camera3-34.jpg 30 1404.49 1359.32 869.16 1150.19 1070.65 418.26
6924187828964-back_camera3-35.jpg 30 1387.22 1369.66 854.41 1185.58 1065.63 368.16
6924187828964-back_camera3-33.jpg 30 1409.59 1371.94 893.38 1153.89 1032.42 436.09
6924187828964-back_camera3-37.jpg 30 1365.54 1364.02 862.49 1211.29 1006.09 305.46
6924187828964-back_camera3-38.jpg 30 1386.07 1356.7 866.53 1184.39 1039.08 344.61
6924187828964-back_camera3-36.jpg 30 1375.25 1359.64 848.91 1195.91 1052.68 327.46
6924187828964-back_camera3-3.jpg 30 1395.14 1344.36 859.23 1148.64 1071.83 391.43
6924187828964-back_camera3-40.jpg 30 1423.41 1353.06 902.29 1184.77 1042.25 336.58
6924187828964-back_camera3-39.jpg 30 1426.17 1354.64 916.69 1194.76 1018.96 319.76
6924187828964-back_camera3-4.jpg 30 1387.38 1344.86 863.9 1137.04 1046.97 415.63
6924187828964-back_camera3-6.jpg 30 1362.3 1349.6 935.41 1151.26 853.78 396.68
6924187828964-back_camera3-5.jpg 30 1372.84 1346.43 912.17 1154.03 921.33 384.81
6924187828964-back_camera3-9.jpg 30 1478.01 1359.61 1149.52 1151.72 656.99 415.77
6924187828964-back_camera3-8.jpg 30 1409.75 1360.64 1079.61 1160.72 660.28 399.85
6924187828964-back_camera3-7.jpg 30 1370.18 1352.23 1008.97 1151.26 722.43 401.94
6924187828964_camera0-12.jpg 30 1459.75 1251.62 1104.54 1131.1 710.42 241.04
6924187828964_camera0-11.jpg 30 1376.76 1249.78 1019.48 1122.37 714.55 254.82
6924187828964_camera0-13.jpg 30 1509.16 1253.66 1116.42 1130.02 785.48 247.28
6924187828964_camera0-10.jpg 30 1357.14 1250.16 934.93 1118.63 844.42 263.06
6924187828964_camera0-15.jpg 30 1538.42 1260.11 1046.84 1141.97 983.17 236.28
6924187828964_camera0-14.jpg 30 1534.4 1276.24 1078.22 1135.55 912.37 281.39
6924187828964_camera0-18.jpg 30 1522.55 1262.91 959.05 1146.01 1126.99 233.81
6924187828964_camera0-17.jpg 30 1538.65 1263.31 979.65 1123.89 1118.0 278.84
6924187828964_camera0-16.jpg 30 1538.39 1265.78 1008.68 1140.32 1059.42 250.92
6924187828964_camera0-1.jpg 30 1331.62 1229.42 801.58 1122.12 1060.08 214.61
6924187828964_camera0-19.jpg 30 1510.72 1256.35 959.05 1140.76 1103.35 231.18
6924187828964_camera0-20.jpg 30 1494.96 1256.83 966.46 1151.98 1057.0 209.7
6924187828964_camera0-21.jpg 30 1491.76 1254.83 988.28 1159.68 1006.96 190.29
6924187828964_camera0-23.jpg 30 1530.43 1256.35 1011.59 1148.64 1037.68 215.42
6924187828964_camera0-25.jpg 30 1488.22 1254.32 942.5 1145.61 1091.44 217.43
6924187828964_camera0-22.jpg 30 1524.65 1253.01 1016.96 1155.43 1015.38 195.16
6924187828964_camera0-26.jpg 30 1448.53 1247.45 935.14 1142.0 1026.78 210.91
6924187828964_camera0-27.jpg 30 1439.8 1251.1 927.53 1140.76 1024.54 220.67
6924187828964_camera0-24.jpg 30 1507.08 1250.15 969.12 1142.3 1075.91 215.71
6924187828964_camera0-28.jpg 30 1410.13 1247.18 936.3 1136.2 947.66 221.96
6924187828964_camera0-29.jpg 30 1394.49 1244.85 967.13 1140.19 854.73 209.32
6924187828964_camera0-2.jpg 30 1356.41 1238.46 810.33 1131.79 1092.15 213.34
6924187828964_camera0-33.jpg 30 1468.52 1236.31 1113.31 1133.63 710.42 205.36
6924187828964_camera0-31.jpg 30 1402.7 1243.5 1047.19 1133.87 711.03 219.26
6924187828964_camera0-30.jpg 30 1384.13 1240.45 999.9 1131.51 768.47 217.88
6924187828964_camera0-32.jpg 30 1442.31 1237.18 1113.0 1136.35 658.62 201.66
6924187828964_camera0-34.jpg 30 1455.78 1234.38 1042.78 1118.63 826.0 231.49
6924187828964_camera0-35.jpg 30 1437.12 1237.32 978.92 1130.55 916.39 213.54
6924187828964_camera0-36.jpg 30 1417.24 1242.79 922.33 1122.19 989.81 241.19
6924187828964_camera0-38.jpg 30 1379.49 1251.47 853.38 1116.0 1052.23 270.95
6924187828964_camera0-3.jpg 30 1403.0 1235.48 875.27 1135.12 1055.46 200.73
6924187828964_camera0-40.jpg 30 1350.56 1230.43 827.07 1113.37 1046.97 234.12
6924187828964_camera0-37.jpg 30 1392.41 1234.82 878.1 1124.74 1028.63 220.16
6924187828964_camera0-4.jpg 30 1399.26 1237.36 860.45 1127.76 1077.61 219.2
6924187828964_camera0-39.jpg 30 1343.12 1235.57 794.96 1116.8 1096.31 237.53
6924187828964_camera0-5.jpg 30 1393.97 1244.89 842.86 1121.26 1102.21 247.27
6924187828964_camera0-6.jpg 30 1374.22 1235.13 827.53 1126.9 1093.38 216.46
6924187828964_camera0-7.jpg 30 1366.18 1244.38 833.04 1126.3 1066.29 236.17
6924187828964_camera0-8.jpg 30 1366.35 1242.27 850.75 1110.74 1031.19 263.06
6924187828964_camera0-9.jpg 30 1361.61 1252.69 886.54 1121.13 950.13 263.11
6924187828964_camera1-10.jpg 30 1253.45 1220.32 923.22 824.41 660.47 791.82
6924187828964_camera1-11.jpg 30 1300.66 1216.65 992.44 842.75 616.44 747.81
6924187828964_camera1-12.jpg 30 1345.81 1209.59 1006.32 833.1 678.97 752.97
6924187828964_camera1-13.jpg 30 1361.08 1213.33 963.86 810.85 794.44 804.96
6924187828964_camera1-14.jpg 30 1371.53 1209.54 928.89 806.5 885.28 806.08
6924187828964_camera1-15.jpg 30 1368.61 1205.07 886.84 795.78 963.53 818.58
6924187828964_camera1-18.jpg 30 1362.71 1168.21 859.8 830.42 1005.82 675.58
6924187828964_camera1-16.jpg 30 1373.99 1197.61 876.4 804.87 995.18 785.48
6924187828964_camera1-1.jpg 30 1215.38 1118.88 726.96 883.92 976.83 469.91
6924187828964_camera1-17.jpg 30 1367.96 1183.53 859.25 811.3 1017.42 744.45
6924187828964_camera1-19.jpg 30 1356.83 1154.05 866.83 858.31 980.0 591.49
6924187828964_camera1-22.jpg 30 1369.38 1126.98 897.48 872.21 943.8 509.54
6924187828964_camera1-20.jpg 30 1346.83 1137.55 879.54 878.15 934.57 518.8
6924187828964_camera1-24.jpg 30 1342.46 1117.13 853.12 802.62 978.68 629.02
6924187828964_camera1-21.jpg 30 1366.62 1135.8 914.08 903.16 905.08 465.27
6924187828964_camera1-23.jpg 30 1355.85 1125.29 868.23 833.51 975.24 583.56
6924187828964_camera1-25.jpg 30 1321.36 1113.53 828.93 767.84 984.85 691.38
6924187828964_camera1-27.jpg 30 1287.47 1103.29 837.06 742.79 900.83 721.0
6924187828964_camera1-26.jpg 30 1300.48 1103.82 839.66 741.21 921.64 725.22
6924187828964_camera1-29.jpg 30 1266.01 1089.66 897.37 732.6 737.28 714.12
6924187828964_camera1-2.jpg 30 1252.38 1138.36 775.06 870.1 954.63 536.52
6924187828964_camera1-28.jpg 30 1277.56 1101.03 864.61 733.77 825.89 734.53
6924187828964_camera1-32.jpg 30 1310.92 1122.87 984.25 772.86 653.35 700.02
6924187828964_camera1-30.jpg 30 1275.61 1086.9 951.17 744.08 648.88 685.65
6924187828964_camera1-31.jpg 30 1299.26 1105.29 1001.09 765.09 596.33 680.4
6924187828964_camera1-33.jpg 30 1303.28 1131.78 931.15 768.13 744.26 727.29
6924187828964_camera1-34.jpg 30 1284.29 1136.91 865.56 762.43 837.46 748.97
6924187828964_camera1-36.jpg 30 1256.28 1149.07 763.03 768.97 986.51 760.19
6924187828964_camera1-35.jpg 30 1266.98 1141.13 806.5 758.34 920.96 765.59
6924187828964_camera1-38.jpg 30 1213.39 1141.83 714.19 820.1 998.41 643.45
6924187828964_camera1-3.jpg 30 1252.35 1162.53 754.71 837.15 995.27 650.75
6924187828964_camera1-37.jpg 30 1233.7 1144.88 733.06 792.24 1001.29 705.29
6924187828964_camera1-39.jpg 30 1197.95 1134.76 710.15 845.53 975.6 578.45
6924187828964_camera1-40.jpg 30 1189.59 1128.12 713.82 868.72 951.54 518.8
6924187828964_camera1-5.jpg 30 1245.4 1193.3 735.76 812.38 1019.29 761.84
6924187828964_camera1-4.jpg 30 1257.0 1176.23 756.56 830.27 1000.88 691.92
6924187828964_camera1-6.jpg 30 1233.49 1208.04 731.11 795.2 1004.75 825.68
6924187828964_camera1-7.jpg 30 1236.2 1213.01 764.65 788.74 943.1 848.53
6924187828964_camera1-9.jpg 30 1245.9 1227.88 859.24 813.46 773.32 828.83
6924187828964_camera2-10.jpg 30 1334.82 868.38 902.68 573.83 864.27 589.11
6924187828964_camera1-8.jpg 30 1242.77 1227.44 809.31 799.24 866.92 856.41
6924187828964_camera2-12.jpg 30 1321.24 858.07 904.05 573.16 834.38 569.82
6924187828964_camera2-15.jpg 30 1300.39 824.64 844.21 402.56 912.37 844.16
6924187828964_camera2-11.jpg 30 1329.46 876.74 924.9 612.72 809.12 528.03
6924187828964_camera2-18.jpg 30 1271.63 804.28 879.68 339.98 783.91 928.6
6924187828964_camera2-14.jpg 30 1305.55 834.71 853.48 451.94 904.13 765.54
6924187828964_camera2-13.jpg 30 1315.01 846.53 872.36 505.02 885.31 683.03
6924187828964_camera2-17.jpg 30 1282.16 821.37 858.64 363.65 847.05 915.44
6924187828964_camera2-19.jpg 30 1268.92 800.11 930.36 359.79 677.12 880.63
6924187828964_camera2-16.jpg 30 1284.79 806.9 837.59 350.5 894.4 912.81
6924187828964_camera2-20.jpg 30 1260.53 797.08 967.8 374.94 585.47 844.27
6924187828964_camera2-21.jpg 30 1271.66 804.5 1011.59 399.94 520.15 809.12
6924187828964_camera2-1.jpg 30 1257.76 933.86 993.43 522.44 528.66 822.84
6924187828964_camera2-23.jpg 30 1238.76 831.9 890.21 389.96 697.1 883.88
6924187828964_camera2-22.jpg 30 1256.74 822.53 969.71 405.47 574.05 834.11
6924187828964_camera2-25.jpg 30 1225.7 841.28 806.69 386.8 838.02 908.95
6924187828964_camera2-24.jpg 30 1230.76 833.61 852.11 385.67 757.29 895.88
6924187828964_camera2-26.jpg 30 1207.18 850.31 750.78 418.89 912.81 862.83
6924187828964_camera2-27.jpg 30 1212.56 849.15 759.4 431.46 906.32 835.39
6924187828964_camera2-28.jpg 30 1202.42 858.07 751.01 481.58 902.83 752.97
6924187828964_camera2-2.jpg 30 1282.16 918.71 984.91 489.92 594.51 857.57
6924187828964_camera2-30.jpg 30 1188.64 870.3 765.1 588.17 847.09 564.26
6924187828964_camera2-31.jpg 30 1204.68 870.17 796.18 617.98 817.01 504.39
6924187828964_camera2-29.jpg 30 1194.51 867.33 744.37 524.12 900.29 686.41
6924187828964_camera2-32.jpg 30 1211.13 880.56 777.09 579.36 868.09 602.4
6924187828964_camera2-33.jpg 30 1221.75 891.19 777.79 539.17 887.93 704.04
6924187828964_camera2-34.jpg 30 1227.62 904.42 778.06 513.98 899.13 780.88
6924187828964_camera2-35.jpg 30 1229.46 914.88 780.97 492.37 896.98 845.01
6924187828964_camera2-3.jpg 30 1296.73 920.32 936.47 464.13 720.52 912.37
6924187828964_camera2-36.jpg 30 1234.89 920.08 796.18 470.86 877.43 898.44
6924187828964_camera2-37.jpg 30 1239.87 930.97 826.89 476.45 825.95 909.05
6924187828964_camera2-39.jpg 30 1255.91 942.41 922.28 489.25 667.26 906.32
6924187828964_camera2-38.jpg 30 1244.67 935.74 855.87 472.19 777.6 927.1
6924187828964_camera2-4.jpg 30 1302.01 914.09 923.68 465.45 756.67 897.28
6924187828964_camera2-40.jpg 30 1263.78 948.98 969.56 512.9 588.45 872.17
6924187828964_camera2-5.jpg 30 1308.8 908.94 897.16 459.38 823.28 899.13
6924187828964_camera2-7.jpg 30 1323.84 896.86 868.61 481.09 910.46 831.54
6924187828964_camera2-6.jpg 30 1317.64 901.7 872.36 457.73 890.56 887.94
6924187828964_camera2-8.jpg 30 1331.77 884.75 874.19 503.79 915.16 761.92
6924187828964_camera2-9.jpg 30 1333.4 876.74 880.24 528.66 906.32 696.16
6924187828964_camera3-10.jpg 30 1423.55 1449.74 1074.24 1232.66 698.61 434.15
6924187828964_camera3-12.jpg 30 1495.93 1461.46 1046.45 1233.07 898.97 456.79
6924187828964_camera3-11.jpg 30 1475.26 1457.32 1082.52 1230.08 785.48 454.48
6924187828964_camera3-13.jpg 30 1501.82 1459.34 1018.03 1239.18 967.58 440.31
6924187828964_camera3-17.jpg 30 1476.27 1431.4 936.76 1247.56 1079.02 367.69
6924187828964_camera3-15.jpg 30 1501.53 1448.12 953.8 1230.08 1095.47 436.09
6924187828964_camera3-14.jpg 30 1505.19 1445.03 975.31 1218.46 1059.76 453.14
6924187828964_camera3-18.jpg 30 1462.31 1424.09 942.44 1259.43 1039.73 329.31
6924187828964_camera3-16.jpg 30 1493.65 1441.55 935.41 1235.33 1116.49 412.44
6924187828964_camera3-20.jpg 30 1490.13 1416.67 990.22 1259.7 999.83 313.95
6924187828964_camera3-24.jpg 30 1426.88 1405.27 906.35 1221.31 1041.07 367.92
6924187828964_camera3-1.jpg 30 1356.44 1397.97 822.91 1226.21 1067.07 343.51
6924187828964_camera3-23.jpg 30 1446.42 1411.53 920.06 1217.88 1052.73 387.29
6924187828964_camera3-19.jpg 30 1460.25 1421.1 953.61 1257.85 1013.28 326.5
6924187828964_camera3-21.jpg 30 1498.2 1410.86 981.11 1246.41 1034.18 328.89
6924187828964_camera3-22.jpg 30 1478.22 1409.56 949.72 1241.07 1057.0 336.98
6924187828964_camera3-26.jpg 30 1375.43 1402.71 919.46 1201.18 911.95 403.06
6924187828964_camera3-27.jpg 30 1367.17 1394.83 930.34 1193.3 873.67 403.06
6924187828964_camera3-25.jpg 30 1410.65 1413.03 905.44 1206.25 1010.43 413.55
6924187828964_camera3-28.jpg 30 1355.17 1395.97 972.64 1209.3 765.07 373.34
6924187828964_camera3-2.jpg 30 1367.56 1405.7 832.77 1222.19 1069.58 367.03
6924187828964_camera3-29.jpg 30 1370.29 1389.58 1016.47 1208.07 707.63 363.02
6924187828964_camera3-33.jpg 30 1403.63 1406.03 952.32 1195.9 902.63 420.25
6924187828964_camera3-30.jpg 30 1410.92 1394.64 1084.25 1212.21 653.35 364.86
6924187828964_camera3-32.jpg 30 1417.63 1394.84 1003.32 1184.39 828.63 420.89
6924187828964_camera3-37.jpg 30 1317.68 1405.37 782.35 1210.7 1070.65 389.33
6924187828964_camera3-36.jpg 30 1334.64 1408.01 806.77 1201.5 1055.74 413.03
6924187828964_camera3-31.jpg 30 1432.92 1401.03 1072.71 1206.83 720.43 388.41
6924187828964_camera3-35.jpg 30 1362.17 1405.28 851.65 1199.52 1021.04 411.53
6924187828964_camera3-38.jpg 30 1291.87 1397.22 775.7 1223.58 1032.33 347.28
6924187828964_camera3-34.jpg 30 1387.38 1396.15 908.62 1176.5 957.53 439.31
6924187828964_camera3-39.jpg 30 1290.06 1393.52 769.2 1223.85 1041.71 339.35
6924187828964_camera3-40.jpg 30 1328.18 1391.61 799.37 1238.36 1057.62 306.49
6924187828964_camera3-6.jpg 30 1343.99 1452.71 842.86 1197.55 1002.25 510.33
6924187828964_camera3-3.jpg 30 1355.85 1425.12 812.09 1220.77 1087.51 408.7
6924187828964_camera3-5.jpg 30 1333.41 1447.74 802.0 1213.56 1062.82 468.36
6924187828964_camera3-7.jpg 30 1329.51 1464.55 853.38 1218.59 952.27 491.92
6924187828964_camera3-4.jpg 30 1346.52 1434.06 805.84 1218.22 1081.36 431.68
6924187828964_camera3-9.jpg 30 1345.74 1454.44 989.64 1224.77 712.19 459.35
6924187828964_camera3-8.jpg 30 1330.24 1456.25 916.69 1208.97 827.1 494.56
