6913221220161-back_camera0-14.jpg 31 1404.68 993.22 1069.32 830.15 670.72 326.14
6913221220161-back_camera0-12.jpg 31 1428.18 980.08 1079.6 823.59 697.16 312.97
6913221220161-back_camera0-13.jpg 31 1411.89 987.62 1062.46 826.58 698.87 322.09
6913221220161-back_camera0-10.jpg 31 1415.69 987.78 1067.88 830.53 695.62 314.51
6913221220161-back_camera0-11.jpg 31 1419.28 979.51 1066.44 822.52 705.67 313.98
6913221220161-back_camera0-16.jpg 31 1405.42 999.13 1105.71 838.18 599.42 321.91
6913221220161-back_camera0-15.jpg 31 1404.84 992.89 1084.57 826.38 640.53 333.03
6913221220161-back_camera0-17.jpg 31 1401.15 1002.58 1134.74 837.0 532.82 331.16
6913221220161-back_camera0-19.jpg 31 1411.7 1002.62 1230.9 822.53 361.59 360.17
6913221220161-back_camera0-18.jpg 31 1407.25 1003.92 1181.28 837.42 451.94 333.01
6913221220161-back_camera0-1.jpg 31 1446.53 1012.09 1338.61 846.97 215.84 330.24
6913221220161-back_camera0-20.jpg 31 1421.01 1001.61 1282.45 821.72 277.12 359.77
6913221220161-back_camera0-25.jpg 31 1472.4 1004.1 1191.72 828.87 561.36 350.45
6913221220161-back_camera0-28.jpg 31 1464.87 993.4 1116.04 815.44 697.66 355.92
6913221220161-back_camera0-21.jpg 31 1452.75 1004.69 1344.52 825.23 216.46 358.91
6913221220161-back_camera0-23.jpg 31 1468.06 1005.2 1243.28 824.82 449.56 360.76
6913221220161-back_camera0-29.jpg 31 1457.94 990.4 1105.81 819.03 704.26 342.75
6913221220161-back_camera0-26.jpg 31 1471.34 1000.17 1154.56 821.28 633.55 357.79
6913221220161-back_camera0-22.jpg 31 1463.9 998.93 1281.67 813.0 364.46 371.86
6913221220161-back_camera0-24.jpg 31 1471.39 1002.87 1214.66 822.93 513.46 359.87
6913221220161-back_camera0-27.jpg 31 1467.13 997.31 1123.49 822.16 687.29 350.31
6913221220161-back_camera0-30.jpg 31 1454.09 992.2 1109.05 834.02 690.07 316.36
6913221220161-back_camera0-31.jpg 31 1455.54 982.37 1096.74 822.97 717.6 318.8
6913221220161-back_camera0-2.jpg 31 1452.8 998.22 1300.17 820.61 305.26 355.21
6913221220161-back_camera0-32.jpg 31 1462.77 976.78 1114.96 821.38 695.62 310.81
6913221220161-back_camera0-33.jpg 31 1448.84 985.37 1103.8 830.89 690.07 308.96
6913221220161-back_camera0-36.jpg 31 1429.06 1000.37 1136.75 834.79 584.62 331.16
6913221220161-back_camera0-34.jpg 31 1445.61 991.48 1107.97 828.68 675.27 325.61
6913221220161-back_camera0-35.jpg 31 1435.89 994.2 1114.9 832.32 641.97 323.76
6913221220161-back_camera0-4.jpg 31 1452.29 994.77 1212.7 818.09 479.17 353.36
6913221220161-back_camera0-40.jpg 31 1420.57 1002.81 1288.16 830.75 264.82 344.11
6913221220161-back_camera0-39.jpg 31 1418.44 998.1 1236.87 822.87 363.14 350.45
6913221220161-back_camera0-37.jpg 31 1422.12 999.09 1156.63 831.66 530.97 334.86
6913221220161-back_camera0-5.jpg 31 1447.36 996.0 1174.47 821.17 545.77 349.66
6913221220161-back_camera0-6.jpg 31 1446.16 994.82 1139.67 818.91 612.99 351.82
6913221220161-back_camera0-3.jpg 31 1453.1 997.75 1256.07 822.0 394.06 351.51
6913221220161-back_camera0-38.jpg 31 1419.88 999.0 1190.17 825.02 459.43 347.96
6913221220161-back_camera0-8.jpg 31 1433.62 992.25 1088.59 824.82 690.07 334.86
6913221220161-back_camera0-9.jpg 31 1422.58 988.5 1072.92 822.0 699.32 333.01
6913221220161-back_camera0-7.jpg 31 1436.2 991.13 1104.78 815.86 662.84 350.55
6913221220161-back_camera1-10.jpg 31 1248.99 1063.74 913.2 894.46 671.57 338.56
6913221220161-back_camera1-11.jpg 31 1257.87 1072.01 919.31 893.48 677.12 357.06
6913221220161-back_camera1-12.jpg 31 1255.14 1077.31 915.66 862.7 678.97 429.21
6913221220161-back_camera1-16.jpg 31 1266.87 1111.01 1002.31 791.88 529.12 638.27
6913221220161-back_camera1-14.jpg 31 1260.18 1096.63 942.9 824.67 634.57 543.92
6913221220161-back_camera1-15.jpg 31 1259.83 1103.46 956.57 808.84 606.51 589.24
6913221220161-back_camera1-20.jpg 31 1302.78 1115.18 1197.33 778.47 210.91 673.42
6913221220161-back_camera1-17.jpg 31 1271.7 1111.01 1033.19 780.78 477.01 660.47
6913221220161-back_camera1-13.jpg 31 1256.23 1083.32 917.54 841.58 677.38 483.48
6913221220161-back_camera1-1.jpg 31 1294.36 1048.42 1172.41 728.98 243.9 638.89
6913221220161-back_camera1-18.jpg 31 1280.32 1115.69 1086.07 777.9 388.51 675.58
6913221220161-back_camera1-19.jpg 31 1299.03 1111.02 1159.28 771.07 279.51 679.9
6913221220161-back_camera1-25.jpg 31 1358.45 1096.26 1066.45 784.54 583.99 623.45
6913221220161-back_camera1-23.jpg 31 1349.4 1107.24 1124.03 778.62 450.75 657.23
6913221220161-back_camera1-21.jpg 31 1334.3 1111.01 1189.5 776.1 289.59 669.82
6913221220161-back_camera1-22.jpg 31 1342.77 1111.38 1161.46 773.74 362.61 675.27
6913221220161-back_camera1-24.jpg 31 1357.13 1096.26 1084.87 768.76 544.53 655.01
6913221220161-back_camera1-26.jpg 31 1362.35 1084.76 1050.46 800.93 623.78 567.66
6913221220161-back_camera1-27.jpg 31 1350.56 1080.49 1003.32 818.74 694.47 523.49
6913221220161-back_camera1-31.jpg 31 1350.77 1046.82 1018.55 873.18 664.44 347.28
6913221220161-back_camera1-28.jpg 31 1347.93 1064.7 1008.58 821.37 678.69 486.66
6913221220161-back_camera1-2.jpg 31 1288.73 1046.29 1103.28 708.26 370.91 676.06
6913221220161-back_camera1-30.jpg 31 1336.1 1041.03 984.91 860.83 702.37 360.39
6913221220161-back_camera1-29.jpg 31 1350.43 1059.73 1013.72 859.0 673.42 401.46
6913221220161-back_camera1-32.jpg 31 1336.09 1046.29 995.43 834.53 681.32 423.52
6913221220161-back_camera1-36.jpg 31 1302.63 1045.91 1038.23 745.89 528.81 600.04
6913221220161-back_camera1-35.jpg 31 1301.89 1046.29 1013.84 750.35 576.1 591.88
6913221220161-back_camera1-33.jpg 31 1329.26 1049.32 1003.16 818.91 652.2 460.82
6913221220161-back_camera1-34.jpg 31 1320.05 1045.01 1004.9 783.52 630.29 522.98
6913221220161-back_camera1-37.jpg 31 1299.04 1040.51 1071.15 730.78 455.78 619.46
6913221220161-back_camera1-38.jpg 31 1289.13 1045.36 1096.49 722.05 385.29 646.61
6913221220161-back_camera1-3.jpg 31 1283.93 1049.32 1073.66 723.22 420.53 652.2
6913221220161-back_camera1-40.jpg 31 1286.6 1047.7 1183.92 731.34 205.36 632.72
6913221220161-back_camera1-39.jpg 31 1282.85 1046.16 1133.96 720.73 297.78 650.86
6913221220161-back_camera1-4.jpg 31 1276.56 1053.25 1014.11 747.99 524.89 610.52
6913221220161-back_camera1-6.jpg 31 1268.47 1057.2 965.91 770.06 605.13 574.29
6913221220161-back_camera1-5.jpg 31 1274.16 1054.13 998.5 752.57 551.32 603.12
6913221220161-back_camera1-9.jpg 31 1249.63 1060.56 910.53 859.4 678.21 402.31
6913221220161-back_camera2-12.jpg 31 1282.9 895.47 1128.29 583.07 309.22 624.79
6913221220161-back_camera1-8.jpg 31 1251.19 1058.13 915.02 828.98 672.34 458.3
6913221220161-back_camera2-15.jpg 31 1295.26 878.09 1038.41 602.35 513.7 551.47
6913221220161-back_camera1-7.jpg 31 1260.69 1054.17 937.86 799.79 645.67 508.77
6913221220161-back_camera2-14.jpg 31 1294.0 884.03 1067.37 585.09 453.26 597.88
6913221220161-back_camera2-10.jpg 31 1264.96 895.38 1159.51 589.2 210.91 612.37
6913221220161-back_camera2-11.jpg 31 1281.4 894.45 1169.35 587.24 224.11 614.43
6913221220161-back_camera2-13.jpg 31 1288.45 890.71 1096.57 586.25 383.76 608.93
6913221220161-back_camera2-18.jpg 31 1305.36 859.81 991.77 674.81 627.17 370.01
6913221220161-back_camera2-16.jpg 31 1301.76 870.0 1010.77 628.97 581.98 482.07
6913221220161-back_camera2-17.jpg 31 1304.18 861.77 1004.47 636.99 599.42 449.56
6913221220161-back_camera2-19.jpg 31 1303.81 847.74 993.5 715.58 620.61 264.32
6913221220161-back_camera2-1.jpg 31 1219.47 865.34 912.62 759.09 613.69 212.49
6913221220161-back_camera2-21.jpg 31 1303.42 837.37 994.85 711.57 617.14 251.59
6913221220161-back_camera2-25.jpg 31 1281.21 819.22 1003.7 560.21 555.02 518.02
6913221220161-back_camera2-23.jpg 31 1292.43 824.15 987.19 619.96 610.49 408.39
6913221220161-back_camera2-22.jpg 31 1296.81 825.85 988.38 663.31 616.86 325.08
6913221220161-back_camera2-24.jpg 31 1287.38 822.46 992.29 586.58 590.17 471.76
6913221220161-back_camera2-27.jpg 31 1266.08 811.18 1051.43 505.96 429.3 610.45
6913221220161-back_camera2-26.jpg 31 1275.96 813.67 1029.9 532.46 492.12 562.42
6913221220161-back_camera2-20.jpg 31 1303.12 845.58 997.28 741.2 611.67 208.75
6913221220161-back_camera2-28.jpg 31 1257.16 812.16 1066.45 495.18 381.43 633.97
6913221220161-back_camera2-30.jpg 31 1246.15 812.8 1156.58 511.7 179.15 602.19
6913221220161-back_camera2-29.jpg 31 1254.62 811.45 1108.24 499.43 292.75 624.04
6913221220161-back_camera2-2.jpg 31 1221.85 874.86 911.04 719.45 621.62 310.81
6913221220161-back_camera2-31.jpg 31 1247.8 813.21 1134.02 506.1 227.56 614.22
6913221220161-back_camera2-32.jpg 31 1238.86 820.09 1089.0 511.13 299.71 617.92
6913221220161-back_camera2-34.jpg 31 1229.59 825.76 999.87 526.16 459.43 599.21
6913221220161-back_camera2-33.jpg 31 1233.88 822.66 1035.92 517.4 395.91 610.52
6913221220161-back_camera2-36.jpg 31 1219.16 835.26 933.71 583.67 570.91 503.19
6913221220161-back_camera2-35.jpg 31 1219.47 832.04 947.51 570.39 543.92 523.3
6913221220161-back_camera2-3.jpg 31 1224.83 876.57 919.57 681.39 610.52 390.36
6913221220161-back_camera2-38.jpg 31 1216.75 850.35 908.68 665.5 616.15 369.69
6913221220161-back_camera2-39.jpg 31 1213.84 856.12 902.1 714.59 623.47 283.06
6913221220161-back_camera2-37.jpg 31 1219.02 842.38 918.05 622.23 601.94 440.29
6913221220161-back_camera2-40.jpg 31 1219.22 862.02 916.79 777.75 604.86 168.54
6913221220161-back_camera2-4.jpg 31 1230.01 886.52 938.61 642.44 582.8 488.15
6913221220161-back_camera2-5.jpg 31 1232.17 889.12 955.46 632.22 553.43 513.79
6913221220161-back_camera3-11.jpg 31 1355.92 1325.11 1005.34 1129.0 701.17 392.21
6913221220161-back_camera2-6.jpg 31 1237.74 891.87 977.81 609.54 519.86 564.66
6913221220161-back_camera2-7.jpg 31 1245.34 896.56 1029.58 595.34 431.53 602.44
6913221220161-back_camera2-9.jpg 31 1260.14 897.08 1115.33 587.66 289.62 618.83
6913221220161-back_camera3-12.jpg 31 1354.8 1334.78 1008.01 1120.13 693.58 429.3
6913221220161-back_camera3-10.jpg 31 1360.25 1322.48 1010.2 1140.16 700.09 364.63
6913221220161-back_camera2-8.jpg 31 1252.67 897.68 1070.97 585.92 363.41 623.52
6913221220161-back_camera3-13.jpg 31 1355.98 1341.32 1019.92 1113.42 672.13 455.79
6913221220161-back_camera3-14.jpg 31 1354.43 1347.53 1039.63 1110.02 629.59 475.03
6913221220161-back_camera3-16.jpg 31 1371.78 1359.55 1139.03 1102.48 465.51 514.13
6913221220161-back_camera3-17.jpg 31 1376.95 1360.66 1169.92 1097.62 414.06 526.08
6913221220161-back_camera3-15.jpg 31 1357.58 1355.78 1071.85 1106.92 571.46 497.72
6913221220161-back_camera3-1.jpg 31 1386.06 1323.82 1195.35 1073.91 381.43 499.81
6913221220161-back_camera3-18.jpg 31 1387.85 1359.25 1233.9 1096.21 307.89 526.08
6913221220161-back_camera3-19.jpg 31 1427.89 1357.92 1312.43 1097.82 230.93 520.2
6913221220161-back_camera3-20.jpg 31 1437.81 1359.76 1287.2 1096.02 301.22 527.49
6913221220161-back_camera3-21.jpg 31 1453.23 1356.11 1249.64 1097.22 407.17 517.77
6913221220161-back_camera3-24.jpg 31 1468.53 1344.2 1158.6 1103.55 619.87 481.31
6913221220161-back_camera3-23.jpg 31 1463.67 1352.74 1174.31 1102.84 578.73 499.81
6913221220161-back_camera3-27.jpg 31 1457.28 1323.36 1105.41 1119.77 703.74 407.17
6913221220161-back_camera3-25.jpg 31 1465.81 1338.4 1137.64 1109.21 656.33 458.39
6913221220161-back_camera3-22.jpg 31 1458.38 1354.57 1210.5 1098.8 495.77 511.53
6913221220161-back_camera3-26.jpg 31 1458.41 1335.65 1113.81 1108.11 689.21 455.09
6913221220161-back_camera3-28.jpg 31 1446.74 1314.02 1097.43 1122.4 698.61 383.24
6913221220161-back_camera3-29.jpg 31 1450.99 1309.52 1101.46 1135.54 699.05 347.96
6913221220161-back_camera3-30.jpg 31 1444.6 1309.22 1096.71 1130.42 695.78 357.59
6913221220161-back_camera3-2.jpg 31 1391.63 1328.04 1162.96 1087.38 457.35 481.31
6913221220161-back_camera3-32.jpg 31 1429.57 1316.52 1089.46 1115.0 680.22 403.04
6913221220161-back_camera3-31.jpg 31 1443.84 1311.05 1096.83 1122.66 694.01 376.78
6913221220161-back_camera3-36.jpg 31 1388.31 1324.32 1154.26 1089.56 468.09 469.51
6913221220161-back_camera3-35.jpg 31 1393.6 1321.66 1143.04 1087.78 501.11 467.77
6913221220161-back_camera3-33.jpg 31 1422.15 1317.17 1103.1 1103.86 638.1 426.62
6913221220161-back_camera3-37.jpg 31 1384.58 1323.66 1190.72 1084.22 387.72 478.88
6913221220161-back_camera3-3.jpg 31 1386.56 1327.12 1125.24 1089.51 522.64 475.23
6913221220161-back_camera3-38.jpg 31 1381.41 1320.79 1231.1 1079.73 300.62 482.12
6913221220161-back_camera3-34.jpg 31 1406.11 1320.01 1103.67 1100.01 604.87 440.01
6913221220161-back_camera3-39.jpg 31 1382.39 1323.01 1271.48 1083.61 221.82 478.8
6913221220161-back_camera3-40.jpg 31 1397.32 1322.47 1249.64 1081.82 295.35 481.31
6913221220161-back_camera3-5.jpg 31 1373.72 1321.92 1054.92 1101.31 637.59 441.22
6913221220161-back_camera3-4.jpg 31 1376.95 1324.5 1073.5 1093.37 606.91 462.27
6913221220161-back_camera3-6.jpg 31 1369.2 1323.56 1033.33 1104.36 671.74 438.4
6913221220161-back_camera3-9.jpg 31 1353.39 1318.33 1001.52 1144.52 703.74 347.61
6913221220161_camera0-10.jpg 31 1405.88 1163.92 1053.75 1004.12 704.26 319.61
6913221220161_camera0-11.jpg 31 1405.52 1163.62 1053.91 1006.83 703.21 313.58
6913221220161-back_camera3-7.jpg 31 1357.4 1321.9 1010.04 1124.11 694.73 395.59
6913221220161_camera0-12.jpg 31 1410.23 1163.43 1059.58 1008.76 701.3 309.34
6913221220161_camera0-13.jpg 31 1407.77 1166.45 1051.39 1005.24 712.75 322.43
6913221220161_camera0-15.jpg 31 1401.63 1176.2 1069.89 1008.32 663.48 335.76
6913221220161_camera0-17.jpg 31 1400.09 1179.05 1112.03 1004.55 576.11 349.0
6913221220161-back_camera3-8.jpg 31 1349.63 1318.48 1000.04 1134.34 699.18 368.28
6913221220161_camera0-14.jpg 31 1408.43 1168.61 1053.3 997.62 710.26 341.98
6913221220161_camera0-18.jpg 31 1403.91 1180.55 1149.41 1002.85 508.99 355.4
6913221220161_camera0-16.jpg 31 1402.12 1176.14 1086.79 1004.92 630.66 342.45
6913221220161_camera0-19.jpg 31 1415.03 1182.88 1226.46 1000.56 377.13 364.63
6913221220161_camera0-20.jpg 31 1418.5 1183.79 1252.6 1001.02 331.81 365.54
6913221220161_camera0-1.jpg 31 1414.95 1182.55 1300.65 1011.55 228.6 342.01
6913221220161_camera0-21.jpg 31 1441.02 1185.97 1327.34 1002.36 227.37 367.23
6913221220161_camera0-22.jpg 31 1458.28 1183.37 1323.37 1000.53 269.83 365.67
6913221220161_camera0-30.jpg 31 1457.7 1168.69 1108.18 998.88 699.05 339.63
6913221220161_camera0-23.jpg 31 1469.14 1181.21 1283.68 996.36 370.92 369.71
6913221220161_camera0-25.jpg 31 1479.36 1182.09 1210.14 997.95 538.44 368.28
6913221220161_camera0-26.jpg 31 1477.81 1180.05 1174.18 999.25 607.26 361.59
6913221220161_camera0-24.jpg 31 1476.92 1184.53 1239.91 1000.39 474.02 368.28
6913221220161_camera0-27.jpg 31 1476.66 1178.99 1152.66 996.68 648.0 364.63
6913221220161_camera0-2.jpg 31 1438.38 1177.66 1300.87 1001.08 275.03 353.17
6913221220161_camera0-28.jpg 31 1469.6 1171.79 1121.12 999.37 696.96 344.84
6913221220161_camera0-29.jpg 31 1466.52 1172.88 1114.91 1002.02 703.21 341.71
6913221220161_camera0-31.jpg 31 1461.96 1168.66 1106.3 1006.74 711.33 323.85
6913221220161_camera0-32.jpg 31 1466.05 1163.02 1116.0 1006.23 700.09 313.58
6913221220161_camera0-33.jpg 31 1457.36 1160.91 1108.36 1004.12 698.01 313.58
6913221220161_camera0-34.jpg 31 1446.82 1164.47 1106.15 1003.73 681.34 321.47
6913221220161_camera0-36.jpg 31 1428.32 1172.51 1123.07 1003.74 610.49 337.54
6913221220161_camera0-35.jpg 31 1438.05 1170.77 1111.25 1007.6 653.6 326.34
6913221220161_camera0-37.jpg 31 1422.95 1177.4 1145.83 1009.15 554.24 336.5
6913221220161_camera0-4.jpg 31 1438.73 1176.8 1221.74 999.99 433.98 353.62
6913221220161_camera0-38.jpg 31 1416.76 1176.28 1178.71 1003.34 476.1 345.88
6913221220161_camera0-7.jpg 31 1429.59 1174.17 1111.84 1002.28 635.5 343.79
6913221220161_camera0-3.jpg 31 1438.99 1177.95 1260.32 1003.45 357.34 349.0
6913221220161_camera0-39.jpg 31 1414.15 1180.27 1209.96 1005.25 408.39 350.04
6913221220161_camera0-6.jpg 31 1433.91 1176.7 1143.42 1002.9 580.98 347.61
6913221220161_camera0-40.jpg 31 1417.8 1181.56 1256.15 1004.71 323.3 353.69
6913221220161_camera1-11.jpg 31 1279.59 1067.53 942.62 897.03 673.94 340.99
6913221220161_camera0-5.jpg 31 1432.01 1176.33 1155.54 1003.8 552.95 345.06
6913221220161_camera0-9.jpg 31 1416.75 1167.46 1066.04 1004.12 701.43 326.68
6913221220161_camera1-12.jpg 31 1275.15 1072.7 933.62 861.83 683.07 421.75
6913221220161_camera0-8.jpg 31 1421.1 1172.46 1082.51 1005.25 677.17 334.42
6913221220161_camera1-10.jpg 31 1273.34 1060.56 936.06 886.14 674.56 348.83
6913221220161_camera1-13.jpg 31 1272.12 1079.39 934.84 839.95 674.56 478.88
6913221220161_camera1-14.jpg 31 1271.31 1080.61 944.46 814.02 653.7 533.17
6913221220161_camera1-1.jpg 31 1302.21 1065.36 1187.55 734.56 229.33 661.6
6913221220161_camera1-19.jpg 31 1288.34 1097.88 1145.51 760.6 285.66 674.56
6913221220161_camera1-15.jpg 31 1270.3 1089.11 968.87 793.76 602.85 590.7
6913221220161_camera1-16.jpg 31 1273.43 1092.58 992.91 786.0 561.05 613.15
6913221220161_camera1-17.jpg 31 1272.96 1106.79 1027.0 766.13 491.92 681.32
6913221220161_camera1-20.jpg 31 1292.17 1099.44 1174.28 762.16 235.79 674.56
6913221220161_camera1-23.jpg 31 1330.99 1087.93 1120.91 752.11 420.15 671.65
6913221220161_camera1-24.jpg 31 1337.29 1088.88 1080.62 764.33 513.35 649.11
6913221220161_camera1-22.jpg 31 1326.62 1096.2 1161.42 758.72 330.39 674.97
6913221220161_camera1-18.jpg 31 1277.2 1095.02 1066.02 755.97 422.37 678.1
6913221220161_camera1-21.jpg 31 1323.07 1096.2 1186.94 757.3 272.26 677.81
6913221220161_camera1-26.jpg 31 1337.14 1080.61 1024.78 791.33 624.73 578.55
6913221220161_camera1-27.jpg 31 1334.27 1072.98 1005.38 801.81 657.78 542.34
6913221220161_camera1-25.jpg 31 1336.54 1086.68 1051.52 773.1 570.04 627.16
6913221220161_camera1-28.jpg 31 1327.02 1064.4 989.13 837.72 675.78 453.36
6913221220161_camera1-29.jpg 31 1322.56 1061.76 984.67 850.89 675.78 421.75
6913221220161_camera1-2.jpg 31 1300.57 1065.47 1131.58 740.21 337.99 650.52
6913221220161_camera1-32.jpg 31 1322.52 1054.21 985.24 849.41 674.56 409.6
6913221220161_camera1-31.jpg 31 1326.35 1056.44 990.58 887.35 671.53 338.19
6913221220161_camera1-34.jpg 31 1310.4 1060.55 989.53 797.41 641.75 526.28
6913221220161_camera1-30.jpg 31 1323.34 1054.72 987.74 881.73 671.19 345.98
6913221220161_camera1-33.jpg 31 1315.64 1058.2 985.33 823.65 660.62 469.1
6913221220161_camera1-35.jpg 31 1300.38 1057.21 1001.18 771.48 598.4 571.46
6913221220161_camera1-36.jpg 31 1296.84 1062.93 1025.92 758.08 541.83 609.71
6913221220161_camera1-37.jpg 31 1292.59 1060.75 1053.65 741.7 477.87 638.1
6913221220161_camera1-38.jpg 31 1289.22 1061.99 1091.94 733.9 394.56 656.18
6913221220161_camera1-40.jpg 31 1281.93 1056.87 1169.16 729.32 225.53 655.1
6913221220161_camera1-3.jpg 31 1300.38 1065.71 1093.35 740.28 414.06 650.86
6913221220161_camera1-39.jpg 31 1289.74 1063.6 1127.38 731.78 324.72 663.63
6913221220161_camera1-4.jpg 31 1299.22 1066.19 1058.16 744.31 482.12 643.77
6913221220161_camera1-5.jpg 31 1293.89 1064.78 1001.52 764.8 584.75 599.97
6913221220161_camera1-6.jpg 31 1291.16 1065.01 990.07 775.26 602.18 579.49
6913221220161_camera1-7.jpg 31 1290.55 1062.06 966.07 789.35 648.96 545.41
6913221220161_camera1-8.jpg 31 1278.49 1063.57 943.25 829.93 670.49 467.28
6913221220161_camera1-9.jpg 31 1274.82 1062.33 936.02 855.05 677.59 414.56
6913221220161_camera2-11.jpg 31 1268.05 877.05 1165.95 568.16 204.19 617.79
6913221220161_camera2-12.jpg 31 1269.25 877.37 1118.64 564.13 301.22 626.48
6913221220161_camera2-10.jpg 31 1258.76 876.25 1151.41 568.56 214.7 615.38
6913221220161_camera2-15.jpg 31 1277.55 869.39 1019.88 590.94 515.34 556.9
6913221220161_camera2-14.jpg 31 1278.34 871.34 1051.25 564.37 454.18 613.93
6913221220161_camera2-16.jpg 31 1279.8 867.31 1002.91 610.16 553.78 514.3
6913221220161_camera2-13.jpg 31 1273.68 875.2 1086.68 563.18 374.01 624.04
6913221220161_camera2-1.jpg 31 1238.59 857.79 934.16 758.05 608.85 199.49
6913221220161_camera2-18.jpg 31 1281.54 856.31 974.61 663.05 613.85 386.53
6913221220161_camera2-17.jpg 31 1280.19 859.54 979.87 625.96 600.64 467.16
6913221220161_camera2-19.jpg 31 1282.22 852.56 972.29 720.84 619.87 263.44
6913221220161_camera2-21.jpg 31 1282.92 847.06 974.86 728.61 616.12 236.89
6913221220161_camera2-20.jpg 31 1281.65 848.9 972.68 740.85 617.94 216.1
6913221220161_camera2-23.jpg 31 1277.04 839.7 971.57 654.84 610.93 369.71
6913221220161_camera2-24.jpg 31 1276.27 836.0 978.49 602.74 595.56 466.52
6913221220161_camera2-25.jpg 31 1273.34 833.27 991.97 576.2 562.74 514.13
6913221220161_camera2-26.jpg 31 1269.01 832.82 1013.05 553.52 511.93 558.6
6913221220161_camera2-22.jpg 31 1281.91 839.09 962.42 692.12 638.99 293.94
6913221220161_camera2-2.jpg 31 1239.83 865.82 927.81 711.63 624.04 308.37
6913221220161_camera2-28.jpg 31 1257.84 830.0 1086.92 521.5 341.83 616.99
6913221220161_camera2-29.jpg 31 1259.97 828.4 1108.65 514.21 302.64 628.38
6913221220161_camera2-27.jpg 31 1267.73 831.61 1038.03 538.27 459.41 586.68
6913221220161_camera2-30.jpg 31 1256.23 829.8 1148.95 524.33 214.55 610.93
6913221220161_camera2-31.jpg 31 1253.84 832.16 1151.74 524.31 204.19 615.7
6913221220161_camera2-33.jpg 31 1248.32 836.62 1054.64 522.34 387.36 628.55
6913221220161_camera2-34.jpg 31 1246.22 836.0 1021.65 536.98 449.15 598.04
6913221220161_camera2-32.jpg 31 1248.36 831.95 1095.02 519.21 306.68 625.47
6913221220161_camera2-35.jpg 31 1242.26 839.95 983.89 560.75 516.73 558.4
6913221220161_camera2-3.jpg 31 1237.44 860.84 911.25 660.91 652.38 399.85
6913221220161_camera2-39.jpg 31 1240.66 850.61 929.14 703.33 623.05 294.55
6913221220161_camera2-36.jpg 31 1243.88 846.27 960.41 586.29 566.95 519.96
6913221220161_camera2-38.jpg 31 1236.7 847.59 926.77 664.23 619.87 366.71
6913221220161_camera2-37.jpg 31 1240.06 845.75 938.84 623.32 602.44 444.86
6913221220161_camera2-40.jpg 31 1237.82 854.43 929.93 752.87 615.77 203.13
6913221220161_camera2-5.jpg 31 1244.98 871.98 972.02 607.7 545.93 528.56
6913221220161_camera2-6.jpg 31 1247.02 871.33 982.34 589.42 529.36 563.82
6913221220161_camera2-4.jpg 31 1238.24 867.57 938.84 648.78 598.8 437.59
6913221220161_camera2-7.jpg 31 1249.24 876.82 1015.87 579.64 466.73 594.35
6913221220161_camera2-9.jpg 31 1257.63 879.09 1102.48 568.78 310.31 620.62
6913221220161_camera3-10.jpg 31 1388.54 1258.23 1045.79 1068.1 685.5 380.26
6913221220161_camera2-8.jpg 31 1252.18 877.27 1064.9 569.99 374.56 614.56
6913221220161_camera3-11.jpg 31 1381.97 1265.8 1045.39 1060.74 673.15 410.11
6913221220161_camera3-12.jpg 31 1377.76 1264.68 1055.16 1049.41 645.19 430.54
6913221220161_camera3-13.jpg 31 1371.92 1271.27 1068.15 1042.29 607.54 457.96
6913221220161_camera3-16.jpg 31 1371.28 1280.55 1169.92 1033.81 402.71 493.47
6913221220161_camera3-15.jpg 31 1371.59 1275.37 1131.94 1034.31 479.29 482.12
6913221220161_camera3-1.jpg 31 1415.12 1276.51 1212.09 1029.84 406.07 493.35
6913221220161_camera3-14.jpg 31 1369.11 1274.45 1093.35 1038.99 551.53 470.92
6913221220161_camera3-21.jpg 31 1419.35 1279.26 1213.89 1034.4 410.92 489.71
6913221220161_camera3-18.jpg 31 1382.56 1271.85 1247.87 1022.83 269.38 498.04
6913221220161_camera3-19.jpg 31 1412.56 1275.42 1291.95 1029.35 241.22 492.14
6913221220161_camera3-20.jpg 31 1416.56 1279.42 1254.13 1030.32 324.86 498.2
6913221220161_camera3-17.jpg 31 1373.23 1278.77 1205.65 1023.48 335.16 510.57
6913221220161_camera3-24.jpg 31 1416.52 1268.55 1098.93 1049.15 635.17 438.8
6913221220161_camera3-22.jpg 31 1421.92 1273.62 1172.23 1029.68 499.38 487.87
6913221220161_camera3-23.jpg 31 1420.78 1273.5 1126.22 1041.98 589.11 463.04
6913221220161_camera3-25.jpg 31 1409.18 1262.49 1076.44 1056.42 665.47 412.13
6913221220161_camera3-27.jpg 31 1393.22 1254.48 1050.99 1074.98 684.47 359.0
6913221220161_camera3-2.jpg 31 1415.04 1275.7 1163.52 1037.51 503.04 476.38
6913221220161_camera3-28.jpg 31 1398.77 1249.03 1054.41 1083.57 688.71 330.92
6913221220161_camera3-26.jpg 31 1402.16 1257.22 1058.12 1062.76 688.08 388.92
6913221220161_camera3-31.jpg 31 1391.26 1261.57 1054.54 1045.44 673.45 432.26
6913221220161_camera3-34.jpg 31 1375.47 1269.68 1082.73 1032.81 585.47 473.75
6913221220161_camera3-33.jpg 31 1374.31 1269.87 1069.08 1041.36 610.46 457.02
6913221220161_camera3-29.jpg 31 1402.87 1254.56 1061.65 1072.73 682.44 363.65
6913221220161_camera3-30.jpg 31 1396.01 1260.56 1054.79 1064.19 682.44 392.74
6913221220161_camera3-32.jpg 31 1383.66 1267.28 1062.44 1047.28 642.44 440.01
6913221220161_camera3-35.jpg 31 1371.62 1273.28 1117.59 1027.77 508.05 491.03
6913221220161_camera3-36.jpg 31 1373.98 1277.34 1157.61 1030.66 432.74 493.35
6913221220161_camera3-37.jpg 31 1376.72 1276.2 1201.57 1025.89 350.31 500.62
6913221220161_camera3-39.jpg 31 1405.91 1271.61 1293.18 1024.93 225.46 493.35
6913221220161_camera3-3.jpg 31 1405.8 1271.2 1113.81 1031.82 583.99 478.77
6913221220161_camera3-38.jpg 31 1377.93 1272.98 1250.03 1019.0 255.81 507.96
6913221220161_camera3-40.jpg 31 1409.58 1275.34 1249.14 1028.43 320.87 493.81
6913221220161_camera3-4.jpg 31 1408.67 1265.2 1094.12 1045.8 629.11 438.8
6913221220161_camera3-6.jpg 31 1397.49 1261.36 1057.48 1072.26 680.02 378.19
6913221220161_camera3-8.jpg 31 1391.06 1253.89 1050.39 1090.33 681.34 327.12
6913221220161_camera3-7.jpg 31 1392.47 1255.3 1050.64 1075.9 683.66 358.8
6913221220161_camera3-5.jpg 31 1403.19 1266.71 1071.91 1062.52 662.56 408.39
6913221220161_camera3-9.jpg 31 1398.01 1253.04 1056.59 1069.8 682.84 366.48
