6913221220109-back_camera0-11.jpg 32 1465.23 1169.3 1115.57 1011.73 699.32 315.13
6913221220109-back_camera0-10.jpg 32 1459.99 1170.86 1100.17 1001.29 719.64 339.14
6913221220109-back_camera0-14.jpg 32 1474.01 1172.33 1125.51 1011.11 696.99 322.43
6913221220109-back_camera0-13.jpg 32 1481.0 1169.76 1134.12 1014.35 693.77 310.81
6913221220109-back_camera0-15.jpg 32 1474.8 1170.64 1140.15 1004.03 669.3 333.23
6913221220109-back_camera0-12.jpg 32 1476.16 1163.33 1121.0 1007.57 710.32 311.52
6913221220109-back_camera0-17.jpg 32 1465.59 1177.41 1182.53 1015.53 566.12 323.76
6913221220109-back_camera0-20.jpg 32 1459.77 1175.38 1319.43 1000.94 280.68 348.87
6913221220109-back_camera0-19.jpg 32 1462.65 1174.63 1252.79 999.51 419.73 350.25
6913221220109-back_camera0-1.jpg 32 1365.68 1175.15 1224.73 989.9 281.91 370.51
6913221220109-back_camera0-21.jpg 32 1460.91 1187.38 1355.46 1022.73 210.91 329.31
6913221220109-back_camera0-18.jpg 32 1462.51 1172.87 1222.51 996.98 480.01 351.77
6913221220109-back_camera0-22.jpg 32 1483.53 1172.74 1363.27 998.83 240.51 347.81
6913221220109-back_camera0-23.jpg 32 1485.64 1169.68 1319.14 993.66 333.01 352.04
6913221220109-back_camera0-26.jpg 32 1464.2 1169.46 1179.35 993.09 569.71 352.74
6913221220109-back_camera0-25.jpg 32 1473.88 1166.57 1212.11 984.0 523.54 365.14
6913221220109-back_camera0-24.jpg 32 1475.31 1168.27 1257.0 994.36 436.61 347.81
6913221220109-back_camera0-28.jpg 32 1431.55 1163.14 1104.27 991.19 654.56 343.91
6913221220109-back_camera0-2.jpg 32 1393.96 1177.82 1274.27 997.62 239.38 360.39
6913221220109-back_camera0-27.jpg 32 1450.74 1166.72 1145.48 998.37 610.52 336.71
6913221220109-back_camera0-29.jpg 32 1418.25 1166.81 1072.91 993.23 690.67 347.16
6913221220109-back_camera0-30.jpg 32 1399.1 1157.04 1068.47 998.46 661.26 317.15
6913221220109-back_camera0-32.jpg 32 1391.02 1151.16 1042.42 995.6 697.19 311.12
6913221220109-back_camera0-33.jpg 32 1386.65 1155.93 1049.02 1004.23 675.27 303.41
6913221220109-back_camera0-31.jpg 32 1393.26 1153.17 1050.39 994.21 685.73 317.93
6913221220109-back_camera0-37.jpg 32 1354.29 1172.48 1068.45 1010.6 571.67 323.76
6913221220109-back_camera0-36.jpg 32 1353.83 1167.01 1041.24 998.25 625.18 337.52
6913221220109-back_camera0-38.jpg 32 1352.23 1176.95 1106.17 1009.52 492.12 334.86
6913221220109-back_camera0-34.jpg 32 1376.25 1160.89 1036.79 999.8 678.93 322.18
6913221220109-back_camera0-39.jpg 32 1354.98 1182.04 1142.26 1016.21 425.44 331.65
6913221220109-back_camera0-35.jpg 32 1363.3 1162.2 1026.72 998.16 673.15 328.09
6913221220109-back_camera0-3.jpg 32 1417.64 1181.27 1247.44 1004.59 340.41 353.36
6913221220109-back_camera0-4.jpg 32 1426.95 1180.76 1214.19 1006.85 425.51 347.81
6913221220109-back_camera0-40.jpg 32 1360.69 1179.42 1191.49 1005.32 338.41 348.21
6913221220109-back_camera0-5.jpg 32 1438.31 1179.92 1185.38 1003.9 505.86 352.04
6913221220109-back_camera0-6.jpg 32 1446.22 1178.2 1145.96 1002.02 600.52 352.37
6913221220109-back_camera0-7.jpg 32 1452.37 1176.93 1128.12 1001.78 648.5 350.31
6913221220109-back_camera0-8.jpg 32 1455.62 1177.57 1113.36 1010.14 684.52 334.86
6913221220109-back_camera1-11.jpg 32 1337.97 1088.06 994.69 913.52 686.55 349.07
6913221220109-back_camera1-10.jpg 32 1326.53 1093.49 987.97 908.49 677.12 370.01
6913221220109-back_camera0-9.jpg 32 1458.38 1171.9 1102.53 1000.99 711.71 341.83
6913221220109-back_camera1-13.jpg 32 1341.32 1082.04 1003.25 846.59 676.13 470.89
6913221220109-back_camera1-12.jpg 32 1343.69 1085.88 1003.28 889.78 680.82 392.21
6913221220109-back_camera1-14.jpg 32 1339.15 1083.13 1011.77 822.22 654.77 521.83
6913221220109-back_camera1-15.jpg 32 1335.98 1076.8 1035.35 790.96 601.27 571.67
6913221220109-back_camera1-19.jpg 32 1333.21 1063.53 1164.86 733.3 336.71 660.47
6913221220109-back_camera1-16.jpg 32 1334.47 1073.43 1053.25 771.0 562.44 604.87
6913221220109-back_camera1-17.jpg 32 1334.62 1073.62 1070.58 751.56 528.07 644.13
6913221220109-back_camera1-18.jpg 32 1330.51 1065.69 1131.58 743.37 397.87 644.64
6913221220109-back_camera1-1.jpg 32 1262.42 1108.38 1156.36 774.43 212.13 667.9
6913221220109-back_camera1-25.jpg 32 1318.98 1034.75 1048.87 735.04 540.22 599.42
6913221220109-back_camera1-20.jpg 32 1329.4 1052.68 1229.5 729.85 199.81 645.67
6913221220109-back_camera1-22.jpg 32 1339.33 1048.62 1189.47 727.64 299.71 641.97
6913221220109-back_camera1-21.jpg 32 1343.32 1051.72 1226.35 726.86 233.95 649.72
6913221220109-back_camera1-24.jpg 32 1328.82 1035.9 1082.19 722.54 493.25 626.72
6913221220109-back_camera1-23.jpg 32 1336.44 1041.59 1141.11 718.91 390.67 645.36
6913221220109-back_camera1-26.jpg 32 1309.2 1030.01 1015.69 746.36 587.03 567.29
6913221220109-back_camera1-27.jpg 32 1298.75 1029.47 980.81 768.61 635.89 521.72
6913221220109-back_camera1-28.jpg 32 1284.76 1023.3 953.14 786.43 663.25 473.75
6913221220109-back_camera1-2.jpg 32 1282.49 1116.41 1133.56 784.02 297.86 664.79
6913221220109-back_camera1-29.jpg 32 1270.78 1027.2 931.31 815.39 678.95 423.62
6913221220109-back_camera1-32.jpg 32 1255.21 1041.92 917.63 845.55 675.17 392.74
6913221220109-back_camera1-33.jpg 32 1247.59 1044.83 910.88 826.83 673.42 436.0
6913221220109-back_camera1-30.jpg 32 1265.12 1024.58 933.96 855.3 662.32 338.56
6913221220109-back_camera1-31.jpg 32 1261.03 1030.5 928.03 874.65 665.99 311.7
6913221220109-back_camera1-34.jpg 32 1236.44 1057.26 913.61 808.43 645.67 497.67
6913221220109-back_camera1-36.jpg 32 1229.99 1077.88 947.16 772.41 565.67 610.93
6913221220109-back_camera1-37.jpg 32 1232.12 1082.24 980.67 770.35 502.91 623.78
6913221220109-back_camera1-6.jpg 32 1315.22 1117.09 1005.34 816.45 619.77 601.27
6913221220109-back_camera1-40.jpg 32 1246.62 1102.93 1125.71 767.77 241.82 670.32
6913221220109-back_camera1-38.jpg 32 1231.05 1090.51 1028.16 757.04 405.78 666.95
6913221220109-back_camera1-35.jpg 32 1233.95 1068.18 922.95 786.88 622.0 562.61
6913221220109-back_camera1-3.jpg 32 1287.89 1115.33 1083.92 779.7 407.94 671.26
6913221220109-back_camera1-5.jpg 32 1307.78 1117.55 1033.04 798.41 549.47 638.27
6913221220109-back_camera1-39.jpg 32 1239.76 1096.59 1065.11 760.72 349.3 671.74
6913221220109-back_camera1-4.jpg 32 1297.19 1117.38 1056.68 783.45 481.02 667.87
6913221220109-back_camera1-7.jpg 32 1317.22 1120.05 977.74 821.19 678.95 597.71
6913221220109-back_camera1-9.jpg 32 1322.57 1100.39 981.26 876.49 682.62 447.8
6913221220109-back_camera2-10.jpg 32 1298.32 825.38 1177.45 517.81 241.74 615.14
6913221220109-back_camera2-13.jpg 32 1283.06 812.0 1100.14 502.06 365.84 619.87
6913221220109-back_camera1-8.jpg 32 1323.14 1103.46 983.19 862.8 679.9 481.32
6913221220109-back_camera2-11.jpg 32 1293.8 819.69 1194.74 512.8 198.12 613.79
6913221220109-back_camera2-21.jpg 32 1225.14 816.71 921.73 722.35 606.82 188.71
6913221220109-back_camera2-12.jpg 32 1289.75 815.03 1152.4 503.27 274.69 623.52
6913221220109-back_camera2-17.jpg 32 1254.43 804.93 958.42 570.9 592.02 468.06
6913221220109-back_camera2-16.jpg 32 1259.36 807.13 984.67 540.95 549.38 532.36
6913221220109-back_camera2-14.jpg 32 1271.64 806.9 1055.93 503.07 431.42 607.66
6913221220109-back_camera2-15.jpg 32 1266.51 806.32 1015.82 525.11 501.37 562.42
6913221220109-back_camera2-20.jpg 32 1227.76 816.86 919.04 714.76 617.44 204.19
6913221220109-back_camera2-19.jpg 32 1240.5 808.74 927.84 647.78 625.32 321.91
6913221220109-back_camera2-1.jpg 32 1297.81 889.02 991.0 793.18 613.62 191.69
6913221220109-back_camera2-18.jpg 32 1243.64 808.79 932.83 616.92 621.62 383.75
6913221220109-back_camera2-22.jpg 32 1221.85 819.22 911.96 683.24 619.77 271.96
6913221220109-back_camera2-24.jpg 32 1211.96 839.95 911.75 615.09 600.42 449.71
6913221220109-back_camera2-23.jpg 32 1217.74 832.58 906.93 655.59 621.62 353.98
6913221220109-back_camera2-27.jpg 32 1210.75 861.22 978.6 562.83 464.29 596.78
6913221220109-back_camera2-25.jpg 32 1209.1 848.77 926.35 598.4 565.5 500.75
6913221220109-back_camera2-26.jpg 32 1209.64 857.95 945.24 584.73 528.81 546.44
6913221220109-back_camera2-30.jpg 32 1220.47 886.75 1108.65 576.2 223.64 621.09
6913221220109-back_camera2-34.jpg 32 1249.03 902.73 1027.8 604.87 442.47 595.72
6913221220109-back_camera2-28.jpg 32 1210.74 870.94 1012.63 562.83 396.23 616.22
6913221220109-back_camera2-31.jpg 32 1227.09 893.07 1133.66 589.66 186.86 606.82
6913221220109-back_camera2-36.jpg 32 1263.0 904.37 979.81 645.48 566.39 517.77
6913221220109-back_camera2-32.jpg 32 1234.55 898.88 1086.54 584.37 296.01 629.02
6913221220109-back_camera2-29.jpg 32 1214.61 877.88 1056.42 566.35 316.37 623.05
6913221220109-back_camera2-33.jpg 32 1241.84 899.13 1063.77 588.32 356.14 621.62
6913221220109-back_camera2-2.jpg 32 1301.3 886.13 990.75 742.71 621.09 286.84
6913221220109-back_camera2-37.jpg 32 1262.09 902.43 954.53 664.51 615.12 475.84
6913221220109-back_camera2-38.jpg 32 1277.03 903.53 963.08 712.62 627.9 381.83
6913221220109-back_camera2-35.jpg 32 1256.22 902.01 1008.01 618.18 496.43 567.66
6913221220109-back_camera2-39.jpg 32 1284.88 899.5 968.87 737.85 632.02 323.3
6913221220109-back_camera2-3.jpg 32 1309.11 875.39 997.22 693.01 623.78 364.77
6913221220109-back_camera2-7.jpg 32 1306.4 846.55 1067.56 553.11 477.69 586.88
6913221220109-back_camera2-4.jpg 32 1310.37 869.28 1015.75 652.72 589.24 433.12
6913221220109-back_camera2-40.jpg 32 1289.76 896.06 978.84 779.69 621.84 232.73
6913221220109-back_camera2-5.jpg 32 1305.55 861.21 1017.49 612.66 576.11 497.11
6913221220109-back_camera2-6.jpg 32 1304.07 857.94 1045.96 569.62 516.22 576.65
6913221220109-back_camera3-12.jpg 32 1387.13 1254.4 1049.55 1051.37 675.17 406.07
6913221220109-back_camera3-13.jpg 32 1373.5 1260.3 1047.58 1046.62 651.84 427.36
6913221220109-back_camera3-10.jpg 32 1398.73 1247.12 1060.84 1068.45 675.78 357.34
6913221220109-back_camera3-11.jpg 32 1391.11 1248.33 1051.25 1049.43 679.71 397.8
6913221220109-back_camera2-9.jpg 32 1303.1 833.14 1134.0 522.83 338.19 620.62
6913221220109-back_camera2-8.jpg 32 1304.23 838.29 1110.9 529.33 386.66 617.92
6913221220109-back_camera3-14.jpg 32 1364.84 1263.62 1059.07 1040.15 611.54 446.93
6913221220109-back_camera3-16.jpg 32 1360.92 1271.52 1115.56 1033.23 490.72 476.58
6913221220109-back_camera3-15.jpg 32 1360.17 1266.84 1084.37 1030.74 551.6 472.2
6913221220109-back_camera3-17.jpg 32 1359.51 1271.54 1149.5 1033.25 420.01 476.58
6913221220109-back_camera3-20.jpg 32 1399.97 1276.13 1245.49 1031.0 308.96 490.27
6913221220109-back_camera3-1.jpg 32 1428.82 1278.09 1228.17 1032.77 401.3 490.63
6913221220109-back_camera3-18.jpg 32 1361.38 1268.79 1196.72 1026.43 329.31 484.72
6913221220109-back_camera3-19.jpg 32 1387.22 1277.99 1276.22 1031.93 222.01 492.12
6913221220109-back_camera3-21.jpg 32 1398.6 1275.24 1196.37 1022.81 404.46 504.86
6913221220109-back_camera3-22.jpg 32 1402.07 1274.64 1176.37 1033.21 451.41 482.87
6913221220109-back_camera3-24.jpg 32 1402.57 1271.59 1107.22 1042.48 590.7 458.22
6913221220109-back_camera3-27.jpg 32 1388.61 1258.3 1046.35 1073.29 684.52 370.01
6913221220109-back_camera3-23.jpg 32 1404.47 1275.13 1140.22 1033.91 528.5 482.44
6913221220109-back_camera3-28.jpg 32 1387.17 1255.99 1048.61 1083.93 677.12 344.11
6913221220109-back_camera3-25.jpg 32 1398.75 1268.91 1079.7 1047.7 638.1 442.42
6913221220109-back_camera3-26.jpg 32 1396.3 1265.86 1063.26 1059.39 666.08 412.94
6913221220109-back_camera3-29.jpg 32 1394.21 1252.64 1052.85 1085.46 682.72 334.37
6913221220109-back_camera3-30.jpg 32 1398.49 1261.85 1054.24 1075.78 688.5 372.13
6913221220109-back_camera3-34.jpg 32 1388.19 1275.27 1099.53 1038.87 577.33 472.8
6913221220109-back_camera3-2.jpg 32 1429.71 1274.87 1192.64 1033.83 474.14 482.07
6913221220109-back_camera3-31.jpg 32 1395.65 1265.24 1055.64 1064.02 680.02 402.44
6913221220109-back_camera3-32.jpg 32 1391.84 1267.18 1061.24 1052.65 661.2 429.05
6913221220109-back_camera3-33.jpg 32 1387.32 1270.74 1075.59 1047.81 623.47 445.86
6913221220109-back_camera3-37.jpg 32 1389.31 1278.23 1203.24 1028.53 372.13 499.41
6913221220109-back_camera3-36.jpg 32 1387.05 1279.57 1163.1 1030.8 447.91 497.54
6913221220109-back_camera3-35.jpg 32 1387.28 1274.86 1131.04 1035.27 512.47 479.17
6913221220109-back_camera3-38.jpg 32 1395.05 1278.35 1251.83 1024.52 286.44 507.65
6913221220109-back_camera3-40.jpg 32 1426.37 1278.26 1280.91 1030.46 290.92 495.6
6913221220109-back_camera3-5.jpg 32 1420.11 1266.32 1105.6 1048.94 629.02 434.76
6913221220109-back_camera3-6.jpg 32 1413.12 1262.82 1082.01 1055.08 662.21 415.48
6913221220109-back_camera3-39.jpg 32 1401.96 1276.93 1288.05 1022.64 227.83 508.58
6913221220109-back_camera3-7.jpg 32 1407.92 1256.07 1071.55 1061.52 672.75 389.1
6913221220109-back_camera3-3.jpg 32 1433.12 1275.25 1162.08 1040.3 542.07 469.91
6913221220109-back_camera3-4.jpg 32 1426.45 1272.49 1126.85 1043.99 599.21 457.0
6913221220109-back_camera3-9.jpg 32 1398.15 1250.75 1059.96 1081.05 676.38 339.4
6913221220109-back_camera3-8.jpg 32 1394.48 1249.44 1060.67 1076.59 667.61 345.7
6913221220109_camera0-13.jpg 32 1442.83 1173.61 1089.47 1008.03 706.72 331.16
6913221220109_camera0-10.jpg 32 1416.22 1169.14 1057.64 999.78 717.16 338.73
6913221220109_camera0-12.jpg 32 1439.73 1168.7 1077.7 999.0 724.06 339.4
6913221220109_camera0-11.jpg 32 1429.02 1166.04 1067.43 1004.39 723.18 323.3
6913221220109_camera0-14.jpg 32 1442.83 1175.24 1094.87 1009.42 695.92 331.65
6913221220109_camera0-16.jpg 32 1446.95 1182.65 1140.88 1003.86 612.14 357.59
6913221220109_camera0-15.jpg 32 1446.74 1178.04 1116.75 1004.23 659.98 347.61
6913221220109_camera0-17.jpg 32 1454.24 1184.71 1182.28 1011.73 543.92 345.96
6913221220109_camera0-20.jpg 32 1473.48 1179.41 1338.93 991.53 269.1 375.77
6913221220109_camera0-22.jpg 32 1508.79 1173.8 1343.93 985.92 329.71 375.77
6913221220109_camera0-1.jpg 32 1377.26 1181.07 1271.01 1014.56 212.49 333.01
6913221220109_camera0-18.jpg 32 1458.13 1180.86 1229.98 997.5 456.31 366.71
6913221220109_camera0-21.jpg 32 1505.01 1189.38 1394.93 1019.18 220.16 340.41
6913221220109_camera0-19.jpg 32 1461.94 1182.07 1271.73 996.1 380.42 371.93
6913221220109_camera0-24.jpg 32 1508.87 1172.44 1255.94 997.22 505.86 350.45
6913221220109_camera0-27.jpg 32 1481.96 1163.93 1150.14 991.95 663.63 343.97
6913221220109_camera0-25.jpg 32 1500.51 1169.92 1211.14 989.73 578.73 360.39
6913221220109_camera0-23.jpg 32 1509.32 1171.26 1280.22 987.62 458.19 367.28
6913221220109_camera0-26.jpg 32 1495.03 1165.61 1183.42 991.97 623.21 347.28
6913221220109_camera0-28.jpg 32 1464.98 1159.4 1108.54 987.1 712.89 344.61
6913221220109_camera0-29.jpg 32 1446.01 1158.2 1103.58 992.14 684.87 332.13
6913221220109_camera0-2.jpg 32 1396.74 1169.57 1250.85 990.38 291.78 358.38
6913221220109_camera0-30.jpg 32 1440.5 1156.62 1097.14 993.14 686.72 326.95
6913221220109_camera0-32.jpg 32 1434.4 1150.54 1101.39 998.83 666.02 303.41
6913221220109_camera0-31.jpg 32 1435.97 1151.92 1089.46 994.0 693.01 315.85
6913221220109_camera0-36.jpg 32 1368.05 1163.95 1074.82 1005.77 586.47 316.36
6913221220109_camera0-34.jpg 32 1396.12 1156.99 1061.7 1000.2 668.83 313.58
6913221220109_camera0-33.jpg 32 1410.07 1152.52 1067.63 996.76 684.87 311.52
6913221220109_camera0-37.jpg 32 1363.09 1164.88 1101.44 1000.75 523.3 328.25
6913221220109_camera0-35.jpg 32 1382.72 1160.62 1066.71 1000.79 632.02 319.66
6913221220109_camera0-38.jpg 32 1353.96 1168.87 1140.62 993.1 426.68 351.53
6913221220109_camera0-39.jpg 32 1354.16 1171.15 1159.69 996.74 388.94 348.83
6913221220109_camera0-40.jpg 32 1354.96 1176.43 1223.34 1010.72 263.24 331.42
6913221220109_camera0-3.jpg 32 1403.22 1173.5 1201.11 994.31 404.22 358.38
6913221220109_camera0-5.jpg 32 1409.87 1174.15 1137.91 996.55 543.92 355.21
6913221220109_camera0-4.jpg 32 1407.34 1174.24 1165.51 989.39 483.65 369.71
6913221220109_camera0-7.jpg 32 1412.11 1170.52 1075.13 997.67 673.95 345.7
6913221220109_camera0-6.jpg 32 1410.34 1172.23 1100.4 990.95 619.87 362.55
6913221220109_camera0-9.jpg 32 1413.19 1164.66 1050.45 990.72 725.48 347.89
6913221220109_camera1-10.jpg 32 1290.4 1095.64 949.99 940.24 680.82 310.81
6913221220109_camera0-8.jpg 32 1415.67 1169.91 1061.98 994.28 707.38 351.26
6913221220109_camera1-11.jpg 32 1305.52 1099.76 962.33 920.31 686.37 358.91
6913221220109_camera1-12.jpg 32 1307.93 1102.73 964.29 875.45 687.29 454.56
6913221220109_camera1-14.jpg 32 1314.36 1104.29 992.47 827.78 643.77 553.02
6913221220109_camera1-19.jpg 32 1339.14 1085.42 1200.38 749.24 277.51 672.36
6913221220109_camera1-15.jpg 32 1321.65 1102.05 1026.71 796.47 589.89 611.16
6913221220109_camera1-1.jpg 32 1257.0 1082.85 1122.87 749.84 268.26 666.02
6913221220109_camera1-16.jpg 32 1327.23 1102.7 1062.07 780.97 530.32 643.45
6913221220109_camera1-13.jpg 32 1312.23 1105.53 981.03 846.03 662.41 518.99
6913221220109_camera1-18.jpg 32 1335.42 1089.48 1156.89 757.4 357.06 664.17
6913221220109_camera1-20.jpg 32 1361.17 1076.58 1243.09 744.24 236.17 664.67
6913221220109_camera1-17.jpg 32 1334.3 1095.9 1108.74 767.83 451.11 656.15
6913221220109_camera1-22.jpg 32 1369.6 1067.08 1179.04 735.92 381.11 662.32
6913221220109_camera1-25.jpg 32 1358.42 1044.76 1062.46 745.15 591.92 599.21
6913221220109_camera1-23.jpg 32 1367.34 1057.11 1122.2 736.12 490.27 641.97
6913221220109_camera1-21.jpg 32 1365.61 1074.22 1209.63 743.12 311.96 662.21
6913221220109_camera1-27.jpg 32 1337.37 1032.96 1013.61 777.65 647.52 510.62
6913221220109_camera1-24.jpg 32 1366.95 1053.26 1098.16 741.65 537.57 623.21
6913221220109_camera1-28.jpg 32 1318.74 1024.45 984.29 803.13 668.91 442.64
6913221220109_camera1-26.jpg 32 1348.12 1035.97 1034.93 762.43 626.38 547.09
6913221220109_camera1-32.jpg 32 1276.27 1021.02 944.14 799.19 664.26 443.65
6913221220109_camera1-34.jpg 32 1252.95 1029.05 946.11 758.68 613.69 540.75
6913221220109_camera1-29.jpg 32 1306.12 1017.27 976.42 834.24 659.41 366.07
6913221220109_camera1-31.jpg 32 1292.96 1015.72 962.56 826.62 660.8 378.19
6913221220109_camera1-30.jpg 32 1303.76 1017.84 975.5 857.68 656.51 320.32
6913221220109_camera1-33.jpg 32 1264.97 1024.16 945.83 773.48 638.27 501.37
6913221220109_camera1-2.jpg 32 1253.97 1087.43 1072.14 754.09 363.65 666.69
6913221220109_camera1-35.jpg 32 1239.99 1036.04 956.0 743.73 567.97 584.62
6913221220109_camera1-36.jpg 32 1233.39 1044.55 971.57 733.63 523.65 621.84
6913221220109_camera1-39.jpg 32 1225.3 1058.86 1081.76 728.62 287.07 660.47
6913221220109_camera1-3.jpg 32 1261.28 1093.03 1033.39 761.51 455.77 663.05
6913221220109_camera1-37.jpg 32 1225.45 1053.45 1002.65 732.33 445.6 642.23
6913221220109_camera1-38.jpg 32 1220.47 1059.1 1052.18 728.18 336.58 661.84
6913221220109_camera1-4.jpg 32 1266.46 1092.05 1007.45 771.99 518.02 640.12
6913221220109_camera1-40.jpg 32 1238.32 1073.86 1129.22 741.73 218.19 664.26
6913221220109_camera1-6.jpg 32 1269.18 1098.33 951.55 812.6 635.27 571.46
6913221220109_camera1-8.jpg 32 1273.44 1097.7 931.18 882.17 684.52 431.06
6913221220109_camera1-5.jpg 32 1266.72 1095.45 975.2 790.6 583.05 609.71
6913221220109_camera1-7.jpg 32 1270.26 1098.42 932.47 849.13 675.58 498.59
6913221220109_camera2-14.jpg 32 1315.42 824.0 1077.45 529.77 475.95 588.47
6913221220109_camera2-10.jpg 32 1319.9 857.82 1227.93 554.14 183.95 607.35
6913221220109_camera1-9.jpg 32 1280.06 1096.07 933.99 900.91 692.14 390.31
6913221220109_camera2-11.jpg 32 1321.48 850.89 1198.64 538.22 245.67 625.34
6913221220109_camera2-13.jpg 32 1320.15 828.01 1111.1 522.75 418.11 610.52
6913221220109_camera2-12.jpg 32 1323.29 837.67 1145.71 523.72 355.16 627.9
6913221220109_camera2-15.jpg 32 1309.81 814.57 1040.5 543.7 538.61 541.74
6913221220109_camera2-18.jpg 32 1282.48 805.95 964.29 631.4 636.38 349.1
6913221220109_camera2-16.jpg 32 1298.63 810.9 1008.17 568.54 580.92 484.72
6913221220109_camera2-17.jpg 32 1294.46 805.46 990.45 588.05 608.02 434.82
6913221220109_camera2-19.jpg 32 1275.62 794.85 962.88 661.51 625.47 266.67
6913221220109_camera2-1.jpg 32 1262.88 905.66 950.35 783.33 625.07 244.65
6913221220109_camera2-20.jpg 32 1267.28 803.56 961.44 700.87 611.68 205.38
6913221220109_camera2-25.jpg 32 1221.68 808.35 949.43 537.31 544.51 542.08
6913221220109_camera2-23.jpg 32 1237.53 793.32 940.59 575.94 593.87 434.76
6913221220109_camera2-2.jpg 32 1272.99 910.8 963.1 743.37 619.77 334.86
6913221220109_camera2-33.jpg 32 1204.4 877.28 993.44 569.95 421.93 614.66
6913221220109_camera2-28.jpg 32 1202.42 830.33 1034.07 524.14 336.71 612.37
6913221220109_camera2-21.jpg 32 1258.02 803.74 945.97 664.77 624.1 277.93
6913221220109_camera2-26.jpg 32 1210.56 814.44 970.15 518.88 480.82 591.13
6913221220109_camera2-24.jpg 32 1229.59 802.88 938.49 556.75 582.19 492.25
6913221220109_camera2-22.jpg 32 1247.81 803.49 933.62 627.25 628.38 352.48
6913221220109_camera2-29.jpg 32 1206.09 842.38 1082.01 530.42 248.15 623.92
6913221220109_camera2-30.jpg 32 1206.53 849.64 1107.27 541.94 198.52 615.41
6913221220109_camera2-32.jpg 32 1204.66 868.88 1035.3 553.11 338.73 631.54
6913221220109_camera2-27.jpg 32 1210.16 823.13 995.61 518.88 429.1 608.5
6913221220109_camera2-31.jpg 32 1200.41 858.78 1068.54 545.81 263.75 625.95
6913221220109_camera2-35.jpg 32 1217.63 890.8 940.45 619.28 554.36 543.05
6913221220109_camera2-40.jpg 32 1255.98 913.74 949.69 819.98 612.58 187.52
6913221220109_camera2-34.jpg 32 1211.1 883.38 971.04 590.12 480.11 586.53
6913221220109_camera2-36.jpg 32 1221.75 897.6 929.44 656.16 584.62 482.87
6913221220109_camera2-38.jpg 32 1242.25 909.02 927.45 754.46 629.59 309.12
6913221220109_camera2-37.jpg 32 1227.34 903.94 921.87 694.84 610.93 418.19
6913221220109_camera2-3.jpg 32 1278.74 906.38 978.1 694.55 601.27 423.66
6913221220109_camera2-4.jpg 32 1282.34 902.65 987.48 665.6 589.71 474.1
6913221220109_camera2-6.jpg 32 1301.29 891.0 1049.09 601.72 504.4 578.55
6913221220109_camera2-8.jpg 32 1312.09 873.55 1146.51 565.51 331.16 616.07
6913221220109_camera2-39.jpg 32 1246.64 914.75 929.66 776.65 633.97 276.21
6913221220109_camera2-5.jpg 32 1292.79 897.07 1017.49 629.68 550.59 534.79
6913221220109_camera2-7.jpg 32 1308.03 878.98 1106.22 574.65 403.62 608.67
6913221220109_camera3-11.jpg 32 1410.9 1337.33 1050.99 1132.98 719.82 408.7
6913221220109_camera2-9.jpg 32 1317.12 867.33 1182.07 555.59 270.11 623.47
6913221220109_camera3-10.jpg 32 1407.64 1333.41 1050.31 1147.45 714.67 371.92
6913221220109_camera3-15.jpg 32 1421.72 1347.85 1150.81 1099.96 541.83 495.77
6913221220109_camera3-19.jpg 32 1468.84 1340.01 1348.58 1090.25 240.51 499.52
6913221220109_camera3-17.jpg 32 1432.96 1343.63 1245.68 1090.29 374.56 506.68
6913221220109_camera3-14.jpg 32 1417.22 1344.54 1110.93 1104.89 612.58 479.29
6913221220109_camera3-12.jpg 32 1413.62 1336.38 1068.63 1113.53 689.97 445.71
6913221220109_camera3-18.jpg 32 1439.09 1342.47 1305.06 1086.88 268.06 511.18
6913221220109_camera3-13.jpg 32 1416.66 1345.06 1091.93 1108.96 649.45 472.2
6913221220109_camera3-16.jpg 32 1428.19 1344.12 1202.63 1090.51 451.11 507.22
6913221220109_camera3-20.jpg 32 1478.05 1335.04 1312.34 1084.49 331.42 501.1
6913221220109_camera3-1.jpg 32 1371.2 1340.57 1176.93 1092.42 388.53 496.3
6913221220109_camera3-21.jpg 32 1476.28 1329.74 1269.08 1082.75 414.41 493.97
6913221220109_camera3-23.jpg 32 1469.65 1323.26 1177.72 1089.82 583.86 466.88
6913221220109_camera3-22.jpg 32 1477.62 1329.63 1233.41 1085.42 488.42 488.42
6913221220109_camera3-24.jpg 32 1463.93 1318.12 1153.38 1086.28 621.09 463.69
6913221220109_camera3-26.jpg 32 1439.53 1304.91 1105.6 1099.56 667.87 410.71
6913221220109_camera3-25.jpg 32 1450.61 1314.93 1121.51 1094.92 658.2 440.01
6913221220109_camera3-27.jpg 32 1422.36 1303.95 1082.04 1110.69 680.64 386.51
6913221220109_camera3-28.jpg 32 1409.68 1295.61 1070.19 1119.85 678.97 351.51
6913221220109_camera3-30.jpg 32 1396.68 1293.76 1061.82 1121.7 669.72 344.11
6913221220109_camera3-2.jpg 32 1372.43 1342.3 1132.82 1096.43 479.23 491.73
6913221220109_camera3-31.jpg 32 1376.98 1294.97 1039.21 1105.47 675.54 379.0
6913221220109_camera3-32.jpg 32 1364.32 1301.3 1033.55 1095.54 661.54 411.51
6913221220109_camera3-36.jpg 32 1324.22 1321.28 1096.33 1083.32 455.78 475.93
6913221220109_camera3-34.jpg 32 1338.5 1311.27 1042.54 1085.2 591.92 452.14
6913221220109_camera3-29.jpg 32 1403.0 1292.32 1065.21 1129.36 675.58 325.92
6913221220109_camera3-33.jpg 32 1346.18 1308.17 1028.7 1088.97 634.97 438.4
6913221220109_camera3-35.jpg 32 1326.55 1314.71 1065.69 1084.78 521.72 459.87
6913221220109_camera3-37.jpg 32 1321.65 1325.93 1128.8 1079.19 385.7 493.47
6913221220109_camera3-38.jpg 32 1324.58 1328.58 1194.56 1082.78 260.04 491.59
6913221220109_camera3-3.jpg 32 1375.25 1340.43 1101.44 1102.69 547.62 475.47
6913221220109_camera3-39.jpg 32 1337.02 1335.18 1223.24 1085.42 227.56 499.52
6913221220109_camera3-40.jpg 32 1358.96 1337.63 1194.27 1087.86 329.38 499.54
6913221220109_camera3-4.jpg 32 1378.89 1341.25 1075.64 1104.9 606.51 472.69
6913221220109_camera3-8.jpg 32 1384.83 1334.25 1028.2 1149.91 713.26 368.68
6913221220109_camera3-7.jpg 32 1377.46 1335.39 1025.95 1143.91 703.02 382.96
6913221220109_camera3-5.jpg 32 1381.06 1338.72 1051.9 1114.25 658.31 448.95
6913221220109_camera3-6.jpg 32 1378.49 1339.41 1031.43 1123.23 694.11 432.37
6913221220109_camera3-9.jpg 32 1394.28 1330.99 1034.51 1157.18 719.54 347.61
