6926475206263_camera0-10.jpg 34 1405.8 997.62 1216.4 668.8 378.8 657.65
6926475206263_camera0-11.jpg 34 1411.69 1001.98 1219.02 678.48 385.34 646.99
6926475206263_camera0-12.jpg 34 1409.75 997.62 1205.88 660.91 407.74 673.43
6926475206263_camera0-13.jpg 34 1426.77 1003.13 1233.73 672.33 386.07 661.6
6926475206263_camera0-14.jpg 34 1433.96 1002.35 1245.26 677.27 377.41 650.16
6926475206263_camera0-15.jpg 34 1441.31 998.94 1242.7 660.91 397.22 676.06
6926475206263_camera0-16.jpg 34 1446.73 1004.02 1257.23 675.22 379.0 657.59
6926475206263_camera0-17.jpg 34 1459.07 1002.78 1270.37 676.91 377.41 651.75
6926475206263_camera0-19.jpg 34 1472.24 1003.28 1273.28 672.51 397.92 661.54
6926475206263_camera0-21.jpg 34 1483.4 1000.25 1284.79 660.91 397.22 678.69
6926475206263_camera0-18.jpg 34 1462.99 998.99 1272.79 665.95 380.41 666.08
6926475206263_camera0-20.jpg 34 1473.99 1003.12 1282.11 683.59 383.76 639.06
6926475206263_camera0-1.jpg 34 1397.9 998.94 1200.61 668.8 394.59 660.28
6926475206263_camera0-22.jpg 34 1483.72 1005.63 1291.87 681.61 383.71 648.04
6926475206263_camera0-24.jpg 34 1487.74 1000.26 1296.83 680.66 381.83 639.21
6926475206263_camera0-23.jpg 34 1488.26 1000.52 1298.63 681.39 379.26 638.27
6926475206263_camera0-26.jpg 34 1488.66 1001.57 1290.05 666.17 397.22 670.8
6926475206263_camera0-25.jpg 34 1483.4 1005.51 1287.42 671.43 391.96 668.17
6926475206263_camera0-29.jpg 34 1465.52 1000.91 1276.42 684.54 378.19 632.75
6926475206263_camera0-27.jpg 34 1483.22 1002.74 1299.76 685.45 366.93 634.57
6926475206263_camera0-28.jpg 34 1479.93 997.19 1288.08 684.74 383.71 624.9
6926475206263_camera0-2.jpg 34 1389.94 998.55 1205.99 682.98 367.9 631.13
6926475206263_camera0-30.jpg 34 1471.57 993.68 1271.64 663.54 399.85 660.28
6926475206263_camera0-31.jpg 34 1458.61 1002.26 1266.7 687.11 383.81 630.3
6926475206263_camera0-34.jpg 34 1438.86 1000.83 1247.94 683.85 381.83 633.96
6926475206263_camera0-33.jpg 34 1445.89 1003.25 1264.32 691.64 363.14 623.21
6926475206263_camera0-32.jpg 34 1450.52 1000.25 1255.86 679.32 389.33 641.86
6926475206263_camera0-35.jpg 34 1432.17 999.12 1249.04 682.34 366.27 633.55
6926475206263_camera0-37.jpg 34 1415.51 999.71 1227.92 677.82 375.18 643.78
6926475206263_camera0-36.jpg 34 1426.18 996.99 1241.17 685.25 370.01 623.47
6926475206263_camera0-39.jpg 34 1403.17 997.62 1208.51 674.06 389.33 647.12
6926475206263_camera0-38.jpg 34 1410.63 998.13 1217.07 682.15 387.12 631.96
6926475206263_camera0-5.jpg 34 1386.96 996.1 1196.05 672.25 381.83 647.7
6926475206263_camera0-40.jpg 34 1399.22 996.31 1208.51 676.69 381.43 639.23
6926475206263_camera0-6.jpg 34 1385.67 999.91 1188.81 672.77 393.73 654.29
6926475206263_camera0-4.jpg 34 1385.8 999.65 1199.47 681.71 372.65 635.89
6926475206263_camera0-3.jpg 34 1387.19 995.06 1197.16 667.99 380.05 654.13
6926475206263_camera0-7.jpg 34 1395.28 998.94 1192.72 666.17 405.11 665.54
6926475206263_camera0-8.jpg 34 1396.53 996.88 1202.08 667.37 388.9 659.01
6926475206263_camera0-9.jpg 34 1401.04 1000.92 1209.16 678.22 383.75 645.41
6926475206263_camera1-10.jpg 34 1279.94 963.38 1073.15 649.06 413.58 628.65
6926475206263_camera1-11.jpg 34 1285.52 965.04 1083.29 660.29 404.46 609.51
6926475206263_camera1-14.jpg 34 1312.42 962.11 1095.39 645.12 434.05 633.97
6926475206263_camera1-12.jpg 34 1294.8 966.03 1091.82 654.43 405.96 623.21
6926475206263_camera1-13.jpg 34 1303.2 964.35 1097.43 650.4 411.53 627.9
6926475206263_camera1-16.jpg 34 1326.38 961.68 1121.02 652.72 410.71 617.92
6926475206263_camera1-15.jpg 34 1323.09 963.94 1121.87 651.2 402.44 625.47
6926475206263_camera1-18.jpg 34 1343.03 957.05 1139.52 648.09 407.01 617.92
6926475206263_camera1-17.jpg 34 1342.78 958.68 1132.78 646.15 420.01 625.07
6926475206263_camera1-22.jpg 34 1360.4 935.31 1161.52 626.35 397.76 617.92
6926475206263_camera1-19.jpg 34 1348.47 949.02 1139.57 635.66 417.81 626.72
6926475206263_camera1-20.jpg 34 1359.45 941.43 1150.62 634.41 417.67 614.04
6926475206263_camera1-21.jpg 34 1334.77 939.75 1111.17 618.82 447.2 641.86
6926475206263_camera1-1.jpg 34 1257.92 917.28 1059.97 609.24 395.91 616.07
6926475206263_camera1-23.jpg 34 1362.48 928.18 1161.87 624.54 401.22 607.29
6926475206263_camera1-27.jpg 34 1355.83 905.44 1151.18 596.34 409.29 618.2
6926475206263_camera1-25.jpg 34 1362.4 912.12 1161.16 592.51 402.48 639.23
6926475206263_camera1-24.jpg 34 1358.75 923.75 1159.87 616.64 397.76 614.22
6926475206263_camera1-28.jpg 34 1346.33 904.24 1144.1 600.9 404.46 606.68
6926475206263_camera1-26.jpg 34 1353.18 910.81 1145.37 595.14 415.63 631.34
6926475206263_camera1-29.jpg 34 1337.94 905.18 1140.51 602.3 394.86 605.76
6926475206263_camera1-30.jpg 34 1330.97 901.51 1131.57 597.87 398.8 607.29
6926475206263_camera1-2.jpg 34 1258.49 923.97 1055.93 610.93 405.11 626.08
6926475206263_camera1-32.jpg 34 1318.05 900.62 1119.17 592.59 397.76 616.07
6926475206263_camera1-31.jpg 34 1324.4 893.63 1124.3 583.93 400.21 619.41
6926475206263_camera1-33.jpg 34 1311.47 898.31 1113.52 591.2 395.91 614.22
6926475206263_camera1-34.jpg 34 1302.53 896.92 1095.75 587.82 413.55 618.2
6926475206263_camera1-37.jpg 34 1277.74 899.29 1083.29 595.24 388.9 608.1
6926475206263_camera1-36.jpg 34 1291.37 901.61 1079.61 587.25 423.52 628.71
6926475206263_camera1-35.jpg 34 1295.28 898.43 1098.64 595.55 393.27 605.76
6926475206263_camera1-38.jpg 34 1271.67 903.83 1069.84 596.12 403.66 615.41
6926475206263_camera1-39.jpg 34 1270.36 908.17 1070.96 601.5 398.8 613.35
6926475206263_camera1-3.jpg 34 1246.65 931.85 1034.89 608.29 423.52 647.12
6926475206263_camera1-40.jpg 34 1262.03 911.84 1057.38 600.61 409.29 622.46
6926475206263_camera1-4.jpg 34 1255.55 933.88 1056.91 626.31 397.28 615.15
6926475206263_camera1-6.jpg 34 1257.04 942.12 1055.21 628.17 403.65 627.9
6926475206263_camera1-5.jpg 34 1256.78 936.91 1054.95 624.24 403.66 625.34
6926475206263_camera1-7.jpg 34 1270.32 950.27 1055.93 629.34 428.78 641.86
6926475206263_camera2-10.jpg 34 1293.99 856.79 1101.36 661.02 385.27 391.54
6926475206263_camera1-8.jpg 34 1266.12 954.85 1060.05 643.93 412.13 621.84
6926475206263_camera1-9.jpg 34 1271.37 957.27 1064.9 646.15 412.94 622.24
6926475206263_camera2-12.jpg 34 1300.38 846.64 1108.95 653.79 382.86 385.7
6926475206263_camera2-14.jpg 34 1308.1 828.83 1113.89 634.62 388.41 388.41
6926475206263_camera2-11.jpg 34 1297.63 852.43 1109.75 659.69 375.77 385.47
6926475206263_camera2-15.jpg 34 1297.95 827.95 1095.39 621.45 405.11 413.0
6926475206263_camera2-13.jpg 34 1304.6 840.28 1115.18 649.2 378.84 382.15
6926475206263_camera2-17.jpg 34 1291.88 806.66 1098.84 619.28 386.07 374.76
6926475206263_camera2-16.jpg 34 1299.26 820.06 1100.65 618.82 397.22 402.48
6926475206263_camera2-18.jpg 34 1292.46 804.58 1101.9 617.72 381.11 373.71
6926475206263_camera2-20.jpg 34 1277.02 798.88 1081.87 605.14 390.31 387.49
6926475206263_camera2-19.jpg 34 1287.42 802.95 1087.5 597.77 399.85 410.37
6926475206263_camera2-1.jpg 34 1234.75 883.44 1046.51 696.2 376.48 374.48
6926475206263_camera2-24.jpg 34 1251.91 792.43 1058.56 589.88 386.7 405.11
6926475206263_camera2-23.jpg 34 1255.82 784.74 1063.49 588.17 384.66 393.14
6926475206263_camera2-21.jpg 34 1269.01 795.06 1069.09 597.77 399.85 394.59
6926475206263_camera2-22.jpg 34 1258.86 783.12 1069.36 599.97 379.0 366.31
6926475206263_camera2-25.jpg 34 1244.06 787.45 1050.38 597.43 387.36 380.05
6926475206263_camera2-27.jpg 34 1238.85 792.52 1046.52 591.0 384.66 403.04
6926475206263_camera2-29.jpg 34 1220.34 809.54 1019.1 613.56 402.48 391.96
6926475206263_camera2-28.jpg 34 1223.04 800.96 1036.8 611.22 372.48 379.47
6926475206263_camera2-26.jpg 34 1234.85 788.59 1045.23 598.97 379.23 379.23
6926475206263_camera2-2.jpg 34 1236.13 885.82 1040.15 687.21 391.96 397.22
6926475206263_camera2-30.jpg 34 1217.9 813.26 1022.39 612.27 391.02 401.98
6926475206263_camera2-31.jpg 34 1206.57 817.91 1019.45 628.41 374.24 379.0
6926475206263_camera2-34.jpg 34 1201.28 841.19 1011.66 651.06 379.23 380.27
6926475206263_camera2-32.jpg 34 1207.19 831.89 1003.32 631.97 407.74 399.85
6926475206263_camera2-35.jpg 34 1205.99 850.27 1018.87 662.36 374.24 375.83
6926475206263_camera2-33.jpg 34 1208.12 837.66 1018.1 643.98 380.05 387.36
6926475206263_camera2-37.jpg 34 1208.51 858.19 1008.58 650.38 399.85 415.63
6926475206263_camera2-36.jpg 34 1211.4 852.07 1019.71 658.3 383.39 387.54
6926475206263_camera2-38.jpg 34 1215.36 867.62 1025.75 679.37 379.22 376.51
6926475206263_camera2-39.jpg 34 1221.65 870.04 1021.73 671.43 399.85 397.22
6926475206263_camera2-6.jpg 34 1274.82 888.08 1082.96 687.7 383.71 400.76
6926475206263_camera2-3.jpg 34 1250.96 884.54 1058.84 692.42 384.25 384.25
6926475206263_camera2-40.jpg 34 1228.4 879.16 1038.79 692.27 379.22 373.79
6926475206263_camera2-4.jpg 34 1253.23 892.39 1050.67 687.21 405.11 410.37
6926475206263_camera2-5.jpg 34 1265.81 887.9 1070.04 693.69 391.54 388.41
6926475206263_camera2-7.jpg 34 1280.85 876.62 1082.24 663.54 397.22 426.15
6926475206263_camera2-8.jpg 34 1284.1 873.88 1096.52 683.4 375.15 380.97
6926475206263_camera3-11.jpg 34 1385.21 1175.76 1185.11 834.24 400.21 683.05
6926475206263_camera3-10.jpg 34 1384.75 1176.49 1190.09 826.63 389.33 699.73
6926475206263_camera2-9.jpg 34 1290.01 867.64 1102.77 676.41 374.48 382.47
6926475206263_camera3-12.jpg 34 1394.64 1175.41 1190.06 839.66 409.17 671.5
6926475206263_camera3-13.jpg 34 1412.76 1183.0 1208.12 834.01 409.29 697.98
6926475206263_camera3-15.jpg 34 1420.27 1177.81 1216.4 831.89 407.74 691.84
6926475206263_camera3-16.jpg 34 1430.94 1181.89 1233.66 841.78 394.56 680.22
6926475206263_camera3-14.jpg 34 1414.75 1175.14 1218.91 838.96 391.68 672.36
6926475206263_camera3-17.jpg 34 1433.42 1162.03 1221.66 818.74 423.52 686.58
6926475206263_camera3-19.jpg 34 1442.65 1170.46 1246.08 833.89 393.14 673.15
6926475206263_camera3-18.jpg 34 1451.84 1172.55 1253.23 826.63 397.22 691.84
6926475206263_camera3-1.jpg 34 1352.31 1164.64 1164.39 841.15 375.83 646.99
6926475206263_camera3-21.jpg 34 1454.7 1161.67 1258.59 826.99 392.23 669.36
6926475206263_camera3-22.jpg 34 1447.68 1158.32 1255.35 825.28 384.66 666.08
6926475206263_camera3-20.jpg 34 1450.52 1167.29 1237.44 821.37 426.15 691.84
6926475206263_camera3-23.jpg 34 1456.14 1165.61 1263.47 834.98 385.34 661.26
6926475206263_camera3-25.jpg 34 1447.48 1148.46 1249.23 813.78 396.5 669.36
6926475206263_camera3-26.jpg 34 1443.86 1157.18 1250.39 832.1 386.93 650.16
6926475206263_camera3-27.jpg 34 1445.25 1154.14 1245.33 813.48 399.85 681.32
6926475206263_camera3-24.jpg 34 1455.02 1155.68 1261.98 824.06 386.07 663.25
6926475206263_camera3-29.jpg 34 1427.2 1152.13 1233.51 828.64 387.38 646.99
6926475206263_camera3-30.jpg 34 1420.08 1146.71 1222.74 817.82 394.67 657.78
6926475206263_camera3-31.jpg 34 1408.68 1146.27 1215.34 819.59 386.68 653.35
6926475206263_camera3-28.jpg 34 1433.58 1155.83 1243.95 830.22 379.26 651.22
6926475206263_camera3-32.jpg 34 1401.79 1152.59 1212.88 826.74 377.82 651.7
6926475206263_camera3-2.jpg 34 1354.18 1164.21 1155.02 833.49 398.32 661.44
6926475206263_camera3-34.jpg 34 1387.34 1151.6 1197.84 828.46 379.0 646.28
6926475206263_camera3-33.jpg 34 1398.86 1152.43 1201.88 828.18 393.95 648.5
6926475206263_camera3-35.jpg 34 1381.7 1154.03 1189.85 832.44 383.71 643.17
6926475206263_camera3-36.jpg 34 1379.23 1151.64 1186.19 824.26 386.07 654.77
6926475206263_camera3-38.jpg 34 1362.22 1152.72 1168.23 830.83 387.97 643.78
6926475206263_camera3-37.jpg 34 1366.97 1151.42 1178.17 824.04 377.59 654.77
6926475206263_camera3-39.jpg 34 1357.16 1156.68 1167.66 830.81 379.0 651.75
6926475206263_camera3-6.jpg 34 1364.15 1171.91 1161.22 833.22 405.87 677.39
6926475206263_camera3-5.jpg 34 1356.63 1172.98 1163.17 843.14 386.93 659.68
6926475206263_camera3-4.jpg 34 1354.19 1167.05 1161.86 832.59 384.66 668.91
6926475206263_camera3-8.jpg 34 1373.93 1179.25 1175.71 843.07 396.44 672.36
6926475206263_camera3-3.jpg 34 1350.84 1170.16 1158.71 841.06 384.25 658.2
6926475206263_camera3-40.jpg 34 1356.95 1161.38 1171.87 834.02 370.17 654.72
6926475206263_camera3-7.jpg 34 1367.38 1176.13 1167.73 840.5 399.3 671.26
6926475206263_camera3-9.jpg 34 1379.16 1175.61 1175.4 835.73 407.52 679.75
