6959619480205_camera0-10.jpg 35 1438.69 946.32 1216.4 734.56 444.57 423.52
6959619480205_camera0-21.jpg 35 1444.88 948.86 1221.46 739.95 446.83 417.81
6959619480205_camera0-1.jpg 35 1434.6 948.72 1209.82 751.69 449.56 394.06
6959619480205_camera0-22.jpg 35 1436.17 948.86 1209.86 739.95 452.63 417.81
6959619480205_camera0-23.jpg 35 1442.63 952.89 1216.4 742.45 452.46 420.89
6959619480205_camera0-27.jpg 35 1439.58 947.66 1217.07 745.01 445.02 405.31
6959619480205_camera0-29.jpg 35 1433.27 945.96 1209.86 739.95 446.83 412.01
6959619480205_camera0-28.jpg 35 1432.11 947.63 1211.14 739.82 441.94 415.63
6959619480205_camera0-26.jpg 35 1438.67 946.12 1220.52 748.36 436.31 395.53
6959619480205_camera0-2.jpg 35 1435.03 942.45 1215.77 743.55 438.52 397.8
6959619480205_camera0-35.jpg 35 1430.9 946.87 1213.52 746.14 434.76 401.46
6959619480205_camera0-30.jpg 35 1434.74 948.96 1213.77 745.09 441.94 407.74
6959619480205_camera0-31.jpg 35 1433.27 945.96 1215.66 739.95 435.22 412.01
6959619480205_camera0-32.jpg 35 1430.29 946.61 1212.25 746.01 436.08 401.2
6959619480205_camera0-33.jpg 35 1430.8 943.69 1211.14 734.56 439.31 418.26
6959619480205_camera0-39.jpg 35 1431.17 950.18 1210.75 749.58 440.84 401.2
6959619480205_camera0-5.jpg 35 1432.26 950.14 1209.63 748.79 445.25 402.71
6959619480205_camera0-38.jpg 35 1426.84 947.63 1195.35 737.19 462.98 420.89
6959619480205_camera0-3.jpg 35 1432.14 950.14 1210.46 749.97 443.36 400.35
6959619480205_camera0-4.jpg 35 1431.96 949.61 1211.77 752.52 440.39 394.18
6959619480205_camera0-40.jpg 35 1430.79 943.69 1216.4 739.82 428.78 407.74
6959619480205_camera0-6.jpg 35 1432.47 947.58 1208.27 741.84 448.41 411.48
6959619480205_camera0-7.jpg 35 1437.94 946.04 1218.31 748.61 439.26 394.86
6959619480205_camera0-8.jpg 35 1437.79 949.73 1213.9 748.04 447.77 403.38
6959619480205_camera0-9.jpg 35 1438.9 948.83 1216.39 747.83 445.02 402.0
6959619480205_camera1-16.jpg 35 1315.11 1049.13 1086.94 799.87 456.33 498.53
6959619480205_camera3-18.jpg 35 1437.76 1291.8 1216.19 1047.81 443.14 487.98
6959619480205_camera3-17.jpg 35 1430.86 1296.74 1208.85 1060.86 444.01 471.76
6959619480205_camera3-19.jpg 35 1432.47 1294.44 1197.72 1055.73 469.51 477.43
6959619480205_camera3-1.jpg 35 1355.99 1283.89 1137.06 1053.09 437.86 461.6
6959619480205_camera3-20.jpg 35 1443.16 1294.07 1220.36 1061.75 445.6 464.63
6959619480205_camera3-22.jpg 35 1457.54 1282.58 1224.1 1042.54 466.88 480.07
6959619480205_camera3-23.jpg 35 1448.61 1283.98 1226.6 1054.05 444.01 459.87
6959619480205_camera3-25.jpg 35 1446.53 1278.29 1228.53 1044.11 436.0 468.37
6959619480205_camera3-27.jpg 35 1434.74 1280.41 1213.77 1039.71 441.94 481.4
6959619480205_camera3-34.jpg 35 1398.27 1267.18 1183.66 1041.48 429.21 451.41
6959619480205_camera3-40.jpg 35 1363.71 1276.46 1140.11 1039.71 447.2 473.5
6959619480205_camera3-7.jpg 35 1363.71 1290.93 1137.48 1050.23 452.46 481.4
