6939947700169_camera0-10.jpg 36 1420.5 793.22 1212.76 441.55 415.48 703.33
6939947700169_camera0-13.jpg 36 1426.07 794.08 1218.33 442.04 415.47 704.08
6939947700169_camera0-11.jpg 36 1422.59 796.16 1218.02 446.5 409.13 699.32
6939947700169_camera0-12.jpg 36 1419.12 790.02 1213.16 436.81 411.92 706.42
6939947700169_camera0-16.jpg 36 1435.48 794.09 1230.91 440.46 409.13 707.25
6939947700169_camera0-14.jpg 36 1426.82 795.66 1216.46 438.46 420.72 714.4
6939947700169_camera0-20.jpg 36 1453.82 792.75 1247.54 437.54 412.56 710.42
6939947700169_camera0-15.jpg 36 1433.67 794.17 1226.64 439.67 414.06 709.0
6939947700169_camera0-19.jpg 36 1449.4 791.6 1245.63 437.18 407.54 708.84
6939947700169_camera0-17.jpg 36 1440.41 793.11 1236.91 437.9 407.01 710.42
6939947700169_camera0-18.jpg 36 1444.61 791.82 1238.85 434.03 411.53 715.58
6939947700169_camera0-24.jpg 36 1463.75 793.12 1259.18 440.29 409.13 705.67
6939947700169_camera0-21.jpg 36 1456.51 788.52 1249.45 433.79 414.12 709.45
6939947700169_camera0-27.jpg 36 1470.64 792.95 1262.2 442.3 416.89 701.3
6939947700169_camera0-25.jpg 36 1465.23 793.78 1260.8 442.27 408.86 703.02
6939947700169_camera0-26.jpg 36 1469.12 793.46 1266.89 439.21 404.46 708.51
6939947700169_camera0-1.jpg 36 1430.86 791.81 1224.84 442.37 412.03 698.87
6939947700169_camera0-23.jpg 36 1461.18 792.62 1257.98 438.54 406.41 708.16
6939947700169_camera0-22.jpg 36 1458.64 794.84 1249.55 437.86 418.19 713.96
6939947700169_camera0-28.jpg 36 1469.44 794.12 1268.28 444.8 402.33 698.64
6939947700169_camera0-29.jpg 36 1467.9 791.7 1261.28 439.22 413.25 704.95
6939947700169_camera0-2.jpg 36 1429.0 792.76 1231.05 447.72 395.91 690.07
6939947700169_camera0-32.jpg 36 1460.91 791.16 1257.41 445.2 407.01 691.92
6939947700169_camera0-31.jpg 36 1465.63 791.98 1259.36 442.97 412.55 698.01
6939947700169_camera0-33.jpg 36 1457.07 791.78 1255.41 445.82 403.31 691.92
6939947700169_camera0-34.jpg 36 1454.34 792.7 1251.81 448.14 405.05 689.13
6939947700169_camera0-30.jpg 36 1466.74 793.11 1261.33 443.67 410.82 698.87
6939947700169_camera0-35.jpg 36 1453.23 792.89 1249.59 445.61 407.28 694.57
6939947700169_camera0-38.jpg 36 1443.85 791.61 1245.63 446.7 396.44 689.81
6939947700169_camera0-37.jpg 36 1449.76 791.82 1249.15 446.35 401.22 690.93
6939947700169_camera0-5.jpg 36 1420.88 794.52 1218.7 449.62 404.37 689.81
6939947700169_camera0-39.jpg 36 1440.13 790.16 1235.08 446.52 410.11 687.29
6939947700169_camera0-40.jpg 36 1434.35 792.94 1232.24 445.5 404.22 694.88
6939947700169_camera0-3.jpg 36 1426.19 791.33 1225.59 443.25 401.2 696.15
6939947700169_camera0-4.jpg 36 1422.18 791.07 1223.96 444.58 396.44 692.98
6939947700169_camera0-36.jpg 36 1449.1 791.95 1246.23 442.68 405.73 698.54
6939947700169_camera0-7.jpg 36 1415.99 793.42 1214.34 444.69 403.31 697.47
6939947700169_camera0-6.jpg 36 1422.67 787.58 1219.74 436.15 405.87 702.85
6939947700169_camera1-10.jpg 36 1287.32 945.09 1063.68 604.16 447.28 681.86
6939947700169_camera1-11.jpg 36 1301.97 949.76 1079.17 608.82 445.6 681.88
6939947700169_camera1-12.jpg 36 1306.04 948.75 1081.65 609.39 448.77 678.71
6939947700169_camera0-9.jpg 36 1419.64 794.71 1216.66 445.05 405.96 699.32
6939947700169_camera1-14.jpg 36 1325.25 949.69 1101.79 608.5 446.93 682.38
6939947700169_camera1-15.jpg 36 1343.5 943.13 1120.06 605.14 446.88 675.98
6939947700169_camera1-18.jpg 36 1364.76 933.72 1147.38 596.08 434.76 675.27
6939947700169_camera1-21.jpg 36 1372.39 917.74 1152.4 582.28 439.99 670.92
6939947700169_camera1-20.jpg 36 1369.55 924.67 1148.31 587.96 442.47 673.42
6939947700169_camera0-8.jpg 36 1417.69 794.77 1213.92 446.7 407.54 696.15
6939947700169_camera1-16.jpg 36 1345.66 945.09 1124.45 606.59 442.42 677.0
6939947700169_camera1-1.jpg 36 1249.6 903.4 1030.37 566.69 438.46 673.42
6939947700169_camera1-22.jpg 36 1373.39 907.78 1154.01 573.54 438.77 668.49
6939947700169_camera1-19.jpg 36 1367.08 928.38 1148.77 590.74 436.61 675.27
6939947700169_camera1-17.jpg 36 1353.47 938.28 1136.22 602.1 434.5 672.36
6939947700169_camera1-23.jpg 36 1371.75 901.65 1155.3 568.64 432.91 666.02
6939947700169_camera1-13.jpg 36 1321.95 952.38 1098.92 611.45 446.06 681.86
6939947700169_camera1-24.jpg 36 1371.78 897.88 1155.41 566.96 432.74 661.84
6939947700169_camera1-26.jpg 36 1359.27 883.21 1148.37 549.41 421.81 667.61
6939947700169_camera1-25.jpg 36 1366.83 892.22 1152.58 558.47 428.5 667.49
6939947700169_camera1-27.jpg 36 1355.03 881.92 1141.74 546.53 426.57 670.78
6939947700169_camera1-28.jpg 36 1348.87 880.59 1133.74 548.25 430.26 664.67
6939947700169_camera1-30.jpg 36 1332.18 873.84 1118.64 541.5 427.08 664.67
6939947700169_camera1-34.jpg 36 1287.16 872.44 1074.21 543.46 425.9 657.95
6939947700169_camera1-36.jpg 36 1273.99 876.66 1060.05 540.9 427.89 671.53
6939947700169_camera1-35.jpg 36 1283.24 873.98 1070.19 542.17 426.1 663.63
6939947700169_camera1-38.jpg 36 1260.06 885.14 1046.52 551.4 427.08 667.49
6939947700169_camera1-29.jpg 36 1340.54 873.47 1128.05 542.05 424.98 662.85
6939947700169_camera1-31.jpg 36 1315.44 868.53 1096.01 534.43 438.87 668.2
6939947700169_camera1-33.jpg 36 1301.35 873.18 1087.67 542.94 427.36 660.47
6939947700169_camera1-2.jpg 36 1247.96 905.44 1031.16 572.43 433.59 666.02
6939947700169_camera1-32.jpg 36 1310.96 873.12 1098.84 538.67 424.25 668.91
6939947700169_camera1-37.jpg 36 1266.39 881.97 1054.91 548.07 422.97 667.79
6939947700169_camera1-39.jpg 36 1251.86 893.33 1035.4 561.24 432.91 664.17
6939947700169_camera1-40.jpg 36 1254.4 889.39 1038.03 558.47 432.74 661.84
6939947700169_camera1-3.jpg 36 1250.16 914.61 1030.96 579.45 438.4 670.32
6939947700169_camera1-5.jpg 36 1251.95 925.95 1037.08 588.97 429.74 673.95
6939947700169_camera2-14.jpg 36 1311.61 817.69 1108.39 611.03 406.43 413.32
6939947700169_camera2-13.jpg 36 1310.03 819.56 1107.24 611.82 405.58 415.47
6939947700169_camera1-7.jpg 36 1263.71 935.12 1048.84 595.76 429.74 678.71
6939947700169_camera1-8.jpg 36 1273.5 941.72 1052.18 600.9 442.64 681.64
6939947700169_camera2-11.jpg 36 1312.36 841.56 1108.47 635.63 407.77 411.85
6939947700169_camera2-10.jpg 36 1305.11 855.78 1100.74 649.89 408.73 411.79
6939947700169_camera1-6.jpg 36 1256.43 930.89 1042.75 592.33 427.36 677.12
6939947700169_camera1-4.jpg 36 1248.81 918.46 1031.56 579.9 434.5 677.12
6939947700169_camera2-15.jpg 36 1307.43 802.42 1101.67 593.83 411.53 417.18
6939947700169_camera2-17.jpg 36 1297.23 791.86 1094.78 588.64 404.9 406.43
6939947700169_camera2-16.jpg 36 1304.91 799.69 1101.27 595.44 407.28 408.5
6939947700169_camera2-12.jpg 36 1310.99 837.47 1107.11 630.19 407.77 414.56
6939947700169_camera1-9.jpg 36 1281.28 945.25 1056.42 607.97 449.71 674.56
6939947700169_camera2-18.jpg 36 1288.35 779.61 1085.82 577.76 405.05 403.69
6939947700169_camera2-19.jpg 36 1280.57 780.5 1076.22 572.61 408.7 415.77
6939947700169_camera2-1.jpg 36 1241.78 892.71 1037.21 686.79 409.13 411.85
6939947700169_camera2-22.jpg 36 1255.79 773.88 1048.75 566.45 414.08 414.85
6939947700169_camera2-21.jpg 36 1264.54 774.0 1057.26 565.51 414.56 416.98
6939947700169_camera2-23.jpg 36 1246.59 772.3 1043.87 568.58 405.44 407.44
6939947700169_camera2-24.jpg 36 1239.06 773.62 1033.23 569.58 411.66 408.09
6939947700169_camera2-27.jpg 36 1210.19 788.32 1006.55 582.08 407.28 412.48
6939947700169_camera2-20.jpg 36 1274.19 776.61 1070.89 572.14 406.6 408.93
6939947700169_camera2-25.jpg 36 1228.0 775.75 1023.68 571.43 408.65 408.65
6939947700169_camera2-26.jpg 36 1212.92 781.52 1009.72 576.28 406.41 410.49
6939947700169_camera2-30.jpg 36 1194.25 809.65 990.61 601.85 407.28 415.6
6939947700169_camera2-28.jpg 36 1204.13 791.93 1002.29 588.72 403.69 406.41
6939947700169_camera2-31.jpg 36 1192.18 821.94 985.42 616.22 413.52 411.44
6939947700169_camera2-29.jpg 36 1200.45 800.8 996.57 596.92 407.77 407.77
6939947700169_camera2-2.jpg 36 1245.91 889.4 1040.19 682.35 411.44 414.11
6939947700169_camera2-38.jpg 36 1212.27 878.23 1010.43 675.02 403.69 406.41
6939947700169_camera2-33.jpg 36 1192.91 837.95 986.97 631.68 411.88 412.55
6939947700169_camera2-32.jpg 36 1192.82 829.34 988.88 622.73 407.88 413.22
6939947700169_camera2-39.jpg 36 1224.55 886.14 1020.66 683.62 407.77 405.05
6939947700169_camera2-34.jpg 36 1194.4 849.45 990.21 644.88 408.39 409.15
6939947700169_camera2-3.jpg 36 1253.8 888.55 1049.23 685.34 409.13 406.41
6939947700169_camera2-37.jpg 36 1205.35 872.53 1001.37 667.4 407.96 410.26
6939947700169_camera2-36.jpg 36 1200.66 862.29 997.02 655.01 407.28 414.56
6939947700169_camera2-35.jpg 36 1196.12 855.05 995.15 650.58 401.94 408.93
6939947700169_camera2-5.jpg 36 1272.63 886.29 1066.91 681.46 411.44 409.66
6939947700169_camera2-4.jpg 36 1263.79 884.74 1057.66 680.77 412.25 407.94
6939947700169_camera2-6.jpg 36 1280.39 881.49 1074.67 677.55 411.44 407.88
6939947700169_camera2-7.jpg 36 1289.45 875.54 1088.29 672.33 402.33 406.41
6939947700169_camera3-14.jpg 36 1432.82 1155.49 1217.87 789.93 429.91 731.13
6939947700169_camera3-11.jpg 36 1407.78 1162.4 1198.72 797.94 418.11 728.92
6939947700169_camera2-40.jpg 36 1229.71 887.29 1023.1 682.02 413.22 410.54
6939947700169_camera2-8.jpg 36 1298.15 867.66 1093.47 664.54 409.36 406.25
6939947700169_camera3-10.jpg 36 1396.88 1159.22 1188.75 796.61 416.26 725.22
6939947700169_camera2-9.jpg 36 1304.49 858.69 1096.67 653.16 415.64 411.06
6939947700169_camera3-18.jpg 36 1461.76 1150.77 1250.8 791.35 421.93 718.84
6939947700169_camera3-12.jpg 36 1413.27 1161.48 1200.78 795.96 424.98 731.04
6939947700169_camera3-16.jpg 36 1447.06 1155.82 1238.18 793.27 417.76 725.09
6939947700169_camera3-19.jpg 36 1464.92 1148.22 1257.72 787.46 414.41 721.52
6939947700169_camera3-15.jpg 36 1444.56 1155.88 1239.2 792.74 410.71 726.28
6939947700169_camera3-17.jpg 36 1452.66 1152.43 1242.66 787.57 420.01 729.72
6939947700169_camera3-13.jpg 36 1428.24 1160.84 1221.3 797.7 413.88 726.28
6939947700169_camera3-1.jpg 36 1338.85 1147.45 1132.05 790.64 413.59 713.63
6939947700169_camera3-20.jpg 36 1462.99 1146.3 1255.11 786.39 415.77 719.82
6939947700169_camera3-21.jpg 36 1466.68 1143.12 1259.4 785.65 414.56 714.95
6939947700169_camera3-22.jpg 36 1467.88 1140.78 1257.57 783.19 420.62 715.17
6939947700169_camera3-28.jpg 36 1429.82 1131.11 1232.79 780.52 394.06 701.17
6939947700169_camera3-29.jpg 36 1426.05 1131.65 1221.86 782.82 408.39 697.66
6939947700169_camera3-25.jpg 36 1456.32 1135.26 1250.86 782.53 410.92 705.47
6939947700169_camera3-24.jpg 36 1463.46 1137.76 1263.25 784.03 400.43 707.47
6939947700169_camera3-30.jpg 36 1417.53 1128.11 1212.85 781.6 409.36 693.01
6939947700169_camera3-26.jpg 36 1446.21 1131.8 1241.5 781.75 409.43 700.09
6939947700169_camera3-2.jpg 36 1343.69 1145.7 1137.77 789.58 411.85 712.23
6939947700169_camera3-31.jpg 36 1400.68 1129.37 1197.04 780.27 407.28 698.2
6939947700169_camera3-23.jpg 36 1462.5 1140.97 1255.27 784.85 414.46 712.24
6939947700169_camera3-27.jpg 36 1443.06 1131.75 1242.46 782.88 401.2 697.74
6939947700169_camera3-34.jpg 36 1376.3 1129.43 1171.95 780.83 408.7 697.19
6939947700169_camera3-33.jpg 36 1388.37 1129.82 1188.56 783.33 399.61 692.98
6939947700169_camera3-32.jpg 36 1396.85 1127.29 1192.26 775.86 409.17 702.85
6939947700169_camera3-37.jpg 36 1363.52 1134.77 1162.36 786.13 402.33 697.28
6939947700169_camera3-3.jpg 36 1346.51 1150.89 1139.31 790.13 414.41 721.52
6939947700169_camera3-35.jpg 36 1369.75 1133.55 1169.29 783.78 400.92 699.55
6939947700169_camera3-38.jpg 36 1355.16 1137.19 1156.04 785.15 398.25 704.08
6939947700169_camera3-6.jpg 36 1358.03 1150.97 1148.03 783.29 420.01 735.37
6939947700169_camera3-36.jpg 36 1366.31 1136.66 1167.43 787.0 397.76 699.32
6939947700169_camera3-9.jpg 36 1384.84 1155.32 1167.76 786.93 434.15 736.79
6939947700169_camera3-4.jpg 36 1344.22 1148.53 1139.87 783.67 408.7 729.72
6939947700169_camera3-5.jpg 36 1350.4 1147.33 1142.52 781.76 415.77 731.13
6939947700169_camera3-40.jpg 36 1347.32 1141.76 1139.59 788.14 415.47 707.25
6939947700169_camera3-8.jpg 36 1370.77 1156.48 1159.35 789.5 422.84 733.96
6939947700169_camera3-39.jpg 36 1347.78 1141.01 1145.6 787.38 404.37 707.25
6939947700169_camera3-7.jpg 36 1365.89 1151.37 1155.89 783.68 420.01 735.37
