6950361040808-back_camera0-10.jpg 37 1383.39 1258.33 784.08 1133.68 1198.63 249.3
6950361040808-back_camera0-11.jpg 37 1481.84 1253.72 867.11 1122.37 1229.45 262.7
6950361040808-back_camera0-13.jpg 37 1641.24 1259.36 995.43 1113.37 1291.62 291.99
6950361040808-back_camera0-12.jpg 37 1602.68 1255.03 1001.09 1122.37 1203.18 265.33
6950361040808-back_camera0-14.jpg 37 1633.23 1253.11 917.72 1119.29 1431.02 267.64
6950361040808-back_camera0-19.jpg 37 1510.56 1231.88 801.7 1116.05 1417.71 231.67
6950361040808-back_camera0-18.jpg 37 1537.0 1235.33 801.43 1101.35 1471.14 267.96
6950361040808-back_camera0-15.jpg 37 1623.83 1251.11 889.35 1122.53 1468.95 257.16
6950361040808-back_camera0-16.jpg 37 1613.18 1247.15 861.85 1114.49 1502.66 265.33
6950361040808-back_camera0-17.jpg 37 1557.07 1230.42 798.14 1092.32 1517.85 276.21
6950361040808-back_camera0-20.jpg 37 1548.83 1218.26 825.08 1088.22 1447.49 260.08
6950361040808-back_camera0-1.jpg 37 1270.32 1230.42 524.55 1092.32 1491.54 276.21
6950361040808-back_camera0-22.jpg 37 1614.11 1231.94 904.25 1091.25 1419.72 281.39
6950361040808-back_camera0-24.jpg 37 1534.48 1228.11 819.33 1068.21 1430.3 319.8
6950361040808-back_camera0-23.jpg 37 1599.15 1235.69 892.84 1076.54 1412.62 318.3
6950361040808-back_camera0-21.jpg 37 1583.59 1219.29 864.66 1090.87 1437.86 256.85
6950361040808-back_camera0-25.jpg 37 1489.98 1242.27 763.94 1063.39 1452.08 357.76
6950361040808-back_camera0-26.jpg 37 1455.16 1245.73 748.82 1075.76 1412.67 339.95
6950361040808-back_camera0-27.jpg 37 1397.63 1242.04 726.14 1055.51 1342.98 373.05
6950361040808-back_camera0-29.jpg 37 1334.29 1240.7 748.82 1058.13 1170.93 365.13
6950361040808-back_camera0-33.jpg 37 1456.88 1227.45 874.99 1067.2 1163.77 320.5
6950361040808-back_camera0-34.jpg 37 1424.21 1215.97 784.98 1063.39 1278.46 305.15
6950361040808-back_camera0-28.jpg 37 1356.95 1243.22 736.23 1065.69 1241.44 355.06
6950361040808-back_camera0-2.jpg 37 1338.76 1235.4 582.72 1103.59 1512.09 263.62
6950361040808-back_camera0-31.jpg 37 1357.13 1227.8 829.7 1055.49 1054.86 344.61
6950361040808-back_camera0-30.jpg 37 1311.07 1237.95 775.16 1064.57 1071.83 346.77
6950361040808-back_camera0-39.jpg 37 1244.9 1233.14 527.23 1100.94 1435.34 264.4
6950361040808-back_camera0-35.jpg 37 1392.65 1214.65 711.33 1060.76 1362.64 307.78
6950361040808-back_camera0-38.jpg 37 1292.74 1230.63 575.07 1093.39 1435.34 274.48
6950361040808-back_camera0-32.jpg 37 1460.82 1227.44 930.16 1064.57 1061.32 325.75
6950361040808-back_camera0-37.jpg 37 1322.96 1233.14 610.33 1090.87 1425.26 284.55
6950361040808-back_camera0-36.jpg 37 1358.36 1230.08 651.69 1077.71 1413.34 304.74
6950361040808-back_camera0-3.jpg 37 1401.85 1229.11 661.34 1108.11 1481.02 242.01
6950361040808-back_camera0-40.jpg 37 1239.87 1229.37 529.75 1098.42 1420.23 261.89
6950361040808-back_camera0-4.jpg 37 1399.05 1249.3 642.56 1123.76 1512.97 251.08
6950361040808-back_camera0-8.jpg 37 1325.52 1260.29 596.52 1130.25 1458.0 260.08
6950361040808-back_camera0-7.jpg 37 1341.35 1261.99 569.27 1131.78 1544.15 260.43
6950361040808-back_camera0-5.jpg 37 1359.47 1258.33 590.18 1141.23 1538.58 234.19
6950361040808-back_camera0-9.jpg 37 1329.46 1258.97 693.72 1122.37 1271.48 273.21
6950361040808-back_camera0-6.jpg 37 1342.66 1246.2 558.75 1105.47 1567.83 281.47
6950361040808-back_camera1-15.jpg 37 1452.64 1248.26 761.41 713.15 1382.46 1070.21
6950361040808-back_camera1-16.jpg 37 1433.23 1232.7 730.5 709.92 1405.46 1045.56
6950361040808-back_camera1-14.jpg 37 1453.9 1267.13 776.52 723.22 1354.76 1087.83
6950361040808-back_camera1-18.jpg 37 1392.65 1164.34 726.14 734.09 1333.03 860.5
6950361040808-back_camera1-17.jpg 37 1401.86 1197.55 708.7 716.15 1386.32 962.79
6950361040808-back_camera1-19.jpg 37 1373.32 1143.75 743.79 753.44 1259.07 780.62
6950361040808-back_camera1-23.jpg 37 1405.8 1094.95 729.74 629.34 1352.12 931.23
6950361040808-back_camera1-22.jpg 37 1440.05 1102.2 789.11 660.27 1301.88 883.87
6950361040808-back_camera1-21.jpg 37 1462.13 1098.72 832.96 702.04 1258.35 793.36
6950361040808-back_camera1-25.jpg 37 1325.91 1112.59 652.77 558.4 1346.29 1108.37
6950361040808-back_camera1-24.jpg 37 1354.44 1117.31 678.32 579.69 1352.24 1075.24
6950361040808-back_camera1-20.jpg 37 1422.89 1102.85 784.98 763.5 1275.83 678.69
6950361040808-back_camera1-27.jpg 37 1252.45 1103.45 658.17 559.54 1188.56 1087.83
6950361040808-back_camera1-28.jpg 37 1229.64 1101.35 683.22 562.81 1092.84 1077.08
6950361040808-back_camera1-26.jpg 37 1294.0 1108.11 640.3 545.16 1307.4 1125.89
6950361040808-back_camera1-31.jpg 37 1280.87 1090.85 819.82 620.61 922.09 940.48
6950361040808-back_camera1-32.jpg 37 1276.38 1116.06 746.31 607.39 1060.13 1017.33
6950361040808-back_camera1-33.jpg 37 1250.47 1129.99 658.57 581.61 1183.81 1096.76
6950361040808-back_camera1-35.jpg 37 1183.51 1154.13 503.51 600.4 1360.01 1107.47
6950361040808-back_camera1-34.jpg 37 1224.38 1147.32 588.64 586.45 1271.48 1121.74
6950361040808-back_camera1-36.jpg 37 1170.62 1161.38 489.46 619.98 1362.31 1082.8
6950361040808-back_camera2-11.jpg 37 1374.23 806.91 824.44 387.33 1099.58 839.16
6950361040808-back_camera1-38.jpg 37 1121.92 1163.09 438.9 670.52 1366.05 985.14
6950361040808-back_camera2-10.jpg 37 1376.87 841.1 853.38 450.46 1046.97 781.28
6950361040808-back_camera1-3.jpg 37 1230.16 1252.68 525.1 814.56 1410.13 876.25
6950361040808-back_camera2-12.jpg 37 1364.93 793.99 775.16 305.36 1179.54 977.25
6950361040808-back_camera1-5.jpg 37 1203.35 1293.58 489.46 778.62 1427.78 1029.92
6950361040808-back_camera2-14.jpg 37 1328.19 763.5 692.91 176.88 1270.57 1173.24
6950361040808-back_camera1-6.jpg 37 1203.34 1303.65 504.56 783.66 1397.56 1039.99
6950361040808-back_camera2-23.jpg 37 1175.62 784.54 640.3 171.62 1070.65 1225.85
6950361040808-back_camera2-19.jpg 37 1251.96 750.65 767.28 160.88 969.37 1179.54
6950361040808-back_camera2-20.jpg 37 1221.65 754.29 840.22 226.86 762.87 1054.86
6950361040808-back_camera2-16.jpg 37 1311.62 758.48 698.46 141.53 1226.33 1233.89
6950361040808-back_camera2-18.jpg 37 1271.63 750.35 748.15 147.94 1046.97 1204.81
6950361040808-back_camera2-24.jpg 37 1163.97 812.38 567.63 174.01 1192.67 1276.74
6950361040808-back_camera2-17.jpg 37 1288.2 753.63 716.6 124.01 1143.19 1259.25
6950361040808-back_camera2-25.jpg 37 1151.72 821.43 539.82 201.97 1223.81 1238.92
6950361040808-back_camera2-21.jpg 37 1207.19 759.55 779.72 197.92 854.94 1123.26
6950361040808-back_camera2-26.jpg 37 1144.17 834.02 522.19 234.7 1243.96 1198.63
6950361040808-back_camera2-22.jpg 37 1197.05 774.85 726.16 186.86 941.78 1175.97
6950361040808-back_camera2-28.jpg 37 1136.17 871.36 532.45 358.39 1207.44 1025.93
6950361040808-back_camera2-30.jpg 37 1140.32 900.38 599.15 489.25 1082.33 822.26
6950361040808-back_camera2-32.jpg 37 1173.15 948.98 570.25 455.1 1205.81 987.76
6950361040808-back_camera2-5.jpg 37 1385.91 933.48 768.97 317.8 1233.89 1231.37
6950361040808-back_camera2-4.jpg 37 1372.07 953.63 799.19 325.36 1145.75 1256.55
6950361040808-back_camera2-6.jpg 37 1389.74 924.82 757.22 303.9 1265.05 1241.84
6950361040808-back_camera3-11.jpg 37 1543.29 1433.33 909.98 1126.12 1266.62 614.43
6950361040808-back_camera2-7.jpg 37 1389.89 903.01 762.03 318.5 1255.72 1169.03
6950361040808-back_camera2-8.jpg 37 1389.69 888.15 781.56 358.09 1216.26 1060.13
6950361040808-back_camera3-10.jpg 37 1551.45 1429.73 966.94 1130.25 1169.03 598.96
6950361040808-back_camera3-15.jpg 37 1435.01 1415.71 723.64 1146.27 1422.75 538.88
6950361040808-back_camera3-12.jpg 37 1523.86 1438.92 843.46 1124.99 1360.8 627.86
6950361040808-back_camera3-14.jpg 37 1458.41 1423.78 737.63 1118.63 1441.56 610.29
6950361040808-back_camera3-13.jpg 37 1500.49 1438.37 806.74 1131.16 1387.49 614.42
6950361040808-back_camera3-17.jpg 37 1403.63 1365.54 711.13 1124.35 1385.0 482.38
6950361040808-back_camera3-18.jpg 37 1441.12 1328.59 733.13 1103.98 1415.97 449.22
6950361040808-back_camera3-20.jpg 37 1512.34 1347.49 824.44 1060.76 1375.79 573.47
6950361040808-back_camera3-1.jpg 37 1399.76 1364.09 690.91 1151.31 1417.71 425.56
6950361040808-back_camera3-19.jpg 37 1482.09 1331.71 777.09 1079.17 1409.99 505.07
6950361040808-back_camera3-21.jpg 37 1480.53 1358.8 772.54 1046.18 1415.97 625.23
6950361040808-back_camera3-24.jpg 37 1367.02 1385.49 680.83 1040.51 1372.38 689.97
6950361040808-back_camera3-22.jpg 37 1433.43 1359.33 719.22 1029.19 1428.41 660.28
6950361040808-back_camera3-23.jpg 37 1399.76 1381.71 695.94 1040.51 1407.64 682.41
6950361040808-back_camera3-27.jpg 37 1282.17 1366.68 738.38 1038.3 1087.59 656.76
6950361040808-back_camera3-25.jpg 37 1324.26 1367.22 677.13 1016.04 1294.25 702.37
6950361040808-back_camera3-26.jpg 37 1299.04 1372.9 698.46 1040.51 1201.15 664.79
6950361040808-back_camera3-29.jpg 37 1420.1 1356.17 888.12 1064.57 1063.95 583.2
6950361040808-back_camera3-2.jpg 37 1388.19 1370.36 648.18 1145.61 1480.02 449.49
6950361040808-back_camera3-30.jpg 37 1447.89 1376.43 884.94 1079.17 1125.89 594.51
6950361040808-back_camera3-28.jpg 37 1321.7 1356.53 796.67 1055.62 1050.06 601.83
6950361040808-back_camera3-32.jpg 37 1424.04 1420.54 759.4 1119.74 1329.28 601.59
6950361040808-back_camera3-33.jpg 37 1391.33 1421.14 690.28 1126.52 1402.1 589.25
6950361040808-back_camera3-35.jpg 37 1333.41 1420.53 612.29 1146.01 1442.24 549.05
6950361040808-back_camera3-34.jpg 37 1364.51 1420.75 650.62 1136.2 1427.78 569.1
6950361040808-back_camera3-31.jpg 37 1445.09 1409.41 831.92 1116.05 1226.33 586.73
6950361040808-back_camera3-36.jpg 37 1291.38 1396.15 577.17 1137.04 1428.41 518.22
6950361040808-back_camera3-37.jpg 37 1284.8 1395.58 599.15 1164.4 1371.31 462.36
6950361040808-back_camera3-39.jpg 37 1387.72 1352.51 676.94 1153.35 1421.55 398.33
6950361040808-back_camera3-38.jpg 37 1324.22 1369.12 620.4 1166.41 1407.64 405.42
6950361040808-back_camera3-4.jpg 37 1333.4 1371.94 607.03 1138.13 1452.75 467.61
6950361040808-back_camera3-8.jpg 37 1372.91 1401.41 819.18 1134.41 1107.47 534.01
6950361040808-back_camera3-3.jpg 37 1359.47 1371.64 625.44 1141.23 1468.07 460.82
6950361040808-back_camera3-40.jpg 37 1418.78 1353.55 722.62 1146.01 1392.32 415.07
6950361040808-back_camera3-5.jpg 37 1316.36 1376.42 635.04 1144.93 1362.64 462.98
6950361040808-back_camera3-9.jpg 37 1491.68 1410.68 942.72 1133.68 1097.91 553.99
6950361040808-back_camera3-6.jpg 37 1301.94 1372.4 656.03 1148.57 1291.82 447.66
6950361040808-back_camera3-7.jpg 37 1300.57 1374.56 722.62 1135.5 1155.89 478.12
6950361040808_camera0-10.jpg 37 1321.7 1314.98 741.27 1118.57 1160.86 392.83
6950361040808_camera0-13.jpg 37 1603.09 1293.56 963.86 1113.37 1278.46 360.39
6950361040808_camera0-12.jpg 37 1583.37 1286.98 992.8 1097.58 1181.13 378.8
6950361040808_camera0-11.jpg 37 1426.2 1313.73 826.89 1128.64 1198.63 370.17
6950361040808_camera0-14.jpg 37 1605.3 1297.06 909.14 1109.23 1392.32 375.66
6950361040808_camera0-16.jpg 37 1546.54 1289.62 798.14 1110.74 1496.8 357.76
6950361040808_camera0-15.jpg 37 1573.51 1298.62 839.48 1121.09 1468.07 355.06
6950361040808_camera0-17.jpg 37 1531.09 1291.77 772.56 1115.19 1517.07 353.15
6950361040808_camera0-18.jpg 37 1498.91 1285.24 762.03 1117.11 1473.76 336.26
6950361040808_camera0-21.jpg 37 1479.45 1238.32 792.87 1116.0 1373.16 244.64
6950361040808_camera0-1.jpg 37 1321.7 1240.7 585.15 1118.57 1473.11 244.26
6950361040808_camera0-23.jpg 37 1584.29 1234.01 877.62 1111.86 1413.34 244.31
6950361040808_camera0-19.jpg 37 1476.83 1268.56 758.68 1102.84 1436.3 331.45
6950361040808_camera0-20.jpg 37 1497.6 1262.91 772.54 1111.86 1450.12 302.11
6950361040808_camera0-22.jpg 37 1578.1 1237.0 869.16 1102.84 1417.88 268.32
6950361040808_camera0-27.jpg 37 1418.36 1233.72 727.68 1101.56 1381.35 264.33
6950361040808_camera0-26.jpg 37 1460.82 1236.64 743.64 1114.49 1434.36 244.31
6950361040808_camera0-24.jpg 37 1543.9 1230.43 819.18 1108.11 1449.45 244.64
6950361040808_camera0-25.jpg 37 1505.48 1235.33 780.42 1109.23 1450.12 252.19
6950361040808_camera0-28.jpg 37 1361.07 1239.63 706.06 1102.84 1310.03 273.58
6950361040808_camera0-29.jpg 37 1351.92 1235.66 758.9 1108.5 1186.04 254.33
6950361040808_camera0-2.jpg 37 1367.56 1258.97 628.05 1103.98 1479.02 309.99
6950361040808_camera0-30.jpg 37 1329.64 1240.48 786.06 1106.18 1087.17 268.6
6950361040808_camera0-32.jpg 37 1488.66 1238.32 948.08 1097.58 1081.17 281.47
6950361040808_camera0-31.jpg 37 1434.97 1240.52 905.85 1117.49 1058.23 246.06
6950361040808_camera0-33.jpg 37 1497.59 1240.59 906.51 1103.98 1182.16 273.21
6950361040808_camera0-35.jpg 37 1434.14 1241.91 749.62 1113.33 1369.04 257.16
6950361040808_camera0-34.jpg 37 1467.62 1231.74 821.81 1094.95 1291.62 273.58
6950361040808_camera0-38.jpg 37 1333.46 1230.43 592.95 1084.43 1481.02 291.99
6950361040808_camera0-37.jpg 37 1360.56 1238.36 638.57 1108.86 1443.97 259.01
6950361040808_camera0-36.jpg 37 1403.03 1237.95 683.22 1098.72 1439.61 278.46
6950361040808_camera0-40.jpg 37 1303.2 1234.37 558.75 1100.21 1488.91 268.32
6950361040808_camera0-39.jpg 37 1276.42 1240.22 571.55 1110.71 1409.74 259.01
6950361040808_camera0-4.jpg 37 1409.59 1297.07 659.57 1106.61 1500.03 380.92
6950361040808_camera0-3.jpg 37 1430.62 1277.66 701.66 1104.99 1457.93 345.34
6950361040808_camera0-5.jpg 37 1382.64 1303.61 625.21 1116.03 1514.86 375.15
6950361040808_camera0-7.jpg 37 1328.2 1318.56 579.8 1110.74 1496.8 415.63
6950361040808_camera0-6.jpg 37 1364.93 1307.58 601.78 1106.61 1526.3 401.94
6950361040808_camera0-8.jpg 37 1320.44 1323.8 630.47 1121.09 1379.94 405.42
6950361040808_camera0-9.jpg 37 1313.72 1309.34 656.08 1102.84 1315.29 413.0
6950361040808_camera1-11.jpg 37 1370.18 1261.61 882.87 751.96 974.63 1019.29
6950361040808_camera1-10.jpg 37 1275.65 1262.47 791.09 740.13 969.12 1044.67
6950361040808_camera1-12.jpg 37 1392.64 1271.2 827.07 716.15 1131.15 1110.11
6950361040808_camera1-13.jpg 37 1397.24 1278.47 796.67 708.11 1201.15 1140.72
6950361040808_camera1-15.jpg 37 1369.55 1257.07 688.39 685.45 1362.31 1143.23
6950361040808_camera1-14.jpg 37 1394.72 1272.18 753.86 690.49 1281.73 1163.38
6950361040808_camera1-1.jpg 37 1244.67 1192.59 600.54 803.79 1288.26 777.6
6950361040808_camera1-18.jpg 37 1317.93 1202.92 663.21 725.74 1309.43 954.37
6950361040808_camera1-19.jpg 37 1311.62 1182.78 680.83 753.44 1261.59 858.68
6950361040808_camera1-16.jpg 37 1355.82 1247.53 669.24 689.84 1373.16 1115.37
6950361040808_camera1-20.jpg 37 1352.38 1143.22 715.0 787.23 1274.76 711.99
6950361040808_camera1-17.jpg 37 1341.85 1230.63 665.73 705.6 1352.24 1050.06
6950361040808_camera1-22.jpg 37 1384.76 1140.99 729.74 752.98 1310.03 776.02
6950361040808_camera1-21.jpg 37 1394.73 1129.9 774.01 811.36 1241.44 637.09
6950361040808_camera1-23.jpg 37 1369.55 1142.49 716.09 733.3 1306.91 818.39
6950361040808_camera1-24.jpg 37 1330.83 1151.51 661.34 710.89 1338.97 881.24
6950361040808_camera1-27.jpg 37 1253.71 1163.89 643.06 685.45 1221.3 956.89
6950361040808_camera1-25.jpg 37 1309.78 1165.99 637.67 700.37 1344.23 931.23
6950361040808_camera1-26.jpg 37 1280.15 1170.2 635.51 703.08 1289.29 934.23
6950361040808_camera1-28.jpg 37 1229.34 1152.62 669.76 692.52 1119.15 920.19
6950361040808_camera1-2.jpg 37 1271.64 1223.85 629.78 776.65 1283.72 894.4
6950361040808_camera1-29.jpg 37 1214.68 1151.31 716.09 718.19 997.18 866.24
6950361040808_camera1-31.jpg 37 1328.82 1156.93 838.47 715.91 980.7 882.05
6950361040808_camera1-32.jpg 37 1319.18 1163.89 774.01 700.56 1090.35 926.67
6950361040808_camera1-30.jpg 37 1238.76 1135.72 763.94 729.3 949.64 812.85
6950361040808_camera1-35.jpg 37 1261.27 1190.34 597.74 693.01 1327.06 994.66
6950361040808_camera1-34.jpg 37 1290.05 1187.02 661.34 687.21 1257.42 999.62
6950361040808_camera1-36.jpg 37 1237.62 1185.66 553.7 690.75 1367.85 989.82
6950361040808_camera1-33.jpg 37 1305.84 1175.18 716.59 692.47 1178.5 965.42
6950361040808_camera1-37.jpg 37 1210.89 1187.82 532.26 713.15 1357.27 949.34
6950361040808_camera1-40.jpg 37 1224.29 1176.5 587.69 816.11 1273.2 720.78
6950361040808_camera1-38.jpg 37 1190.76 1172.7 524.71 735.81 1332.09 873.79
6950361040808_camera1-39.jpg 37 1169.05 1158.09 529.82 768.76 1278.46 778.65
6950361040808_camera1-3.jpg 37 1259.18 1241.91 559.92 716.74 1398.52 1050.34
6950361040808_camera1-4.jpg 37 1248.67 1270.92 549.89 705.6 1397.56 1130.64
6950361040808_camera1-5.jpg 37 1236.08 1283.51 544.85 693.01 1382.46 1181.01
6950361040808_camera1-6.jpg 37 1224.29 1292.24 535.08 687.21 1378.42 1210.07
6950361040808_camera1-8.jpg 37 1218.45 1289.81 643.06 705.6 1150.79 1168.41
6950361040808_camera1-7.jpg 37 1224.28 1294.88 566.64 684.58 1315.29 1220.59
6950361040808_camera2-10.jpg 37 1314.14 851.64 781.56 456.3 1065.17 790.69
6950361040808_camera1-9.jpg 37 1230.87 1275.15 698.17 708.26 1065.39 1133.78
6950361040808_camera2-12.jpg 37 1321.7 840.32 746.31 363.13 1150.79 954.37
6950361040808_camera2-14.jpg 37 1313.72 827.95 703.43 263.69 1220.59 1128.52
6950361040808_camera2-11.jpg 37 1331.77 844.1 801.7 456.3 1060.13 775.59
6950361040808_camera2-15.jpg 37 1300.57 831.89 692.91 224.23 1215.33 1215.33
6950361040808_camera2-13.jpg 37 1314.32 829.07 705.0 309.7 1218.63 1038.73
6950361040808_camera2-16.jpg 37 1282.67 825.21 688.39 219.6 1188.56 1211.22
6950361040808_camera2-18.jpg 37 1265.06 818.74 748.15 234.75 1033.82 1167.98
6950361040808_camera2-19.jpg 37 1247.42 818.91 774.01 259.89 946.82 1118.05
6950361040808_camera2-1.jpg 37 1294.0 930.63 890.69 390.95 806.61 1079.36
6950361040808_camera2-21.jpg 37 1246.65 806.9 842.86 279.47 807.59 1054.86
6950361040808_camera2-22.jpg 37 1244.89 828.99 763.93 252.33 961.93 1153.31
6950361040808_camera2-17.jpg 37 1271.34 820.17 700.98 214.56 1140.72 1211.22
6950361040808_camera2-20.jpg 37 1233.5 821.38 848.12 308.41 770.76 1025.93
6950361040808_camera2-23.jpg 37 1236.08 826.47 726.16 237.22 1019.84 1178.49
6950361040808_camera2-24.jpg 37 1232.18 839.78 671.87 229.49 1120.63 1220.59
6950361040808_camera2-27.jpg 37 1208.39 865.5 597.74 307.73 1221.3 1115.53
6950361040808_camera2-26.jpg 37 1212.16 859.2 607.81 269.96 1208.7 1178.49
6950361040808_camera2-25.jpg 37 1223.49 849.13 635.51 239.74 1175.97 1218.78
6950361040808_camera2-28.jpg 37 1205.86 879.35 615.36 368.17 1181.0 1022.36
6950361040808_camera2-29.jpg 37 1204.61 879.34 643.06 423.56 1123.09 911.56
6950361040808_camera2-31.jpg 37 1212.45 898.97 650.82 450.46 1123.26 897.03
6950361040808_camera2-2.jpg 37 1302.81 928.45 847.03 355.58 911.56 1145.75
6950361040808_camera2-30.jpg 37 1200.83 890.68 670.76 496.59 1060.13 788.18
6950361040808_camera2-34.jpg 37 1228.23 914.76 611.36 339.98 1233.74 1149.56
6950361040808_camera2-38.jpg 37 1253.71 939.78 728.68 327.88 1050.06 1223.81
6950361040808_camera2-33.jpg 37 1216.39 909.5 606.1 374.17 1220.59 1070.65
6950361040808_camera2-35.jpg 37 1237.34 924.68 617.88 325.36 1238.92 1198.63
6950361040808_camera2-32.jpg 37 1216.4 900.29 627.15 392.59 1178.5 1015.4
6950361040808_camera2-36.jpg 37 1244.9 930.96 648.1 315.28 1193.6 1231.37
6950361040808_camera2-37.jpg 37 1242.7 931.86 674.5 308.41 1136.41 1246.9
6950361040808_camera2-3.jpg 37 1307.85 920.9 779.04 312.77 1057.62 1216.26
6950361040808_camera2-6.jpg 37 1320.44 904.53 706.02 307.73 1228.85 1193.6
6950361040808_camera2-40.jpg 37 1276.9 938.43 898.1 418.89 757.61 1039.08
6950361040808_camera2-39.jpg 37 1267.56 938.52 819.33 375.72 896.46 1125.61
6950361040808_camera2-5.jpg 37 1318.99 906.86 719.22 287.36 1199.55 1239.0
6950361040808_camera2-4.jpg 37 1310.37 914.6 736.23 295.14 1148.27 1238.92
6950361040808_camera2-8.jpg 37 1316.36 875.3 721.85 366.28 1189.02 1018.04
6950361040808_camera2-7.jpg 37 1319.18 891.93 700.98 320.32 1236.4 1143.23
6950361040808_camera3-10.jpg 37 1524.18 1500.06 942.82 1189.65 1162.72 620.82
6950361040808_camera3-11.jpg 37 1560.92 1513.92 955.31 1191.6 1211.22 644.64
6950361040808_camera2-9.jpg 37 1312.41 871.36 732.37 403.11 1160.09 936.49
6950361040808_camera3-13.jpg 37 1543.91 1514.53 827.07 1165.98 1433.67 697.1
6950361040808_camera3-12.jpg 37 1557.14 1518.95 882.28 1176.49 1349.72 684.93
6950361040808_camera3-16.jpg 37 1455.16 1482.44 733.72 1176.49 1442.89 611.91
6950361040808_camera3-17.jpg 37 1432.11 1471.12 716.59 1184.39 1431.04 573.47
6950361040808_camera3-14.jpg 37 1525.67 1515.18 794.15 1176.49 1463.04 677.38
6950361040808_camera3-15.jpg 37 1480.34 1497.55 746.31 1176.49 1468.07 642.12
6950361040808_camera3-20.jpg 37 1526.81 1400.1 834.96 1215.96 1383.69 368.28
6950361040808_camera3-21.jpg 37 1543.3 1393.05 847.03 1204.19 1392.53 377.72
6950361040808_camera3-1.jpg 37 1383.45 1471.12 669.24 1192.28 1428.41 557.68
6950361040808_camera3-18.jpg 37 1448.87 1454.74 743.79 1209.22 1410.16 491.04
6950361040808_camera3-19.jpg 37 1484.72 1429.04 769.2 1197.55 1431.04 462.98
6950361040808_camera3-23.jpg 37 1471.53 1406.89 758.9 1199.15 1425.26 415.49
6950361040808_camera3-24.jpg 37 1429.48 1417.2 716.59 1189.65 1425.78 455.09
6950361040808_camera3-22.jpg 37 1492.93 1404.38 776.52 1201.67 1432.82 405.42
6950361040808_camera3-27.jpg 37 1315.05 1421.14 713.96 1189.65 1202.18 462.98
6950361040808_camera3-25.jpg 37 1382.13 1423.26 698.46 1196.63 1367.35 453.26
6950361040808_camera3-26.jpg 37 1342.66 1413.25 685.02 1184.39 1315.29 457.72
6950361040808_camera3-2.jpg 37 1389.69 1506.37 658.17 1186.56 1463.04 639.61
6950361040808_camera3-30.jpg 37 1424.21 1401.41 884.94 1173.87 1078.54 455.09
6950361040808_camera3-29.jpg 37 1358.21 1409.41 829.4 1196.63 1057.62 425.56
6950361040808_camera3-28.jpg 37 1287.43 1415.88 756.05 1181.76 1062.76 468.24
6950361040808_camera3-31.jpg 37 1447.59 1411.52 847.75 1178.16 1199.67 466.71
6950361040808_camera3-32.jpg 37 1428.72 1418.23 784.08 1179.01 1289.29 478.45
6950361040808_camera3-35.jpg 37 1329.52 1419.83 590.32 1163.35 1478.39 512.96
6950361040808_camera3-33.jpg 37 1402.29 1423.27 731.2 1179.01 1342.17 488.52
6950361040808_camera3-36.jpg 37 1318.99 1407.99 606.1 1165.98 1425.78 484.03
6950361040808_camera3-34.jpg 37 1374.58 1420.75 673.28 1173.97 1402.6 493.55
6950361040808_camera3-37.jpg 37 1264.24 1411.58 543.81 1192.32 1440.86 438.52
6950361040808_camera3-39.jpg 37 1305.84 1435.62 577.17 1202.81 1457.34 465.61
6950361040808_camera3-3.jpg 37 1350.66 1530.28 605.29 1184.04 1490.74 692.49
6950361040808_camera3-8.jpg 37 1322.93 1526.37 750.78 1179.13 1144.3 694.47
6950361040808_camera3-38.jpg 37 1249.93 1401.86 557.45 1199.15 1384.97 405.42
6950361040808_camera3-6.jpg 37 1299.26 1544.78 592.95 1163.35 1412.62 762.87
6950361040808_camera3-4.jpg 37 1324.22 1540.36 580.11 1168.93 1488.22 742.85
6950361040808_camera3-40.jpg 37 1372.91 1473.75 653.45 1194.91 1438.93 557.68
6950361040808_camera3-5.jpg 37 1310.37 1542.88 577.59 1161.38 1465.55 762.99
6950361040808_camera3-7.jpg 37 1287.42 1540.84 635.04 1158.09 1304.77 765.5
6950361040808_camera3-9.jpg 37 1411.1 1515.18 826.89 1189.08 1168.41 652.2
