6922848642133-back_camera0-10.jpg 38 1428.16 921.34 1184.83 679.32 486.66 484.03
6922848642133-back_camera0-11.jpg 38 1453.9 917.12 1212.16 685.45 483.48 463.34
6922848642133-back_camera0-12.jpg 38 1441.24 914.2 1178.2 683.89 526.08 460.62
6922848642133-back_camera0-13.jpg 38 1436.05 912.13 1158.53 674.06 555.05 476.14
6922848642133-back_camera0-15.jpg 38 1423.66 919.96 1144.08 678.43 559.17 483.07
6922848642133-back_camera0-16.jpg 38 1418.16 918.14 1151.75 682.26 532.82 471.76
6922848642133-back_camera0-19.jpg 38 1408.43 917.39 1190.09 671.43 436.68 491.92
6922848642133-back_camera0-14.jpg 38 1433.16 918.83 1149.64 677.94 567.03 481.77
6922848642133-back_camera0-18.jpg 38 1410.63 922.85 1170.75 677.18 479.76 491.34
6922848642133-back_camera0-17.jpg 38 1414.61 926.98 1154.6 686.36 520.01 481.23
6922848642133-back_camera0-22.jpg 38 1445.09 922.15 1227.27 687.97 435.64 468.37
6922848642133-back_camera0-1.jpg 38 1458.41 922.65 1269.01 684.58 378.8 476.14
6922848642133-back_camera0-21.jpg 38 1444.77 920.97 1261.62 679.54 366.31 482.87
6922848642133-back_camera0-20.jpg 38 1410.63 922.02 1222.04 677.18 377.19 489.68
6922848642133-back_camera0-25.jpg 38 1436.05 925.28 1163.79 676.69 544.53 497.18
6922848642133-back_camera0-23.jpg 38 1441.33 917.22 1194.66 677.86 493.34 478.72
6922848642133-back_camera0-24.jpg 38 1440.07 923.94 1180.06 682.72 520.01 482.44
6922848642133-back_camera0-27.jpg 38 1431.63 925.96 1159.67 691.0 543.92 469.91
6922848642133-back_camera0-26.jpg 38 1438.49 924.03 1158.71 681.03 559.56 486.0
6922848642133-back_camera0-28.jpg 38 1431.78 922.15 1159.82 686.89 543.92 470.53
6922848642133-back_camera0-30.jpg 38 1432.14 917.06 1188.95 682.15 486.38 469.83
6922848642133-back_camera0-29.jpg 38 1424.72 920.31 1170.16 682.72 509.11 475.17
6922848642133-back_camera0-31.jpg 38 1456.88 914.73 1210.99 676.68 491.77 476.11
6922848642133-back_camera0-33.jpg 38 1451.51 921.63 1182.33 688.53 538.37 466.21
6922848642133-back_camera0-32.jpg 38 1450.68 913.99 1185.52 680.73 530.33 466.52
6922848642133-back_camera0-2.jpg 38 1461.8 926.19 1250.88 687.74 421.83 476.9
6922848642133-back_camera0-34.jpg 38 1442.62 921.34 1153.26 679.32 578.73 484.03
6922848642133-back_camera0-36.jpg 38 1442.37 925.85 1180.58 689.97 523.57 471.76
6922848642133-back_camera0-3.jpg 38 1461.91 922.86 1223.69 682.15 476.45 481.41
6922848642133-back_camera0-39.jpg 38 1434.75 924.7 1229.59 686.65 410.33 476.11
6922848642133-back_camera0-35.jpg 38 1446.79 922.51 1175.75 687.56 542.07 469.91
6922848642133-back_camera0-37.jpg 38 1441.31 922.65 1187.46 679.32 507.7 486.66
6922848642133-back_camera0-38.jpg 38 1435.44 923.68 1205.49 683.8 459.91 479.76
6922848642133-back_camera0-40.jpg 38 1441.07 923.75 1265.32 688.79 351.51 469.91
6922848642133-back_camera0-4.jpg 38 1454.47 924.5 1200.53 685.45 507.88 478.1
6922848642133-back_camera0-5.jpg 38 1452.82 923.75 1184.71 680.4 536.21 486.71
6922848642133-back_camera0-7.jpg 38 1441.48 924.8 1172.69 687.73 537.57 474.14
6922848642133-back_camera0-6.jpg 38 1446.21 930.29 1172.41 685.45 547.59 489.68
6922848642133-back_camera0-8.jpg 38 1433.87 925.1 1165.27 686.35 537.19 477.5
6922848642133-back_camera1-11.jpg 38 1303.2 1054.17 1048.04 776.65 510.33 555.05
6922848642133-back_camera1-10.jpg 38 1297.23 1049.13 1059.81 787.97 474.85 522.33
6922848642133-back_camera1-14.jpg 38 1321.81 1057.66 1047.51 728.82 548.59 657.68
6922848642133-back_camera0-9.jpg 38 1429.66 918.72 1169.1 680.49 521.12 476.45
6922848642133-back_camera1-13.jpg 38 1312.5 1054.49 1039.62 747.38 545.77 614.22
6922848642133-back_camera1-12.jpg 38 1300.58 1052.87 1029.63 750.35 541.9 605.03
6922848642133-back_camera1-15.jpg 38 1322.96 1055.28 1048.58 725.29 548.77 659.98
6922848642133-back_camera1-16.jpg 38 1324.17 1058.34 1065.14 727.54 518.06 661.6
6922848642133-back_camera1-17.jpg 38 1326.74 1049.32 1083.74 723.22 486.0 652.2
6922848642133-back_camera1-18.jpg 38 1333.03 1045.55 1113.95 728.26 438.16 634.57
6922848642133-back_camera1-1.jpg 38 1267.69 1009.46 1066.45 703.0 402.48 612.93
6922848642133-back_camera1-19.jpg 38 1343.62 1033.69 1164.13 731.78 358.99 603.83
6922848642133-back_camera1-20.jpg 38 1358.68 1027.1 1179.62 725.61 358.13 602.97
6922848642133-back_camera1-22.jpg 38 1367.75 1022.15 1142.19 707.03 451.11 630.25
6922848642133-back_camera1-23.jpg 38 1371.61 1017.35 1124.33 689.84 494.55 655.01
6922848642133-back_camera1-21.jpg 38 1369.91 1030.43 1172.41 727.18 394.99 606.51
6922848642133-back_camera1-24.jpg 38 1361.0 1012.18 1097.96 685.45 526.08 653.46
6922848642133-back_camera1-25.jpg 38 1361.99 1010.28 1093.81 695.52 536.36 629.53
6922848642133-back_camera1-26.jpg 38 1345.3 993.67 1071.72 674.06 547.16 639.23
6922848642133-back_camera1-30.jpg 38 1323.09 974.85 1087.93 722.72 470.32 504.26
6922848642133-back_camera1-31.jpg 38 1325.43 976.62 1076.45 711.92 497.96 529.39
6922848642133-back_camera1-2.jpg 38 1263.55 1018.89 1041.15 704.1 444.79 629.59
6922848642133-back_camera1-29.jpg 38 1320.44 980.07 1078.7 710.63 483.48 538.88
6922848642133-back_camera1-28.jpg 38 1332.14 976.58 1076.98 684.58 510.33 583.99
6922848642133-back_camera1-32.jpg 38 1307.23 981.58 1041.71 687.11 531.04 588.94
6922848642133-back_camera1-27.jpg 38 1340.67 991.21 1073.39 688.78 534.56 604.87
6922848642133-back_camera1-33.jpg 38 1299.14 982.23 1036.43 689.92 525.42 584.62
6922848642133-back_camera1-34.jpg 38 1289.07 986.45 1015.96 676.68 546.21 619.55
6922848642133-back_camera1-36.jpg 38 1265.71 989.81 1011.16 674.44 509.11 630.73
6922848642133-back_camera1-3.jpg 38 1262.55 1022.73 1026.67 701.74 471.76 641.97
6922848642133-back_camera1-35.jpg 38 1272.82 989.16 1004.22 665.75 537.19 646.82
6922848642133-back_camera1-40.jpg 38 1253.23 1000.25 1071.72 697.73 363.02 605.03
6922848642133-back_camera1-39.jpg 38 1249.14 999.1 1053.99 693.63 390.31 610.93
6922848642133-back_camera1-37.jpg 38 1256.23 992.66 1015.75 677.9 480.96 629.53
6922848642133-back_camera1-38.jpg 38 1249.28 994.99 1037.52 676.69 423.52 636.6
6922848642133-back_camera1-6.jpg 38 1260.24 1040.55 990.13 721.42 540.22 638.27
6922848642133-back_camera1-4.jpg 38 1257.03 1033.03 998.23 705.75 517.59 654.56
6922848642133-back_camera1-9.jpg 38 1263.12 1045.27 1011.25 767.34 503.75 555.86
6922848642133-back_camera2-10.jpg 38 1305.33 862.98 1141.65 642.64 327.36 440.67
6922848642133-back_camera1-5.jpg 38 1257.93 1037.17 987.12 709.79 541.63 654.77
6922848642133-back_camera1-8.jpg 38 1260.87 1045.35 997.83 752.53 526.08 585.64
6922848642133-back_camera1-7.jpg 38 1255.86 1047.6 979.65 729.3 552.42 636.6
6922848642133-back_camera2-11.jpg 38 1305.0 856.85 1120.19 626.62 369.61 460.45
6922848642133-back_camera2-12.jpg 38 1306.69 848.97 1100.54 607.14 412.3 483.66
6922848642133-back_camera2-15.jpg 38 1305.84 831.9 1055.93 571.47 499.81 520.86
6922848642133-back_camera2-13.jpg 38 1308.8 842.35 1087.72 587.04 442.16 510.62
6922848642133-back_camera2-14.jpg 38 1303.09 829.99 1060.05 576.05 486.07 507.89
6922848642133-back_camera2-16.jpg 38 1302.33 816.45 1048.87 572.24 506.92 488.42
6922848642133-back_camera2-18.jpg 38 1288.74 804.27 1042.78 584.62 491.92 439.31
6922848642133-back_camera2-19.jpg 38 1282.42 799.19 1059.5 628.38 445.84 341.62
6922848642133-back_camera2-17.jpg 38 1299.33 808.63 1043.52 578.41 511.61 460.45
6922848642133-back_camera2-21.jpg 38 1265.91 796.66 1041.06 616.05 449.71 361.22
6922848642133-back_camera2-20.jpg 38 1278.22 793.75 1061.19 629.34 434.05 328.82
6922848642133-back_camera2-1.jpg 38 1245.55 888.89 1017.99 710.49 455.11 356.8
6922848642133-back_camera2-22.jpg 38 1265.05 792.98 1021.86 584.54 486.38 416.89
6922848642133-back_camera2-23.jpg 38 1252.98 796.29 1001.26 570.02 503.45 452.54
6922848642133-back_camera2-25.jpg 38 1232.31 798.76 980.49 549.47 503.63 498.59
6922848642133-back_camera2-24.jpg 38 1247.97 796.38 987.54 542.53 520.86 507.7
6922848642133-back_camera2-26.jpg 38 1230.31 799.61 990.43 544.84 479.76 509.54
6922848642133-back_camera2-28.jpg 38 1219.8 813.51 1018.14 575.78 403.31 475.46
6922848642133-back_camera2-29.jpg 38 1212.75 815.77 1027.94 583.98 369.61 463.58
6922848642133-back_camera2-27.jpg 38 1221.67 804.55 991.97 554.84 459.41 499.41
6922848642133-back_camera2-31.jpg 38 1205.49 833.52 1021.86 602.74 367.26 461.56
6922848642133-back_camera2-30.jpg 38 1212.7 823.97 1053.33 617.03 318.74 413.88
6922848642133-back_camera2-32.jpg 38 1210.45 844.28 995.39 594.47 430.13 499.61
6922848642133-back_camera2-2.jpg 38 1249.7 891.32 1008.27 690.59 482.87 401.46
6922848642133-back_camera2-33.jpg 38 1206.79 851.91 980.52 599.48 452.54 504.86
6922848642133-back_camera2-35.jpg 38 1209.93 870.17 953.8 617.98 512.27 504.39
6922848642133-back_camera2-34.jpg 38 1208.53 854.97 961.86 598.88 493.34 512.18
6922848642133-back_camera2-37.jpg 38 1213.42 880.01 964.59 653.38 497.67 453.26
6922848642133-back_camera2-38.jpg 38 1223.3 884.44 981.47 687.16 483.65 394.56
6922848642133-back_camera2-36.jpg 38 1211.25 870.17 956.43 628.49 509.64 483.37
6922848642133-back_camera2-39.jpg 38 1225.61 885.83 990.17 703.0 470.87 365.65
6922848642133-back_camera2-5.jpg 38 1280.15 888.16 1028.34 635.09 503.63 506.15
6922848642133-back_camera2-3.jpg 38 1259.85 893.81 1006.34 665.26 507.02 457.1
6922848642133-back_camera2-40.jpg 38 1232.18 884.5 1008.58 718.78 447.2 331.45
6922848642133-back_camera2-4.jpg 38 1267.38 894.09 1012.69 653.43 509.38 481.32
6922848642133-back_camera2-6.jpg 38 1282.89 887.58 1040.46 635.45 484.86 504.26
6922848642133-back_camera2-9.jpg 38 1307.15 880.56 1119.07 647.75 376.17 465.61
6922848642133-back_camera2-7.jpg 38 1287.43 880.68 1048.37 620.61 478.12 520.15
6922848642133-back_camera3-13.jpg 38 1418.46 1283.33 1143.27 996.26 550.39 574.13
6922848642133-back_camera3-10.jpg 38 1407.69 1279.3 1139.1 1002.18 537.19 554.24
6922848642133-back_camera2-8.jpg 38 1294.0 879.09 1086.72 636.66 414.56 484.86
6922848642133-back_camera3-12.jpg 38 1409.59 1279.99 1124.56 993.64 570.06 572.69
6922848642133-back_camera3-15.jpg 38 1420.26 1281.72 1153.26 989.73 534.01 583.99
6922848642133-back_camera3-11.jpg 38 1409.38 1277.93 1142.04 1005.97 534.67 543.92
6922848642133-back_camera3-14.jpg 38 1421.41 1283.93 1150.83 988.39 541.17 591.08
6922848642133-back_camera3-16.jpg 38 1426.74 1278.65 1191.48 993.74 470.53 569.82
6922848642133-back_camera3-17.jpg 38 1434.84 1277.17 1210.59 990.37 448.49 573.61
6922848642133-back_camera3-18.jpg 38 1436.05 1272.52 1237.44 989.73 397.22 565.58
6922848642133-back_camera3-22.jpg 38 1463.74 1267.42 1211.59 980.56 504.3 573.73
6922848642133-back_camera3-20.jpg 38 1475.27 1264.23 1266.42 983.14 417.7 562.18
6922848642133-back_camera3-19.jpg 38 1468.18 1266.58 1283.44 998.58 369.48 535.99
6922848642133-back_camera3-1.jpg 38 1359.68 1264.23 1137.69 983.14 443.97 562.18
6922848642133-back_camera3-21.jpg 38 1471.96 1265.65 1249.03 986.29 445.86 558.72
6922848642133-back_camera3-23.jpg 38 1461.89 1263.44 1203.1 980.61 517.59 565.67
6922848642133-back_camera3-26.jpg 38 1434.1 1251.41 1168.71 978.31 530.77 546.21
6922848642133-back_camera3-24.jpg 38 1452.66 1260.22 1180.41 973.36 544.5 573.73
6922848642133-back_camera3-25.jpg 38 1445.85 1255.75 1177.06 983.0 537.57 545.5
6922848642133-back_camera3-27.jpg 38 1424.61 1244.71 1166.78 974.5 515.65 540.42
6922848642133-back_camera3-29.jpg 38 1428.29 1238.39 1192.12 990.91 472.34 494.96
6922848642133-back_camera3-28.jpg 38 1412.38 1240.95 1166.42 979.21 491.92 523.49
6922848642133-back_camera3-2.jpg 38 1362.72 1267.59 1120.89 986.91 483.66 561.36
6922848642133-back_camera3-30.jpg 38 1423.04 1242.14 1177.37 988.2 491.34 507.88
6922848642133-back_camera3-31.jpg 38 1413.69 1243.59 1145.37 973.95 536.64 539.27
6922848642133-back_camera3-32.jpg 38 1392.67 1247.64 1127.85 986.78 529.65 521.72
6922848642133-back_camera3-33.jpg 38 1386.36 1249.47 1117.87 976.73 536.99 545.47
6922848642133-back_camera3-34.jpg 38 1372.17 1249.86 1105.82 975.79 532.7 548.14
6922848642133-back_camera3-35.jpg 38 1359.01 1247.15 1116.65 972.42 484.72 549.47
6922848642133-back_camera3-38.jpg 38 1341.54 1253.76 1160.33 982.84 362.43 541.83
6922848642133-back_camera3-36.jpg 38 1354.99 1253.14 1114.11 973.89 481.77 558.51
6922848642133-back_camera3-3.jpg 38 1358.45 1265.95 1087.5 981.84 541.9 568.21
6922848642133-back_camera3-37.jpg 38 1344.08 1254.22 1131.59 981.47 424.98 545.5
6922848642133-back_camera3-40.jpg 38 1359.68 1258.97 1158.71 985.76 401.94 546.42
6922848642133-back_camera3-4.jpg 38 1357.4 1277.14 1090.99 996.46 532.82 561.36
6922848642133-back_camera3-39.jpg 38 1353.11 1252.4 1171.84 977.88 362.53 549.05
6922848642133-back_camera3-6.jpg 38 1357.46 1275.84 1086.55 1000.07 541.83 551.53
6922848642133-back_camera3-7.jpg 38 1360.37 1273.69 1093.6 995.96 533.54 555.46
6922848642133-back_camera3-5.jpg 38 1358.36 1274.74 1082.52 988.39 551.68 572.69
6922848642133-back_camera3-9.jpg 38 1389.44 1269.88 1147.61 1015.36 483.66 509.03
6922848642133-back_camera3-8.jpg 38 1364.83 1269.28 1115.93 1007.65 497.79 523.25
6922848642133_camera0-10.jpg 38 1368.87 1102.66 1100.91 857.04 535.91 491.25
6922848642133_camera0-11.jpg 38 1372.68 1097.91 1133.1 862.03 479.16 471.76
6922848642133_camera0-15.jpg 38 1428.96 1107.22 1149.33 861.43 559.27 491.59
6922848642133_camera0-12.jpg 38 1404.33 1096.1 1153.45 854.41 501.76 483.37
6922848642133_camera0-14.jpg 38 1419.91 1105.98 1144.17 866.76 551.47 478.45
6922848642133_camera0-13.jpg 38 1417.76 1101.53 1154.64 860.34 526.23 482.38
6922848642133_camera0-17.jpg 38 1443.74 1110.55 1169.22 854.41 549.05 512.27
6922848642133_camera0-16.jpg 38 1433.55 1105.58 1158.42 857.41 550.26 496.34
6922848642133_camera0-18.jpg 38 1455.42 1107.58 1211.78 859.09 487.29 496.98
6922848642133_camera0-1.jpg 38 1360.99 1094.78 1184.98 849.16 352.02 491.25
6922848642133_camera0-19.jpg 38 1459.36 1108.34 1231.01 863.34 456.7 490.0
6922848642133_camera0-22.jpg 38 1510.4 1102.86 1313.07 858.54 394.67 488.64
6922848642133_camera0-20.jpg 38 1462.36 1098.9 1269.01 847.68 386.7 502.44
6922848642133_camera0-21.jpg 38 1476.58 1109.23 1290.06 854.41 373.04 509.64
6922848642133_camera0-26.jpg 38 1509.91 1100.65 1241.91 864.37 535.99 472.56
6922848642133_camera0-23.jpg 38 1516.63 1098.68 1295.41 858.68 442.44 480.01
6922848642133_camera0-24.jpg 38 1514.66 1098.72 1269.04 857.04 491.25 483.37
6922848642133_camera0-25.jpg 38 1509.7 1097.59 1245.33 847.68 528.75 499.81
6922848642133_camera0-27.jpg 38 1506.36 1102.37 1238.37 865.3 535.99 474.14
6922848642133_camera0-2.jpg 38 1376.75 1090.84 1182.35 851.78 388.8 478.12
6922848642133_camera0-29.jpg 38 1487.94 1097.18 1226.65 859.65 522.57 475.07
6922848642133_camera0-30.jpg 38 1476.37 1095.27 1232.95 863.75 486.83 463.04
6922848642133_camera0-28.jpg 38 1493.66 1097.41 1219.13 857.04 549.05 480.75
6922848642133_camera0-31.jpg 38 1482.09 1089.69 1237.44 850.31 489.29 478.77
6922848642133_camera0-35.jpg 38 1439.47 1089.5 1177.82 863.53 523.3 451.94
6922848642133_camera0-34.jpg 38 1455.45 1089.03 1190.29 859.22 530.32 459.61
6922848642133_camera0-32.jpg 38 1483.14 1090.85 1237.52 857.04 491.25 467.61
6922848642133_camera0-37.jpg 38 1407.11 1087.07 1145.37 847.68 523.49 478.77
6922848642133_camera0-33.jpg 38 1467.51 1090.14 1209.88 856.26 515.26 467.76
6922848642133_camera0-36.jpg 38 1422.72 1086.9 1153.45 849.16 538.54 475.49
6922848642133_camera0-38.jpg 38 1392.11 1090.82 1153.45 857.71 477.32 466.21
6922848642133_camera0-3.jpg 38 1379.5 1092.32 1166.42 850.31 426.15 484.03
6922848642133_camera0-40.jpg 38 1374.12 1094.78 1166.59 857.04 415.07 475.49
6922848642133_camera0-39.jpg 38 1383.33 1088.76 1156.36 852.59 453.95 472.34
6922848642133_camera0-4.jpg 38 1372.62 1095.81 1148.77 860.85 447.71 469.91
6922848642133_camera0-5.jpg 38 1367.66 1093.64 1113.81 850.31 507.7 486.66
6922848642133_camera0-8.jpg 38 1368.85 1101.08 1089.29 856.24 559.12 489.68
6922848642133_camera0-6.jpg 38 1367.56 1097.4 1098.29 851.78 538.54 491.25
6922848642133_camera1-10.jpg 38 1241.39 1046.28 990.17 771.39 502.44 549.79
6922848642133_camera0-7.jpg 38 1364.77 1100.79 1092.81 863.98 543.92 473.61
6922848642133_camera0-9.jpg 38 1360.99 1101.35 1087.78 854.41 546.42 493.88
6922848642133_camera1-12.jpg 38 1277.65 1067.8 1011.19 777.89 532.93 579.82
6922848642133_camera1-14.jpg 38 1299.26 1072.6 1021.73 752.98 555.05 639.23
6922848642133_camera1-13.jpg 38 1285.98 1074.41 1016.58 769.66 538.8 609.51
6922848642133_camera1-11.jpg 38 1267.27 1057.27 1031.39 795.48 471.76 523.57
6922848642133_camera1-16.jpg 38 1312.41 1072.59 1034.89 726.67 555.05 691.84
6922848642133_camera1-15.jpg 38 1305.82 1075.09 1024.73 744.08 562.18 662.01
6922848642133_camera1-17.jpg 38 1323.61 1068.28 1067.8 729.34 511.61 677.88
6922848642133_camera1-18.jpg 38 1340.03 1056.81 1105.91 713.52 468.24 686.58
6922848642133_camera1-19.jpg 38 1339.96 1060.51 1131.37 742.32 417.18 636.38
6922848642133_camera1-20.jpg 38 1362.3 1051.44 1179.72 744.08 365.16 614.72
6922848642133_camera1-1.jpg 38 1250.01 991.89 1080.73 701.43 338.56 580.92
6922848642133_camera1-23.jpg 38 1391.33 1033.13 1148.0 710.89 486.66 644.49
6922848642133_camera1-22.jpg 38 1385.53 1040.82 1176.47 732.78 418.11 616.07
6922848642133_camera1-21.jpg 38 1377.73 1045.42 1188.01 738.46 379.44 613.93
6922848642133_camera1-25.jpg 38 1380.86 1018.25 1107.75 695.93 546.21 644.64
6922848642133_camera1-26.jpg 38 1376.73 1008.89 1104.5 689.99 544.46 637.8
6922848642133_camera1-24.jpg 38 1386.59 1028.61 1134.45 707.49 504.27 642.23
6922848642133_camera1-28.jpg 38 1360.59 994.12 1090.38 694.0 540.42 600.25
6922848642133_camera1-27.jpg 38 1374.53 1002.55 1099.54 687.06 549.98 630.99
6922848642133_camera1-2.jpg 38 1243.12 1003.2 1036.84 692.39 412.56 621.62
6922848642133_camera1-29.jpg 38 1345.3 981.84 1095.39 703.0 499.81 557.68
6922848642133_camera1-30.jpg 38 1346.11 974.83 1109.68 711.37 472.86 526.91
6922848642133_camera1-34.jpg 38 1311.07 971.38 1049.28 668.9 523.57 604.97
6922848642133_camera1-31.jpg 38 1351.58 973.64 1117.03 721.51 469.1 504.26
6922848642133_camera1-32.jpg 38 1337.9 974.07 1080.27 699.99 515.26 548.15
6922848642133_camera1-35.jpg 38 1295.32 976.58 1027.0 660.91 536.64 631.34
6922848642133_camera1-36.jpg 38 1281.46 972.89 1018.97 659.26 524.98 627.27
6922848642133_camera1-33.jpg 38 1324.21 970.72 1063.05 678.26 522.33 584.93
6922848642133_camera1-38.jpg 38 1258.49 979.2 1024.37 653.01 468.24 652.38
6922848642133_camera1-37.jpg 38 1269.23 974.51 1018.16 652.51 502.14 644.0
6922848642133_camera1-39.jpg 38 1245.47 986.33 1035.35 668.4 420.25 635.86
6922848642133_camera1-3.jpg 38 1236.15 1011.28 1005.84 694.3 460.62 633.96
6922848642133_camera1-40.jpg 38 1237.57 982.95 1061.82 685.09 351.51 595.72
6922848642133_camera1-4.jpg 38 1233.5 1016.03 982.28 689.84 502.44 652.38
6922848642133_camera1-5.jpg 38 1231.27 1023.08 966.85 697.86 528.84 650.43
6922848642133_camera1-8.jpg 38 1230.87 1041.02 955.97 734.56 549.79 612.93
6922848642133_camera1-7.jpg 38 1230.22 1035.22 950.66 719.12 559.12 632.2
6922848642133_camera1-6.jpg 38 1230.81 1031.96 958.85 715.6 543.92 632.72
6922848642133_camera2-10.jpg 38 1306.18 895.96 1132.24 666.86 347.89 458.19
6922848642133_camera2-11.jpg 38 1317.16 884.8 1154.21 665.6 325.9 438.4
6922848642133_camera1-9.jpg 38 1238.35 1047.5 980.26 771.84 516.17 551.32
6922848642133_camera2-12.jpg 38 1322.98 876.33 1129.3 635.14 387.36 482.38
6922848642133_camera2-13.jpg 38 1326.26 864.95 1109.54 615.97 433.44 497.96
6922848642133_camera2-18.jpg 38 1316.36 800.33 1061.19 587.25 510.33 426.15
6922848642133_camera2-17.jpg 38 1323.1 816.06 1069.15 585.75 507.89 460.62
6922848642133_camera2-15.jpg 38 1329.41 844.66 1084.28 593.98 490.27 501.37
6922848642133_camera2-14.jpg 38 1329.68 850.27 1091.82 598.93 475.73 502.69
6922848642133_camera2-16.jpg 38 1328.74 829.38 1071.49 579.58 514.5 499.61
6922848642133_camera2-19.jpg 38 1311.29 802.53 1066.14 604.28 490.29 396.5
6922848642133_camera2-22.jpg 38 1288.61 776.82 1057.66 587.96 461.9 377.72
6922848642133_camera2-20.jpg 38 1299.67 788.5 1082.01 631.1 435.33 314.8
6922848642133_camera2-24.jpg 38 1265.84 769.68 1016.08 536.57 499.52 466.21
6922848642133_camera2-1.jpg 38 1217.42 903.36 1001.18 738.87 432.49 328.98
6922848642133_camera2-21.jpg 38 1298.45 782.63 1079.19 618.19 438.52 328.89
6922848642133_camera2-23.jpg 38 1273.56 773.01 1027.49 557.35 492.14 431.33
6922848642133_camera2-25.jpg 38 1254.84 771.27 1005.08 526.14 499.52 490.27
6922848642133_camera2-26.jpg 38 1238.04 776.03 993.88 514.51 488.31 523.05
6922848642133_camera2-2.jpg 38 1231.35 908.02 995.47 707.29 471.76 401.46
6922848642133_camera2-27.jpg 38 1228.23 774.02 992.8 518.86 470.87 510.33
6922848642133_camera2-28.jpg 38 1219.13 780.86 998.46 523.41 441.34 514.9
6922848642133_camera2-29.jpg 38 1215.6 785.81 1019.48 549.19 392.23 473.24
6922848642133_camera2-31.jpg 38 1198.82 802.88 1041.57 591.05 314.51 423.66
6922848642133_camera2-30.jpg 38 1203.25 797.7 1032.26 571.47 341.98 452.46
6922848642133_camera2-33.jpg 38 1186.56 823.53 973.22 576.25 426.68 494.56
6922848642133_camera2-32.jpg 38 1192.86 813.7 998.46 575.95 388.8 475.49
6922848642133_camera2-34.jpg 38 1182.23 833.73 953.88 583.18 456.7 501.1
6922848642133_camera2-39.jpg 38 1197.99 883.19 950.71 681.95 494.55 402.48
6922848642133_camera2-35.jpg 38 1185.91 846.48 935.97 591.71 499.89 509.54
6922848642133_camera2-36.jpg 38 1186.39 856.74 933.86 611.6 505.07 490.27
6922848642133_camera2-3.jpg 38 1230.87 909.5 987.54 684.58 486.66 449.83
6922848642133_camera2-37.jpg 38 1187.77 871.55 927.7 632.8 520.14 477.5
6922848642133_camera2-38.jpg 38 1194.23 878.71 942.89 663.84 502.69 429.74
6922848642133_camera2-40.jpg 38 1206.44 892.53 982.02 725.74 448.84 333.58
6922848642133_camera2-6.jpg 38 1266.7 915.4 1020.21 657.33 492.99 516.15
6922848642133_camera2-4.jpg 38 1249.28 914.76 995.43 679.32 507.7 470.87
6922848642133_camera2-5.jpg 38 1253.71 913.34 1000.64 667.82 506.15 491.04
6922848642133_camera2-7.jpg 38 1278.22 912.12 1034.89 653.01 486.66 518.22
6922848642133_camera2-8.jpg 38 1287.38 907.14 1063.22 652.37 448.33 509.54
6922848642133_camera3-10.jpg 38 1369.54 1282.24 1125.64 1020.0 487.8 524.49
6922848642133_camera2-9.jpg 38 1298.65 896.55 1104.97 659.02 387.36 475.07
6922848642133_camera3-12.jpg 38 1386.07 1285.67 1108.54 997.62 555.05 576.1
6922848642133_camera3-11.jpg 38 1379.89 1284.6 1115.47 1004.74 528.84 559.72
6922848642133_camera3-13.jpg 38 1399.3 1291.39 1119.81 998.92 558.98 584.95
6922848642133_camera3-15.jpg 38 1412.38 1288.3 1142.74 984.47 539.27 607.66
6922848642133_camera3-14.jpg 38 1408.19 1293.1 1131.61 998.01 553.17 590.17
6922848642133_camera3-17.jpg 38 1425.7 1290.79 1195.75 989.7 459.91 602.18
6922848642133_camera3-16.jpg 38 1418.37 1291.04 1163.98 995.95 508.77 590.17
6922848642133_camera3-18.jpg 38 1436.05 1284.36 1229.55 987.1 413.0 594.51
6922848642133_camera3-19.jpg 38 1453.53 1277.69 1270.2 987.78 366.65 579.82
6922848642133_camera3-21.jpg 38 1484.74 1274.67 1264.1 988.05 441.29 573.24
6922848642133_camera3-1.jpg 38 1345.03 1258.44 1136.59 978.58 416.89 559.72
6922848642133_camera3-20.jpg 38 1483.4 1269.89 1271.64 979.21 423.52 581.36
6922848642133_camera3-23.jpg 38 1487.95 1271.05 1230.79 985.21 514.32 571.67
6922848642133_camera3-26.jpg 38 1464.87 1259.25 1196.04 982.15 537.66 554.2
6922848642133_camera3-25.jpg 38 1479.34 1266.88 1202.22 983.37 554.24 567.03
6922848642133_camera3-24.jpg 38 1484.97 1267.52 1217.2 982.76 535.53 569.52
6922848642133_camera3-22.jpg 38 1493.93 1273.84 1250.6 984.47 486.66 578.73
6922848642133_camera3-28.jpg 38 1446.84 1251.4 1196.44 987.5 500.79 527.81
6922848642133_camera3-29.jpg 38 1446.96 1245.14 1207.08 985.41 479.76 519.46
6922848642133_camera3-30.jpg 38 1452.44 1240.37 1217.48 995.23 469.92 490.27
6922848642133_camera3-27.jpg 38 1459.43 1256.2 1193.91 981.58 531.04 549.24
6922848642133_camera3-31.jpg 38 1436.05 1234.38 1176.94 971.32 518.22 526.12
6922848642133_camera3-33.jpg 38 1408.92 1249.2 1140.08 978.81 537.68 540.79
6922848642133_camera3-2.jpg 38 1339.24 1262.6 1107.49 984.64 463.5 555.92
6922848642133_camera3-35.jpg 38 1379.59 1246.3 1122.34 972.5 514.5 547.59
6922848642133_camera3-32.jpg 38 1425.59 1242.27 1160.65 977.33 529.88 529.88
6922848642133_camera3-34.jpg 38 1392.65 1243.57 1124.33 968.68 536.64 549.79
6922848642133_camera3-3.jpg 38 1336.47 1267.53 1086.71 984.47 499.52 566.12
6922848642133_camera3-37.jpg 38 1350.72 1248.64 1123.13 971.42 455.18 554.44
6922848642133_camera3-36.jpg 38 1367.66 1248.84 1121.7 968.68 491.92 560.31
6922848642133_camera3-38.jpg 38 1343.6 1251.98 1145.64 984.65 395.91 534.67
6922848642133_camera3-39.jpg 38 1332.61 1247.29 1153.11 975.15 358.99 544.28
6922848642133_camera3-40.jpg 38 1347.93 1248.84 1158.53 968.68 378.8 560.31
6922848642133_camera3-6.jpg 38 1328.08 1278.3 1051.49 1003.56 553.17 549.47
6922848642133_camera3-4.jpg 38 1334.59 1272.83 1067.82 984.13 533.54 577.39
6922848642133_camera3-7.jpg 38 1329.45 1277.0 1055.07 999.78 548.77 554.44
6922848642133_camera3-5.jpg 38 1326.88 1269.89 1042.78 981.84 568.21 576.1
6922848642133_camera3-8.jpg 38 1336.27 1278.78 1072.24 1008.41 528.06 540.75
6922848642133_camera3-9.jpg 38 1348.6 1278.26 1101.27 1012.74 494.65 531.04
