6924743921436-back_camera0-18.jpg 39 1469.29 1258.58 1098.37 1157.37 741.84 202.43
6924743921436-back_camera0-19.jpg 39 1492.52 1254.43 1121.08 1154.16 742.88 200.53
6924743921436-back_camera0-29.jpg 39 1415.99 1247.38 1085.39 1165.94 661.19 162.87
6924743921436-back_camera0-28.jpg 39 1396.47 1246.38 1071.42 1166.57 650.1 159.61
6924743921436-back_camera0-31.jpg 39 1446.76 1249.6 1077.66 1166.87 738.2 165.46
6924743921436-back_camera0-30.jpg 39 1464.27 1250.9 1133.98 1171.38 660.58 159.03
6924743921436-back_camera3-36.jpg 39 1326.57 1407.14 948.36 1276.32 756.41 261.65
6924743921436-back_camera3-6.jpg 39 1360.99 1432.37 998.75 1263.82 724.47 337.09
6924743921436_camera0-16.jpg 39 1473.65 1268.2 1039.7 1147.59 867.9 241.22
6924743921436_camera0-24.jpg 39 1485.72 1247.45 1089.51 1155.7 792.43 183.5
6924743921436_camera0-23.jpg 39 1486.82 1255.5 1117.72 1158.53 738.2 193.94
6924743921436_camera0-19.jpg 39 1439.77 1262.5 1025.41 1146.54 828.71 231.93
6924743921436_camera0-25.jpg 39 1459.29 1241.23 1042.11 1152.85 834.37 176.77
6924743921436_camera0-20.jpg 39 1438.07 1267.12 1060.2 1155.67 755.73 222.91
6924743921436_camera0-22.jpg 39 1467.09 1258.56 1112.91 1156.62 708.35 203.88
6924743921436_camera0-28.jpg 39 1426.33 1241.63 1013.12 1163.48 826.41 156.31
6924743921436_camera0-26.jpg 39 1454.87 1242.19 1030.79 1162.67 848.16 159.03
6924743921436_camera0-21.jpg 39 1432.04 1262.51 1076.6 1157.17 710.88 210.68
6924743921436_camera0-27.jpg 39 1438.35 1242.2 1014.95 1161.33 846.8 161.75
6924743921436_camera0-33.jpg 39 1456.32 1240.22 1112.05 1163.91 688.55 152.62
6924743921436_camera0-32.jpg 39 1450.39 1238.79 1122.82 1161.32 655.15 154.95
6924743921436_camera0-30.jpg 39 1405.34 1241.86 1032.91 1163.7 744.86 156.31
6924743921436_camera0-31.jpg 39 1395.24 1243.71 1048.84 1164.54 692.8 158.35
6924743921436_camera0-34.jpg 39 1444.59 1242.82 1064.86 1164.68 759.47 156.27
6924743921436_camera0-29.jpg 39 1416.51 1240.79 1008.01 1160.18 816.99 161.22
6924743921436_camera0-5.jpg 39 1430.78 1248.37 1012.14 1151.64 837.28 193.46
6924743921436_camera0-6.jpg 39 1426.68 1249.56 998.53 1152.83 856.31 193.46
6924743921436_camera1-13.jpg 39 1329.59 1166.96 972.79 852.98 713.59 627.96
6924743921436_camera0-7.jpg 39 1417.75 1245.87 984.83 1147.81 865.83 196.11
6924743921436_camera1-19.jpg 39 1302.72 1152.92 939.58 839.73 726.28 626.38
6924743921436_camera1-14.jpg 39 1329.28 1166.16 954.92 839.31 748.71 653.7
6924743921436_camera1-18.jpg 39 1305.54 1155.13 928.13 833.22 754.82 643.82
6924743921436_camera1-1.jpg 39 1263.18 1133.64 936.33 918.81 653.7 429.66
6924743921436_camera1-15.jpg 39 1326.24 1165.93 932.97 829.75 786.54 672.36
6924743921436_camera1-17.jpg 39 1310.24 1162.45 919.88 828.52 780.72 667.87
6924743921436_camera1-16.jpg 39 1318.49 1165.01 922.84 822.49 791.3 685.05
6924743921436_camera1-12.jpg 39 1332.07 1158.98 1023.64 882.27 616.86 553.43
6924743921436_camera1-20.jpg 39 1300.79 1139.9 971.18 859.9 659.22 560.0
6924743921436_camera1-24.jpg 39 1318.54 1128.85 934.59 865.1 767.9 527.49
6924743921436_camera1-21.jpg 39 1310.39 1133.76 988.67 873.91 643.45 519.71
6924743921436_camera1-28.jpg 39 1276.42 1135.68 900.05 862.34 752.75 546.68
6924743921436_camera1-27.jpg 39 1287.28 1135.76 901.26 842.17 772.04 587.19
6924743921436_camera1-22.jpg 39 1331.97 1123.82 999.64 898.96 664.67 449.71
6924743921436_camera1-23.jpg 39 1328.25 1137.03 970.2 884.62 716.09 504.81
6924743921436_camera1-25.jpg 39 1308.06 1137.45 913.2 846.46 789.71 581.98
6924743921436_camera1-2.jpg 39 1300.19 1147.31 973.3 899.25 653.79 496.12
6924743921436_camera1-29.jpg 39 1273.05 1126.21 923.0 854.82 700.09 542.78
6924743921436_camera1-26.jpg 39 1300.8 1142.62 904.58 847.67 792.43 589.9
6924743921436_camera1-30.jpg 39 1265.89 1124.2 948.74 874.44 634.31 499.52
6924743921436_camera1-32.jpg 39 1301.03 1128.8 975.49 902.49 651.07 452.62
6924743921436_camera1-8.jpg 39 1273.96 1179.0 897.34 872.95 753.24 612.1
6924743921436_camera1-40.jpg 39 1243.78 1140.34 920.96 926.26 645.63 428.16
6924743921436_camera1-4.jpg 39 1293.56 1164.49 911.61 864.78 763.89 599.42
6924743921436_camera2-11.jpg 39 1285.16 866.02 1009.24 597.57 551.85 536.89
6924743921436_camera2-13.jpg 39 1278.32 855.69 942.45 535.38 671.74 640.62
6924743921436_camera2-10.jpg 39 1289.74 866.2 993.18 582.4 593.13 567.61
6924743921436_camera2-14.jpg 39 1272.79 851.92 927.73 516.05 690.12 671.74
6924743921436_camera2-12.jpg 39 1283.41 858.33 994.8 585.44 577.22 545.77
6924743921436_camera2-16.jpg 39 1266.49 850.0 898.81 488.67 735.37 722.65
6924743921436_camera2-15.jpg 39 1273.11 864.1 911.6 495.82 723.01 736.55
6924743921436_camera2-1.jpg 39 1259.35 897.88 999.85 626.35 519.0 543.05
6924743921436_camera2-18.jpg 39 1265.39 847.02 923.66 502.91 683.46 688.22
6924743921436_camera2-19.jpg 39 1258.65 843.43 934.8 511.81 647.7 663.25
6924743921436_camera2-17.jpg 39 1269.24 847.3 907.73 487.36 723.01 719.88
6924743921436_camera2-21.jpg 39 1256.02 842.45 991.77 567.29 528.5 550.32
6924743921436_camera2-20.jpg 39 1261.3 845.62 970.31 544.33 581.98 602.59
6924743921436_camera2-23.jpg 39 1248.46 850.29 939.46 532.81 618.0 634.97
6924743921436_camera2-24.jpg 39 1248.69 858.8 921.12 522.39 655.15 672.82
6924743921436_camera2-25.jpg 39 1240.61 863.01 884.49 503.85 712.24 718.32
6924743921436_camera2-28.jpg 39 1240.14 870.91 896.03 533.28 688.22 675.27
6924743921436_camera2-22.jpg 39 1257.23 851.21 980.05 559.89 554.36 582.64
6924743921436_camera2-29.jpg 39 1239.01 870.86 908.24 549.46 661.54 642.79
6924743921436_camera2-27.jpg 39 1236.72 867.48 879.64 513.22 714.16 708.51
6924743921436_camera2-32.jpg 39 1253.4 884.93 945.76 589.98 615.28 589.9
6924743921436_camera2-33.jpg 39 1251.99 885.51 923.82 570.71 656.33 629.59
6924743921436_camera2-26.jpg 39 1237.43 863.23 882.47 500.49 709.92 725.48
6924743921436_camera2-30.jpg 39 1238.12 871.43 933.66 580.44 608.93 581.98
6924743921436_camera2-31.jpg 39 1238.85 874.54 960.25 615.04 557.19 519.0
6924743921436_camera2-35.jpg 39 1258.51 891.91 891.25 534.58 734.53 714.67
6924743921436_camera2-39.jpg 39 1264.66 893.88 942.75 559.29 643.82 669.19
6924743921436_camera2-2.jpg 39 1277.74 876.66 1002.68 582.51 550.12 588.3
6924743921436_camera2-36.jpg 39 1260.77 891.52 893.79 525.95 733.96 731.13
6924743921436_camera2-3.jpg 39 1280.03 883.34 967.66 553.96 624.73 658.76
6924743921436_camera2-37.jpg 39 1264.14 896.97 905.85 532.2 716.59 729.54
6924743921436_camera2-5.jpg 39 1287.34 879.09 933.99 515.44 706.69 727.29
6924743921436_camera2-38.jpg 39 1261.21 898.12 928.99 557.98 664.44 680.29
6924743921436_camera2-6.jpg 39 1288.97 876.49 926.94 509.51 724.06 733.96
6924743921436_camera2-4.jpg 39 1284.74 881.2 950.81 537.09 667.87 688.22
6924743921436_camera2-40.jpg 39 1271.38 892.88 992.78 602.98 557.19 579.81
6924743921436_camera2-8.jpg 39 1283.88 872.86 938.97 527.95 689.81 689.81
6924743921436_camera3-17.jpg 39 1320.16 1331.75 947.03 1184.68 746.27 294.13
6924743921436_camera3-15.jpg 39 1343.95 1334.72 939.58 1166.63 808.74 336.18
6924743921436_camera3-20.jpg 39 1375.91 1356.88 1009.46 1225.61 732.91 262.53
6924743921436_camera3-18.jpg 39 1312.97 1333.9 969.08 1200.02 687.77 267.77
6924743921436_camera3-21.jpg 39 1371.26 1364.28 977.46 1226.77 787.6 275.03
6924743921436_camera3-16.jpg 39 1328.57 1334.07 932.13 1175.49 792.88 317.15
6924743921436_camera3-19.jpg 39 1355.09 1344.26 1008.69 1214.04 692.8 260.45
6924743921436_camera3-25.jpg 39 1346.86 1369.58 945.66 1227.65 802.4 283.85
6924743921436_camera3-22.jpg 39 1361.1 1369.59 942.82 1224.26 836.56 290.66
6924743921436_camera3-23.jpg 39 1359.17 1370.06 937.13 1221.9 844.08 296.31
6924743921436_camera3-26.jpg 39 1343.78 1362.65 969.43 1224.09 748.71 277.12
6924743921436_camera3-24.jpg 39 1352.14 1369.95 934.29 1223.27 835.7 293.37
6924743921436_camera3-29.jpg 39 1429.19 1353.59 1082.52 1219.64 693.35 267.89
6924743921436_camera3-6.jpg 39 1383.39 1342.28 1006.21 1177.82 754.37 328.93
6924743921436_camera3-9.jpg 39 1403.63 1319.87 1078.37 1172.09 650.52 295.56
6924743921436_camera3-8.jpg 39 1367.69 1332.79 1044.55 1192.08 646.28 281.42
6924743921436_camera3-7.jpg 39 1373.66 1341.8 1022.42 1190.36 702.49 302.88
