6926265388100-back_camera0-10.jpg 4 1465.19 1178.9 977.74 996.11 974.9 365.59
6926265388100-back_camera0-11.jpg 4 1518.16 1178.34 1041.35 1000.15 953.63 356.37
6926265388100-back_camera0-14.jpg 4 1506.22 1191.82 914.32 1000.32 1183.81 383.0
6926265388100-back_camera0-16.jpg 4 1472.59 1179.67 875.94 1006.69 1193.29 345.96
6926265388100-back_camera0-13.jpg 4 1526.94 1183.99 959.91 1007.42 1134.07 353.15
6926265388100-back_camera0-12.jpg 4 1532.78 1176.82 1015.0 1000.69 1035.57 352.25
6926265388100-back_camera0-18.jpg 4 1436.3 1176.8 878.51 1007.52 1115.58 338.56
6926265388100-back_camera0-15.jpg 4 1497.09 1177.42 893.23 996.76 1207.71 361.32
6926265388100-back_camera0-17.jpg 4 1440.11 1175.66 872.14 1002.68 1135.94 345.96
6926265388100-back_camera0-21.jpg 4 1533.62 1170.21 977.86 995.03 1111.52 350.37
6926265388100-back_camera0-19.jpg 4 1438.57 1176.88 885.03 1003.65 1107.07 346.47
6926265388100-back_camera0-1.jpg 4 1435.92 1170.6 887.25 1003.3 1097.35 334.6
6926265388100-back_camera0-23.jpg 4 1495.03 1170.27 906.02 997.86 1178.01 344.82
6926265388100-back_camera0-20.jpg 4 1476.59 1170.13 929.5 1005.21 1094.18 329.84
6926265388100-back_camera0-22.jpg 4 1515.08 1174.43 941.56 1005.15 1147.04 338.56
6926265388100-back_camera0-24.jpg 4 1469.74 1175.82 872.49 1002.58 1194.51 346.47
6926265388100-back_camera0-2.jpg 4 1443.11 1179.7 863.28 1002.77 1159.65 353.86
6926265388100-back_camera0-29.jpg 4 1373.03 1177.86 930.6 997.87 884.86 359.97
6926265388100-back_camera0-26.jpg 4 1418.59 1175.74 846.55 999.68 1144.07 352.13
6926265388100-back_camera0-25.jpg 4 1445.45 1180.39 854.35 1008.34 1182.19 344.11
6926265388100-back_camera0-27.jpg 4 1391.74 1171.17 847.28 992.99 1088.92 356.37
6926265388100-back_camera0-28.jpg 4 1380.45 1188.95 875.24 992.84 1010.43 392.23
6926265388100-back_camera0-30.jpg 4 1440.72 1180.64 999.48 999.34 882.48 362.61
6926265388100-back_camera0-31.jpg 4 1475.4 1178.14 1007.31 998.54 936.19 359.2
6926265388100-back_camera0-32.jpg 4 1460.62 1187.32 943.33 995.82 1034.59 383.0
6926265388100-back_camera0-33.jpg 4 1446.12 1176.53 902.2 998.93 1087.83 355.21
6926265388100-back_camera0-35.jpg 4 1408.62 1175.77 817.14 998.41 1182.96 354.72
6926265388100-back_camera0-36.jpg 4 1383.53 1177.62 792.43 999.09 1182.19 357.06
6926265388100-back_camera0-34.jpg 4 1428.83 1173.53 853.96 997.46 1149.73 352.13
6926265388100-back_camera0-38.jpg 4 1343.95 1175.36 793.69 1003.3 1100.52 344.11
6926265388100-back_camera0-37.jpg 4 1366.54 1175.17 780.44 989.48 1172.2 371.39
6926265388100-back_camera0-39.jpg 4 1356.89 1170.47 816.68 995.82 1080.43 349.3
6926265388100-back_camera0-3.jpg 4 1433.68 1175.56 834.26 1004.43 1198.84 342.26
6926265388100-back_camera0-40.jpg 4 1401.2 1171.6 850.81 1002.32 1100.78 338.56
6926265388100-back_camera0-5.jpg 4 1388.24 1178.97 785.65 1007.7 1205.18 342.53
6926265388100-back_camera0-4.jpg 4 1420.13 1183.62 797.67 1002.43 1244.92 362.39
6926265388100-back_camera0-6.jpg 4 1369.55 1183.32 783.54 1008.49 1172.01 349.66
6926265388100-back_camera0-8.jpg 4 1355.33 1185.01 837.27 1006.0 1036.12 358.02
6926265388100-back_camera1-10.jpg 4 1373.91 1128.38 947.47 762.07 852.88 732.62
6926265388100-back_camera0-9.jpg 4 1365.58 1188.51 887.9 1006.83 955.35 363.35
6926265388100-back_camera0-7.jpg 4 1359.91 1184.31 801.43 998.7 1116.97 371.22
6926265388100-back_camera1-11.jpg 4 1369.9 1139.08 904.77 737.61 930.27 802.93
6926265388100-back_camera1-12.jpg 4 1369.17 1141.1 859.09 716.67 1020.17 848.86
6926265388100-back_camera1-15.jpg 4 1334.62 1137.45 757.22 699.33 1154.79 876.25
6926265388100-back_camera1-13.jpg 4 1355.82 1150.2 816.55 700.37 1078.54 899.66
6926265388100-back_camera1-14.jpg 4 1351.91 1132.6 792.89 697.68 1118.05 869.84
6926265388100-back_camera1-17.jpg 4 1303.9 1106.94 790.79 745.62 1026.22 722.65
6926265388100-back_camera1-16.jpg 4 1322.72 1120.79 771.41 717.47 1102.63 806.63
6926265388100-back_camera1-19.jpg 4 1339.95 1078.63 839.21 792.38 1001.48 572.51
6926265388100-back_camera1-18.jpg 4 1302.7 1099.74 797.84 757.36 1009.72 684.75
6926265388100-back_camera1-20.jpg 4 1378.79 1084.49 882.05 759.81 993.48 649.37
6926265388100-back_camera1-24.jpg 4 1313.93 1111.1 748.85 667.28 1130.17 887.63
6926265388100-back_camera1-21.jpg 4 1362.19 1092.87 822.9 713.61 1078.58 758.52
6926265388100-back_camera1-1.jpg 4 1285.2 1130.59 751.46 794.01 1067.47 673.15
6926265388100-back_camera1-22.jpg 4 1349.12 1099.74 774.63 670.32 1148.99 858.84
6926265388100-back_camera1-23.jpg 4 1329.26 1089.61 771.49 672.86 1115.53 833.5
6926265388100-back_camera1-29.jpg 4 1288.93 1080.2 891.44 710.63 794.97 739.15
6926265388100-back_camera1-27.jpg 4 1259.18 1091.03 768.83 652.91 980.7 876.25
6926265388100-back_camera1-26.jpg 4 1273.13 1105.62 761.59 665.31 1023.08 880.63
6926265388100-back_camera1-25.jpg 4 1292.51 1101.62 743.92 646.25 1097.17 910.73
6926265388100-back_camera1-2.jpg 4 1278.89 1141.59 725.26 777.9 1107.26 727.38
6926265388100-back_camera1-28.jpg 4 1254.57 1083.21 828.9 679.46 851.34 807.5
6926265388100-back_camera1-30.jpg 4 1308.51 1082.34 879.09 687.73 858.84 789.21
6926265388100-back_camera1-31.jpg 4 1306.24 1086.91 838.94 669.26 934.59 835.3
6926265388100-back_camera1-33.jpg 4 1275.91 1102.75 742.06 660.11 1067.71 885.28
6926265388100-back_camera1-34.jpg 4 1267.89 1102.64 705.0 652.91 1125.78 899.46
6926265388100-back_camera1-32.jpg 4 1291.85 1090.51 785.7 657.75 1012.29 865.52
6926265388100-back_camera1-35.jpg 4 1241.67 1105.77 683.07 674.44 1117.2 862.65
6926265388100-back_camera1-39.jpg 4 1262.34 1085.84 764.83 798.77 995.02 574.13
6926265388100-back_camera1-37.jpg 4 1221.46 1093.93 693.39 710.94 1056.14 765.99
6926265388100-back_camera1-5.jpg 4 1249.46 1164.25 689.17 748.8 1120.59 830.9
6926265388100-back_camera1-36.jpg 4 1226.47 1098.58 677.01 690.64 1098.93 815.88
6926265388100-back_camera1-40.jpg 4 1292.61 1121.24 786.62 820.61 1011.98 601.27
6926265388100-back_camera1-7.jpg 4 1234.6 1151.68 749.53 758.05 970.13 787.27
6926265388100-back_camera1-38.jpg 4 1212.45 1088.38 711.33 752.98 1002.25 670.8
6926265388100-back_camera1-6.jpg 4 1238.88 1151.97 705.0 728.35 1067.75 847.24
6926265388100-back_camera1-4.jpg 4 1257.3 1155.62 684.25 745.53 1146.11 820.19
6926265388100-back_camera1-3.jpg 4 1263.92 1151.97 686.46 758.47 1154.92 786.99
6926265388100-back_camera1-8.jpg 4 1238.76 1139.67 795.5 758.24 886.51 762.87
6926265388100-back_camera2-10.jpg 4 1308.09 835.82 845.51 460.28 925.16 751.07
6926265388100-back_camera2-12.jpg 4 1297.96 834.75 797.21 382.56 1001.5 904.37
6926265388100-back_camera1-9.jpg 4 1288.3 1136.39 862.63 787.09 851.34 698.61
6926265388100-back_camera2-14.jpg 4 1291.37 831.89 769.2 318.93 1044.34 1025.93
6926265388100-back_camera2-11.jpg 4 1300.47 835.11 824.55 421.77 951.85 826.67
6926265388100-back_camera2-15.jpg 4 1281.81 824.72 774.61 312.71 1014.4 1024.02
6926265388100-back_camera2-13.jpg 4 1302.71 824.92 780.44 334.57 1044.54 980.7
6926265388100-back_camera2-17.jpg 4 1267.02 823.95 846.13 354.5 841.78 938.9
6926265388100-back_camera2-1.jpg 4 1294.68 904.83 888.81 425.54 811.74 958.58
6926265388100-back_camera2-18.jpg 4 1270.79 825.76 855.87 370.22 829.83 911.07
6926265388100-back_camera2-16.jpg 4 1276.73 824.3 790.01 321.4 973.44 1005.81
6926265388100-back_camera2-21.jpg 4 1232.41 821.79 808.94 330.95 846.94 981.68
6926265388100-back_camera2-20.jpg 4 1239.42 823.85 882.36 381.68 714.12 884.33
6926265388100-back_camera2-19.jpg 4 1259.17 829.07 913.9 402.55 690.55 853.04
6926265388100-back_camera2-22.jpg 4 1235.3 831.41 770.44 315.55 929.71 1031.72
6926265388100-back_camera2-24.jpg 4 1219.54 837.25 718.79 320.32 1001.5 1033.87
6926265388100-back_camera2-23.jpg 4 1225.67 837.18 745.42 317.47 960.5 1039.42
6926265388100-back_camera2-25.jpg 4 1220.99 849.38 705.0 332.92 1031.99 1032.93
6926265388100-back_camera2-2.jpg 4 1292.74 903.27 847.03 395.87 891.42 1014.81
6926265388100-back_camera2-26.jpg 4 1224.7 846.81 724.24 371.37 1000.93 950.88
6926265388100-back_camera2-32.jpg 4 1226.01 898.77 714.47 441.19 1023.08 915.16
6926265388100-back_camera2-27.jpg 4 1218.11 855.33 731.39 407.39 973.43 895.88
6926265388100-back_camera2-28.jpg 4 1214.67 861.72 761.41 468.89 906.53 785.66
6926265388100-back_camera2-29.jpg 4 1222.58 875.95 804.69 547.16 835.78 657.59
6926265388100-back_camera2-30.jpg 4 1228.51 893.02 755.98 502.56 945.06 780.92
6926265388100-back_camera2-33.jpg 4 1230.47 905.36 710.61 418.79 1039.73 973.13
6926265388100-back_camera2-31.jpg 4 1228.55 892.04 735.79 473.39 985.53 837.31
6926265388100-back_camera2-34.jpg 4 1235.14 922.63 712.87 392.9 1044.54 1059.46
6926265388100-back_camera2-35.jpg 4 1238.61 912.09 733.72 403.42 1009.77 1017.33
6926265388100-back_camera2-36.jpg 4 1245.33 902.36 769.34 407.39 951.98 989.93
6926265388100-back_camera2-37.jpg 4 1247.41 907.05 811.78 438.67 871.27 936.75
6926265388100-back_camera2-39.jpg 4 1272.55 903.18 932.68 479.99 679.75 846.39
6926265388100-back_camera2-38.jpg 4 1256.28 904.1 867.48 445.66 777.6 916.87
6926265388100-back_camera2-40.jpg 4 1290.05 905.97 918.8 446.23 742.49 919.48
6926265388100-back_camera2-5.jpg 4 1309.11 890.68 801.7 388.31 1014.81 1004.74
6926265388100-back_camera2-3.jpg 4 1299.04 902.0 819.33 383.27 959.41 1037.47
6926265388100-back_camera2-6.jpg 4 1305.33 884.38 804.22 408.46 1002.22 951.85
6926265388100-back_camera2-4.jpg 4 1302.71 892.9 780.44 361.93 1044.54 1061.95
6926265388100-back_camera2-7.jpg 4 1302.81 873.05 819.33 441.19 966.96 863.72
6926265388100-back_camera2-8.jpg 4 1296.51 868.02 844.51 473.93 904.01 788.18
6926265388100-back_camera3-11.jpg 4 1451.51 1347.66 911.83 1111.4 1079.35 472.53
6926265388100-back_camera3-12.jpg 4 1427.46 1340.17 867.18 1121.09 1120.57 438.16
6926265388100-back_camera2-9.jpg 4 1298.32 865.68 884.98 526.81 826.67 677.74
6926265388100-back_camera3-10.jpg 4 1459.09 1333.28 960.27 1105.18 997.64 456.19
6926265388100-back_camera3-14.jpg 4 1375.44 1337.78 785.67 1117.11 1179.54 441.34
6926265388100-back_camera3-15.jpg 4 1353.2 1333.53 776.91 1119.85 1152.59 427.36
6926265388100-back_camera3-13.jpg 4 1405.16 1342.68 829.94 1121.45 1150.43 442.47
6926265388100-back_camera3-16.jpg 4 1329.93 1325.19 773.01 1111.85 1113.85 426.68
6926265388100-back_camera3-17.jpg 4 1309.72 1327.98 780.61 1121.7 1058.23 412.56
6926265388100-back_camera3-18.jpg 4 1346.88 1323.8 809.26 1121.09 1075.24 405.42
6926265388100-back_camera3-1.jpg 4 1440.05 1357.8 851.89 1124.69 1176.33 466.21
6926265388100-back_camera3-19.jpg 4 1383.34 1323.05 835.72 1108.43 1095.24 429.24
6926265388100-back_camera3-21.jpg 4 1386.09 1338.37 806.56 1106.34 1159.06 464.06
6926265388100-back_camera3-20.jpg 4 1409.97 1326.8 849.84 1098.7 1120.27 456.19
6926265388100-back_camera3-22.jpg 4 1357.67 1348.08 765.19 1089.07 1184.96 518.02
6926265388100-back_camera3-24.jpg 4 1314.58 1354.01 731.83 1084.53 1165.5 538.96
6926265388100-back_camera3-23.jpg 4 1338.97 1357.49 739.55 1094.78 1198.84 525.42
6926265388100-back_camera3-26.jpg 4 1284.28 1344.92 752.05 1098.54 1064.45 492.76
6926265388100-back_camera3-29.jpg 4 1407.32 1357.12 956.83 1111.99 900.98 490.27
6926265388100-back_camera3-25.jpg 4 1302.28 1361.19 738.93 1099.4 1126.69 523.57
6926265388100-back_camera3-27.jpg 4 1283.89 1348.39 799.95 1098.0 967.88 500.78
6926265388100-back_camera3-2.jpg 4 1416.3 1364.62 816.27 1128.28 1200.07 472.69
6926265388100-back_camera3-28.jpg 4 1334.53 1350.74 876.41 1098.59 916.23 504.31
6926265388100-back_camera3-30.jpg 4 1418.68 1352.51 917.26 1101.32 1002.85 502.39
6926265388100-back_camera3-31.jpg 4 1410.55 1365.35 865.56 1114.97 1089.99 500.75
6926265388100-back_camera3-32.jpg 4 1405.35 1361.68 822.41 1090.52 1165.88 542.33
6926265388100-back_camera3-34.jpg 4 1374.93 1361.75 777.06 1110.3 1195.75 502.91
6926265388100-back_camera3-39.jpg 4 1442.62 1333.02 879.68 1108.11 1125.89 449.83
6926265388100-back_camera3-35.jpg 4 1360.91 1352.76 770.59 1106.7 1180.65 492.12
6926265388100-back_camera3-38.jpg 4 1407.83 1331.77 849.62 1105.6 1116.42 452.34
6926265388100-back_camera3-33.jpg 4 1393.47 1362.84 799.19 1111.02 1188.56 503.63
6926265388100-back_camera3-40.jpg 4 1446.81 1352.35 864.54 1123.29 1164.54 458.12
6926265388100-back_camera3-37.jpg 4 1365.95 1341.24 813.4 1114.61 1105.1 453.26
6926265388100-back_camera3-3.jpg 4 1398.51 1366.61 799.19 1123.61 1198.63 486.0
6926265388100-back_camera3-36.jpg 4 1335.17 1353.26 772.63 1111.85 1125.08 482.82
6926265388100-back_camera3-4.jpg 4 1370.8 1361.57 789.11 1121.09 1163.38 480.96
6926265388100-back_camera3-5.jpg 4 1349.55 1357.91 787.49 1118.27 1124.12 479.29
6926265388100-back_camera3-8.jpg 4 1382.7 1336.42 915.6 1109.61 934.2 453.62
6926265388100-back_camera3-6.jpg 4 1341.16 1355.88 819.04 1114.47 1044.24 482.82
6926265388100-back_camera3-7.jpg 4 1329.28 1347.6 861.24 1112.13 936.08 470.93
6926265388100-back_camera3-9.jpg 4 1450.85 1331.53 997.58 1113.53 906.53 436.0
6926265388100_camera0-10.jpg 4 1405.8 1175.18 921.77 984.47 968.05 381.43
6926265388100_camera0-11.jpg 4 1458.31 1173.98 975.49 999.94 965.64 348.08
6926265388100_camera0-14.jpg 4 1502.65 1181.16 909.09 1008.49 1187.12 345.34
6926265388100_camera0-12.jpg 4 1514.16 1176.12 1014.49 1009.93 999.34 332.39
6926265388100_camera0-16.jpg 4 1470.99 1179.37 859.08 1000.22 1223.81 358.29
6926265388100_camera0-20.jpg 4 1456.97 1175.05 908.73 1008.85 1096.47 332.39
6926265388100_camera0-13.jpg 4 1510.56 1177.74 960.35 1005.25 1100.42 344.98
6926265388100_camera0-17.jpg 4 1453.37 1179.72 850.09 1005.97 1206.55 347.5
6926265388100_camera0-15.jpg 4 1474.19 1181.77 856.01 987.1 1236.37 389.33
6926265388100_camera0-21.jpg 4 1508.84 1178.47 950.79 1006.68 1116.1 343.59
6926265388100_camera0-19.jpg 4 1422.42 1179.0 872.21 1010.29 1100.42 337.43
6926265388100_camera0-18.jpg 4 1420.26 1179.13 837.59 994.99 1165.35 368.28
6926265388100_camera0-1.jpg 4 1392.56 1162.15 836.62 989.17 1111.88 345.96
6926265388100_camera0-22.jpg 4 1535.74 1167.68 988.05 1002.74 1095.39 329.88
6926265388100_camera0-23.jpg 4 1515.59 1173.61 942.54 1009.57 1146.11 328.08
6926265388100_camera0-25.jpg 4 1472.95 1173.04 881.85 1001.91 1182.19 342.26
6926265388100_camera0-24.jpg 4 1495.45 1168.93 904.95 997.7 1181.0 342.47
6926265388100_camera0-27.jpg 4 1422.74 1167.92 865.9 988.09 1113.67 359.67
6926265388100_camera0-2.jpg 4 1441.08 1164.25 899.01 995.9 1084.13 336.71
6926265388100_camera0-28.jpg 4 1407.4 1169.07 882.88 989.09 1049.05 359.95
6926265388100_camera0-26.jpg 4 1448.48 1174.43 869.41 1001.45 1158.14 345.96
6926265388100_camera0-30.jpg 4 1426.62 1167.88 980.33 989.7 892.58 356.37
6926265388100_camera0-31.jpg 4 1499.23 1173.97 1056.04 995.18 886.38 357.58
6926265388100_camera0-37.jpg 4 1390.41 1171.28 810.48 984.84 1159.86 372.87
6926265388100_camera0-34.jpg 4 1457.58 1172.53 894.23 994.0 1126.69 357.06
6926265388100_camera0-32.jpg 4 1496.2 1174.57 1000.41 998.03 991.58 353.07
6926265388100_camera0-35.jpg 4 1437.53 1173.97 857.1 1002.74 1160.86 342.47
6926265388100_camera0-29.jpg 4 1389.22 1175.37 920.52 989.62 937.41 371.5
6926265388100_camera0-33.jpg 4 1482.86 1175.23 950.27 997.7 1065.17 355.06
6926265388100_camera0-36.jpg 4 1407.16 1169.37 813.21 985.41 1187.91 367.92
6926265388100_camera0-38.jpg 4 1352.63 1168.57 779.58 995.9 1146.11 345.34
6926265388100_camera0-39.jpg 4 1332.97 1175.6 774.63 992.8 1116.67 365.59
6926265388100_camera0-40.jpg 4 1365.14 1170.93 807.48 996.87 1115.32 348.12
6926265388100_camera0-3.jpg 4 1428.72 1163.89 854.59 985.11 1148.27 357.57
6926265388100_camera0-6.jpg 4 1361.99 1172.71 766.45 995.18 1191.08 355.06
6926265388100_camera0-5.jpg 4 1387.8 1164.69 791.37 988.16 1192.86 353.07
6926265388100_camera0-4.jpg 4 1396.32 1170.73 791.53 988.01 1209.59 365.44
6926265388100_camera0-9.jpg 4 1332.75 1178.07 849.1 1001.09 967.3 353.95
6926265388100_camera1-11.jpg 4 1349.4 1148.79 904.95 760.99 888.9 775.59
6926265388100_camera0-8.jpg 4 1339.42 1185.9 797.53 1001.1 1083.78 369.61
6926265388100_camera1-13.jpg 4 1340.25 1175.36 806.51 744.29 1067.48 862.13
6926265388100_camera0-7.jpg 4 1342.57 1164.41 780.78 987.05 1123.57 354.72
6926265388100_camera1-10.jpg 4 1326.37 1145.18 909.8 787.97 833.14 714.43
6926265388100_camera1-12.jpg 4 1348.1 1161.19 847.36 745.42 1001.48 831.54
6926265388100_camera1-14.jpg 4 1341.01 1169.79 763.03 737.47 1155.96 864.64
6926265388100_camera1-16.jpg 4 1320.3 1168.61 748.15 739.82 1144.3 857.57
6926265388100_camera1-15.jpg 4 1319.82 1166.5 755.04 740.94 1129.57 851.11
6926265388100_camera1-17.jpg 4 1313.42 1154.9 761.95 775.02 1102.94 759.76
6926265388100_camera1-19.jpg 4 1308.22 1113.03 817.38 799.56 981.68 626.95
6926265388100_camera1-18.jpg 4 1311.63 1121.09 796.67 776.1 1029.92 689.97
6926265388100_camera1-1.jpg 4 1282.39 1123.36 774.63 789.69 1015.52 667.34
6926265388100_camera1-20.jpg 4 1359.47 1109.75 869.69 803.8 979.55 611.91
6926265388100_camera1-21.jpg 4 1364.21 1112.87 857.97 766.39 1012.48 692.95
6926265388100_camera1-24.jpg 4 1333.03 1137.45 779.04 698.04 1107.98 878.83
6926265388100_camera1-22.jpg 4 1365.17 1121.36 825.66 736.94 1079.02 768.84
6926265388100_camera1-23.jpg 4 1343.33 1123.37 780.44 702.65 1125.78 841.43
6926265388100_camera1-26.jpg 4 1302.81 1122.35 779.04 677.9 1047.54 888.9
6926265388100_camera1-31.jpg 4 1332.17 1086.78 878.55 700.52 907.25 772.51
6926265388100_camera1-25.jpg 4 1317.92 1134.93 776.52 682.93 1082.8 904.01
6926265388100_camera1-27.jpg 4 1294.75 1115.21 795.09 688.54 999.32 853.35
6926265388100_camera1-30.jpg 4 1334.62 1082.74 931.31 720.06 806.61 725.37
6926265388100_camera1-2.jpg 4 1282.66 1134.94 748.82 773.59 1067.69 722.7
6926265388100_camera1-29.jpg 4 1287.42 1085.74 895.47 692.47 783.91 786.54
6926265388100_camera1-28.jpg 4 1276.67 1103.78 822.41 696.67 908.53 814.22
6926265388100_camera1-32.jpg 4 1319.17 1100.95 829.4 687.97 979.55 825.95
6926265388100_camera1-33.jpg 4 1302.7 1105.95 768.83 656.22 1067.75 899.46
6926265388100_camera1-34.jpg 4 1287.26 1100.25 728.09 669.08 1118.34 862.34
6926265388100_camera1-37.jpg 4 1219.71 1094.64 680.83 713.15 1077.76 762.99
6926265388100_camera1-36.jpg 4 1242.36 1100.25 694.41 700.52 1095.89 799.46
6926265388100_camera1-35.jpg 4 1276.6 1103.06 705.0 679.44 1143.19 847.24
6926265388100_camera1-38.jpg 4 1210.89 1084.58 693.42 728.26 1034.95 712.63
6926265388100_camera1-3.jpg 4 1267.97 1143.24 719.38 740.94 1097.17 804.59
6926265388100_camera1-40.jpg 4 1271.34 1099.69 771.49 813.88 999.7 571.62
6926265388100_camera1-6.jpg 4 1233.07 1175.59 681.79 725.86 1102.57 899.46
6926265388100_camera1-4.jpg 4 1234.81 1173.87 661.34 742.45 1146.93 862.83
6926265388100_camera1-7.jpg 4 1222.14 1175.48 730.34 758.91 983.6 833.14
6926265388100_camera1-39.jpg 4 1214.68 1079.54 718.61 768.55 992.15 621.98
6926265388100_camera1-9.jpg 4 1243.44 1165.42 823.24 794.85 840.4 741.14
6926265388100_camera1-5.jpg 4 1234.82 1173.97 680.83 740.85 1107.98 866.24
6926265388100_camera1-8.jpg 4 1211.82 1168.47 746.0 760.4 931.63 816.14
6926265388100_camera2-10.jpg 4 1302.3 864.6 867.07 506.47 870.45 716.25
6926265388100_camera2-11.jpg 4 1301.3 859.3 843.87 466.4 914.85 785.81
6926265388100_camera2-12.jpg 4 1304.07 855.42 829.4 418.53 949.34 873.79
6926265388100_camera2-16.jpg 4 1275.66 828.52 777.87 309.77 995.58 1037.5
6926265388100_camera2-15.jpg 4 1297.94 846.36 790.24 329.45 1015.4 1033.82
6926265388100_camera2-13.jpg 4 1295.31 849.48 790.97 375.27 1008.68 948.42
6926265388100_camera2-18.jpg 4 1277.63 830.25 869.69 363.13 815.88 934.23
6926265388100_camera2-19.jpg 4 1280.49 819.46 914.74 375.54 731.49 887.83
6926265388100_camera2-14.jpg 4 1308.51 849.38 786.24 332.92 1044.54 1032.93
6926265388100_camera2-17.jpg 4 1290.06 831.89 824.44 329.45 931.23 1004.88
6926265388100_camera2-1.jpg 4 1270.08 910.83 882.28 461.34 775.59 898.97
6926265388100_camera2-22.jpg 4 1254.6 830.76 811.94 342.14 885.31 977.25
6926265388100_camera2-21.jpg 4 1256.28 823.27 850.07 367.73 812.42 911.07
6926265388100_camera2-20.jpg 4 1264.02 821.08 928.15 401.77 671.74 838.61
6926265388100_camera2-23.jpg 4 1239.86 823.94 766.45 317.8 946.82 1012.29
6926265388100_camera2-24.jpg 4 1240.07 829.26 740.26 318.93 999.62 1020.67
6926265388100_camera2-25.jpg 4 1232.3 837.8 721.12 332.91 1022.36 1009.77
6926265388100_camera2-26.jpg 4 1226.31 831.09 715.26 346.99 1022.1 968.2
6926265388100_camera2-27.jpg 4 1221.46 834.87 716.6 367.73 1009.72 934.28
6926265388100_camera2-28.jpg 4 1220.97 836.54 751.34 418.53 939.26 836.02
6926265388100_camera2-31.jpg 4 1207.19 862.14 732.37 455.72 949.64 812.85
6926265388100_camera2-32.jpg 4 1209.79 874.56 721.35 424.3 976.87 900.51
6926265388100_camera2-2.jpg 4 1280.14 907.05 841.99 431.12 876.31 951.85
6926265388100_camera2-33.jpg 4 1212.19 878.57 712.69 404.09 999.0 948.96
6926265388100_camera2-29.jpg 4 1212.16 842.83 779.04 481.48 866.24 722.7
6926265388100_camera2-34.jpg 4 1219.33 886.16 725.47 383.13 987.72 1006.06
6926265388100_camera2-35.jpg 4 1219.72 902.01 718.61 388.31 1002.22 1027.4
6926265388100_camera2-30.jpg 4 1230.16 863.89 797.84 512.81 864.65 702.16
6926265388100_camera2-36.jpg 4 1227.75 903.75 752.79 399.6 949.92 1008.3
6926265388100_camera2-37.jpg 4 1228.53 910.83 781.56 416.01 893.94 989.63
6926265388100_camera2-38.jpg 4 1219.89 910.33 795.46 434.89 848.86 950.88
6926265388100_camera2-3.jpg 4 1282.67 913.34 814.3 413.49 936.75 999.7
6926265388100_camera2-39.jpg 4 1233.07 916.11 867.48 466.38 731.18 899.46
6926265388100_camera2-4.jpg 4 1295.12 904.87 786.48 392.86 1017.29 1024.02
6926265388100_camera2-6.jpg 4 1306.6 907.04 799.19 426.08 1014.81 961.93
6926265388100_camera2-7.jpg 4 1303.72 895.15 808.74 449.39 989.97 891.52
6926265388100_camera2-40.jpg 4 1266.09 897.82 916.73 471.46 698.72 852.71
6926265388100_camera2-5.jpg 4 1294.01 912.08 786.6 410.97 1014.81 1002.22
6926265388100_camera2-9.jpg 4 1305.6 887.1 855.87 524.41 899.46 725.37
6926265388100_camera2-8.jpg 4 1302.98 891.4 826.9 475.95 952.16 830.9
6926265388100_camera3-10.jpg 4 1480.31 1366.41 968.84 1135.77 1022.93 461.28
6926265388100_camera3-12.jpg 4 1470.27 1372.9 892.36 1136.2 1155.82 473.41
6926265388100_camera3-11.jpg 4 1480.84 1365.55 935.56 1123.85 1090.57 483.41
6926265388100_camera3-17.jpg 4 1398.82 1351.72 844.89 1130.73 1107.85 441.98
6926265388100_camera3-14.jpg 4 1432.5 1374.15 826.89 1141.23 1211.22 465.85
6926265388100_camera3-15.jpg 4 1415.87 1376.22 803.65 1135.39 1224.43 481.65
6926265388100_camera3-13.jpg 4 1456.17 1383.95 854.65 1141.42 1203.04 485.06
6926265388100_camera3-16.jpg 4 1401.02 1367.87 821.85 1148.79 1158.34 438.16
6926265388100_camera3-18.jpg 4 1442.27 1339.05 892.86 1122.09 1098.82 433.92
6926265388100_camera3-20.jpg 4 1503.4 1340.78 943.85 1113.36 1119.11 454.85
6926265388100_camera3-19.jpg 4 1479.09 1336.39 935.17 1121.09 1087.83 430.6
6926265388100_camera3-1.jpg 4 1392.82 1335.71 824.43 1112.15 1136.77 447.12
6926265388100_camera3-21.jpg 4 1487.89 1355.28 915.02 1111.02 1145.75 488.52
6926265388100_camera3-23.jpg 4 1444.84 1364.49 856.79 1098.86 1176.09 531.26
6926265388100_camera3-22.jpg 4 1472.0 1359.98 872.99 1095.65 1198.02 528.66
6926265388100_camera3-24.jpg 4 1418.18 1359.39 843.19 1087.16 1149.97 544.46
6926265388100_camera3-26.jpg 4 1377.1 1347.72 862.14 1083.32 1029.92 528.81
6926265388100_camera3-25.jpg 4 1396.02 1359.12 846.61 1090.43 1098.82 537.39
6926265388100_camera3-27.jpg 4 1363.24 1348.98 899.91 1093.39 926.67 511.18
6926265388100_camera3-2.jpg 4 1378.16 1350.72 792.69 1118.8 1170.94 463.85
6926265388100_camera3-31.jpg 4 1446.35 1337.65 917.54 1078.28 1057.62 518.74
6926265388100_camera3-29.jpg 4 1455.46 1330.88 1009.17 1084.22 892.58 493.31
6926265388100_camera3-28.jpg 4 1385.91 1342.68 952.79 1088.35 866.24 508.66
6926265388100_camera3-32.jpg 4 1422.84 1340.54 853.68 1076.21 1138.33 528.66
6926265388100_camera3-30.jpg 4 1463.43 1333.7 992.9 1084.4 941.06 498.59
6926265388100_camera3-33.jpg 4 1394.3 1338.67 804.89 1072.56 1178.83 532.22
6926265388100_camera3-34.jpg 4 1372.07 1340.17 786.6 1080.8 1170.93 518.74
6926265388100_camera3-35.jpg 4 1339.7 1333.16 745.75 1084.86 1187.91 496.61
6926265388100_camera3-36.jpg 4 1315.4 1331.35 743.79 1088.35 1143.23 486.0
6926265388100_camera3-3.jpg 4 1349.24 1356.7 740.26 1113.37 1217.96 486.66
6926265388100_camera3-37.jpg 4 1304.78 1335.12 745.2 1086.42 1119.15 497.4
6926265388100_camera3-38.jpg 4 1315.68 1329.9 763.8 1108.82 1103.77 442.17
6926265388100_camera3-40.jpg 4 1406.05 1336.39 862.14 1121.09 1087.83 430.6
6926265388100_camera3-39.jpg 4 1370.33 1328.65 805.24 1112.52 1130.17 432.27
6926265388100_camera3-8.jpg 4 1345.62 1359.05 877.25 1141.23 936.75 435.64
6926265388100_camera3-4.jpg 4 1312.18 1356.95 721.25 1118.27 1181.86 477.36
6926265388100_camera3-9.jpg 4 1431.12 1364.57 949.36 1144.31 963.53 440.52
6926265388100_camera3-5.jpg 4 1316.66 1362.83 741.27 1128.64 1150.79 468.37
6926265388100_camera3-7.jpg 4 1301.47 1354.3 826.45 1120.52 950.03 467.55
6926265388100_camera3-6.jpg 4 1303.86 1365.36 773.42 1136.85 1060.87 457.02
