6953787800124-back_camera0-13.jpg 40 1466.01 1280.33 1159.96 1199.48 612.1 161.69
6953787800124-back_camera0-15.jpg 40 1458.85 1278.1 1129.24 1202.66 659.22 150.87
6953787800124-back_camera0-17.jpg 40 1445.31 1278.23 1116.18 1204.83 658.25 146.8
6953787800124-back_camera0-10.jpg 40 1429.97 1274.13 1210.46 1202.77 439.03 142.72
6953787800124-back_camera0-14.jpg 40 1463.06 1281.88 1140.24 1206.45 645.63 150.87
6953787800124-back_camera0-12.jpg 40 1465.09 1275.26 1192.96 1198.29 544.26 153.94
6953787800124-back_camera0-1.jpg 40 1428.24 1268.31 1127.85 1209.18 600.78 118.25
6953787800124-back_camera0-16.jpg 40 1450.08 1282.26 1114.19 1208.15 671.78 148.21
6953787800124-back_camera0-20.jpg 40 1460.56 1271.17 1158.98 1211.75 603.16 118.84
6953787800124-back_camera0-11.jpg 40 1464.43 1275.42 1211.7 1199.06 505.47 152.73
6953787800124-back_camera0-18.jpg 40 1437.29 1278.02 1119.23 1209.87 636.12 136.31
6953787800124-back_camera0-25.jpg 40 1429.64 1275.44 1099.66 1204.5 659.95 141.89
6953787800124-back_camera0-21.jpg 40 1468.91 1268.74 1154.93 1211.07 627.96 115.34
6953787800124-back_camera0-19.jpg 40 1436.5 1274.82 1137.08 1211.33 598.84 126.99
6953787800124-back_camera0-27.jpg 40 1415.28 1268.14 1113.45 1196.45 603.65 143.38
6953787800124-back_camera0-23.jpg 40 1452.13 1271.18 1117.08 1209.34 670.1 123.69
6953787800124-back_camera0-26.jpg 40 1422.51 1272.16 1106.49 1208.28 632.04 127.77
6953787800124-back_camera0-24.jpg 40 1444.31 1270.81 1105.08 1209.51 678.46 122.6
6953787800124-back_camera0-28.jpg 40 1406.9 1267.04 1141.04 1194.21 531.73 145.66
6953787800124-back_camera0-22.jpg 40 1462.7 1270.46 1135.43 1210.18 654.55 120.55
6953787800124-back_camera0-2.jpg 40 1428.57 1271.44 1105.75 1208.91 645.63 125.05
6953787800124-back_camera0-33.jpg 40 1435.17 1275.73 1133.35 1202.06 603.65 147.34
6953787800124-back_camera0-31.jpg 40 1441.14 1273.23 1208.96 1205.33 464.36 135.81
6953787800124-back_camera0-30.jpg 40 1439.17 1272.86 1223.63 1206.45 431.07 132.82
6953787800124-back_camera0-29.jpg 40 1402.06 1270.62 1165.87 1204.98 472.38 131.27
6953787800124-back_camera0-37.jpg 40 1406.67 1276.13 1069.69 1201.58 673.96 149.1
6953787800124-back_camera0-34.jpg 40 1430.99 1276.53 1118.75 1200.8 624.47 151.46
6953787800124-back_camera0-35.jpg 40 1423.28 1276.85 1094.78 1201.69 656.99 150.31
6953787800124-back_camera0-38.jpg 40 1402.55 1276.88 1081.49 1207.98 642.11 137.81
6953787800124-back_camera0-36.jpg 40 1416.2 1277.37 1080.44 1201.0 671.53 152.73
6953787800124-back_camera0-39.jpg 40 1398.21 1276.79 1090.88 1208.03 614.66 137.52
6953787800124-back_camera0-32.jpg 40 1441.38 1274.98 1165.45 1204.3 551.85 141.36
6953787800124-back_camera0-5.jpg 40 1415.33 1277.99 1080.17 1202.23 670.32 151.52
6953787800124-back_camera0-4.jpg 40 1421.24 1275.94 1080.36 1207.25 681.77 137.38
6953787800124-back_camera0-6.jpg 40 1410.93 1278.38 1083.21 1203.82 655.44 149.13
6953787800124-back_camera0-40.jpg 40 1422.76 1273.53 1122.75 1207.47 600.02 132.12
6953787800124-back_camera0-7.jpg 40 1410.16 1277.78 1103.66 1202.35 613.01 150.87
6953787800124-back_camera0-3.jpg 40 1423.31 1274.86 1080.56 1206.1 685.5 137.52
6953787800124-back_camera0-9.jpg 40 1414.99 1276.76 1166.67 1201.43 496.64 150.65
6953787800124-back_camera0-8.jpg 40 1409.03 1274.76 1126.42 1198.91 565.21 151.69
6953787800124-back_camera1-18.jpg 40 1295.93 1146.64 1017.82 963.4 556.23 366.49
6953787800124-back_camera1-17.jpg 40 1299.62 1152.49 1006.03 948.03 587.19 408.93
6953787800124-back_camera1-1.jpg 40 1281.62 1155.35 990.94 964.86 581.36 380.97
6953787800124-back_camera1-27.jpg 40 1277.73 1137.47 1021.36 921.7 512.74 431.53
6953787800124-back_camera1-28.jpg 40 1274.59 1136.26 1063.91 935.77 421.36 400.97
6953787800124-back_camera1-29.jpg 40 1279.5 1140.51 1085.52 941.29 387.96 398.45
6953787800124-back_camera1-39.jpg 40 1274.64 1151.04 1007.13 991.2 535.02 319.67
6953787800124-back_camera1-36.jpg 40 1274.97 1161.07 968.56 946.12 612.82 429.9
6953787800124-back_camera1-30.jpg 40 1297.04 1151.86 1071.12 930.4 451.84 442.91
6953787800124-back_camera1-31.jpg 40 1295.83 1154.8 1052.18 926.22 487.29 457.16
6953787800124-back_camera1-35.jpg 40 1280.8 1161.04 974.3 929.29 613.01 463.5
6953787800124-back_camera1-37.jpg 40 1270.54 1159.79 978.23 968.48 584.62 382.61
6953787800124-back_camera1-38.jpg 40 1269.53 1158.53 985.89 975.52 567.29 366.02
6953787800124-back_camera1-6.jpg 40 1277.38 1164.38 992.69 909.82 569.37 509.11
6953787800124-back_camera1-40.jpg 40 1285.26 1151.42 1000.06 969.08 570.41 364.69
6953787800124-back_camera1-8.jpg 40 1281.17 1162.12 1044.8 925.15 472.74 473.95
6953787800124-back_camera2-11.jpg 40 1282.05 860.9 1012.43 640.64 539.24 440.53
6953787800124-back_camera2-12.jpg 40 1279.12 858.7 1004.08 620.28 550.07 476.85
6953787800124-back_camera2-19.jpg 40 1255.97 854.15 1090.25 622.98 331.44 462.35
6953787800124-back_camera2-15.jpg 40 1267.2 855.24 997.49 583.2 539.42 544.08
6953787800124-back_camera3-10.jpg 40 1438.73 1379.85 1201.06 1248.78 475.34 262.14
6953787800124-back_camera3-14.jpg 40 1424.49 1375.83 1102.93 1237.19 643.11 277.28
6953787800124-back_camera3-11.jpg 40 1438.74 1380.49 1165.54 1241.85 546.41 277.28
6953787800124-back_camera3-12.jpg 40 1434.22 1379.34 1136.77 1238.18 594.9 282.31
6953787800124-back_camera3-17.jpg 40 1396.32 1361.58 1090.03 1249.06 612.58 225.03
6953787800124-back_camera3-18.jpg 40 1397.72 1352.53 1106.2 1248.28 583.05 208.49
6953787800124-back_camera3-21.jpg 40 1417.24 1357.21 1102.1 1253.03 630.29 208.36
6953787800124-back_camera3-15.jpg 40 1413.74 1369.62 1090.44 1237.39 646.6 264.47
6953787800124-back_camera3-1.jpg 40 1399.33 1371.41 1079.23 1248.4 640.2 246.02
6953787800124-back_camera3-16.jpg 40 1407.88 1366.94 1088.47 1239.66 638.81 254.55
6953787800124-back_camera3-25.jpg 40 1377.13 1360.61 1072.67 1242.47 608.93 236.28
6953787800124-back_camera3-19.jpg 40 1418.07 1351.9 1125.59 1257.35 584.95 189.1
6953787800124-back_camera3-20.jpg 40 1427.11 1352.3 1128.4 1255.15 597.42 194.29
6953787800124-back_camera3-22.jpg 40 1409.81 1359.58 1090.39 1250.16 638.84 218.84
6953787800124-back_camera3-23.jpg 40 1396.24 1361.75 1073.63 1244.35 645.21 234.81
6953787800124-back_camera3-24.jpg 40 1388.43 1359.2 1070.37 1243.86 636.12 230.68
6953787800124-back_camera3-28.jpg 40 1361.15 1366.82 1143.0 1256.72 436.31 220.19
6953787800124-back_camera3-32.jpg 40 1394.03 1385.94 1098.37 1251.47 591.33 268.95
6953787800124-back_camera3-30.jpg 40 1397.11 1379.04 1161.24 1253.47 471.74 251.14
6953787800124-back_camera3-29.jpg 40 1385.54 1372.87 1178.4 1255.17 414.28 235.39
6953787800124-back_camera3-36.jpg 40 1369.95 1381.76 1052.47 1264.65 634.97 234.22
6953787800124-back_camera3-26.jpg 40 1370.27 1358.45 1088.33 1244.86 563.88 227.19
6953787800124-back_camera3-33.jpg 40 1389.02 1387.81 1076.81 1252.74 624.43 270.14
6953787800124-back_camera3-27.jpg 40 1366.39 1360.17 1111.75 1249.33 509.29 221.69
6953787800124-back_camera3-31.jpg 40 1395.7 1384.35 1124.53 1254.77 542.35 259.15
6953787800124-back_camera3-2.jpg 40 1395.61 1369.91 1068.03 1234.66 655.15 270.49
6953787800124-back_camera3-37.jpg 40 1370.16 1377.85 1065.14 1269.2 610.04 217.3
6953787800124-back_camera3-3.jpg 40 1391.36 1373.32 1063.1 1231.96 656.51 282.72
6953787800124-back_camera3-38.jpg 40 1371.86 1374.51 1082.5 1273.73 578.72 201.56
6953787800124-back_camera3-39.jpg 40 1392.7 1363.56 1105.1 1263.9 575.2 199.31
6953787800124-back_camera3-35.jpg 40 1375.97 1383.97 1051.29 1259.81 649.37 248.32
6953787800124-back_camera3-34.jpg 40 1377.49 1385.76 1053.33 1251.73 648.33 268.06
6953787800124-back_camera3-5.jpg 40 1388.36 1372.65 1078.5 1223.53 619.72 298.25
6953787800124-back_camera3-4.jpg 40 1390.57 1373.38 1066.39 1229.98 648.35 286.8
6953787800124_camera0-12.jpg 40 1479.41 1263.34 1214.95 1203.92 528.93 118.84
6953787800124_camera0-11.jpg 40 1471.16 1267.97 1231.4 1203.23 479.53 129.48
6953787800124-back_camera3-40.jpg 40 1399.41 1365.05 1096.98 1253.6 604.86 222.91
6953787800124-back_camera3-7.jpg 40 1386.42 1370.41 1124.34 1229.32 524.17 282.18
6953787800124_camera0-10.jpg 40 1418.64 1263.45 1193.01 1198.2 451.26 130.49
6953787800124-back_camera3-9.jpg 40 1419.82 1371.12 1208.37 1242.97 422.91 256.31
6953787800124_camera0-18.jpg 40 1474.44 1271.45 1140.78 1213.25 667.33 116.4
6953787800124-back_camera3-8.jpg 40 1389.95 1363.53 1163.35 1237.12 453.2 252.82
6953787800124-back_camera3-6.jpg 40 1386.75 1367.62 1099.57 1226.07 574.37 283.11
6953787800124_camera0-16.jpg 40 1481.9 1264.33 1136.96 1206.14 689.89 116.37
6953787800124_camera0-15.jpg 40 1486.89 1270.7 1150.19 1214.19 673.4 113.01
6953787800124_camera0-14.jpg 40 1483.84 1261.24 1156.56 1196.39 654.56 129.7
6953787800124_camera0-17.jpg 40 1481.22 1268.7 1138.02 1212.97 686.41 111.46
6953787800124_camera0-19.jpg 40 1469.55 1266.17 1152.32 1206.27 634.46 119.81
6953787800124_camera0-13.jpg 40 1483.67 1268.07 1188.33 1208.65 590.68 118.84
6953787800124_camera0-23.jpg 40 1483.48 1253.08 1152.44 1184.17 662.08 137.81
6953787800124_camera0-28.jpg 40 1419.55 1251.74 1146.29 1173.82 546.51 155.85
6953787800124_camera0-22.jpg 40 1495.83 1254.88 1178.93 1191.39 633.79 126.99
6953787800124_camera0-20.jpg 40 1473.91 1260.06 1175.33 1200.14 597.17 119.83
6953787800124_camera0-21.jpg 40 1494.77 1258.67 1195.18 1195.76 599.17 125.83
6953787800124_camera0-25.jpg 40 1454.29 1255.6 1125.45 1181.83 657.68 147.54
6953787800124_camera0-24.jpg 40 1469.51 1253.38 1134.35 1181.87 670.32 143.03
6953787800124_camera0-26.jpg 40 1449.09 1252.12 1129.86 1179.31 638.45 145.63
6953787800124_camera0-27.jpg 40 1435.48 1255.08 1132.38 1176.24 606.2 157.67
6953787800124_camera0-30.jpg 40 1409.3 1249.77 1195.79 1173.4 427.03 152.73
6953787800124_camera0-34.jpg 40 1414.83 1262.67 1101.23 1181.64 627.19 162.05
6953787800124_camera0-31.jpg 40 1441.28 1256.82 1222.96 1178.58 436.63 156.48
6953787800124_camera0-32.jpg 40 1431.75 1260.61 1160.3 1183.71 542.91 153.79
6953787800124_camera0-36.jpg 40 1393.4 1262.02 1057.03 1176.57 672.75 170.91
6953787800124_camera0-29.jpg 40 1415.62 1252.88 1166.98 1174.81 497.29 156.14
6953787800124_camera0-37.jpg 40 1378.78 1263.45 1044.24 1185.06 669.07 156.78
6953787800124_camera0-2.jpg 40 1403.65 1262.1 1090.25 1200.93 626.8 122.33
6953787800124_camera0-35.jpg 40 1409.78 1260.32 1080.08 1177.89 659.41 164.85
6953787800124_camera0-3.jpg 40 1399.22 1262.18 1065.53 1201.02 667.38 122.33
6953787800124_camera0-33.jpg 40 1426.45 1262.22 1139.43 1182.07 574.03 160.3
6953787800124_camera0-38.jpg 40 1373.16 1261.83 1039.65 1182.57 667.03 158.52
6953787800124_camera0-5.jpg 40 1394.35 1265.34 1055.27 1197.6 678.15 135.48
6953787800124_camera0-39.jpg 40 1365.42 1263.64 1054.35 1187.75 622.14 151.79
6953787800124_camera0-4.jpg 40 1396.18 1262.33 1054.35 1195.66 683.66 133.34
6953787800124_camera0-8.jpg 40 1400.81 1262.24 1121.78 1195.25 558.06 133.98
6953787800124_camera0-9.jpg 40 1403.03 1264.54 1149.68 1198.34 506.7 132.41
6953787800124_camera0-40.jpg 40 1373.88 1263.05 1070.09 1193.73 607.57 138.64
6953787800124_camera0-7.jpg 40 1394.09 1265.1 1084.1 1195.56 619.98 139.08
6953787800124_camera1-10.jpg 40 1320.78 1161.87 1119.22 960.31 403.11 403.11
6953787800124_camera0-6.jpg 40 1395.39 1264.12 1064.35 1198.71 662.08 130.82
6953787800124_camera1-11.jpg 40 1328.75 1177.63 1077.32 965.16 502.87 424.95
6953787800124_camera1-13.jpg 40 1335.92 1172.7 1045.05 947.75 581.75 449.9
6953787800124_camera1-16.jpg 40 1335.76 1156.06 1015.75 950.86 640.02 410.4
6953787800124_camera1-14.jpg 40 1337.55 1169.07 1028.32 941.4 618.45 455.34
6953787800124_camera1-12.jpg 40 1331.86 1175.78 1063.28 957.07 537.16 437.42
6953787800124_camera1-21.jpg 40 1345.82 1107.36 1059.57 922.44 572.5 369.84
6953787800124_camera1-1.jpg 40 1259.22 1133.07 974.46 958.41 569.52 349.32
6953787800124_camera1-15.jpg 40 1339.28 1164.66 1022.4 944.61 633.75 440.11
6953787800124_camera1-19.jpg 40 1329.19 1126.74 1053.14 978.23 552.09 297.02
6953787800124_camera1-23.jpg 40 1333.04 1105.0 1026.97 876.51 612.14 456.98
6953787800124_camera1-17.jpg 40 1336.94 1147.76 1025.87 957.02 622.14 381.47
6953787800124_camera1-18.jpg 40 1333.95 1137.27 1037.36 966.01 593.18 342.52
6953787800124_camera1-25.jpg 40 1310.3 1095.78 1017.54 854.68 585.53 482.2
6953787800124_camera1-24.jpg 40 1325.89 1102.53 1018.71 867.38 614.37 470.29
6953787800124_camera1-27.jpg 40 1295.41 1090.2 1034.03 854.08 522.77 472.25
6953787800124_camera1-20.jpg 40 1347.45 1115.14 1076.96 958.83 540.97 312.62
6953787800124_camera1-22.jpg 40 1338.98 1104.79 1037.67 899.59 602.61 410.4
6953787800124_camera1-26.jpg 40 1304.18 1095.01 1021.66 856.76 565.05 476.51
6953787800124_camera1-29.jpg 40 1280.18 1092.13 1078.44 872.35 403.48 439.56
6953787800124_camera1-2.jpg 40 1258.39 1136.75 955.53 938.31 605.73 396.89
6953787800124_camera1-30.jpg 40 1298.66 1106.89 1104.68 891.94 387.96 429.9
6953787800124_camera1-36.jpg 40 1248.26 1123.01 932.49 883.0 631.53 480.01
6953787800124_camera1-34.jpg 40 1265.34 1121.49 961.55 869.36 607.57 504.27
6953787800124_camera1-28.jpg 40 1284.57 1087.57 1057.24 862.92 454.65 449.29
6953787800124_camera1-35.jpg 40 1257.64 1124.04 944.67 877.48 625.94 493.12
6953787800124_camera1-31.jpg 40 1292.97 1110.64 1063.58 878.68 458.79 463.93
6953787800124_camera1-4.jpg 40 1257.57 1153.59 942.35 920.97 630.44 465.24
6953787800124_camera1-37.jpg 40 1239.91 1130.44 935.33 916.74 609.16 427.41
6953787800124_camera1-40.jpg 40 1258.51 1131.86 982.94 967.74 551.13 328.24
6953787800124_camera1-33.jpg 40 1272.06 1118.63 991.95 867.48 560.22 502.3
6953787800124_camera1-5.jpg 40 1259.17 1158.26 958.03 916.09 602.28 484.34
6953787800124_camera1-39.jpg 40 1237.13 1133.59 961.97 962.9 550.32 341.37
6953787800124_camera1-32.jpg 40 1275.92 1113.56 1003.86 865.09 544.13 496.93
6953787800124_camera1-6.jpg 40 1260.46 1159.38 971.86 917.71 577.2 483.33
6953787800124_camera1-38.jpg 40 1238.98 1132.7 938.71 930.1 600.54 405.21
6953787800124_camera1-3.jpg 40 1257.67 1149.51 947.8 929.72 619.75 439.58
6953787800124_camera1-7.jpg 40 1266.78 1161.91 1005.39 921.96 522.77 479.91
6953787800124_camera1-9.jpg 40 1280.95 1158.39 1079.68 945.55 402.53 425.69
6953787800124_camera2-12.jpg 40 1305.7 846.72 1036.5 612.19 538.4 469.06
6953787800124_camera2-14.jpg 40 1295.62 836.84 1016.13 559.95 558.98 553.78
6953787800124_camera2-19.jpg 40 1263.05 823.87 1075.47 572.22 375.15 503.3
6953787800124_camera2-16.jpg 40 1283.49 827.97 1026.76 541.32 513.46 573.29
6953787800124_camera1-8.jpg 40 1273.69 1159.07 1045.51 932.88 456.37 452.37
6953787800124_camera2-20.jpg 40 1256.87 828.13 1081.97 589.33 349.79 477.61
6953787800124_camera2-11.jpg 40 1305.98 850.33 1046.34 634.63 519.28 431.4
6953787800124_camera2-21.jpg 40 1251.62 831.06 1044.12 572.35 415.0 517.42
6953787800124_camera2-13.jpg 40 1302.54 839.52 1025.84 581.46 553.4 516.12
6953787800124_camera2-18.jpg 40 1270.96 825.27 1053.52 554.26 434.88 542.03
6953787800124_camera2-15.jpg 40 1287.54 834.44 1013.59 549.58 547.89 569.71
6953787800124_camera2-1.jpg 40 1281.09 906.8 1077.2 651.94 407.77 509.71
6953787800124_camera2-23.jpg 40 1238.45 836.07 976.37 555.23 524.17 561.68
6953787800124_camera2-22.jpg 40 1244.65 832.34 1006.2 560.64 476.9 543.39
6953787800124_camera2-24.jpg 40 1232.83 839.51 957.88 558.74 549.9 561.55
6953787800124_camera2-17.jpg 40 1279.43 826.46 1035.55 545.36 487.77 562.2
6953787800124_camera2-25.jpg 40 1225.26 847.09 940.41 579.71 569.71 534.76
6953787800124_camera2-26.jpg 40 1223.42 851.12 934.43 589.74 577.98 522.76
6953787800124_camera2-30.jpg 40 1223.3 876.49 988.54 701.15 469.52 350.68
6953787800124_camera2-2.jpg 40 1286.12 908.18 1049.14 637.87 473.95 540.62
6953787800124_camera2-32.jpg 40 1224.0 894.35 941.87 644.74 564.26 499.21
6953787800124_camera2-35.jpg 40 1235.82 903.93 959.45 617.26 552.74 573.35
6953787800124_camera2-33.jpg 40 1230.66 893.08 949.35 631.17 562.62 523.82
6953787800124_camera2-34.jpg 40 1232.78 902.12 952.17 624.54 561.23 555.17
6953787800124_camera2-36.jpg 40 1243.59 907.11 982.52 619.47 522.13 575.27
6953787800124_camera2-39.jpg 40 1264.31 912.42 1085.51 665.75 357.59 493.35
6953787800124_camera2-38.jpg 40 1255.03 911.29 1035.29 640.64 439.49 541.31
6953787800124_camera2-37.jpg 40 1253.23 910.88 1021.48 634.27 463.5 553.21
6953787800124_camera2-3.jpg 40 1294.61 903.94 1034.6 623.32 520.01 561.23
6953787800124_camera2-40.jpg 40 1276.42 910.61 1084.3 664.54 384.25 492.14
6953787800124_camera3-10.jpg 40 1444.83 1424.65 1181.53 1318.26 526.6 212.78
6953787800124_camera3-14.jpg 40 1449.38 1427.17 1109.19 1315.33 680.39 223.69
6953787800124_camera3-13.jpg 40 1453.76 1430.34 1120.56 1323.86 666.4 212.97
6953787800124_camera2-4.jpg 40 1299.63 901.04 1024.47 621.64 550.32 558.8
6953787800124_camera2-7.jpg 40 1306.75 881.77 1027.38 646.79 558.74 469.96
6953787800124_camera2-8.jpg 40 1307.22 874.82 1042.83 669.14 528.78 411.35
6953787800124_camera2-9.jpg 40 1305.15 868.81 1056.0 688.56 498.31 360.5
6953787800124_camera3-11.jpg 40 1448.57 1430.46 1146.67 1320.92 603.8 219.08
6953787800124_camera3-16.jpg 40 1441.22 1425.54 1115.68 1325.63 651.07 199.81
6953787800124_camera3-12.jpg 40 1451.23 1427.24 1132.86 1321.27 636.75 211.95
6953787800124_camera3-17.jpg 40 1435.52 1414.28 1121.64 1324.53 627.76 179.49
6953787800124_camera3-19.jpg 40 1463.68 1401.26 1167.18 1301.65 593.01 199.22
6953787800124_camera3-15.jpg 40 1446.35 1422.91 1109.71 1318.27 673.27 209.28
6953787800124_camera3-18.jpg 40 1441.28 1407.69 1147.68 1315.07 587.19 185.24
6953787800124_camera3-20.jpg 40 1463.37 1395.12 1153.66 1284.81 619.41 220.61
6953787800124_camera3-1.jpg 40 1366.14 1411.49 1038.41 1301.51 655.45 219.97
6953787800124_camera3-2.jpg 40 1364.51 1418.6 1028.5 1295.75 672.02 245.69
6953787800124_camera3-28.jpg 40 1387.95 1398.61 1178.63 1267.44 418.64 262.33
6953787800124_camera3-21.jpg 40 1453.26 1394.66 1130.43 1273.99 645.66 241.34
6953787800124_camera3-25.jpg 40 1401.97 1388.53 1112.46 1253.96 579.03 269.13
6953787800124_camera3-26.jpg 40 1394.05 1386.81 1115.81 1253.41 556.47 266.79
6953787800124_camera3-22.jpg 40 1441.23 1394.55 1110.96 1264.81 660.54 259.47
6953787800124_camera3-23.jpg 40 1431.22 1390.68 1105.49 1256.13 651.45 269.1
6953787800124_camera3-29.jpg 40 1409.5 1404.79 1196.3 1269.48 426.41 270.62
6953787800124_camera3-24.jpg 40 1417.39 1392.91 1102.13 1256.27 630.52 273.28
6953787800124_camera3-33.jpg 40 1375.32 1413.87 1055.9 1261.63 638.84 304.47
6953787800124_camera3-31.jpg 40 1395.48 1411.65 1116.33 1264.37 558.31 294.57
6953787800124_camera3-36.jpg 40 1343.45 1418.46 1016.62 1280.42 653.67 276.07
6953787800124_camera3-30.jpg 40 1403.52 1410.56 1157.11 1269.59 492.82 281.94
6953787800124_camera3-32.jpg 40 1380.09 1414.2 1064.38 1263.25 631.41 301.9
6953787800124_camera3-34.jpg 40 1361.9 1417.28 1030.1 1269.56 663.6 295.45
6953787800124_camera3-37.jpg 40 1331.62 1416.54 1023.04 1297.06 617.16 238.97
6953787800124_camera3-3.jpg 40 1362.82 1418.62 1029.31 1289.78 667.03 257.67
6953787800124_camera3-35.jpg 40 1353.11 1412.94 1019.15 1270.89 667.92 284.09
6953787800124_camera3-38.jpg 40 1338.13 1416.65 1038.86 1302.22 598.55 228.86
6953787800124_camera3-5.jpg 40 1363.08 1417.93 1058.95 1292.36 608.25 251.14
6953787800124_camera3-6.jpg 40 1364.34 1417.07 1071.34 1294.47 585.99 245.2
6953787800124_camera3-39.jpg 40 1364.33 1410.38 1066.74 1313.41 595.17 193.94
6953787800124_camera3-40.jpg 40 1371.15 1411.24 1053.89 1303.32 634.52 215.84
6953787800124_camera3-4.jpg 40 1364.68 1414.41 1035.17 1287.51 659.02 253.81
6953787800124_camera3-7.jpg 40 1374.05 1413.33 1124.69 1297.11 498.72 232.44
6953787800124_camera3-9.jpg 40 1435.93 1415.66 1205.28 1309.16 461.31 212.99
6953787800124_camera3-8.jpg 40 1402.14 1415.53 1178.64 1303.01 447.0 225.03
