6953787800117-back_camera0-11.jpg 41 1492.93 1245.74 1275.11 1168.93 435.64 153.61
6953787800117-back_camera0-12.jpg 41 1503.13 1255.42 1242.7 1168.61 520.86 173.62
6953787800117-back_camera0-10.jpg 41 1450.31 1257.66 1224.38 1172.28 451.85 170.76
6953787800117-back_camera0-15.jpg 41 1500.49 1243.22 1176.91 1161.38 647.16 163.68
6953787800117-back_camera0-14.jpg 41 1507.08 1250.16 1192.72 1165.98 628.71 168.36
6953787800117-back_camera0-16.jpg 41 1491.02 1251.09 1156.08 1172.28 669.89 157.62
6953787800117-back_camera0-17.jpg 41 1489.08 1251.62 1152.37 1181.32 673.42 140.6
6953787800117-back_camera0-13.jpg 41 1505.77 1259.37 1211.14 1179.13 589.25 160.47
6953787800117-back_camera0-1.jpg 41 1404.34 1253.72 1090.41 1164.4 627.86 178.64
6953787800117-back_camera0-19.jpg 41 1451.84 1240.95 1132.22 1160.72 639.23 160.47
6953787800117-back_camera0-24.jpg 41 1445.12 1243.8 1109.13 1169.01 671.98 149.58
6953787800117-back_camera0-20.jpg 41 1473.65 1246.01 1181.08 1175.44 585.15 141.13
6953787800117-back_camera0-18.jpg 41 1480.52 1247.14 1153.45 1169.65 654.13 154.99
6953787800117-back_camera0-23.jpg 41 1455.79 1242.27 1121.7 1165.98 668.17 152.57
6953787800117-back_camera0-27.jpg 41 1396.46 1245.84 1090.41 1167.03 612.1 157.62
6953787800117-back_camera0-25.jpg 41 1420.27 1247.53 1084.87 1165.98 670.8 163.1
6953787800117-back_camera0-21.jpg 41 1474.05 1243.22 1181.94 1176.49 584.21 133.46
6953787800117-back_camera0-22.jpg 41 1473.45 1244.73 1167.27 1175.36 612.37 138.75
6953787800117-back_camera0-26.jpg 41 1421.41 1251.09 1093.03 1172.28 656.76 157.62
6953787800117-back_camera0-28.jpg 41 1390.36 1253.43 1099.05 1173.56 582.61 159.75
6953787800117-back_camera0-2.jpg 41 1424.59 1253.83 1106.22 1169.65 636.73 168.36
6953787800117-back_camera0-30.jpg 41 1374.12 1248.47 1145.57 1167.03 457.1 162.88
6953787800117-back_camera0-29.jpg 41 1374.23 1244.9 1134.85 1163.35 478.77 163.1
6953787800117-back_camera0-31.jpg 41 1407.06 1249.2 1185.98 1171.5 442.16 155.4
6953787800117-back_camera0-32.jpg 41 1404.48 1250.16 1153.26 1165.98 502.44 168.36
6953787800117-back_camera0-34.jpg 41 1400.39 1255.03 1085.15 1164.4 630.49 181.26
6953787800117-back_camera0-37.jpg 41 1371.61 1251.47 1027.0 1152.83 689.21 197.29
6953787800117-back_camera0-35.jpg 41 1394.8 1259.83 1064.08 1166.64 661.44 186.37
6953787800117-back_camera0-33.jpg 41 1399.76 1253.29 1124.03 1171.45 551.47 163.68
6953787800117-back_camera0-36.jpg 41 1385.95 1253.71 1045.75 1161.77 680.4 183.89
6953787800117-back_camera0-38.jpg 41 1368.97 1250.16 1027.0 1155.46 683.95 189.4
6953787800117-back_camera0-3.jpg 41 1427.45 1253.29 1086.25 1173.97 682.41 158.64
6953787800117-back_camera0-39.jpg 41 1371.6 1254.11 1048.04 1158.09 647.12 192.03
6953787800117-back_camera0-40.jpg 41 1385.95 1255.03 1069.39 1172.28 633.11 165.5
6953787800117-back_camera0-6.jpg 41 1433.76 1250.77 1106.4 1168.93 654.71 163.68
6953787800117-back_camera0-5.jpg 41 1427.98 1252.41 1079.9 1164.4 696.16 176.01
6953787800117-back_camera0-7.jpg 41 1435.02 1258.33 1108.92 1173.97 652.2 168.71
6953787800117-back_camera0-4.jpg 41 1432.11 1255.42 1076.98 1163.35 710.26 184.14
6953787800117-back_camera0-8.jpg 41 1429.98 1257.07 1146.69 1173.97 566.58 166.2
6953787800117-back_camera0-9.jpg 41 1439.8 1257.66 1174.47 1174.91 530.66 165.5
6953787800117-back_camera1-11.jpg 41 1353.19 1154.14 1124.33 942.38 457.72 423.52
6953787800117-back_camera1-13.jpg 41 1357.05 1148.63 1074.64 914.83 564.81 467.61
6953787800117-back_camera1-10.jpg 41 1345.62 1162.63 1146.69 952.37 397.86 420.53
6953787800117-back_camera1-12.jpg 41 1357.13 1154.13 1092.76 921.33 528.75 465.61
6953787800117-back_camera1-14.jpg 41 1351.95 1138.69 1051.25 908.47 601.4 460.45
6953787800117-back_camera1-15.jpg 41 1349.16 1130.25 1040.49 904.32 617.35 451.85
6953787800117-back_camera1-16.jpg 41 1347.3 1122.11 1039.26 913.98 616.07 416.26
6953787800117-back_camera1-17.jpg 41 1337.41 1113.37 1027.0 916.07 620.82 394.59
6953787800117-back_camera1-1.jpg 41 1282.18 1170.97 982.7 983.14 598.96 375.66
6953787800117-back_camera1-21.jpg 41 1331.0 1105.06 1043.32 949.65 575.37 310.81
6953787800117-back_camera1-19.jpg 41 1326.89 1102.86 1043.68 945.72 566.43 314.27
6953787800117-back_camera1-18.jpg 41 1332.14 1110.74 1037.52 931.86 589.25 357.76
6953787800117-back_camera1-20.jpg 41 1336.03 1103.98 1051.0 954.24 570.06 299.48
6953787800117-back_camera1-22.jpg 41 1325.47 1102.2 1020.78 927.19 609.39 350.02
6953787800117-back_camera1-23.jpg 41 1305.83 1103.98 990.58 901.7 630.49 404.56
6953787800117-back_camera1-25.jpg 41 1280.84 1104.16 977.01 881.88 607.66 444.57
6953787800117-back_camera1-26.jpg 41 1276.22 1109.52 984.83 888.44 582.77 442.16
6953787800117-back_camera1-24.jpg 41 1296.62 1100.03 980.07 880.68 633.11 438.71
6953787800117-back_camera1-27.jpg 41 1259.8 1097.58 990.17 868.72 539.27 457.72
6953787800117-back_camera1-28.jpg 41 1256.23 1105.98 1010.71 891.94 491.04 428.08
6953787800117-back_camera1-29.jpg 41 1251.96 1101.35 1048.37 891.19 407.19 420.32
6953787800117-back_camera1-2.jpg 41 1279.53 1172.55 966.49 966.05 626.08 413.0
6953787800117-back_camera1-32.jpg 41 1263.33 1120.42 1014.49 869.74 497.67 501.37
6953787800117-back_camera1-31.jpg 41 1265.11 1115.8 1024.73 870.17 480.75 491.25
6953787800117-back_camera1-35.jpg 41 1241.38 1135.72 924.4 879.24 633.97 512.96
6953787800117-back_camera1-34.jpg 41 1251.72 1136.14 953.28 876.07 596.88 520.14
6953787800117-back_camera1-30.jpg 41 1262.52 1104.72 1073.66 886.9 377.72 435.64
6953787800117-back_camera1-33.jpg 41 1261.16 1126.31 977.44 867.55 567.44 517.52
6953787800117-back_camera1-36.jpg 41 1242.19 1139.29 926.76 896.0 630.87 486.57
6953787800117-back_camera1-37.jpg 41 1238.84 1143.38 922.28 906.95 633.11 472.86
6953787800117-back_camera1-5.jpg 41 1291.68 1186.15 983.65 937.32 616.07 497.67
6953787800117-back_camera1-38.jpg 41 1242.29 1149.24 940.82 939.82 602.94 418.83
6953787800117-back_camera1-39.jpg 41 1241.46 1148.63 953.8 959.49 575.32 378.29
6953787800117-back_camera1-7.jpg 41 1296.51 1181.53 1020.78 929.71 551.47 503.63
6953787800117-back_camera1-3.jpg 41 1283.49 1178.86 964.31 938.48 638.37 480.75
6953787800117-back_camera1-4.jpg 41 1283.57 1181.88 961.97 944.46 643.2 474.85
6953787800117-back_camera1-9.jpg 41 1312.79 1176.29 1095.1 939.8 435.39 472.98
6953787800117-back_camera1-8.jpg 41 1305.34 1177.74 1071.15 939.78 468.37 475.93
6953787800117-back_camera1-6.jpg 41 1296.62 1182.79 995.83 922.71 601.59 520.15
6953787800117-back_camera2-11.jpg 41 1295.1 830.84 1035.03 636.58 520.13 388.51
6953787800117-back_camera2-13.jpg 41 1275.59 825.32 995.43 579.36 560.31 491.92
6953787800117-back_camera2-10.jpg 41 1303.2 837.34 1058.88 660.01 488.63 354.65
6953787800117-back_camera2-12.jpg 41 1281.72 826.88 1005.57 601.36 552.31 451.05
6953787800117-back_camera2-16.jpg 41 1248.67 823.95 990.56 549.47 516.22 548.95
6953787800117-back_camera2-14.jpg 41 1272.98 824.2 985.32 557.56 575.32 533.29
6953787800117-back_camera2-15.jpg 41 1265.07 830.33 989.41 557.44 551.32 545.77
6953787800117-back_camera2-17.jpg 41 1249.28 826.63 998.06 542.53 502.44 568.21
6953787800117-back_camera2-19.jpg 41 1237.51 832.09 1037.86 575.95 399.31 512.27
6953787800117-back_camera2-18.jpg 41 1237.58 827.55 1015.57 564.84 444.01 525.42
6953787800117-back_camera2-1.jpg 41 1301.88 897.76 1106.17 636.37 391.43 522.78
6953787800117-back_camera2-20.jpg 41 1230.28 839.93 1053.6 586.47 353.36 506.92
6953787800117-back_camera2-22.jpg 41 1225.7 842.59 998.46 557.56 454.48 570.06
6953787800117-back_camera2-23.jpg 41 1221.95 858.81 974.5 572.2 494.9 573.21
6953787800117-back_camera2-21.jpg 41 1230.17 843.28 1041.47 585.19 377.41 516.17
6953787800117-back_camera2-25.jpg 41 1217.81 874.11 940.66 589.08 554.3 570.06
6953787800117-back_camera2-24.jpg 41 1221.85 861.77 960.06 577.79 523.57 567.97
6953787800117-back_camera2-26.jpg 41 1213.88 875.42 930.16 604.84 567.44 541.17
6953787800117-back_camera2-27.jpg 41 1226.02 884.79 951.94 645.17 548.15 479.24
6953787800117-back_camera2-28.jpg 41 1223.5 890.68 957.83 660.27 531.33 460.82
6953787800117-back_camera2-29.jpg 41 1225.7 896.44 974.82 712.55 501.76 367.78
6953787800117-back_camera2-2.jpg 41 1308.03 881.51 1083.56 611.71 448.95 539.6
6953787800117-back_camera2-30.jpg 41 1234.89 897.76 993.21 725.69 483.37 344.14
6953787800117-back_camera2-33.jpg 41 1256.73 915.29 972.88 665.53 567.7 499.52
6953787800117-back_camera2-34.jpg 41 1261.16 910.89 974.82 641.62 572.69 538.54
6953787800117-back_camera2-31.jpg 41 1242.62 903.91 975.28 691.16 534.67 425.51
6953787800117-back_camera2-32.jpg 41 1245.4 906.95 966.94 673.15 556.93 467.61
6953787800117-back_camera2-37.jpg 41 1267.72 912.21 1011.59 628.49 512.27 567.44
6953787800117-back_camera2-35.jpg 41 1263.76 913.44 979.65 637.23 568.21 552.42
6953787800117-back_camera2-39.jpg 41 1283.83 905.25 1091.42 655.49 384.81 499.52
6953787800117-back_camera2-38.jpg 41 1281.31 913.71 1060.1 648.09 442.43 531.23
6953787800117-back_camera2-36.jpg 41 1270.78 916.07 1005.4 630.42 530.77 571.3
6953787800117-back_camera2-3.jpg 41 1310.2 877.13 1057.66 595.0 505.07 564.27
6953787800117-back_camera2-6.jpg 41 1308.92 857.93 1027.54 591.47 562.77 532.93
6953787800117-back_camera2-4.jpg 41 1310.65 876.58 1048.87 598.14 523.57 556.87
6953787800117-back_camera2-5.jpg 41 1308.47 870.04 1034.89 587.25 547.16 565.58
6953787800117-back_camera2-40.jpg 41 1305.88 892.29 1124.57 641.92 362.61 500.75
6953787800117-back_camera2-8.jpg 41 1304.52 848.99 1045.41 634.6 518.22 428.78
6953787800117-back_camera2-7.jpg 41 1304.96 853.84 1025.4 601.69 559.12 504.3
6953787800117-back_camera2-9.jpg 41 1300.38 840.5 1047.84 644.39 505.07 392.21
6953787800117-back_camera3-10.jpg 41 1405.8 1343.55 1150.63 1197.55 510.33 291.99
6953787800117-back_camera3-13.jpg 41 1386.09 1346.8 1075.28 1210.82 621.62 271.96
6953787800117-back_camera3-11.jpg 41 1405.64 1344.36 1127.18 1201.18 556.93 286.35
6953787800117-back_camera3-14.jpg 41 1359.77 1342.23 1027.0 1200.18 665.54 284.1
6953787800117-back_camera3-15.jpg 41 1365.36 1347.48 1045.83 1220.62 639.06 253.72
6953787800117-back_camera3-17.jpg 41 1358.28 1347.52 1048.18 1234.75 620.2 225.53
6953787800117-back_camera3-12.jpg 41 1395.28 1344.87 1090.13 1197.55 610.29 294.63
6953787800117-back_camera3-16.jpg 41 1362.3 1343.04 1043.12 1222.19 638.37 241.69
6953787800117-back_camera3-18.jpg 41 1356.03 1342.07 1060.02 1241.24 592.02 201.66
6953787800117-back_camera3-19.jpg 41 1383.44 1350.12 1084.87 1242.27 597.14 215.71
6953787800117-back_camera3-1.jpg 41 1434.55 1353.54 1106.17 1248.46 656.76 210.16
6953787800117-back_camera3-20.jpg 41 1389.17 1363.13 1075.59 1253.98 627.17 218.31
6953787800117-back_camera3-21.jpg 41 1384.75 1364.59 1058.56 1247.53 652.38 234.12
6953787800117-back_camera3-23.jpg 41 1374.63 1370.28 1041.62 1239.85 666.02 260.86
6953787800117-back_camera3-22.jpg 41 1384.82 1371.55 1048.62 1245.47 672.4 252.15
6953787800117-back_camera3-24.jpg 41 1374.12 1370.62 1043.12 1232.7 662.01 275.84
6953787800117-back_camera3-25.jpg 41 1372.91 1372.47 1055.93 1234.37 633.97 276.21
6953787800117-back_camera3-26.jpg 41 1369.55 1370.38 1078.7 1239.44 581.69 261.89
6953787800117-back_camera3-27.jpg 41 1376.62 1370.81 1125.71 1240.53 501.82 260.56
6953787800117-back_camera3-28.jpg 41 1378.85 1367.76 1164.24 1253.06 429.21 229.41
6953787800117-back_camera3-2.jpg 41 1419.3 1360.66 1082.57 1240.07 673.45 241.19
6953787800117-back_camera3-30.jpg 41 1427.98 1356.17 1177.1 1230.08 501.76 252.19
6953787800117-back_camera3-29.jpg 41 1422.49 1363.02 1214.76 1253.6 415.47 218.84
6953787800117-back_camera3-31.jpg 41 1434.54 1361.43 1153.45 1237.96 562.18 246.94
6953787800117-back_camera3-32.jpg 41 1429.81 1357.46 1132.48 1234.57 594.66 245.79
6953787800117-back_camera3-33.jpg 41 1431.92 1354.87 1114.05 1230.08 635.74 249.57
6953787800117-back_camera3-37.jpg 41 1409.83 1345.88 1104.57 1255.22 610.52 181.31
6953787800117-back_camera3-34.jpg 41 1427.98 1361.42 1095.66 1235.33 664.64 252.19
6953787800117-back_camera3-38.jpg 41 1409.74 1351.43 1111.17 1258.05 597.14 186.77
6953787800117-back_camera3-35.jpg 41 1424.28 1359.11 1092.26 1241.65 664.05 234.92
6953787800117-back_camera3-36.jpg 41 1415.38 1349.37 1096.25 1246.69 638.27 205.36
6953787800117-back_camera3-40.jpg 41 1431.92 1350.91 1121.93 1248.46 619.98 204.91
6953787800117-back_camera3-3.jpg 41 1408.76 1350.87 1079.71 1233.52 658.09 234.69
6953787800117-back_camera3-39.jpg 41 1433.42 1342.23 1124.33 1244.9 618.19 194.66
6953787800117-back_camera3-4.jpg 41 1399.08 1350.92 1077.27 1219.57 643.62 262.7
6953787800117-back_camera3-5.jpg 41 1388.7 1344.86 1079.61 1218.59 618.19 252.54
6953787800117-back_camera3-8.jpg 41 1375.43 1341.72 1163.96 1219.57 422.95 244.31
6953787800117-back_camera3-9.jpg 41 1400.38 1340.94 1195.02 1212.36 410.71 257.16
6953787800117-back_camera3-7.jpg 41 1379.49 1343.54 1124.33 1213.33 510.33 260.43
6953787800117_camera0-10.jpg 41 1431.92 1082.96 1211.25 1001.52 441.34 162.88
6953787800117-back_camera3-6.jpg 41 1387.38 1343.55 1103.28 1210.7 568.21 265.69
6953787800117_camera0-11.jpg 41 1463.59 1078.64 1245.28 1012.04 436.61 133.2
6953787800117_camera0-13.jpg 41 1451.71 1072.25 1157.28 1001.78 588.87 140.95
6953787800117_camera0-12.jpg 41 1451.62 1073.76 1179.72 996.27 543.79 154.99
6953787800117_camera0-15.jpg 41 1428.16 1069.96 1090.13 1000.25 676.06 139.42
6953787800117_camera0-14.jpg 41 1441.78 1066.68 1130.17 1004.84 623.21 123.69
6953787800117_camera0-18.jpg 41 1400.39 1073.76 1061.51 1001.52 677.77 144.49
6953787800117_camera0-16.jpg 41 1412.37 1071.28 1066.45 1000.25 691.84 142.05
6953787800117_camera0-17.jpg 41 1406.65 1071.85 1066.51 1004.45 680.29 134.79
6953787800117_camera0-19.jpg 41 1386.07 1072.59 1055.93 1000.25 660.28 144.68
6953787800117_camera0-22.jpg 41 1412.21 1072.45 1093.03 1001.52 638.37 141.86
6953787800117_camera0-21.jpg 41 1413.74 1077.56 1104.94 1012.94 617.59 129.23
6953787800117_camera0-1.jpg 41 1470.26 1076.54 1161.16 1005.51 618.19 142.05
6953787800117_camera0-23.jpg 41 1410.55 1072.27 1080.32 1013.99 660.47 116.55
6953787800117_camera0-20.jpg 41 1387.26 1075.09 1079.9 1009.41 614.72 131.35
6953787800117_camera0-24.jpg 41 1401.28 1078.69 1065.89 1022.4 670.78 112.59
6953787800117_camera0-26.jpg 41 1393.83 1090.85 1064.14 1022.54 659.38 136.61
6953787800117_camera0-25.jpg 41 1396.52 1081.0 1059.81 1021.8 673.42 118.4
6953787800117_camera0-2.jpg 41 1484.71 1081.8 1153.26 1005.51 662.91 152.57
6953787800117_camera0-27.jpg 41 1397.77 1088.22 1079.9 1017.29 635.74 141.86
6953787800117_camera0-29.jpg 41 1398.06 1085.68 1147.51 1021.46 501.1 128.45
6953787800117_camera0-28.jpg 41 1390.02 1089.69 1105.91 1016.04 568.21 147.31
6953787800117_camera0-30.jpg 41 1410.9 1089.53 1187.61 1014.66 446.59 149.74
6953787800117_camera0-31.jpg 41 1451.84 1091.0 1216.4 1010.77 470.87 160.47
6953787800117_camera0-32.jpg 41 1458.66 1087.94 1190.4 1023.19 536.52 129.5
6953787800117_camera0-33.jpg 41 1467.38 1094.78 1163.96 1022.54 606.84 144.49
6953787800117_camera0-34.jpg 41 1459.73 1094.95 1126.96 1021.3 665.54 147.31
6953787800117_camera0-36.jpg 41 1456.81 1082.75 1111.77 1018.0 690.07 129.5
6953787800117_camera0-38.jpg 41 1451.62 1082.96 1116.68 1012.03 669.89 141.86
6953787800117_camera0-35.jpg 41 1463.14 1090.43 1120.25 1020.24 685.78 140.38
6953787800117_camera0-37.jpg 41 1457.09 1080.48 1108.54 1002.88 697.1 155.2
6953787800117_camera0-39.jpg 41 1444.91 1082.56 1138.41 1019.35 613.01 126.41
6953787800117_camera0-3.jpg 41 1481.84 1077.7 1150.83 1001.52 662.01 152.37
6953787800117_camera0-40.jpg 41 1470.25 1077.85 1150.63 1005.51 639.23 144.68
6953787800117_camera0-4.jpg 41 1468.72 1079.87 1134.79 1009.57 667.87 140.6
6953787800117_camera0-9.jpg 41 1421.41 1077.71 1177.1 996.27 488.63 162.88
6953787800117_camera0-7.jpg 41 1434.88 1082.67 1134.56 1004.43 600.64 156.49
6953787800117_camera0-5.jpg 41 1462.12 1081.65 1127.18 998.9 669.89 165.5
6953787800117_camera0-6.jpg 41 1443.48 1079.25 1126.33 1006.31 634.31 145.89
6953787800117_camera0-8.jpg 41 1430.61 1076.4 1150.83 991.02 559.56 170.76
6953787800117_camera1-10.jpg 41 1260.03 1164.2 1064.85 949.6 390.36 429.21
6953787800117_camera1-11.jpg 41 1286.12 1168.34 1069.39 933.22 433.46 470.24
6953787800117_camera1-14.jpg 41 1294.0 1171.24 987.54 910.81 612.93 520.86
6953787800117_camera1-15.jpg 41 1301.14 1178.53 990.33 924.01 621.62 509.03
6953787800117_camera1-13.jpg 41 1297.94 1177.54 1019.48 914.83 556.93 525.41
6953787800117_camera1-12.jpg 41 1290.54 1172.0 1043.16 929.38 494.76 485.24
6953787800117_camera1-16.jpg 41 1309.76 1176.22 987.95 925.34 643.62 501.76
6953787800117_camera1-17.jpg 41 1304.51 1176.22 982.7 943.73 643.62 464.98
6953787800117_camera1-18.jpg 41 1308.38 1164.0 1002.98 957.27 610.8 413.46
6953787800117_camera1-1.jpg 41 1274.94 1120.42 999.28 964.09 551.32 312.66
6953787800117_camera1-20.jpg 41 1333.45 1152.83 1053.3 987.1 560.31 331.45
6953787800117_camera1-21.jpg 41 1342.6 1159.15 1058.88 991.02 567.44 336.26
6953787800117_camera1-22.jpg 41 1339.94 1163.23 1040.23 964.35 599.42 397.76
6953787800117_camera1-19.jpg 41 1312.39 1160.45 1016.85 967.37 591.08 386.17
6953787800117_camera1-23.jpg 41 1339.02 1161.84 1031.91 947.23 614.22 429.21
6953787800117_camera1-25.jpg 41 1332.09 1148.64 1027.36 901.7 609.47 493.88
6953787800117_camera1-26.jpg 41 1331.03 1144.26 1038.16 895.24 585.74 498.04
6953787800117_camera1-24.jpg 41 1337.03 1157.61 1029.39 925.29 615.28 464.63
6953787800117_camera1-27.jpg 41 1318.95 1143.39 1040.49 893.82 556.93 499.14
6953787800117_camera1-29.jpg 41 1319.9 1124.48 1119.17 901.55 401.46 445.86
6953787800117_camera1-28.jpg 41 1315.02 1135.51 1061.51 891.19 507.02 488.63
6953787800117_camera1-2.jpg 41 1269.95 1125.4 978.57 942.25 582.77 366.31
6953787800117_camera1-30.jpg 41 1327.93 1119.08 1138.43 902.95 379.01 432.26
6953787800117_camera1-31.jpg 41 1338.65 1110.54 1119.3 904.32 438.71 412.44
6953787800117_camera1-32.jpg 41 1329.6 1113.96 1083.8 902.26 491.59 423.4
6953787800117_camera1-35.jpg 41 1300.57 1111.86 993.21 888.56 614.72 446.59
6953787800117_camera1-33.jpg 41 1320.26 1110.55 1048.37 888.56 543.79 443.97
6953787800117_camera1-36.jpg 41 1287.43 1107.91 974.82 896.44 625.23 422.95
6953787800117_camera1-34.jpg 41 1314.52 1116.04 1022.17 887.64 584.7 456.79
6953787800117_camera1-37.jpg 41 1276.56 1107.16 969.71 916.08 613.69 382.17
6953787800117_camera1-38.jpg 41 1267.73 1100.04 961.68 920.09 612.1 359.9
6953787800117_camera1-3.jpg 41 1250.6 1138.35 942.82 923.96 615.56 428.78
6953787800117_camera1-39.jpg 41 1255.94 1102.41 971.3 947.8 569.29 309.22
6953787800117_camera1-40.jpg 41 1253.28 1105.3 972.19 964.75 562.18 281.09
6953787800117_camera1-4.jpg 41 1254.55 1148.88 942.82 916.07 623.45 465.61
6953787800117_camera1-6.jpg 41 1243.19 1163.64 949.03 924.99 588.32 477.31
6953787800117_camera1-7.jpg 41 1242.1 1166.36 960.19 922.04 563.82 488.64
6953787800117_camera1-5.jpg 41 1246.71 1159.14 940.66 914.83 612.1 488.63
6953787800117_camera1-8.jpg 41 1242.7 1175.19 977.01 929.23 531.38 491.92
6953787800117_camera1-9.jpg 41 1241.46 1169.65 1024.73 941.1 433.46 457.1
6953787800117_camera2-10.jpg 41 1293.43 895.29 1054.77 726.41 477.32 337.77
6953787800117_camera2-12.jpg 41 1296.64 889.77 1029.63 666.17 534.01 447.2
6953787800117_camera2-11.jpg 41 1294.0 890.41 1042.97 699.79 502.06 381.25
6953787800117_camera2-14.jpg 41 1303.26 873.8 1021.12 612.94 564.27 521.72
6953787800117_camera2-13.jpg 41 1301.88 881.99 1019.48 638.99 564.81 486.0
6953787800117_camera2-15.jpg 41 1305.84 875.3 1019.1 592.51 573.47 565.58
6953787800117_camera2-16.jpg 41 1299.25 862.3 1032.61 575.95 533.29 572.69
6953787800117_camera2-1.jpg 41 1241.89 895.74 1055.96 647.83 371.86 495.82
6953787800117_camera2-17.jpg 41 1296.63 855.56 1045.41 558.31 502.44 594.51
6953787800117_camera2-19.jpg 41 1297.94 849.15 1093.03 581.2 409.82 535.91
6953787800117_camera2-18.jpg 41 1297.39 849.23 1080.94 580.05 432.91 538.37
6953787800117_camera2-20.jpg 41 1291.61 842.77 1119.78 601.14 343.66 483.27
6953787800117_camera2-25.jpg 41 1263.76 827.94 979.65 550.42 568.21 555.05
6953787800117_camera2-23.jpg 41 1279.55 830.77 1029.98 549.68 499.14 562.18
6953787800117_camera2-21.jpg 41 1290.04 841.55 1104.5 598.93 371.07 485.24
6953787800117_camera2-22.jpg 41 1287.44 836.03 1064.14 565.44 446.59 541.17
6953787800117_camera2-24.jpg 41 1269.58 836.1 1008.72 562.55 521.72 547.09
6953787800117_camera2-27.jpg 41 1258.54 832.08 972.19 581.2 572.69 501.76
6953787800117_camera2-28.jpg 41 1242.7 829.26 966.49 597.77 552.42 462.98
6953787800117_camera2-26.jpg 41 1257.93 831.25 976.72 568.54 562.42 525.42
6953787800117_camera2-29.jpg 41 1233.58 836.02 974.82 644.25 517.52 383.55
6953787800117_camera2-32.jpg 41 1234.31 851.34 963.23 625.02 542.16 452.63
6953787800117_camera2-2.jpg 41 1247.64 899.29 1034.89 636.58 425.51 525.42
6953787800117_camera2-33.jpg 41 1234.89 858.35 956.43 612.72 556.93 491.25
6953787800117_camera2-34.jpg 41 1226.93 862.14 942.82 595.14 568.21 534.01
6953787800117_camera2-31.jpg 41 1236.65 845.12 987.82 657.34 497.67 375.56
6953787800117_camera2-30.jpg 41 1233.58 837.34 987.95 662.64 491.25 349.39
6953787800117_camera2-35.jpg 41 1226.11 871.95 954.15 592.59 543.92 558.72
6953787800117_camera2-37.jpg 41 1225.7 885.94 977.44 599.59 496.51 572.69
6953787800117_camera2-36.jpg 41 1224.38 876.74 951.17 591.71 546.42 570.06
6953787800117_camera2-3.jpg 41 1255.88 906.63 1012.59 630.05 486.57 553.17
6953787800117_camera2-39.jpg 41 1230.05 893.78 1029.06 632.49 401.98 522.57
6953787800117_camera2-38.jpg 41 1229.63 891.19 1003.71 610.1 451.85 562.18
6953787800117_camera2-40.jpg 41 1235.14 896.58 1068.64 657.13 333.01 478.9
6953787800117_camera2-4.jpg 41 1258.54 912.21 990.58 623.23 535.91 577.95
6953787800117_camera2-5.jpg 41 1271.64 909.5 982.28 626.71 578.73 565.58
6953787800117_camera2-6.jpg 41 1271.01 909.74 990.33 640.16 561.36 539.16
6953787800117_camera2-7.jpg 41 1278.24 912.2 990.58 652.13 575.32 520.15
6953787800117_camera3-12.jpg 41 1397.01 1339.82 1090.6 1221.56 612.82 236.51
6953787800117_camera2-8.jpg 41 1279.9 904.66 1001.13 671.31 557.55 466.71
6953787800117_camera3-11.jpg 41 1413.52 1341.73 1135.06 1216.94 556.93 249.57
6953787800117_camera3-10.jpg 41 1416.33 1336.97 1161.16 1210.7 510.33 252.54
6953787800117_camera2-9.jpg 41 1286.34 900.58 1030.11 704.47 512.47 392.21
6953787800117_camera3-14.jpg 41 1383.32 1340.4 1053.63 1214.31 659.38 252.19
6953787800117_camera3-13.jpg 41 1392.32 1341.07 1077.54 1223.72 629.55 234.69
6953787800117_camera3-17.jpg 41 1353.11 1343.03 1040.49 1240.58 625.23 204.91
6953787800117_camera3-18.jpg 41 1357.13 1342.23 1050.67 1250.16 612.93 184.14
6953787800117_camera3-20.jpg 41 1375.45 1360.11 1064.14 1251.09 622.61 218.04
6953787800117_camera3-16.jpg 41 1365.07 1340.74 1043.16 1238.98 643.82 203.51
6953787800117_camera3-15.jpg 41 1367.66 1338.28 1032.26 1213.33 670.8 249.91
6953787800117_camera3-19.jpg 41 1375.44 1350.92 1079.9 1256.35 591.08 189.15
6953787800117_camera3-1.jpg 41 1440.5 1354.3 1118.32 1233.48 644.36 241.64
6953787800117_camera3-21.jpg 41 1375.01 1364.4 1057.86 1255.78 634.31 217.25
6953787800117_camera3-22.jpg 41 1361.08 1364.58 1016.47 1234.37 689.21 260.43
6953787800117_camera3-23.jpg 41 1366.24 1366.68 1040.49 1237.96 651.5 257.45
6953787800117_camera3-27.jpg 41 1361.04 1371.18 1116.83 1244.32 488.42 253.72
6953787800117_camera3-26.jpg 41 1358.37 1373.25 1079.9 1237.96 556.93 270.58
6953787800117_camera3-25.jpg 41 1358.31 1371.56 1061.77 1244.7 593.08 253.72
6953787800117_camera3-24.jpg 41 1357.95 1378.68 1040.33 1244.38 635.25 268.6
6953787800117_camera3-33.jpg 41 1427.98 1366.68 1100.91 1232.7 654.13 267.96
6953787800117_camera3-28.jpg 41 1370.28 1364.58 1140.11 1229.11 460.35 270.95
6953787800117_camera3-29.jpg 41 1413.59 1363.19 1198.98 1240.16 429.21 246.06
6953787800117_camera3-30.jpg 41 1418.78 1365.37 1163.96 1230.08 509.64 270.58
6953787800117_camera3-32.jpg 41 1428.38 1364.47 1120.35 1232.19 616.07 264.56
6953787800117_camera3-2.jpg 41 1428.15 1350.12 1103.28 1215.96 649.75 268.32
6953787800117_camera3-31.jpg 41 1426.66 1367.99 1140.32 1235.33 572.69 265.33
6953787800117_camera3-36.jpg 41 1416.3 1355.79 1088.37 1244.18 655.87 223.22
6953787800117_camera3-35.jpg 41 1418.25 1364.92 1087.62 1244.4 661.26 241.04
6953787800117_camera3-34.jpg 41 1420.55 1359.87 1084.31 1225.87 672.49 268.0
6953787800117_camera3-39.jpg 41 1444.78 1346.93 1145.07 1239.13 599.42 215.59
6953787800117_camera3-37.jpg 41 1413.69 1351.43 1092.76 1239.63 641.86 223.6
6953787800117_camera3-38.jpg 41 1416.16 1348.29 1114.05 1243.21 604.22 210.16
6953787800117_camera3-3.jpg 41 1420.27 1359.32 1090.13 1223.85 660.28 270.95
6953787800117_camera3-40.jpg 41 1439.2 1353.3 1119.71 1231.14 638.99 244.32
6953787800117_camera3-6.jpg 41 1394.52 1353.43 1135.51 1223.92 518.02 259.01
6953787800117_camera3-5.jpg 41 1403.02 1357.49 1111.42 1216.94 583.2 281.09
6953787800117_camera3-4.jpg 41 1416.16 1358.8 1100.91 1214.31 630.49 288.97
6953787800117_camera3-8.jpg 41 1385.94 1352.23 1171.84 1222.19 428.21 260.08
6953787800117_camera3-7.jpg 41 1400.55 1355.38 1158.53 1213.33 484.03 284.1
6953787800117_camera3-9.jpg 41 1423.26 1344.69 1211.91 1229.72 422.69 229.94
