6921555581674-back_camera0-10.jpg 42 1325.3 1254.45 898.93 1115.15 852.75 278.59
6921555581674-back_camera0-11.jpg 42 1356.76 1248.67 961.9 1116.26 789.71 264.82
6921555581674-back_camera0-14.jpg 42 1495.58 1247.26 1007.55 1110.78 976.06 272.97
6921555581674-back_camera0-12.jpg 42 1429.64 1250.29 1027.81 1113.92 803.66 272.74
6921555581674-back_camera0-15.jpg 42 1507.01 1252.5 993.62 1121.14 1026.78 262.71
6921555581674-back_camera0-13.jpg 42 1477.47 1245.26 1032.01 1112.33 890.93 265.87
6921555581674-back_camera0-16.jpg 42 1513.05 1249.34 966.72 1104.99 1092.65 288.69
6921555581674-back_camera0-17.jpg 42 1516.51 1251.47 965.61 1114.99 1101.79 272.97
6921555581674-back_camera0-20.jpg 42 1510.12 1239.57 1022.5 1115.88 975.25 247.38
6921555581674-back_camera0-23.jpg 42 1577.23 1229.34 1115.78 1111.99 922.91 234.69
6921555581674-back_camera0-21.jpg 42 1523.4 1233.88 1060.19 1106.49 926.43 254.77
6921555581674-back_camera0-18.jpg 42 1509.04 1250.7 960.45 1114.59 1097.17 272.23
6921555581674-back_camera0-19.jpg 42 1511.01 1245.45 995.63 1119.38 1030.75 252.14
6921555581674-back_camera0-1.jpg 42 1274.09 1213.02 815.42 1100.0 917.33 226.03
6921555581674-back_camera0-25.jpg 42 1552.19 1224.95 1070.25 1107.47 963.88 234.96
6921555581674-back_camera0-22.jpg 42 1566.03 1231.08 1111.85 1104.22 908.37 253.72
6921555581674-back_camera0-24.jpg 42 1562.28 1232.6 1080.52 1106.38 963.53 252.43
6921555581674-back_camera0-2.jpg 42 1305.67 1225.75 846.59 1106.64 918.16 238.22
6921555581674-back_camera0-26.jpg 42 1532.88 1222.2 1051.6 1101.68 962.56 241.04
6921555581674-back_camera0-29.jpg 42 1468.37 1222.69 1045.51 1091.13 845.72 263.11
6921555581674-back_camera0-27.jpg 42 1514.0 1222.21 1038.84 1092.81 950.33 258.8
6921555581674-back_camera0-30.jpg 42 1449.45 1214.4 1065.17 1096.0 768.56 236.81
6921555581674-back_camera0-28.jpg 42 1485.53 1222.07 1041.52 1104.59 888.03 234.96
6921555581674-back_camera0-31.jpg 42 1469.25 1210.27 1103.68 1094.31 731.13 231.93
6921555581674-back_camera0-34.jpg 42 1453.26 1214.05 1004.62 1100.27 897.28 227.56
6921555581674-back_camera0-33.jpg 42 1488.49 1218.13 1094.64 1099.34 787.7 237.58
6921555581674-back_camera0-37.jpg 42 1374.06 1220.38 871.32 1095.09 1005.47 250.58
6921555581674-back_camera0-32.jpg 42 1503.72 1210.56 1146.13 1098.76 715.18 223.59
6921555581674-back_camera0-39.jpg 42 1312.71 1221.43 827.65 1108.3 970.13 226.27
6921555581674-back_camera0-38.jpg 42 1331.86 1220.85 834.73 1103.39 994.26 234.92
6921555581674-back_camera0-36.jpg 42 1396.78 1218.68 910.7 1099.89 972.15 237.58
6921555581674-back_camera0-35.jpg 42 1437.74 1214.1 970.74 1098.34 934.01 231.52
6921555581674-back_camera0-3.jpg 42 1338.97 1230.19 877.18 1110.72 923.58 238.95
6921555581674-back_camera0-5.jpg 42 1347.82 1240.24 856.98 1115.67 981.68 249.13
6921555581674-back_camera0-40.jpg 42 1284.75 1221.61 815.76 1112.45 937.98 218.31
6921555581674-back_camera0-4.jpg 42 1345.16 1238.17 867.17 1114.43 955.99 247.48
6921555581674-back_camera0-9.jpg 42 1318.93 1249.57 864.74 1115.44 908.38 268.26
6921555581674-back_camera0-6.jpg 42 1339.42 1243.62 838.25 1112.07 1002.34 263.11
6921555581674-back_camera0-7.jpg 42 1329.36 1244.95 832.98 1110.61 992.76 268.69
6921555581674-back_camera1-10.jpg 42 1213.16 1242.99 867.2 894.25 691.92 697.47
6921555581674-back_camera0-8.jpg 42 1318.23 1254.34 839.53 1117.87 957.4 272.94
6921555581674-back_camera1-14.jpg 42 1345.44 1239.44 879.23 862.8 932.43 753.28
6921555581674-back_camera1-11.jpg 42 1287.41 1231.89 937.64 906.87 699.55 650.05
6921555581674-back_camera1-19.jpg 42 1375.25 1189.68 919.71 873.42 911.07 632.53
6921555581674-back_camera1-12.jpg 42 1315.27 1233.63 932.31 896.0 765.92 675.27
6921555581674-back_camera1-13.jpg 42 1330.8 1235.63 895.23 866.88 871.14 737.5
6921555581674-back_camera1-17.jpg 42 1364.51 1214.26 869.69 846.61 989.63 735.3
6921555581674-back_camera1-15.jpg 42 1353.52 1235.25 862.01 847.89 983.02 774.72
6921555581674-back_camera1-20.jpg 42 1376.08 1171.09 957.88 891.69 836.39 558.8
6921555581674-back_camera1-1.jpg 42 1167.12 1105.77 753.63 869.89 826.98 471.76
6921555581674-back_camera1-16.jpg 42 1362.63 1228.77 864.37 850.95 996.53 755.64
6921555581674-back_camera1-18.jpg 42 1371.34 1206.4 894.95 860.44 952.78 691.92
6921555581674-back_camera1-21.jpg 42 1400.15 1140.34 1003.47 873.76 793.36 533.15
6921555581674-back_camera1-23.jpg 42 1407.32 1134.93 970.42 801.28 873.79 667.31
6921555581674-back_camera1-24.jpg 42 1393.9 1131.87 944.31 776.32 899.18 711.1
6921555581674-back_camera1-25.jpg 42 1384.48 1132.28 933.17 759.54 902.63 745.49
6921555581674-back_camera1-22.jpg 42 1417.8 1141.18 1010.79 835.92 814.03 610.52
6921555581674-back_camera1-28.jpg 42 1333.72 1092.4 938.06 741.13 791.32 702.54
6921555581674-back_camera1-31.jpg 42 1349.4 1055.62 1023.3 781.14 652.2 548.95
6921555581674-back_camera1-29.jpg 42 1318.91 1080.42 954.13 744.59 729.56 671.66
6921555581674-back_camera1-32.jpg 42 1329.87 1062.09 964.48 764.23 730.77 595.72
6921555581674-back_camera1-26.jpg 42 1370.74 1120.74 925.21 745.56 891.05 750.36
6921555581674-back_camera1-27.jpg 42 1356.72 1106.07 928.25 738.39 856.95 735.35
6921555581674-back_camera1-35.jpg 42 1262.5 1081.41 811.08 743.78 902.83 675.27
6921555581674-back_camera1-36.jpg 42 1233.7 1086.41 762.29 752.04 942.82 668.75
6921555581674-back_camera1-34.jpg 42 1282.12 1077.92 841.81 745.53 880.63 664.79
6921555581674-back_camera1-30.jpg 42 1318.72 1068.87 987.71 755.23 662.01 627.27
6921555581674-back_camera1-33.jpg 42 1315.5 1068.43 915.98 751.63 799.04 633.61
6921555581674-back_camera1-2.jpg 42 1209.16 1128.18 801.22 862.7 815.88 530.97
6921555581674-back_camera1-37.jpg 42 1211.93 1091.61 734.43 761.19 955.01 660.83
6921555581674-back_camera1-39.jpg 42 1165.2 1096.28 721.84 815.05 886.72 562.47
6921555581674-back_camera1-38.jpg 42 1180.33 1092.67 725.98 792.65 908.69 600.04
6921555581674-back_camera1-40.jpg 42 1146.92 1101.05 735.4 850.04 823.05 502.03
6921555581674-back_camera1-3.jpg 42 1214.33 1148.8 782.96 844.81 862.74 607.97
6921555581674-back_camera1-4.jpg 42 1207.04 1181.51 759.06 834.23 895.96 694.56
6921555581674-back_camera1-6.jpg 42 1204.05 1221.61 739.81 827.0 928.48 789.21
6921555581674-back_camera1-5.jpg 42 1200.58 1202.91 741.09 834.99 918.98 735.85
6921555581674-back_camera2-10.jpg 42 1365.59 908.79 985.4 603.53 760.37 610.52
6921555581674-back_camera1-7.jpg 42 1197.65 1225.46 742.16 836.56 910.99 777.81
6921555581674-back_camera1-9.jpg 42 1208.03 1240.34 818.42 871.24 779.21 738.2
6921555581674-back_camera1-8.jpg 42 1199.57 1239.43 779.04 856.68 841.06 765.51
6921555581674-back_camera2-12.jpg 42 1357.95 881.78 992.52 543.75 730.87 676.06
6921555581674-back_camera2-13.jpg 42 1350.13 863.15 955.44 484.86 789.39 756.58
6921555581674-back_camera2-11.jpg 42 1358.7 890.6 1024.77 598.29 667.87 584.62
6921555581674-back_camera2-14.jpg 42 1348.45 849.16 944.23 446.59 808.44 805.14
6921555581674-back_camera2-18.jpg 42 1321.7 796.96 949.38 375.0 744.65 843.93
6921555581674-back_camera2-15.jpg 42 1349.01 840.69 937.9 417.04 822.21 847.3
6921555581674-back_camera2-19.jpg 42 1314.93 779.72 971.29 376.68 687.29 806.08
6921555581674-back_camera2-17.jpg 42 1337.53 809.59 937.12 368.56 800.81 882.05
6921555581674-back_camera2-16.jpg 42 1338.07 823.95 935.17 393.35 805.8 861.2
6921555581674-back_camera2-1.jpg 42 1242.18 978.91 953.45 635.74 577.46 686.35
6921555581674-back_camera2-20.jpg 42 1300.76 774.85 993.88 392.7 613.76 764.3
6921555581674-back_camera2-21.jpg 42 1290.05 768.76 998.06 416.26 583.99 705.0
6921555581674-back_camera2-22.jpg 42 1280.9 782.1 944.33 422.9 673.15 718.4
6921555581674-back_camera2-25.jpg 42 1230.87 795.07 806.03 387.33 849.68 815.48
6921555581674-back_camera2-27.jpg 42 1202.12 799.86 767.25 403.36 869.74 793.0
6921555581674-back_camera2-23.jpg 42 1257.62 784.94 875.58 399.21 764.07 771.47
6921555581674-back_camera2-26.jpg 42 1215.12 793.05 778.38 383.6 873.49 818.9
6921555581674-back_camera2-24.jpg 42 1249.29 780.6 845.49 374.17 807.59 812.85
6921555581674-back_camera2-28.jpg 42 1184.8 811.66 762.98 446.28 843.63 730.77
6921555581674-back_camera2-29.jpg 42 1172.14 821.19 763.03 478.82 818.22 684.75
6921555581674-back_camera2-2.jpg 42 1253.22 959.48 908.62 587.25 689.21 744.45
6921555581674-back_camera2-32.jpg 42 1179.55 862.54 812.28 527.54 734.53 670.01
6921555581674-back_camera2-33.jpg 42 1179.42 870.54 796.67 504.15 765.51 732.78
6921555581674-back_camera2-31.jpg 42 1169.24 853.11 809.45 548.45 719.57 609.31
6921555581674-back_camera2-30.jpg 42 1161.15 834.52 782.35 537.27 757.61 594.51
6921555581674-back_camera2-37.jpg 42 1190.1 942.38 800.77 503.07 778.65 878.61
6921555581674-back_camera2-35.jpg 42 1187.52 912.81 779.58 484.36 815.88 856.89
6921555581674-back_camera2-34.jpg 42 1186.64 899.53 768.83 478.82 835.63 841.43
6921555581674-back_camera2-36.jpg 42 1194.05 931.86 798.14 503.07 791.81 857.57
6921555581674-back_camera2-38.jpg 42 1205.51 956.69 846.13 537.96 718.75 837.46
6921555581674-back_camera2-39.jpg 42 1211.72 963.46 874.24 558.15 674.97 810.63
6921555581674-back_camera2-3.jpg 42 1272.95 958.16 908.62 566.21 728.67 783.91
6921555581674-back_camera2-5.jpg 42 1306.23 954.17 881.03 543.0 850.41 822.35
6921555581674-back_camera2-6.jpg 42 1319.58 947.55 879.23 532.78 880.7 829.54
6921555581674-back_camera2-4.jpg 42 1296.62 955.53 884.94 545.16 823.37 820.74
6921555581674-back_camera2-40.jpg 42 1222.23 975.03 927.61 599.83 589.24 750.4
6921555581674-back_camera2-8.jpg 42 1347.74 931.82 922.07 562.72 851.34 738.2
6921555581674-back_camera2-7.jpg 42 1329.88 944.05 891.41 539.31 876.93 809.48
6921555581674-back_camera3-11.jpg 42 1422.9 1315.93 987.54 1118.63 870.72 394.59
6921555581674-back_camera2-9.jpg 42 1360.73 925.65 948.72 577.47 824.02 696.36
6921555581674-back_camera3-10.jpg 42 1438.93 1310.06 1042.49 1119.77 792.88 380.58
6921555581674-back_camera3-14.jpg 42 1375.2 1332.82 881.06 1119.98 988.28 425.67
6921555581674-back_camera3-12.jpg 42 1417.63 1322.5 955.97 1116.0 923.33 413.0
6921555581674-back_camera3-13.jpg 42 1401.15 1327.53 921.06 1124.02 960.18 407.01
6921555581674-back_camera3-15.jpg 42 1356.9 1333.17 858.47 1125.43 996.86 415.48
6921555581674-back_camera3-18.jpg 42 1303.24 1325.97 859.84 1131.99 886.79 387.97
6921555581674-back_camera3-20.jpg 42 1347.92 1335.65 927.03 1152.83 841.79 365.65
6921555581674-back_camera3-16.jpg 42 1339.63 1332.56 852.14 1131.83 974.98 401.46
6921555581674-back_camera3-17.jpg 42 1315.04 1323.82 834.96 1123.89 960.16 399.85
6921555581674-back_camera3-22.jpg 42 1341.43 1353.83 869.95 1152.0 942.97 403.66
6921555581674-back_camera3-24.jpg 42 1332.15 1364.59 842.86 1152.83 978.58 423.52
6921555581674-back_camera3-21.jpg 42 1346.53 1343.54 900.7 1149.86 891.66 387.36
6921555581674-back_camera3-1.jpg 42 1504.6 1347.0 1052.26 1141.64 904.68 410.71
6921555581674-back_camera3-23.jpg 42 1339.36 1361.37 852.98 1151.96 972.75 418.82
6921555581674-back_camera3-19.jpg 42 1317.68 1333.02 890.21 1144.93 854.94 376.17
6921555581674-back_camera3-25.jpg 42 1328.94 1358.52 853.21 1161.09 951.46 394.86
6921555581674-back_camera3-26.jpg 42 1327.3 1356.76 864.08 1158.93 926.43 395.66
6921555581674-back_camera3-27.jpg 42 1326.88 1359.33 903.36 1160.72 847.05 397.22
6921555581674-back_camera3-28.jpg 42 1343.51 1348.84 953.4 1154.85 780.21 387.97
6921555581674-back_camera3-31.jpg 42 1459.18 1361.95 1024.41 1150.12 869.53 423.66
6921555581674-back_camera3-29.jpg 42 1406.37 1352.57 1018.43 1159.57 775.88 386.01
6921555581674-back_camera3-30.jpg 42 1446.58 1355.38 1048.04 1142.3 797.07 426.15
6921555581674-back_camera3-2.jpg 42 1492.93 1355.28 1030.85 1136.2 924.16 438.16
6921555581674-back_camera3-34.jpg 42 1432.11 1356.69 911.25 1137.04 1041.71 439.31
6921555581674-back_camera3-32.jpg 42 1452.53 1358.69 957.47 1134.81 990.12 447.77
6921555581674-back_camera3-33.jpg 42 1444.73 1356.61 935.04 1138.3 1019.38 436.61
6921555581674-back_camera3-38.jpg 42 1433.42 1338.28 995.43 1152.83 875.98 370.91
6921555581674-back_camera3-3.jpg 42 1468.93 1360.64 1008.58 1126.52 920.7 468.24
6921555581674-back_camera3-37.jpg 42 1405.29 1335.06 941.71 1150.25 927.16 369.61
6921555581674-back_camera3-35.jpg 42 1424.59 1345.56 917.36 1141.59 1014.45 407.94
6921555581674-back_camera3-40.jpg 42 1504.33 1342.16 1065.93 1146.95 876.8 390.42
6921555581674-back_camera3-36.jpg 42 1415.46 1343.8 926.25 1151.92 978.42 383.75
6921555581674-back_camera3-39.jpg 42 1472.88 1343.55 1019.1 1155.46 907.55 376.17
6921555581674-back_camera3-5.jpg 42 1427.34 1349.8 977.85 1121.4 898.97 456.79
6921555581674-back_camera3-7.jpg 42 1379.62 1330.1 1000.64 1118.57 757.96 423.05
6921555581674-back_camera3-6.jpg 42 1409.74 1348.81 977.01 1123.89 865.46 449.83
6921555581674_camera0-10.jpg 42 1410.88 1223.39 1027.07 1091.05 767.61 264.69
6921555581674-back_camera3-9.jpg 42 1432.8 1305.63 1064.64 1116.0 736.32 379.26
6921555581674_camera0-11.jpg 42 1461.05 1222.53 1082.24 1087.06 757.61 270.95
6921555581674-back_camera3-4.jpg 42 1457.24 1355.08 996.21 1128.11 922.05 453.95
6921555581674-back_camera3-8.jpg 42 1391.66 1323.95 1024.39 1115.65 734.53 416.6
6921555581674_camera0-18.jpg 42 1405.62 1229.92 944.34 1091.92 922.57 276.0
6921555581674_camera0-16.jpg 42 1413.68 1225.16 932.29 1079.17 962.79 291.99
6921555581674_camera0-13.jpg 42 1456.82 1228.98 1011.96 1099.28 889.72 259.4
6921555581674_camera0-12.jpg 42 1469.95 1219.96 1064.22 1096.27 811.46 247.38
6921555581674_camera0-17.jpg 42 1403.16 1235.68 924.4 1097.58 957.53 276.21
6921555581674_camera0-15.jpg 42 1433.78 1232.62 952.37 1090.35 962.82 284.55
6921555581674_camera0-1.jpg 42 1450.62 1212.31 1004.26 1083.88 892.71 256.85
6921555581674_camera0-19.jpg 42 1423.34 1228.61 966.56 1091.43 913.56 274.35
6921555581674_camera0-14.jpg 42 1446.57 1225.16 977.01 1084.43 939.12 281.47
6921555581674_camera0-21.jpg 42 1505.76 1224.8 1045.03 1093.28 921.47 263.04
6921555581674_camera0-20.jpg 42 1462.42 1225.11 998.57 1095.71 927.7 258.8
6921555581674_camera0-22.jpg 42 1501.88 1220.84 1024.56 1098.73 954.63 244.21
6921555581674_camera0-26.jpg 42 1441.31 1230.42 969.12 1097.58 944.38 265.69
6921555581674_camera0-25.jpg 42 1455.86 1228.55 964.35 1093.34 983.02 270.42
6921555581674_camera0-24.jpg 42 1461.04 1227.79 958.6 1092.32 1004.88 270.95
6921555581674_camera0-29.jpg 42 1416.03 1220.69 1050.46 1099.07 731.13 243.24
6921555581674_camera0-23.jpg 42 1487.03 1226.34 996.76 1103.31 980.53 246.06
6921555581674_camera0-27.jpg 42 1428.16 1231.74 987.54 1089.69 881.25 284.1
6921555581674_camera0-28.jpg 42 1423.02 1223.28 1012.7 1099.64 820.63 247.28
6921555581674_camera0-2.jpg 42 1438.3 1219.75 971.16 1095.8 934.28 247.91
6921555581674_camera0-32.jpg 42 1484.38 1221.46 1060.87 1092.42 847.02 258.08
6921555581674_camera0-30.jpg 42 1455.18 1222.44 1094.92 1094.54 720.52 255.8
6921555581674_camera0-31.jpg 42 1482.09 1229.11 1098.02 1100.21 768.13 257.8
6921555581674_camera0-34.jpg 42 1465.69 1218.26 997.63 1094.31 936.13 247.91
6921555581674_camera0-33.jpg 42 1468.93 1222.54 1003.32 1094.95 931.23 255.17
6921555581674_camera0-36.jpg 42 1443.72 1220.32 963.96 1091.28 959.52 258.08
6921555581674_camera0-35.jpg 42 1457.02 1218.04 979.18 1093.39 955.68 249.3
6921555581674_camera0-37.jpg 42 1432.11 1215.96 961.23 1081.8 941.75 268.32
6921555581674_camera0-38.jpg 42 1421.14 1217.55 975.28 1094.52 891.73 246.06
6921555581674_camera0-3.jpg 42 1423.26 1219.25 929.17 1087.04 988.19 264.42
6921555581674_camera0-39.jpg 42 1407.32 1213.0 995.6 1098.42 823.43 229.15
6921555581674_camera0-40.jpg 42 1434.68 1215.33 1006.2 1092.91 856.95 244.84
6921555581674_camera0-7.jpg 42 1371.3 1220.99 914.33 1092.41 913.93 257.16
6921555581674_camera0-4.jpg 42 1402.36 1219.35 907.39 1085.71 989.93 267.28
6921555581674_camera0-5.jpg 42 1392.49 1219.59 893.7 1087.24 997.57 264.69
6921555581674_camera1-10.jpg 42 1317.92 1136.19 983.01 803.8 669.82 664.79
6921555581674_camera0-9.jpg 42 1363.44 1223.83 976.66 1094.43 773.56 258.8
6921555581674_camera0-6.jpg 42 1381.4 1221.69 897.15 1089.11 968.5 265.17
6921555581674_camera0-8.jpg 42 1365.17 1219.55 941.51 1090.05 847.33 259.01
6921555581674_camera1-13.jpg 42 1300.99 1150.95 868.72 769.01 864.54 763.89
6921555581674_camera1-14.jpg 42 1294.0 1147.02 849.81 766.52 888.38 761.0
6921555581674_camera1-12.jpg 42 1312.19 1144.73 905.18 772.87 814.03 743.72
6921555581674_camera1-16.jpg 42 1274.93 1154.04 829.76 788.45 890.34 731.18
6921555581674_camera1-11.jpg 42 1317.92 1136.2 945.24 783.66 745.37 705.08
6921555581674_camera1-15.jpg 42 1285.43 1147.25 834.63 774.19 901.61 746.11
6921555581674_camera1-17.jpg 42 1272.72 1140.15 843.51 808.07 858.43 664.17
6921555581674_camera1-1.jpg 42 1294.48 1113.9 855.39 830.18 878.18 567.44
6921555581674_camera1-18.jpg 42 1279.49 1132.48 861.68 822.02 835.63 620.92
6921555581674_camera1-20.jpg 42 1347.92 1129.15 927.03 847.68 841.79 562.94
6921555581674_camera1-19.jpg 42 1317.74 1134.39 901.17 858.12 833.14 552.55
6921555581674_camera1-21.jpg 42 1344.6 1130.3 897.1 823.42 895.0 613.76
6921555581674_camera1-26.jpg 42 1296.83 1141.38 878.71 776.0 836.23 730.77
6921555581674_camera1-24.jpg 42 1312.41 1146.24 856.01 776.65 912.81 739.19
6921555581674_camera1-22.jpg 42 1337.67 1134.42 875.24 800.68 924.87 667.49
6921555581674_camera1-28.jpg 42 1287.3 1135.23 937.96 801.33 698.68 667.8
6921555581674_camera1-23.jpg 42 1328.82 1149.89 850.07 781.4 957.49 736.98
6921555581674_camera1-2.jpg 42 1283.67 1126.69 825.78 819.58 915.78 614.22
6921555581674_camera1-25.jpg 42 1306.39 1143.88 858.8 769.83 895.18 748.1
6921555581674_camera1-29.jpg 42 1300.76 1123.2 979.82 817.98 641.88 610.45
6921555581674_camera1-27.jpg 42 1294.72 1138.66 908.98 794.55 771.47 688.22
6921555581674_camera1-33.jpg 42 1317.76 1101.56 879.23 756.22 877.05 690.67
6921555581674_camera1-30.jpg 42 1327.52 1103.77 985.07 794.41 684.9 618.72
6921555581674_camera1-32.jpg 42 1324.62 1105.49 908.14 774.57 832.95 661.84
6921555581674_camera1-31.jpg 42 1328.54 1101.66 949.74 780.06 757.6 643.2
6921555581674_camera1-35.jpg 42 1305.61 1100.57 844.27 763.99 922.67 673.15
6921555581674_camera1-37.jpg 42 1284.12 1101.49 863.92 804.54 840.4 593.91
6921555581674_camera1-34.jpg 42 1309.37 1095.6 869.98 763.51 878.78 664.17
6921555581674_camera1-38.jpg 42 1276.28 1107.59 878.89 838.89 794.77 537.39
6921555581674_camera1-36.jpg 42 1292.34 1092.42 854.77 779.75 875.14 625.34
6921555581674_camera1-3.jpg 42 1273.18 1128.29 805.12 801.75 936.13 653.07
6921555581674_camera1-40.jpg 42 1294.0 1107.04 876.14 840.69 835.72 532.7
6921555581674_camera1-39.jpg 42 1294.0 1109.39 894.63 852.54 798.74 513.7
6921555581674_camera1-4.jpg 42 1257.75 1131.22 784.61 787.12 946.28 688.2
6921555581674_camera1-6.jpg 42 1250.36 1132.74 811.96 791.12 876.8 683.24
6921555581674_camera2-10.jpg 42 1289.88 864.27 924.32 568.7 731.13 591.13
6921555581674_camera1-5.jpg 42 1255.39 1128.97 794.66 782.39 921.47 693.17
6921555581674_camera1-8.jpg 42 1246.01 1124.8 878.11 819.54 735.79 610.52
6921555581674_camera1-7.jpg 42 1242.7 1123.89 848.12 797.7 789.17 652.38
6921555581674_camera1-9.jpg 42 1267.37 1123.25 925.95 816.29 682.84 613.93
6921555581674_camera2-11.jpg 42 1291.88 872.42 893.79 534.43 796.18 675.98
6921555581674_camera2-12.jpg 42 1290.04 870.1 872.98 506.96 834.11 726.28
6921555581674_camera2-13.jpg 42 1286.22 875.57 859.85 482.43 852.75 786.28
6921555581674_camera2-16.jpg 42 1284.87 883.08 893.85 473.79 782.03 818.58
6921555581674_camera2-14.jpg 42 1292.2 872.88 871.31 476.81 841.78 792.13
6921555581674_camera2-15.jpg 42 1287.42 879.24 874.42 468.87 826.0 820.74
6921555581674_camera2-17.jpg 42 1286.3 875.68 921.68 488.79 729.25 773.79
6921555581674_camera2-20.jpg 42 1271.34 842.84 977.97 476.45 586.73 732.78
6921555581674_camera2-18.jpg 42 1278.49 871.08 948.07 498.03 660.83 746.1
6921555581674_camera2-1.jpg 42 1265.05 890.68 935.17 496.59 659.75 788.18
6921555581674_camera2-19.jpg 42 1276.32 852.62 989.95 508.98 572.74 687.29
6921555581674_camera2-21.jpg 42 1272.96 845.05 940.19 442.57 665.54 804.96
6921555581674_camera2-25.jpg 42 1276.09 845.52 861.68 431.57 828.82 827.91
6921555581674_camera2-23.jpg 42 1268.82 839.05 880.31 417.09 777.02 843.93
6921555581674_camera2-22.jpg 42 1273.26 840.61 906.28 423.42 733.96 834.37
6921555581674_camera2-24.jpg 42 1270.33 841.1 869.16 418.89 802.33 844.42
6921555581674_camera2-2.jpg 42 1264.53 894.19 902.38 474.3 724.3 839.79
6921555581674_camera2-26.jpg 42 1271.7 849.5 878.87 463.14 785.66 772.71
6921555581674_camera2-28.jpg 42 1262.5 852.96 891.58 526.81 741.83 652.3
6921555581674_camera2-29.jpg 42 1249.93 852.9 907.47 574.65 684.93 556.51
6921555581674_camera2-27.jpg 42 1267.69 846.37 884.94 489.92 765.5 712.89
6921555581674_camera2-31.jpg 42 1242.38 865.35 844.29 525.24 796.18 680.22
6921555581674_camera2-34.jpg 42 1235.52 862.81 814.63 459.49 841.78 806.63
6921555581674_camera2-32.jpg 42 1244.02 868.73 827.07 492.55 833.89 752.35
6921555581674_camera2-33.jpg 42 1236.02 861.11 811.06 467.26 849.92 787.7
6921555581674_camera2-30.jpg 42 1245.91 862.79 864.34 562.22 763.15 601.14
6921555581674_camera2-36.jpg 42 1238.61 857.94 852.07 466.37 773.07 783.14
6921555581674_camera2-35.jpg 42 1235.31 858.28 828.73 459.48 813.15 797.6
6921555581674_camera2-37.jpg 42 1245.33 862.15 882.31 479.4 726.04 765.5
6921555581674_camera2-39.jpg 42 1249.93 884.39 972.94 544.44 553.99 679.9
6921555581674_camera2-3.jpg 42 1264.77 888.56 875.58 459.17 778.38 858.77
6921555581674_camera2-40.jpg 42 1262.18 892.21 960.25 514.63 603.86 755.17
6921555581674_camera2-5.jpg 42 1251.91 888.45 842.86 468.87 818.11 839.16
6921555581674_camera2-38.jpg 42 1246.16 868.02 922.58 504.15 647.16 727.74
6921555581674_camera2-4.jpg 42 1260.06 890.81 861.26 469.38 797.6 842.85
6921555581674_camera2-6.jpg 42 1269.01 887.14 869.16 482.03 799.7 810.22
6921555581674_camera2-8.jpg 42 1260.0 881.87 897.39 549.47 725.22 664.79
6921555581674_camera2-7.jpg 42 1246.87 885.53 850.37 514.61 793.0 741.83
6921555581674_camera3-10.jpg 42 1433.43 1386.94 1029.63 1181.76 807.59 410.37
6921555581674_camera3-12.jpg 42 1415.47 1402.9 955.46 1179.87 920.03 446.07
6921555581674_camera3-13.jpg 42 1403.0 1404.19 931.39 1180.8 943.22 446.79
6921555581674_camera2-9.jpg 42 1273.68 881.3 913.9 582.44 719.57 597.71
6921555581674_camera3-14.jpg 42 1387.84 1407.07 913.3 1184.14 949.08 445.86
6921555581674_camera3-17.jpg 42 1388.7 1400.11 934.93 1200.18 907.55 399.85
6921555581674_camera3-11.jpg 42 1426.41 1397.74 988.02 1182.08 876.79 431.33
6921555581674_camera3-15.jpg 42 1379.31 1406.4 911.24 1189.95 936.13 432.91
6921555581674_camera3-16.jpg 42 1372.01 1401.64 909.73 1186.04 924.55 431.21
6921555581674_camera3-1.jpg 42 1392.91 1379.94 901.38 1187.82 983.06 384.25
6921555581674_camera3-23.jpg 42 1424.22 1396.15 940.19 1187.02 968.05 418.26
6921555581674_camera3-18.jpg 42 1429.83 1397.37 969.16 1216.06 921.33 362.61
6921555581674_camera3-19.jpg 42 1469.12 1396.3 1017.29 1217.4 903.66 357.79
6921555581674_camera3-20.jpg 42 1464.76 1396.53 978.73 1193.71 972.06 405.63
6921555581674_camera3-24.jpg 42 1409.53 1396.8 942.39 1182.19 934.28 429.21
6921555581674_camera3-22.jpg 42 1440.0 1397.46 942.82 1187.02 994.36 420.89
6921555581674_camera3-21.jpg 42 1454.89 1392.62 959.83 1191.9 990.12 401.45
6921555581674_camera3-28.jpg 42 1417.77 1387.95 1057.82 1199.75 719.91 376.4
6921555581674_camera3-25.jpg 42 1398.27 1394.79 958.88 1187.59 878.78 414.41
6921555581674_camera3-29.jpg 42 1453.34 1375.76 1082.11 1191.21 742.45 369.1
6921555581674_camera3-26.jpg 42 1391.33 1376.42 977.01 1176.5 828.63 399.85
6921555581674_camera3-31.jpg 42 1442.85 1380.04 994.52 1180.69 896.65 398.7
6921555581674_camera3-2.jpg 42 1376.74 1384.06 884.62 1185.48 984.23 397.15
6921555581674_camera3-27.jpg 42 1381.35 1386.66 1013.66 1194.33 735.37 384.66
6921555581674_camera3-32.jpg 42 1437.05 1381.16 969.29 1176.52 935.52 409.29
6921555581674_camera3-30.jpg 42 1453.87 1383.2 1033.92 1186.17 839.9 394.05
6921555581674_camera3-34.jpg 42 1409.84 1371.1 934.99 1183.32 949.7 375.56
6921555581674_camera3-36.jpg 42 1388.7 1369.85 948.08 1187.02 881.24 365.65
6921555581674_camera3-35.jpg 42 1397.04 1371.1 934.6 1187.96 924.87 366.27
6921555581674_camera3-38.jpg 42 1403.61 1370.05 984.17 1202.75 838.87 334.6
6921555581674_camera3-33.jpg 42 1418.55 1378.9 936.18 1179.74 964.75 398.33
6921555581674_camera3-37.jpg 42 1375.06 1377.24 957.2 1201.61 835.72 351.27
6921555581674_camera3-3.jpg 42 1359.17 1380.95 867.04 1180.13 984.27 401.63
6921555581674_camera3-39.jpg 42 1412.87 1374.03 974.4 1199.2 876.93 349.66
6921555581674_camera3-6.jpg 42 1336.24 1389.58 905.84 1181.13 860.81 416.89
6921555581674_camera3-40.jpg 42 1396.88 1374.76 926.67 1187.38 940.43 374.76
6921555581674_camera3-5.jpg 42 1343.29 1385.49 888.94 1184.76 908.69 401.46
6921555581674_camera3-4.jpg 42 1350.29 1385.96 863.21 1176.1 974.15 419.73
6921555581674_camera3-9.jpg 42 1434.11 1389.44 1060.23 1191.75 747.76 395.39
6921555581674_camera3-7.jpg 42 1330.83 1381.68 937.56 1181.76 786.54 399.85
6921555581674_camera3-8.jpg 42 1374.6 1389.36 995.19 1200.26 758.81 378.19
