6921555510568-back_camera0-10.jpg 43 1454.08 1256.19 1104.42 1119.29 699.32 273.81
6921555510568-back_camera0-11.jpg 43 1509.71 1248.84 1166.42 1094.95 686.58 307.78
6921555510568-back_camera0-12.jpg 43 1521.54 1250.15 1145.37 1100.21 752.35 299.89
6921555510568-back_camera0-17.jpg 43 1486.1 1241.54 1004.87 1095.47 962.45 292.13
6921555510568-back_camera0-14.jpg 43 1505.76 1240.95 1050.67 1076.54 910.18 328.82
6921555510568-back_camera0-16.jpg 43 1495.36 1246.09 1014.54 1104.67 961.64 282.84
6921555510568-back_camera0-18.jpg 43 1486.04 1243.57 1027.0 1097.58 918.07 291.99
6921555510568-back_camera0-15.jpg 43 1496.89 1251.68 1038.23 1108.14 917.32 287.07
6921555510568-back_camera0-19.jpg 43 1463.67 1233.06 1003.32 1076.54 920.7 313.04
6921555510568-back_camera0-1.jpg 43 1385.91 1225.6 937.68 1095.91 896.46 259.37
6921555510568-back_camera0-20.jpg 43 1478.75 1223.08 1046.01 1085.19 865.48 275.77
6921555510568-back_camera0-21.jpg 43 1496.55 1213.33 1058.56 1076.54 875.98 273.58
6921555510568-back_camera0-23.jpg 43 1481.78 1212.82 1049.02 1097.35 865.52 230.95
6921555510568-back_camera0-22.jpg 43 1507.53 1213.13 1087.31 1091.82 840.45 242.62
6921555510568-back_camera0-24.jpg 43 1454.47 1205.44 990.17 1076.54 928.6 257.8
6921555510568-back_camera0-26.jpg 43 1404.8 1204.18 957.83 1088.35 893.94 231.67
6921555510568-back_camera0-28.jpg 43 1355.82 1205.44 937.56 1068.65 836.52 273.58
6921555510568-back_camera0-25.jpg 43 1431.37 1208.5 979.95 1090.1 902.83 236.81
6921555510568-back_camera0-27.jpg 43 1386.07 1208.07 945.45 1081.8 881.24 252.54
6921555510568-back_camera0-29.jpg 43 1345.62 1202.92 970.42 1085.83 750.4 234.19
6921555510568-back_camera0-2.jpg 43 1404.49 1231.74 940.19 1081.8 928.6 299.89
6921555510568-back_camera0-32.jpg 43 1426.31 1222.68 1063.17 1096.61 726.28 252.14
6921555510568-back_camera0-34.jpg 43 1417.63 1218.59 971.75 1081.8 891.77 273.58
6921555510568-back_camera0-31.jpg 43 1389.03 1215.23 1029.83 1087.95 718.4 254.55
6921555510568-back_camera0-30.jpg 43 1345.9 1211.34 990.69 1094.78 710.42 233.11
6921555510568-back_camera0-33.jpg 43 1424.22 1219.91 1005.95 1079.17 836.53 281.47
6921555510568-back_camera0-35.jpg 43 1412.69 1229.59 951.41 1081.94 922.57 295.3
6921555510568-back_camera0-36.jpg 43 1394.37 1237.78 938.46 1094.27 911.81 287.02
6921555510568-back_camera0-37.jpg 43 1384.34 1234.46 919.05 1098.48 930.58 271.96
6921555510568-back_camera0-5.jpg 43 1433.28 1252.16 943.05 1102.58 980.47 299.16
6921555510568-back_camera0-3.jpg 43 1424.92 1240.74 951.09 1095.99 947.66 289.51
6921555510568-back_camera0-38.jpg 43 1366.59 1231.18 899.24 1085.6 934.7 291.16
6921555510568-back_camera0-6.jpg 43 1440.12 1250.82 957.05 1099.45 966.13 302.74
6921555510568-back_camera0-39.jpg 43 1356.89 1236.84 902.36 1092.08 909.06 289.51
6921555510568-back_camera0-4.jpg 43 1431.95 1241.44 941.71 1093.79 980.47 295.3
6921555510568-back_camera0-40.jpg 43 1337.93 1229.18 906.15 1092.69 863.56 272.97
6921555510568-back_camera0-8.jpg 43 1434.99 1259.13 998.39 1115.39 873.21 287.48
6921555510568-back_camera1-10.jpg 43 1351.2 1190.63 1045.3 874.78 611.8 631.7
6921555510568-back_camera1-13.jpg 43 1364.23 1176.4 950.68 820.41 827.1 711.99
6921555510568-back_camera0-7.jpg 43 1438.12 1255.39 973.41 1099.78 929.43 311.23
6921555510568-back_camera0-9.jpg 43 1440.49 1257.88 1045.82 1111.55 789.34 292.65
6921555510568-back_camera1-12.jpg 43 1366.01 1183.34 983.03 838.41 765.96 689.86
6921555510568-back_camera1-11.jpg 43 1366.45 1189.96 1018.77 865.77 695.37 648.39
6921555510568-back_camera1-14.jpg 43 1352.15 1170.74 928.64 811.75 847.02 717.98
6921555510568-back_camera1-15.jpg 43 1343.05 1159.62 905.59 800.87 874.91 717.51
6921555510568-back_camera1-16.jpg 43 1339.7 1145.37 897.99 798.78 883.42 693.17
6921555510568-back_camera1-21.jpg 43 1356.49 1074.31 972.21 804.18 768.56 540.26
6921555510568-back_camera1-17.jpg 43 1335.12 1135.2 896.25 806.93 877.74 656.54
6921555510568-back_camera1-20.jpg 43 1346.02 1075.99 960.56 820.4 770.92 511.19
6921555510568-back_camera1-18.jpg 43 1332.33 1122.12 912.41 817.39 839.84 609.45
6921555510568-back_camera1-22.jpg 43 1332.05 1078.91 922.6 781.13 818.9 595.56
6921555510568-back_camera1-1.jpg 43 1273.38 1176.43 860.62 892.71 825.51 567.44
6921555510568-back_camera1-24.jpg 43 1292.5 1092.72 866.92 752.71 851.16 680.02
6921555510568-back_camera1-25.jpg 43 1269.03 1095.7 845.04 745.46 847.97 700.49
6921555510568-back_camera1-23.jpg 43 1310.5 1083.29 887.64 754.4 845.72 657.78
6921555510568-back_camera1-28.jpg 43 1223.16 1093.72 859.81 769.53 726.7 648.39
6921555510568-back_camera1-29.jpg 43 1214.95 1094.42 892.35 788.37 645.19 612.1
6921555510568-back_camera1-26.jpg 43 1247.11 1097.77 830.51 748.78 833.19 697.98
6921555510568-back_camera1-27.jpg 43 1232.88 1099.89 843.29 759.1 779.19 681.59
6921555510568-back_camera1-2.jpg 43 1282.71 1184.88 851.76 878.0 861.91 613.76
6921555510568-back_camera1-30.jpg 43 1246.99 1088.41 918.7 796.37 656.57 584.09
6921555510568-back_camera1-31.jpg 43 1275.98 1106.01 937.79 799.01 676.39 614.0
6921555510568-back_camera1-32.jpg 43 1269.47 1117.46 893.07 788.57 752.8 657.78
6921555510568-back_camera1-35.jpg 43 1255.94 1148.15 818.78 793.99 874.32 708.33
6921555510568-back_camera1-33.jpg 43 1266.78 1131.79 857.49 786.45 818.58 690.67
6921555510568-back_camera1-37.jpg 43 1237.99 1160.72 805.5 832.45 864.98 656.54
6921555510568-back_camera1-36.jpg 43 1249.66 1156.46 811.54 809.05 876.25 694.82
6921555510568-back_camera1-34.jpg 43 1258.36 1147.05 830.59 793.9 855.53 706.31
6921555510568-back_camera1-38.jpg 43 1227.58 1161.65 808.25 853.54 838.65 616.22
6921555510568-back_camera1-39.jpg 43 1222.7 1157.47 819.81 876.44 805.79 562.06
6921555510568-back_camera1-3.jpg 43 1287.58 1191.45 845.87 863.89 883.42 655.12
6921555510568-back_camera1-5.jpg 43 1300.63 1206.38 860.43 848.26 880.4 716.25
6921555510568-back_camera1-4.jpg 43 1295.18 1196.57 849.33 852.47 891.69 688.2
6921555510568-back_camera1-40.jpg 43 1242.76 1157.94 843.24 905.66 799.05 504.57
6921555510568-back_camera1-6.jpg 43 1308.51 1201.29 879.09 832.8 858.84 736.98
6921555510568-back_camera1-8.jpg 43 1312.12 1199.2 945.41 850.82 733.42 696.75
6921555510568-back_camera1-7.jpg 43 1311.4 1198.38 908.1 838.6 806.61 719.57
6921555510568-back_camera1-9.jpg 43 1327.38 1197.11 997.34 867.07 660.08 660.08
6921555510568-back_camera2-11.jpg 43 1304.65 829.66 950.79 520.56 707.73 618.2
6921555510568-back_camera2-14.jpg 43 1262.04 830.23 868.31 446.42 787.46 767.61
6921555510568-back_camera2-13.jpg 43 1282.28 828.53 890.04 453.35 784.47 750.36
6921555510568-back_camera2-12.jpg 43 1289.74 823.94 917.52 487.88 744.45 672.13
6921555510568-back_camera2-10.jpg 43 1313.86 819.82 977.79 544.72 672.13 550.19
6921555510568-back_camera2-17.jpg 43 1232.65 829.31 874.53 436.36 716.25 785.89
6921555510568-back_camera2-16.jpg 43 1239.4 833.51 861.39 440.61 756.03 785.81
6921555510568-back_camera2-15.jpg 43 1251.85 835.08 861.74 442.84 780.21 784.47
6921555510568-back_camera2-1.jpg 43 1307.47 905.48 998.35 546.02 618.25 718.93
6921555510568-back_camera2-18.jpg 43 1221.46 831.97 890.69 448.97 661.54 765.99
6921555510568-back_camera2-19.jpg 43 1209.93 822.88 911.77 457.73 596.33 730.31
6921555510568-back_camera2-22.jpg 43 1226.45 844.54 887.72 470.11 677.45 748.86
6921555510568-back_camera2-20.jpg 43 1218.57 823.27 937.12 483.79 562.89 678.95
6921555510568-back_camera2-21.jpg 43 1224.52 835.17 922.6 478.66 603.83 713.02
6921555510568-back_camera2-27.jpg 43 1222.59 906.31 833.68 549.25 777.81 714.12
6921555510568-back_camera2-24.jpg 43 1233.07 866.8 844.27 472.19 777.6 789.21
6921555510568-back_camera2-23.jpg 43 1223.55 861.91 858.77 470.11 729.56 783.6
6921555510568-back_camera2-25.jpg 43 1227.92 887.78 831.42 497.67 793.0 780.21
6921555510568-back_camera2-26.jpg 43 1227.83 897.22 836.58 518.37 782.5 757.69
6921555510568-back_camera2-28.jpg 43 1221.62 915.96 841.4 583.99 760.44 663.94
6921555510568-back_camera2-2.jpg 43 1314.3 895.81 971.93 518.61 684.75 754.39
6921555510568-back_camera2-29.jpg 43 1215.02 917.91 855.2 624.27 719.64 587.29
6921555510568-back_camera2-31.jpg 43 1227.27 913.21 861.68 599.85 731.18 626.72
6921555510568-back_camera2-30.jpg 43 1224.37 910.32 879.09 628.87 690.55 562.89
6921555510568-back_camera2-33.jpg 43 1256.28 907.41 861.68 541.82 789.21 731.18
6921555510568-back_camera2-34.jpg 43 1268.11 906.95 871.8 524.16 792.61 765.59
6921555510568-back_camera2-32.jpg 43 1242.85 907.27 862.63 566.62 760.44 681.31
6921555510568-back_camera2-35.jpg 43 1288.19 907.41 884.89 512.81 806.61 789.21
6921555510568-back_camera2-36.jpg 43 1290.25 909.42 911.96 515.69 756.58 787.46
6921555510568-back_camera2-38.jpg 43 1307.51 915.31 980.37 533.16 654.29 764.3
6921555510568-back_camera2-40.jpg 43 1320.12 916.11 1041.57 582.44 557.09 667.34
6921555510568-back_camera2-4.jpg 43 1306.41 870.49 925.91 475.93 761.0 789.12
6921555510568-back_camera2-39.jpg 43 1311.38 918.86 1017.04 555.04 588.67 727.63
6921555510568-back_camera2-3.jpg 43 1302.22 886.21 934.96 488.8 734.53 794.82
6921555510568-back_camera2-37.jpg 43 1299.78 915.0 941.76 518.37 716.05 793.26
6921555510568-back_camera2-6.jpg 43 1305.73 850.27 908.69 473.91 794.08 752.72
6921555510568-back_camera2-5.jpg 43 1305.61 852.28 908.1 460.58 795.01 783.4
6921555510568-back_camera2-7.jpg 43 1299.8 837.78 902.3 472.19 795.01 731.18
6921555510568-back_camera3-12.jpg 43 1476.8 1446.67 1035.77 1223.26 882.05 446.83
6921555510568-back_camera2-8.jpg 43 1313.89 832.5 928.41 496.76 770.97 671.49
6921555510568-back_camera3-10.jpg 43 1488.2 1450.02 1110.76 1246.42 754.89 407.2
6921555510568-back_camera3-11.jpg 43 1487.38 1448.35 1078.61 1232.22 817.53 432.26
6921555510568-back_camera2-9.jpg 43 1315.86 820.62 950.42 524.61 730.87 592.01
6921555510568-back_camera3-14.jpg 43 1461.58 1436.0 985.47 1218.31 952.22 435.39
6921555510568-back_camera3-18.jpg 43 1418.12 1378.8 962.62 1184.83 910.99 387.94
6921555510568-back_camera3-15.jpg 43 1455.5 1425.96 977.82 1206.7 955.35 438.52
6921555510568-back_camera3-13.jpg 43 1468.18 1444.2 1006.9 1222.25 922.57 443.91
6921555510568-back_camera3-20.jpg 43 1475.66 1344.31 1059.6 1168.95 832.13 350.72
6921555510568-back_camera3-16.jpg 43 1446.06 1414.04 967.34 1202.09 957.44 423.91
6921555510568-back_camera3-19.jpg 43 1461.87 1366.6 1035.88 1180.48 851.98 372.23
6921555510568-back_camera3-17.jpg 43 1437.1 1401.34 982.98 1197.86 908.23 406.97
6921555510568-back_camera3-1.jpg 43 1398.56 1434.52 920.88 1219.95 955.35 429.13
6921555510568-back_camera3-22.jpg 43 1421.64 1352.36 976.63 1162.94 890.03 378.84
6921555510568-back_camera3-23.jpg 43 1398.38 1358.9 944.19 1155.3 908.37 407.2
6921555510568-back_camera3-24.jpg 43 1371.2 1357.95 918.6 1159.15 905.2 397.59
6921555510568-back_camera3-25.jpg 43 1353.51 1361.98 916.76 1160.98 873.49 402.0
6921555510568-back_camera3-21.jpg 43 1446.64 1342.79 1008.12 1162.68 877.05 360.22
6921555510568-back_camera3-27.jpg 43 1314.16 1359.23 930.08 1169.12 768.16 380.22
6921555510568-back_camera3-26.jpg 43 1329.2 1357.03 913.96 1160.99 830.48 392.08
6921555510568-back_camera3-28.jpg 43 1314.36 1365.82 960.41 1174.75 707.9 382.14
6921555510568-back_camera3-29.jpg 43 1355.2 1375.36 995.38 1182.63 719.64 385.46
6921555510568-back_camera3-33.jpg 43 1376.28 1407.61 918.51 1180.74 915.53 453.74
6921555510568-back_camera3-2.jpg 43 1395.92 1444.1 914.37 1225.04 963.1 438.12
6921555510568-back_camera3-31.jpg 43 1389.55 1390.76 980.37 1176.52 818.35 428.47
6921555510568-back_camera3-30.jpg 43 1392.19 1385.8 1021.01 1182.2 742.36 407.2
6921555510568-back_camera3-32.jpg 43 1384.73 1402.36 951.3 1183.98 866.87 436.75
6921555510568-back_camera3-35.jpg 43 1354.8 1415.78 889.65 1188.04 930.29 455.49
6921555510568-back_camera3-34.jpg 43 1367.43 1416.03 899.15 1187.37 936.56 457.32
6921555510568-back_camera3-37.jpg 43 1323.63 1413.43 878.62 1208.29 890.03 410.28
6921555510568-back_camera3-38.jpg 43 1307.62 1404.69 877.21 1208.79 860.81 391.8
6921555510568-back_camera3-36.jpg 43 1340.99 1417.04 878.97 1199.35 924.03 435.39
6921555510568-back_camera3-39.jpg 43 1350.45 1403.72 906.26 1215.96 888.38 375.53
6921555510568-back_camera3-40.jpg 43 1387.07 1422.76 934.47 1221.07 905.2 403.38
6921555510568-back_camera3-3.jpg 43 1402.36 1454.2 919.29 1232.52 966.13 443.36
6921555510568-back_camera3-4.jpg 43 1406.12 1468.54 930.01 1238.32 952.22 460.45
6921555510568-back_camera3-5.jpg 43 1402.3 1462.87 945.84 1238.98 912.92 447.77
6921555510568_camera0-11.jpg 43 1426.53 1230.09 1053.78 1098.53 745.49 263.11
6921555510568_camera0-13.jpg 43 1451.41 1232.81 1093.38 1104.46 716.05 256.7
6921555510568-back_camera3-6.jpg 43 1399.98 1471.46 966.94 1241.24 866.08 460.45
6921555510568-back_camera3-8.jpg 43 1425.37 1451.96 1072.17 1251.79 706.4 400.35
6921555510568-back_camera3-9.jpg 43 1477.63 1440.99 1137.67 1252.39 679.93 377.19
6921555510568-back_camera3-7.jpg 43 1411.64 1459.96 1018.54 1243.83 786.21 432.26
6921555510568_camera0-14.jpg 43 1450.34 1230.56 1051.64 1102.35 797.39 256.42
6921555510568_camera0-10.jpg 43 1438.67 1228.7 1031.21 1106.28 814.92 244.84
6921555510568_camera0-12.jpg 43 1420.07 1230.64 1086.84 1107.99 666.46 245.31
6921555510568_camera0-16.jpg 43 1435.14 1238.92 978.34 1106.6 913.61 264.65
6921555510568_camera0-15.jpg 43 1445.22 1233.33 1012.73 1104.29 864.98 258.08
6921555510568_camera0-17.jpg 43 1425.57 1237.58 953.67 1097.65 943.8 279.86
6921555510568_camera0-18.jpg 43 1422.36 1236.72 943.11 1103.82 958.49 265.8
6921555510568_camera0-19.jpg 43 1413.66 1239.24 935.97 1103.17 955.38 272.14
6921555510568_camera0-20.jpg 43 1408.57 1233.98 942.64 1098.77 931.86 270.42
6921555510568_camera0-1.jpg 43 1399.97 1216.12 980.6 1089.57 838.75 253.11
6921555510568_camera0-28.jpg 43 1376.99 1211.1 914.74 1074.06 924.5 274.07
6921555510568_camera0-21.jpg 43 1408.89 1229.54 966.72 1096.15 884.35 266.77
6921555510568_camera0-29.jpg 43 1366.79 1205.05 930.87 1071.05 871.84 268.0
6921555510568_camera0-22.jpg 43 1432.51 1224.31 1011.36 1093.86 842.29 260.91
6921555510568_camera0-24.jpg 43 1443.38 1210.87 1010.18 1083.96 866.4 253.82
6921555510568_camera0-25.jpg 43 1420.39 1213.2 969.08 1083.47 902.63 259.46
6921555510568_camera0-26.jpg 43 1400.71 1206.97 935.84 1078.76 929.74 256.42
6921555510568_camera0-23.jpg 43 1459.77 1219.94 1045.77 1087.73 828.0 264.42
6921555510568_camera0-32.jpg 43 1427.38 1208.14 1032.71 1069.28 789.34 277.73
6921555510568_camera0-27.jpg 43 1386.33 1206.43 921.34 1078.08 929.97 256.7
6921555510568_camera0-2.jpg 43 1449.51 1213.18 1003.66 1089.11 891.69 248.15
6921555510568_camera0-31.jpg 43 1366.24 1209.06 977.44 1069.83 777.6 278.46
6921555510568_camera0-30.jpg 43 1372.63 1207.31 944.16 1070.88 856.95 272.86
6921555510568_camera0-33.jpg 43 1477.13 1204.88 1086.3 1071.7 781.67 266.35
6921555510568_camera0-34.jpg 43 1500.52 1208.36 1094.24 1080.01 812.56 256.7
6921555510568_camera0-39.jpg 43 1430.9 1210.82 972.02 1079.26 917.77 263.11
6921555510568_camera0-37.jpg 43 1467.14 1211.8 1001.45 1085.24 931.39 253.11
6921555510568_camera0-35.jpg 43 1488.18 1207.2 1054.75 1075.68 866.87 263.04
6921555510568_camera0-7.jpg 43 1471.57 1229.59 1001.6 1108.96 939.94 241.26
6921555510568_camera0-4.jpg 43 1485.74 1221.17 1019.92 1096.33 931.64 249.69
6921555510568_camera0-38.jpg 43 1448.68 1213.62 982.16 1085.41 933.05 256.42
6921555510568_camera0-3.jpg 43 1477.78 1216.5 1028.3 1098.58 898.97 235.85
6921555510568_camera0-36.jpg 43 1478.79 1211.59 1023.61 1086.09 910.36 250.99
6921555510568_camera0-6.jpg 43 1474.51 1225.58 995.86 1103.98 957.31 243.19
6921555510568_camera0-5.jpg 43 1477.4 1225.94 994.89 1098.56 965.03 254.77
6921555510568_camera0-40.jpg 43 1414.12 1216.36 973.23 1090.95 881.79 250.81
6921555510568_camera0-8.jpg 43 1463.94 1233.95 1010.65 1114.84 906.58 238.22
6921555510568_camera0-9.jpg 43 1449.69 1232.85 1013.77 1108.77 871.84 248.15
6921555510568_camera1-10.jpg 43 1300.76 1115.24 948.36 787.61 704.79 655.26
6921555510568_camera1-11.jpg 43 1290.7 1114.57 978.74 817.5 623.92 594.14
6921555510568_camera1-12.jpg 43 1308.46 1112.32 979.57 819.45 657.78 585.74
6921555510568_camera1-14.jpg 43 1301.72 1107.52 899.3 773.62 804.84 667.8
6921555510568_camera1-15.jpg 43 1297.65 1115.65 868.27 766.66 858.77 697.98
6921555510568_camera1-16.jpg 43 1289.75 1115.57 845.2 764.61 889.09 701.91
6921555510568_camera1-17.jpg 43 1283.11 1116.6 829.05 760.6 908.11 711.99
6921555510568_camera1-13.jpg 43 1305.97 1112.5 936.23 794.04 739.49 636.92
6921555510568_camera1-22.jpg 43 1315.93 1110.51 932.22 827.03 767.42 566.95
6921555510568_camera1-1.jpg 43 1281.6 1113.92 882.9 844.27 797.39 539.31
6921555510568_camera1-18.jpg 43 1279.49 1114.25 826.86 768.97 905.27 690.56
6921555510568_camera1-19.jpg 43 1282.42 1111.44 844.85 788.02 875.14 646.85
6921555510568_camera1-23.jpg 43 1298.8 1113.96 890.41 801.29 816.77 625.34
6921555510568_camera1-20.jpg 43 1282.39 1117.14 861.68 815.39 841.43 603.51
6921555510568_camera1-21.jpg 43 1290.69 1110.62 904.4 840.96 772.58 539.31
6921555510568_camera1-24.jpg 43 1287.61 1116.48 857.0 775.41 861.21 682.15
6921555510568_camera1-25.jpg 43 1265.48 1125.97 827.91 765.33 875.14 721.29
6921555510568_camera1-28.jpg 43 1241.77 1117.15 821.06 745.76 841.43 742.78
6921555510568_camera1-26.jpg 43 1256.28 1128.75 809.45 751.56 893.66 754.39
6921555510568_camera1-27.jpg 43 1241.78 1117.14 803.65 739.95 876.25 754.39
6921555510568_camera1-29.jpg 43 1238.0 1101.02 856.88 757.84 762.24 686.35
6921555510568_camera1-2.jpg 43 1326.25 1098.75 911.48 821.02 829.54 555.46
6921555510568_camera1-33.jpg 43 1338.36 1123.91 968.78 793.94 739.15 659.95
6921555510568_camera1-30.jpg 43 1242.12 1102.27 875.47 763.33 733.31 677.88
6921555510568_camera1-34.jpg 43 1336.63 1133.53 929.48 783.93 814.31 699.2
6921555510568_camera1-32.jpg 43 1325.95 1106.8 979.28 802.55 693.35 608.5
6921555510568_camera1-31.jpg 43 1274.12 1088.93 919.71 780.57 708.81 616.71
6921555510568_camera1-35.jpg 43 1327.55 1129.78 899.05 774.82 856.99 709.92
6921555510568_camera1-37.jpg 43 1309.66 1138.7 866.44 776.92 886.44 723.56
6921555510568_camera1-36.jpg 43 1319.3 1136.74 881.73 773.61 875.14 726.25
6921555510568_camera1-39.jpg 43 1288.51 1121.13 864.61 799.55 847.81 643.17
6921555510568_camera1-38.jpg 43 1293.84 1130.33 859.68 789.51 868.31 681.64
6921555510568_camera1-3.jpg 43 1332.48 1104.75 902.91 809.42 859.15 590.66
6921555510568_camera1-40.jpg 43 1265.72 1117.08 869.95 824.34 791.54 585.47
6921555510568_camera1-5.jpg 43 1326.88 1109.76 876.47 768.1 900.83 683.32
6921555510568_camera1-4.jpg 43 1331.59 1101.11 885.23 786.31 892.71 629.59
6921555510568_camera1-6.jpg 43 1326.98 1111.45 884.81 764.29 884.35 694.33
6921555510568_camera1-9.jpg 43 1308.62 1112.0 923.08 770.32 771.07 683.36
6921555510568_camera1-8.jpg 43 1318.98 1114.72 903.21 766.12 831.54 697.19
6921555510568_camera2-11.jpg 43 1279.9 847.16 935.35 555.86 689.11 582.61
6921555510568_camera2-14.jpg 43 1248.28 878.94 859.46 514.18 777.64 729.52
6921555510568_camera1-7.jpg 43 1323.23 1116.43 890.19 761.96 866.08 708.95
6921555510568_camera2-12.jpg 43 1263.36 882.33 918.3 591.71 690.12 581.23
6921555510568_camera2-16.jpg 43 1231.54 877.38 834.86 477.16 793.36 800.43
6921555510568_camera2-15.jpg 43 1235.61 886.12 834.85 487.49 801.52 797.26
6921555510568_camera2-10.jpg 43 1266.35 840.72 895.12 518.99 742.45 643.45
6921555510568_camera2-13.jpg 43 1253.8 877.42 879.23 543.05 749.14 668.75
6921555510568_camera2-17.jpg 43 1226.37 877.19 837.86 472.49 777.02 809.4
6921555510568_camera2-18.jpg 43 1230.37 866.76 852.78 466.55 755.17 800.43
6921555510568_camera2-19.jpg 43 1231.13 868.25 876.28 475.35 709.71 785.81
6921555510568_camera2-20.jpg 43 1232.4 859.33 907.1 488.79 650.6 741.07
6921555510568_camera2-1.jpg 43 1276.94 877.12 980.64 527.52 592.61 699.2
6921555510568_camera2-23.jpg 43 1282.26 881.22 948.36 502.93 667.8 756.58
6921555510568_camera2-21.jpg 43 1242.71 850.06 950.72 505.13 583.98 689.86
6921555510568_camera2-22.jpg 43 1280.7 868.87 982.87 516.22 595.66 705.29
6921555510568_camera2-25.jpg 43 1276.78 898.65 888.84 496.65 775.88 804.01
6921555510568_camera2-26.jpg 43 1277.0 907.92 872.26 499.16 809.48 817.53
6921555510568_camera2-24.jpg 43 1276.68 887.5 914.53 494.83 724.3 785.34
6921555510568_camera2-29.jpg 43 1260.09 894.73 879.59 551.45 761.0 686.55
6921555510568_camera2-27.jpg 43 1277.5 901.53 868.33 509.68 818.34 783.69
6921555510568_camera2-2.jpg 43 1249.33 859.15 939.14 501.82 620.38 714.67
6921555510568_camera2-28.jpg 43 1272.1 900.1 867.07 518.52 810.05 763.15
6921555510568_camera2-34.jpg 43 1286.09 844.1 893.26 484.72 785.66 718.75
6921555510568_camera2-31.jpg 43 1247.21 884.2 906.18 597.06 682.06 574.29
6921555510568_camera2-33.jpg 43 1277.12 844.92 902.08 519.84 750.07 650.16
6921555510568_camera2-30.jpg 43 1255.39 895.6 880.21 563.05 750.36 665.09
6921555510568_camera2-32.jpg 43 1269.64 847.0 919.4 555.6 700.49 582.8
6921555510568_camera2-35.jpg 43 1296.13 847.27 891.11 459.3 810.05 775.94
6921555510568_camera2-38.jpg 43 1296.12 858.99 917.83 465.14 756.59 787.7
6921555510568_camera2-36.jpg 43 1295.66 848.4 896.14 451.78 799.05 793.25
6921555510568_camera2-37.jpg 43 1296.83 853.54 909.24 456.71 775.17 793.67
6921555510568_camera2-3.jpg 43 1248.98 855.92 916.65 484.7 664.67 742.45
6921555510568_camera2-40.jpg 43 1289.86 874.9 964.06 494.39 651.59 761.02
6921555510568_camera2-7.jpg 43 1252.63 829.75 853.94 442.17 797.38 775.17
6921555510568_camera2-39.jpg 43 1293.18 865.24 940.93 479.99 704.5 770.49
6921555510568_camera2-4.jpg 43 1250.12 844.82 889.66 458.46 720.91 772.71
6921555510568_camera2-6.jpg 43 1251.72 833.45 846.34 435.53 810.76 795.84
6921555510568_camera2-5.jpg 43 1251.91 838.34 863.4 445.51 777.02 785.66
6921555510568_camera2-9.jpg 43 1260.06 837.07 865.5 484.94 789.11 704.26
6921555510568_camera3-12.jpg 43 1418.2 1393.64 1027.54 1205.05 781.32 377.19
6921555510568_camera3-10.jpg 43 1389.94 1388.52 1061.56 1209.07 656.77 358.91
6921555510568_camera2-8.jpg 43 1255.11 834.94 855.6 462.31 799.01 745.27
6921555510568_camera3-11.jpg 43 1420.57 1395.64 1066.17 1213.07 708.8 365.14
6921555510568_camera3-15.jpg 43 1395.7 1404.82 931.34 1199.46 928.73 410.71
6921555510568_camera3-13.jpg 43 1412.4 1403.28 982.75 1202.63 859.31 401.29
6921555510568_camera3-16.jpg 43 1392.57 1403.68 920.8 1201.1 943.53 405.16
6921555510568_camera3-14.jpg 43 1401.82 1403.53 944.81 1193.99 914.03 419.07
6921555510568_camera3-17.jpg 43 1382.29 1401.67 914.22 1200.02 936.13 403.31
6921555510568_camera3-18.jpg 43 1377.25 1401.03 918.35 1203.04 917.8 395.97
6921555510568_camera3-1.jpg 43 1435.54 1381.72 989.71 1204.49 891.66 354.47
6921555510568_camera3-21.jpg 43 1428.13 1365.91 1026.67 1182.76 802.93 366.31
6921555510568_camera3-19.jpg 43 1381.74 1400.61 945.47 1212.52 872.55 376.17
6921555510568_camera3-20.jpg 43 1391.33 1393.52 963.86 1202.81 854.94 381.43
6921555510568_camera3-23.jpg 43 1388.13 1365.6 936.82 1159.13 902.63 412.94
6921555510568_camera3-22.jpg 43 1411.18 1359.63 981.98 1168.72 858.41 381.83
6921555510568_camera3-24.jpg 43 1372.07 1363.92 917.72 1152.39 908.69 423.05
6921555510568_camera3-26.jpg 43 1347.7 1365.14 894.44 1145.91 906.53 438.46
6921555510568_camera3-2.jpg 43 1447.56 1384.66 988.66 1201.53 917.8 366.27
6921555510568_camera3-25.jpg 43 1358.69 1364.81 895.11 1145.55 927.16 438.52
6921555510568_camera3-30.jpg 43 1388.81 1355.12 1000.3 1167.34 777.02 375.56
6921555510568_camera3-27.jpg 43 1338.72 1360.64 892.84 1139.67 891.77 441.94
6921555510568_camera3-31.jpg 43 1444.44 1357.9 1060.8 1177.29 767.29 361.22
6921555510568_camera3-29.jpg 43 1363.24 1354.01 977.97 1156.34 770.55 395.35
6921555510568_camera3-28.jpg 43 1334.99 1365.0 910.56 1148.87 848.86 432.26
6921555510568_camera3-33.jpg 43 1459.48 1353.53 1034.89 1165.75 849.18 375.56
6921555510568_camera3-36.jpg 43 1415.58 1363.95 955.26 1165.26 920.63 397.39
6921555510568_camera3-32.jpg 43 1464.99 1350.12 1066.45 1158.09 797.07 384.06
6921555510568_camera3-35.jpg 43 1434.09 1358.46 976.2 1161.43 915.78 394.06
6921555510568_camera3-38.jpg 43 1385.88 1364.83 947.36 1167.49 877.05 394.67
6921555510568_camera3-39.jpg 43 1363.72 1363.27 945.45 1184.39 836.53 357.76
6921555510568_camera3-3.jpg 43 1447.63 1384.65 977.45 1199.12 940.36 371.07
6921555510568_camera3-34.jpg 43 1440.0 1352.75 992.8 1160.72 894.4 384.06
6921555510568_camera3-37.jpg 43 1402.45 1362.85 949.31 1162.79 906.28 400.11
6921555510568_camera3-7.jpg 43 1417.64 1388.26 987.54 1187.02 860.2 402.48
6921555510568_camera3-4.jpg 43 1444.32 1390.78 972.55 1202.08 943.53 377.41
6921555510568_camera3-6.jpg 43 1428.16 1375.11 979.65 1171.24 897.03 407.74
6921555510568_camera3-8.jpg 43 1406.6 1386.16 1006.06 1196.53 801.08 379.26
6921555510568_camera3-40.jpg 43 1398.89 1370.99 967.34 1200.4 863.11 341.17
6921555510568_camera3-5.jpg 43 1433.75 1391.07 971.96 1182.99 923.58 416.15
6921555510568_camera3-9.jpg 43 1387.38 1389.58 1021.73 1194.91 731.3 389.33
