6921555581667-back_camera0-10.jpg 44 1310.9 1217.45 848.39 1085.17 925.03 264.56
6921555581667-back_camera0-11.jpg 44 1297.94 1218.59 863.9 1081.8 868.09 273.58
6921555581667-back_camera0-12.jpg 44 1306.63 1220.42 917.2 1087.22 778.87 266.41
6921555581667-back_camera0-13.jpg 44 1378.3 1231.32 979.5 1084.95 797.6 292.74
6921555581667-back_camera0-16.jpg 44 1425.53 1242.27 916.51 1068.65 1018.04 347.24
6921555581667-back_camera0-14.jpg 44 1429.11 1236.34 1013.18 1078.08 831.86 316.53
6921555581667-back_camera0-15.jpg 44 1436.14 1237.41 961.6 1072.97 949.09 328.89
6921555581667-back_camera0-17.jpg 44 1422.93 1243.75 895.67 1082.8 1054.53 321.91
6921555581667-back_camera0-18.jpg 44 1415.01 1248.85 866.53 1073.91 1096.95 349.87
6921555581667-back_camera0-19.jpg 44 1410.26 1246.75 865.8 1081.76 1088.92 329.98
6921555581667-back_camera0-20.jpg 44 1407.33 1238.86 871.32 1068.46 1072.01 340.79
6921555581667-back_camera0-21.jpg 44 1405.67 1240.06 897.83 1077.25 1015.68 325.61
6921555581667-back_camera0-22.jpg 44 1419.6 1236.63 936.33 1077.84 966.54 317.58
6921555581667-back_camera0-25.jpg 44 1506.09 1216.41 1007.17 1076.48 997.84 279.86
6921555581667-back_camera0-1.jpg 44 1359.76 1204.12 884.94 1073.91 949.64 260.43
6921555581667-back_camera0-23.jpg 44 1468.84 1230.86 995.22 1077.3 947.23 307.11
6921555581667-back_camera0-24.jpg 44 1505.76 1215.96 1037.52 1071.28 936.49 289.36
6921555581667-back_camera0-30.jpg 44 1453.9 1213.0 1008.19 1083.32 891.42 259.37
6921555581667-back_camera0-29.jpg 44 1463.67 1217.28 979.65 1084.43 968.05 265.69
6921555581667-back_camera0-26.jpg 44 1500.49 1214.26 988.05 1078.28 1024.88 271.96
6921555581667-back_camera0-2.jpg 44 1340.99 1203.64 887.25 1080.14 907.47 247.0
6921555581667-back_camera0-31.jpg 44 1443.94 1208.07 1037.52 1084.43 812.85 247.27
6921555581667-back_camera0-28.jpg 44 1477.83 1213.0 975.46 1083.32 1004.74 259.37
6921555581667-back_camera0-27.jpg 44 1488.67 1217.28 979.65 1079.17 1018.04 276.21
6921555581667-back_camera0-33.jpg 44 1519.37 1204.18 1141.65 1085.83 755.44 236.7
6921555581667-back_camera0-32.jpg 44 1466.66 1216.15 1084.98 1087.94 763.37 256.43
6921555581667-back_camera0-34.jpg 44 1523.17 1215.62 1103.8 1089.89 838.75 251.46
6921555581667-back_camera0-35.jpg 44 1514.33 1211.74 1058.55 1090.87 911.56 241.74
6921555581667-back_camera0-36.jpg 44 1491.29 1219.9 1008.58 1092.32 965.42 255.17
6921555581667-back_camera0-38.jpg 44 1445.37 1214.84 930.87 1092.42 1029.0 244.84
6921555581667-back_camera0-37.jpg 44 1467.76 1214.26 962.87 1095.91 1009.77 236.7
6921555581667-back_camera0-3.jpg 44 1375.55 1213.33 919.14 1087.06 912.81 252.54
6921555581667-back_camera0-39.jpg 44 1418.81 1215.28 899.52 1085.25 1038.58 260.06
6921555581667-back_camera0-40.jpg 44 1388.7 1210.7 887.58 1089.69 1002.25 242.01
6921555581667-back_camera0-4.jpg 44 1408.39 1209.26 948.96 1087.31 918.87 243.9
6921555581667-back_camera0-5.jpg 44 1403.55 1214.26 935.17 1098.42 936.75 231.67
6921555581667-back_camera0-6.jpg 44 1383.39 1216.78 897.39 1093.39 972.0 246.78
6921555581667-back_camera0-7.jpg 44 1366.6 1221.46 870.3 1089.12 992.6 264.69
6921555581667-back_camera0-9.jpg 44 1326.76 1220.37 843.11 1087.43 967.3 265.87
6921555581667-back_camera1-10.jpg 44 1191.01 1164.67 789.55 802.06 802.93 725.22
6921555581667-back_camera1-11.jpg 44 1189.83 1169.39 825.87 826.94 727.91 684.9
6921555581667-back_camera0-8.jpg 44 1349.45 1226.64 849.85 1085.69 999.21 281.91
6921555581667-back_camera1-13.jpg 44 1273.1 1193.12 893.9 848.57 758.39 689.1
6921555581667-back_camera1-12.jpg 44 1232.05 1173.73 875.54 854.44 713.02 638.57
6921555581667-back_camera1-15.jpg 44 1279.14 1210.05 818.83 814.91 920.63 790.29
6921555581667-back_camera1-14.jpg 44 1282.67 1195.38 864.66 826.47 836.02 737.81
6921555581667-back_camera1-16.jpg 44 1275.66 1217.05 785.43 809.8 980.47 814.49
6921555581667-back_camera1-1.jpg 44 1215.91 1083.84 791.89 834.71 848.04 498.26
6921555581667-back_camera1-18.jpg 44 1276.37 1204.18 776.52 828.98 999.7 750.4
6921555581667-back_camera1-19.jpg 44 1274.59 1204.76 781.59 835.01 985.99 739.49
6921555581667-back_camera1-17.jpg 44 1275.59 1209.38 771.83 818.74 1007.51 781.28
6921555581667-back_camera1-21.jpg 44 1287.61 1186.83 839.95 869.2 895.32 635.25
6921555581667-back_camera1-20.jpg 44 1272.92 1197.01 797.76 857.13 950.33 679.75
6921555581667-back_camera1-22.jpg 44 1307.86 1167.68 894.88 891.94 825.95 551.47
6921555581667-back_camera1-24.jpg 44 1351.88 1155.45 900.73 818.74 902.29 673.43
6921555581667-back_camera1-23.jpg 44 1347.03 1161.43 919.39 852.07 855.29 618.72
6921555581667-back_camera1-25.jpg 44 1345.49 1165.81 875.82 802.97 939.33 725.67
6921555581667-back_camera1-26.jpg 44 1344.36 1167.67 872.21 791.21 944.3 752.92
6921555581667-back_camera1-30.jpg 44 1311.1 1138.36 929.66 779.28 762.87 718.15
6921555581667-back_camera1-2.jpg 44 1236.15 1071.27 813.47 829.05 845.37 484.45
6921555581667-back_camera1-27.jpg 44 1334.8 1165.6 857.91 772.75 953.79 785.69
6921555581667-back_camera1-29.jpg 44 1320.74 1154.99 899.19 780.47 843.09 749.04
6921555581667-back_camera1-28.jpg 44 1321.62 1150.19 866.53 766.13 910.18 768.13
6921555581667-back_camera1-36.jpg 44 1325.48 1109.75 854.59 768.55 941.78 682.41
6921555581667-back_camera1-31.jpg 44 1316.36 1131.79 977.01 795.07 678.69 673.43
6921555581667-back_camera1-34.jpg 44 1350.68 1117.92 929.96 792.07 841.44 651.7
6921555581667-back_camera1-37.jpg 44 1305.33 1104.72 819.33 758.48 972.0 692.49
6921555581667-back_camera1-35.jpg 44 1336.84 1116.34 884.7 777.23 904.28 678.21
6921555581667-back_camera1-33.jpg 44 1367.66 1110.74 992.8 802.96 749.72 615.56
6921555581667-back_camera1-32.jpg 44 1360.73 1099.68 1023.3 808.84 674.86 581.69
6921555581667-back_camera1-38.jpg 44 1274.2 1105.28 790.79 772.01 966.83 666.55
6921555581667-back_camera1-5.jpg 44 1244.14 1116.05 791.54 781.18 905.2 669.73
6921555581667-back_camera1-3.jpg 44 1262.43 1084.43 848.12 816.11 828.63 536.64
6921555581667-back_camera1-40.jpg 44 1241.12 1089.62 791.63 811.36 898.97 556.51
6921555581667-back_camera1-7.jpg 44 1215.67 1153.56 749.98 773.89 931.39 759.34
6921555581667-back_camera1-8.jpg 44 1199.73 1154.85 748.49 778.68 902.48 752.34
6921555581667-back_camera1-4.jpg 44 1265.04 1103.46 831.92 806.32 866.24 594.28
6921555581667-back_camera1-39.jpg 44 1259.8 1094.95 787.61 787.17 944.38 615.56
6921555581667-back_camera1-6.jpg 44 1230.1 1131.06 763.02 774.96 934.15 712.19
6921555581667-back_camera2-11.jpg 44 1291.1 925.65 884.89 594.88 812.42 661.54
6921555581667-back_camera1-9.jpg 44 1191.53 1164.51 762.56 787.51 857.94 753.99
6921555581667-back_camera2-14.jpg 44 1305.33 895.71 912.5 526.81 785.66 737.81
6921555581667-back_camera2-12.jpg 44 1297.95 904.24 940.19 613.56 715.52 581.36
6921555581667-back_camera2-10.jpg 44 1279.37 930.53 852.82 564.79 853.09 731.49
6921555581667-back_camera2-13.jpg 44 1294.96 904.55 928.28 571.55 733.37 666.0
6921555581667-back_camera2-15.jpg 44 1312.89 896.97 892.36 481.48 841.06 830.98
6921555581667-back_camera2-19.jpg 44 1316.36 862.14 921.77 424.15 789.17 875.98
6921555581667-back_camera2-17.jpg 44 1321.65 882.12 890.69 426.59 861.93 911.07
6921555581667-back_camera2-23.jpg 44 1305.58 836.83 963.96 463.77 683.24 746.11
6921555581667-back_camera2-16.jpg 44 1315.4 890.68 889.84 458.82 851.13 863.72
6921555581667-back_camera2-20.jpg 44 1323.69 855.34 964.02 437.09 719.35 836.49
6921555581667-back_camera2-21.jpg 44 1318.99 835.85 1000.69 439.94 636.6 791.81
6921555581667-back_camera2-1.jpg 44 1209.63 893.9 897.79 503.48 623.69 780.85
6921555581667-back_camera2-22.jpg 44 1316.66 831.5 1030.85 478.96 571.62 705.08
6921555581667-back_camera2-18.jpg 44 1321.62 868.72 921.77 426.78 799.7 883.88
6921555581667-back_camera2-25.jpg 44 1292.74 818.91 887.32 408.46 810.84 820.91
6921555581667-back_camera2-26.jpg 44 1287.38 821.94 856.43 392.64 861.91 858.6
6921555581667-back_camera2-28.jpg 44 1266.38 812.16 821.81 411.0 889.14 802.33
6921555581667-back_camera2-27.jpg 44 1280.15 812.62 836.96 395.87 886.38 833.5
6921555581667-back_camera2-24.jpg 44 1298.95 833.88 919.48 440.39 758.94 786.99
6921555581667-back_camera2-30.jpg 44 1249.23 805.98 818.98 450.34 860.5 711.28
6921555581667-back_camera2-29.jpg 44 1259.26 808.84 820.17 421.86 878.18 773.95
6921555581667-back_camera2-31.jpg 44 1238.61 810.1 852.07 499.11 773.07 621.98
6921555581667-back_camera2-34.jpg 44 1231.54 836.12 837.69 460.66 787.7 750.93
6921555581667-back_camera2-32.jpg 44 1229.55 816.12 866.53 526.75 726.04 578.73
6921555581667-back_camera2-36.jpg 44 1212.94 850.06 788.6 417.45 848.68 865.22
6921555581667-back_camera2-33.jpg 44 1238.6 823.94 872.21 494.07 732.78 659.75
6921555581667-back_camera2-38.jpg 44 1208.51 866.09 800.77 421.52 815.48 889.14
6921555581667-back_camera2-2.jpg 44 1221.16 902.12 933.38 544.33 575.57 715.58
6921555581667-back_camera2-37.jpg 44 1218.56 853.11 792.04 403.38 853.04 899.46
6921555581667-back_camera2-35.jpg 44 1222.96 838.38 806.9 430.59 832.13 815.59
6921555581667-back_camera2-7.jpg 44 1253.71 920.89 809.26 499.11 888.9 843.57
6921555581667-back_camera2-4.jpg 44 1234.61 904.24 866.92 504.73 735.37 799.01
6921555581667-back_camera2-3.jpg 44 1225.96 896.87 890.13 518.58 671.66 756.58
6921555581667-back_camera2-8.jpg 44 1259.8 922.65 806.03 503.07 907.55 839.16
6921555581667-back_camera2-40.jpg 44 1201.15 882.12 838.47 461.41 725.37 841.43
6921555581667-back_camera2-5.jpg 44 1239.86 912.08 836.96 494.07 805.8 836.02
6921555581667-back_camera2-39.jpg 44 1204.9 873.13 820.25 437.56 769.31 871.14
6921555581667-back_camera2-9.jpg 44 1269.89 924.62 829.6 537.51 880.58 774.23
6921555581667-back_camera2-6.jpg 44 1247.97 917.39 824.44 489.92 847.05 854.94
6921555581667-back_camera3-13.jpg 44 1404.8 1445.93 952.79 1201.67 904.01 488.52
6921555581667-back_camera3-12.jpg 44 1395.26 1433.26 983.62 1202.27 823.29 461.97
6921555581667-back_camera3-15.jpg 44 1393.49 1459.23 851.32 1190.63 1084.33 537.19
6921555581667-back_camera3-11.jpg 44 1343.22 1425.49 945.62 1201.61 795.19 447.77
6921555581667-back_camera3-10.jpg 44 1277.63 1405.64 889.84 1199.15 775.59 412.97
6921555581667-back_camera3-14.jpg 44 1402.39 1454.02 906.72 1202.3 991.34 503.45
6921555581667-back_camera3-16.jpg 44 1382.67 1457.29 839.36 1194.8 1086.62 524.98
6921555581667-back_camera3-1.jpg 44 1341.84 1367.86 882.28 1209.22 919.12 317.28
6921555581667-back_camera3-17.jpg 44 1384.36 1456.01 840.77 1191.68 1087.17 528.66
6921555581667-back_camera3-19.jpg 44 1373.63 1434.64 870.89 1199.88 1005.48 469.51
6921555581667-back_camera3-21.jpg 44 1424.33 1410.53 954.36 1202.09 939.94 416.89
6921555581667-back_camera3-20.jpg 44 1379.49 1421.14 908.62 1194.91 941.75 452.46
6921555581667-back_camera3-18.jpg 44 1375.84 1443.41 857.1 1199.15 1037.47 488.52
6921555581667-back_camera3-22.jpg 44 1475.07 1394.49 1011.85 1203.41 926.43 382.15
6921555581667-back_camera3-23.jpg 44 1475.72 1396.05 983.58 1198.77 984.27 394.56
6921555581667-back_camera3-24.jpg 44 1466.19 1401.07 952.45 1194.29 1027.48 413.55
6921555581667-back_camera3-26.jpg 44 1445.09 1403.12 950.27 1189.08 989.63 428.08
6921555581667-back_camera3-25.jpg 44 1458.41 1407.99 945.45 1189.65 1025.93 436.68
6921555581667-back_camera3-2.jpg 44 1372.16 1367.48 918.6 1192.81 907.13 349.34
6921555581667-back_camera3-29.jpg 44 1416.55 1382.43 1012.8 1182.33 807.5 400.21
6921555581667-back_camera3-28.jpg 44 1421.17 1389.28 972.94 1179.01 896.46 420.53
6921555581667-back_camera3-27.jpg 44 1432.27 1398.47 946.86 1173.62 970.82 449.7
6921555581667-back_camera3-32.jpg 44 1493.92 1379.05 1084.87 1194.91 818.11 368.28
6921555581667-back_camera3-31.jpg 44 1483.04 1380.1 1104.03 1192.16 758.02 375.88
6921555581667-back_camera3-30.jpg 44 1430.09 1375.06 1053.92 1184.14 752.34 381.83
6921555581667-back_camera3-33.jpg 44 1481.07 1384.05 1029.96 1196.27 902.21 375.56
6921555581667-back_camera3-34.jpg 44 1457.55 1385.31 973.66 1199.19 967.79 372.23
6921555581667-back_camera3-35.jpg 44 1439.89 1381.64 939.27 1197.09 1001.24 369.1
6921555581667-back_camera3-38.jpg 44 1361.08 1377.75 861.27 1200.18 999.62 355.13
6921555581667-back_camera3-39.jpg 44 1339.12 1362.77 862.73 1198.12 952.78 329.31
6921555581667-back_camera3-3.jpg 44 1372.43 1375.79 904.25 1191.33 936.36 368.92
6921555581667-back_camera3-36.jpg 44 1410.18 1379.73 901.07 1196.69 1018.21 366.07
6921555581667-back_camera3-37.jpg 44 1382.12 1371.16 871.79 1187.02 1020.67 368.28
6921555581667-back_camera3-6.jpg 44 1314.86 1401.63 825.52 1191.65 978.68 419.96
6921555581667-back_camera3-4.jpg 44 1360.78 1386.83 872.14 1186.36 977.28 400.94
6921555581667-back_camera3-40.jpg 44 1319.47 1367.06 861.08 1196.25 916.78 341.62
6921555581667-back_camera3-5.jpg 44 1340.59 1393.05 849.55 1191.6 982.07 402.9
6921555581667-back_camera3-8.jpg 44 1282.96 1410.27 821.4 1194.38 923.12 431.78
6921555581667-back_camera3-7.jpg 44 1287.42 1406.67 808.66 1192.28 957.53 428.78
6921555581667-back_camera3-9.jpg 44 1274.01 1413.75 854.97 1202.85 838.08 421.81
6921555581667_camera0-11.jpg 44 1437.89 1219.39 1032.26 1083.14 811.27 272.51
6921555581667_camera0-12.jpg 44 1510.7 1222.58 1111.18 1079.75 799.05 285.65
6921555581667_camera0-10.jpg 44 1412.38 1221.22 982.28 1079.17 860.2 284.1
6921555581667_camera0-14.jpg 44 1526.29 1221.91 1072.1 1086.86 908.38 270.11
6921555581667_camera0-17.jpg 44 1483.14 1223.38 974.57 1078.62 1017.14 289.51
6921555581667_camera0-18.jpg 44 1463.23 1224.62 955.28 1076.62 1015.91 296.0
6921555581667_camera0-16.jpg 44 1501.78 1222.33 1004.11 1086.35 995.33 271.96
6921555581667_camera0-13.jpg 44 1531.4 1223.12 1107.89 1080.84 847.02 284.55
6921555581667_camera0-15.jpg 44 1517.82 1221.24 1037.33 1088.04 960.97 266.41
6921555581667_camera0-21.jpg 44 1475.28 1212.28 997.6 1080.72 955.35 263.11
6921555581667_camera0-19.jpg 44 1446.58 1221.22 958.6 1079.17 975.95 284.1
6921555581667_camera0-20.jpg 44 1433.39 1221.02 967.28 1083.98 932.22 274.07
6921555581667_camera0-22.jpg 44 1496.84 1213.49 1032.47 1093.23 928.73 240.51
6921555581667_camera0-24.jpg 44 1471.36 1212.41 970.62 1087.02 1001.48 250.78
6921555581667_camera0-25.jpg 44 1456.12 1215.66 939.14 1085.8 1033.96 259.73
6921555581667_camera0-23.jpg 44 1504.39 1206.81 1033.55 1087.48 941.68 238.66
6921555581667_camera0-2.jpg 44 1432.25 1219.72 962.74 1093.15 939.02 253.14
6921555581667_camera0-28.jpg 44 1387.99 1209.33 902.35 1090.0 971.28 238.66
6921555581667_camera0-26.jpg 44 1432.11 1208.07 921.77 1084.43 1020.67 247.27
6921555581667_camera0-27.jpg 44 1398.81 1214.28 900.02 1088.55 997.57 251.46
6921555581667_camera0-29.jpg 44 1366.49 1214.85 908.73 1091.35 915.53 247.0
6921555581667_camera0-30.jpg 44 1355.14 1212.38 934.42 1093.59 841.44 237.58
6921555581667_camera0-31.jpg 44 1363.78 1215.34 979.9 1100.63 767.77 229.41
6921555581667_camera0-36.jpg 44 1401.86 1226.48 887.58 1100.21 1028.56 252.54
6921555581667_camera0-33.jpg 44 1440.83 1224.17 1023.64 1106.8 834.37 234.75
6921555581667_camera0-32.jpg 44 1411.02 1216.71 1027.45 1096.89 767.14 239.64
6921555581667_camera0-34.jpg 44 1430.8 1222.53 982.28 1097.58 897.03 249.91
6921555581667_camera0-35.jpg 44 1424.22 1223.25 945.06 1102.38 958.33 241.74
6921555581667_camera0-37.jpg 44 1400.38 1225.33 884.91 1095.22 1030.94 260.21
6921555581667_camera0-5.jpg 44 1448.2 1221.05 906.74 1084.62 1082.91 272.86
6921555581667_camera0-3.jpg 44 1449.56 1222.14 958.22 1088.97 982.68 266.35
6921555581667_camera0-40.jpg 44 1369.55 1221.82 904.95 1095.91 929.19 251.81
6921555581667_camera0-38.jpg 44 1382.73 1228.84 872.21 1100.86 1021.04 255.97
6921555581667_camera0-39.jpg 44 1380.88 1224.34 884.8 1095.91 992.15 256.85
6921555581667_camera0-6.jpg 44 1434.73 1225.14 891.42 1086.18 1086.62 277.93
6921555581667_camera0-4.jpg 44 1445.63 1223.83 912.1 1084.96 1067.07 277.73
6921555581667_camera0-7.jpg 44 1421.59 1229.11 905.99 1084.43 1031.19 289.36
6921555581667_camera0-9.jpg 44 1415.54 1221.04 941.2 1080.8 948.68 280.48
6921555581667_camera1-12.jpg 44 1372.06 1148.78 993.08 803.8 757.96 689.97
6921555581667_camera1-11.jpg 44 1342.66 1147.56 992.8 826.63 699.73 641.86
6921555581667_camera1-10.jpg 44 1291.88 1140.95 933.71 810.08 716.33 661.74
6921555581667_camera1-14.jpg 44 1363.93 1152.2 912.69 770.26 902.48 763.89
6921555581667_camera0-8.jpg 44 1420.58 1219.91 915.51 1084.86 1010.13 270.11
6921555581667_camera1-13.jpg 44 1370.86 1152.24 953.04 777.06 835.63 750.36
6921555581667_camera1-15.jpg 44 1355.83 1143.62 887.58 760.87 936.49 765.5
6921555581667_camera1-17.jpg 44 1329.79 1129.65 854.99 757.43 949.59 744.45
6921555581667_camera1-1.jpg 44 1278.22 1137.04 850.75 873.98 854.94 526.12
6921555581667_camera1-16.jpg 44 1344.37 1139.97 867.18 755.96 954.37 768.03
6921555581667_camera1-20.jpg 44 1313.09 1096.57 888.13 815.85 849.92 561.43
6921555581667_camera1-19.jpg 44 1305.33 1108.49 862.14 793.73 886.38 629.53
6921555581667_camera1-22.jpg 44 1346.94 1073.94 904.41 790.22 885.07 567.44
6921555581667_camera1-18.jpg 44 1311.65 1118.59 854.64 777.06 914.03 683.05
6921555581667_camera1-21.jpg 44 1353.52 1071.35 932.22 811.37 842.59 519.96
6921555581667_camera1-23.jpg 44 1333.03 1080.8 872.21 771.07 921.64 619.46
6921555581667_camera1-24.jpg 44 1308.07 1086.88 825.0 742.78 966.13 688.2
6921555581667_camera1-26.jpg 44 1274.2 1092.1 799.04 730.77 950.33 722.65
6921555581667_camera1-25.jpg 44 1295.26 1085.84 811.78 730.78 966.96 710.11
6921555581667_camera1-27.jpg 44 1254.55 1091.0 806.03 726.67 897.03 728.67
6921555581667_camera1-29.jpg 44 1232.48 1089.38 841.46 752.81 782.04 673.15
6921555581667_camera1-30.jpg 44 1228.38 1091.16 872.28 771.74 712.19 638.85
6921555581667_camera1-28.jpg 44 1247.58 1091.04 803.65 728.35 887.86 725.37
6921555581667_camera1-32.jpg 44 1283.93 1112.28 917.54 786.18 732.78 652.2
6921555581667_camera1-2.jpg 44 1301.89 1150.19 845.49 850.31 912.81 599.77
6921555581667_camera1-31.jpg 44 1275.94 1096.4 926.88 792.0 698.13 608.8
6921555581667_camera1-34.jpg 44 1273.86 1131.16 831.92 768.55 883.87 725.22
6921555581667_camera1-33.jpg 44 1282.45 1123.97 860.08 767.6 844.74 712.75
6921555581667_camera1-36.jpg 44 1259.28 1152.19 773.25 777.62 972.06 749.14
6921555581667_camera1-37.jpg 44 1247.97 1144.93 763.94 784.54 968.05 720.78
6921555581667_camera1-35.jpg 44 1266.78 1146.07 799.04 774.02 935.48 744.1
6921555581667_camera1-38.jpg 44 1246.85 1148.05 778.67 808.91 936.35 678.28
6921555581667_camera1-4.jpg 44 1294.01 1170.19 799.19 808.84 989.63 722.7
6921555581667_camera1-3.jpg 44 1296.71 1159.24 819.9 825.96 953.63 666.55
6921555581667_camera1-39.jpg 44 1247.09 1146.71 795.45 828.25 903.27 636.92
6921555581667_camera1-40.jpg 44 1260.48 1142.42 834.14 856.77 852.68 571.3
6921555581667_camera1-5.jpg 44 1299.26 1165.97 798.14 787.17 1002.25 757.61
6921555581667_camera1-6.jpg 44 1297.78 1167.67 809.26 783.66 977.04 768.03
6921555581667_camera1-9.jpg 44 1289.52 1151.64 885.3 796.92 808.44 709.45
6921555581667_camera1-7.jpg 44 1290.24 1163.81 821.24 778.76 938.01 770.09
6921555581667_camera1-8.jpg 44 1288.19 1160.67 832.66 774.77 911.07 771.8
6921555581667_camera2-11.jpg 44 1301.78 834.25 937.63 545.75 728.3 576.99
6921555581667_camera2-12.jpg 44 1292.77 828.19 890.35 490.43 804.84 675.52
6921555581667_camera2-10.jpg 44 1291.48 836.9 911.6 514.22 759.76 645.36
6921555581667_camera2-15.jpg 44 1258.78 830.32 806.71 407.12 904.13 846.39
6921555581667_camera2-16.jpg 44 1253.23 835.84 811.29 397.85 883.88 875.98
6921555581667_camera2-14.jpg 44 1270.41 825.03 826.5 424.54 887.83 800.98
6921555581667_camera2-13.jpg 44 1283.92 823.95 862.14 456.3 843.57 735.3
6921555581667_camera2-1.jpg 44 1302.53 901.18 1010.48 540.92 584.09 720.52
6921555581667_camera2-18.jpg 44 1237.9 836.36 840.28 415.64 795.24 841.44
6921555581667_camera2-19.jpg 44 1233.2 840.68 864.56 433.44 737.28 814.49
6921555581667_camera2-17.jpg 44 1247.41 835.28 819.33 403.42 856.17 863.72
6921555581667_camera2-21.jpg 44 1233.5 835.84 934.93 455.72 597.14 760.24
6921555581667_camera2-26.jpg 44 1228.56 878.57 793.54 438.74 870.04 879.66
6921555581667_camera2-20.jpg 44 1229.79 840.32 912.5 468.89 634.57 742.85
6921555581667_camera2-23.jpg 44 1231.14 854.2 859.74 425.72 742.8 856.95
6921555581667_camera2-29.jpg 44 1234.81 893.71 832.33 537.27 804.96 712.89
6921555581667_camera2-25.jpg 44 1227.41 871.57 798.94 423.79 856.95 895.55
6921555581667_camera2-24.jpg 44 1226.01 864.24 819.33 428.6 813.36 871.27
6921555581667_camera2-22.jpg 44 1232.18 838.75 891.11 433.72 682.15 810.05
6921555581667_camera2-2.jpg 44 1305.34 891.93 975.46 491.55 659.75 800.77
6921555581667_camera2-28.jpg 44 1229.48 891.42 803.49 488.59 851.98 805.66
6921555581667_camera2-27.jpg 44 1229.56 887.13 798.14 471.5 862.83 831.26
6921555581667_camera2-30.jpg 44 1235.2 899.06 854.08 577.33 762.24 643.45
6921555581667_camera2-33.jpg 44 1253.71 905.79 824.37 529.33 858.68 752.92
6921555581667_camera2-34.jpg 44 1258.43 908.78 815.07 501.82 886.73 813.93
6921555581667_camera2-32.jpg 44 1243.64 903.27 839.48 567.1 808.32 672.34
6921555581667_camera2-38.jpg 44 1283.47 896.35 879.68 474.14 807.59 844.42
6921555581667_camera2-31.jpg 44 1234.83 899.5 862.14 607.39 745.37 584.21
6921555581667_camera2-37.jpg 44 1277.6 903.41 851.05 466.25 853.09 874.32
6921555581667_camera2-40.jpg 44 1289.74 888.38 967.85 511.07 643.78 754.63
6921555581667_camera2-36.jpg 44 1274.27 913.44 837.59 474.14 873.35 878.61
6921555581667_camera2-35.jpg 44 1265.05 905.79 826.89 481.48 876.31 848.61
6921555581667_camera2-39.jpg 44 1287.7 891.93 925.09 491.55 725.22 800.77
6921555581667_camera2-3.jpg 44 1307.4 887.6 939.73 462.98 735.35 849.23
6921555581667_camera2-7.jpg 44 1300.3 855.42 867.18 441.19 866.24 828.47
6921555581667_camera2-4.jpg 44 1306.43 875.25 893.59 425.11 825.68 900.29
6921555581667_camera2-6.jpg 44 1304.52 862.14 866.53 418.89 875.98 886.51
6921555581667_camera2-5.jpg 44 1303.93 869.91 882.9 420.76 842.06 898.31
6921555581667_camera2-8.jpg 44 1292.74 846.62 867.18 448.75 851.13 795.73
6921555581667_camera3-12.jpg 44 1492.8 1403.3 1036.34 1188.1 912.92 430.4
6921555581667_camera3-10.jpg 44 1472.79 1389.27 1078.7 1186.56 788.18 405.42
6921555581667_camera2-9.jpg 44 1289.04 841.79 879.59 473.7 818.9 736.18
6921555581667_camera3-11.jpg 44 1502.64 1398.09 1093.63 1191.96 818.03 412.25
6921555581667_camera3-14.jpg 44 1471.31 1410.39 965.18 1183.82 1012.26 453.14
6921555581667_camera3-13.jpg 44 1482.78 1408.72 998.65 1186.92 968.25 443.59
6921555581667_camera3-16.jpg 44 1432.6 1391.87 936.78 1186.51 991.63 410.71
6921555581667_camera3-15.jpg 44 1445.26 1404.05 937.56 1176.5 1015.4 455.09
6921555581667_camera3-21.jpg 44 1464.16 1359.23 990.39 1189.8 947.54 338.87
6921555581667_camera3-19.jpg 44 1430.12 1373.38 960.15 1185.2 939.94 376.36
6921555581667_camera3-20.jpg 44 1463.24 1365.3 992.13 1186.23 942.22 358.13
6921555581667_camera3-17.jpg 44 1417.38 1393.05 925.09 1191.6 984.59 402.9
6921555581667_camera3-1.jpg 44 1416.42 1391.86 929.22 1199.95 974.41 383.81
6921555581667_camera3-22.jpg 44 1445.81 1362.41 951.85 1182.4 987.91 360.01
6921555581667_camera3-23.jpg 44 1422.07 1354.04 913.3 1174.59 1017.53 358.91
6921555581667_camera3-24.jpg 44 1396.6 1361.96 887.58 1165.98 1018.04 391.96
6921555581667_camera3-26.jpg 44 1357.36 1353.98 873.57 1161.58 967.58 384.81
6921555581667_camera3-18.jpg 44 1402.24 1384.64 939.03 1184.88 926.43 399.52
6921555581667_camera3-25.jpg 44 1376.42 1360.66 861.16 1161.5 1030.53 398.32
6921555581667_camera3-27.jpg 44 1326.88 1358.01 879.68 1168.61 894.4 378.8
6921555581667_camera3-29.jpg 44 1330.28 1359.34 949.17 1179.88 762.22 358.91
6921555581667_camera3-31.jpg 44 1404.48 1375.11 990.17 1184.39 828.63 381.43
6921555581667_camera3-28.jpg 44 1322.39 1355.13 898.14 1170.88 848.51 368.5
6921555581667_camera3-2.jpg 44 1414.8 1392.85 897.03 1191.39 1035.55 402.92
6921555581667_camera3-34.jpg 44 1382.62 1389.87 875.18 1178.44 1014.87 422.86
6921555581667_camera3-32.jpg 44 1399.76 1375.78 956.21 1185.84 887.1 379.88
6921555581667_camera3-30.jpg 44 1375.4 1365.64 992.97 1191.7 764.87 347.89
6921555581667_camera3-35.jpg 44 1368.31 1392.22 861.39 1190.57 1013.83 403.31
6921555581667_camera3-37.jpg 44 1344.29 1397.94 847.3 1198.18 993.98 399.52
6921555581667_camera3-33.jpg 44 1388.08 1383.32 905.64 1183.31 964.88 400.01
6921555581667_camera3-36.jpg 44 1355.15 1394.28 845.46 1200.02 1019.38 388.51
6921555581667_camera3-38.jpg 44 1337.03 1399.07 868.02 1206.34 938.01 385.46
6921555581667_camera3-3.jpg 44 1410.43 1398.99 871.68 1185.99 1077.51 425.99
6921555581667_camera3-9.jpg 44 1402.88 1392.03 1003.38 1186.97 799.01 410.11
6921555581667_camera3-5.jpg 44 1397.61 1404.15 872.19 1186.77 1050.83 434.76
6921555581667_camera3-4.jpg 44 1399.41 1400.66 866.71 1182.57 1065.39 436.19
6921555581667_camera3-39.jpg 44 1359.86 1391.35 899.84 1205.89 920.03 370.92
6921555581667_camera3-40.jpg 44 1416.15 1387.29 949.94 1210.61 932.43 353.36
6921555581667_camera3-6.jpg 44 1387.39 1405.24 875.78 1175.02 1023.22 460.45
6921555581667_camera3-7.jpg 44 1381.82 1397.94 918.6 1177.91 926.43 440.05
6921555581667_camera3-8.jpg 44 1379.98 1394.03 947.99 1181.27 863.98 425.51
