6917536014026_camera0-10.jpg 45 1374.23 1052.87 1142.74 768.76 462.98 568.21
6917536014026_camera0-11.jpg 45 1379.49 1052.87 1145.37 766.13 468.24 573.47
6917536014026_camera0-12.jpg 45 1388.29 1054.71 1161.32 777.53 453.95 554.36
6917536014026_camera0-13.jpg 45 1391.84 1056.5 1167.09 779.99 449.51 553.02
6917536014026_camera0-14.jpg 45 1398.93 1057.26 1174.97 780.05 447.92 554.42
6917536014026_camera0-17.jpg 45 1424.22 1052.87 1176.94 766.13 494.55 573.47
6917536014026_camera0-18.jpg 45 1430.79 1056.81 1197.98 771.39 465.61 570.84
6917536014026_camera0-16.jpg 45 1417.47 1058.01 1190.23 775.6 454.48 564.81
6917536014026_camera0-19.jpg 45 1450.52 1051.55 1216.4 755.61 468.24 591.88
6917536014026_camera0-15.jpg 45 1410.54 1052.76 1178.18 764.98 464.71 575.56
6917536014026_camera0-22.jpg 45 1464.99 1048.92 1221.66 755.61 486.66 586.62
6917536014026_camera0-21.jpg 45 1464.99 1050.24 1219.03 760.87 491.92 578.73
6917536014026_camera0-20.jpg 45 1455.16 1050.58 1232.31 778.62 445.71 543.92
6917536014026_camera0-1.jpg 45 1387.38 1046.28 1155.89 776.65 462.98 539.27
6917536014026_camera0-23.jpg 45 1488.67 1055.49 1250.6 776.65 476.14 557.68
6917536014026_camera0-27.jpg 45 1484.19 1056.44 1258.49 787.26 451.41 538.37
6917536014026_camera0-24.jpg 45 1476.57 1056.87 1257.49 788.69 438.16 536.36
6917536014026_camera0-25.jpg 45 1472.88 1050.24 1237.44 760.87 470.87 578.73
6917536014026_camera0-26.jpg 45 1480.77 1052.86 1250.6 774.02 460.35 557.68
6917536014026_camera0-30.jpg 45 1464.3 1053.15 1247.85 790.44 432.91 525.42
6917536014026_camera0-31.jpg 45 1460.01 1052.56 1228.22 780.05 463.58 545.02
6917536014026_camera0-28.jpg 45 1478.07 1054.17 1252.37 792.39 451.41 523.57
6917536014026_camera0-29.jpg 45 1472.88 1048.91 1237.44 774.02 470.87 549.79
6917536014026_camera0-35.jpg 45 1432.11 1051.55 1211.14 779.28 441.94 544.53
6917536014026_camera0-33.jpg 45 1459.84 1050.22 1244.0 784.74 431.68 530.97
6917536014026_camera0-32.jpg 45 1470.25 1052.87 1237.44 766.13 465.61 573.47
6917536014026_camera0-34.jpg 45 1448.39 1050.2 1232.73 783.63 431.33 533.15
6917536014026_camera0-2.jpg 45 1380.81 1041.03 1150.63 768.76 460.35 544.53
6917536014026_camera0-37.jpg 45 1424.21 1048.91 1203.24 774.02 441.94 549.79
6917536014026_camera0-38.jpg 45 1408.33 1050.99 1184.37 780.05 447.92 541.89
6917536014026_camera0-3.jpg 45 1370.78 1044.92 1158.02 777.59 425.51 534.67
6917536014026_camera0-39.jpg 45 1406.22 1048.99 1191.15 785.09 430.14 527.81
6917536014026_camera0-4.jpg 45 1370.29 1048.92 1142.74 766.13 455.09 565.58
6917536014026_camera0-6.jpg 45 1368.97 1050.24 1142.74 763.5 452.46 573.47
6917536014026_camera0-5.jpg 45 1370.12 1050.09 1148.9 784.47 442.43 531.23
6917536014026_camera0-40.jpg 45 1390.02 1048.92 1163.79 763.5 452.46 570.84
6917536014026_camera0-7.jpg 45 1370.45 1052.55 1139.23 781.02 462.44 543.05
6917536014026_camera0-9.jpg 45 1379.13 1056.58 1141.08 784.07 476.11 545.02
6917536014026_camera1-13.jpg 45 1266.72 1001.17 1029.13 699.95 475.17 602.44
6917536014026_camera1-14.jpg 45 1270.33 993.67 1027.0 687.21 486.66 612.93
6917536014026_camera1-11.jpg 45 1257.17 993.67 1008.58 689.84 497.18 607.66
6917536014026_camera0-8.jpg 45 1375.55 1054.17 1134.85 771.39 481.4 565.57
6917536014026_camera1-10.jpg 45 1245.34 991.05 992.8 679.32 505.07 623.45
6917536014026_camera1-12.jpg 45 1262.49 996.66 1023.69 694.84 477.59 603.65
6917536014026_camera1-18.jpg 45 1317.49 994.61 1074.74 689.21 485.51 610.8
6917536014026_camera1-17.jpg 45 1305.84 1004.19 1058.56 697.73 494.55 612.93
6917536014026_camera1-16.jpg 45 1298.85 1000.1 1059.45 694.03 478.8 612.14
6917536014026_camera1-15.jpg 45 1291.37 996.31 1048.04 681.95 486.66 628.71
6917536014026_camera1-20.jpg 45 1330.83 988.41 1079.61 671.43 502.44 633.97
6917536014026_camera1-19.jpg 45 1328.69 994.41 1094.66 692.85 468.06 603.12
6917536014026_camera1-21.jpg 45 1342.55 989.84 1103.75 688.62 477.59 602.44
6917536014026_camera1-1.jpg 45 1250.14 936.59 1012.61 642.41 475.07 588.35
6917536014026_camera1-24.jpg 45 1362.39 980.52 1108.54 671.43 507.7 618.19
6917536014026_camera1-22.jpg 45 1348.07 984.75 1111.26 685.96 473.61 597.57
6917536014026_camera1-25.jpg 45 1353.18 968.69 1111.17 658.28 484.03 620.82
6917536014026_camera1-26.jpg 45 1351.58 963.33 1110.96 666.96 481.23 592.74
6917536014026_camera1-23.jpg 45 1359.77 980.52 1121.7 666.17 476.14 628.71
6917536014026_camera1-27.jpg 45 1351.91 952.38 1113.95 660.27 475.93 584.21
6917536014026_camera1-28.jpg 45 1347.92 938.43 1103.28 631.97 489.29 612.93
6917536014026_camera1-29.jpg 45 1337.11 943.76 1094.09 647.76 486.03 592.01
6917536014026_camera1-32.jpg 45 1327.34 933.64 1095.21 636.66 464.26 593.96
6917536014026_camera1-2.jpg 45 1247.41 942.31 1013.23 650.2 468.37 584.21
6917536014026_camera1-30.jpg 45 1334.77 943.69 1098.02 639.86 473.5 607.66
6917536014026_camera1-31.jpg 45 1326.88 933.17 1087.5 629.34 478.77 607.66
6917536014026_camera1-33.jpg 45 1321.1 928.56 1085.09 629.7 472.02 597.71
6917536014026_camera1-36.jpg 45 1290.22 923.41 1058.55 630.05 463.34 586.73
6917536014026_camera1-35.jpg 45 1306.16 926.8 1075.85 631.64 460.62 590.32
6917536014026_camera1-37.jpg 45 1290.06 929.23 1045.41 624.08 489.29 610.3
6917536014026_camera1-39.jpg 45 1267.17 933.0 1037.77 636.99 458.81 592.02
6917536014026_camera1-34.jpg 45 1317.44 928.89 1085.09 630.45 464.71 596.88
6917536014026_camera1-38.jpg 45 1275.78 931.07 1039.72 629.57 472.12 602.99
6917536014026_camera1-6.jpg 45 1238.61 968.74 1000.64 670.34 475.93 596.8
6917536014026_camera1-40.jpg 45 1257.12 933.73 1024.49 637.57 465.27 592.31
6917536014026_camera1-3.jpg 45 1240.15 950.97 1007.05 652.06 466.21 597.83
6917536014026_camera1-8.jpg 45 1244.97 971.53 995.56 668.82 498.82 605.41
6917536014026_camera1-5.jpg 45 1237.58 959.83 998.92 661.04 477.31 597.57
6917536014026_camera1-4.jpg 45 1237.03 953.63 1001.87 656.05 470.32 595.17
6917536014026_camera1-7.jpg 45 1237.34 971.26 995.6 670.34 483.48 601.83
6917536014026_camera2-10.jpg 45 1289.15 880.31 1069.75 658.48 438.8 443.65
6917536014026_camera1-9.jpg 45 1246.15 982.59 1005.67 682.93 480.96 599.32
6917536014026_camera2-11.jpg 45 1298.13 873.21 1076.45 647.4 443.36 451.63
6917536014026_camera2-13.jpg 45 1309.66 863.06 1081.0 642.23 457.32 441.66
6917536014026_camera2-16.jpg 45 1308.54 834.41 1083.08 612.59 450.92 443.65
6917536014026_camera2-12.jpg 45 1302.81 870.54 1076.18 650.2 453.26 440.67
6917536014026_camera2-15.jpg 45 1311.37 842.62 1080.73 622.59 461.28 440.05
6917536014026_camera2-14.jpg 45 1316.66 854.17 1093.81 632.57 445.71 443.19
6917536014026_camera2-17.jpg 45 1308.1 829.88 1083.23 610.36 449.73 439.05
6917536014026_camera2-19.jpg 45 1300.73 812.8 1074.91 588.64 451.63 448.33
6917536014026_camera2-18.jpg 45 1303.4 822.33 1074.74 595.24 457.32 454.18
6917536014026_camera2-20.jpg 45 1296.08 804.28 1071.66 586.61 448.84 435.34
6917536014026_camera2-21.jpg 45 1294.0 798.87 1076.62 577.79 434.76 442.16
6917536014026_camera2-23.jpg 45 1281.21 788.19 1055.25 562.23 451.92 451.92
6917536014026_camera2-22.jpg 45 1288.97 789.96 1071.15 569.62 435.64 440.67
6917536014026_camera2-24.jpg 45 1271.65 785.92 1052.43 564.1 438.45 443.65
6917536014026_camera2-27.jpg 45 1243.25 786.84 1026.8 560.87 432.91 451.94
6917536014026_camera2-26.jpg 45 1252.38 784.8 1031.88 556.5 441.0 456.6
6917536014026_camera2-25.jpg 45 1262.29 785.73 1044.1 561.75 436.38 447.95
6917536014026_camera2-31.jpg 45 1218.15 801.65 1000.77 585.19 434.76 432.91
6917536014026_camera2-30.jpg 45 1219.25 799.85 998.04 577.42 442.42 444.85
6917536014026_camera2-28.jpg 45 1237.36 788.59 1008.96 558.36 456.79 460.45
6917536014026_camera2-29.jpg 45 1224.61 794.62 1006.94 569.16 435.34 450.92
6917536014026_camera2-33.jpg 45 1200.83 812.62 980.49 594.8 440.67 435.64
6917536014026_camera2-34.jpg 45 1201.92 837.15 977.01 608.29 449.83 457.72
6917536014026_camera2-37.jpg 45 1200.61 850.31 969.12 621.45 462.98 457.72
6917536014026_camera2-35.jpg 45 1205.86 830.25 977.97 607.39 455.78 445.71
6917536014026_camera2-36.jpg 45 1202.72 839.11 971.82 619.25 461.79 439.72
6917536014026_camera2-39.jpg 45 1211.14 877.92 982.28 653.01 457.72 449.83
6917536014026_camera2-40.jpg 45 1217.2 869.27 998.12 647.68 438.16 443.19
6917536014026_camera2-4.jpg 45 1236.12 892.4 1005.95 668.8 460.35 447.2
6917536014026_camera2-3.jpg 45 1231.05 889.42 1013.23 662.79 435.64 453.26
6917536014026_camera2-5.jpg 45 1245.47 892.08 1025.94 668.99 439.05 446.17
6917536014026_camera2-6.jpg 45 1255.09 893.99 1031.75 668.52 446.67 450.93
6917536014026_camera2-7.jpg 45 1257.17 884.5 1032.26 645.12 449.83 478.77
6917536014026_camera2-9.jpg 45 1290.22 880.61 1073.66 652.72 433.12 455.78
6917536014026_camera2-8.jpg 45 1272.95 891.09 1048.04 660.91 449.83 460.35
6917536014026_camera3-10.jpg 45 1352.19 1227.63 1119.56 930.65 465.27 593.96
6917536014026_camera3-14.jpg 45 1385.58 1226.23 1158.02 929.3 455.11 593.87
6917536014026_camera3-12.jpg 45 1369.44 1229.33 1136.38 927.59 466.11 603.47
6917536014026_camera3-15.jpg 45 1407.12 1229.11 1171.68 921.33 470.87 615.56
6917536014026_camera3-11.jpg 45 1361.08 1231.35 1121.46 929.08 479.24 604.54
6917536014026_camera3-13.jpg 45 1378.36 1230.63 1141.65 934.75 473.41 591.76
6917536014026_camera3-16.jpg 45 1405.8 1227.8 1169.05 929.23 473.5 597.14
6917536014026_camera3-17.jpg 45 1416.2 1231.15 1183.46 931.75 465.47 598.8
6917536014026_camera3-18.jpg 45 1423.03 1227.25 1190.6 925.33 464.87 603.83
6917536014026_camera3-22.jpg 45 1451.38 1218.04 1217.2 927.19 468.37 581.69
6917536014026_camera3-19.jpg 45 1425.53 1227.8 1187.46 929.23 476.14 597.14
6917536014026_camera3-20.jpg 45 1436.72 1224.91 1203.99 925.51 465.47 598.8
6917536014026_camera3-1.jpg 45 1342.41 1210.19 1116.11 918.59 452.6 583.2
6917536014026_camera3-21.jpg 45 1453.15 1225.17 1213.77 926.6 478.77 597.14
6917536014026_camera3-25.jpg 45 1450.12 1213.01 1212.16 922.16 475.93 581.69
6917536014026_camera3-23.jpg 45 1453.28 1221.68 1223.06 918.37 460.45 606.62
6917536014026_camera3-26.jpg 45 1450.52 1212.01 1221.66 918.7 457.72 586.62
6917536014026_camera3-24.jpg 45 1451.3 1216.09 1215.83 917.89 470.94 596.39
6917536014026_camera3-28.jpg 45 1437.53 1197.89 1209.64 907.05 455.78 581.69
6917536014026_camera3-2.jpg 45 1340.2 1207.84 1114.13 919.95 452.13 575.77
6917536014026_camera3-27.jpg 45 1445.26 1208.07 1208.51 913.44 473.5 589.25
6917536014026_camera3-29.jpg 45 1428.72 1200.4 1199.57 912.08 458.3 576.65
6917536014026_camera3-31.jpg 45 1420.51 1204.61 1192.12 914.09 456.79 581.04
6917536014026_camera3-30.jpg 45 1434.74 1200.18 1211.14 913.44 447.2 573.47
6917536014026_camera3-33.jpg 45 1402.28 1195.37 1181.94 909.56 440.67 571.62
6917536014026_camera3-37.jpg 45 1370.04 1198.73 1146.6 913.77 446.88 569.92
6917536014026_camera3-32.jpg 45 1420.27 1201.49 1203.24 905.55 434.05 591.88
6917536014026_camera3-34.jpg 45 1401.02 1197.89 1181.94 919.64 438.16 556.51
6917536014026_camera3-36.jpg 45 1372.91 1208.07 1153.26 913.44 439.31 589.25
6917536014026_camera3-39.jpg 45 1359.47 1204.18 1141.65 917.12 435.64 574.13
6917536014026_camera3-38.jpg 45 1361.7 1204.88 1139.27 919.41 444.86 570.93
6917536014026_camera3-35.jpg 45 1392.65 1204.12 1174.31 916.07 436.68 576.1
6917536014026_camera3-3.jpg 45 1338.07 1209.22 1106.4 919.64 463.34 579.17
6917536014026_camera3-5.jpg 45 1337.01 1216.32 1102.92 922.68 468.18 587.29
6917536014026_camera3-40.jpg 45 1345.3 1194.91 1113.81 910.81 462.98 568.21
6917536014026_camera3-4.jpg 45 1337.04 1215.18 1104.91 923.05 464.26 584.26
6917536014026_camera3-6.jpg 45 1334.8 1219.58 1098.53 922.9 472.53 593.35
6917536014026_camera3-7.jpg 45 1342.66 1217.27 1111.17 913.44 462.98 607.66
6917536014026_camera3-8.jpg 45 1345.62 1223.08 1108.92 932.23 473.41 581.69
6917536014026_camera3-9.jpg 45 1358.45 1225.16 1124.33 918.7 468.24 612.93
