6920152493915_camera0-15.jpg 46 1418.07 1035.52 1171.39 729.45 493.35 612.14
6920152493915_camera0-10.jpg 46 1364.34 1034.22 1119.68 733.49 489.32 601.46
6920152493915_camera0-11.jpg 46 1372.02 1034.41 1127.34 732.42 489.37 603.98
6920152493915_camera0-16.jpg 46 1430.79 1042.34 1174.31 731.93 512.96 620.82
6920152493915_camera0-17.jpg 46 1460.5 1037.97 1213.17 731.09 494.65 613.76
6920152493915_camera0-12.jpg 46 1382.12 1034.45 1126.96 726.67 510.33 615.56
6920152493915_camera0-13.jpg 46 1395.75 1032.64 1142.63 725.76 506.23 613.76
6920152493915_camera0-14.jpg 46 1409.75 1031.82 1158.53 721.41 502.44 620.82
6920152493915_camera0-21.jpg 46 1498.26 1034.37 1252.8 729.51 490.92 609.71
6920152493915_camera0-23.jpg 46 1499.19 1031.82 1253.23 729.3 491.92 605.03
6920152493915_camera0-19.jpg 46 1471.57 1033.13 1219.03 729.3 505.07 607.66
6920152493915_camera0-1.jpg 46 1354.42 1023.86 1114.05 730.94 480.75 585.83
6920152493915_camera0-18.jpg 46 1461.77 1036.03 1214.49 733.16 494.56 605.73
6920152493915_camera0-25.jpg 46 1511.1 1034.32 1266.42 737.69 489.36 593.26
6920152493915_camera0-22.jpg 46 1499.86 1037.62 1258.16 737.18 483.4 600.88
6920152493915_camera0-20.jpg 46 1486.03 1039.71 1240.07 729.3 491.92 620.82
6920152493915_camera0-24.jpg 46 1507.36 1036.23 1262.5 736.22 489.71 600.02
6920152493915_camera0-32.jpg 46 1451.84 1031.82 1216.4 737.19 470.87 589.25
6920152493915_camera0-30.jpg 46 1483.42 1027.4 1246.62 739.72 473.61 575.37
6920152493915_camera0-26.jpg 46 1505.13 1029.03 1262.77 735.38 484.72 587.29
6920152493915_camera0-2.jpg 46 1349.24 1026.55 1100.65 729.3 497.18 594.51
6920152493915_camera0-29.jpg 46 1490.36 1028.83 1252.17 738.52 476.38 580.62
6920152493915_camera0-34.jpg 46 1432.11 1030.5 1190.09 737.19 484.03 586.62
6920152493915_camera0-35.jpg 46 1421.53 1027.66 1182.48 737.33 478.1 580.67
6920152493915_camera0-28.jpg 46 1497.32 1030.03 1264.07 739.11 466.51 581.83
6920152493915_camera0-33.jpg 46 1438.69 1025.24 1205.88 734.56 465.61 581.36
6920152493915_camera0-37.jpg 46 1396.6 1025.24 1161.16 734.56 470.87 581.36
6920152493915_camera0-27.jpg 46 1502.84 1030.43 1264.91 736.4 475.86 588.07
6920152493915_camera0-3.jpg 46 1342.62 1028.28 1105.95 732.14 473.35 592.28
6920152493915_camera0-36.jpg 46 1405.8 1033.13 1163.79 742.45 484.03 581.36
6920152493915_camera0-38.jpg 46 1385.34 1024.26 1150.58 731.53 469.51 585.47
6920152493915_camera0-7.jpg 46 1336.4 1028.55 1089.84 726.81 493.13 603.47
6920152493915_camera0-39.jpg 46 1370.29 1030.5 1124.33 734.56 491.92 591.88
6920152493915_camera0-5.jpg 46 1336.09 1022.61 1100.65 721.41 470.87 602.4
6920152493915_camera0-31.jpg 46 1472.05 1029.66 1237.64 743.25 468.82 572.82
6920152493915_camera0-40.jpg 46 1367.66 1027.87 1129.59 731.93 476.14 591.88
6920152493915_camera0-6.jpg 46 1336.03 1028.67 1098.16 730.55 475.73 596.25
6920152493915_camera0-4.jpg 46 1339.47 1026.39 1100.25 733.5 478.45 585.79
6920152493915_camera0-8.jpg 46 1346.61 1042.34 1095.39 731.93 502.44 620.82
6920152493915_camera1-10.jpg 46 1244.98 995.34 980.42 664.18 529.12 662.32
6920152493915_camera1-14.jpg 46 1296.64 1004.2 1029.63 666.17 534.01 676.06
6920152493915_camera0-9.jpg 46 1359.05 1034.35 1105.91 728.18 506.28 612.34
6920152493915_camera1-12.jpg 46 1270.25 999.55 1003.9 670.47 532.7 658.15
6920152493915_camera1-11.jpg 46 1262.43 993.68 998.06 660.91 528.75 665.54
6920152493915_camera1-18.jpg 46 1346.8 992.27 1082.82 661.47 527.96 661.6
6920152493915_camera1-13.jpg 46 1280.85 997.62 1008.58 663.54 544.53 668.17
6920152493915_camera1-15.jpg 46 1305.55 1004.01 1037.55 670.66 536.01 666.7
6920152493915_camera1-26.jpg 46 1376.75 933.66 1120.65 607.79 512.2 651.75
6920152493915_camera1-20.jpg 46 1366.34 979.21 1100.65 639.86 531.38 678.69
6920152493915_camera1-23.jpg 46 1380.81 952.9 1124.33 618.82 512.96 668.17
6920152493915_camera1-21.jpg 46 1371.9 969.58 1113.27 638.57 517.26 662.01
6920152493915_camera1-16.jpg 46 1320.97 1002.01 1058.73 671.78 524.49 660.47
6920152493915_camera1-28.jpg 46 1363.58 912.01 1107.5 586.36 512.16 651.31
6920152493915_camera1-1.jpg 46 1219.03 921.34 966.49 592.51 505.07 657.65
6920152493915_camera1-27.jpg 46 1368.97 921.34 1111.17 589.88 515.59 662.91
6920152493915_camera1-19.jpg 46 1355.28 983.43 1095.07 655.34 520.42 656.18
6920152493915_camera1-22.jpg 46 1377.04 963.33 1118.24 634.23 517.59 658.2
6920152493915_camera1-17.jpg 46 1342.67 993.68 1079.61 663.54 526.12 660.28
6920152493915_camera1-24.jpg 46 1378.18 941.06 1116.44 608.29 523.49 665.54
6920152493915_camera1-2.jpg 46 1207.13 925.76 953.79 599.69 506.68 652.14
6920152493915_camera1-30.jpg 46 1347.92 905.55 1092.76 579.36 510.33 652.38
6920152493915_camera1-25.jpg 46 1376.86 935.8 1111.17 605.66 531.38 660.28
6920152493915_camera1-29.jpg 46 1358.45 904.24 1100.65 579.36 515.59 649.75
6920152493915_camera1-36.jpg 46 1266.98 897.27 1015.55 578.3 502.87 637.94
6920152493915_camera1-31.jpg 46 1332.14 895.03 1079.61 571.47 505.07 647.12
6920152493915_camera1-33.jpg 46 1304.52 891.09 1048.04 571.47 512.96 639.23
6920152493915_camera1-32.jpg 46 1320.3 892.4 1061.19 574.1 518.22 636.6
6920152493915_camera1-37.jpg 46 1247.96 901.61 992.8 571.47 510.33 660.28
6920152493915_camera1-35.jpg 46 1277.74 893.63 1025.31 576.86 504.86 633.55
6920152493915_camera1-34.jpg 46 1294.0 893.72 1040.15 566.21 507.7 655.01
6920152493915_camera1-40.jpg 46 1222.97 914.75 963.86 589.88 518.22 649.75
6920152493915_camera1-38.jpg 46 1242.78 901.7 982.7 578.57 520.15 646.25
6920152493915_camera1-39.jpg 46 1232.17 912.12 974.38 587.25 515.59 649.75
6920152493915_camera1-3.jpg 46 1205.88 935.8 942.82 605.66 526.12 660.28
6920152493915_camera1-6.jpg 46 1208.89 963.52 950.81 635.14 516.17 656.77
6920152493915_camera2-11.jpg 46 1327.91 873.22 1083.07 622.59 489.68 501.26
6920152493915_camera1-7.jpg 46 1210.42 971.75 952.74 643.5 515.37 656.51
6920152493915_camera2-12.jpg 46 1333.46 860.82 1084.87 608.29 497.18 505.07
6920152493915_camera1-4.jpg 46 1203.9 946.21 946.93 620.14 513.95 652.14
6920152493915_camera1-8.jpg 46 1218.73 980.11 958.09 646.45 521.28 667.32
6920152493915_camera2-10.jpg 46 1325.57 885.82 1079.61 639.86 491.92 491.92
6920152493915_camera1-9.jpg 46 1228.02 989.22 962.56 658.3 530.92 661.84
6920152493915_camera2-14.jpg 46 1336.61 836.49 1087.77 592.28 497.67 488.42
6920152493915_camera2-13.jpg 46 1334.78 851.62 1087.5 592.51 494.55 518.22
6920152493915_camera1-5.jpg 46 1204.13 953.89 946.98 627.13 514.3 653.53
6920152493915_camera2-16.jpg 46 1336.55 808.12 1095.12 564.84 482.87 486.57
6920152493915_camera2-17.jpg 46 1328.2 792.43 1082.24 539.9 491.92 505.07
6920152493915_camera2-15.jpg 46 1340.09 825.36 1096.19 577.21 487.79 496.3
6920152493915_camera2-1.jpg 46 1215.51 905.65 970.15 661.71 490.72 487.89
6920152493915_camera2-18.jpg 46 1323.91 787.86 1082.64 545.92 482.53 483.88
6920152493915_camera2-23.jpg 46 1269.01 758.24 1011.21 508.33 515.59 499.81
6920152493915_camera2-24.jpg 46 1256.42 752.34 1012.53 507.73 487.79 489.21
6920152493915_camera2-19.jpg 46 1315.12 778.25 1072.52 538.76 485.21 478.97
6920152493915_camera2-21.jpg 46 1287.66 758.29 1042.66 519.64 490.0 477.31
6920152493915_camera2-20.jpg 46 1308.06 770.65 1059.91 526.64 496.3 488.03
6920152493915_camera2-26.jpg 46 1233.5 755.61 979.65 503.07 507.7 505.07
6920152493915_camera2-22.jpg 46 1281.59 754.94 1036.75 511.75 489.68 486.38
6920152493915_camera2-29.jpg 46 1197.84 776.06 954.8 528.78 486.07 494.56
6920152493915_camera2-28.jpg 46 1207.98 765.69 962.31 524.98 491.34 481.41
6920152493915_camera2-25.jpg 46 1249.28 750.35 998.06 508.33 502.44 484.03
6920152493915_camera2-2.jpg 46 1226.54 912.88 982.24 669.79 488.6 486.17
6920152493915_camera2-27.jpg 46 1217.71 755.61 966.49 503.07 502.44 505.07
6920152493915_camera2-30.jpg 46 1189.78 780.7 948.72 537.51 482.12 486.38
6920152493915_camera2-31.jpg 46 1180.88 796.38 932.29 547.79 497.18 497.18
6920152493915_camera2-32.jpg 46 1175.62 809.54 929.66 563.58 491.92 491.92
6920152493915_camera2-34.jpg 46 1171.67 834.52 927.03 579.36 489.29 510.33
6920152493915_camera2-36.jpg 46 1174.61 860.63 932.52 614.39 484.17 492.48
6920152493915_camera2-3.jpg 46 1240.35 916.38 995.52 671.03 489.65 490.69
6920152493915_camera2-37.jpg 46 1180.88 871.36 932.29 621.45 497.18 499.81
6920152493915_camera2-35.jpg 46 1172.67 846.41 931.13 599.26 483.08 494.31
6920152493915_camera2-6.jpg 46 1282.49 915.45 1033.39 666.96 498.2 496.98
6920152493915_camera2-4.jpg 46 1251.1 917.33 1007.68 673.92 486.83 486.83
6920152493915_camera2-39.jpg 46 1191.58 885.75 950.96 643.93 481.23 483.65
6920152493915_camera2-33.jpg 46 1174.35 821.08 933.3 576.92 482.09 488.33
6920152493915_camera2-5.jpg 46 1263.94 918.81 1018.6 674.83 490.68 487.96
6920152493915_camera2-7.jpg 46 1288.2 909.41 1043.99 665.2 488.42 488.42
6920152493915_camera2-40.jpg 46 1203.25 901.6 958.6 653.01 489.29 497.18
6920152493915_camera2-38.jpg 46 1184.47 882.04 943.86 633.55 481.23 496.98
6920152493915_camera3-10.jpg 46 1349.24 1219.91 1087.5 887.14 523.49 665.54
6920152493915_camera3-15.jpg 46 1415.26 1214.18 1153.76 887.51 523.01 653.35
6920152493915_camera3-11.jpg 46 1367.65 1219.91 1111.17 884.51 512.96 670.8
6920152493915_camera2-8.jpg 46 1302.23 900.62 1055.56 656.98 493.35 487.29
6920152493915_camera3-12.jpg 46 1382.48 1220.3 1127.17 888.08 510.62 664.44
6920152493915_camera3-18.jpg 46 1453.14 1215.96 1203.24 884.51 499.81 662.91
6920152493915_camera3-19.jpg 46 1459.01 1209.71 1210.84 883.05 496.34 653.33
6920152493915_camera3-13.jpg 46 1391.33 1219.9 1132.22 876.61 518.22 686.58
6920152493915_camera3-14.jpg 46 1398.48 1216.95 1140.39 886.74 516.18 660.42
6920152493915_camera2-9.jpg 46 1309.47 895.42 1068.21 652.8 482.53 485.24
6920152493915_camera3-16.jpg 46 1429.48 1226.48 1171.68 889.77 515.59 673.43
6920152493915_camera3-23.jpg 46 1482.14 1196.28 1236.08 876.83 492.12 638.89
6920152493915_camera3-17.jpg 46 1446.57 1219.9 1187.46 892.4 518.22 655.01
6920152493915_camera3-20.jpg 46 1469.47 1209.97 1216.54 886.48 505.86 646.99
6920152493915_camera3-1.jpg 46 1310.37 1192.44 1069.63 879.48 481.48 625.92
6920152493915_camera3-22.jpg 46 1478.86 1202.74 1230.97 883.94 495.77 637.59
6920152493915_camera3-26.jpg 46 1468.51 1185.76 1228.26 872.57 480.49 626.38
6920152493915_camera3-30.jpg 46 1429.47 1179.13 1190.09 873.98 478.77 610.3
6920152493915_camera3-27.jpg 46 1462.04 1184.96 1212.91 873.96 498.26 622.0
6920152493915_camera3-29.jpg 46 1437.49 1175.77 1192.03 869.7 490.92 612.14
6920152493915_camera3-24.jpg 46 1478.74 1192.47 1230.43 870.74 496.61 643.45
6920152493915_camera3-21.jpg 46 1474.07 1200.32 1222.35 877.88 503.45 644.87
6920152493915_camera3-31.jpg 46 1416.72 1178.23 1175.68 872.97 482.07 610.52
6920152493915_camera3-28.jpg 46 1450.77 1182.56 1212.9 873.33 475.73 618.45
6920152493915_camera3-33.jpg 46 1387.31 1176.27 1147.91 873.83 478.8 604.87
6920152493915_camera3-2.jpg 46 1307.43 1196.35 1059.26 880.78 496.34 631.13
6920152493915_camera3-35.jpg 46 1364.71 1176.37 1126.06 871.11 477.31 610.52
6920152493915_camera3-37.jpg 46 1341.94 1176.82 1102.54 871.35 478.8 610.93
6920152493915_camera3-25.jpg 46 1472.07 1189.2 1227.07 876.01 490.0 626.38
6920152493915_camera3-36.jpg 46 1349.68 1174.34 1109.67 865.24 480.01 618.2
6920152493915_camera3-32.jpg 46 1404.91 1175.47 1163.09 871.82 483.65 607.29
6920152493915_camera3-34.jpg 46 1376.2 1176.59 1137.54 872.12 477.32 608.93
6920152493915_camera3-38.jpg 46 1327.79 1181.3 1088.99 872.8 477.59 616.99
6920152493915_camera3-5.jpg 46 1303.82 1204.24 1051.39 882.51 504.86 643.45
6920152493915_camera3-39.jpg 46 1321.8 1183.69 1079.37 872.77 484.86 621.84
6920152493915_camera3-3.jpg 46 1304.8 1199.87 1057.66 884.74 494.27 630.25
6920152493915_camera3-4.jpg 46 1307.15 1192.28 1058.56 866.09 497.18 652.38
6920152493915_camera3-40.jpg 46 1317.16 1187.78 1075.34 877.36 483.65 620.83
6920152493915_camera3-6.jpg 46 1313.72 1215.96 1058.56 889.77 510.33 652.38
6920152493915_camera3-8.jpg 46 1332.14 1215.96 1079.61 889.77 505.07 652.38
6920152493915_camera3-9.jpg 46 1336.14 1212.2 1083.61 886.59 505.07 651.22
6920152493915_camera3-7.jpg 46 1315.04 1212.02 1061.19 881.88 507.7 660.28
