6920152400975_camera0-10.jpg 47 1393.96 1071.28 1087.5 797.7 612.93 547.16
6920152400975_camera0-12.jpg 47 1385.95 1076.39 1074.64 807.12 622.61 538.54
6920152400975_camera0-11.jpg 47 1387.17 1073.24 1081.22 808.84 611.91 528.81
6920152400975_camera0-13.jpg 47 1390.25 1078.4 1082.97 811.73 614.56 533.35
6920152400975_camera0-14.jpg 47 1392.65 1073.91 1082.24 797.7 620.82 552.42
6920152400975_camera0-15.jpg 47 1394.72 1080.8 1093.81 818.91 601.83 523.77
6920152400975_camera0-17.jpg 47 1416.16 1082.96 1106.17 809.75 619.98 546.42
6920152400975_camera0-16.jpg 47 1407.9 1082.11 1095.45 806.2 624.9 551.81
6920152400975_camera0-18.jpg 47 1416.32 1076.54 1100.65 800.33 631.34 552.42
6920152400975_camera0-19.jpg 47 1428.71 1080.8 1126.54 816.39 604.35 528.81
6920152400975_camera0-1.jpg 47 1411.06 1073.91 1090.13 805.59 641.86 536.64
6920152400975_camera0-20.jpg 47 1433.07 1084.85 1130.03 818.78 606.08 532.14
6920152400975_camera0-23.jpg 47 1456.88 1080.33 1145.57 807.12 622.61 546.42
6920152400975_camera0-26.jpg 47 1458.41 1080.49 1148.0 813.48 620.82 534.01
6920152400975_camera0-24.jpg 47 1455.15 1082.05 1154.24 821.43 601.83 521.25
6920152400975_camera0-25.jpg 47 1461.45 1078.53 1151.75 813.37 619.41 530.32
6920152400975_camera0-22.jpg 47 1446.58 1085.74 1126.96 808.22 639.23 555.05
6920152400975_camera0-21.jpg 47 1441.8 1079.89 1128.44 807.03 626.72 545.72
6920152400975_camera0-27.jpg 47 1461.45 1077.03 1156.76 811.36 609.39 531.33
6920152400975_camera0-28.jpg 47 1459.99 1080.99 1150.21 811.74 619.55 538.49
6920152400975_camera0-2.jpg 47 1400.53 1066.02 1098.02 797.7 605.03 536.64
6920152400975_camera0-29.jpg 47 1466.49 1074.51 1164.32 811.36 604.35 526.29
6920152400975_camera0-31.jpg 47 1462.31 1078.58 1160.38 815.54 603.86 526.08
6920152400975_camera0-30.jpg 47 1460.82 1073.76 1148.2 807.12 625.23 533.29
6920152400975_camera0-32.jpg 47 1459.72 1075.22 1145.37 805.59 628.71 539.27
6920152400975_camera0-34.jpg 47 1448.87 1071.99 1146.69 813.88 604.35 516.22
6920152400975_camera0-35.jpg 47 1440.0 1069.97 1132.22 800.33 615.56 539.27
6920152400975_camera0-33.jpg 47 1456.88 1077.62 1149.91 814.5 613.93 526.23
6920152400975_camera0-38.jpg 47 1423.56 1073.75 1127.29 813.54 592.54 520.42
6920152400975_camera0-3.jpg 47 1392.21 1073.25 1096.33 813.88 591.76 518.74
6920152400975_camera0-40.jpg 47 1412.37 1064.7 1108.54 802.96 607.66 523.49
6920152400975_camera0-36.jpg 47 1432.5 1071.99 1139.13 813.88 586.73 516.22
6920152400975_camera0-39.jpg 47 1413.87 1073.94 1116.28 817.57 595.17 512.74
6920152400975_camera0-37.jpg 47 1429.48 1069.97 1119.07 805.59 620.82 528.75
6920152400975_camera0-6.jpg 47 1383.39 1075.76 1081.22 818.91 604.35 513.7
6920152400975_camera0-5.jpg 47 1382.55 1074.67 1067.75 809.99 629.59 529.36
6920152400975_camera0-4.jpg 47 1390.01 1068.65 1084.87 797.7 610.29 541.9
6920152400975_camera0-7.jpg 47 1383.92 1076.69 1081.49 814.87 604.87 523.65
6920152400975_camera0-8.jpg 47 1378.36 1075.76 1086.25 816.39 584.21 518.74
6920152400975_camera1-10.jpg 47 1253.23 991.04 934.93 647.75 636.6 686.58
6920152400975_camera0-9.jpg 47 1384.65 1078.28 1088.77 818.91 591.76 518.74
6920152400975_camera1-11.jpg 47 1256.03 1000.44 932.18 655.38 647.7 690.12
6920152400975_camera1-13.jpg 47 1266.38 1006.83 937.56 660.91 657.65 691.84
6920152400975_camera1-16.jpg 47 1289.04 1018.21 968.57 660.88 640.94 714.67
6920152400975_camera1-15.jpg 47 1278.89 1014.07 960.35 672.86 637.09 682.41
6920152400975_camera1-12.jpg 47 1253.22 1008.14 929.66 660.91 647.12 694.47
6920152400975_camera1-19.jpg 47 1308.33 1016.28 982.18 662.42 652.3 707.73
6920152400975_camera1-14.jpg 47 1271.67 1013.35 943.29 660.01 656.76 706.67
6920152400975_camera1-17.jpg 47 1290.22 1015.33 970.42 670.34 639.61 689.97
6920152400975_camera1-18.jpg 47 1297.74 1010.75 980.97 664.27 633.55 692.95
6920152400975_camera1-1.jpg 47 1259.81 959.48 948.08 613.56 623.45 691.84
6920152400975_camera1-20.jpg 47 1314.14 1007.77 998.12 662.79 632.05 689.97
6920152400975_camera1-21.jpg 47 1317.99 1007.22 992.08 655.68 651.81 703.09
6920152400975_camera1-24.jpg 47 1328.2 992.36 1005.95 645.12 644.49 694.47
6920152400975_camera1-22.jpg 47 1322.99 1005.36 1001.26 661.71 643.45 687.29
6920152400975_camera1-25.jpg 47 1336.81 988.88 1010.71 645.16 652.2 687.45
6920152400975_camera1-23.jpg 47 1326.88 1005.51 1008.58 647.75 636.6 715.52
6920152400975_camera1-27.jpg 47 1334.86 985.62 1008.71 642.41 652.3 686.41
6920152400975_camera1-26.jpg 47 1334.51 990.28 1013.9 652.69 641.23 675.17
6920152400975_camera1-2.jpg 47 1250.04 967.88 937.37 624.01 625.34 687.73
6920152400975_camera1-29.jpg 47 1337.4 973.95 1019.1 629.34 636.6 689.21
6920152400975_camera1-30.jpg 47 1331.93 969.08 1019.27 629.59 625.32 678.97
6920152400975_camera1-28.jpg 47 1337.02 980.75 1020.21 635.82 633.61 689.86
6920152400975_camera1-33.jpg 47 1320.31 959.48 1008.58 616.19 623.45 686.58
6920152400975_camera1-31.jpg 47 1327.61 968.99 1012.95 631.71 629.31 674.56
6920152400975_camera1-35.jpg 47 1301.89 958.16 990.17 613.56 623.45 689.21
6920152400975_camera1-32.jpg 47 1320.78 961.3 1001.03 626.93 639.51 668.75
6920152400975_camera1-34.jpg 47 1314.15 953.63 1003.16 622.5 621.98 662.27
6920152400975_camera1-37.jpg 47 1293.3 952.99 977.08 614.08 632.43 677.81
6920152400975_camera1-36.jpg 47 1294.01 951.59 979.65 610.93 628.71 681.32
6920152400975_camera1-3.jpg 47 1251.19 967.48 940.2 630.05 621.98 674.86
6920152400975_camera1-39.jpg 47 1275.73 956.97 963.91 620.4 623.65 673.15
6920152400975_camera1-38.jpg 47 1284.08 955.94 970.58 611.01 626.99 689.86
6920152400975_camera1-40.jpg 47 1269.01 958.17 953.34 616.19 631.34 683.95
6920152400975_camera1-6.jpg 47 1251.19 978.81 932.65 640.12 637.09 677.38
6920152400975_camera1-4.jpg 47 1252.87 973.09 938.21 635.81 629.31 674.56
6920152400975_camera1-8.jpg 47 1247.58 990.12 923.56 642.65 648.04 694.94
6920152400975_camera1-7.jpg 47 1242.7 984.47 924.4 637.23 636.6 694.47
6920152400975_camera1-5.jpg 47 1246.13 976.42 927.67 632.32 636.92 688.2
6920152400975_camera2-12.jpg 47 1291.49 866.75 998.12 574.65 586.73 584.21
6920152400975_camera2-10.jpg 47 1272.95 881.88 966.49 576.73 612.93 610.29
6920152400975_camera2-11.jpg 47 1277.06 874.85 980.79 582.82 592.54 584.06
6920152400975_camera2-13.jpg 47 1296.51 861.73 1005.67 569.62 581.69 584.21
6920152400975_camera1-9.jpg 47 1246.64 996.3 929.66 653.01 633.97 686.58
6920152400975_camera2-15.jpg 47 1297.65 859.85 994.34 558.36 606.62 602.97
6920152400975_camera2-14.jpg 47 1295.26 859.2 1003.16 564.58 584.21 589.24
6920152400975_camera2-16.jpg 47 1297.63 843.74 1003.08 552.21 589.11 583.05
6920152400975_camera2-19.jpg 47 1297.95 822.69 1000.69 524.12 594.51 597.14
6920152400975_camera2-18.jpg 47 1305.34 834.03 1015.75 544.44 579.17 579.17
6920152400975_camera2-17.jpg 47 1301.89 837.15 1003.32 534.64 597.14 605.03
6920152400975_camera2-21.jpg 47 1289.76 815.25 993.39 521.91 592.74 586.68
6920152400975_camera2-1.jpg 47 1222.24 861.73 930.13 569.62 584.21 584.21
6920152400975_camera2-20.jpg 47 1292.68 822.69 992.8 526.75 599.77 591.88
6920152400975_camera2-24.jpg 47 1281.21 807.38 982.77 511.07 596.88 592.61
6920152400975_camera2-22.jpg 47 1285.18 810.1 995.6 521.77 579.17 576.65
6920152400975_camera2-23.jpg 47 1279.86 801.01 981.47 508.98 596.78 584.06
6920152400975_camera2-25.jpg 47 1269.01 800.33 974.38 503.07 589.25 594.51
6920152400975_camera2-2.jpg 47 1229.78 871.79 937.68 577.17 584.21 589.24
6920152400975_camera2-26.jpg 47 1269.01 804.27 966.49 500.44 605.03 607.66
6920152400975_camera2-27.jpg 47 1257.63 795.45 964.29 502.11 586.68 586.68
6920152400975_camera2-30.jpg 47 1244.89 800.03 957.83 506.66 574.13 586.73
6920152400975_camera2-28.jpg 47 1250.6 795.07 950.71 497.81 599.77 594.51
6920152400975_camera2-31.jpg 47 1234.44 804.57 937.49 508.44 593.91 592.25
6920152400975_camera2-32.jpg 47 1222.97 816.12 927.03 521.49 591.88 589.25
6920152400975_camera2-29.jpg 47 1241.27 799.09 947.32 506.96 587.9 584.26
6920152400975_camera2-33.jpg 47 1219.71 817.65 930.13 524.29 579.17 586.73
6920152400975_camera2-34.jpg 47 1219.09 823.31 921.26 521.82 595.66 602.97
6920152400975_camera2-38.jpg 47 1217.71 845.04 913.88 539.9 607.66 610.29
6920152400975_camera2-37.jpg 47 1216.25 836.83 917.64 541.53 597.22 590.6
6920152400975_camera2-39.jpg 47 1213.42 854.16 920.06 564.58 586.73 579.17
6920152400975_camera2-35.jpg 47 1216.22 826.77 921.06 535.85 590.32 581.83
6920152400975_camera2-36.jpg 47 1222.97 833.21 919.14 537.27 607.66 591.88
6920152400975_camera2-3.jpg 47 1231.61 875.0 937.37 582.89 588.47 584.22
6920152400975_camera2-40.jpg 47 1220.97 857.94 932.65 569.62 576.65 576.65
6920152400975_camera2-4.jpg 47 1242.7 881.88 940.19 581.99 605.03 599.77
6920152400975_camera2-6.jpg 47 1253.72 880.61 962.87 584.73 581.69 591.76
6920152400975_camera2-5.jpg 47 1241.7 879.0 947.67 585.48 588.07 587.03
6920152400975_camera2-7.jpg 47 1257.17 888.46 955.97 576.73 602.4 623.45
6920152400975_camera2-8.jpg 47 1262.15 881.22 968.78 583.99 586.74 594.46
6920152400975_camera2-9.jpg 47 1276.6 882.12 974.84 577.47 603.51 609.31
6920152400975_camera3-10.jpg 47 1357.14 1247.53 1034.89 939.75 644.49 615.56
6920152400975_camera3-11.jpg 47 1361.99 1246.99 1048.48 942.3 627.02 609.39
6920152400975_camera3-13.jpg 47 1371.2 1255.65 1049.85 948.77 642.71 613.76
6920152400975_camera3-12.jpg 47 1362.75 1251.86 1042.67 944.98 640.15 613.75
6920152400975_camera3-15.jpg 47 1384.76 1258.05 1074.35 942.38 620.82 631.34
6920152400975_camera3-17.jpg 47 1399.76 1246.99 1088.77 939.78 621.98 614.42
6920152400975_camera3-14.jpg 47 1374.24 1258.05 1045.41 945.01 657.65 626.08
6920152400975_camera3-16.jpg 47 1388.44 1252.03 1071.15 939.78 634.57 624.5
6920152400975_camera3-18.jpg 47 1407.66 1255.12 1090.89 948.24 633.55 613.75
6920152400975_camera3-20.jpg 47 1416.74 1252.97 1091.5 933.22 650.48 639.51
6920152400975_camera3-21.jpg 47 1424.21 1248.85 1103.28 939.75 641.86 618.19
6920152400975_camera3-1.jpg 47 1363.24 1233.15 1061.07 934.75 604.35 596.8
6920152400975_camera3-19.jpg 47 1410.21 1251.7 1093.29 940.45 633.85 622.5
6920152400975_camera3-22.jpg 47 1429.48 1248.84 1113.81 945.01 631.34 607.66
6920152400975_camera3-23.jpg 47 1430.93 1247.32 1115.16 943.07 631.53 608.5
6920152400975_camera3-24.jpg 47 1433.76 1239.44 1121.51 934.75 624.5 609.39
6920152400975_camera3-25.jpg 47 1427.46 1239.01 1102.5 931.45 649.93 615.12
6920152400975_camera3-28.jpg 47 1434.74 1238.32 1119.07 937.12 631.34 602.4
6920152400975_camera3-27.jpg 47 1432.6 1237.33 1117.8 937.72 629.59 599.21
6920152400975_camera3-26.jpg 47 1435.02 1241.96 1124.03 944.82 621.98 594.28
6920152400975_camera3-30.jpg 47 1428.67 1233.4 1120.38 937.84 616.58 591.13
6920152400975_camera3-2.jpg 47 1357.14 1238.32 1045.41 937.12 623.45 602.4
6920152400975_camera3-29.jpg 47 1427.16 1233.43 1107.41 931.94 639.51 602.97
6920152400975_camera3-31.jpg 47 1424.94 1230.63 1118.99 934.75 611.91 591.76
6920152400975_camera3-33.jpg 47 1411.69 1229.49 1103.28 933.13 616.83 592.73
6920152400975_camera3-35.jpg 47 1396.22 1231.36 1091.97 937.41 608.5 587.9
6920152400975_camera3-32.jpg 47 1413.69 1223.85 1100.65 923.96 626.08 599.77
6920152400975_camera3-37.jpg 47 1387.16 1233.14 1086.25 939.78 601.83 586.73
6920152400975_camera3-36.jpg 47 1389.74 1230.79 1084.87 933.72 609.74 594.14
6920152400975_camera3-34.jpg 47 1405.46 1234.8 1093.01 935.15 624.9 599.31
6920152400975_camera3-3.jpg 47 1357.14 1239.63 1040.15 942.38 633.97 594.51
6920152400975_camera3-39.jpg 47 1373.32 1229.37 1066.11 937.26 614.42 584.21
6920152400975_camera3-38.jpg 47 1379.26 1229.49 1074.4 935.54 609.71 587.9
6920152400975_camera3-4.jpg 47 1350.56 1233.06 1034.89 929.23 631.34 607.66
6920152400975_camera3-40.jpg 47 1359.46 1231.89 1058.55 932.23 601.83 599.32
6920152400975_camera3-5.jpg 47 1347.64 1243.67 1027.89 938.84 639.51 609.67
6920152400975_camera3-7.jpg 47 1347.41 1241.31 1034.74 937.15 625.34 608.32
6920152400975_camera3-6.jpg 47 1347.18 1242.16 1036.87 943.97 620.62 596.38
6920152400975_camera3-8.jpg 47 1345.3 1246.22 1032.26 934.49 626.08 623.45
6920152400975_camera3-9.jpg 47 1353.19 1248.85 1032.26 937.12 641.86 623.45
