6920152496176_camera0-10.jpg 48 1338.72 1076.54 1034.89 800.33 607.66 552.42
6920152496176_camera0-11.jpg 48 1359.21 1081.61 1052.34 809.38 613.75 544.46
6920152496176_camera0-13.jpg 48 1378.18 1075.22 1055.93 802.96 644.49 544.53
6920152496176_camera0-12.jpg 48 1363.25 1079.54 1056.04 811.36 614.42 536.36
6920152496176_camera0-14.jpg 48 1390.01 1087.06 1063.82 805.59 652.38 562.94
6920152496176_camera0-15.jpg 48 1409.96 1088.68 1101.67 812.92 616.58 551.53
6920152496176_camera0-17.jpg 48 1428.3 1086.18 1109.96 805.15 636.67 562.06
6920152496176_camera0-16.jpg 48 1417.39 1087.09 1111.44 816.39 611.91 541.4
6920152496176_camera0-20.jpg 48 1470.24 1085.74 1148.0 813.48 644.49 544.53
6920152496176_camera0-18.jpg 48 1446.15 1083.46 1137.86 808.4 616.58 550.12
6920152496176_camera0-22.jpg 48 1484.12 1087.1 1174.39 821.43 619.46 531.33
6920152496176_camera0-24.jpg 48 1510.78 1086.37 1198.33 814.12 624.9 544.5
6920152496176_camera0-19.jpg 48 1449.2 1079.17 1124.33 797.7 649.75 562.94
6920152496176_camera0-1.jpg 48 1371.76 1072.19 1074.78 815.82 593.96 512.74
6920152496176_camera0-23.jpg 48 1495.45 1083.31 1186.98 816.39 616.94 533.84
6920152496176_camera0-21.jpg 48 1484.2 1086.02 1164.91 811.4 638.57 549.24
6920152496176_camera0-25.jpg 48 1513.65 1077.86 1197.98 808.22 631.34 539.27
6920152496176_camera0-26.jpg 48 1512.13 1078.21 1208.08 815.88 608.1 524.66
6920152496176_camera0-27.jpg 48 1515.46 1085.34 1206.36 814.61 618.2 541.45
6920152496176_camera0-28.jpg 48 1507.07 1073.91 1190.09 808.22 633.97 531.38
6920152496176_camera0-29.jpg 48 1506.78 1075.76 1209.64 816.39 594.28 518.74
6920152496176_camera0-30.jpg 48 1496.04 1072.94 1195.42 809.19 601.23 527.5
6920152496176_camera0-2.jpg 48 1364.51 1075.76 1066.11 821.43 596.8 508.66
6920152496176_camera0-37.jpg 48 1414.74 1067.3 1122.01 807.09 585.47 520.42
6920152496176_camera0-31.jpg 48 1481.6 1074.5 1186.98 818.91 589.24 511.18
6920152496176_camera0-34.jpg 48 1454.71 1078.35 1154.14 811.88 601.14 532.93
6920152496176_camera0-35.jpg 48 1446.48 1070.9 1149.25 810.34 594.46 521.12
6920152496176_camera0-32.jpg 48 1480.24 1072.64 1186.9 815.06 586.68 515.17
6920152496176_camera0-36.jpg 48 1428.72 1071.98 1131.58 816.39 594.28 511.18
6920152496176_camera0-33.jpg 48 1469.01 1070.73 1179.42 813.88 579.17 513.7
6920152496176_camera0-39.jpg 48 1392.45 1072.29 1096.44 812.83 592.01 518.92
6920152496176_camera0-3.jpg 48 1350.6 1069.76 1055.03 810.96 591.13 517.59
6920152496176_camera0-38.jpg 48 1404.8 1070.73 1116.47 813.88 576.65 513.7
6920152496176_camera0-4.jpg 48 1344.03 1073.94 1044.63 814.54 598.8 518.8
6920152496176_camera0-7.jpg 48 1331.77 1075.76 1035.89 818.91 591.76 513.7
6920152496176_camera0-40.jpg 48 1388.5 1075.4 1087.58 811.78 601.85 527.24
6920152496176_camera0-5.jpg 48 1339.33 1073.24 1043.45 816.39 591.76 513.7
6920152496176_camera1-10.jpg 48 1217.19 1025.39 897.39 680.41 639.61 689.97
6920152496176_camera1-13.jpg 48 1250.06 1041.41 919.29 685.77 661.54 711.28
6920152496176_camera0-8.jpg 48 1331.77 1077.03 1035.89 813.88 591.76 526.29
6920152496176_camera0-9.jpg 48 1337.32 1077.49 1028.51 808.25 617.62 538.49
6920152496176_camera1-11.jpg 48 1238.6 1035.47 915.02 687.97 647.16 695.01
6920152496176_camera0-6.jpg 48 1338.07 1078.28 1043.45 818.91 589.24 518.74
6920152496176_camera1-12.jpg 48 1238.45 1033.12 910.17 677.48 656.57 711.28
6920152496176_camera1-14.jpg 48 1261.26 1046.8 937.68 700.56 647.16 692.49
6920152496176_camera1-16.jpg 48 1294.89 1043.61 968.92 692.89 651.94 701.43
6920152496176_camera1-15.jpg 48 1288.11 1043.61 960.96 688.48 654.29 710.26
6920152496176_camera1-17.jpg 48 1311.63 1045.54 988.05 695.52 647.16 700.04
6920152496176_camera1-18.jpg 48 1330.12 1037.37 1001.84 679.24 656.57 716.25
6920152496176_camera1-19.jpg 48 1344.33 1036.61 1019.07 686.6 650.52 700.02
6920152496176_camera1-1.jpg 48 1229.79 946.08 917.54 607.39 624.5 677.38
6920152496176_camera1-21.jpg 48 1360.64 1021.05 1035.21 676.47 650.86 689.15
6920152496176_camera1-27.jpg 48 1386.08 972.63 1071.72 631.97 628.71 681.32
6920152496176_camera1-24.jpg 48 1381.99 1007.4 1057.97 655.67 648.04 703.46
6920152496176_camera1-22.jpg 48 1364.51 1019.11 1040.93 677.9 647.16 682.41
6920152496176_camera1-26.jpg 48 1377.96 974.82 1061.43 634.17 633.06 681.31
6920152496176_camera1-28.jpg 48 1380.11 963.62 1065.81 632.0 628.6 663.25
6920152496176_camera1-20.jpg 48 1349.24 1034.45 1021.73 684.58 655.01 699.73
6920152496176_camera1-2.jpg 48 1220.97 954.89 909.98 622.5 621.98 664.79
6920152496176_camera1-23.jpg 48 1376.22 1011.5 1056.47 667.99 639.51 687.02
6920152496176_camera1-29.jpg 48 1367.56 958.18 1051.0 617.98 633.11 680.4
6920152496176_camera1-25.jpg 48 1386.07 997.62 1058.56 650.38 655.01 694.47
6920152496176_camera1-30.jpg 48 1362.17 951.41 1052.82 615.66 618.7 671.5
6920152496176_camera1-32.jpg 48 1336.81 937.27 1028.34 609.91 616.94 654.72
6920152496176_camera1-31.jpg 48 1357.14 948.96 1040.15 610.93 633.97 676.06
6920152496176_camera1-35.jpg 48 1303.65 928.5 991.95 587.85 623.41 681.31
6920152496176_camera1-33.jpg 48 1325.47 933.49 1023.3 602.35 604.35 662.27
6920152496176_camera1-34.jpg 48 1320.3 923.96 1016.47 589.88 607.66 668.17
6920152496176_camera1-36.jpg 48 1279.52 930.44 968.78 591.71 621.48 677.45
6920152496176_camera1-40.jpg 48 1237.87 947.84 920.24 604.63 635.25 686.41
6920152496176_camera1-37.jpg 48 1271.34 930.98 970.42 597.32 601.83 667.31
6920152496176_camera1-6.jpg 48 1195.64 992.28 878.16 649.34 634.97 685.88
6920152496176_camera1-5.jpg 48 1199.3 973.95 879.68 621.45 639.23 705.0
6920152496176_camera1-38.jpg 48 1260.91 933.61 947.42 594.47 626.99 678.28
6920152496176_camera1-39.jpg 48 1239.86 937.26 930.13 604.87 619.46 664.79
6920152496176_camera1-3.jpg 48 1209.83 964.74 898.1 621.45 623.45 686.58
6920152496176_camera1-4.jpg 48 1201.36 970.97 883.86 626.45 634.99 689.03
6920152496176_camera1-7.jpg 48 1198.55 998.28 883.89 653.22 629.31 690.12
6920152496176_camera1-8.jpg 48 1204.05 1009.8 870.38 647.11 667.34 725.37
6920152496176_camera2-10.jpg 48 1306.6 903.27 1013.23 607.39 586.73 591.76
6920152496176_camera2-11.jpg 48 1316.36 888.45 1005.95 589.88 620.82 597.14
6920152496176_camera1-9.jpg 48 1211.0 1014.39 885.79 663.12 650.43 702.54
6920152496176_camera2-12.jpg 48 1324.21 886.9 1030.85 592.28 586.73 589.24
6920152496176_camera2-13.jpg 48 1334.61 877.16 1039.45 588.06 590.32 578.2
6920152496176_camera2-14.jpg 48 1338.72 864.78 1042.78 568.84 591.88 591.88
6920152496176_camera2-17.jpg 48 1338.39 826.22 1042.13 529.95 592.53 592.53
6920152496176_camera2-16.jpg 48 1340.04 835.84 1034.89 534.64 610.29 602.4
6920152496176_camera2-15.jpg 48 1341.27 845.55 1046.11 550.39 590.32 590.32
6920152496176_camera2-18.jpg 48 1335.55 801.28 1040.93 511.7 589.24 579.17
6920152496176_camera2-20.jpg 48 1325.62 795.07 1025.05 488.1 601.14 613.93
6920152496176_camera2-1.jpg 48 1199.3 897.65 898.1 603.03 602.4 589.25
6920152496176_camera2-21.jpg 48 1306.4 779.75 1010.28 481.97 592.25 595.56
6920152496176_camera2-19.jpg 48 1333.04 798.77 1040.93 504.15 584.21 589.24
6920152496176_camera2-22.jpg 48 1306.18 772.12 1015.27 480.59 581.83 583.05
6920152496176_camera2-26.jpg 48 1255.86 754.29 950.71 458.35 610.29 591.88
6920152496176_camera2-25.jpg 48 1270.79 756.24 969.86 455.31 601.85 601.85
6920152496176_camera2-24.jpg 48 1280.15 755.96 988.05 463.85 584.21 584.21
6920152496176_camera2-23.jpg 48 1293.04 763.48 997.74 468.18 590.6 590.6
6920152496176_camera2-29.jpg 48 1224.28 759.55 929.66 458.35 589.25 602.4
6920152496176_camera2-27.jpg 48 1238.76 755.61 942.82 455.72 591.88 599.77
6920152496176_camera2-28.jpg 48 1231.05 761.0 942.72 471.41 576.65 579.17
6920152496176_camera2-2.jpg 48 1204.66 906.9 910.43 608.41 588.47 596.98
6920152496176_camera2-31.jpg 48 1194.6 786.44 896.77 494.09 595.66 584.7
6920152496176_camera2-35.jpg 48 1174.3 826.63 877.05 532.01 594.51 589.25
6920152496176_camera2-30.jpg 48 1203.62 772.58 912.23 480.0 582.77 585.15
6920152496176_camera2-32.jpg 48 1187.47 797.69 895.47 497.81 583.99 599.77
6920152496176_camera2-34.jpg 48 1173.37 813.67 876.14 522.23 594.46 582.88
6920152496176_camera2-33.jpg 48 1180.89 806.9 892.84 513.59 576.1 586.62
6920152496176_camera2-36.jpg 48 1174.38 850.38 882.28 562.06 584.21 576.65
6920152496176_camera2-37.jpg 48 1173.56 858.31 875.12 555.6 596.88 605.41
6920152496176_camera2-38.jpg 48 1187.47 876.62 892.84 579.36 589.25 594.51
6920152496176_camera2-39.jpg 48 1184.81 883.97 884.55 586.19 600.52 595.56
6920152496176_camera2-40.jpg 48 1190.76 891.94 897.39 594.8 586.73 594.28
6920152496176_camera2-3.jpg 48 1217.2 920.9 925.09 625.02 584.21 591.76
6920152496176_camera2-7.jpg 48 1269.89 923.91 972.82 622.59 594.14 602.65
6920152496176_camera2-4.jpg 48 1231.57 921.51 940.05 629.38 583.05 584.26
6920152496176_camera2-6.jpg 48 1263.74 923.97 966.49 624.08 594.51 599.77
6920152496176_camera2-8.jpg 48 1281.41 914.6 983.01 617.46 596.8 594.28
6920152496176_camera3-10.jpg 48 1329.51 1263.31 1005.95 945.01 647.12 636.6
6920152496176_camera3-11.jpg 48 1350.09 1265.33 1033.32 951.85 633.55 626.95
6920152496176_camera3-12.jpg 48 1352.01 1266.47 1029.69 950.91 644.64 631.13
6920152496176_camera2-9.jpg 48 1295.26 912.09 1003.16 622.5 584.21 579.17
6920152496176_camera3-14.jpg 48 1384.37 1267.73 1056.08 946.91 656.57 641.64
6920152496176_camera3-13.jpg 48 1363.71 1264.62 1040.15 947.64 647.12 633.97
6920152496176_camera3-15.jpg 48 1402.84 1263.12 1082.53 949.17 640.62 627.9
6920152496176_camera3-16.jpg 48 1412.7 1262.4 1088.45 939.12 648.5 646.57
6920152496176_camera3-18.jpg 48 1448.86 1259.59 1134.1 947.34 629.53 624.5
6920152496176_camera3-17.jpg 48 1422.89 1261.99 1103.28 934.49 639.23 655.01
6920152496176_camera3-1.jpg 48 1318.04 1229.35 1008.94 924.51 618.2 609.67
6920152496176_camera3-19.jpg 48 1453.9 1252.03 1136.62 939.78 634.57 624.5
6920152496176_camera3-20.jpg 48 1455.3 1252.07 1131.05 938.57 648.5 626.99
6920152496176_camera3-21.jpg 48 1474.19 1251.47 1153.26 939.75 641.86 623.45
6920152496176_camera3-22.jpg 48 1478.55 1246.24 1162.48 940.78 632.14 610.93
6920152496176_camera3-24.jpg 48 1484.11 1243.21 1169.35 942.3 629.53 601.83
6920152496176_camera3-23.jpg 48 1477.41 1241.23 1159.91 932.42 634.99 617.62
6920152496176_camera3-25.jpg 48 1484.12 1236.92 1184.46 937.26 599.32 599.32
6920152496176_camera3-27.jpg 48 1476.38 1229.6 1167.99 928.67 616.77 601.85
6920152496176_camera3-29.jpg 48 1456.13 1224.76 1151.73 927.81 608.8 593.91
6920152496176_camera3-26.jpg 48 1475.31 1229.37 1174.39 937.26 601.83 584.21
6920152496176_camera3-28.jpg 48 1472.88 1226.48 1158.53 918.7 628.71 615.56
6920152496176_camera3-2.jpg 48 1315.4 1229.37 1018.26 934.75 594.28 589.24
6920152496176_camera3-31.jpg 48 1436.84 1220.11 1137.64 928.71 598.4 582.8
6920152496176_camera3-32.jpg 48 1428.17 1216.55 1121.21 928.77 613.93 575.56
6920152496176_camera3-33.jpg 48 1416.13 1218.04 1121.51 927.19 589.24 581.69
6920152496176_camera3-30.jpg 48 1446.57 1222.54 1140.11 931.86 612.93 581.36
6920152496176_camera3-34.jpg 48 1398.5 1218.04 1101.36 932.23 594.28 571.62
6920152496176_camera3-35.jpg 48 1386.07 1212.01 1082.24 913.44 607.66 597.14
6920152496176_camera3-36.jpg 48 1365.77 1216.78 1068.63 927.19 594.28 579.17
6920152496176_camera3-37.jpg 48 1356.47 1220.47 1055.86 929.78 601.23 581.38
6920152496176_camera3-38.jpg 48 1362.4 1223.86 1069.09 929.23 586.62 589.25
6920152496176_camera3-3.jpg 48 1304.35 1233.77 1001.01 935.38 606.68 596.78
6920152496176_camera3-6.jpg 48 1300.3 1245.73 988.05 937.26 624.5 616.94
6920152496176_camera3-39.jpg 48 1338.72 1221.22 1019.1 921.33 639.23 599.77
6920152496176_camera3-4.jpg 48 1301.29 1237.18 991.45 935.15 619.67 604.07
6920152496176_camera3-5.jpg 48 1297.57 1243.64 985.12 933.02 624.9 621.24
6920152496176_camera3-40.jpg 48 1333.45 1223.86 1019.1 926.6 628.71 594.51
6920152496176_camera3-7.jpg 48 1303.09 1249.17 990.55 944.42 625.07 609.51
6920152496176_camera3-9.jpg 48 1319.47 1257.53 1001.83 942.38 635.27 630.3
6920152496176_camera3-8.jpg 48 1308.89 1256.44 989.84 944.48 638.1 623.92
