6920152497029_camera0-10.jpg 49 1367.02 1079.55 1066.11 813.88 601.83 531.33
6920152497029_camera0-13.jpg 49 1400.54 1071.28 1087.5 792.44 626.08 557.68
6920152497029_camera0-11.jpg 49 1370.29 1071.28 1061.19 800.33 618.19 541.9
6920152497029_camera0-12.jpg 49 1387.17 1075.76 1088.77 806.32 596.8 538.88
6920152497029_camera0-14.jpg 49 1411.07 1080.49 1082.24 810.85 657.65 539.27
6920152497029_camera0-15.jpg 49 1421.16 1078.28 1106.4 808.84 629.53 538.88
6920152497029_camera0-16.jpg 49 1436.83 1081.94 1121.26 809.8 631.13 544.28
6920152497029_camera0-1.jpg 49 1350.56 1068.65 1045.41 802.96 610.3 531.38
6920152497029_camera0-21.jpg 49 1484.65 1082.43 1168.44 811.59 632.43 541.68
6920152497029_camera0-23.jpg 49 1503.13 1075.22 1192.72 805.59 620.82 539.27
6920152497029_camera0-22.jpg 49 1487.89 1077.02 1184.46 818.91 606.87 516.22
6920152497029_camera0-25.jpg 49 1496.56 1080.49 1187.46 813.48 618.19 534.01
6920152497029_camera0-28.jpg 49 1477.83 1073.24 1186.98 818.91 581.69 508.66
6920152497029_camera0-24.jpg 49 1500.41 1081.75 1194.12 817.29 612.58 528.92
6920152497029_camera0-30.jpg 49 1472.88 1073.91 1169.05 813.48 607.66 520.86
6920152497029_camera0-26.jpg 49 1490.41 1078.28 1199.57 818.91 581.69 518.74
6920152497029_camera0-2.jpg 49 1349.24 1072.6 1045.41 802.96 607.66 539.27
6920152497029_camera0-33.jpg 49 1442.09 1073.44 1145.11 820.1 593.96 506.68
6920152497029_camera0-32.jpg 49 1463.67 1073.91 1155.89 813.48 615.56 520.86
6920152497029_camera0-36.jpg 49 1407.32 1070.73 1121.51 813.88 571.62 513.7
6920152497029_camera0-35.jpg 49 1418.79 1071.38 1123.13 811.18 591.31 520.41
6920152497029_camera0-38.jpg 49 1382.12 1066.02 1082.24 805.59 599.77 520.86
6920152497029_camera0-34.jpg 49 1431.24 1071.98 1146.69 816.39 569.1 511.18
6920152497029_camera0-39.jpg 49 1378.37 1070.09 1076.45 812.84 603.83 514.5
6920152497029_camera0-37.jpg 49 1396.59 1067.33 1100.65 810.85 591.88 512.96
6920152497029_camera0-40.jpg 49 1364.51 1069.46 1081.22 816.39 566.58 506.15
6920152497029_camera0-3.jpg 49 1346.62 1069.97 1037.52 802.96 618.19 534.01
6920152497029_camera0-5.jpg 49 1344.0 1072.86 1045.39 809.82 597.22 526.08
6920152497029_camera0-7.jpg 49 1349.38 1075.4 1048.16 810.55 602.44 529.71
6920152497029_camera0-8.jpg 49 1350.66 1074.51 1053.52 808.84 594.28 531.33
6920152497029_camera0-4.jpg 49 1336.39 1066.38 1033.69 804.18 605.41 524.4
6920152497029_camera0-6.jpg 49 1342.66 1067.34 1042.78 797.7 599.77 539.27
6920152497029_camera0-9.jpg 49 1358.51 1077.74 1053.29 808.09 610.45 539.31
6920152497029_camera1-11.jpg 49 1266.3 1027.91 945.24 682.93 642.12 689.97
6920152497029_camera1-10.jpg 49 1243.8 1032.22 924.9 685.75 637.8 692.95
6920152497029_camera1-12.jpg 49 1267.7 1035.77 942.82 676.69 649.75 718.15
6920152497029_camera1-15.jpg 49 1304.97 1033.43 979.73 682.61 650.48 701.64
6920152497029_camera1-13.jpg 49 1278.89 1035.47 955.31 687.97 647.16 695.01
6920152497029_camera1-16.jpg 49 1317.68 1035.77 984.91 681.95 665.54 707.63
6920152497029_camera1-14.jpg 49 1290.22 1036.74 967.9 690.49 644.64 692.49
6920152497029_camera1-17.jpg 49 1334.78 1033.13 1005.95 681.95 657.65 702.37
6920152497029_camera1-1.jpg 49 1224.36 963.37 911.0 629.7 626.72 667.34
6920152497029_camera1-20.jpg 49 1358.46 1013.4 1029.63 666.17 657.65 694.47
6920152497029_camera1-23.jpg 49 1368.15 985.14 1054.81 648.16 626.68 673.96
6920152497029_camera1-22.jpg 49 1369.55 995.18 1056.04 652.72 627.02 684.93
6920152497029_camera1-24.jpg 49 1371.6 983.15 1053.3 639.86 636.6 686.58
6920152497029_camera1-27.jpg 49 1352.03 954.66 1038.67 612.29 626.72 684.75
6920152497029_camera1-26.jpg 49 1359.47 967.48 1053.52 632.57 611.91 669.82
6920152497029_camera1-21.jpg 49 1363.71 1012.1 1040.15 660.91 647.12 702.37
6920152497029_camera1-28.jpg 49 1345.62 949.86 1038.41 617.46 614.42 664.79
6920152497029_camera1-29.jpg 49 1337.41 947.63 1024.37 603.03 626.08 689.21
6920152497029_camera1-2.jpg 49 1216.45 978.25 901.33 640.02 630.25 676.45
6920152497029_camera1-31.jpg 49 1321.7 937.26 1015.75 604.87 611.91 664.79
6920152497029_camera1-30.jpg 49 1333.45 946.32 1016.47 600.4 633.97 691.84
6920152497029_camera1-36.jpg 49 1266.31 942.3 960.35 609.91 611.91 664.79
6920152497029_camera1-34.jpg 49 1286.54 931.98 970.69 593.75 631.7 676.46
6920152497029_camera1-33.jpg 49 1305.84 933.17 982.28 592.51 647.12 681.32
6920152497029_camera1-32.jpg 49 1312.18 934.85 1003.08 601.5 618.2 666.69
6920152497029_camera1-35.jpg 49 1281.4 936.0 980.49 604.87 601.83 662.27
6920152497029_camera1-38.jpg 49 1236.12 946.32 924.4 603.03 623.45 686.58
6920152497029_camera1-37.jpg 49 1257.49 942.3 947.76 609.91 619.46 664.79
6920152497029_camera1-39.jpg 49 1238.76 951.59 924.4 616.19 628.71 670.8
6920152497029_camera1-4.jpg 49 1215.82 991.71 895.51 647.35 640.62 688.71
6920152497029_camera1-6.jpg 49 1218.45 1005.25 902.43 662.79 632.05 684.93
6920152497029_camera1-3.jpg 49 1215.65 974.98 893.59 629.7 644.13 690.56
6920152497029_camera1-40.jpg 49 1225.61 958.16 908.62 621.45 633.97 673.43
6920152497029_camera1-5.jpg 49 1213.57 996.86 898.91 653.21 629.31 687.29
6920152497029_camera1-7.jpg 49 1228.53 1010.29 915.02 665.31 627.02 689.97
6920152497029_camera1-8.jpg 49 1229.55 1019.98 903.36 668.8 652.38 702.37
6920152497029_camera1-9.jpg 49 1239.86 1022.88 925.09 680.41 629.53 684.93
6920152497029_camera2-10.jpg 49 1317.63 883.33 1021.26 588.17 592.74 590.32
6920152497029_camera2-11.jpg 49 1320.31 871.36 1013.84 574.1 612.93 594.51
6920152497029_camera2-12.jpg 49 1330.24 864.93 1025.4 562.23 609.67 605.41
6920152497029_camera2-13.jpg 49 1328.0 855.42 1035.89 551.99 584.21 606.87
6920152497029_camera2-14.jpg 49 1329.52 846.36 1029.63 545.16 599.77 602.4
6920152497029_camera2-15.jpg 49 1324.65 831.12 1029.06 536.57 591.19 589.11
6920152497029_camera2-16.jpg 49 1322.96 816.39 1028.34 521.77 589.24 589.24
6920152497029_camera2-17.jpg 49 1317.67 802.95 1019.1 503.07 597.14 599.77
6920152497029_camera2-18.jpg 49 1316.36 791.12 1021.73 492.55 589.25 597.14
6920152497029_camera2-19.jpg 49 1302.09 786.76 1009.35 495.24 585.47 583.05
6920152497029_camera2-1.jpg 49 1227.27 904.53 932.65 607.39 589.24 594.28
6920152497029_camera2-21.jpg 49 1283.48 775.33 992.8 471.5 581.36 607.66
6920152497029_camera2-22.jpg 49 1278.89 769.81 985.53 473.93 586.73 591.76
6920152497029_camera2-20.jpg 49 1296.42 779.69 1003.6 482.62 585.64 594.14
6920152497029_camera2-24.jpg 49 1255.43 769.18 961.4 475.15 588.07 588.07
6920152497029_camera2-23.jpg 49 1261.12 772.71 963.86 474.14 594.51 597.14
6920152497029_camera2-26.jpg 49 1233.57 773.59 940.2 473.93 586.73 599.32
6920152497029_camera2-25.jpg 49 1245.07 772.9 951.55 475.12 587.05 595.56
6920152497029_camera2-2.jpg 49 1236.13 916.07 934.93 613.56 602.4 605.03
6920152497029_camera2-27.jpg 49 1220.97 774.85 930.13 486.52 581.69 576.65
6920152497029_camera2-28.jpg 49 1215.65 786.37 911.0 490.42 609.31 591.9
6920152497029_camera2-29.jpg 49 1202.48 790.6 908.53 498.47 587.9 584.26
6920152497029_camera2-32.jpg 49 1192.01 822.7 897.39 529.33 589.24 586.73
6920152497029_camera2-30.jpg 49 1195.36 799.01 900.73 503.07 589.25 591.88
6920152497029_camera2-31.jpg 49 1189.78 811.18 894.48 516.71 590.6 588.94
6920152497029_camera2-34.jpg 49 1187.03 842.25 893.08 549.52 587.9 585.47
6920152497029_camera2-33.jpg 49 1186.99 831.5 894.88 539.4 584.21 584.21
6920152497029_camera2-35.jpg 49 1189.55 853.12 887.79 554.26 603.51 597.71
6920152497029_camera2-37.jpg 49 1204.56 871.36 911.25 574.1 586.62 594.51
6920152497029_camera2-38.jpg 49 1202.18 883.97 907.71 586.19 588.94 595.56
6920152497029_camera2-36.jpg 49 1192.01 866.75 899.91 574.65 584.21 584.21
6920152497029_camera2-3.jpg 49 1243.69 913.24 947.32 620.5 592.74 585.47
6920152497029_camera2-39.jpg 49 1212.45 891.08 913.88 592.51 597.14 597.14
6920152497029_camera2-6.jpg 49 1283.24 905.48 987.12 609.35 592.25 592.25
6920152497029_camera2-5.jpg 49 1271.63 913.45 969.12 618.82 605.03 589.25
6920152497029_camera2-40.jpg 49 1220.97 900.75 925.09 607.39 591.76 586.73
6920152497029_camera2-4.jpg 49 1259.18 916.94 951.62 606.48 615.12 620.92
6920152497029_camera2-7.jpg 49 1291.58 902.12 994.6 611.2 593.96 581.83
6920152497029_camera2-8.jpg 49 1299.67 900.52 998.35 602.74 602.65 595.56
6920152497029_camera2-9.jpg 49 1304.52 892.39 1003.32 597.77 602.4 589.25
6920152497029_camera3-10.jpg 49 1356.96 1260.85 1043.45 947.34 627.02 627.02
6920152497029_camera3-12.jpg 49 1379.35 1261.51 1059.74 950.39 639.21 622.24
6920152497029_camera3-11.jpg 49 1370.29 1260.68 1045.41 945.01 649.75 631.34
6920152497029_camera3-14.jpg 49 1407.32 1258.33 1088.77 939.78 637.09 637.09
6920152497029_camera3-17.jpg 49 1435.44 1258.14 1115.33 934.84 640.23 646.61
6920152497029_camera3-16.jpg 49 1434.74 1256.74 1116.44 947.64 636.6 618.19
6920152497029_camera3-18.jpg 49 1447.69 1250.82 1129.5 939.9 636.38 621.84
6920152497029_camera3-1.jpg 49 1318.99 1227.8 1011.21 913.44 615.56 628.71
6920152497029_camera3-26.jpg 49 1451.38 1228.11 1154.24 937.26 594.28 581.69
6920152497029_camera3-31.jpg 49 1408.43 1221.22 1105.91 923.96 605.03 594.51
6920152497029_camera3-2.jpg 49 1315.4 1235.66 1005.67 934.75 619.46 601.83
6920152497029_camera3-33.jpg 49 1384.71 1222.01 1077.83 923.4 613.76 597.22
6920152497029_camera3-32.jpg 49 1403.16 1219.9 1098.02 921.33 610.29 597.14
6920152497029_camera3-34.jpg 49 1373.32 1218.04 1076.18 927.19 594.28 581.69
6920152497029_camera3-35.jpg 49 1365.02 1221.22 1063.82 926.6 602.4 589.25
6920152497029_camera3-38.jpg 49 1334.28 1226.85 1033.37 932.23 601.83 589.24
6920152497029_camera3-36.jpg 49 1349.75 1222.76 1046.18 924.98 607.14 595.56
6920152497029_camera3-37.jpg 49 1343.33 1221.61 1038.67 919.85 609.31 603.51
6920152497029_camera3-39.jpg 49 1332.15 1223.85 1024.37 918.7 615.56 610.29
6920152497029_camera3-5.jpg 49 1319.18 1249.52 1010.71 944.82 616.94 609.39
6920152497029_camera3-3.jpg 49 1313.2 1242.61 1001.38 942.8 623.65 599.61
6920152497029_camera3-40.jpg 49 1320.64 1227.98 1012.8 929.79 615.69 596.39
6920152497029_camera3-6.jpg 49 1330.83 1252.79 1011.21 942.38 639.23 620.82
6920152497029_camera3-4.jpg 49 1319.18 1243.21 1010.71 942.3 616.94 601.83
6920152497029_camera3-8.jpg 49 1336.09 1258.05 1019.1 950.27 633.97 615.56
6920152497029_camera3-7.jpg 49 1330.51 1250.77 1018.26 942.3 624.5 616.94
6920152497029_camera3-9.jpg 49 1343.99 1258.05 1027.0 945.01 633.97 626.08
