6924743920330-back_camera0-10.jpg 5 1421.9 1158.74 893.94 950.85 1055.92 415.77
6924743920330-back_camera0-12.jpg 5 1549.33 1164.4 983.54 943.89 1131.58 441.03
6924743920330-back_camera0-11.jpg 5 1534.68 1148.32 1011.67 939.61 1046.02 417.42
6924743920330-back_camera0-14.jpg 5 1540.05 1153.47 913.04 948.42 1254.03 410.1
6924743920330-back_camera0-15.jpg 5 1521.56 1150.62 863.26 941.77 1316.6 417.69
6924743920330-back_camera0-17.jpg 5 1482.59 1154.45 832.66 939.74 1299.87 429.42
6924743920330-back_camera0-13.jpg 5 1547.08 1153.82 945.24 949.85 1203.67 407.94
6924743920330-back_camera0-16.jpg 5 1498.3 1143.24 832.3 933.43 1332.0 419.62
6924743920330-back_camera0-20.jpg 5 1521.96 1148.03 921.41 945.92 1201.11 404.22
6924743920330-back_camera0-19.jpg 5 1463.95 1145.04 864.58 941.1 1198.73 407.87
6924743920330-back_camera0-1.jpg 5 1373.93 1139.22 771.45 927.49 1204.96 423.47
6924743920330-back_camera0-18.jpg 5 1466.31 1159.4 842.86 950.27 1246.9 418.26
6924743920330-back_camera0-22.jpg 5 1564.44 1136.5 970.62 930.54 1187.64 411.92
6924743920330-back_camera0-21.jpg 5 1568.89 1127.83 977.01 923.96 1183.76 407.74
6924743920330-back_camera0-23.jpg 5 1542.25 1147.33 914.39 938.48 1255.72 417.7
6924743920330-back_camera0-26.jpg 5 1434.93 1158.31 803.23 939.45 1263.39 437.71
6924743920330-back_camera0-24.jpg 5 1497.87 1150.19 856.01 942.38 1283.72 415.63
6924743920330-back_camera0-25.jpg 5 1466.08 1155.21 832.96 938.48 1266.23 433.46
6924743920330-back_camera0-2.jpg 5 1429.11 1137.09 818.93 928.24 1220.36 417.69
6924743920330-back_camera0-29.jpg 5 1358.45 1138.36 834.96 910.81 1046.97 455.09
6924743920330-back_camera0-27.jpg 5 1392.07 1148.63 804.02 935.94 1176.09 425.39
6924743920330-back_camera0-28.jpg 5 1371.5 1149.95 814.57 935.85 1113.86 428.21
6924743920330-back_camera0-31.jpg 5 1446.35 1141.24 945.24 934.75 1002.22 412.97
6924743920330-back_camera0-30.jpg 5 1391.33 1148.88 882.31 921.33 1018.04 455.09
6924743920330-back_camera0-33.jpg 5 1456.12 1138.05 873.85 919.58 1164.54 436.94
6924743920330-back_camera0-32.jpg 5 1479.2 1151.27 945.92 935.85 1066.57 430.83
6924743920330-back_camera0-35.jpg 5 1395.28 1143.62 761.31 921.33 1267.94 444.57
6924743920330-back_camera0-34.jpg 5 1435.48 1148.53 838.13 927.33 1194.7 442.4
6924743920330-back_camera0-37.jpg 5 1346.54 1147.33 714.74 933.22 1263.6 428.21
6924743920330-back_camera0-36.jpg 5 1343.98 1143.62 698.17 897.66 1291.62 491.92
6924743920330-back_camera0-39.jpg 5 1295.34 1140.56 702.48 929.79 1185.71 421.54
6924743920330-back_camera0-4.jpg 5 1405.91 1142.55 721.99 933.64 1367.85 417.81
6924743920330-back_camera0-3.jpg 5 1422.9 1139.67 777.09 913.44 1291.62 452.46
6924743920330-back_camera0-40.jpg 5 1357.05 1147.33 754.15 935.85 1205.81 422.95
6924743920330-back_camera0-38.jpg 5 1321.62 1150.2 700.8 934.49 1241.63 431.42
6924743920330-back_camera0-5.jpg 5 1387.2 1142.54 714.62 937.06 1345.16 410.96
6924743920330-back_camera0-6.jpg 5 1368.87 1146.01 712.11 941.1 1313.51 409.82
6924743920330-back_camera0-9.jpg 5 1354.51 1165.98 816.55 945.01 1075.91 441.94
6924743920330-back_camera0-8.jpg 5 1352.86 1154.99 741.06 938.62 1223.6 432.74
6924743920330-back_camera0-7.jpg 5 1366.35 1155.46 716.59 937.12 1299.51 436.68
6924743920330-back_camera1-12.jpg 5 1380.46 1160.88 833.64 710.63 1093.64 900.51
6924743920330-back_camera1-10.jpg 5 1360.99 1139.45 901.26 741.45 919.46 795.99
6924743920330-back_camera1-13.jpg 5 1388.7 1163.35 790.24 689.84 1196.91 947.01
6924743920330-back_camera1-11.jpg 5 1382.01 1152.58 869.74 723.06 1024.54 859.04
6924743920330-back_camera1-14.jpg 5 1368.11 1147.4 755.04 662.34 1226.13 970.13
6924743920330-back_camera1-15.jpg 5 1359.47 1138.71 743.79 675.38 1231.37 926.67
6924743920330-back_camera1-18.jpg 5 1322.94 1087.06 763.94 718.78 1118.0 736.56
6924743920330-back_camera1-19.jpg 5 1360.43 1063.45 817.76 733.57 1085.34 659.76
6924743920330-back_camera1-16.jpg 5 1347.89 1126.07 748.3 693.78 1199.19 864.58
6924743920330-back_camera1-17.jpg 5 1325.49 1101.92 736.08 694.06 1178.83 815.73
6924743920330-back_camera1-1.jpg 5 1253.22 1112.06 692.91 747.72 1120.63 728.67
6924743920330-back_camera1-22.jpg 5 1389.89 1077.71 798.81 652.13 1182.16 851.16
6924743920330-back_camera1-20.jpg 5 1411.09 1066.94 872.21 735.81 1077.76 662.27
6924743920330-back_camera1-23.jpg 5 1355.76 1080.41 746.06 638.02 1219.4 884.79
6924743920330-back_camera1-21.jpg 5 1397.91 1058.12 819.18 663.54 1157.46 789.17
6924743920330-back_camera1-24.jpg 5 1342.6 1088.22 733.13 633.74 1218.94 908.95
6924743920330-back_camera1-26.jpg 5 1282.15 1075.23 706.06 616.19 1152.19 918.07
6924743920330-back_camera1-25.jpg 5 1302.18 1078.91 712.21 617.91 1179.94 922.01
6924743920330-back_camera1-28.jpg 5 1238.61 1053.1 743.79 627.53 989.63 851.13
6924743920330-back_camera1-27.jpg 5 1250.6 1060.76 727.11 621.45 1046.97 878.61
6924743920330-back_camera1-31.jpg 5 1321.59 1040.93 840.84 607.47 961.49 866.92
6924743920330-back_camera1-30.jpg 5 1307.32 1025.56 849.2 628.07 916.23 794.97
6924743920330-back_camera1-29.jpg 5 1234.81 1037.08 777.09 642.49 915.44 789.17
6924743920330-back_camera1-2.jpg 5 1258.39 1149.86 650.8 734.37 1215.18 830.98
6924743920330-back_camera1-33.jpg 5 1278.26 1072.91 693.81 585.46 1168.89 974.9
6924743920330-back_camera1-32.jpg 5 1297.94 1056.7 759.4 591.71 1077.08 929.97
6924743920330-back_camera1-34.jpg 5 1250.59 1091.01 653.45 603.03 1194.28 975.95
6924743920330-back_camera1-35.jpg 5 1232.67 1091.75 628.27 604.76 1208.81 973.98
6924743920330-back_camera1-37.jpg 5 1194.53 1092.13 605.29 647.68 1178.49 888.9
6924743920330-back_camera1-36.jpg 5 1201.93 1088.38 603.47 631.97 1196.92 912.81
6924743920330-back_camera1-38.jpg 5 1177.1 1094.78 609.66 678.4 1134.88 832.77
6924743920330-back_camera1-4.jpg 5 1240.48 1170.62 606.08 697.9 1268.8 945.43
6924743920330-back_camera1-3.jpg 5 1245.34 1147.57 616.63 713.52 1257.42 868.09
6924743920330-back_camera1-5.jpg 5 1238.87 1172.28 600.54 670.32 1276.66 1003.92
6924743920330-back_camera1-39.jpg 5 1174.39 1090.88 635.51 718.19 1077.76 745.37
6924743920330-back_camera1-40.jpg 5 1265.1 1103.97 722.62 754.58 1084.96 698.79
6924743920330-back_camera1-7.jpg 5 1237.44 1177.82 661.34 705.63 1152.2 944.38
6924743920330-back_camera1-8.jpg 5 1246.04 1176.92 726.33 728.43 1039.42 896.98
6924743920330-back_camera1-6.jpg 5 1230.87 1177.82 632.41 689.84 1196.91 975.95
6924743920330-back_camera1-9.jpg 5 1294.0 1154.87 821.06 751.56 945.89 806.61
6924743920330-back_camera2-10.jpg 5 1341.85 842.83 879.77 463.85 924.16 757.96
6924743920330-back_camera2-11.jpg 5 1335.55 834.14 817.92 386.13 1035.25 896.02
6924743920330-back_camera2-12.jpg 5 1337.4 829.27 811.29 342.61 1052.23 973.32
6924743920330-back_camera2-15.jpg 5 1292.68 805.81 733.13 242.31 1119.11 1126.99
6924743920330-back_camera2-14.jpg 5 1303.17 804.94 746.43 262.61 1113.48 1084.66
6924743920330-back_camera2-13.jpg 5 1325.91 821.2 757.22 281.52 1137.39 1079.36
6924743920330-back_camera2-18.jpg 5 1257.17 793.75 798.14 279.47 918.07 1028.56
6924743920330-back_camera2-17.jpg 5 1258.75 802.55 758.9 269.96 999.7 1065.17
6924743920330-back_camera2-1.jpg 5 1288.75 935.85 859.23 436.71 859.04 998.27
6924743920330-back_camera2-19.jpg 5 1236.73 800.45 835.88 336.72 801.7 927.46
6924743920330-back_camera2-20.jpg 5 1246.65 783.23 856.01 316.3 781.28 933.86
6924743920330-back_camera2-16.jpg 5 1274.3 799.24 733.13 242.31 1082.34 1113.86
6924743920330-back_camera2-23.jpg 5 1224.37 814.98 681.79 243.38 1085.16 1143.19
6924743920330-back_camera2-22.jpg 5 1224.75 803.8 736.23 262.4 977.04 1082.8
6924743920330-back_camera2-21.jpg 5 1237.44 799.01 782.35 274.21 910.18 1049.6
6924743920330-back_camera2-26.jpg 5 1195.84 845.85 635.7 305.92 1120.27 1079.85
6924743920330-back_camera2-25.jpg 5 1199.42 834.7 643.81 271.21 1111.23 1126.99
6924743920330-back_camera2-24.jpg 5 1211.14 813.48 650.82 232.12 1120.63 1162.72
6924743920330-back_camera2-28.jpg 5 1188.24 869.27 678.32 400.9 1019.84 936.75
6924743920330-back_camera2-27.jpg 5 1189.55 859.74 652.77 363.59 1073.55 992.31
6924743920330-back_camera2-29.jpg 5 1176.93 879.24 703.43 463.61 947.01 831.26
6924743920330-back_camera2-31.jpg 5 1196.69 886.97 690.45 446.17 1012.48 881.59
6924743920330-back_camera2-2.jpg 5 1312.39 929.28 804.06 373.66 1016.66 1111.23
6924743920330-back_camera2-35.jpg 5 1221.66 925.28 663.98 361.02 1115.37 1128.52
6924743920330-back_camera2-33.jpg 5 1227.01 916.14 643.81 376.29 1166.4 1079.71
6924743920330-back_camera2-32.jpg 5 1198.93 901.35 656.12 403.77 1085.62 995.15
6924743920330-back_camera2-30.jpg 5 1190.1 887.14 716.59 476.77 947.01 820.74
6924743920330-back_camera2-36.jpg 5 1247.58 942.64 705.0 376.85 1085.16 1131.58
6924743920330-back_camera2-34.jpg 5 1220.27 922.84 646.5 372.65 1147.54 1100.38
6924743920330-back_camera2-37.jpg 5 1249.35 938.47 735.76 392.05 1027.17 1092.84
6924743920330-back_camera2-38.jpg 5 1255.91 937.16 780.42 418.32 950.98 1037.68
6924743920330-back_camera2-4.jpg 5 1319.82 910.87 762.9 346.08 1113.85 1129.57
6924743920330-back_camera2-40.jpg 5 1276.59 946.78 850.07 450.63 853.04 992.31
6924743920330-back_camera2-3.jpg 5 1301.89 917.39 779.72 345.24 1044.34 1144.3
6924743920330-back_camera2-39.jpg 5 1269.05 933.22 856.6 457.73 824.89 950.98
6924743920330-back_camera2-5.jpg 5 1328.8 894.76 768.51 329.98 1120.59 1129.57
6924743920330-back_camera2-6.jpg 5 1329.46 883.3 775.16 347.39 1108.61 1071.83
6924743920330-back_camera2-7.jpg 5 1328.82 885.03 774.63 362.76 1108.37 1044.54
6924743920330-back_camera2-9.jpg 5 1330.68 842.93 861.71 451.25 937.94 783.36
6924743920330-back_camera3-11.jpg 5 1505.76 1350.12 911.25 1076.54 1189.02 547.16
6924743920330-back_camera2-8.jpg 5 1330.78 864.92 809.31 389.43 1042.93 950.98
6924743920330-back_camera3-13.jpg 5 1490.12 1351.39 838.88 1084.15 1302.49 534.47
6924743920330-back_camera3-12.jpg 5 1511.61 1356.31 873.28 1080.67 1276.66 551.28
6924743920330-back_camera3-10.jpg 5 1501.82 1350.12 948.08 1084.43 1107.47 531.38
6924743920330-back_camera3-14.jpg 5 1475.27 1343.04 819.82 1080.34 1310.89 525.41
6924743920330-back_camera3-15.jpg 5 1449.2 1340.91 811.29 1066.02 1275.83 549.79
6924743920330-back_camera3-16.jpg 5 1424.27 1322.79 812.47 1066.98 1223.6 511.61
6924743920330-back_camera3-18.jpg 5 1478.13 1304.08 879.68 1050.23 1196.91 507.7
6924743920330-back_camera3-17.jpg 5 1434.54 1310.2 843.46 1067.2 1182.16 486.0
6924743920330-back_camera3-1.jpg 5 1384.2 1318.08 749.8 1083.41 1268.8 469.34
6924743920330-back_camera3-20.jpg 5 1537.0 1309.95 945.24 1055.62 1183.52 508.66
6924743920330-back_camera3-21.jpg 5 1495.24 1314.61 869.16 1031.82 1252.16 565.58
6924743920330-back_camera3-19.jpg 5 1527.92 1304.24 939.88 1056.89 1176.09 494.69
6924743920330-back_camera3-22.jpg 5 1471.33 1322.02 840.84 1040.93 1260.97 562.18
6924743920330-back_camera3-23.jpg 5 1424.21 1317.24 782.35 1031.82 1283.72 570.84
6924743920330-back_camera3-28.jpg 5 1346.88 1299.88 852.07 1027.92 989.63 543.92
6924743920330-back_camera3-25.jpg 5 1368.61 1321.62 779.19 1013.23 1178.83 616.77
6924743920330-back_camera3-24.jpg 5 1397.03 1313.11 778.19 1020.53 1237.68 585.16
6924743920330-back_camera3-26.jpg 5 1341.29 1314.13 780.42 1019.91 1121.74 588.45
6924743920330-back_camera3-27.jpg 5 1317.64 1299.69 822.45 1017.29 990.39 564.81
6924743920330-back_camera3-29.jpg 5 1412.05 1305.93 912.96 1030.4 998.18 551.06
6924743920330-back_camera3-30.jpg 5 1443.83 1308.69 932.65 1022.88 1022.36 571.62
6924743920330-back_camera3-2.jpg 5 1364.07 1350.47 700.81 1094.66 1326.53 511.61
6924743920330-back_camera3-32.jpg 5 1391.33 1322.5 784.98 1023.93 1212.7 597.14
6924743920330-back_camera3-31.jpg 5 1428.99 1316.96 868.03 1027.4 1121.92 579.11
6924743920330-back_camera3-33.jpg 5 1364.51 1332.61 748.82 1045.54 1231.37 574.13
6924743920330-back_camera3-34.jpg 5 1334.72 1331.21 706.86 1038.3 1255.72 585.83
6924743920330-back_camera3-35.jpg 5 1311.41 1329.9 679.71 1041.41 1263.39 576.98
6924743920330-back_camera3-37.jpg 5 1248.56 1323.92 674.4 1065.72 1148.32 516.41
6924743920330-back_camera3-36.jpg 5 1270.36 1327.27 664.83 1059.32 1211.06 535.91
6924743920330-back_camera3-3.jpg 5 1356.95 1355.28 693.42 1103.46 1327.06 503.63
6924743920330-back_camera3-39.jpg 5 1342.44 1317.28 748.62 1076.67 1187.64 481.21
6924743920330-back_camera3-38.jpg 5 1278.24 1323.33 688.47 1064.57 1179.54 517.52
6924743920330-back_camera3-4.jpg 5 1330.51 1365.35 680.83 1111.02 1299.36 508.66
6924743920330-back_camera3-5.jpg 5 1334.8 1365.5 694.78 1103.72 1280.03 523.56
6924743920330-back_camera3-40.jpg 5 1391.2 1328.59 769.91 1082.96 1242.58 491.25
6924743920330-back_camera3-6.jpg 5 1322.15 1365.96 739.28 1106.5 1165.74 518.92
6924743920330-back_camera3-9.jpg 5 1498.53 1353.55 992.84 1098.64 1011.38 509.81
6924743920330-back_camera3-8.jpg 5 1366.24 1362.74 848.72 1101.35 1035.05 522.78
6924743920330_camera0-10.jpg 5 1366.24 1163.09 853.97 951.61 1024.54 422.95
6924743920330_camera0-12.jpg 5 1550.62 1163.39 1019.36 948.08 1062.52 430.62
6924743920330_camera0-11.jpg 5 1512.04 1167.03 985.32 951.61 1053.44 430.83
6924743920330-back_camera3-7.jpg 5 1331.91 1359.04 771.78 1102.07 1120.27 513.94
6924743920330_camera0-13.jpg 5 1547.67 1166.1 955.06 946.53 1185.23 439.13
6924743920330_camera0-14.jpg 5 1537.0 1164.39 893.38 948.98 1287.24 430.83
6924743920330_camera0-15.jpg 5 1521.13 1145.49 868.61 941.45 1305.05 408.07
6924743920330_camera0-17.jpg 5 1489.1 1153.14 823.23 955.31 1331.74 395.66
6924743920330_camera0-1.jpg 5 1349.24 1150.2 724.48 934.49 1249.53 431.42
6924743920330_camera0-20.jpg 5 1456.97 1144.84 862.19 946.58 1189.56 396.52
6924743920330_camera0-18.jpg 5 1454.47 1146.25 800.77 939.75 1307.4 413.0
6924743920330_camera0-19.jpg 5 1452.93 1146.01 848.72 948.98 1208.43 394.05
6924743920330_camera0-16.jpg 5 1495.74 1149.46 822.41 946.42 1346.65 406.09
6924743920330_camera0-22.jpg 5 1562.32 1151.51 977.01 945.01 1170.61 413.0
6924743920330_camera0-21.jpg 5 1511.03 1135.73 911.25 916.07 1199.55 439.31
6924743920330_camera0-24.jpg 5 1515.99 1149.95 893.38 948.98 1245.21 401.94
6924743920330_camera0-25.jpg 5 1469.8 1152.38 839.41 948.35 1260.78 408.07
6924743920330_camera0-26.jpg 5 1440.0 1154.14 803.4 939.75 1273.2 428.78
6924743920330_camera0-23.jpg 5 1539.63 1156.52 930.16 946.36 1218.94 420.32
6924743920330_camera0-29.jpg 5 1358.27 1154.3 819.31 947.38 1077.92 413.84
6924743920330_camera0-27.jpg 5 1409.84 1156.34 811.78 949.85 1196.11 412.97
6924743920330_camera0-28.jpg 5 1362.39 1144.93 784.98 918.7 1154.83 452.46
6924743920330_camera0-2.jpg 5 1413.54 1148.64 806.69 938.48 1213.69 420.32
6924743920330_camera0-30.jpg 5 1361.08 1155.45 856.01 942.38 1010.14 426.15
6924743920330_camera0-31.jpg 5 1422.93 1153.69 907.34 949.11 1031.17 409.17
6924743920330_camera0-32.jpg 5 1484.12 1156.34 983.01 954.89 1002.22 402.9
6924743920330_camera0-33.jpg 5 1464.99 1155.46 898.1 934.49 1133.78 441.94
6924743920330_camera0-34.jpg 5 1447.68 1159.15 851.35 946.36 1192.67 425.58
6924743920330_camera0-38.jpg 5 1317.67 1151.52 682.39 931.86 1270.57 439.31
6924743920330_camera0-35.jpg 5 1417.51 1149.27 799.95 937.06 1235.12 424.43
6924743920330_camera0-36.jpg 5 1393.82 1155.2 756.77 943.73 1274.11 422.95
6924743920330_camera0-37.jpg 5 1359.12 1157.16 719.92 952.17 1278.39 409.98
6924743920330_camera0-3.jpg 5 1437.37 1139.67 816.55 934.49 1241.63 410.37
6924743920330_camera0-39.jpg 5 1306.2 1154.62 688.0 947.84 1236.39 413.55
6924743920330_camera0-40.jpg 5 1330.57 1143.3 729.05 935.41 1203.04 415.77
6924743920330_camera0-5.jpg 5 1414.85 1156.52 754.15 943.73 1321.39 425.58
6924743920330_camera0-4.jpg 5 1430.79 1140.99 774.46 929.23 1312.66 423.52
6924743920330_camera0-7.jpg 5 1378.07 1159.14 741.01 951.61 1274.11 415.07
6924743920330_camera0-6.jpg 5 1393.93 1153.77 735.95 947.17 1315.96 413.2
6924743920330_camera0-8.jpg 5 1363.7 1151.52 750.78 929.23 1225.85 444.57
6924743920330_camera0-9.jpg 5 1372.35 1154.87 803.65 943.06 1137.39 423.62
6924743920330_camera1-11.jpg 5 1379.38 1155.2 872.36 738.82 1014.03 832.77
6924743920330_camera1-10.jpg 5 1294.0 1163.35 824.44 742.45 939.12 841.79
6924743920330_camera1-12.jpg 5 1379.38 1156.52 848.72 730.94 1061.32 851.16
6924743920330_camera1-15.jpg 5 1368.85 1144.78 742.31 695.65 1253.08 898.27
6924743920330_camera1-13.jpg 5 1378.36 1161.38 806.74 718.19 1143.23 886.38
6924743920330_camera1-17.jpg 5 1333.46 1125.2 721.85 708.26 1223.22 833.89
6924743920330_camera1-1.jpg 5 1267.88 1120.05 716.6 780.57 1102.57 678.95
6924743920330_camera1-14.jpg 5 1371.5 1159.15 762.03 707.3 1218.94 903.7
6924743920330_camera1-18.jpg 5 1324.69 1106.99 748.68 727.47 1152.03 759.04
6924743920330_camera1-16.jpg 5 1347.95 1137.99 734.97 710.63 1225.97 854.73
6924743920330_camera1-21.jpg 5 1405.65 1100.04 874.99 736.19 1061.32 727.69
6924743920330_camera1-24.jpg 5 1346.22 1111.35 739.81 647.11 1212.82 928.48
6924743920330_camera1-23.jpg 5 1368.32 1100.67 774.5 671.43 1187.64 858.49
6924743920330_camera1-20.jpg 5 1361.62 1089.84 824.43 770.08 1074.38 639.51
6924743920330_camera1-22.jpg 5 1393.96 1089.69 824.44 684.58 1139.04 810.22
6924743920330_camera1-19.jpg 5 1328.14 1080.34 790.92 751.96 1074.45 656.76
6924743920330_camera1-25.jpg 5 1316.66 1105.97 726.16 640.12 1181.01 931.71
6924743920330_camera1-27.jpg 5 1266.68 1094.64 722.1 627.54 1089.15 934.2
6924743920330_camera1-26.jpg 5 1284.81 1107.91 706.86 631.11 1155.89 953.61
6924743920330_camera1-2.jpg 5 1273.42 1141.79 703.02 748.8 1140.8 785.98
6924743920330_camera1-28.jpg 5 1244.67 1073.63 734.01 629.7 1021.33 887.86
6924743920330_camera1-33.jpg 5 1285.18 1094.64 726.16 612.42 1118.05 964.45
6924743920330_camera1-30.jpg 5 1282.18 1055.38 830.33 665.26 903.7 780.23
6924743920330_camera1-29.jpg 5 1221.66 1069.96 753.42 645.12 936.49 849.68
6924743920330_camera1-31.jpg 5 1328.82 1059.12 873.28 629.7 911.07 858.84
6924743920330_camera1-32.jpg 5 1314.62 1080.21 812.72 629.06 1003.79 902.3
6924743920330_camera1-34.jpg 5 1270.36 1100.04 680.59 604.84 1179.54 990.39
6924743920330_camera1-35.jpg 5 1250.2 1113.72 649.49 617.43 1201.43 992.59
6924743920330_camera1-38.jpg 5 1177.07 1111.59 605.38 678.49 1143.37 866.19
6924743920330_camera1-36.jpg 5 1221.76 1113.18 614.91 620.61 1213.69 985.14
6924743920330_camera1-39.jpg 5 1177.94 1111.34 617.95 699.33 1119.98 824.02
6924743920330_camera1-37.jpg 5 1200.46 1111.02 600.43 643.72 1200.07 934.59
6924743920330_camera1-4.jpg 5 1256.01 1166.5 639.01 713.25 1233.99 906.5
6924743920330_camera1-3.jpg 5 1267.72 1157.84 667.45 723.06 1200.55 869.55
6924743920330_camera1-40.jpg 5 1236.21 1100.04 691.1 775.6 1090.22 648.88
6924743920330_camera1-5.jpg 5 1228.24 1190.97 592.95 703.0 1270.57 975.95
6924743920330_camera1-7.jpg 5 1242.78 1195.92 675.34 707.3 1134.88 977.25
6924743920330_camera1-8.jpg 5 1242.35 1184.46 707.88 705.01 1068.94 958.9
6924743920330_camera1-6.jpg 5 1242.7 1202.8 637.67 697.73 1210.07 1010.14
6924743920330_camera2-10.jpg 5 1325.92 853.12 861.68 473.02 928.48 760.19
6924743920330_camera1-9.jpg 5 1246.71 1178.85 780.42 730.94 932.59 895.82
6924743920330_camera2-11.jpg 5 1326.56 844.24 831.39 399.6 990.34 889.28
6924743920330_camera2-12.jpg 5 1329.51 837.15 834.96 368.91 989.1 936.49
6924743920330_camera2-13.jpg 5 1311.4 827.0 774.63 316.34 1073.55 1021.33
6924743920330_camera2-14.jpg 5 1304.11 825.15 755.04 276.09 1098.13 1098.13
6924743920330_camera2-17.jpg 5 1274.3 804.49 759.4 250.19 1029.79 1108.61
6924743920330_camera2-16.jpg 5 1288.74 809.54 766.57 258.43 1044.34 1102.21
6924743920330_camera2-19.jpg 5 1248.99 803.89 842.31 327.55 813.37 952.68
6924743920330_camera2-18.jpg 5 1250.77 803.63 785.73 278.33 930.08 1050.6
6924743920330_camera2-15.jpg 5 1304.53 817.43 763.94 253.17 1081.17 1128.52
6924743920330_camera2-1.jpg 5 1284.81 920.09 872.36 457.73 824.89 924.71
6924743920330_camera2-20.jpg 5 1230.48 807.48 866.68 359.54 727.6 895.88
6924743920330_camera2-21.jpg 5 1230.87 796.38 803.4 313.67 854.94 965.42
6924743920330_camera2-23.jpg 5 1229.25 815.52 721.41 276.23 1015.68 1078.58
6924743920330_camera2-24.jpg 5 1221.46 827.83 681.79 270.74 1079.35 1114.17
6924743920330_camera2-22.jpg 5 1236.2 808.44 767.28 294.85 937.85 1027.17
6924743920330_camera2-25.jpg 5 1207.19 827.95 650.82 266.32 1112.74 1123.26
6924743920330_camera2-26.jpg 5 1202.57 839.11 639.55 305.92 1126.04 1066.37
6924743920330_camera2-27.jpg 5 1199.42 842.6 649.06 329.01 1100.72 1027.17
6924743920330_camera2-28.jpg 5 1179.57 866.1 653.45 397.85 1052.23 936.49
6924743920330_camera2-29.jpg 5 1189.1 869.9 691.52 432.96 995.15 873.89
6924743920330_camera2-2.jpg 5 1296.9 929.38 821.06 410.01 951.69 1038.73
6924743920330_camera2-30.jpg 5 1192.07 876.9 757.93 519.64 868.29 714.52
6924743920330_camera2-31.jpg 5 1201.93 881.87 727.11 471.5 949.64 820.74
6924743920330_camera2-32.jpg 5 1204.68 895.13 696.35 423.58 1016.66 943.1
6924743920330_camera2-34.jpg 5 1216.46 912.25 662.1 369.44 1108.72 1085.62
6924743920330_camera2-33.jpg 5 1209.83 901.61 663.98 384.7 1091.69 1033.82
6924743920330_camera2-35.jpg 5 1221.76 921.4 664.83 363.16 1113.86 1116.49
6924743920330_camera2-36.jpg 5 1233.49 935.8 685.02 376.8 1096.95 1118.0
6924743920330_camera2-39.jpg 5 1262.56 939.69 831.39 449.01 862.34 981.36
6924743920330_camera2-3.jpg 5 1307.14 916.14 806.69 384.17 1000.9 1063.95
6924743920330_camera2-40.jpg 5 1280.52 925.6 898.35 481.58 764.34 888.03
6924743920330_camera2-38.jpg 5 1262.57 935.02 802.25 424.39 920.63 1021.27
6924743920330_camera2-4.jpg 5 1303.2 910.81 750.78 355.76 1104.84 1110.11
6924743920330_camera2-5.jpg 5 1321.58 909.58 764.65 355.28 1113.86 1108.61
6924743920330_camera2-37.jpg 5 1244.02 931.86 724.48 374.17 1039.08 1115.37
6924743920330_camera2-8.jpg 5 1331.42 873.17 798.24 402.54 1066.37 941.26
6924743920330_camera2-6.jpg 5 1324.21 891.19 759.4 342.14 1129.62 1098.1
6924743920330_camera2-7.jpg 5 1316.36 889.77 758.68 376.8 1115.37 1025.93
6924743920330_camera2-9.jpg 5 1323.69 860.28 838.63 448.64 970.13 823.29
6924743920330_camera3-11.jpg 5 1427.97 1315.45 861.85 1043.56 1132.25 543.79
6924743920330_camera3-10.jpg 5 1449.66 1313.9 939.05 1052.12 1021.23 523.57
6924743920330_camera3-12.jpg 5 1408.43 1308.03 803.4 1018.67 1210.07 578.73
6924743920330_camera3-14.jpg 5 1332.46 1317.82 689.66 1031.82 1285.61 572.01
6924743920330_camera3-15.jpg 5 1305.82 1319.4 667.45 1043.56 1276.73 551.68
6924743920330_camera3-13.jpg 5 1357.13 1315.92 724.48 1034.45 1265.31 562.94
6924743920330_camera3-18.jpg 5 1249.57 1299.26 657.67 1044.21 1183.79 510.09
6924743920330_camera3-19.jpg 5 1300.3 1304.91 711.05 1055.62 1178.49 498.59
6924743920330_camera3-16.jpg 5 1270.36 1315.45 641.18 1046.18 1258.35 538.54
6924743920330_camera3-17.jpg 5 1228.23 1297.5 611.36 1042.34 1233.74 510.33
6924743920330_camera3-20.jpg 5 1352.24 1317.06 766.54 1062.15 1171.41 509.81
6924743920330_camera3-1.jpg 5 1505.76 1317.24 882.31 1050.23 1246.9 534.01
6924743920330_camera3-21.jpg 5 1343.92 1335.16 727.88 1059.32 1232.08 551.68
6924743920330_camera3-23.jpg 5 1299.8 1369.58 635.36 1064.92 1328.88 609.31
6924743920330_camera3-22.jpg 5 1320.01 1352.76 686.36 1068.77 1267.29 567.97
6924743920330_camera3-25.jpg 5 1250.64 1382.62 604.85 1066.94 1291.58 631.35
6924743920330_camera3-24.jpg 5 1270.33 1364.59 621.89 1052.86 1296.88 623.45
6924743920330_camera3-28.jpg 5 1294.0 1345.67 751.52 1061.95 1084.96 567.44
6924743920330_camera3-27.jpg 5 1245.33 1350.12 695.54 1044.97 1099.58 610.29
6924743920330_camera3-26.jpg 5 1243.58 1366.74 637.25 1054.91 1212.66 623.65
6924743920330_camera3-2.jpg 5 1483.15 1323.34 840.84 1051.44 1284.62 543.79
6924743920330_camera3-30.jpg 5 1471.57 1351.43 911.25 1058.12 1120.63 586.62
6924743920330_camera3-31.jpg 5 1466.49 1362.96 867.18 1065.69 1198.63 594.54
6924743920330_camera3-33.jpg 5 1438.15 1362.82 770.78 1055.94 1334.75 613.75
6924743920330_camera3-29.jpg 5 1385.94 1352.24 835.58 1061.95 1100.72 580.57
6924743920330_camera3-32.jpg 5 1454.46 1356.69 813.92 1042.34 1281.09 628.71
6924743920330_camera3-34.jpg 5 1424.73 1366.87 753.23 1067.41 1343.0 598.91
6924743920330_camera3-35.jpg 5 1404.34 1356.17 741.01 1064.57 1326.65 583.2
6924743920330_camera3-36.jpg 5 1377.84 1339.79 742.31 1057.96 1271.05 563.66
6924743920330_camera3-37.jpg 5 1373.14 1332.25 776.34 1076.48 1193.6 511.54
6924743920330_camera3-38.jpg 5 1426.66 1318.09 817.19 1069.83 1218.94 496.51
6924743920330_camera3-39.jpg 5 1490.12 1313.21 892.77 1071.8 1194.7 482.82
6924743920330_camera3-3.jpg 5 1447.83 1335.4 802.04 1054.37 1291.58 562.06
6924743920330_camera3-40.jpg 5 1519.92 1318.08 917.02 1064.57 1205.81 507.02
6924743920330_camera3-4.jpg 5 1417.63 1326.44 784.98 1037.08 1265.31 578.73
6924743920330_camera3-5.jpg 5 1395.99 1323.8 796.67 1045.54 1198.63 556.51
6924743920330_camera3-7.jpg 5 1344.3 1307.02 827.52 1037.93 1033.55 538.17
6924743920330_camera3-8.jpg 5 1363.25 1303.65 879.77 1048.06 966.96 511.18
6924743920330_camera3-9.jpg 5 1431.36 1306.52 933.78 1042.82 995.15 527.41
6924743920330_camera3-6.jpg 5 1370.18 1312.83 801.43 1033.05 1137.5 559.56
