6901715291209-back_camera0-12.jpg 50 1335.88 1228.43 919.85 1131.16 832.07 194.53
6901715291209-back_camera0-10.jpg 50 1287.26 1229.82 853.91 1128.0 866.69 203.64
6901715291209-back_camera0-11.jpg 50 1302.55 1235.17 884.63 1136.31 835.84 197.73
6901715291209-back_camera0-13.jpg 50 1351.94 1234.01 921.5 1130.01 860.88 208.0
6901715291209-back_camera0-14.jpg 50 1349.04 1235.02 898.55 1129.57 900.98 210.91
6901715291209-back_camera0-17.jpg 50 1338.94 1235.13 879.45 1120.54 918.98 229.18
6901715291209-back_camera0-16.jpg 50 1340.86 1234.17 869.94 1121.44 941.84 225.46
6901715291209-back_camera0-18.jpg 50 1340.05 1232.25 893.26 1115.69 893.58 233.11
6901715291209-back_camera0-15.jpg 50 1344.06 1234.92 874.14 1124.18 939.84 221.48
6901715291209-back_camera0-19.jpg 50 1341.04 1231.13 920.25 1114.77 841.58 232.73
6901715291209-back_camera0-1.jpg 50 1401.79 1226.54 1086.99 1110.46 629.59 232.15
6901715291209-back_camera0-21.jpg 50 1394.49 1237.88 1029.77 1115.77 729.45 244.21
6901715291209-back_camera0-20.jpg 50 1351.3 1230.31 972.07 1109.78 758.46 241.05
6901715291209-back_camera0-22.jpg 50 1472.57 1233.48 1106.9 1108.46 731.34 250.03
6901715291209-back_camera0-23.jpg 50 1502.63 1235.22 1106.43 1107.89 792.4 254.65
6901715291209-back_camera0-27.jpg 50 1505.63 1231.01 1021.84 1100.58 967.58 260.86
6901715291209-back_camera0-26.jpg 50 1510.69 1231.49 1034.07 1101.27 953.25 260.45
6901715291209-back_camera0-25.jpg 50 1511.15 1233.14 1045.68 1104.05 930.94 258.19
6901715291209-back_camera0-24.jpg 50 1514.17 1232.54 1078.09 1106.47 872.17 252.14
6901715291209-back_camera0-28.jpg 50 1499.18 1232.78 1028.21 1104.34 941.94 256.89
6901715291209-back_camera0-29.jpg 50 1490.26 1229.52 1039.0 1104.47 902.53 250.1
6901715291209-back_camera0-31.jpg 50 1517.08 1222.62 1093.43 1099.58 847.3 246.07
6901715291209-back_camera0-2.jpg 50 1433.8 1220.35 1116.32 1109.03 634.97 222.64
6901715291209-back_camera0-30.jpg 50 1480.12 1228.05 1059.9 1104.36 840.45 247.38
6901715291209-back_camera0-33.jpg 50 1531.98 1226.59 1105.41 1113.21 853.14 226.76
6901715291209-back_camera0-32.jpg 50 1540.57 1223.12 1136.4 1108.31 808.33 229.62
6901715291209-back_camera0-34.jpg 50 1523.11 1227.2 1074.73 1110.31 896.76 233.79
6901715291209-back_camera0-37.jpg 50 1461.14 1229.76 1026.27 1108.32 869.75 242.89
6901715291209-back_camera0-38.jpg 50 1441.36 1227.68 1028.88 1107.67 824.96 240.01
6901715291209-back_camera0-35.jpg 50 1504.13 1228.49 1051.51 1113.63 905.24 229.71
6901715291209-back_camera0-40.jpg 50 1400.86 1225.75 1057.51 1108.33 686.69 234.85
6901715291209-back_camera0-39.jpg 50 1420.63 1226.38 1039.84 1108.45 761.58 235.85
6901715291209-back_camera0-36.jpg 50 1481.55 1227.93 1035.84 1106.6 891.42 242.66
6901715291209-back_camera0-3.jpg 50 1422.48 1220.08 1058.32 1110.98 728.33 218.19
6901715291209-back_camera0-4.jpg 50 1397.15 1222.19 985.65 1114.36 823.01 215.66
6901715291209-back_camera0-5.jpg 50 1380.61 1218.79 949.3 1114.61 862.61 208.36
6901715291209-back_camera0-8.jpg 50 1323.84 1221.27 865.64 1120.06 916.39 202.43
6901715291209-back_camera0-7.jpg 50 1344.29 1223.34 886.91 1122.75 914.76 201.17
6901715291209-back_camera1-10.jpg 50 1161.8 1115.27 783.41 896.96 756.79 436.61
6901715291209-back_camera0-9.jpg 50 1303.81 1224.53 851.15 1124.51 905.32 200.03
6901715291209-back_camera0-6.jpg 50 1360.39 1221.23 913.71 1117.59 893.36 207.28
6901715291209-back_camera1-11.jpg 50 1199.55 1135.61 822.14 913.6 754.82 444.01
6901715291209-back_camera1-16.jpg 50 1210.39 1212.62 772.85 863.88 875.08 697.47
6901715291209-back_camera1-14.jpg 50 1212.89 1191.94 777.77 871.68 870.25 640.53
6901715291209-back_camera1-15.jpg 50 1211.9 1207.49 770.68 866.67 882.45 681.64
6901715291209-back_camera1-12.jpg 50 1206.99 1158.41 808.19 893.25 797.6 530.32
6901715291209-back_camera1-18.jpg 50 1221.0 1219.58 829.63 876.22 782.74 686.72
6901715291209-back_camera1-13.jpg 50 1212.34 1173.78 792.11 881.2 840.45 585.15
6901715291209-back_camera1-19.jpg 50 1233.1 1218.01 879.15 891.94 707.9 652.14
6901715291209-back_camera1-17.jpg 50 1215.47 1217.08 793.66 869.27 843.63 695.62
6901715291209-back_camera1-1.jpg 50 1285.06 1072.37 993.5 810.04 583.11 524.66
6901715291209-back_camera1-22.jpg 50 1341.34 1202.75 987.39 856.68 707.9 692.14
6901715291209-back_camera1-20.jpg 50 1249.85 1209.34 930.8 904.26 638.1 610.15
6901715291209-back_camera1-21.jpg 50 1316.45 1197.55 999.17 878.42 634.57 638.27
6901715291209-back_camera1-25.jpg 50 1362.07 1193.46 924.48 823.75 875.18 739.42
6901715291209-back_camera1-23.jpg 50 1354.51 1202.12 962.82 842.15 783.37 719.94
6901715291209-back_camera1-27.jpg 50 1356.28 1166.35 920.42 820.88 871.71 690.93
6901715291209-back_camera1-26.jpg 50 1359.78 1182.3 916.44 820.15 886.67 724.29
6901715291209-back_camera1-24.jpg 50 1361.73 1199.1 937.14 831.86 849.18 734.47
6901715291209-back_camera1-28.jpg 50 1351.1 1154.65 930.31 832.57 841.58 644.17
6901715291209-back_camera1-2.jpg 50 1272.59 1073.07 939.58 792.39 666.02 561.36
6901715291209-back_camera1-33.jpg 50 1369.08 1108.66 955.73 813.5 826.69 590.32
6901715291209-back_camera1-30.jpg 50 1358.22 1119.85 983.98 863.75 748.48 512.2
6901715291209-back_camera1-29.jpg 50 1349.86 1140.38 950.45 845.22 798.81 590.32
6901715291209-back_camera1-32.jpg 50 1381.07 1114.78 986.37 850.02 789.39 529.53
6901715291209-back_camera1-35.jpg 50 1339.42 1098.95 919.15 773.22 840.54 651.45
6901715291209-back_camera1-31.jpg 50 1391.12 1117.62 1018.64 884.36 744.96 466.51
6901715291209-back_camera1-34.jpg 50 1356.68 1107.92 934.23 795.38 844.9 625.08
6901715291209-back_camera1-36.jpg 50 1321.62 1097.58 903.36 771.39 836.53 652.38
6901715291209-back_camera1-38.jpg 50 1290.38 1089.03 927.31 772.32 726.13 633.41
6901715291209-back_camera1-37.jpg 50 1303.2 1087.06 908.62 763.5 789.17 647.12
6901715291209-back_camera1-39.jpg 50 1270.33 1083.12 937.56 776.65 665.54 612.93
6901715291209-back_camera1-40.jpg 50 1262.43 1084.43 971.75 800.33 581.36 568.21
6901715291209-back_camera1-4.jpg 50 1234.81 1087.06 829.7 771.39 810.22 631.34
6901715291209-back_camera1-6.jpg 50 1205.09 1100.3 771.1 789.99 867.97 620.61
6901715291209-back_camera2-10.jpg 50 1242.7 952.9 961.23 610.93 562.94 683.95
6901715291209-back_camera1-3.jpg 50 1259.81 1079.16 887.58 779.28 744.45 599.77
6901715291209-back_camera1-5.jpg 50 1224.39 1095.53 811.96 781.84 824.86 627.38
6901715291209-back_camera1-9.jpg 50 1169.05 1105.47 763.94 847.68 810.22 515.59
6901715291209-back_camera1-7.jpg 50 1193.15 1100.76 762.0 800.59 862.31 600.34
6901715291209-back_camera2-11.jpg 50 1280.85 948.96 1008.58 613.56 544.53 670.8
6901715291209-back_camera1-8.jpg 50 1175.22 1107.79 749.12 826.5 852.19 562.57
6901715291209-back_camera2-12.jpg 50 1304.53 943.69 995.43 581.99 618.19 723.41
6901715291209-back_camera2-14.jpg 50 1321.18 933.3 954.87 543.2 732.62 780.2
6901715291209-back_camera2-13.jpg 50 1309.78 937.12 966.49 558.31 686.58 757.61
6901715291209-back_camera2-16.jpg 50 1339.26 918.97 948.3 528.97 781.92 779.99
6901715291209-back_camera2-18.jpg 50 1343.98 900.29 953.34 547.79 781.28 705.0
6901715291209-back_camera2-17.jpg 50 1342.67 909.5 945.45 529.38 794.44 760.24
6901715291209-back_camera2-15.jpg 50 1329.67 928.76 945.92 533.91 767.51 789.71
6901715291209-back_camera2-19.jpg 50 1345.29 888.45 974.38 558.31 741.82 660.28
6901715291209-back_camera2-1.jpg 50 1188.72 886.16 859.66 620.95 658.12 530.42
6901715291209-back_camera2-21.jpg 50 1346.43 848.74 1017.01 585.53 658.84 526.43
6901715291209-back_camera2-22.jpg 50 1340.04 834.52 979.65 532.01 720.78 605.03
6901715291209-back_camera2-23.jpg 50 1336.09 830.58 961.23 482.03 749.72 697.1
6901715291209-back_camera2-20.jpg 50 1349.42 877.65 1013.01 601.73 672.82 551.85
6901715291209-back_camera2-24.jpg 50 1329.9 818.58 942.35 452.39 775.1 732.38
6901715291209-back_camera2-26.jpg 50 1313.33 798.95 927.76 404.69 771.14 788.53
6901715291209-back_camera2-28.jpg 50 1292.92 790.86 945.42 408.82 695.01 764.07
6901715291209-back_camera2-25.jpg 50 1324.92 806.66 936.41 426.08 777.02 761.17
6901715291209-back_camera2-27.jpg 50 1306.2 794.74 937.18 401.61 738.04 786.26
6901715291209-back_camera2-31.jpg 50 1249.07 786.18 985.68 458.9 526.77 654.56
6901715291209-back_camera2-29.jpg 50 1281.97 787.76 969.31 422.38 625.32 730.77
6901715291209-back_camera2-2.jpg 50 1195.12 896.61 840.36 590.78 709.52 611.65
6901715291209-back_camera2-30.jpg 50 1269.44 788.75 993.78 454.81 551.32 667.87
6901715291209-back_camera2-34.jpg 50 1216.22 806.66 847.12 421.3 738.2 770.73
6901715291209-back_camera2-33.jpg 50 1229.5 801.23 892.79 431.22 673.42 740.02
6901715291209-back_camera2-35.jpg 50 1205.91 811.61 822.27 423.72 767.29 775.78
6901715291209-back_camera2-36.jpg 50 1196.87 821.07 804.66 442.73 784.42 756.67
6901715291209-back_camera2-37.jpg 50 1189.76 828.38 798.23 460.49 783.05 735.78
6901715291209-back_camera2-32.jpg 50 1239.29 794.8 936.41 443.55 605.76 702.49
6901715291209-back_camera2-39.jpg 50 1180.89 847.61 816.73 542.14 728.33 610.93
6901715291209-back_camera2-3.jpg 50 1196.26 909.33 816.54 570.05 759.45 678.56
6901715291209-back_camera2-38.jpg 50 1185.1 839.83 803.28 501.24 763.64 677.17
6901715291209-back_camera2-40.jpg 50 1180.95 861.09 850.32 592.3 661.26 537.57
6901715291209-back_camera2-4.jpg 50 1204.35 927.17 816.46 549.59 775.78 755.17
6901715291209-back_camera2-5.jpg 50 1209.51 935.73 822.85 544.44 773.32 782.57
6901715291209-back_camera2-7.jpg 50 1223.3 945.96 852.78 548.57 741.03 794.77
6901715291209-back_camera2-6.jpg 50 1215.45 940.4 830.16 544.78 770.58 791.25
6901715291209-back_camera3-11.jpg 50 1323.04 1398.34 899.37 1249.41 847.33 297.86
6901715291209-back_camera2-9.jpg 50 1244.64 952.29 929.38 586.27 630.52 732.04
6901715291209-back_camera3-13.jpg 50 1313.29 1425.67 847.22 1248.49 932.14 354.37
6901715291209-back_camera3-12.jpg 50 1318.15 1407.7 864.8 1249.69 906.71 316.01
6901715291209-back_camera3-10.jpg 50 1302.84 1393.76 887.5 1255.01 830.68 277.51
6901715291209-back_camera2-8.jpg 50 1228.99 948.72 882.52 561.94 692.95 773.56
6901715291209-back_camera3-15.jpg 50 1307.43 1432.59 843.26 1241.62 928.35 381.94
6901715291209-back_camera3-14.jpg 50 1311.79 1429.53 845.57 1241.75 932.43 375.56
6901715291209-back_camera3-17.jpg 50 1311.63 1429.38 895.06 1235.12 833.14 388.51
6901715291209-back_camera3-18.jpg 50 1319.68 1428.87 941.98 1239.19 755.4 379.36
6901715291209-back_camera3-1.jpg 50 1390.44 1378.84 1031.32 1218.93 718.25 319.81
6901715291209-back_camera3-16.jpg 50 1312.62 1439.2 868.7 1246.61 887.84 385.18
6901715291209-back_camera3-20.jpg 50 1441.69 1425.46 1071.9 1214.64 739.57 421.64
6901715291209-back_camera3-19.jpg 50 1361.1 1428.05 1004.93 1230.91 712.33 394.27
6901715291209-back_camera3-21.jpg 50 1470.62 1425.47 1078.04 1213.98 785.17 422.97
6901715291209-back_camera3-23.jpg 50 1484.2 1424.91 1026.71 1203.7 914.99 442.43
6901715291209-back_camera3-25.jpg 50 1475.39 1416.45 1001.61 1197.78 947.56 437.34
6901715291209-back_camera3-22.jpg 50 1477.2 1427.78 1046.66 1209.74 861.07 436.08
6901715291209-back_camera3-26.jpg 50 1465.69 1409.81 997.75 1204.4 935.88 410.82
6901715291209-back_camera3-24.jpg 50 1479.73 1418.17 1005.19 1197.09 949.08 442.16
6901715291209-back_camera3-27.jpg 50 1456.79 1400.98 1008.81 1207.52 895.96 386.93
6901715291209-back_camera3-29.jpg 50 1483.42 1383.81 1064.71 1214.25 837.43 339.11
6901715291209-back_camera3-2.jpg 50 1372.41 1384.81 975.97 1230.2 792.88 309.22
6901715291209-back_camera3-28.jpg 50 1451.25 1391.4 1031.32 1210.3 839.86 362.2
6901715291209-back_camera3-30.jpg 50 1511.12 1382.97 1108.33 1222.81 805.57 320.32
6901715291209-back_camera3-31.jpg 50 1502.52 1388.69 1075.95 1216.63 853.14 344.11
6901715291209-back_camera3-32.jpg 50 1491.22 1388.87 1045.15 1206.55 892.13 364.63
6901715291209-back_camera3-33.jpg 50 1474.58 1387.94 1025.81 1200.03 897.54 375.83
6901715291209-back_camera3-39.jpg 50 1371.93 1376.23 1060.8 1204.39 622.27 343.67
6901715291209-back_camera3-37.jpg 50 1394.73 1380.45 1012.79 1191.52 763.89 377.86
6901715291209-back_camera3-36.jpg 50 1410.38 1383.58 999.21 1196.68 822.33 373.79
6901715291209-back_camera3-35.jpg 50 1431.21 1386.06 1002.0 1194.58 858.43 382.96
6901715291209-back_camera3-34.jpg 50 1455.31 1389.35 1005.6 1197.83 899.42 383.04
6901715291209-back_camera3-38.jpg 50 1371.99 1379.93 1033.43 1199.15 677.12 361.55
6901715291209-back_camera3-40.jpg 50 1405.19 1376.72 1089.49 1212.41 631.41 328.62
6901715291209-back_camera3-3.jpg 50 1350.84 1387.81 929.95 1234.25 841.78 307.11
6901715291209-back_camera3-5.jpg 50 1304.98 1385.35 848.36 1229.37 913.24 311.96
6901715291209-back_camera3-7.jpg 50 1272.56 1384.51 824.58 1235.45 895.96 298.12
6901715291209-back_camera3-8.jpg 50 1261.25 1383.12 830.71 1243.58 861.07 279.09
6901715291209-back_camera3-6.jpg 50 1287.65 1384.53 830.16 1233.88 914.99 301.3
6901715291209-back_camera3-4.jpg 50 1324.92 1385.53 877.51 1224.15 894.83 322.76
6901715291209_camera0-11.jpg 50 1491.81 1239.74 1062.07 1132.7 859.48 214.08
6901715291209-back_camera3-9.jpg 50 1273.41 1386.75 868.73 1244.76 809.36 283.98
6901715291209_camera0-10.jpg 50 1445.92 1239.62 1016.88 1130.84 858.09 217.56
6901715291209_camera0-15.jpg 50 1491.63 1242.23 1021.45 1128.85 940.36 226.76
6901715291209_camera0-12.jpg 50 1517.32 1239.5 1075.75 1136.12 883.14 206.76
6901715291209_camera0-14.jpg 50 1501.07 1240.02 1028.12 1126.55 945.91 226.95
6901715291209_camera0-17.jpg 50 1463.15 1239.94 1027.07 1121.01 872.17 237.86
6901715291209_camera0-16.jpg 50 1475.39 1241.46 1015.08 1119.13 920.63 244.65
6901715291209_camera0-13.jpg 50 1513.4 1239.34 1049.28 1129.95 928.24 218.78
6901715291209_camera0-19.jpg 50 1437.61 1239.68 1075.53 1122.84 724.16 233.68
6901715291209_camera0-18.jpg 50 1454.6 1238.46 1050.36 1120.06 808.48 236.81
6901715291209_camera0-1.jpg 50 1386.5 1232.89 1019.55 1120.31 733.9 225.16
6901715291209_camera0-22.jpg 50 1487.69 1229.82 1127.72 1123.57 719.94 212.49
6901715291209_camera0-21.jpg 50 1490.44 1233.09 1154.46 1121.1 671.96 223.99
6901715291209_camera0-20.jpg 50 1443.45 1235.56 1120.73 1120.8 645.44 229.52
6901715291209_camera0-24.jpg 50 1448.06 1225.94 1016.52 1121.58 863.08 208.73
6901715291209_camera0-26.jpg 50 1419.37 1223.76 970.87 1108.14 896.99 231.24
6901715291209_camera0-25.jpg 50 1444.11 1223.4 1006.57 1116.1 875.08 214.61
6901715291209_camera0-23.jpg 50 1475.71 1230.67 1072.13 1125.22 807.15 210.91
6901715291209_camera0-27.jpg 50 1402.23 1224.15 956.75 1115.92 890.96 216.46
6901715291209_camera0-31.jpg 50 1391.49 1218.84 996.5 1113.38 789.97 210.91
6901715291209_camera0-28.jpg 50 1383.33 1221.66 961.29 1112.92 844.08 217.48
6901715291209_camera0-30.jpg 50 1359.97 1222.05 969.21 1116.3 781.52 211.49
6901715291209_camera0-32.jpg 50 1399.53 1223.12 990.41 1117.67 818.25 210.91
6901715291209_camera0-33.jpg 50 1378.76 1221.73 937.12 1109.93 883.27 223.59
6901715291209_camera0-29.jpg 50 1372.65 1219.75 962.7 1113.48 819.9 212.53
6901715291209_camera0-2.jpg 50 1432.68 1236.14 1070.45 1124.69 724.47 222.91
6901715291209_camera0-34.jpg 50 1359.81 1226.9 903.11 1117.48 913.4 218.84
6901715291209_camera0-37.jpg 50 1317.44 1229.12 874.68 1116.09 885.53 226.07
6901715291209_camera0-36.jpg 50 1333.32 1228.6 868.95 1113.89 928.73 229.41
6901715291209_camera0-35.jpg 50 1346.32 1225.53 879.43 1112.03 933.79 226.99
6901715291209_camera0-38.jpg 50 1314.76 1231.61 888.15 1118.57 853.23 226.07
6901715291209_camera0-3.jpg 50 1432.97 1240.01 1027.77 1126.24 810.41 227.54
6901715291209_camera0-40.jpg 50 1329.13 1233.7 973.01 1121.88 712.24 223.64
6901715291209_camera0-39.jpg 50 1313.69 1227.91 918.88 1109.99 789.63 235.85
6901715291209_camera0-7.jpg 50 1415.37 1241.85 957.87 1130.05 914.99 223.59
6901715291209_camera0-5.jpg 50 1428.09 1241.91 974.57 1127.1 907.04 229.62
6901715291209_camera0-8.jpg 50 1416.23 1242.62 969.05 1127.77 894.37 229.71
6901715291209_camera0-4.jpg 50 1434.18 1239.55 996.02 1124.09 876.33 230.93
6901715291209_camera0-9.jpg 50 1412.33 1241.98 985.53 1130.53 853.59 222.91
6901715291209_camera0-6.jpg 50 1421.56 1245.33 960.77 1128.96 921.58 232.73
6901715291209_camera1-10.jpg 50 1340.26 1140.73 954.12 907.63 772.27 466.21
6901715291209_camera1-11.jpg 50 1361.49 1149.22 959.16 874.16 804.67 550.12
6901715291209_camera1-12.jpg 50 1360.68 1146.4 937.19 843.24 846.98 606.33
6901715291209_camera1-16.jpg 50 1327.91 1134.36 915.78 787.07 824.27 694.57
6901715291209_camera1-15.jpg 50 1337.07 1139.8 902.22 795.23 869.7 689.14
6901715291209_camera1-14.jpg 50 1349.49 1147.98 904.73 805.04 889.52 685.88
6901715291209_camera1-13.jpg 50 1349.24 1148.88 908.62 818.74 881.24 660.28
6901715291209_camera1-19.jpg 50 1307.86 1102.75 1006.03 801.53 603.65 602.44
6901715291209_camera1-17.jpg 50 1322.15 1124.89 938.66 786.95 766.99 675.88
6901715291209_camera1-18.jpg 50 1314.84 1115.5 961.15 789.94 707.38 651.12
6901715291209_camera1-21.jpg 50 1330.83 1085.74 984.91 784.54 691.84 602.4
6901715291209_camera1-20.jpg 50 1338.84 1091.35 1044.69 815.58 588.3 551.53
6901715291209_camera1-1.jpg 50 1284.74 1173.61 954.51 861.87 660.47 623.47
6901715291209_camera1-23.jpg 50 1310.67 1089.04 915.31 766.6 790.73 644.87
6901715291209_camera1-22.jpg 50 1317.67 1085.74 950.71 774.02 733.93 623.45
6901715291209_camera1-25.jpg 50 1287.26 1084.8 866.68 761.42 841.16 646.75
6901715291209_camera1-24.jpg 50 1298.49 1090.2 883.94 765.53 829.1 649.35
6901715291209_camera1-26.jpg 50 1274.28 1088.38 850.75 781.91 847.05 612.93
6901715291209_camera1-30.jpg 50 1245.51 1095.4 883.28 876.57 724.47 437.67
6901715291209_camera1-27.jpg 50 1253.22 1075.22 840.22 779.28 826.0 591.88
6901715291209_camera1-29.jpg 50 1231.4 1079.38 863.13 841.16 736.55 476.45
6901715291209_camera1-32.jpg 50 1236.35 1107.11 823.88 829.1 824.94 556.01
6901715291209_camera1-2.jpg 50 1287.42 1177.82 916.51 837.16 741.82 681.32
6901715291209_camera1-31.jpg 50 1242.58 1100.09 855.09 852.61 774.97 494.96
6901715291209_camera1-33.jpg 50 1226.21 1109.58 798.66 815.88 855.1 587.4
6901715291209_camera1-28.jpg 50 1237.44 1084.43 842.86 821.37 789.17 526.12
6901715291209_camera1-36.jpg 50 1195.15 1134.28 771.57 808.55 847.16 651.47
6901715291209_camera1-37.jpg 50 1189.14 1132.15 800.11 818.23 778.06 627.84
6901715291209_camera1-34.jpg 50 1221.65 1117.32 784.98 808.22 873.35 618.19
6901715291209_camera1-35.jpg 50 1205.25 1122.79 767.11 805.98 876.28 633.62
6901715291209_camera1-39.jpg 50 1197.92 1137.9 873.92 848.8 648.0 578.2
6901715291209_camera1-38.jpg 50 1189.56 1133.46 819.55 825.71 740.02 615.5
6901715291209_camera1-3.jpg 50 1288.75 1188.35 887.58 834.53 802.33 707.63
6901715291209_camera1-5.jpg 50 1289.54 1192.83 856.21 837.09 866.66 711.48
6901715291209_camera1-4.jpg 50 1290.05 1188.34 866.53 824.0 847.05 728.67
6901715291209_camera1-8.jpg 50 1283.47 1168.61 871.79 860.83 823.37 615.56
6901715291209_camera1-40.jpg 50 1253.24 1154.08 937.39 867.12 631.7 573.92
6901715291209_camera1-6.jpg 50 1286.6 1187.39 852.69 845.25 867.82 684.29
6901715291209_camera2-10.jpg 50 1305.84 822.68 1042.78 503.07 526.12 639.23
6901715291209_camera1-7.jpg 50 1284.05 1183.22 862.28 860.5 843.54 645.45
6901715291209_camera2-11.jpg 50 1286.11 814.79 990.17 468.87 591.88 691.84
6901715291209_camera1-9.jpg 50 1298.95 1161.28 912.49 905.13 772.93 512.29
6901715291209_camera2-12.jpg 50 1282.45 814.91 957.19 439.45 650.52 750.93
6901715291209_camera2-13.jpg 50 1271.64 812.17 911.25 429.42 720.78 765.5
6901715291209_camera2-15.jpg 50 1265.32 808.12 886.06 416.83 758.52 782.57
6901715291209_camera2-18.jpg 50 1232.18 810.85 874.42 484.66 715.52 652.38
6901715291209_camera2-16.jpg 50 1250.63 807.81 868.1 437.29 765.07 741.03
6901715291209_camera2-17.jpg 50 1251.29 810.34 875.72 454.04 751.14 712.59
6901715291209_camera2-19.jpg 50 1227.74 821.43 900.89 540.8 653.71 561.26
6901715291209_camera2-20.jpg 50 1221.28 837.87 897.63 578.47 647.29 518.8
6901715291209_camera2-1.jpg 50 1319.67 889.66 968.48 594.79 702.39 589.74
6901715291209_camera2-22.jpg 50 1211.77 850.38 840.7 528.25 742.14 644.27
6901715291209_camera2-23.jpg 50 1206.81 860.22 811.44 501.84 790.73 716.76
6901715291209_camera2-24.jpg 50 1201.37 865.36 803.28 484.94 796.18 760.83
6901715291209_camera2-21.jpg 50 1223.97 845.38 861.94 540.66 724.05 609.44
6901715291209_camera2-27.jpg 50 1206.55 883.38 850.18 504.73 712.75 757.29
6901715291209_camera2-28.jpg 50 1210.48 892.88 899.4 546.32 622.17 693.12
6901715291209_camera2-25.jpg 50 1204.09 869.36 808.94 478.34 790.29 782.04
6901715291209_camera2-26.jpg 50 1201.49 877.5 825.01 498.24 752.97 758.52
6901715291209_camera2-2.jpg 50 1324.21 884.05 946.56 556.93 755.3 654.25
6901715291209_camera2-29.jpg 50 1210.4 895.92 922.25 560.87 576.31 670.1
6901715291209_camera2-31.jpg 50 1241.49 919.43 948.05 563.77 586.89 711.33
6901715291209_camera2-30.jpg 50 1233.71 908.26 979.44 591.07 508.54 634.37
6901715291209_camera2-32.jpg 50 1249.5 921.28 924.46 544.15 650.08 754.26
6901715291209_camera2-33.jpg 50 1260.69 927.45 904.56 533.39 712.27 788.12
6901715291209_camera2-34.jpg 50 1263.75 927.91 892.84 534.64 741.82 786.54
6901715291209_camera2-35.jpg 50 1272.96 939.75 890.21 542.53 765.5 794.44
6901715291209_camera2-38.jpg 50 1284.74 919.12 924.91 590.74 719.67 656.77
6901715291209_camera2-4.jpg 50 1326.21 871.88 929.26 499.65 793.9 744.47
6901715291209_camera2-3.jpg 50 1324.24 884.51 929.66 526.75 789.17 715.52
6901715291209_camera2-36.jpg 50 1273.34 929.89 891.08 550.68 764.51 758.43
6901715291209_camera2-39.jpg 50 1291.17 916.94 955.12 629.0 672.1 575.88
6901715291209_camera2-40.jpg 50 1311.11 898.98 979.65 631.97 662.91 534.01
6901715291209_camera2-7.jpg 50 1320.34 853.52 959.35 474.91 721.97 757.21
6901715291209_camera2-6.jpg 50 1325.57 863.46 945.45 476.77 760.24 773.39
6901715291209_camera2-5.jpg 50 1323.86 861.18 927.12 476.97 793.47 768.43
6901715291209_camera2-9.jpg 50 1309.45 833.75 1018.59 505.19 581.73 657.11
6901715291209_camera2-8.jpg 50 1318.4 844.77 991.55 488.21 653.71 713.13
6901715291209_camera3-12.jpg 50 1470.89 1406.88 1001.13 1213.74 939.53 386.28
6901715291209_camera3-10.jpg 50 1486.85 1404.32 1051.72 1233.55 870.25 341.54
6901715291209_camera3-11.jpg 50 1475.67 1413.55 1012.8 1222.21 925.75 382.67
6901715291209_camera3-13.jpg 50 1457.74 1408.62 989.8 1202.61 935.88 412.03
6901715291209_camera3-15.jpg 50 1430.67 1405.68 990.02 1194.47 881.3 422.43
6901715291209_camera3-17.jpg 50 1407.59 1396.69 1040.54 1195.06 734.1 403.26
6901715291209_camera3-14.jpg 50 1447.21 1405.46 987.78 1196.31 918.87 418.31
6901715291209_camera3-16.jpg 50 1420.27 1400.66 1022.3 1189.84 795.94 421.64
6901715291209_camera3-18.jpg 50 1401.91 1388.17 1080.3 1196.48 643.22 383.38
6901715291209_camera3-19.jpg 50 1460.8 1378.49 1139.75 1205.5 642.1 345.98
6901715291209_camera3-20.jpg 50 1455.59 1376.13 1097.21 1213.09 716.76 326.08
6901715291209_camera3-21.jpg 50 1440.65 1382.12 1037.23 1211.58 806.85 341.09
6901715291209_camera3-1.jpg 50 1405.0 1403.2 999.96 1212.69 810.07 381.01
6901715291209_camera3-22.jpg 50 1429.67 1381.14 1012.44 1208.82 834.46 344.65
6901715291209_camera3-25.jpg 50 1370.89 1379.51 930.3 1211.78 881.19 335.46
6901715291209_camera3-24.jpg 50 1385.8 1380.09 943.71 1208.65 884.18 342.87
6901715291209_camera3-23.jpg 50 1404.99 1383.32 965.17 1207.72 879.64 351.19
6901715291209_camera3-26.jpg 50 1354.92 1379.11 932.57 1220.14 844.7 317.93
6901715291209_camera3-27.jpg 50 1336.91 1374.9 928.38 1219.53 817.07 310.75
6901715291209_camera3-29.jpg 50 1355.85 1373.52 961.29 1219.58 789.11 307.89
6901715291209_camera3-30.jpg 50 1364.3 1382.39 953.38 1226.02 821.84 312.74
6901715291209_camera3-28.jpg 50 1338.62 1370.91 946.39 1222.46 784.47 296.91
6901715291209_camera3-32.jpg 50 1342.66 1390.63 895.98 1215.48 893.36 350.31
6901715291209_camera3-2.jpg 50 1405.03 1413.1 975.37 1223.49 859.31 379.21
6901715291209_camera3-31.jpg 50 1354.13 1386.66 919.18 1224.66 869.9 324.0
6901715291209_camera3-35.jpg 50 1289.04 1391.88 836.69 1218.18 904.69 347.41
6901715291209_camera3-33.jpg 50 1319.53 1392.81 856.55 1217.68 925.96 350.25
6901715291209_camera3-36.jpg 50 1286.18 1393.14 874.41 1216.36 823.55 353.56
6901715291209_camera3-34.jpg 50 1300.32 1393.36 835.68 1217.29 929.28 352.13
6901715291209_camera3-38.jpg 50 1294.0 1396.69 938.31 1226.3 711.38 340.78
6901715291209_camera3-37.jpg 50 1278.97 1396.86 904.42 1226.98 749.11 339.75
6901715291209_camera3-40.jpg 50 1399.78 1404.5 1030.6 1227.72 738.36 353.56
6901715291209_camera3-6.jpg 50 1387.33 1418.75 936.41 1231.47 901.84 374.56
6901715291209_camera3-3.jpg 50 1400.59 1417.54 949.05 1222.46 903.07 390.15
6901715291209_camera3-4.jpg 50 1397.13 1419.57 931.66 1225.02 930.94 389.1
6901715291209_camera3-39.jpg 50 1354.82 1402.53 1002.69 1226.77 704.26 351.53
6901715291209_camera3-8.jpg 50 1411.23 1408.63 985.77 1247.42 850.93 322.43
6901715291209_camera3-7.jpg 50 1381.8 1411.48 950.26 1237.54 863.08 347.88
6901715291209_camera3-5.jpg 50 1390.88 1421.63 927.83 1228.29 926.09 386.68
6901715291209_camera3-9.jpg 50 1463.87 1407.45 1031.65 1248.49 864.44 317.93
