6920152485095-back_camera0-10.jpg 51 1455.16 1046.81 1088.77 932.23 732.78 229.15
6920152485095-back_camera0-11.jpg 51 1490.39 1040.9 1118.88 927.46 743.03 226.88
6920152485095-back_camera0-12.jpg 51 1490.73 1041.6 1093.35 928.46 794.77 226.27
6920152485095-back_camera0-14.jpg 51 1451.62 1040.57 996.5 931.41 910.23 218.31
6920152485095-back_camera0-16.jpg 51 1382.12 1041.03 882.31 913.44 999.62 255.17
6920152485095-back_camera0-13.jpg 51 1469.14 1047.63 1030.89 926.82 876.5 241.63
6920152485095-back_camera0-15.jpg 51 1418.9 1043.62 939.14 920.37 959.52 246.5
6920152485095-back_camera0-18.jpg 51 1332.14 1041.03 858.64 913.44 947.01 255.17
6920152485095-back_camera0-19.jpg 51 1311.62 1039.25 859.62 919.64 904.01 239.22
6920152485095-back_camera0-20.jpg 51 1315.64 1038.06 856.84 918.66 917.6 238.79
6920152485095-back_camera0-23.jpg 51 1353.17 1049.32 857.1 914.6 992.15 269.44
6920152485095-back_camera0-25.jpg 51 1312.41 1048.91 774.46 902.92 1075.91 291.99
6920152485095-back_camera0-24.jpg 51 1334.85 1053.22 816.79 916.28 1036.12 273.88
6920152485095-back_camera0-26.jpg 51 1306.59 1055.62 781.56 912.08 1050.06 287.07
6920152485095-back_camera0-5.jpg 51 1530.28 1054.65 1006.44 931.74 1047.67 245.83
6920152485095-back_camera0-6.jpg 51 1517.6 1054.18 1005.95 931.86 1023.3 244.64
6920152485095-back_camera0-4.jpg 51 1548.03 1047.67 1012.97 919.77 1070.12 255.8
6920152485095-back_camera0-7.jpg 51 1490.41 1053.1 1005.67 937.26 969.48 231.67
6920152485095-back_camera0-9.jpg 51 1446.35 1049.33 1043.45 934.75 805.8 229.15
6920152485095-back_camera3-38.jpg 51 1483.4 1355.38 1027.0 1173.87 912.81 363.02
6920152485095-back_camera3-7.jpg 51 1416.12 1304.91 1033.37 1141.23 765.51 327.36
6920152485095-back_camera3-8.jpg 51 1409.59 1299.69 1051.0 1127.62 717.18 344.14
6920152485095_camera0-14.jpg 51 1447.6 1055.62 950.27 929.71 994.66 251.81
6920152485095_camera0-16.jpg 51 1422.72 1054.06 893.38 914.83 1058.69 278.46
6920152485095_camera0-15.jpg 51 1433.76 1060.65 922.58 932.23 1022.36 256.85
6920152485095_camera0-17.jpg 51 1408.28 1061.95 882.87 920.09 1050.81 283.72
6920152485095_camera0-18.jpg 51 1392.64 1059.43 884.94 916.07 1015.4 286.73
6920152485095_camera0-20.jpg 51 1394.72 1045.55 942.72 922.16 904.01 246.78
6920152485095_camera0-1.jpg 51 1447.03 1042.31 977.18 923.28 939.69 238.06
6920152485095_camera0-19.jpg 51 1380.81 1039.71 905.99 908.18 949.64 263.06
6920152485095_camera0-21.jpg 51 1442.7 1043.31 988.16 920.39 909.08 245.83
6920152485095_camera0-22.jpg 51 1456.88 1048.81 982.7 917.46 948.36 262.7
6920152485095_camera0-24.jpg 51 1433.76 1055.62 932.65 929.71 1002.22 251.81
6920152485095_camera0-23.jpg 51 1451.84 1050.23 958.6 923.96 986.47 252.54
6920152485095_camera0-25.jpg 51 1424.6 1053.32 910.08 915.96 1029.04 274.71
6920152485095_camera0-26.jpg 51 1404.8 1053.1 909.98 934.75 989.63 236.7
6920152485095_camera0-27.jpg 51 1402.37 1062.64 927.3 923.78 950.13 277.73
6920152485095_camera0-2.jpg 51 1470.02 1047.5 993.21 917.46 953.61 260.08
6920152485095_camera0-30.jpg 51 1422.48 1053.43 1033.11 926.39 778.74 254.08
6920152485095_camera0-34.jpg 51 1470.24 1048.91 963.86 908.18 1012.77 281.47
6920152485095_camera0-35.jpg 51 1449.2 1062.07 924.4 923.96 1049.6 276.21
6920152485095_camera0-36.jpg 51 1439.75 1054.33 923.34 928.11 1032.82 252.43
6920152485095_camera0-38.jpg 51 1399.22 1051.55 911.25 916.07 975.95 270.95
6920152485095_camera0-37.jpg 51 1423.99 1061.62 908.73 920.67 1030.53 281.91
6920152485095_camera0-39.jpg 51 1390.95 1046.8 922.58 924.67 936.75 244.26
6920152485095_camera0-40.jpg 51 1417.47 1048.81 945.92 917.46 943.1 262.7
6920152485095_camera0-6.jpg 51 1401.86 1060.76 900.73 913.44 1002.25 294.63
6920152485095_camera0-4.jpg 51 1439.78 1056.86 940.57 935.24 998.41 243.24
6920152485095_camera0-3.jpg 51 1451.62 1047.5 956.43 917.46 990.39 260.08
6920152485095_camera0-8.jpg 51 1384.51 1061.87 935.03 924.83 898.97 274.08
6920152485095_camera0-5.jpg 51 1415.01 1059.43 908.62 918.7 1012.77 281.47
6920152485095_camera0-7.jpg 51 1391.97 1059.33 915.98 936.41 951.98 245.83
6920152485095_camera1-26.jpg 51 1280.87 1126.31 848.72 772.97 864.29 706.67
6920152485095_camera1-28.jpg 51 1266.38 1108.12 887.74 785.57 757.29 645.1
6920152485095_camera1-27.jpg 51 1271.25 1122.98 866.2 785.58 810.09 674.8
6920152485095_camera1-30.jpg 51 1296.62 1101.35 961.68 801.87 669.89 598.96
6920152485095_camera1-29.jpg 51 1251.19 1111.02 920.06 808.84 662.27 604.35
6920152485095_camera1-2.jpg 51 1252.52 1149.51 804.22 829.91 896.59 639.21
6920152485095_camera1-33.jpg 51 1275.61 1127.62 843.46 759.84 864.29 735.57
6920152485095_camera1-31.jpg 51 1297.78 1113.53 935.17 786.18 725.22 654.71
6920152485095_camera1-32.jpg 51 1290.68 1117.68 885.3 769.5 810.76 696.36
6920152485095_camera1-35.jpg 51 1248.03 1129.91 789.29 765.41 917.47 729.01
6920152485095_camera1-3.jpg 51 1245.47 1162.22 778.79 812.21 933.36 700.02
6920152485095_camera2-27.jpg 51 1228.53 850.39 826.89 484.0 803.28 732.78
6920152485095_camera2-25.jpg 51 1239.91 840.87 829.09 429.22 821.64 823.29
6920152485095_camera2-28.jpg 51 1221.6 856.1 832.0 504.55 779.19 703.09
6920152485095_camera2-26.jpg 51 1228.53 842.84 821.85 458.82 813.36 768.03
6920152485095_camera2-29.jpg 51 1219.7 860.38 860.85 555.97 717.7 608.81
6920152485095_camera2-31.jpg 51 1230.19 877.84 853.71 546.02 752.96 663.63
6920152485095_camera2-37.jpg 51 1247.41 908.3 869.69 506.66 755.44 803.28
6920152485095_camera2-32.jpg 51 1230.14 885.45 826.76 518.74 806.77 733.42
6920152485095_camera2-30.jpg 51 1229.14 874.04 885.14 584.48 688.0 579.11
6920152485095_camera2-33.jpg 51 1230.76 885.66 808.68 495.56 844.16 780.21
6920152485095_camera2-36.jpg 51 1242.38 902.01 841.99 486.52 800.77 830.98
6920152485095_camera2-35.jpg 51 1235.13 897.62 814.38 477.83 841.51 839.58
6920152485095_camera2-34.jpg 51 1226.83 892.22 803.28 489.18 847.09 806.08
6920152485095_camera2-39.jpg 51 1256.23 915.86 947.76 564.58 616.94 702.56
6920152485095_camera2-38.jpg 51 1249.61 910.17 899.3 522.23 700.61 775.88
6920152485095_camera3-1.jpg 51 1369.84 1413.53 889.44 1213.89 960.8 399.27
6920152485095_camera3-22.jpg 51 1443.83 1389.27 950.27 1206.7 987.11 365.13
6920152485095_camera3-24.jpg 51 1404.81 1379.2 922.58 1191.6 964.45 375.2
6920152485095_camera3-25.jpg 51 1385.67 1392.15 920.53 1188.53 930.29 407.24
6920152485095_camera3-23.jpg 51 1426.79 1390.7 921.1 1195.19 1011.38 391.02
6920152485095_camera3-26.jpg 51 1364.93 1383.89 947.12 1192.04 835.63 383.71
6920152485095_camera3-28.jpg 51 1358.21 1377.94 1000.64 1204.19 715.15 347.5
6920152485095_camera3-27.jpg 51 1350.66 1385.49 970.42 1206.7 760.48 357.58
6920152485095_camera3-30.jpg 51 1420.27 1398.78 1024.37 1208.07 791.8 381.43
6920152485095_camera3-36.jpg 51 1319.18 1403.12 844.51 1214.26 949.34 377.72
6920152485095_camera3-37.jpg 51 1299.81 1401.08 841.49 1211.36 916.64 379.44
6920152485095_camera3-40.jpg 51 1379.62 1400.6 920.06 1211.74 919.12 377.72
6920152485095_camera3-3.jpg 51 1328.2 1422.46 819.18 1197.55 1018.04 449.83
6920152485095_camera3-39.jpg 51 1358.85 1392.11 910.96 1224.22 895.78 335.77
