6936986841044-back_camera0-10.jpg 52 1331.59 1222.7 957.28 1067.65 748.62 310.1
6936986841044-back_camera0-11.jpg 52 1379.62 1219.65 1027.8 1076.12 703.64 287.07
6936986841044-back_camera0-17.jpg 52 1378.06 1218.26 898.63 1080.34 958.86 275.84
6936986841044-back_camera0-15.jpg 52 1391.33 1210.71 913.88 1063.39 954.9 294.63
6936986841044-back_camera0-16.jpg 52 1385.93 1214.44 907.03 1089.16 957.8 250.55
6936986841044-back_camera0-19.jpg 52 1374.24 1198.87 908.62 1060.76 931.23 276.21
6936986841044-back_camera0-20.jpg 52 1401.86 1212.02 942.82 1073.91 918.07 276.21
6936986841044-back_camera0-1.jpg 52 1399.1 1206.04 993.93 1059.88 810.33 292.31
6936986841044-back_camera0-21.jpg 52 1452.93 1215.63 995.83 1077.71 914.21 275.84
6936986841044-back_camera0-23.jpg 52 1486.03 1212.02 995.43 1063.39 981.21 297.26
6936986841044-back_camera0-24.jpg 52 1476.11 1215.89 985.9 1076.5 980.41 278.78
6936986841044-back_camera0-25.jpg 52 1471.56 1202.8 963.86 1052.86 1015.4 299.89
6936986841044-back_camera0-22.jpg 52 1497.6 1215.62 1045.75 1082.96 903.7 265.33
6936986841044-back_camera0-26.jpg 52 1441.32 1209.38 945.45 1066.02 991.73 286.73
6936986841044-back_camera0-27.jpg 52 1437.17 1203.8 956.43 1064.57 961.49 278.46
6936986841044-back_camera0-34.jpg 52 1487.09 1212.99 1043.12 1054.06 887.94 317.87
6936986841044-back_camera0-35.jpg 52 1470.25 1219.9 1003.32 1050.23 933.86 339.35
6936986841044-back_camera0-37.jpg 52 1427.97 1218.25 961.68 1054.06 932.59 328.38
6936986841044-back_camera0-36.jpg 52 1438.68 1221.21 963.86 1055.49 949.64 331.45
6936986841044-back_camera0-38.jpg 52 1412.88 1216.16 964.11 1066.31 897.54 299.71
6936986841044-back_camera1-13.jpg 52 1252.06 1200.85 850.86 863.08 802.4 675.54
6936986841044-back_camera1-14.jpg 52 1241.47 1205.12 806.69 849.16 869.55 711.92
6936986841044-back_camera1-1.jpg 52 1266.45 1093.39 884.42 812.18 764.07 562.42
6936986841044-back_camera1-24.jpg 52 1325.06 1159.78 873.91 845.01 902.3 629.55
6936986841044-back_camera1-26.jpg 52 1305.83 1147.33 859.23 820.26 893.19 654.13
6936986841044-back_camera1-25.jpg 52 1317.2 1154.87 855.87 827.0 922.67 655.74
6936986841044-back_camera1-40.jpg 52 1250.39 1101.62 884.08 833.62 732.62 535.99
6936986841044-back_camera2-27.jpg 52 1287.43 834.71 896.01 447.22 782.85 774.97
6936986841044-back_camera2-26.jpg 52 1300.57 826.83 901.26 418.32 798.62 817.01
6936986841044-back_camera3-10.jpg 52 1370.29 1404.05 990.17 1210.7 760.24 386.7
6936986841044-back_camera3-11.jpg 52 1363.72 1417.2 945.45 1223.85 836.53 386.7
6936986841044-back_camera3-17.jpg 52 1346.61 1415.88 884.94 1223.85 923.33 384.06
6936986841044-back_camera3-19.jpg 52 1420.1 1391.63 966.94 1214.31 906.32 354.65
6936986841044-back_camera3-15.jpg 52 1345.22 1423.16 864.48 1240.58 961.49 365.16
6936986841044-back_camera3-21.jpg 52 1466.98 1378.65 1003.54 1204.75 926.88 347.81
6936986841044-back_camera3-22.jpg 52 1448.55 1392.91 960.69 1197.4 975.71 391.02
6936986841044-back_camera3-23.jpg 52 1424.21 1385.63 932.29 1189.65 983.84 391.96
6936986841044-back_camera3-1.jpg 52 1375.57 1377.08 926.8 1171.72 897.54 410.71
6936986841044-back_camera3-2.jpg 52 1360.99 1386.39 882.87 1164.4 956.24 443.97
6936986841044-back_camera3-29.jpg 52 1427.83 1379.02 1057.66 1172.89 740.33 412.25
6936986841044-back_camera3-37.jpg 52 1365.03 1390.89 940.19 1163.35 849.68 455.09
6936986841044-back_camera3-38.jpg 52 1350.22 1379.84 956.16 1165.23 788.12 429.21
6936986841044-back_camera3-36.jpg 52 1382.12 1392.21 942.82 1155.46 878.61 473.5
6936986841044-back_camera3-39.jpg 52 1363.62 1370.62 956.43 1159.15 814.38 422.95
6936986841044-back_camera3-3.jpg 52 1343.98 1390.89 858.64 1163.35 970.68 455.09
6936986841044-back_camera3-4.jpg 52 1328.28 1400.8 841.45 1172.45 973.66 456.7
6936986841044-back_camera3-7.jpg 52 1300.57 1404.77 869.74 1172.28 861.66 464.98
6936986841044-back_camera3-40.jpg 52 1382.12 1361.95 953.34 1150.19 857.57 423.52
6936986841044-back_camera3-6.jpg 52 1305.82 1409.44 847.93 1180.96 915.78 456.96
6936986841044-back_camera3-5.jpg 52 1316.33 1403.45 827.7 1161.77 977.25 483.37
6936986841044-back_camera3-9.jpg 52 1325.57 1406.68 966.49 1197.55 718.15 418.26
6936986841044_camera0-15.jpg 52 1425.36 1224.82 911.77 1085.59 1027.17 278.46
6936986841044-back_camera3-8.jpg 52 1295.32 1409.31 903.36 1187.02 783.91 444.57
6936986841044_camera0-14.jpg 52 1441.11 1222.19 943.29 1082.96 995.64 278.46
6936986841044_camera0-13.jpg 52 1451.84 1227.79 979.65 1097.58 944.38 260.43
6936986841044_camera0-16.jpg 52 1410.68 1220.81 904.03 1091.57 1013.3 258.48
6936986841044_camera0-1.jpg 52 1439.8 1222.19 964.31 1090.84 950.98 262.7
6936986841044_camera0-18.jpg 52 1379.49 1223.85 903.36 1084.43 952.27 278.84
6936986841044_camera0-21.jpg 52 1429.29 1214.31 985.32 1082.96 887.94 262.7
6936986841044_camera0-17.jpg 52 1395.75 1222.0 895.44 1091.96 1000.62 260.07
6936986841044_camera0-22.jpg 52 1421.59 1218.59 945.45 1084.43 952.27 268.32
6936986841044_camera0-19.jpg 52 1367.55 1220.88 914.39 1077.71 906.32 286.35
6936986841044_camera0-20.jpg 52 1391.34 1209.38 948.08 1073.91 886.51 270.95
6936986841044_camera0-23.jpg 52 1410.55 1218.63 915.79 1091.77 989.52 253.72
6936986841044_camera0-24.jpg 52 1392.51 1222.19 877.62 1085.59 1029.79 273.21
6936986841044_camera0-29.jpg 52 1324.25 1221.22 908.62 1084.43 831.26 273.58
6936986841044_camera0-26.jpg 52 1363.62 1231.38 859.23 1090.84 1008.78 281.09
6936986841044_camera0-30.jpg 52 1386.76 1226.64 985.56 1099.78 802.4 253.72
6936986841044_camera0-28.jpg 52 1341.36 1219.91 887.58 1073.91 907.55 291.99
6936986841044_camera0-25.jpg 52 1380.69 1226.13 869.74 1082.96 1021.91 286.35
6936986841044_camera0-32.jpg 52 1460.16 1231.68 1025.22 1097.44 869.89 268.48
6936986841044_camera0-31.jpg 52 1445.26 1235.68 1032.26 1092.32 826.0 286.73
6936986841044_camera0-35.jpg 52 1420.1 1227.44 914.39 1090.84 1011.41 273.21
6936986841044_camera0-33.jpg 52 1447.68 1230.07 972.19 1090.84 950.98 278.46
6936986841044_camera0-34.jpg 52 1434.74 1229.11 937.56 1092.32 994.36 273.58
6936986841044_camera0-36.jpg 52 1404.49 1243.57 887.58 1097.58 1033.82 291.99
6936986841044_camera0-38.jpg 52 1376.75 1223.5 898.63 1090.84 956.24 265.33
6936986841044_camera0-3.jpg 52 1474.49 1231.59 984.19 1105.82 980.59 251.54
6936986841044_camera0-4.jpg 52 1450.51 1234.37 932.29 1102.84 1036.45 263.06
6936986841044_camera0-5.jpg 52 1436.05 1232.3 929.13 1109.27 1013.83 246.06
6936986841044_camera0-7.jpg 52 1402.09 1235.32 924.72 1103.6 954.74 263.45
6936986841044_camera0-8.jpg 52 1383.45 1221.22 940.19 1079.17 886.51 284.1
6936986841044_camera1-12.jpg 52 1290.03 1128.58 912.62 832.04 754.82 593.08
6936986841044_camera1-10.jpg 52 1238.76 1126.53 908.62 837.16 660.28 578.73
6936986841044_camera1-14.jpg 52 1283.48 1125.2 842.86 818.74 881.24 612.93
6936986841044_camera1-13.jpg 52 1293.54 1126.74 874.5 823.33 838.08 606.82
6936986841044_camera1-18.jpg 52 1279.54 1125.2 848.12 829.26 862.83 591.88
6936986841044_camera1-15.jpg 52 1296.9 1121.71 826.86 811.25 940.08 620.92
6936986841044_camera1-11.jpg 52 1285.81 1133.34 954.38 851.07 662.85 564.53
6936986841044_camera1-16.jpg 52 1290.05 1116.0 816.55 808.22 947.01 615.56
6936986841044_camera1-17.jpg 52 1287.42 1119.94 806.03 826.63 962.79 586.62
6936986841044_camera1-1.jpg 52 1272.94 1082.15 858.78 828.95 828.33 506.41
6936986841044_camera1-20.jpg 52 1290.33 1130.08 917.9 892.21 744.86 475.73
6936986841044_camera1-19.jpg 52 1280.85 1122.58 871.79 855.57 818.11 534.01
6936986841044_camera1-22.jpg 52 1294.01 1130.24 885.5 809.75 817.01 640.99
6936986841044_camera1-21.jpg 52 1295.32 1123.89 916.51 850.31 757.61 547.16
6936986841044_camera1-23.jpg 52 1287.42 1125.2 856.01 776.65 862.83 697.1
6936986841044_camera1-25.jpg 52 1276.88 1122.22 829.17 750.36 895.43 743.72
6936986841044_camera1-27.jpg 52 1267.72 1110.55 835.58 730.94 864.29 759.21
6936986841044_camera1-2.jpg 52 1296.62 1098.89 884.94 824.0 823.37 549.79
6936986841044_camera1-26.jpg 52 1267.88 1110.1 815.25 724.2 905.27 771.8
6936986841044_camera1-30.jpg 52 1283.49 1085.59 932.78 759.84 701.42 651.5
6936986841044_camera1-24.jpg 52 1282.16 1119.94 827.07 755.61 910.18 728.67
6936986841044_camera1-28.jpg 52 1260.54 1096.63 858.0 742.65 805.08 707.96
6936986841044_camera1-29.jpg 52 1258.53 1084.28 888.12 746.7 740.82 675.15
6936986841044_camera1-34.jpg 52 1299.26 1131.79 861.27 745.09 875.98 773.39
6936986841044_camera1-32.jpg 52 1328.15 1124.99 951.17 767.72 753.96 714.55
6936986841044_camera1-35.jpg 52 1283.0 1131.53 839.78 746.19 886.44 770.68
6936986841044_camera1-31.jpg 52 1329.51 1109.42 987.54 771.39 683.95 676.06
6936986841044_camera1-36.jpg 52 1264.99 1124.61 809.45 735.81 911.07 777.6
6936986841044_camera1-33.jpg 52 1315.02 1125.0 903.89 749.33 822.26 751.33
6936986841044_camera1-37.jpg 52 1247.18 1121.54 802.38 755.23 889.61 732.62
6936986841044_camera1-39.jpg 52 1220.45 1102.67 806.69 778.23 827.51 648.88
6936986841044_camera1-3.jpg 52 1303.92 1108.49 879.33 811.56 849.18 593.87
6936986841044_camera1-4.jpg 52 1288.74 1121.26 837.59 795.07 902.29 652.38
6936986841044_camera1-6.jpg 52 1269.17 1131.88 831.02 793.01 876.31 677.74
6936986841044_camera1-8.jpg 52 1247.58 1150.72 838.47 799.64 818.22 702.16
6936986841044_camera1-5.jpg 52 1281.26 1121.7 826.86 782.23 908.8 678.95
6936986841044_camera2-11.jpg 52 1274.56 889.45 935.2 593.7 678.71 591.49
6936986841044_camera2-10.jpg 52 1298.62 881.2 952.66 590.74 691.92 580.92
6936986841044_camera1-7.jpg 52 1258.66 1133.91 833.68 801.69 849.97 664.44
6936986841044_camera2-12.jpg 52 1264.99 880.35 899.4 539.63 731.18 681.44
6936986841044_camera2-14.jpg 52 1268.1 870.09 871.26 474.18 793.67 791.82
6936986841044_camera2-15.jpg 52 1266.65 863.18 851.32 440.39 830.66 845.58
6936986841044_camera2-17.jpg 52 1270.46 846.73 883.54 427.29 773.85 838.87
6936986841044_camera2-16.jpg 52 1266.4 852.27 859.25 430.19 814.31 844.16
6936986841044_camera2-18.jpg 52 1273.64 835.87 911.96 439.03 723.37 793.68
6936986841044_camera2-19.jpg 52 1272.6 833.62 944.34 456.21 656.51 754.82
6936986841044_camera2-20.jpg 52 1278.72 827.91 986.37 471.61 584.7 712.6
6936986841044_camera2-22.jpg 52 1287.32 870.3 956.16 511.39 662.32 717.82
6936986841044_camera2-1.jpg 52 1246.42 879.61 953.85 538.67 585.15 681.88
6936986841044_camera2-21.jpg 52 1294.23 858.76 997.93 511.29 592.61 694.94
6936986841044_camera2-26.jpg 52 1252.78 865.34 833.34 459.38 838.87 811.91
6936986841044_camera2-24.jpg 52 1269.05 872.8 869.74 462.98 798.62 819.63
6936986841044_camera2-27.jpg 52 1244.36 863.57 831.79 475.06 825.13 777.02
6936986841044_camera2-23.jpg 52 1274.3 876.75 896.01 478.75 756.58 795.99
6936986841044_camera2-25.jpg 52 1267.47 875.26 844.68 454.96 845.58 840.6
6936986841044_camera2-28.jpg 52 1235.86 859.65 837.83 493.34 796.05 732.62
6936986841044_camera2-29.jpg 52 1228.33 858.35 848.72 518.15 759.21 680.4
6936986841044_camera2-31.jpg 52 1255.9 838.64 898.63 533.91 714.55 609.47
6936986841044_camera2-2.jpg 52 1253.38 867.48 912.31 496.56 682.15 741.83
6936986841044_camera2-30.jpg 52 1227.5 855.08 881.01 563.3 692.98 583.56
6936986841044_camera2-32.jpg 52 1270.36 845.21 903.89 502.39 732.94 685.65
6936986841044_camera2-37.jpg 52 1259.34 888.45 874.68 480.68 769.32 815.54
6936986841044_camera2-36.jpg 52 1259.18 878.8 850.07 458.09 818.22 841.43
6936986841044_camera2-33.jpg 52 1274.3 860.98 880.24 481.37 788.11 759.21
6936986841044_camera2-38.jpg 52 1252.99 897.7 891.46 499.47 723.06 796.45
6936986841044_camera2-39.jpg 52 1254.21 904.27 915.98 521.28 676.46 765.99
6936986841044_camera2-40.jpg 52 1246.71 896.44 951.17 536.54 591.08 719.81
6936986841044_camera2-3.jpg 52 1263.79 863.61 893.38 476.12 740.82 774.97
6936986841044_camera2-5.jpg 52 1272.98 868.86 853.97 455.1 838.02 827.51
6936986841044_camera2-4.jpg 52 1264.16 867.79 858.78 464.9 810.76 805.79
6936986841044_camera2-6.jpg 52 1274.3 872.8 846.09 465.61 856.41 814.38
6936986841044_camera2-8.jpg 52 1294.89 878.59 892.56 515.67 804.66 725.83
6936986841044_camera2-9.jpg 52 1292.69 879.37 903.89 541.79 777.6 675.15
6936986841044_camera3-10.jpg 52 1421.97 1379.74 996.24 1193.37 851.47 372.74
6936986841044_camera2-7.jpg 52 1285.57 873.79 870.23 487.13 830.68 773.32
6936986841044_camera3-13.jpg 52 1382.01 1391.64 869.74 1182.79 1024.54 417.7
6936986841044_camera3-12.jpg 52 1401.71 1395.58 903.89 1182.79 995.64 425.58
6936986841044_camera3-16.jpg 52 1346.32 1380.63 869.0 1190.34 954.63 380.58
6936986841044_camera3-11.jpg 52 1414.85 1385.07 948.55 1180.16 932.59 409.82
6936986841044_camera3-17.jpg 52 1335.82 1378.09 882.68 1189.89 906.28 376.4
6936986841044_camera3-14.jpg 52 1372.82 1386.39 859.23 1177.54 1027.17 417.7
6936986841044_camera3-18.jpg 52 1356.59 1377.78 927.64 1200.17 857.9 355.21
6936986841044_camera3-15.jpg 52 1362.31 1383.76 856.6 1180.16 1011.41 407.19
6936986841044_camera3-19.jpg 52 1390.2 1375.42 958.21 1198.74 863.98 353.36
6936986841044_camera3-20.jpg 52 1387.56 1381.35 925.31 1202.95 924.5 356.8
6936986841044_camera3-21.jpg 52 1372.82 1386.38 877.62 1193.3 990.39 386.17
6936986841044_camera3-23.jpg 52 1341.84 1392.18 830.23 1185.4 1023.22 413.55
6936986841044_camera3-22.jpg 52 1359.32 1387.39 859.8 1201.46 999.03 371.86
6936986841044_camera3-24.jpg 52 1326.84 1383.76 819.82 1182.79 1014.03 401.94
6936986841044_camera3-25.jpg 52 1317.64 1389.01 832.96 1182.79 969.37 412.44
6936986841044_camera3-26.jpg 52 1308.28 1386.67 864.27 1196.12 888.03 381.11
6936986841044_camera3-29.jpg 52 1417.47 1406.09 1022.1 1209.06 790.74 394.05
6936986841044_camera3-28.jpg 52 1350.48 1399.52 943.29 1203.81 814.38 391.43
6936986841044_camera3-30.jpg 52 1420.1 1424.47 985.32 1214.31 869.55 420.32
6936986841044_camera3-27.jpg 52 1304.23 1391.24 903.69 1208.09 801.07 366.31
6936986841044_camera3-31.jpg 52 1416.86 1432.45 949.1 1216.76 935.52 431.39
6936986841044_camera3-32.jpg 52 1399.09 1429.73 903.89 1201.18 990.39 457.1
6936986841044_camera3-35.jpg 52 1346.62 1422.46 845.49 1208.07 1002.25 428.78
6936986841044_camera3-36.jpg 52 1337.35 1420.54 853.97 1219.57 966.75 401.94
6936986841044_camera3-33.jpg 52 1386.07 1425.1 877.05 1205.44 1018.04 439.31
6936986841044_camera3-34.jpg 52 1372.81 1433.66 864.48 1214.31 1016.66 438.71
6936986841044_camera3-37.jpg 52 1340.03 1405.37 879.68 1210.7 920.7 389.33
6936986841044_camera3-5.jpg 52 1368.61 1391.11 886.84 1177.94 963.53 426.34
6936986841044_camera3-4.jpg 52 1368.87 1389.02 856.6 1174.91 1024.54 428.21
6936986841044_camera3-6.jpg 52 1357.05 1387.7 890.75 1177.54 932.59 420.32
6936986841044_camera3-39.jpg 52 1430.04 1388.72 973.07 1214.82 913.93 347.81
6936986841044_camera3-7.jpg 52 1347.86 1381.13 948.55 1185.42 798.62 391.43
6936986841044_camera3-8.jpg 52 1371.5 1385.07 987.95 1195.92 767.09 378.29
6936986841044_camera3-9.jpg 52 1418.78 1385.07 1027.36 1195.92 782.85 378.29
