6920152439005-back_camera0-17.jpg 53 1391.33 1235.68 927.03 1097.58 928.6 276.21
6920152439005-back_camera0-19.jpg 53 1379.31 1229.25 910.5 1098.38 937.62 261.74
6920152439005-back_camera0-15.jpg 53 1410.66 1236.62 971.57 1101.51 878.18 270.21
6920152439005-back_camera0-16.jpg 53 1397.91 1237.0 945.45 1102.84 904.92 268.32
6920152439005-back_camera0-18.jpg 53 1383.45 1236.71 905.53 1091.76 955.84 289.9
6920152439005-back_camera0-2.jpg 53 1401.39 1224.21 983.8 1109.06 835.18 230.31
6920152439005-back_camera0-27.jpg 53 1442.58 1215.79 962.82 1083.44 959.52 264.69
6920152439005-back_camera0-28.jpg 53 1427.7 1215.24 967.96 1084.83 919.48 260.82
6920152439005-back_camera0-37.jpg 53 1436.43 1214.24 972.18 1086.96 928.51 254.55
6920152439005-back_camera0-3.jpg 53 1394.83 1223.08 951.7 1108.22 886.25 229.72
6920152439005-back_camera0-38.jpg 53 1422.07 1217.8 964.67 1097.43 914.8 240.74
6920152439005-back_camera1-11.jpg 53 1232.18 1151.51 905.99 855.57 652.38 591.88
6920152439005-back_camera1-8.jpg 53 1201.94 1146.67 774.15 804.44 855.58 684.46
6920152439005-back_camera2-19.jpg 53 1294.0 874.72 945.6 504.18 696.8 741.07
6920152439005-back_camera2-20.jpg 53 1285.33 869.71 983.24 524.29 604.18 690.85
6920152439005-back_camera2-35.jpg 53 1228.38 844.95 822.29 467.34 812.18 755.23
6920152439005-back_camera2-39.jpg 53 1233.96 862.48 883.95 488.43 700.02 748.1
6920152439005-back_camera2-40.jpg 53 1242.65 874.0 932.24 520.45 620.83 707.09
6920152439005-back_camera3-40.jpg 53 1359.77 1390.89 942.82 1226.48 833.89 328.82
6920152439005_camera0-15.jpg 53 1440.88 1229.94 968.34 1113.98 945.08 231.92
6920152439005_camera0-20.jpg 53 1372.6 1224.13 941.23 1109.29 862.74 229.68
6920152439005_camera0-17.jpg 53 1420.76 1228.55 941.36 1108.55 958.81 240.01
6920152439005_camera0-22.jpg 53 1396.29 1220.77 989.54 1110.56 813.5 220.42
6920152439005_camera0-19.jpg 53 1385.39 1231.18 921.54 1115.22 927.7 231.93
6920152439005_camera0-16.jpg 53 1434.4 1230.6 955.47 1108.18 957.86 244.84
6920152439005_camera0-18.jpg 53 1400.53 1231.74 921.77 1116.0 957.53 231.49
6920152439005_camera0-23.jpg 53 1378.18 1223.86 942.82 1108.11 870.72 231.49
6920152439005_camera0-25.jpg 53 1346.2 1221.4 887.92 1106.43 916.57 229.94
6920152439005_camera0-21.jpg 53 1387.86 1223.79 977.54 1109.85 820.63 227.89
6920152439005_camera0-27.jpg 53 1329.51 1230.42 871.79 1105.47 915.44 249.91
6920152439005_camera0-28.jpg 53 1328.04 1231.85 899.09 1106.57 857.9 250.55
6920152439005_camera0-36.jpg 53 1405.8 1222.54 911.25 1079.17 989.1 286.73
6920152439005_camera0-24.jpg 53 1359.63 1225.29 909.42 1108.31 900.43 233.97
6920152439005_camera0-5.jpg 53 1469.38 1226.11 1007.82 1102.86 923.12 246.5
6920152439005_camera0-6.jpg 53 1461.26 1228.98 1011.36 1108.69 899.81 240.58
6920152439005_camera1-19.jpg 53 1236.91 1089.72 834.92 849.48 803.98 480.49
6920152439005_camera1-25.jpg 53 1199.3 1125.2 766.57 797.7 865.46 655.01
6920152439005_camera1-35.jpg 53 1256.88 1162.77 798.01 796.75 917.73 732.04
6920152439005_camera2-6.jpg 53 1272.95 827.95 863.9 445.2 818.11 765.5
6920152439005_camera3-30.jpg 53 1453.15 1360.64 990.17 1168.61 925.97 384.06
6920152439005_camera3-29.jpg 53 1405.63 1354.8 934.1 1178.43 943.06 352.74
6920152439005_camera3-31.jpg 53 1448.67 1358.12 954.03 1167.87 989.29 380.5
