4894375013507-back_camera0-10.jpg 54 1340.26 1050.93 979.39 780.74 721.73 540.38
4894375013507-back_camera0-18.jpg 54 1374.25 1061.91 1098.37 756.55 551.76 610.73
4894375013507-back_camera0-24.jpg 54 1488.13 1063.11 1245.93 764.92 484.4 596.37
4894375013507-back_camera0-14.jpg 54 1352.81 1047.87 980.08 763.76 745.46 568.21
4894375013507-back_camera0-20.jpg 54 1396.31 1065.74 1208.25 754.86 376.12 621.76
4894375013507-back_camera0-22.jpg 54 1466.28 1057.8 1311.39 755.47 309.78 604.65
4894375013507-back_camera0-13.jpg 54 1355.3 1049.51 981.74 770.38 747.12 558.27
4894375013507-back_camera0-21.jpg 54 1415.76 1063.6 1276.61 753.82 278.3 619.56
4894375013507-back_camera0-12.jpg 54 1355.77 1044.55 982.33 770.5 746.88 548.09
4894375013507-back_camera0-16.jpg 54 1359.05 1054.38 1013.99 755.28 690.12 598.2
4894375013507-back_camera0-11.jpg 54 1337.08 1051.17 961.86 775.35 750.43 551.64
4894375013507-back_camera0-1.jpg 54 1371.94 1056.72 1233.28 767.83 277.33 577.77
4894375013507-back_camera0-17.jpg 54 1365.0 1060.16 1051.9 756.3 626.19 607.73
4894375013507-back_camera0-15.jpg 54 1354.35 1054.48 992.27 763.4 724.16 582.17
4894375013507-back_camera0-23.jpg 54 1476.18 1065.68 1276.96 760.29 398.45 610.78
4894375013507-back_camera0-19.jpg 54 1382.63 1062.77 1140.77 753.82 483.72 617.9
4894375013507-back_camera0-25.jpg 54 1495.85 1063.79 1209.39 764.08 572.91 599.42
4894375013507-back_camera0-26.jpg 54 1497.37 1063.16 1181.01 767.02 632.72 592.28
4894375013507-back_camera0-28.jpg 54 1483.68 1060.28 1115.92 772.04 735.52 576.49
4894375013507-back_camera0-27.jpg 54 1486.99 1062.76 1135.8 770.38 702.39 584.77
4894375013507-back_camera0-2.jpg 54 1388.42 1054.49 1253.53 766.24 269.79 576.49
4894375013507-back_camera0-33.jpg 54 1457.17 1049.52 1091.07 781.98 732.21 535.07
4894375013507-back_camera0-29.jpg 54 1480.55 1060.05 1114.58 782.77 731.94 554.56
4894375013507-back_camera0-30.jpg 54 1466.98 1057.93 1099.77 777.7 734.42 560.47
4894375013507-back_camera0-39.jpg 54 1376.66 1054.68 1163.15 767.4 427.03 574.56
4894375013507-back_camera0-37.jpg 54 1399.82 1055.14 1105.14 771.18 589.36 567.93
4894375013507-back_camera0-32.jpg 54 1469.59 1046.2 1104.32 777.01 730.55 538.39
4894375013507-back_camera0-35.jpg 54 1420.76 1048.44 1082.57 769.47 676.38 557.94
4894375013507-back_camera0-31.jpg 54 1472.77 1052.14 1097.83 777.7 749.88 548.88
4894375013507-back_camera0-34.jpg 54 1441.19 1048.28 1085.86 775.02 710.67 546.51
4894375013507-back_camera0-38.jpg 54 1388.42 1053.78 1121.48 767.66 533.89 572.23
4894375013507-back_camera0-36.jpg 54 1407.39 1051.67 1098.16 773.37 618.45 556.6
4894375013507-back_camera0-3.jpg 54 1384.84 1054.5 1203.61 763.73 362.46 581.54
4894375013507-back_camera0-7.jpg 54 1366.89 1059.46 1033.09 768.73 667.6 581.46
4894375013507-back_camera1-10.jpg 54 1195.41 1000.25 809.43 742.06 771.97 516.39
4894375013507-back_camera0-8.jpg 54 1359.35 1057.83 1007.17 770.23 704.36 575.2
4894375013507-back_camera0-4.jpg 54 1382.68 1055.62 1164.53 768.15 436.31 574.95
4894375013507-back_camera0-40.jpg 54 1370.07 1055.7 1200.59 767.78 338.96 575.84
4894375013507-back_camera0-5.jpg 54 1378.35 1054.22 1110.42 762.24 535.86 583.96
4894375013507-back_camera0-6.jpg 54 1368.77 1057.39 1059.36 767.77 618.83 579.24
4894375013507-back_camera0-9.jpg 54 1353.47 1056.82 993.1 777.33 720.73 558.98
4894375013507-back_camera1-12.jpg 54 1214.48 1008.36 832.2 717.18 764.56 582.36
4894375013507-back_camera1-14.jpg 54 1214.48 1029.64 837.61 662.71 753.74 733.86
4894375013507-back_camera1-13.jpg 54 1212.17 1028.79 823.68 691.2 776.99 675.17
4894375013507-back_camera1-11.jpg 54 1207.62 1001.55 821.11 744.22 773.01 514.65
4894375013507-back_camera1-16.jpg 54 1227.73 1052.19 901.93 641.01 651.6 822.36
4894375013507-back_camera1-15.jpg 54 1225.13 1038.87 870.15 648.39 709.96 780.96
4894375013507-back_camera1-17.jpg 54 1236.72 1052.02 957.42 622.11 558.6 859.82
4894375013507-back_camera1-18.jpg 54 1252.41 1053.19 1012.06 617.87 480.7 870.65
4894375013507-back_camera1-19.jpg 54 1266.94 1047.31 1070.78 609.56 392.33 875.5
4894375013507-back_camera1-20.jpg 54 1280.12 1046.31 1139.98 612.01 280.28 868.6
4894375013507-back_camera1-22.jpg 54 1337.26 1040.78 1135.41 605.63 403.69 870.29
4894375013507-back_camera1-24.jpg 54 1351.42 1024.67 1063.57 599.27 575.71 850.8
4894375013507-back_camera1-26.jpg 54 1350.05 1006.72 999.27 617.29 701.56 778.87
4894375013507-back_camera1-27.jpg 54 1346.88 992.66 975.64 637.61 742.49 710.11
4894375013507-back_camera1-1.jpg 54 1241.58 959.52 1119.68 547.96 243.79 823.11
4894375013507-back_camera1-21.jpg 54 1320.1 1042.47 1173.21 607.62 293.77 869.7
4894375013507-back_camera1-28.jpg 54 1335.62 978.33 956.36 659.19 758.52 638.27
4894375013507-back_camera1-29.jpg 54 1330.72 970.96 947.09 671.4 767.27 599.13
4894375013507-back_camera1-23.jpg 54 1343.95 1035.68 1102.52 601.84 482.87 867.68
4894375013507-back_camera1-25.jpg 54 1356.12 1014.73 1034.75 604.72 642.75 820.01
4894375013507-back_camera1-2.jpg 54 1236.08 967.48 1058.55 546.95 355.06 841.06
4894375013507-back_camera1-31.jpg 54 1330.72 951.63 950.95 686.86 759.54 529.55
4894375013507-back_camera1-30.jpg 54 1330.7 960.82 956.57 700.87 748.25 519.9
4894375013507-back_camera1-35.jpg 54 1269.86 951.54 939.73 570.29 660.26 762.5
4894375013507-back_camera1-32.jpg 54 1314.39 951.64 942.3 647.86 744.18 607.57
4894375013507-back_camera1-38.jpg 54 1240.53 956.02 1007.77 537.31 465.51 837.43
4894375013507-back_camera1-33.jpg 54 1303.12 949.29 932.04 624.6 742.15 649.38
4894375013507-back_camera1-37.jpg 54 1251.63 956.52 979.12 548.23 545.03 816.58
4894375013507-back_camera1-36.jpg 54 1255.46 952.74 961.51 550.31 587.9 804.87
4894375013507-back_camera1-39.jpg 54 1230.44 955.79 1052.96 533.19 354.96 845.2
4894375013507-back_camera1-4.jpg 54 1229.39 972.84 955.35 560.35 548.09 824.98
4894375013507-back_camera1-40.jpg 54 1224.42 953.43 1091.07 538.46 266.71 829.94
4894375013507-back_camera1-34.jpg 54 1289.12 949.88 930.81 595.6 716.61 708.57
4894375013507-back_camera1-3.jpg 54 1234.81 960.79 1000.69 534.64 468.24 852.31
4894375013507-back_camera1-5.jpg 54 1219.46 974.97 903.88 573.25 631.16 803.44
4894375013507-back_camera1-6.jpg 54 1210.74 984.27 865.05 606.86 691.39 754.82
4894375013507-back_camera1-7.jpg 54 1208.93 985.39 844.51 620.26 728.85 730.27
4894375013507-back_camera1-8.jpg 54 1203.71 984.08 822.7 651.11 762.02 665.94
4894375013507-back_camera1-9.jpg 54 1196.8 986.21 813.54 682.88 766.51 606.66
4894375013507-back_camera2-12.jpg 54 1296.89 886.89 1132.62 526.45 328.55 720.89
4894375013507-back_camera2-10.jpg 54 1285.93 898.45 1168.83 544.26 234.21 708.38
4894375013507-back_camera2-13.jpg 54 1310.43 876.26 1093.97 516.79 432.92 718.95
4894375013507-back_camera2-14.jpg 54 1317.19 875.58 1059.59 526.87 515.2 697.42
4894375013507-back_camera2-11.jpg 54 1292.09 894.48 1179.05 541.4 226.07 706.17
4894375013507-back_camera2-16.jpg 54 1323.12 851.44 1005.05 547.57 636.13 607.73
4894375013507-back_camera2-15.jpg 54 1324.11 858.51 1031.29 529.54 585.64 657.95
4894375013507-back_camera2-17.jpg 54 1325.57 843.74 979.65 576.73 691.84 534.01
4894375013507-back_camera2-18.jpg 54 1325.64 835.51 973.3 606.7 704.69 457.62
4894375013507-back_camera2-21.jpg 54 1312.7 808.44 959.45 675.97 706.51 264.94
4894375013507-back_camera2-1.jpg 54 1200.4 869.53 849.14 752.85 702.52 233.36
4894375013507-back_camera2-19.jpg 54 1321.01 825.59 961.52 633.37 718.98 384.43
4894375013507-back_camera2-20.jpg 54 1320.49 805.84 964.64 670.77 711.71 270.14
4894375013507-back_camera2-22.jpg 54 1308.93 796.37 949.51 614.57 718.84 363.59
4894375013507-back_camera2-23.jpg 54 1303.69 782.72 946.11 565.14 715.17 435.16
4894375013507-back_camera2-24.jpg 54 1291.37 780.45 943.25 525.21 696.24 510.48
4894375013507-back_camera2-28.jpg 54 1245.22 768.95 1032.38 412.58 425.67 712.75
4894375013507-back_camera2-29.jpg 54 1239.25 771.61 1055.0 408.57 368.5 726.08
4894375013507-back_camera2-26.jpg 54 1268.74 775.05 965.1 452.01 607.29 646.08
4894375013507-back_camera2-27.jpg 54 1259.26 766.51 1002.6 422.65 513.32 687.73
4894375013507-back_camera2-32.jpg 54 1209.75 785.15 1021.26 429.38 376.98 711.54
4894375013507-back_camera2-30.jpg 54 1230.57 774.15 1099.74 422.91 261.65 702.49
4894375013507-back_camera2-2.jpg 54 1206.72 872.86 848.27 707.14 716.9 331.44
4894375013507-back_camera2-33.jpg 54 1208.72 790.5 996.02 437.41 425.4 706.17
4894375013507-back_camera2-35.jpg 54 1194.43 814.5 896.24 494.49 596.38 640.02
4894375013507-back_camera2-25.jpg 54 1278.89 771.42 951.89 482.2 654.0 578.45
4894375013507-back_camera2-31.jpg 54 1220.36 775.35 1098.54 426.25 243.64 698.2
4894375013507-back_camera2-37.jpg 54 1189.53 826.19 845.75 563.31 687.55 525.77
4894375013507-back_camera2-38.jpg 54 1191.38 839.25 837.17 612.66 708.42 453.18
4894375013507-back_camera2-39.jpg 54 1191.32 849.75 834.26 681.39 714.12 336.71
4894375013507-back_camera2-34.jpg 54 1201.1 803.1 944.99 458.67 512.22 688.85
4894375013507-back_camera2-36.jpg 54 1195.28 818.96 869.41 537.09 651.75 563.74
4894375013507-back_camera2-7.jpg 54 1250.11 900.42 976.77 566.62 546.67 667.6
4894375013507-back_camera2-3.jpg 54 1211.93 880.8 855.14 665.53 713.59 430.54
4894375013507-back_camera2-5.jpg 54 1222.76 897.11 890.62 604.72 664.29 584.77
4894375013507-back_camera2-4.jpg 54 1219.54 887.98 874.19 639.76 690.69 496.43
4894375013507-back_camera2-8.jpg 54 1254.24 897.94 1021.49 548.4 465.5 699.08
4894375013507-back_camera2-6.jpg 54 1236.22 900.67 943.0 577.12 586.44 647.1
4894375013507-back_camera3-12.jpg 54 1322.84 1238.68 949.29 920.19 747.09 636.99
4894375013507-back_camera2-40.jpg 54 1195.29 864.15 843.25 739.27 704.08 249.76
4894375013507-back_camera3-11.jpg 54 1330.72 1227.05 950.95 924.58 759.54 604.93
4894375013507-back_camera2-9.jpg 54 1267.79 898.25 1081.86 542.12 371.86 712.27
4894375013507-back_camera3-10.jpg 54 1323.11 1222.75 946.83 935.21 752.56 575.07
4894375013507-back_camera3-14.jpg 54 1325.45 1253.06 978.57 912.65 693.77 680.82
4894375013507-back_camera3-13.jpg 54 1326.66 1249.01 962.45 912.49 728.42 673.04
4894375013507-back_camera3-15.jpg 54 1338.88 1261.64 1025.23 909.2 627.29 704.88
4894375013507-back_camera3-16.jpg 54 1346.54 1263.92 1064.68 905.39 563.71 717.06
4894375013507-back_camera3-17.jpg 54 1357.57 1272.76 1128.2 909.84 458.74 725.83
4894375013507-back_camera3-18.jpg 54 1362.39 1267.25 1174.31 900.29 376.17 733.93
4894375013507-back_camera3-19.jpg 54 1383.2 1267.34 1242.86 903.4 280.68 727.87
4894375013507-back_camera3-21.jpg 54 1450.56 1266.35 1245.7 899.67 409.71 733.35
4894375013507-back_camera3-1.jpg 54 1358.74 1226.07 1182.87 882.06 351.75 688.03
4894375013507-back_camera3-20.jpg 54 1435.73 1263.18 1290.04 901.65 291.38 723.06
4894375013507-back_camera3-23.jpg 54 1468.52 1256.84 1180.46 899.5 576.11 714.67
4894375013507-back_camera3-22.jpg 54 1463.24 1261.51 1205.05 897.86 516.38 727.29
4894375013507-back_camera3-26.jpg 54 1464.88 1231.17 1104.42 905.25 720.91 651.84
4894375013507-back_camera3-24.jpg 54 1471.35 1250.24 1150.83 902.73 641.04 695.01
4894375013507-back_camera3-27.jpg 54 1450.57 1220.51 1074.8 908.99 751.54 623.05
4894375013507-back_camera3-25.jpg 54 1469.91 1239.6 1125.01 901.83 689.81 675.54
4894375013507-back_camera3-28.jpg 54 1438.78 1210.68 1070.51 920.54 736.55 580.28
4894375013507-back_camera3-30.jpg 54 1438.05 1199.01 1068.69 917.96 738.72 562.09
4894375013507-back_camera3-2.jpg 54 1351.5 1232.8 1131.08 887.89 440.84 689.81
4894375013507-back_camera3-31.jpg 54 1427.53 1203.78 1059.64 909.22 735.78 589.11
4894375013507-back_camera3-29.jpg 54 1437.89 1204.18 1069.89 923.59 736.01 561.18
4894375013507-back_camera3-32.jpg 54 1403.41 1211.55 1052.16 906.29 702.49 610.52
4894375013507-back_camera3-33.jpg 54 1393.95 1214.26 1043.94 895.36 700.02 637.8
4894375013507-back_camera3-36.jpg 54 1352.03 1220.68 1105.04 882.12 493.97 677.12
4894375013507-back_camera3-3.jpg 54 1347.38 1231.93 1075.12 887.36 544.51 689.15
4894375013507-back_camera3-40.jpg 54 1355.52 1226.6 1220.73 887.24 269.58 678.71
4894375013507-back_camera3-39.jpg 54 1336.32 1224.28 1214.21 884.13 244.21 680.29
4894375013507-back_camera3-5.jpg 54 1333.98 1232.1 1002.82 901.86 662.32 660.47
4894375013507-back_camera3-4.jpg 54 1338.21 1232.26 1037.71 894.49 601.0 675.54
4894375013507-back_camera3-6.jpg 54 1321.34 1229.22 965.2 910.08 712.27 638.27
4894375013507-back_camera3-37.jpg 54 1349.38 1227.5 1123.92 882.93 450.93 689.15
4894375013507-back_camera3-38.jpg 54 1342.09 1224.52 1161.31 881.2 361.55 686.64
4894375013507-back_camera3-34.jpg 54 1378.59 1219.19 1057.6 892.66 641.97 653.07
4894375013507-back_camera3-8.jpg 54 1312.45 1224.22 937.49 917.93 749.92 612.58
4894375013507-back_camera3-7.jpg 54 1319.4 1224.45 950.71 909.68 737.38 629.55
4894375013507-back_camera3-35.jpg 54 1364.14 1223.97 1076.0 891.58 576.29 664.79
4894375013507_camera0-10.jpg 54 1408.49 1033.01 1103.76 875.7 609.45 314.62
4894375013507-back_camera3-9.jpg 54 1311.01 1217.6 938.22 925.29 745.57 584.62
4894375013507_camera0-11.jpg 54 1456.43 1029.8 1157.4 878.93 598.06 301.75
4894375013507_camera0-16.jpg 54 1461.91 1035.11 1022.53 876.49 878.76 317.23
4894375013507_camera0-12.jpg 54 1487.43 1027.78 1152.84 878.72 669.19 298.12
4894375013507_camera0-1.jpg 54 1435.22 1024.27 1035.61 888.29 799.22 271.96
4894375013507_camera0-17.jpg 54 1450.8 1033.49 1011.42 877.31 878.76 312.37
4894375013507_camera0-18.jpg 54 1442.8 1031.35 1012.6 878.43 860.39 305.83
4894375013507_camera0-15.jpg 54 1474.61 1031.82 1047.93 870.6 853.36 322.43
4894375013507_camera0-13.jpg 54 1492.35 1032.04 1125.36 880.87 733.98 302.33
4894375013507_camera0-14.jpg 54 1480.57 1033.39 1072.18 877.41 816.77 311.96
4894375013507_camera0-19.jpg 54 1430.97 1029.39 1012.78 876.66 836.39 305.46
4894375013507_camera0-22.jpg 54 1474.77 1019.15 1074.37 879.61 800.81 279.09
4894375013507_camera0-23.jpg 54 1462.97 1025.14 1037.46 885.46 851.03 279.36
4894375013507_camera0-25.jpg 54 1436.02 1031.62 996.01 883.73 880.02 295.77
4894375013507_camera0-21.jpg 54 1468.29 1020.8 1071.85 881.26 792.88 279.09
4894375013507_camera0-24.jpg 54 1444.31 1029.39 1005.51 880.3 877.6 298.19
4894375013507_camera0-20.jpg 54 1434.9 1025.24 1040.05 884.9 789.71 280.68
4894375013507_camera0-26.jpg 54 1417.79 1033.05 994.95 878.9 845.68 308.29
4894375013507_camera0-28.jpg 54 1399.82 1030.67 1034.58 879.22 730.49 302.91
4894375013507_camera0-27.jpg 54 1406.85 1035.56 1007.44 881.61 798.81 307.89
4894375013507_camera0-29.jpg 54 1393.13 1031.29 1065.33 876.48 655.6 309.62
4894375013507_camera0-30.jpg 54 1416.59 1027.15 1115.92 873.09 601.34 308.12
4894375013507_camera0-32.jpg 54 1466.28 1027.15 1114.26 874.75 704.05 304.81
4894375013507_camera0-2.jpg 54 1460.9 1024.89 1057.86 885.2 806.09 279.38
4894375013507_camera0-31.jpg 54 1470.7 1028.94 1166.5 880.49 608.41 296.91
4894375013507_camera0-34.jpg 54 1452.32 1027.51 1041.96 877.0 820.72 301.02
4894375013507_camera0-35.jpg 54 1440.69 1031.22 1008.2 880.2 864.98 302.03
4894375013507_camera0-36.jpg 54 1427.36 1028.81 990.02 874.75 874.67 308.12
4894375013507_camera0-33.jpg 54 1463.0 1028.94 1078.06 879.44 769.89 299.0
4894375013507_camera0-38.jpg 54 1408.31 1023.25 979.49 875.58 857.63 295.34
4894375013507_camera0-37.jpg 54 1417.53 1029.63 980.6 881.76 873.86 295.75
4894375013507_camera0-40.jpg 54 1422.57 1022.31 1017.22 882.54 810.69 279.55
4894375013507_camera0-3.jpg 54 1457.11 1029.13 1029.97 884.37 854.27 289.52
4894375013507_camera0-39.jpg 54 1392.18 1026.26 992.57 882.75 799.23 287.02
4894375013507_camera0-4.jpg 54 1444.92 1033.78 1003.8 884.66 882.25 298.25
4894375013507_camera0-9.jpg 54 1410.2 1037.63 1061.46 882.23 697.47 310.81
4894375013507_camera0-6.jpg 54 1427.77 1038.65 996.21 885.74 863.11 305.83
4894375013507_camera0-8.jpg 54 1412.92 1037.32 1028.11 880.99 769.62 312.66
4894375013507_camera1-11.jpg 54 1294.01 1113.24 1014.28 781.43 559.45 663.63
4894375013507_camera1-10.jpg 54 1251.18 1110.68 981.04 790.58 540.29 640.2
4894375013507_camera1-12.jpg 54 1296.92 1118.53 980.11 765.13 633.62 706.81
4894375013507_camera1-15.jpg 54 1278.55 1116.88 867.85 742.91 821.39 747.94
4894375013507_camera0-5.jpg 54 1439.49 1035.53 999.1 878.25 880.78 314.56
4894375013507_camera0-7.jpg 54 1413.4 1035.98 998.84 875.57 829.12 320.82
4894375013507_camera1-14.jpg 54 1285.67 1116.29 902.71 748.79 765.92 735.0
4894375013507_camera1-13.jpg 54 1295.53 1119.07 931.88 754.38 727.29 729.37
4894375013507_camera1-16.jpg 54 1272.74 1108.18 856.25 756.44 832.98 703.49
4894375013507_camera1-17.jpg 54 1263.86 1115.48 854.92 768.15 817.87 694.66
4894375013507_camera1-18.jpg 54 1256.92 1098.81 859.34 779.09 795.16 639.44
4894375013507_camera1-19.jpg 54 1248.81 1099.87 865.42 801.68 766.78 596.38
4894375013507_camera1-20.jpg 54 1262.03 1091.08 896.36 833.75 731.34 514.65
4894375013507_camera1-21.jpg 54 1287.32 1092.33 926.21 834.26 722.21 516.14
4894375013507_camera1-1.jpg 54 1275.78 1103.35 905.53 838.3 740.49 530.1
4894375013507_camera1-22.jpg 54 1278.95 1100.81 888.64 803.83 780.63 593.96
4894375013507_camera1-24.jpg 54 1264.17 1109.86 850.27 763.4 827.81 692.92
4894375013507_camera1-25.jpg 54 1251.51 1108.14 846.51 747.7 810.0 720.88
4894375013507_camera1-2.jpg 54 1272.45 1109.79 879.87 811.4 785.17 596.78
4894375013507_camera1-28.jpg 54 1236.51 1111.96 893.47 753.16 686.08 717.6
4894375013507_camera1-23.jpg 54 1271.63 1105.01 862.46 777.01 818.35 656.0
4894375013507_camera1-27.jpg 54 1237.63 1118.11 860.16 749.81 754.95 736.6
4894375013507_camera1-26.jpg 54 1245.32 1110.57 846.72 749.1 797.19 722.94
4894375013507_camera1-30.jpg 54 1239.82 1101.94 969.82 783.01 540.0 637.87
4894375013507_camera1-31.jpg 54 1284.53 1109.07 1005.55 786.34 557.96 645.45
4894375013507_camera1-32.jpg 54 1281.39 1111.28 957.48 768.53 647.83 685.5
4894375013507_camera1-29.jpg 54 1230.33 1108.74 918.2 765.1 624.26 687.29
4894375013507_camera1-33.jpg 54 1277.68 1114.88 921.55 757.63 712.26 714.51
4894375013507_camera1-35.jpg 54 1265.85 1117.25 859.46 752.01 812.77 730.48
4894375013507_camera1-34.jpg 54 1271.77 1112.05 883.31 750.64 776.93 722.82
4894375013507_camera1-37.jpg 54 1247.22 1115.89 836.51 779.71 821.43 672.36
4894375013507_camera1-39.jpg 54 1235.66 1104.81 851.76 816.75 767.81 576.11
4894375013507_camera1-38.jpg 54 1236.0 1107.87 838.58 805.0 794.83 605.73
4894375013507_camera1-36.jpg 54 1254.24 1117.82 840.36 764.08 827.77 707.48
4894375013507_camera1-5.jpg 54 1258.44 1126.16 838.55 762.36 839.79 727.6
4894375013507_camera1-4.jpg 54 1264.43 1120.87 848.51 770.19 831.85 701.36
4894375013507_camera1-3.jpg 54 1271.88 1116.29 862.01 787.93 819.75 656.72
4894375013507_camera1-6.jpg 54 1252.15 1120.04 852.08 757.1 800.15 725.87
4894375013507_camera1-40.jpg 54 1250.18 1096.95 883.94 848.67 732.48 496.56
4894375013507_camera1-7.jpg 54 1242.01 1127.44 859.23 759.11 765.55 736.66
4894375013507_camera1-8.jpg 54 1245.84 1122.71 903.38 764.78 684.92 715.86
4894375013507_camera2-10.jpg 54 1268.55 852.98 945.3 609.2 646.51 487.56
4894375013507_camera2-11.jpg 54 1270.89 849.03 952.15 607.09 637.48 483.88
4894375013507_camera1-9.jpg 54 1244.39 1120.28 932.26 771.78 624.26 696.99
4894375013507_camera2-14.jpg 54 1266.39 852.28 889.26 502.23 754.26 700.09
4894375013507_camera2-12.jpg 54 1273.39 853.45 926.9 570.39 692.98 566.12
4894375013507_camera2-13.jpg 54 1267.94 853.63 898.84 534.84 738.2 637.59
4894375013507_camera2-17.jpg 54 1260.3 854.29 915.4 480.18 689.79 748.21
4894375013507_camera2-1.jpg 54 1274.6 861.71 1029.14 538.67 490.92 646.08
4894375013507_camera2-18.jpg 54 1255.14 853.44 936.78 492.99 636.73 720.91
4894375013507_camera2-15.jpg 54 1264.31 853.66 888.74 484.87 751.14 737.59
4894375013507_camera2-16.jpg 54 1261.88 854.85 904.9 476.65 713.96 756.39
4894375013507_camera2-19.jpg 54 1254.92 854.73 967.11 508.24 575.63 692.98
4894375013507_camera2-21.jpg 54 1262.58 855.33 1015.75 532.3 493.66 646.06
4894375013507_camera2-24.jpg 54 1260.06 864.33 910.75 481.79 698.61 765.07
4894375013507_camera2-23.jpg 54 1260.36 857.86 936.18 490.87 648.35 733.98
4894375013507_camera2-25.jpg 54 1256.32 861.83 883.79 488.69 745.06 746.28
4894375013507_camera2-22.jpg 54 1262.76 854.99 979.49 504.98 566.55 700.02
4894375013507_camera2-20.jpg 54 1256.6 853.86 1013.31 538.42 486.57 630.87
4894375013507_camera2-26.jpg 54 1259.19 865.04 885.68 499.31 747.03 731.45
4894375013507_camera2-28.jpg 54 1257.54 864.26 894.47 551.2 726.13 626.12
4894375013507_camera2-2.jpg 54 1278.95 866.44 994.96 515.86 567.97 701.17
4894375013507_camera2-30.jpg 54 1257.07 863.5 934.68 620.82 644.77 485.36
4894375013507_camera2-29.jpg 54 1258.75 863.52 912.32 580.77 692.85 565.5
4894375013507_camera2-33.jpg 54 1263.52 865.57 897.21 545.51 732.62 640.12
4894375013507_camera2-27.jpg 54 1260.4 865.23 885.33 517.17 750.15 696.12
4894375013507_camera2-32.jpg 54 1264.09 864.19 914.04 576.2 700.09 575.97
4894375013507_camera2-31.jpg 54 1265.22 861.0 941.46 613.86 647.52 494.27
4894375013507_camera2-34.jpg 54 1266.72 870.61 890.35 520.29 752.75 700.63
4894375013507_camera2-37.jpg 54 1266.82 869.73 920.66 494.3 692.31 750.86
4894375013507_camera2-35.jpg 54 1266.24 866.4 891.61 503.79 749.27 725.22
4894375013507_camera2-36.jpg 54 1266.52 866.96 897.42 489.38 738.2 755.17
4894375013507_camera2-39.jpg 54 1264.13 867.38 978.16 518.38 571.95 698.01
4894375013507_camera2-40.jpg 54 1265.16 867.77 1030.55 547.96 469.22 639.61
4894375013507_camera2-38.jpg 54 1261.38 866.6 955.04 514.28 612.67 704.64
4894375013507_camera2-3.jpg 54 1272.78 865.75 953.38 497.26 638.81 736.99
4894375013507_camera2-4.jpg 54 1277.8 862.65 930.79 485.87 694.01 753.57
4894375013507_camera2-5.jpg 54 1276.56 857.41 911.04 483.17 731.04 748.48
4894375013507_camera2-9.jpg 54 1270.48 855.1 919.4 567.56 702.17 575.07
4894375013507_camera2-7.jpg 54 1270.89 857.18 895.07 510.58 751.65 693.21
4894375013507_camera2-8.jpg 54 1271.66 856.92 904.9 536.39 733.53 641.06
4894375013507_camera3-11.jpg 54 1420.74 1379.74 1081.78 1139.96 677.92 479.55
4894375013507_camera3-10.jpg 54 1422.58 1377.57 1117.63 1143.28 609.89 468.58
4894375013507_camera2-6.jpg 54 1273.38 858.2 895.18 494.27 756.41 727.87
4894375013507_camera3-13.jpg 54 1411.89 1384.46 1002.9 1134.69 817.99 499.54
4894375013507_camera3-12.jpg 54 1423.68 1381.72 1045.96 1133.68 755.44 496.07
4894375013507_camera3-17.jpg 54 1368.03 1370.89 949.02 1146.47 838.02 448.84
4894375013507_camera3-14.jpg 54 1404.39 1380.9 977.11 1131.0 854.56 499.81
4894375013507_camera3-15.jpg 54 1391.46 1382.41 957.55 1135.68 867.82 493.47
4894375013507_camera3-16.jpg 54 1374.73 1376.29 952.92 1144.11 843.63 464.36
4894375013507_camera3-18.jpg 54 1356.77 1364.25 966.11 1153.86 781.32 420.79
4894375013507_camera3-20.jpg 54 1414.66 1359.95 1028.0 1164.77 773.32 390.36
4894375013507_camera3-21.jpg 54 1403.75 1369.17 994.39 1160.34 818.72 417.67
4894375013507_camera3-19.jpg 54 1378.01 1360.34 989.5 1165.29 777.02 390.1
4894375013507_camera3-24.jpg 54 1366.53 1381.85 935.87 1135.61 861.32 492.48
4894375013507_camera3-23.jpg 54 1376.87 1376.42 942.82 1142.3 868.09 468.24
4894375013507_camera3-22.jpg 54 1393.19 1373.04 967.73 1146.97 850.93 452.13
4894375013507_camera3-25.jpg 54 1349.94 1381.48 944.39 1136.16 811.1 490.63
4894375013507_camera3-26.jpg 54 1344.19 1379.07 955.73 1133.89 776.93 490.35
4894375013507_camera3-29.jpg 54 1354.61 1372.0 1058.91 1147.54 591.4 448.93
4894375013507_camera3-30.jpg 54 1409.51 1375.05 1107.08 1155.65 604.87 438.8
4894375013507_camera3-28.jpg 54 1334.59 1370.89 1021.49 1143.11 626.19 455.56
4894375013507_camera3-32.jpg 54 1402.86 1382.25 1019.47 1146.92 766.78 470.66
4894375013507_camera3-2.jpg 54 1387.87 1381.13 958.21 1152.63 859.31 457.0
4894375013507_camera3-33.jpg 54 1393.39 1377.52 988.36 1138.14 810.07 478.75
4894375013507_camera3-27.jpg 54 1339.56 1380.83 976.77 1138.14 725.58 485.38
4894375013507_camera3-31.jpg 54 1404.79 1377.96 1057.5 1147.05 694.57 461.83
4894375013507_camera3-34.jpg 54 1384.29 1382.49 960.2 1139.8 848.17 485.38
4894375013507_camera3-36.jpg 54 1359.67 1377.02 932.31 1149.46 854.73 455.11
4894375013507_camera3-35.jpg 54 1372.16 1379.57 938.01 1146.24 868.3 466.66
4894375013507_camera3-38.jpg 54 1345.18 1364.95 955.72 1170.97 778.92 387.96
4894375013507_camera3-37.jpg 54 1351.15 1369.24 935.35 1149.74 831.6 438.99
4894375013507_camera3-39.jpg 54 1361.51 1363.99 962.53 1177.49 797.95 373.0
4894375013507_camera3-3.jpg 54 1379.81 1383.17 947.69 1144.52 864.24 477.31
4894375013507_camera3-40.jpg 54 1399.22 1365.9 1008.58 1168.61 781.28 394.59
4894375013507_camera3-9.jpg 54 1369.03 1372.99 1073.94 1149.05 590.18 447.88
4894375013507_camera3-6.jpg 54 1353.88 1386.66 957.5 1138.34 792.75 496.64
4894375013507_camera3-4.jpg 54 1372.16 1387.54 940.04 1140.95 864.24 493.17
4894375013507_camera3-5.jpg 54 1361.84 1390.89 939.7 1138.46 844.27 504.86
4894375013507_camera3-8.jpg 54 1345.48 1386.14 1021.23 1146.14 648.5 480.01
4894375013507_camera3-7.jpg 54 1349.17 1387.6 978.86 1138.5 740.63 498.2
