6922907011528-back_camera0-10.jpg 56 1375.45 1214.52 986.02 1076.69 778.87 275.66
6922907011528-back_camera0-12.jpg 56 1436.06 1210.7 1029.63 1068.65 812.85 284.1
6922907011528-back_camera0-16.jpg 56 1424.43 1217.9 1021.12 1066.2 806.63 303.41
6922907011528-back_camera0-15.jpg 56 1429.88 1212.95 1005.45 1054.77 848.85 316.36
6922907011528-back_camera0-13.jpg 56 1436.05 1214.64 1013.84 1071.28 844.42 286.73
6922907011528-back_camera0-11.jpg 56 1402.63 1211.23 1007.65 1082.65 789.97 257.16
6922907011528-back_camera0-14.jpg 56 1438.68 1210.69 1013.84 1058.12 849.68 305.15
6922907011528-back_camera0-17.jpg 56 1419.87 1218.63 1028.16 1047.32 783.42 342.62
6922907011528-back_camera0-18.jpg 56 1417.59 1217.6 1066.34 1057.44 702.49 320.32
6922907011528-back_camera0-19.jpg 56 1417.38 1214.48 1091.62 1048.47 651.52 332.02
6922907011528-back_camera0-1.jpg 56 1349.24 1206.75 1079.61 1047.6 539.27 318.3
6922907011528-back_camera0-21.jpg 56 1475.25 1210.25 1210.8 1051.86 528.9 316.78
6922907011528-back_camera0-22.jpg 56 1489.85 1212.36 1194.76 1056.95 590.17 310.81
6922907011528-back_camera0-23.jpg 56 1486.03 1204.12 1153.26 1050.23 665.54 307.78
6922907011528-back_camera0-20.jpg 56 1420.89 1219.39 1146.56 1059.23 548.67 320.32
6922907011528-back_camera0-26.jpg 56 1459.73 1214.4 1052.27 1049.96 814.92 328.89
6922907011528-back_camera0-25.jpg 56 1467.62 1209.38 1082.24 1050.23 770.76 318.3
6922907011528-back_camera0-24.jpg 56 1480.08 1216.83 1124.87 1057.72 710.42 318.21
6922907011528-back_camera0-27.jpg 56 1441.47 1213.49 1037.89 1058.88 807.15 309.22
6922907011528-back_camera0-29.jpg 56 1407.12 1205.43 998.06 1052.86 818.11 305.15
6922907011528-back_camera0-28.jpg 56 1423.92 1209.69 1021.53 1062.61 804.78 294.16
6922907011528-back_camera0-2.jpg 56 1396.6 1210.69 1116.44 1055.49 560.31 310.41
6922907011528-back_camera0-30.jpg 56 1390.05 1205.3 1004.21 1058.21 771.68 294.18
6922907011528-back_camera0-31.jpg 56 1413.69 1197.54 1016.47 1058.12 794.44 278.84
6922907011528-back_camera0-32.jpg 56 1429.1 1200.34 1049.84 1070.83 758.52 259.01
6922907011528-back_camera0-33.jpg 56 1407.12 1187.02 1005.95 1047.6 802.33 278.84
6922907011528-back_camera0-34.jpg 56 1393.82 1199.75 985.83 1061.16 815.98 277.18
6922907011528-back_camera0-35.jpg 56 1370.29 1206.76 955.97 1060.76 828.63 291.99
6922907011528-back_camera0-40.jpg 56 1325.74 1211.7 1042.22 1064.61 567.03 294.18
6922907011528-back_camera0-37.jpg 56 1353.36 1215.7 973.48 1075.4 759.76 280.59
6922907011528-back_camera0-38.jpg 56 1333.45 1213.32 966.49 1047.6 733.93 331.45
6922907011528-back_camera0-36.jpg 56 1366.65 1209.67 959.19 1067.15 814.92 285.04
6922907011528-back_camera0-3.jpg 56 1397.58 1210.38 1083.46 1059.23 628.23 302.3
6922907011528-back_camera0-39.jpg 56 1332.6 1219.14 1013.46 1082.24 638.27 273.81
6922907011528-back_camera0-7.jpg 56 1386.91 1216.73 964.23 1069.08 845.37 295.3
6922907011528-back_camera0-6.jpg 56 1391.12 1215.6 990.59 1065.74 801.07 299.71
6922907011528-back_camera0-5.jpg 56 1392.65 1208.07 995.43 1055.49 794.44 305.15
6922907011528-back_camera1-10.jpg 56 1254.45 1124.89 881.4 888.27 746.1 473.24
6922907011528-back_camera0-8.jpg 56 1382.18 1215.18 965.92 1069.95 832.53 290.46
6922907011528-back_camera0-4.jpg 56 1398.82 1213.08 1042.55 1059.93 712.55 306.29
6922907011528-back_camera0-9.jpg 56 1374.24 1212.01 948.08 1052.86 852.31 318.3
6922907011528-back_camera1-13.jpg 56 1281.05 1136.51 882.36 818.3 797.38 636.42
6922907011528-back_camera1-12.jpg 56 1283.48 1135.73 890.21 850.31 786.54 570.84
6922907011528-back_camera1-11.jpg 56 1281.55 1129.18 908.81 872.33 745.49 513.7
6922907011528-back_camera1-16.jpg 56 1277.59 1135.02 903.16 767.34 748.86 735.35
6922907011528-back_camera1-14.jpg 56 1282.12 1141.59 884.98 805.96 794.29 671.26
6922907011528-back_camera1-17.jpg 56 1280.85 1130.46 929.66 771.39 702.37 718.15
6922907011528-back_camera1-18.jpg 56 1281.11 1120.21 978.62 765.93 604.97 708.57
6922907011528-back_camera1-15.jpg 56 1278.24 1134.19 885.5 778.23 785.48 711.92
6922907011528-back_camera1-20.jpg 56 1297.94 1111.86 1058.88 780.85 478.12 662.01
6922907011528-back_camera1-1.jpg 56 1242.7 1109.42 987.54 776.65 510.33 665.54
6922907011528-back_camera1-19.jpg 56 1281.41 1116.06 1013.23 773.59 536.36 684.93
6922907011528-back_camera1-24.jpg 56 1317.76 1099.2 952.32 741.08 730.87 716.25
6922907011528-back_camera1-22.jpg 56 1325.53 1102.66 1008.97 749.33 633.11 706.67
6922907011528-back_camera1-23.jpg 56 1323.34 1101.82 992.18 750.31 662.32 703.02
6922907011528-back_camera1-21.jpg 56 1329.51 1106.79 1058.56 766.13 541.9 681.32
6922907011528-back_camera1-25.jpg 56 1308.26 1092.63 927.14 745.33 762.24 694.6
6922907011528-back_camera1-28.jpg 56 1265.1 1067.2 882.87 788.74 764.46 556.93
6922907011528-back_camera1-27.jpg 56 1282.75 1076.45 884.12 756.69 797.26 639.51
6922907011528-back_camera1-26.jpg 56 1292.93 1085.12 906.57 754.88 772.71 660.47
6922907011528-back_camera1-29.jpg 56 1261.12 1069.97 890.21 808.22 741.82 523.49
6922907011528-back_camera1-31.jpg 56 1275.61 1063.26 914.39 822.89 722.43 480.75
6922907011528-back_camera1-2.jpg 56 1244.02 1123.88 945.45 776.65 597.14 694.47
6922907011528-back_camera1-30.jpg 56 1259.9 1060.38 906.28 838.38 707.25 444.01
6922907011528-back_camera1-32.jpg 56 1262.48 1068.51 877.62 793.99 769.72 549.05
6922907011528-back_camera1-36.jpg 56 1217.28 1093.74 842.76 747.27 749.04 692.95
6922907011528-back_camera1-33.jpg 56 1244.67 1080.93 850.0 777.62 789.34 606.62
6922907011528-back_camera1-37.jpg 56 1196.67 1100.21 845.49 737.19 702.37 726.04
6922907011528-back_camera1-34.jpg 56 1236.2 1080.33 846.09 754.58 780.23 651.5
6922907011528-back_camera1-39.jpg 56 1196.62 1102.02 932.06 767.16 529.12 669.72
6922907011528-back_camera1-35.jpg 56 1218.19 1082.99 840.61 742.88 755.17 680.22
6922907011528-back_camera1-40.jpg 56 1212.57 1107.92 974.82 783.48 475.49 648.88
6922907011528-back_camera1-4.jpg 56 1238.75 1133.1 874.42 776.65 728.67 712.89
6922907011528-back_camera1-5.jpg 56 1242.38 1136.2 864.66 786.18 755.44 700.04
6922907011528-back_camera1-38.jpg 56 1203.37 1097.4 890.75 754.58 625.23 685.65
6922907011528-back_camera1-3.jpg 56 1242.84 1131.4 908.16 771.14 669.36 720.52
6922907011528-back_camera1-6.jpg 56 1240.71 1135.51 847.44 796.95 786.54 677.12
6922907011528-back_camera1-9.jpg 56 1237.44 1138.36 850.75 863.46 773.39 549.79
6922907011528-back_camera1-8.jpg 56 1232.27 1132.88 830.33 830.77 803.87 604.22
6922907011528-back_camera2-10.jpg 56 1302.64 864.95 1097.59 548.75 410.1 632.41
6922907011528-back_camera1-7.jpg 56 1238.76 1135.72 824.44 808.22 828.63 655.01
6922907011528-back_camera2-15.jpg 56 1296.63 834.71 948.55 476.12 696.16 717.18
6922907011528-back_camera2-11.jpg 56 1305.62 857.86 1086.79 534.36 437.67 646.99
6922907011528-back_camera2-12.jpg 56 1305.61 853.11 1041.57 502.03 528.07 702.16
6922907011528-back_camera2-16.jpg 56 1290.07 833.39 930.16 489.25 719.81 688.28
6922907011528-back_camera2-13.jpg 56 1301.89 846.37 990.17 482.03 623.45 728.67
6922907011528-back_camera2-14.jpg 56 1298.57 841.47 976.66 481.64 643.82 719.67
6922907011528-back_camera2-18.jpg 56 1282.18 818.94 927.53 533.91 709.3 570.06
6922907011528-back_camera2-19.jpg 56 1270.9 825.63 931.03 578.98 679.75 493.31
6922907011528-back_camera2-17.jpg 56 1291.87 829.0 925.21 513.51 733.31 630.99
6922907011528-back_camera2-1.jpg 56 1268.46 899.9 942.85 681.6 651.22 436.61
6922907011528-back_camera2-20.jpg 56 1265.1 821.58 940.66 607.47 648.88 428.21
6922907011528-back_camera2-21.jpg 56 1258.49 816.11 919.14 581.99 678.69 468.24
6922907011528-back_camera2-22.jpg 56 1255.91 818.95 901.26 539.17 709.3 559.56
6922907011528-back_camera2-23.jpg 56 1248.88 824.92 894.59 526.14 708.57 597.57
6922907011528-back_camera2-24.jpg 56 1246.74 825.04 878.67 494.27 736.15 661.54
6922907011528-back_camera2-25.jpg 56 1240.15 829.45 885.5 481.37 709.3 696.16
6922907011528-back_camera2-26.jpg 56 1228.23 834.52 884.94 468.87 686.58 731.3
6922907011528-back_camera2-2.jpg 56 1274.61 897.88 929.14 636.66 690.93 522.44
6922907011528-back_camera2-27.jpg 56 1227.45 836.54 916.64 481.48 621.62 710.11
6922907011528-back_camera2-34.jpg 56 1232.27 880.68 903.89 518.15 656.76 725.06
6922907011528-back_camera2-29.jpg 56 1225.43 846.69 971.76 501.36 507.35 690.67
6922907011528-back_camera2-30.jpg 56 1226.01 857.95 1023.3 544.44 405.42 627.02
6922907011528-back_camera2-32.jpg 56 1221.66 868.72 950.71 510.96 541.9 715.52
6922907011528-back_camera2-28.jpg 56 1226.72 843.34 958.84 497.87 535.77 690.93
6922907011528-back_camera2-33.jpg 56 1230.95 871.48 930.16 510.27 601.59 722.43
6922907011528-back_camera2-35.jpg 56 1238.96 889.37 885.6 541.56 706.72 695.62
6922907011528-back_camera2-36.jpg 56 1236.12 891.08 874.42 545.16 723.41 691.84
6922907011528-back_camera2-37.jpg 56 1243.09 895.76 883.89 585.34 718.4 620.83
6922907011528-back_camera2-31.jpg 56 1227.32 863.37 1001.36 530.82 451.92 665.09
6922907011528-back_camera2-40.jpg 56 1259.77 896.92 947.11 696.19 625.32 401.46
6922907011528-back_camera2-39.jpg 56 1250.65 892.5 906.51 644.25 688.28 496.51
6922907011528-back_camera2-38.jpg 56 1250.6 900.28 903.36 608.29 694.47 583.99
6922907011528-back_camera2-3.jpg 56 1276.83 896.06 924.09 594.84 705.47 602.44
6922907011528-back_camera2-5.jpg 56 1286.39 892.29 933.03 552.81 706.72 678.97
6922907011528-back_camera2-6.jpg 56 1290.06 885.93 945.92 526.03 688.28 719.81
6922907011528-back_camera2-4.jpg 56 1279.07 892.67 913.63 565.61 730.87 654.13
6922907011528-back_camera2-8.jpg 56 1284.8 881.88 984.91 521.49 599.77 720.78
6922907011528-back_camera2-9.jpg 56 1298.12 873.48 1048.17 532.78 499.91 681.4
6922907011528-back_camera2-7.jpg 56 1295.26 881.87 980.49 524.29 629.53 715.15
6922907011528-back_camera3-10.jpg 56 1404.34 1377.19 1006.34 1177.54 795.99 399.31
6922907011528-back_camera3-11.jpg 56 1403.97 1380.45 995.11 1169.55 817.73 421.81
6922907011528-back_camera3-13.jpg 56 1397.2 1390.33 978.38 1143.76 837.65 493.13
6922907011528-back_camera3-14.jpg 56 1396.6 1390.89 984.91 1142.3 823.37 497.18
6922907011528-back_camera3-12.jpg 56 1401.53 1386.14 979.45 1151.65 844.16 468.98
6922907011528-back_camera3-15.jpg 56 1390.76 1390.89 1005.49 1145.91 770.55 489.96
6922907011528-back_camera3-18.jpg 56 1384.63 1381.13 1111.42 1138.13 546.42 486.0
6922907011528-back_camera3-16.jpg 56 1382.12 1392.2 1019.1 1142.3 726.04 499.81
6922907011528-back_camera3-17.jpg 56 1386.96 1385.18 1069.81 1140.18 634.31 490.0
6922907011528-back_camera3-19.jpg 56 1424.04 1378.5 1166.59 1143.38 514.9 470.24
6922907011528-back_camera3-1.jpg 56 1365.91 1379.43 1051.63 1141.89 628.55 475.07
6922907011528-back_camera3-20.jpg 56 1454.85 1375.11 1184.74 1145.7 540.22 458.81
6922907011528-back_camera3-24.jpg 56 1425.36 1367.99 1027.36 1124.99 795.99 486.0
6922907011528-back_camera3-23.jpg 56 1437.37 1371.16 1058.56 1121.26 757.61 499.81
6922907011528-back_camera3-22.jpg 56 1446.47 1375.57 1081.61 1133.74 729.72 483.65
6922907011528-back_camera3-21.jpg 56 1453.72 1373.57 1129.04 1136.76 649.37 473.61
6922907011528-back_camera3-25.jpg 56 1410.9 1366.68 1001.09 1130.25 819.63 472.86
6922907011528-back_camera3-2.jpg 56 1362.39 1384.32 1008.58 1139.67 707.63 489.29
6922907011528-back_camera3-26.jpg 56 1395.67 1358.35 989.8 1134.91 811.74 446.88
6922907011528-back_camera3-27.jpg 56 1376.76 1352.17 976.61 1140.22 800.3 423.91
6922907011528-back_camera3-28.jpg 56 1369.95 1348.69 993.47 1159.99 752.97 377.41
6922907011528-back_camera3-29.jpg 56 1377.76 1343.66 995.22 1163.35 765.07 360.62
6922907011528-back_camera3-30.jpg 56 1401.85 1352.75 1011.21 1171.24 781.28 363.02
6922907011528-back_camera3-32.jpg 56 1366.24 1352.24 959.05 1138.13 814.38 428.21
6922907011528-back_camera3-31.jpg 56 1380.19 1350.17 989.3 1159.09 781.78 382.17
6922907011528-back_camera3-33.jpg 56 1350.03 1358.32 940.85 1137.33 818.35 441.98
6922907011528-back_camera3-39.jpg 56 1332.15 1372.47 1069.09 1147.56 526.12 449.83
6922907011528-back_camera3-38.jpg 56 1301.78 1369.03 1018.23 1143.47 567.09 451.12
6922907011528-back_camera3-34.jpg 56 1332.53 1364.37 941.64 1141.57 781.78 445.6
6922907011528-back_camera3-35.jpg 56 1315.01 1369.31 943.29 1132.88 743.45 472.86
6922907011528-back_camera3-36.jpg 56 1308.72 1367.97 955.38 1134.63 706.69 466.68
6922907011528-back_camera3-37.jpg 56 1304.3 1367.38 982.94 1136.74 642.71 461.28
6922907011528-back_camera3-3.jpg 56 1363.63 1388.27 985.3 1151.46 756.67 473.61
6922907011528-back_camera3-4.jpg 56 1361.62 1390.84 957.16 1155.38 808.91 470.92
6922907011528-back_camera3-7.jpg 56 1347.15 1384.35 932.12 1165.09 830.06 438.52
6922907011528-back_camera3-6.jpg 56 1352.01 1387.64 937.33 1168.01 829.35 439.26
6922907011528-back_camera3-40.jpg 56 1364.07 1379.97 1087.11 1151.26 553.93 457.42
6922907011528-back_camera3-5.jpg 56 1354.9 1389.46 939.74 1159.76 830.33 459.41
6922907011528-back_camera3-8.jpg 56 1345.13 1379.14 954.24 1184.09 781.78 390.1
6922907011528-back_camera3-9.jpg 56 1370.5 1379.39 974.84 1191.21 791.32 376.36
6922907011528_camera0-11.jpg 56 1399.69 1214.4 1142.02 1062.71 515.34 303.39
6922907011528_camera0-12.jpg 56 1448.1 1215.04 1182.48 1063.6 531.23 302.88
6922907011528_camera0-10.jpg 56 1374.12 1215.63 1082.52 1059.32 583.2 312.62
6922907011528_camera0-16.jpg 56 1440.6 1223.92 1037.81 1070.89 805.57 306.05
6922907011528_camera0-13.jpg 56 1451.62 1216.94 1129.81 1056.69 643.62 320.5
6922907011528_camera0-15.jpg 56 1448.77 1220.04 1055.66 1052.46 786.21 335.16
6922907011528_camera0-14.jpg 56 1448.8 1220.29 1082.73 1057.25 732.14 326.07
6922907011528_camera0-18.jpg 56 1424.04 1215.62 1003.71 1054.06 840.65 323.12
6922907011528_camera0-19.jpg 56 1417.09 1211.89 1017.47 1063.89 799.23 296.01
6922907011528_camera0-17.jpg 56 1435.86 1216.94 1014.22 1059.32 843.28 315.24
6922907011528_camera0-1.jpg 56 1384.76 1204.12 984.91 1066.02 799.7 276.21
6922907011528_camera0-20.jpg 56 1413.26 1208.27 1025.07 1061.19 776.39 294.15
6922907011528_camera0-21.jpg 56 1427.95 1207.04 1040.23 1069.08 775.44 275.92
6922907011528_camera0-23.jpg 56 1442.42 1207.75 1032.61 1061.95 819.63 291.6
6922907011528_camera0-22.jpg 56 1453.93 1202.8 1064.74 1060.28 778.38 285.04
6922907011528_camera0-25.jpg 56 1417.22 1210.67 1010.47 1067.16 813.5 287.02
6922907011528_camera0-24.jpg 56 1427.79 1209.16 1012.02 1066.33 831.54 285.66
6922907011528_camera0-27.jpg 56 1391.33 1210.69 1000.69 1055.49 781.28 310.41
6922907011528_camera0-30.jpg 56 1372.81 1210.38 1082.52 1051.44 580.57 317.87
6922907011528_camera0-2.jpg 56 1406.55 1202.92 1024.38 1073.68 764.34 258.48
6922907011528_camera0-28.jpg 56 1372.92 1218.6 992.8 1060.76 760.24 315.67
6922907011528_camera0-26.jpg 56 1408.28 1215.63 1001.09 1061.95 814.38 307.36
6922907011528_camera0-29.jpg 56 1374.19 1210.61 1051.64 1054.69 645.1 311.83
6922907011528_camera0-31.jpg 56 1392.52 1208.61 1140.91 1056.9 503.22 303.41
6922907011528_camera0-35.jpg 56 1421.4 1211.68 1029.98 1048.81 782.85 325.75
6922907011528_camera0-32.jpg 56 1431.15 1206.63 1154.61 1056.28 553.08 300.7
6922907011528_camera0-34.jpg 56 1430.61 1214.31 1079.9 1054.06 701.42 320.5
6922907011528_camera0-33.jpg 56 1430.46 1208.34 1112.52 1060.07 635.89 296.54
6922907011528_camera0-36.jpg 56 1405.8 1208.06 987.54 1047.6 836.52 320.93
6922907011528_camera0-37.jpg 56 1396.74 1209.9 983.8 1056.46 825.88 306.88
6922907011528_camera0-38.jpg 56 1380.69 1211.69 961.68 1061.95 838.02 299.48
6922907011528_camera0-39.jpg 56 1375.55 1210.71 961.23 1063.39 828.63 294.63
6922907011528_camera0-3.jpg 56 1401.56 1203.83 999.02 1071.09 805.08 265.48
6922907011528_camera0-40.jpg 56 1362.3 1210.38 969.56 1059.32 785.48 302.11
6922907011528_camera0-5.jpg 56 1391.33 1206.75 969.12 1058.12 844.42 297.26
6922907011528_camera0-4.jpg 56 1398.74 1213.12 980.14 1070.99 837.2 284.25
6922907011528_camera1-10.jpg 56 1250.89 1119.34 1004.68 793.54 492.42 651.59
6922907011528_camera1-12.jpg 56 1290.07 1126.31 993.21 775.6 593.71 701.42
6922907011528_camera0-6.jpg 56 1382.12 1218.6 969.12 1066.02 826.0 305.15
6922907011528_camera1-11.jpg 56 1289.96 1127.17 1046.55 795.75 486.83 662.85
6922907011528_camera0-7.jpg 56 1376.59 1214.54 981.32 1061.81 790.53 305.46
6922907011528_camera0-9.jpg 56 1367.56 1216.95 1029.98 1061.95 675.15 309.99
6922907011528_camera0-8.jpg 56 1368.97 1205.43 998.06 1050.23 741.82 310.41
6922907011528_camera1-14.jpg 56 1291.37 1126.31 917.02 762.46 748.7 727.69
6922907011528_camera1-13.jpg 56 1294.11 1126.33 969.42 770.19 649.37 712.27
6922907011528_camera1-15.jpg 56 1292.61 1119.65 909.56 768.37 766.09 702.57
6922907011528_camera1-16.jpg 56 1284.81 1121.06 890.75 775.6 788.11 690.91
6922907011528_camera1-17.jpg 56 1286.12 1110.74 890.21 795.07 791.81 631.34
6922907011528_camera1-18.jpg 56 1273.7 1108.45 879.09 809.59 789.21 597.71
6922907011528_camera1-1.jpg 56 1260.44 1099.14 901.53 859.56 717.82 479.17
6922907011528_camera1-19.jpg 56 1269.05 1097.41 893.38 828.14 751.33 538.54
6922907011528_camera1-20.jpg 56 1289.73 1090.9 925.21 864.94 729.04 451.92
6922907011528_camera1-22.jpg 56 1292.68 1090.85 906.51 812.38 772.35 556.93
6922907011528_camera1-26.jpg 56 1253.76 1100.99 886.52 751.33 734.47 699.32
6922907011528_camera1-25.jpg 56 1263.79 1098.72 872.36 759.84 782.85 677.77
6922907011528_camera1-24.jpg 56 1267.79 1098.17 873.94 772.91 787.7 650.52
6922907011528_camera1-21.jpg 56 1294.71 1093.08 934.88 852.57 719.67 481.02
6922907011528_camera1-23.jpg 56 1282.48 1098.67 886.51 796.74 791.94 603.86
6922907011528_camera1-28.jpg 56 1246.65 1101.53 934.93 752.98 623.45 697.1
6922907011528_camera1-27.jpg 56 1253.85 1102.74 904.25 744.61 699.2 716.25
6922907011528_camera1-29.jpg 56 1238.24 1095.9 977.07 761.35 522.33 669.1
6922907011528_camera1-2.jpg 56 1255.61 1105.32 869.6 831.25 772.02 548.14
6922907011528_camera1-30.jpg 56 1247.96 1087.06 1011.21 766.13 473.5 641.86
6922907011528_camera1-31.jpg 56 1280.54 1095.09 1034.48 770.4 492.12 649.37
6922907011528_camera1-33.jpg 56 1270.19 1111.18 932.91 761.88 674.56 698.61
6922907011528_camera1-32.jpg 56 1276.03 1101.13 983.21 759.51 585.64 683.24
6922907011528_camera1-34.jpg 56 1264.76 1108.35 904.81 755.7 719.91 705.29
6922907011528_camera1-38.jpg 56 1231.26 1097.14 847.37 809.46 767.77 575.37
6922907011528_camera1-36.jpg 56 1251.91 1097.59 858.64 766.13 786.54 662.91
6922907011528_camera1-37.jpg 56 1242.21 1102.7 850.08 790.57 784.26 624.26
6922907011528_camera1-35.jpg 56 1255.91 1103.97 877.62 754.58 756.58 698.79
6922907011528_camera1-39.jpg 56 1228.22 1099.54 857.04 839.56 742.36 519.96
6922907011528_camera1-40.jpg 56 1234.8 1095.8 876.81 873.8 715.97 444.01
6922907011528_camera1-5.jpg 56 1241.11 1129.04 849.03 777.49 784.16 703.09
6922907011528_camera1-4.jpg 56 1241.52 1118.58 840.6 790.25 801.84 656.65
6922907011528_camera1-3.jpg 56 1251.91 1113.54 858.0 813.52 787.82 600.04
6922907011528_camera1-6.jpg 56 1237.52 1126.31 859.23 767.72 756.58 717.18
6922907011528_camera1-9.jpg 56 1235.54 1126.38 952.32 777.39 566.43 697.98
6922907011528_camera1-7.jpg 56 1235.72 1129.01 888.22 773.95 695.01 710.11
6922907011528_camera1-8.jpg 56 1239.86 1128.64 925.09 781.14 629.53 695.01
6922907011528_camera2-10.jpg 56 1280.85 858.19 958.6 645.12 644.49 426.15
6922907011528_camera2-12.jpg 56 1280.38 852.28 932.91 592.21 694.94 520.14
6922907011528_camera2-16.jpg 56 1275.65 846.97 938.94 492.99 673.42 707.96
6922907011528_camera2-11.jpg 56 1283.48 854.25 955.97 634.6 655.02 439.31
6922907011528_camera2-13.jpg 56 1271.64 850.3 908.62 550.42 726.04 599.77
6922907011528_camera2-15.jpg 56 1275.12 844.1 922.58 504.15 705.08 679.9
6922907011528_camera2-14.jpg 56 1273.69 845.24 908.1 514.47 731.18 661.54
6922907011528_camera2-1.jpg 56 1269.01 873.98 1053.3 545.16 431.42 657.65
6922907011528_camera2-19.jpg 56 1262.35 840.86 1014.13 500.91 496.43 679.9
6922907011528_camera2-21.jpg 56 1265.36 842.17 1048.99 516.2 432.74 651.94
6922907011528_camera2-18.jpg 56 1265.06 849.0 977.01 497.81 576.1 702.37
6922907011528_camera2-17.jpg 56 1266.38 849.0 942.82 479.4 647.12 739.19
6922907011528_camera2-20.jpg 56 1258.34 840.95 1069.63 534.77 377.41 612.37
6922907011528_camera2-22.jpg 56 1258.11 844.28 993.78 496.81 528.66 694.94
6922907011528_camera2-23.jpg 56 1256.36 847.94 963.62 491.57 585.47 712.75
6922907011528_camera2-24.jpg 56 1245.34 854.25 911.25 487.29 668.17 733.93
6922907011528_camera2-26.jpg 56 1249.2 852.46 894.78 514.69 708.84 675.54
6922907011528_camera2-27.jpg 56 1253.69 859.93 892.37 540.32 722.65 639.21
6922907011528_camera2-25.jpg 56 1254.54 855.57 905.99 497.81 697.1 715.52
6922907011528_camera2-28.jpg 56 1250.07 857.76 897.63 572.85 704.87 569.82
6922907011528_camera2-29.jpg 56 1245.34 858.2 900.73 610.93 689.21 494.55
6922907011528_camera2-30.jpg 56 1244.68 859.69 923.84 650.75 641.69 417.89
6922907011528_camera2-2.jpg 56 1272.77 877.62 1011.22 529.94 523.09 695.37
6922907011528_camera2-31.jpg 56 1251.19 859.79 926.9 643.33 648.58 432.91
6922907011528_camera2-33.jpg 56 1251.9 871.35 884.94 555.68 733.93 631.34
6922907011528_camera2-34.jpg 56 1253.91 869.94 897.78 549.88 712.27 640.12
6922907011528_camera2-32.jpg 56 1251.91 866.09 908.62 600.4 686.58 531.38
6922907011528_camera2-35.jpg 56 1255.86 871.1 891.34 523.63 729.04 694.94
6922907011528_camera2-38.jpg 56 1257.49 875.57 975.46 524.29 564.06 702.56
6922907011528_camera2-36.jpg 56 1258.49 883.19 913.88 524.12 689.21 718.15
6922907011528_camera2-3.jpg 56 1274.21 873.23 983.91 516.02 580.61 714.43
6922907011528_camera2-37.jpg 56 1259.8 883.18 932.29 516.22 655.02 733.93
6922907011528_camera2-39.jpg 56 1262.93 880.99 1014.44 537.48 496.99 687.02
6922907011528_camera2-40.jpg 56 1263.78 875.58 1058.55 557.03 410.46 637.09
6922907011528_camera2-6.jpg 56 1280.74 869.94 927.38 532.31 706.72 675.27
6922907011528_camera2-5.jpg 56 1281.72 869.22 939.46 515.86 684.52 706.72
6922907011528_camera2-4.jpg 56 1281.05 871.79 960.53 512.42 641.05 718.75
6922907011528_camera2-7.jpg 56 1278.95 866.46 920.83 538.18 716.25 656.57
6922907011528_camera2-8.jpg 56 1280.14 866.75 925.09 577.17 710.11 579.17
6922907011528_camera2-9.jpg 56 1278.22 864.77 937.56 605.66 681.32 518.22
6922907011528_camera3-12.jpg 56 1418.77 1380.35 1053.18 1127.92 731.18 504.86
6922907011528_camera3-11.jpg 56 1418.52 1385.7 1107.71 1147.97 621.62 475.46
6922907011528_camera3-10.jpg 56 1417.58 1384.45 1151.51 1150.51 532.14 467.89
6922907011528_camera3-14.jpg 56 1415.87 1374.55 1000.95 1127.92 829.83 493.25
6922907011528_camera3-18.jpg 56 1376.87 1367.22 990.17 1165.98 773.39 402.48
6922907011528_camera3-16.jpg 56 1391.85 1378.62 983.91 1157.95 815.88 441.33
6922907011528_camera3-13.jpg 56 1418.69 1388.62 1039.98 1143.42 757.42 490.4
6922907011528_camera3-15.jpg 56 1401.77 1384.85 981.47 1138.64 840.6 492.42
6922907011528_camera3-17.jpg 56 1387.63 1373.75 982.3 1161.92 810.67 423.65
6922907011528_camera3-19.jpg 56 1398.28 1360.61 1009.87 1174.24 776.81 372.74
6922907011528_camera3-1.jpg 56 1372.22 1371.77 974.2 1175.13 796.05 393.27
6922907011528_camera3-23.jpg 56 1387.38 1372.48 971.75 1139.67 831.26 465.61
6922907011528_camera3-20.jpg 56 1413.59 1359.8 1022.67 1168.28 781.84 383.04
6922907011528_camera3-21.jpg 56 1414.25 1361.62 1015.43 1161.81 797.64 399.61
6922907011528_camera3-22.jpg 56 1399.22 1361.95 984.91 1142.3 828.63 439.31
6922907011528_camera3-24.jpg 56 1376.78 1373.24 973.89 1130.22 805.79 486.03
6922907011528_camera3-25.jpg 56 1360.61 1373.32 984.12 1136.51 752.97 473.61
6922907011528_camera3-26.jpg 56 1358.45 1375.11 998.06 1126.52 720.78 497.18
6922907011528_camera3-27.jpg 56 1347.09 1369.07 1016.37 1126.06 661.44 486.03
6922907011528_camera3-28.jpg 56 1341.68 1364.86 1059.86 1130.91 563.65 467.89
6922907011528_camera3-29.jpg 56 1367.34 1366.17 1117.58 1146.94 499.52 438.46
6922907011528_camera3-30.jpg 56 1403.17 1372.48 1124.33 1139.67 557.68 465.61
6922907011528_camera3-2.jpg 56 1366.83 1375.77 957.7 1164.07 818.25 423.4
6922907011528_camera3-31.jpg 56 1399.03 1373.37 1088.89 1141.15 620.28 464.43
6922907011528_camera3-33.jpg 56 1386.56 1375.93 1010.07 1143.75 752.97 464.36
6922907011528_camera3-32.jpg 56 1390.02 1367.21 1040.15 1131.78 699.73 470.87
6922907011528_camera3-37.jpg 56 1340.85 1369.45 934.98 1162.39 811.74 414.12
6922907011528_camera3-35.jpg 56 1366.36 1373.64 963.57 1146.09 805.57 455.11
6922907011528_camera3-34.jpg 56 1375.55 1373.79 971.75 1137.04 807.59 473.5
6922907011528_camera3-38.jpg 56 1335.04 1365.62 945.85 1173.77 778.38 383.71
6922907011528_camera3-36.jpg 56 1357.83 1371.2 951.74 1154.75 812.18 432.91
6922907011528_camera3-39.jpg 56 1351.87 1363.27 961.23 1179.13 781.28 368.28
6922907011528_camera3-40.jpg 56 1380.37 1360.21 996.42 1173.54 767.9 373.34
6922907011528_camera3-3.jpg 56 1359.77 1386.95 942.82 1152.83 833.89 468.24
6922907011528_camera3-6.jpg 56 1341.72 1383.86 980.17 1146.79 723.11 474.14
6922907011528_camera3-4.jpg 56 1354.51 1384.32 945.45 1142.3 818.11 484.03
6922907011528_camera3-5.jpg 56 1346.22 1386.01 953.12 1143.26 786.21 485.51
6922907011528_camera3-8.jpg 56 1341.57 1384.67 1058.51 1152.36 566.12 464.63
6922907011528_camera3-9.jpg 56 1365.03 1384.32 1098.02 1152.83 534.01 462.98
6922907011528_camera3-7.jpg 56 1339.91 1383.06 1015.62 1146.78 648.58 472.56
