6922907011511-back_camera0-18.jpg 57 1386.49 1022.31 986.88 873.25 799.22 298.12
6922907011511-back_camera0-19.jpg 57 1376.86 1021.3 977.01 868.72 799.7 305.15
6922907011511-back_camera0-21.jpg 57 1410.74 1014.73 1025.4 867.25 770.68 294.95
6922907011511-back_camera0-17.jpg 57 1410.18 1018.65 988.1 852.38 844.16 332.55
6922907011511-back_camera0-20.jpg 57 1382.13 1006.83 979.65 839.79 804.96 334.08
6922907011511-back_camera0-1.jpg 57 1473.32 1022.63 1079.97 889.9 786.69 265.46
6922907011511-back_camera0-27.jpg 57 1372.92 1035.76 992.8 873.98 760.24 323.56
6922907011511-back_camera0-2.jpg 57 1479.53 1027.88 1080.71 893.88 797.64 267.99
6922907011511-back_camera0-34.jpg 57 1461.32 1034.52 1079.17 884.92 764.3 299.2
6922907011511-back_camera0-33.jpg 57 1459.45 1034.53 1111.33 887.77 696.24 293.53
6922907011511-back_camera0-28.jpg 57 1363.72 1042.35 1029.63 884.51 668.17 315.67
6922907011511-back_camera0-29.jpg 57 1367.74 1042.15 1066.44 892.3 602.59 299.71
6922907011511-back_camera0-36.jpg 57 1455.62 1034.65 1036.82 886.77 837.6 295.77
6922907011511-back_camera0-35.jpg 57 1461.04 1030.5 1048.04 876.61 826.0 307.78
6922907011511-back_camera0-37.jpg 57 1453.16 1031.92 1024.69 876.31 856.95 311.23
6922907011511-back_camera0-38.jpg 57 1443.74 1034.37 1022.1 883.31 843.28 302.11
6922907011511-back_camera0-3.jpg 57 1468.78 1030.43 1053.01 887.4 831.54 286.07
6922907011511-back_camera0-39.jpg 57 1437.59 1024.16 1037.05 890.96 801.08 266.41
6922907011511-back_camera0-40.jpg 57 1452.93 1025.17 1051.0 883.31 803.87 283.72
6922907011511-back_camera0-4.jpg 57 1458.41 1027.87 1037.52 871.35 841.79 313.04
6922907011511-back_camera0-5.jpg 57 1449.48 1039.48 1045.73 887.45 807.5 304.05
6922907011511-back_camera0-6.jpg 57 1438.68 1037.08 1048.04 873.98 781.28 326.19
6922907011511-back_camera1-11.jpg 57 1225.19 1130.08 991.16 811.87 468.06 636.42
6922907011511-back_camera1-10.jpg 57 1204.68 1130.26 922.28 788.74 564.81 683.03
6922907011511-back_camera0-7.jpg 57 1434.86 1040.32 1066.81 883.73 736.09 313.18
6922907011511-back_camera1-12.jpg 57 1257.46 1133.28 999.37 791.75 516.18 683.05
6922907011511-back_camera1-13.jpg 57 1265.07 1140.67 960.73 783.61 608.67 714.12
6922907011511-back_camera1-14.jpg 57 1265.11 1144.7 919.65 778.23 690.91 732.94
6922907011511-back_camera1-15.jpg 57 1270.08 1147.53 892.36 783.66 755.44 727.74
6922907011511-back_camera1-16.jpg 57 1269.05 1142.08 874.99 778.23 788.11 727.69
6922907011511-back_camera1-17.jpg 57 1266.25 1137.42 865.71 794.24 801.08 686.37
6922907011511-back_camera1-18.jpg 57 1270.33 1134.41 853.38 816.11 833.89 636.6
6922907011511-back_camera1-19.jpg 57 1263.79 1126.31 867.11 830.77 793.36 591.08
6922907011511-back_camera1-1.jpg 57 1238.75 1077.86 874.42 850.31 728.67 455.09
6922907011511-back_camera1-23.jpg 57 1301.55 1128.64 909.98 844.09 783.14 569.1
6922907011511-back_camera1-24.jpg 57 1302.2 1120.44 905.41 804.49 793.59 631.9
6922907011511-back_camera1-21.jpg 57 1282.18 1111.86 911.77 872.8 740.82 478.12
6922907011511-back_camera1-25.jpg 57 1289.8 1120.68 887.82 780.82 803.96 679.71
6922907011511-back_camera1-22.jpg 57 1305.51 1120.72 932.11 858.48 746.81 524.49
6922907011511-back_camera1-20.jpg 57 1265.06 1118.63 879.68 842.42 770.76 552.42
6922907011511-back_camera1-27.jpg 57 1283.61 1119.69 915.21 767.56 736.79 704.26
6922907011511-back_camera1-28.jpg 57 1275.62 1115.8 930.16 754.58 690.91 722.43
6922907011511-back_camera1-26.jpg 57 1284.55 1121.11 891.7 766.63 785.69 708.95
6922907011511-back_camera1-29.jpg 57 1275.58 1110.74 977.01 763.5 597.14 694.47
6922907011511-back_camera1-2.jpg 57 1244.09 1085.59 869.74 833.39 748.7 504.39
6922907011511-back_camera1-32.jpg 57 1301.88 1089.53 1035.24 765.09 533.29 648.88
6922907011511-back_camera1-30.jpg 57 1265.88 1102.35 1003.66 766.52 524.43 671.66
6922907011511-back_camera1-31.jpg 57 1291.37 1087.06 1042.78 771.39 497.18 631.34
6922907011511-back_camera1-33.jpg 57 1298.68 1085.86 998.4 751.76 600.56 668.2
6922907011511-back_camera1-36.jpg 57 1272.99 1082.96 885.5 749.33 774.97 667.26
6922907011511-back_camera1-34.jpg 57 1292.62 1089.54 952.76 742.37 679.71 694.33
6922907011511-back_camera1-37.jpg 57 1258.48 1075.22 863.9 752.98 789.17 644.49
6922907011511-back_camera1-35.jpg 57 1282.18 1085.59 919.65 746.7 725.06 677.77
6922907011511-back_camera1-3.jpg 57 1240.08 1093.63 850.75 813.48 778.65 560.31
6922907011511-back_camera1-39.jpg 57 1232.27 1073.77 840.84 793.99 782.85 559.56
6922907011511-back_camera1-38.jpg 57 1233.5 1068.64 829.7 776.65 807.59 583.99
6922907011511-back_camera1-40.jpg 57 1222.88 1070.82 850.13 822.32 745.49 496.99
6922907011511-back_camera1-5.jpg 57 1215.82 1116.68 822.68 787.18 786.29 659.01
6922907011511-back_camera1-7.jpg 57 1208.62 1128.94 835.58 770.35 746.08 717.18
6922907011511-back_camera1-4.jpg 57 1225.61 1104.16 821.81 797.7 807.59 612.93
6922907011511-back_camera1-6.jpg 57 1215.84 1116.88 826.4 779.24 778.87 675.27
6922907011511-back_camera1-9.jpg 57 1202.06 1130.25 882.87 775.6 638.37 709.3
6922907011511-back_camera2-10.jpg 57 1279.45 887.4 939.7 638.56 679.5 497.68
6922907011511-back_camera1-8.jpg 57 1202.93 1121.45 851.2 765.46 703.46 711.99
6922907011511-back_camera2-11.jpg 57 1285.18 881.87 967.9 675.38 634.57 412.97
6922907011511-back_camera2-12.jpg 57 1294.0 881.99 961.68 649.5 664.64 464.98
6922907011511-back_camera2-14.jpg 57 1299.45 872.42 944.9 572.41 709.11 600.02
6922907011511-back_camera2-15.jpg 57 1299.04 869.27 947.76 534.36 702.56 669.82
6922907011511-back_camera2-17.jpg 57 1296.62 855.72 959.05 494.51 675.15 722.43
6922907011511-back_camera2-13.jpg 57 1299.45 873.63 952.17 602.72 694.57 541.83
6922907011511-back_camera2-16.jpg 57 1296.51 861.73 950.27 514.22 692.49 695.01
6922907011511-back_camera2-20.jpg 57 1289.19 839.86 1037.04 496.35 504.3 687.02
6922907011511-back_camera2-18.jpg 57 1295.31 853.1 977.44 484.0 635.74 738.19
6922907011511-back_camera2-19.jpg 57 1288.97 846.62 1013.23 499.11 551.47 695.01
6922907011511-back_camera2-22.jpg 57 1286.11 830.58 1045.41 497.81 481.4 665.54
6922907011511-back_camera2-21.jpg 57 1285.52 839.19 1080.46 523.12 410.11 632.14
6922907011511-back_camera2-1.jpg 57 1241.46 885.94 1032.61 565.44 417.7 640.99
6922907011511-back_camera2-23.jpg 57 1278.88 828.99 1018.26 484.0 521.25 689.97
6922907011511-back_camera2-24.jpg 57 1276.93 828.14 972.19 468.24 609.47 719.81
6922907011511-back_camera2-25.jpg 57 1272.08 827.17 946.11 472.21 651.94 709.92
6922907011511-back_camera2-29.jpg 57 1252.97 823.2 896.67 543.64 712.6 559.12
6922907011511-back_camera2-28.jpg 57 1258.74 834.01 902.43 519.25 712.63 629.53
6922907011511-back_camera2-26.jpg 57 1270.36 826.83 919.65 473.49 701.42 706.67
6922907011511-back_camera2-27.jpg 57 1266.3 832.76 915.02 499.11 702.56 667.31
6922907011511-back_camera2-31.jpg 57 1239.55 831.41 923.48 637.67 632.14 387.49
6922907011511-back_camera2-30.jpg 57 1246.71 834.71 903.89 583.83 685.65 501.76
6922907011511-back_camera2-2.jpg 57 1246.15 889.41 1023.3 562.06 445.71 654.71
6922907011511-back_camera2-32.jpg 57 1240.09 834.91 905.71 601.03 668.75 467.76
6922907011511-back_camera2-33.jpg 57 1238.76 846.37 890.21 581.99 697.1 528.75
6922907011511-back_camera2-34.jpg 57 1236.2 846.52 874.99 541.79 722.43 609.47
6922907011511-back_camera2-36.jpg 57 1228.24 858.99 875.4 511.81 705.68 694.36
6922907011511-back_camera2-37.jpg 57 1231.05 861.72 894.88 504.15 672.34 715.15
6922907011511-back_camera2-35.jpg 57 1232.18 855.58 869.16 521.49 726.04 668.17
6922907011511-back_camera2-39.jpg 57 1232.78 873.9 945.91 517.6 573.73 712.6
6922907011511-back_camera2-38.jpg 57 1231.27 871.57 924.39 512.58 613.76 717.98
6922907011511-back_camera2-3.jpg 57 1251.19 891.93 993.08 549.47 516.22 684.93
6922907011511-back_camera2-4.jpg 57 1257.23 888.69 956.01 528.78 602.44 719.82
6922907011511-back_camera2-40.jpg 57 1236.13 877.93 990.17 529.38 491.92 697.1
6922907011511-back_camera2-6.jpg 57 1267.57 888.16 920.06 526.81 695.01 722.7
6922907011511-back_camera2-5.jpg 57 1259.6 890.88 926.25 530.26 666.69 721.23
6922907011511-back_camera2-8.jpg 57 1278.43 887.51 909.34 571.41 738.18 632.2
6922907011511-back_camera2-7.jpg 57 1272.6 893.19 917.54 559.54 710.11 667.31
6922907011511-back_camera3-12.jpg 57 1387.38 1389.58 1061.19 1144.93 652.38 489.29
6922907011511-back_camera2-9.jpg 57 1278.24 889.88 919.65 596.96 717.18 585.83
6922907011511-back_camera3-13.jpg 57 1396.88 1395.55 1027.79 1134.26 738.18 522.57
6922907011511-back_camera3-14.jpg 57 1388.7 1394.84 995.43 1139.67 786.54 510.33
6922907011511-back_camera3-15.jpg 57 1392.52 1392.95 972.19 1143.38 840.65 499.14
6922907011511-back_camera3-16.jpg 57 1390.95 1385.49 970.42 1143.75 841.06 483.48
6922907011511-back_camera3-17.jpg 57 1381.01 1386.45 954.64 1154.53 852.75 463.85
6922907011511-back_camera3-19.jpg 57 1383.39 1371.64 990.56 1166.41 785.66 410.46
6922907011511-back_camera3-22.jpg 57 1427.98 1383.76 1016.85 1167.03 822.26 433.46
6922907011511-back_camera3-18.jpg 57 1380.62 1380.97 962.38 1159.06 836.49 443.82
6922907011511-back_camera3-1.jpg 57 1361.63 1358.51 980.67 1167.49 761.92 382.04
6922907011511-back_camera3-20.jpg 57 1403.17 1368.53 1000.69 1168.61 804.96 399.85
6922907011511-back_camera3-21.jpg 57 1433.52 1376.57 1040.67 1177.4 785.69 398.33
6922907011511-back_camera3-26.jpg 57 1393.83 1387.7 1011.59 1143.38 764.47 488.63
6922907011511-back_camera3-24.jpg 57 1410.2 1385.86 1000.1 1161.38 820.19 448.95
6922907011511-back_camera3-23.jpg 57 1421.41 1385.08 1001.09 1159.15 840.65 451.85
6922907011511-back_camera3-27.jpg 57 1384.76 1385.62 1027.0 1150.19 715.52 470.87
6922907011511-back_camera3-25.jpg 57 1401.56 1383.7 1007.65 1151.67 787.82 464.06
6922907011511-back_camera3-28.jpg 57 1379.38 1378.5 1061.51 1135.5 635.74 486.0
6922907011511-back_camera3-29.jpg 57 1375.31 1374.53 1109.44 1146.14 531.73 456.78
6922907011511-back_camera3-30.jpg 57 1412.14 1367.87 1156.34 1141.3 511.61 453.14
6922907011511-back_camera3-31.jpg 57 1432.14 1363.91 1150.47 1146.99 563.34 433.84
6922907011511-back_camera3-32.jpg 57 1430.61 1365.37 1103.54 1140.76 654.13 449.22
6922907011511-back_camera3-2.jpg 57 1351.35 1363.14 956.36 1166.11 789.97 394.06
6922907011511-back_camera3-33.jpg 57 1422.22 1362.99 1069.97 1142.6 704.5 440.79
6922907011511-back_camera3-36.jpg 57 1379.38 1360.12 966.94 1140.76 824.89 438.71
6922907011511-back_camera3-38.jpg 57 1343.78 1346.59 945.45 1156.56 796.65 380.05
6922907011511-back_camera3-35.jpg 57 1390.95 1364.09 995.6 1148.79 790.69 430.6
6922907011511-back_camera3-34.jpg 57 1408.28 1361.43 1024.73 1138.13 767.09 446.59
6922907011511-back_camera3-37.jpg 57 1356.64 1356.53 946.65 1151.94 819.99 409.17
6922907011511-back_camera3-39.jpg 57 1332.13 1351.67 949.02 1171.45 766.23 360.45
6922907011511-back_camera3-3.jpg 57 1343.91 1367.99 932.78 1156.52 822.26 422.95
6922907011511-back_camera3-4.jpg 57 1322.93 1379.05 905.99 1150.19 833.89 457.72
6922907011511-back_camera3-40.jpg 57 1348.3 1355.01 961.68 1184.53 773.23 340.97
6922907011511-back_camera3-6.jpg 57 1319.18 1393.05 935.17 1161.38 768.03 463.34
6922907011511-back_camera3-5.jpg 57 1320.44 1381.71 927.61 1153.82 785.66 455.78
6922907011511-back_camera3-9.jpg 57 1309.77 1390.33 1019.48 1156.52 580.57 467.61
6922907011511-back_camera3-8.jpg 57 1307.69 1390.8 984.55 1151.81 646.28 477.99
6922907011511_camera0-12.jpg 57 1441.86 1206.34 1042.55 1074.68 798.61 263.32
6922907011511_camera0-10.jpg 57 1393.08 1212.07 991.14 1071.33 803.87 281.47
6922907011511_camera0-15.jpg 57 1443.86 1217.9 1022.97 1075.45 841.78 284.91
6922907011511_camera0-16.jpg 57 1437.89 1221.29 1020.91 1066.74 833.96 309.1
6922907011511_camera0-13.jpg 57 1455.13 1216.78 1035.4 1067.99 839.46 297.57
6922907011511-back_camera3-7.jpg 57 1306.28 1389.46 947.29 1151.1 717.98 476.73
6922907011511_camera0-11.jpg 57 1410.55 1208.14 1017.72 1066.77 785.66 282.75
6922907011511_camera0-17.jpg 57 1427.23 1218.27 1029.64 1057.06 795.17 322.43
6922907011511_camera0-14.jpg 57 1447.35 1218.27 1026.46 1077.66 841.78 281.21
6922907011511_camera0-18.jpg 57 1425.09 1222.14 1045.83 1062.91 758.51 318.46
6922907011511_camera0-9.jpg 57 1392.64 1217.28 969.12 1068.65 847.05 297.26
6922907011511_camera0-8.jpg 57 1401.55 1215.39 975.97 1069.67 851.16 291.44
6922907011511_camera0-6.jpg 57 1407.32 1211.75 1010.17 1067.13 794.29 289.23
6922907011511_camera0-7.jpg 57 1404.72 1214.92 985.92 1064.01 837.6 301.83
6922907011511_camera1-10.jpg 57 1263.75 1126.53 895.47 881.88 736.56 489.29
6922907011511_camera1-11.jpg 57 1292.77 1130.18 929.23 888.75 727.07 482.86
6922907011511_camera1-13.jpg 57 1297.66 1139.34 895.66 821.35 804.01 635.97
6922907011511_camera1-14.jpg 57 1295.57 1135.56 891.5 801.97 808.14 667.18
6922907011511_camera1-12.jpg 57 1301.87 1132.6 917.92 857.54 767.9 550.12
6922907011511_camera1-15.jpg 57 1286.11 1127.83 884.94 781.91 802.33 691.84
6922907011511_camera1-18.jpg 57 1282.12 1122.17 951.89 773.59 660.47 697.16
6922907011511_camera1-17.jpg 57 1279.98 1127.88 924.43 766.55 711.1 722.65
6922907011511_camera1-16.jpg 57 1287.43 1134.18 903.89 772.97 767.09 722.43
6922907011511_camera1-20.jpg 57 1279.96 1102.79 1045.01 779.03 469.91 647.52
6922907011511_camera1-21.jpg 57 1317.68 1093.63 1074.35 776.65 486.66 633.97
6922907011511_camera1-19.jpg 57 1281.21 1110.17 992.52 766.66 577.39 687.02
6922907011511_camera1-22.jpg 57 1317.64 1096.1 1035.24 759.84 564.81 672.52
6922907011511_camera1-23.jpg 57 1315.28 1091.17 1004.47 749.84 621.62 682.67
6922907011511_camera1-1.jpg 57 1229.55 1118.63 992.8 797.7 473.5 641.86
6922907011511_camera1-24.jpg 57 1301.3 1085.5 948.66 733.77 705.29 703.46
6922907011511_camera1-26.jpg 57 1284.35 1081.67 898.34 747.77 772.02 667.8
6922907011511_camera1-29.jpg 57 1237.44 1063.39 861.27 797.7 752.35 531.38
6922907011511_camera1-25.jpg 57 1293.99 1082.85 928.61 740.59 730.77 684.52
6922907011511_camera1-28.jpg 57 1256.42 1065.44 868.53 771.49 775.78 587.9
6922907011511_camera1-27.jpg 57 1268.9 1072.29 880.0 751.9 777.81 640.78
6922907011511_camera1-33.jpg 57 1241.12 1080.8 857.1 801.28 768.03 559.03
6922907011511_camera1-30.jpg 57 1230.87 1059.44 861.27 821.37 739.19 476.14
6922907011511_camera1-31.jpg 57 1253.22 1066.88 892.61 846.97 721.23 439.81
6922907011511_camera1-2.jpg 57 1250.47 1126.69 976.4 780.57 548.15 692.24
6922907011511_camera1-36.jpg 57 1210.26 1109.62 830.59 765.52 759.34 688.2
6922907011511_camera1-35.jpg 57 1213.41 1103.46 829.4 768.55 768.03 669.82
6922907011511_camera1-3.jpg 57 1251.9 1126.52 924.4 763.5 655.01 726.04
6922907011511_camera1-38.jpg 57 1196.01 1115.35 862.74 765.57 666.55 699.55
6922907011511_camera1-37.jpg 57 1202.09 1118.58 839.48 771.07 725.22 695.01
6922907011511_camera1-32.jpg 57 1251.69 1075.21 876.63 822.81 750.12 504.81
6922907011511_camera1-34.jpg 57 1227.3 1091.65 830.32 780.13 793.96 623.05
6922907011511_camera1-39.jpg 57 1195.79 1119.84 912.5 786.18 566.58 667.31
6922907011511_camera1-40.jpg 57 1192.72 1129.15 927.03 795.07 531.38 668.17
6922907011511_camera1-4.jpg 57 1253.28 1139.45 903.89 775.6 698.79 727.69
6922907011511_camera1-6.jpg 57 1260.01 1145.01 872.21 793.73 775.59 702.56
6922907011511_camera1-5.jpg 57 1250.6 1137.04 871.79 776.65 757.61 720.78
6922907011511_camera1-8.jpg 57 1253.28 1134.18 853.97 817.63 798.62 633.11
6922907011511_camera1-7.jpg 57 1258.78 1138.2 857.84 798.35 801.87 679.71
6922907011511_camera2-10.jpg 57 1294.01 849.12 1071.15 531.84 445.71 634.57
6922907011511_camera2-14.jpg 57 1294.0 834.71 977.44 468.24 633.11 732.94
6922907011511_camera1-9.jpg 57 1250.96 1124.98 874.08 854.87 753.76 540.22
6922907011511_camera2-13.jpg 57 1290.05 841.11 992.8 476.77 594.51 728.67
6922907011511_camera2-15.jpg 57 1283.49 833.39 951.17 473.49 664.64 719.81
6922907011511_camera2-19.jpg 57 1265.06 824.0 916.51 550.42 697.1 547.16
6922907011511_camera2-11.jpg 57 1299.46 842.73 1096.42 526.35 406.07 632.75
6922907011511_camera2-12.jpg 57 1297.23 843.37 1059.81 505.58 474.85 675.58
6922907011511_camera2-17.jpg 57 1275.61 821.57 917.02 489.25 717.18 664.64
6922907011511_camera2-16.jpg 57 1277.73 824.99 926.91 472.6 701.64 704.77
6922907011511_camera2-18.jpg 57 1268.82 823.95 917.54 524.29 702.56 599.32
6922907011511_camera2-20.jpg 57 1247.96 822.68 916.51 597.77 662.91 449.83
6922907011511_camera2-21.jpg 57 1253.28 824.21 935.41 620.61 635.74 407.19
6922907011511_camera2-22.jpg 57 1249.95 826.16 909.34 581.91 681.23 488.5
6922907011511_camera2-1.jpg 57 1280.14 891.93 965.38 695.52 629.53 392.83
6922907011511_camera2-24.jpg 57 1232.18 834.53 871.79 518.86 720.78 631.34
6922907011511_camera2-23.jpg 57 1241.46 828.14 885.5 549.68 711.92 556.93
6922907011511_camera2-25.jpg 57 1226.01 841.57 869.69 506.66 712.63 669.82
6922907011511_camera2-29.jpg 57 1224.38 866.23 956.43 518.15 535.91 696.16
6922907011511_camera2-26.jpg 57 1228.23 851.62 877.05 492.55 702.37 718.15
6922907011511_camera2-2.jpg 57 1283.66 890.33 942.24 642.88 682.84 494.9
6922907011511_camera2-28.jpg 57 1219.76 859.45 914.53 508.03 610.46 702.85
6922907011511_camera2-30.jpg 57 1224.75 866.76 993.08 541.92 463.34 649.68
6922907011511_camera2-27.jpg 57 1229.64 855.72 896.01 494.51 667.27 722.43
6922907011511_camera2-31.jpg 57 1234.83 879.34 1038.41 572.13 392.83 614.42
6922907011511_camera2-33.jpg 57 1239.55 891.52 957.42 535.85 564.26 711.33
6922907011511_camera2-34.jpg 57 1247.1 887.99 925.21 522.81 643.78 730.37
6922907011511_camera2-36.jpg 57 1250.65 896.44 898.63 549.68 704.04 693.53
6922907011511_camera2-35.jpg 57 1249.55 899.13 911.91 546.7 675.27 704.87
6922907011511_camera2-32.jpg 57 1237.63 879.09 997.02 540.9 481.23 676.38
6922907011511_camera2-37.jpg 57 1255.91 895.13 896.01 562.81 719.81 664.64
6922907011511_camera2-38.jpg 57 1258.74 895.71 902.43 587.24 712.63 616.94
6922907011511_camera2-3.jpg 57 1287.43 885.94 930.16 602.22 714.55 567.44
6922907011511_camera2-39.jpg 57 1268.82 895.72 932.65 637.61 672.34 516.22
6922907011511_camera2-5.jpg 57 1293.3 873.84 934.8 542.92 716.99 661.84
6922907011511_camera2-40.jpg 57 1271.34 889.42 945.24 660.27 652.2 458.3
6922907011511_camera2-6.jpg 57 1296.13 868.89 942.27 517.16 707.73 703.46
6922907011511_camera2-8.jpg 57 1300.57 863.6 995.83 507.64 609.47 711.92
6922907011511_camera2-9.jpg 57 1297.78 852.9 1045.96 519.25 503.63 667.31
6922907011511_camera2-7.jpg 57 1300.57 867.54 964.31 507.64 672.52 719.81
6922907011511_camera2-4.jpg 57 1294.0 883.12 935.17 577.17 717.67 611.91
6922907011511_camera3-13.jpg 57 1408.43 1390.83 984.53 1149.64 847.81 482.38
6922907011511_camera3-10.jpg 57 1416.16 1383.75 1019.48 1188.04 793.36 391.43
6922907011511_camera3-11.jpg 57 1422.42 1382.98 1018.26 1179.01 808.32 407.94
6922907011511_camera3-12.jpg 57 1421.16 1391.79 1005.67 1176.49 830.98 430.6
6922907011511_camera3-14.jpg 57 1403.3 1393.7 986.4 1153.82 833.79 479.76
6922907011511_camera3-17.jpg 57 1390.99 1389.6 1052.76 1135.92 676.46 507.35
6922907011511_camera3-15.jpg 57 1397.03 1388.06 992.57 1140.58 808.91 494.96
6922907011511_camera3-18.jpg 57 1385.91 1385.49 1086.25 1146.27 599.32 478.45
6922907011511_camera3-16.jpg 57 1391.12 1389.45 1020.96 1147.71 740.33 483.48
6922907011511_camera3-22.jpg 57 1443.94 1371.16 1103.28 1131.78 681.32 478.77
6922907011511_camera3-21.jpg 57 1446.73 1367.27 1144.46 1137.05 604.54 460.45
6922907011511_camera3-24.jpg 57 1416.11 1363.36 1031.56 1137.39 769.1 451.94
6922907011511_camera3-23.jpg 57 1426.85 1363.27 1050.67 1131.78 752.35 462.98
6922907011511_camera3-1.jpg 57 1373.82 1379.58 1084.28 1152.95 579.07 453.26
6922907011511_camera3-19.jpg 57 1400.54 1377.73 1140.11 1142.3 520.86 470.87
6922907011511_camera3-20.jpg 57 1450.44 1369.31 1190.85 1142.53 519.19 453.56
6922907011511_camera3-25.jpg 57 1403.42 1359.82 996.27 1133.65 814.31 452.33
6922907011511_camera3-26.jpg 57 1386.24 1354.4 982.93 1142.57 806.63 423.66
6922907011511_camera3-27.jpg 57 1371.6 1354.06 958.6 1142.3 826.0 423.52
6922907011511_camera3-28.jpg 57 1355.46 1350.44 966.03 1157.11 778.87 386.66
6922907011511_camera3-29.jpg 57 1357.13 1344.86 971.75 1158.09 770.76 373.54
6922907011511_camera3-30.jpg 57 1369.13 1343.4 981.41 1172.64 775.44 341.52
6922907011511_camera3-36.jpg 57 1306.55 1383.78 940.24 1156.22 732.62 455.11
6922907011511_camera3-31.jpg 57 1365.03 1350.12 969.12 1163.35 791.81 373.54
6922907011511_camera3-2.jpg 57 1374.42 1387.85 1044.13 1157.46 660.58 460.78
6922907011511_camera3-35.jpg 57 1309.2 1377.0 919.23 1145.21 779.94 463.58
6922907011511_camera3-34.jpg 57 1324.4 1376.17 917.83 1155.56 813.15 441.22
6922907011511_camera3-38.jpg 57 1299.26 1381.68 984.91 1144.93 628.71 473.5
6922907011511_camera3-37.jpg 57 1298.26 1383.18 946.53 1142.3 703.46 481.77
6922907011511_camera3-32.jpg 57 1360.65 1358.92 959.19 1165.59 802.93 386.66
6922907011511_camera3-39.jpg 57 1317.05 1380.18 1058.25 1165.93 517.59 428.5
6922907011511_camera3-3.jpg 57 1371.61 1393.52 995.43 1150.19 752.35 486.66
6922907011511_camera3-40.jpg 57 1360.01 1377.61 1105.84 1158.1 508.35 439.03
6922907011511_camera3-4.jpg 57 1375.64 1391.89 981.09 1155.02 789.11 473.75
6922907011511_camera3-7.jpg 57 1368.86 1385.78 953.39 1168.53 830.94 434.5
6922907011511_camera3-9.jpg 57 1403.17 1375.11 1005.95 1181.76 794.44 386.7
6922907011511_camera3-6.jpg 57 1375.4 1385.85 954.51 1162.92 841.78 445.86
6922907011511_camera3-5.jpg 57 1374.82 1392.27 956.39 1152.91 836.85 478.72
6922907011511_camera3-8.jpg 57 1355.82 1384.31 937.56 1173.87 836.52 420.89
