6902227014843-back_camera0-10.jpg 59 1343.59 1216.72 1148.61 1085.21 389.96 263.03
6902227014843-back_camera0-13.jpg 59 1424.52 1221.31 1199.49 1086.39 450.06 269.83
6902227014843-back_camera0-11.jpg 59 1361.08 1222.53 1197.98 1087.06 326.19 270.95
6902227014843-back_camera0-12.jpg 59 1408.19 1221.52 1239.31 1088.32 337.77 266.41
6902227014843-back_camera0-14.jpg 59 1433.87 1221.88 1178.91 1086.77 509.91 270.22
6902227014843-back_camera0-15.jpg 59 1442.62 1223.85 1150.63 1084.43 583.99 278.84
6902227014843-back_camera0-16.jpg 59 1454.53 1220.67 1141.54 1088.07 625.97 265.21
6902227014843-back_camera0-18.jpg 59 1460.71 1217.6 1124.0 1092.72 673.42 249.76
6902227014843-back_camera0-17.jpg 59 1461.41 1219.88 1128.79 1088.07 665.25 263.61
6902227014843-back_camera0-20.jpg 59 1464.99 1208.07 1124.33 1079.17 681.32 257.8
6902227014843-back_camera0-21.jpg 59 1480.21 1205.49 1158.76 1087.91 642.91 235.15
6902227014843-back_camera0-22.jpg 59 1487.35 1208.07 1155.89 1084.43 662.91 247.27
6902227014843-back_camera0-23.jpg 59 1478.84 1206.16 1147.92 1084.34 661.84 243.64
6902227014843-back_camera0-24.jpg 59 1478.14 1210.7 1137.48 1081.8 681.32 257.8
6902227014843-back_camera0-25.jpg 59 1466.52 1204.32 1143.71 1080.64 645.62 247.35
6902227014843-back_camera0-27.jpg 59 1447.53 1204.7 1168.89 1081.69 557.28 246.02
6902227014843-back_camera0-26.jpg 59 1459.86 1210.52 1147.61 1082.41 624.51 256.21
6902227014843-back_camera0-29.jpg 59 1428.17 1202.81 1205.88 1068.65 444.57 268.32
6902227014843-back_camera0-28.jpg 59 1438.14 1204.02 1185.67 1075.34 504.95 257.37
6902227014843-back_camera0-2.jpg 59 1342.04 1194.33 1024.1 1077.77 635.89 233.11
6902227014843-back_camera0-30.jpg 59 1418.95 1205.44 1258.49 1071.28 320.93 268.32
6902227014843-back_camera0-31.jpg 59 1438.64 1199.58 1291.23 1073.0 294.83 253.16
6902227014843-back_camera0-32.jpg 59 1432.64 1202.5 1256.5 1072.8 352.29 259.41
6902227014843-back_camera0-34.jpg 59 1418.01 1196.62 1178.7 1072.19 478.61 248.85
6902227014843-back_camera0-36.jpg 59 1394.2 1197.76 1102.64 1072.71 583.11 250.1
6902227014843-back_camera0-37.jpg 59 1375.76 1197.11 1067.68 1073.11 616.15 247.99
6902227014843-back_camera0-9.jpg 59 1333.69 1214.7 1091.9 1080.23 483.58 268.95
6902227014843-back_camera3-12.jpg 59 1405.62 1308.22 1126.02 1137.98 559.19 340.47
6902227014843-back_camera3-13.jpg 59 1401.63 1303.12 1103.67 1144.65 595.93 316.95
6902227014843-back_camera3-15.jpg 59 1387.11 1302.13 1058.61 1151.35 657.01 301.56
6902227014843_camera0-11.jpg 59 1415.22 1217.5 1262.99 1096.98 304.47 241.04
6902227014843_camera0-21.jpg 59 1439.15 1206.43 1115.77 1090.09 646.77 232.68
6902227014843_camera0-2.jpg 59 1392.65 1202.81 1071.72 1084.43 641.86 236.75
6902227014843_camera0-4.jpg 59 1375.55 1217.28 1042.78 1089.69 665.54 255.17
6902227014843_camera0-7.jpg 59 1375.55 1219.9 1087.5 1089.69 576.1 260.43
6902227014843_camera0-3.jpg 59 1387.14 1207.11 1055.72 1092.14 662.85 229.94
6902227014843_camera0-5.jpg 59 1377.11 1212.69 1050.76 1091.76 652.69 241.86
6902227014843_camera0-6.jpg 59 1371.8 1218.53 1061.14 1092.02 621.31 253.01
6902227014843_camera1-10.jpg 59 1264.5 1124.04 1115.58 880.64 297.85 486.8
6902227014843_camera1-4.jpg 59 1235.2 1105.84 927.07 892.97 616.25 425.74
6902227014843_camera1-9.jpg 59 1243.99 1112.12 1070.01 876.97 347.96 470.29
6902227014843_camera2-19.jpg 59 1264.49 844.46 1107.53 566.45 313.92 556.01
6902227014843_camera2-20.jpg 59 1265.2 843.24 1148.99 582.27 232.43 521.94
6902227014843_camera3-1.jpg 59 1357.12 1371.86 1030.45 1227.55 653.33 288.61
6902227014843_camera3-2.jpg 59 1357.39 1378.65 1025.91 1220.12 662.95 317.06
