6920912342002-back_camera0-14.jpg 6 1560.11 1163.27 968.2 949.39 1183.81 427.76
6920912342002-back_camera0-16.jpg 6 1547.43 1155.21 913.92 950.65 1267.03 409.13
6920912342002-back_camera0-15.jpg 6 1553.11 1163.35 927.03 950.27 1252.16 426.15
6920912342002-back_camera0-18.jpg 6 1526.7 1147.88 908.0 951.54 1237.41 392.67
6920912342002-back_camera0-17.jpg 6 1540.06 1155.72 911.96 960.54 1256.19 390.36
6920912342002-back_camera0-19.jpg 6 1514.97 1147.57 916.51 939.75 1196.91 415.63
6920912342002-back_camera0-1.jpg 6 1282.4 1157.77 702.1 948.86 1160.6 417.81
6920912342002-back_camera0-21.jpg 6 1570.25 1151.28 1001.75 956.83 1137.0 388.9
6920912342002-back_camera0-20.jpg 6 1512.34 1154.14 942.82 947.64 1139.04 413.0
6920912342002-back_camera0-22.jpg 6 1620.53 1147.61 1067.37 953.35 1106.33 388.51
6920912342002-back_camera0-23.jpg 6 1581.87 1147.13 980.35 950.8 1203.04 392.67
6920912342002-back_camera0-24.jpg 6 1567.58 1146.26 955.97 929.23 1223.22 434.05
6920912342002-back_camera0-25.jpg 6 1523.41 1142.98 921.21 958.9 1204.39 368.16
6920912342002-back_camera0-28.jpg 6 1441.97 1143.26 887.79 937.25 1108.37 412.01
6920912342002-back_camera0-26.jpg 6 1509.71 1138.36 905.99 934.49 1207.44 407.74
6920912342002-back_camera0-29.jpg 6 1404.13 1147.19 919.07 954.16 970.13 386.07
6920912342002-back_camera0-2.jpg 6 1336.62 1151.0 759.59 948.42 1154.07 405.16
6920912342002-back_camera0-32.jpg 6 1476.83 1143.62 1029.63 945.01 894.4 397.22
6920912342002-back_camera0-34.jpg 6 1430.37 1154.87 893.59 948.86 1073.55 412.01
6920912342002-back_camera0-27.jpg 6 1475.39 1150.62 899.11 954.05 1152.56 393.14
6920912342002-back_camera0-31.jpg 6 1434.73 1140.99 974.38 929.23 920.7 423.52
6920912342002-back_camera0-30.jpg 6 1387.89 1142.11 942.95 949.7 889.88 384.81
6920912342002-back_camera0-33.jpg 6 1457.55 1147.75 960.86 938.84 993.38 417.81
6920912342002-back_camera0-37.jpg 6 1326.88 1155.46 719.22 937.12 1215.33 436.68
6920912342002-back_camera0-35.jpg 6 1406.85 1153.15 849.06 955.2 1115.58 395.91
6920912342002-back_camera0-36.jpg 6 1361.88 1157.62 772.17 950.44 1179.43 414.36
6920912342002-back_camera0-3.jpg 6 1382.49 1150.58 811.6 949.85 1141.79 401.46
6920912342002-back_camera0-38.jpg 6 1305.84 1158.09 703.43 942.38 1204.81 431.42
6920912342002-back_camera0-4.jpg 6 1362.16 1153.26 749.23 951.15 1225.86 404.22
6920912342002-back_camera0-39.jpg 6 1265.04 1155.09 685.87 957.41 1158.34 395.35
6920912342002-back_camera0-7.jpg 6 1321.62 1171.24 692.91 947.64 1257.42 447.2
6920912342002-back_camera0-5.jpg 6 1352.59 1159.47 725.4 956.54 1254.38 405.87
6920912342002-back_camera0-6.jpg 6 1332.8 1157.21 700.08 954.63 1265.44 405.16
6920912342002-back_camera0-40.jpg 6 1264.99 1151.96 696.29 943.06 1137.39 417.81
6920912342002-back_camera0-9.jpg 6 1317.58 1164.8 746.25 956.21 1142.66 417.18
6920912342002-back_camera0-8.jpg 6 1318.51 1155.88 723.72 948.67 1189.59 414.41
6920912342002-back_camera1-11.jpg 6 1366.34 1198.86 905.99 787.17 920.7 823.37
6920912342002-back_camera1-10.jpg 6 1279.49 1192.59 835.56 757.36 887.86 870.45
6920912342002-back_camera1-12.jpg 6 1372.62 1204.95 895.31 777.59 954.63 854.73
6920912342002-back_camera1-14.jpg 6 1379.45 1208.38 816.02 738.99 1126.87 938.78
6920912342002-back_camera1-13.jpg 6 1381.78 1212.82 838.94 750.92 1085.68 923.8
6920912342002-back_camera1-15.jpg 6 1384.76 1202.8 803.4 742.45 1162.72 920.7
6920912342002-back_camera1-18.jpg 6 1369.66 1154.49 817.42 757.11 1104.48 794.77
6920912342002-back_camera1-16.jpg 6 1386.85 1189.68 794.94 728.35 1183.81 922.67
6920912342002-back_camera1-19.jpg 6 1368.29 1129.9 854.59 776.1 1027.4 707.6
6920912342002-back_camera1-1.jpg 6 1197.99 1088.38 677.13 752.98 1041.71 670.8
6920912342002-back_camera1-17.jpg 6 1374.89 1174.81 797.2 747.02 1155.39 855.58
6920912342002-back_camera1-21.jpg 6 1446.35 1071.99 950.27 778.62 992.15 586.73
6920912342002-back_camera1-20.jpg 6 1398.45 1105.54 881.99 792.18 1032.93 626.72
6920912342002-back_camera1-27.jpg 6 1308.47 1048.92 784.98 660.91 1046.97 776.02
6920912342002-back_camera1-22.jpg 6 1434.6 1073.6 902.71 742.44 1063.78 662.32
6920912342002-back_camera1-24.jpg 6 1391.34 1067.34 827.08 681.27 1128.52 772.14
6920912342002-back_camera1-25.jpg 6 1358.45 1060.76 803.4 663.54 1110.11 794.44
6920912342002-back_camera1-26.jpg 6 1343.15 1063.18 793.17 662.42 1099.96 801.52
6920912342002-back_camera1-23.jpg 6 1404.8 1071.98 841.99 698.04 1125.61 747.89
6920912342002-back_camera1-2.jpg 6 1231.61 1116.37 704.12 733.12 1054.98 766.49
6920912342002-back_camera1-28.jpg 6 1292.69 1021.3 806.03 642.49 973.32 757.61
6920912342002-back_camera1-30.jpg 6 1282.67 1017.84 879.77 682.93 805.8 669.82
6920912342002-back_camera1-33.jpg 6 1278.22 1051.55 761.31 621.45 1033.82 860.2
6920912342002-back_camera1-29.jpg 6 1272.92 1015.82 857.24 670.48 831.37 690.67
6920912342002-back_camera1-31.jpg 6 1325.82 1037.88 910.76 667.37 830.12 741.03
6920912342002-back_camera1-35.jpg 6 1239.87 1074.5 690.91 630.05 1097.91 888.9
6920912342002-back_camera1-32.jpg 6 1311.1 1043.65 853.38 650.38 915.44 786.54
6920912342002-back_camera1-36.jpg 6 1208.51 1080.48 637.67 645.12 1141.67 870.72
6920912342002-back_camera1-39.jpg 6 1144.17 1078.28 632.99 720.7 1022.36 715.15
6920912342002-back_camera1-38.jpg 6 1169.19 1081.51 618.13 681.42 1102.12 800.19
6920912342002-back_camera1-37.jpg 6 1190.49 1084.86 625.59 654.25 1129.81 861.21
6920912342002-back_camera1-40.jpg 6 1170.36 1079.17 645.56 760.87 1049.6 636.6
6920912342002-back_camera1-3.jpg 6 1223.49 1143.75 663.21 713.15 1120.57 861.2
6920912342002-back_camera1-4.jpg 6 1212.45 1167.29 624.52 697.73 1175.87 939.12
6920912342002-back_camera1-5.jpg 6 1205.87 1180.27 620.4 693.01 1170.93 974.52
6920912342002-back_camera1-6.jpg 6 1199.58 1205.16 621.16 698.92 1156.84 1012.48
6920912342002-back_camera1-7.jpg 6 1195.36 1207.09 626.66 699.33 1137.39 1015.52
6920912342002-back_camera2-10.jpg 6 1351.87 880.57 916.51 526.75 870.72 707.63
6920912342002-back_camera1-8.jpg 6 1204.61 1201.67 688.39 715.67 1032.44 972.0
6920912342002-back_camera2-11.jpg 6 1350.55 846.36 882.31 453.09 936.49 786.54
6920912342002-back_camera1-9.jpg 6 1209.64 1204.18 731.2 735.81 956.89 936.75
6920912342002-back_camera2-13.jpg 6 1348.72 825.09 827.36 344.15 1042.72 961.88
6920912342002-back_camera2-12.jpg 6 1357.84 841.51 864.58 414.99 986.51 853.04
6920912342002-back_camera2-14.jpg 6 1347.93 808.22 827.07 311.04 1041.71 994.36
6920912342002-back_camera2-17.jpg 6 1310.38 784.92 814.3 269.96 992.15 1029.92
6920912342002-back_camera2-15.jpg 6 1345.01 811.2 816.64 296.3 1056.75 1029.8
6920912342002-back_camera2-19.jpg 6 1287.42 767.45 871.79 297.89 831.26 939.12
6920912342002-back_camera2-18.jpg 6 1306.59 786.18 847.03 287.59 919.12 997.18
6920912342002-back_camera2-16.jpg 6 1334.62 795.08 812.35 269.91 1044.54 1050.34
6920912342002-back_camera2-1.jpg 6 1267.69 960.79 900.73 510.96 733.93 899.66
6920912342002-back_camera2-20.jpg 6 1269.94 769.82 905.18 338.65 729.52 862.34
6920912342002-back_camera2-22.jpg 6 1246.15 772.33 834.44 297.66 823.43 949.34
6920912342002-back_camera2-25.jpg 6 1198.24 792.18 678.88 264.11 1038.73 1056.14
6920912342002-back_camera2-21.jpg 6 1265.04 767.28 915.02 330.39 700.04 873.79
6920912342002-back_camera2-24.jpg 6 1213.98 784.38 718.19 260.55 991.58 1047.67
6920912342002-back_camera2-23.jpg 6 1215.08 776.65 732.37 255.8 965.42 1041.71
6920912342002-back_camera2-26.jpg 6 1186.98 797.5 663.21 274.99 1047.54 1045.03
6920912342002-back_camera2-27.jpg 6 1180.16 810.79 662.1 316.65 1036.12 988.28
6920912342002-back_camera2-28.jpg 6 1167.01 826.46 672.74 376.44 988.55 900.05
6920912342002-back_camera2-2.jpg 6 1283.41 964.22 864.76 483.01 837.31 962.43
6920912342002-back_camera2-33.jpg 6 1183.74 908.24 661.47 426.59 1044.54 963.3
6920912342002-back_camera2-29.jpg 6 1161.8 839.06 713.57 448.75 896.46 780.62
6920912342002-back_camera2-32.jpg 6 1166.42 885.82 674.5 460.98 983.84 849.68
6920912342002-back_camera2-34.jpg 6 1178.51 913.08 652.2 412.34 1052.62 1001.48
6920912342002-back_camera2-31.jpg 6 1176.9 871.79 723.64 481.48 906.53 780.62
6920912342002-back_camera2-35.jpg 6 1186.98 936.0 660.69 410.97 1052.58 1050.06
6920912342002-back_camera2-30.jpg 6 1163.79 854.25 732.37 497.81 862.83 712.89
6920912342002-back_camera2-37.jpg 6 1204.08 948.55 711.59 425.54 984.98 1046.02
6920912342002-back_camera2-36.jpg 6 1195.35 940.16 678.88 397.58 1032.93 1085.16
6920912342002-back_camera2-38.jpg 6 1215.93 957.4 761.41 453.78 909.05 1007.25
6920912342002-back_camera2-3.jpg 6 1294.0 956.85 821.81 437.31 944.38 1039.08
6920912342002-back_camera2-39.jpg 6 1234.61 963.63 832.98 496.25 803.26 934.77
6920912342002-back_camera2-40.jpg 6 1243.64 970.0 904.95 546.95 677.38 846.09
6920912342002-back_camera2-4.jpg 6 1309.78 951.58 806.03 421.52 1007.51 1060.12
6920912342002-back_camera2-6.jpg 6 1337.72 932.05 805.64 418.94 1064.17 1026.22
6920912342002-back_camera2-5.jpg 6 1323.01 945.96 794.94 403.38 1056.14 1085.16
6920912342002-back_camera2-8.jpg 6 1348.58 906.17 847.21 459.38 1002.73 893.58
6920912342002-back_camera3-10.jpg 6 1494.16 1363.95 1002.73 1111.52 982.86 504.86
6920912342002-back_camera2-9.jpg 6 1357.84 893.73 864.58 467.21 986.51 853.04
6920912342002-back_camera3-11.jpg 6 1511.03 1361.95 953.34 1102.84 1115.37 518.22
6920912342002-back_camera2-7.jpg 6 1341.18 923.18 822.24 429.22 1037.88 987.93
6920912342002-back_camera3-12.jpg 6 1518.45 1365.12 942.64 1109.39 1151.62 511.46
6920912342002-back_camera3-13.jpg 6 1512.35 1359.33 890.21 1089.69 1244.27 539.27
6920912342002-back_camera3-14.jpg 6 1512.34 1379.06 884.94 1118.63 1254.79 520.86
6920912342002-back_camera3-15.jpg 6 1504.6 1364.48 885.75 1122.12 1237.69 484.72
6920912342002-back_camera3-16.jpg 6 1486.59 1354.56 879.9 1120.51 1213.37 468.09
6920912342002-back_camera3-19.jpg 6 1530.35 1331.89 974.56 1114.97 1111.58 433.84
6920912342002-back_camera3-17.jpg 6 1473.73 1333.75 895.45 1118.44 1156.56 430.62
6920912342002-back_camera3-18.jpg 6 1472.88 1334.34 921.77 1110.74 1102.21 447.2
6920912342002-back_camera3-22.jpg 6 1540.05 1310.41 952.66 1091.18 1174.79 438.46
6920912342002-back_camera3-20.jpg 6 1574.16 1322.5 1029.63 1100.21 1089.06 444.57
6920912342002-back_camera3-1.jpg 6 1348.71 1324.1 781.68 1075.4 1134.07 497.4
6920912342002-back_camera3-21.jpg 6 1564.11 1316.03 989.12 1098.24 1149.97 435.57
6920912342002-back_camera3-25.jpg 6 1417.64 1284.36 850.75 1039.71 1133.78 489.29
6920912342002-back_camera3-23.jpg 6 1492.21 1305.63 899.73 1079.0 1184.96 453.26
6920912342002-back_camera3-24.jpg 6 1472.88 1306.72 879.68 1063.39 1186.39 486.66
6920912342002-back_camera3-28.jpg 6 1358.21 1289.8 917.54 1048.06 881.35 483.48
6920912342002-back_camera3-27.jpg 6 1378.17 1293.56 877.05 1042.34 1002.25 502.44
6920912342002-back_camera3-2.jpg 6 1333.91 1343.82 735.83 1087.26 1196.16 513.11
6920912342002-back_camera3-32.jpg 6 1400.47 1305.99 882.46 1037.27 1036.03 537.44
6920912342002-back_camera3-31.jpg 6 1425.53 1308.03 934.93 1029.19 981.21 557.68
6920912342002-back_camera3-29.jpg 6 1412.71 1289.44 975.64 1045.54 874.15 487.8
6920912342002-back_camera3-30.jpg 6 1445.55 1298.71 1006.44 1048.4 878.21 500.62
6920912342002-back_camera3-36.jpg 6 1262.43 1326.44 677.13 1058.12 1170.61 536.64
6920912342002-back_camera3-33.jpg 6 1369.7 1324.39 815.61 1055.21 1108.18 538.37
6920912342002-back_camera3-34.jpg 6 1338.72 1319.87 763.94 1037.08 1149.56 565.58
6920912342002-back_camera3-38.jpg 6 1222.8 1323.97 674.81 1072.95 1095.99 502.03
6920912342002-back_camera3-35.jpg 6 1309.47 1328.29 728.86 1060.65 1161.22 535.28
6920912342002-back_camera3-37.jpg 6 1238.76 1325.13 658.71 1060.76 1160.09 528.75
6920912342002-back_camera3-40.jpg 6 1323.74 1316.17 753.71 1064.57 1140.07 503.21
6920912342002-back_camera3-3.jpg 6 1318.46 1365.7 701.16 1088.35 1234.61 554.71
6920912342002-back_camera3-39.jpg 6 1271.63 1314.61 703.43 1066.02 1136.41 497.18
6920912342002-back_camera3-4.jpg 6 1300.99 1376.44 681.22 1094.31 1239.54 564.27
6920912342002-back_camera3-9.jpg 6 1362.39 1381.68 863.9 1105.47 996.99 552.42
6920912342002-back_camera3-8.jpg 6 1301.56 1388.01 806.74 1113.53 989.63 548.95
6920912342002_camera0-11.jpg 6 1396.87 1157.45 896.95 957.82 999.83 399.27
6920912342002_camera0-10.jpg 6 1325.57 1155.45 837.59 947.64 975.95 415.63
6920912342002_camera0-1.jpg 6 1322.95 1150.05 779.04 957.41 1087.83 385.27
6920912342002_camera0-26.jpg 6 1505.88 1148.79 917.72 961.01 1176.33 375.56
6920912342002_camera0-23.jpg 6 1582.51 1148.79 1007.29 962.09 1150.43 373.4
6920912342002_camera0-27.jpg 6 1475.89 1148.91 903.25 959.15 1145.29 379.52
6920912342002_camera0-24.jpg 6 1561.0 1147.57 963.86 942.38 1194.28 410.37
6920912342002_camera0-25.jpg 6 1536.46 1147.71 941.82 963.17 1189.28 369.09
6920912342002_camera0-28.jpg 6 1436.06 1152.83 900.73 950.27 1070.65 405.11
6920912342002_camera0-29.jpg 6 1418.62 1147.42 936.85 956.86 963.53 381.12
6920912342002_camera0-30.jpg 6 1431.67 1148.99 982.11 957.51 899.13 382.96
6920912342002_camera0-2.jpg 6 1372.91 1137.05 827.07 937.12 1091.69 399.85
6920912342002_camera0-33.jpg 6 1488.13 1147.03 965.95 955.65 1044.37 382.77
6920912342002_camera0-35.jpg 6 1437.48 1141.69 862.11 950.21 1150.74 382.96
6920912342002_camera0-31.jpg 6 1487.35 1148.88 1021.73 947.64 931.23 402.48
6920912342002_camera0-34.jpg 6 1473.6 1144.85 925.98 952.36 1095.24 384.97
6920912342002_camera0-37.jpg 6 1370.42 1140.77 774.7 950.21 1191.44 381.11
6920912342002_camera0-32.jpg 6 1513.66 1138.36 1034.89 939.75 957.53 397.22
6920912342002_camera0-3.jpg 6 1390.13 1147.62 834.81 954.17 1110.64 386.9
6920912342002_camera0-38.jpg 6 1345.62 1145.01 758.9 952.37 1173.45 385.27
6920912342002_camera0-4.jpg 6 1372.92 1148.88 766.57 952.9 1212.7 391.96
6920912342002_camera0-36.jpg 6 1407.32 1143.39 822.39 952.37 1169.85 382.04
6920912342002_camera0-40.jpg 6 1286.94 1153.88 748.94 959.47 1076.0 388.82
6920912342002_camera0-39.jpg 6 1304.43 1153.18 734.67 954.92 1139.52 396.52
6920912342002_camera0-5.jpg 6 1364.3 1151.31 758.41 960.75 1211.79 381.11
6920912342002_camera0-7.jpg 6 1329.51 1155.45 721.85 952.9 1215.33 405.11
6920912342002_camera0-8.jpg 6 1316.66 1156.35 743.79 957.41 1145.75 397.87
6920912342002_camera0-6.jpg 6 1330.83 1158.09 716.59 958.16 1228.48 399.85
6920912342002_camera0-9.jpg 6 1306.72 1156.44 765.84 962.03 1081.77 388.82
6920912342002_camera1-12.jpg 6 1353.72 1181.52 827.07 789.77 1053.3 783.5
6920912342002_camera1-13.jpg 6 1362.18 1193.93 817.44 782.01 1089.47 823.84
6920912342002_camera1-15.jpg 6 1359.47 1179.0 768.97 763.51 1181.01 830.98
6920912342002_camera1-14.jpg 6 1358.22 1184.04 784.08 768.55 1148.27 830.98
6920912342002_camera1-1.jpg 6 1219.03 1055.49 721.85 734.56 994.36 641.86
6920912342002_camera1-24.jpg 6 1403.43 1086.18 833.91 638.52 1139.04 895.32
6920912342002_camera1-23.jpg 6 1419.43 1088.11 858.34 664.64 1122.19 846.94
6920912342002_camera1-26.jpg 6 1353.17 1073.24 809.26 612.42 1087.83 921.64
6920912342002_camera1-28.jpg 6 1308.02 1047.55 846.88 618.58 922.28 857.94
6920912342002_camera1-29.jpg 6 1291.37 1034.45 874.42 631.97 833.89 804.96
6920912342002_camera1-2.jpg 6 1231.0 1082.03 701.27 723.91 1059.46 716.25
6920912342002_camera1-30.jpg 6 1338.07 1029.18 930.13 652.72 815.88 752.92
6920912342002_camera1-25.jpg 6 1378.18 1068.65 808.66 624.08 1139.04 889.14
6920912342002_camera1-34.jpg 6 1287.7 1053.11 748.82 584.73 1077.76 936.75
6920912342002_camera1-31.jpg 6 1345.3 1037.08 898.1 621.45 894.4 831.26
6920912342002_camera1-27.jpg 6 1326.47 1064.28 810.61 607.65 1031.72 913.27
6920912342002_camera1-33.jpg 6 1306.6 1053.1 784.08 594.8 1045.03 916.6
6920912342002_camera1-32.jpg 6 1333.45 1035.76 840.22 592.51 986.47 886.51
6920912342002_camera1-36.jpg 6 1232.13 1060.74 663.75 598.78 1136.77 923.93
6920912342002_camera1-40.jpg 6 1169.05 1067.34 674.5 716.15 989.1 702.37
6920912342002_camera1-37.jpg 6 1199.57 1060.65 630.47 617.46 1138.2 886.38
6920912342002_camera1-39.jpg 6 1164.61 1057.68 650.55 668.78 1028.11 777.8
6920912342002_camera1-38.jpg 6 1185.72 1059.39 638.03 632.57 1095.39 853.65
6920912342002_camera1-9.jpg 6 1194.04 1151.52 724.48 747.72 939.12 807.59
6920912342002_camera1-4.jpg 6 1202.09 1128.64 630.47 708.11 1143.23 841.06
6920912342002_camera1-7.jpg 6 1183.74 1154.79 627.46 721.69 1112.57 866.19
6920912342002_camera2-10.jpg 6 1341.35 885.83 911.25 534.64 860.2 702.37
6920912342002_camera1-8.jpg 6 1192.01 1161.38 688.39 745.89 1007.25 830.98
6920912342002_camera2-26.jpg 6 1207.09 791.64 660.86 272.99 1092.46 1037.3
6920912342002_camera2-2.jpg 6 1266.38 952.89 821.81 468.87 889.14 968.05
6920912342002_camera2-3.jpg 6 1282.16 962.11 798.14 455.72 968.05 1012.77
6920912342002_camera2-34.jpg 6 1175.05 896.63 644.07 380.17 1061.95 1032.93
6920912342002_camera2-37.jpg 6 1186.21 936.32 695.37 409.87 981.68 1052.9
6920912342002_camera2-36.jpg 6 1181.95 924.67 665.73 390.83 1032.44 1067.69
6920912342002_camera2-35.jpg 6 1166.0 918.03 635.7 386.77 1060.6 1062.52
6920912342002_camera2-38.jpg 6 1196.8 945.93 733.87 436.81 925.86 1018.25
6920912342002_camera2-4.jpg 6 1305.84 959.48 790.24 429.42 1031.19 1060.12
6920912342002_camera2-7.jpg 6 1327.99 933.48 796.67 443.71 1062.65 979.55
6920912342002_camera3-1.jpg 6 1355.7 1314.23 802.99 1079.12 1105.42 470.22
6920912342002_camera3-20.jpg 6 1551.91 1325.43 998.26 1100.58 1107.3 449.71
6920912342002_camera3-22.jpg 6 1530.7 1328.84 942.72 1083.32 1175.97 491.04
6920912342002_camera3-23.jpg 6 1504.26 1317.5 915.02 1075.76 1178.49 483.48
6920912342002_camera3-26.jpg 6 1409.74 1309.34 871.79 1052.86 1075.91 512.96
6920912342002_camera3-24.jpg 6 1477.28 1319.99 889.68 1069.68 1175.19 500.62
6920912342002_camera3-25.jpg 6 1451.38 1316.25 882.28 1068.21 1138.2 496.07
6920912342002_camera3-2.jpg 6 1342.2 1325.62 749.59 1078.34 1185.23 494.56
6920912342002_camera3-29.jpg 6 1445.26 1306.71 992.8 1052.86 904.92 507.7
6920912342002_camera3-30.jpg 6 1477.83 1308.68 1015.75 1048.06 924.16 521.25
6920912342002_camera3-33.jpg 6 1396.79 1340.78 822.63 1054.53 1148.32 572.51
6920912342002_camera3-36.jpg 6 1308.47 1334.34 727.11 1047.6 1162.72 573.47
6920912342002_camera3-31.jpg 6 1450.49 1327.58 935.71 1053.46 1029.56 548.23
6920912342002_camera3-28.jpg 6 1397.4 1301.85 940.61 1049.7 913.59 504.3
6920912342002_camera3-27.jpg 6 1392.65 1309.34 898.1 1050.23 989.1 518.22
6920912342002_camera3-34.jpg 6 1374.57 1338.88 789.69 1050.97 1169.76 575.81
6920912342002_camera3-32.jpg 6 1431.24 1328.84 882.28 1050.58 1097.91 556.51
6920912342002_camera3-35.jpg 6 1333.45 1308.03 735.0 1044.97 1196.91 526.12
6920912342002_camera3-37.jpg 6 1275.39 1331.38 713.9 1066.82 1122.99 529.12
6920912342002_camera3-38.jpg 6 1258.9 1323.42 713.62 1067.69 1090.57 511.46
6920912342002_camera3-39.jpg 6 1288.74 1306.71 742.89 1058.12 1091.69 497.18
6920912342002_camera3-3.jpg 6 1318.87 1334.04 704.58 1082.86 1228.57 502.37
6920912342002_camera3-40.jpg 6 1318.99 1304.09 769.2 1066.02 1099.58 476.14
6920912342002_camera3-7.jpg 6 1277.8 1344.86 729.1 1094.55 1097.4 500.62
6920912342002_camera3-5.jpg 6 1292.74 1337.64 693.42 1085.83 1198.63 503.63
6920912342002_camera3-6.jpg 6 1275.59 1348.8 695.54 1092.32 1160.09 512.96
6920912342002_camera3-4.jpg 6 1303.51 1339.62 696.35 1087.19 1214.31 504.86
6920912342002_camera3-8.jpg 6 1284.88 1352.29 789.97 1086.18 989.82 532.22
