6953042700220-back_camera0-12.jpg 60 1404.48 1251.47 1150.63 1126.52 507.7 249.91
6953042700220-back_camera0-10.jpg 60 1316.36 1263.31 1021.73 1137.04 589.25 252.54
6953042700220-back_camera0-14.jpg 60 1418.78 1265.54 1077.27 1135.5 683.03 260.08
6953042700220-back_camera0-11.jpg 60 1337.01 1262.52 1102.06 1155.21 469.91 214.61
6953042700220-back_camera0-13.jpg 60 1413.69 1260.68 1105.91 1134.41 615.56 252.54
6953042700220-back_camera0-17.jpg 60 1422.79 1264.35 1005.3 1142.19 834.98 244.32
6953042700220-back_camera0-15.jpg 60 1422.72 1262.91 1048.37 1140.76 748.7 244.31
6953042700220-back_camera0-16.jpg 60 1422.33 1265.5 1027.47 1148.15 789.71 234.69
6953042700220-back_camera0-19.jpg 60 1417.64 1263.3 992.8 1147.56 849.68 231.49
6953042700220-back_camera0-18.jpg 60 1422.9 1256.73 990.17 1126.52 865.46 260.43
6953042700220-back_camera0-20.jpg 60 1417.47 1264.23 1014.22 1148.64 806.5 231.18
6953042700220-back_camera0-1.jpg 60 1369.86 1244.47 987.82 1151.97 764.07 185.01
6953042700220-back_camera0-21.jpg 60 1435.86 1257.65 1029.98 1151.26 811.75 212.79
6953042700220-back_camera0-24.jpg 60 1466.31 1252.78 1040.15 1142.3 852.31 220.97
6953042700220-back_camera0-23.jpg 60 1472.26 1255.62 1067.1 1162.85 810.33 185.53
6953042700220-back_camera0-29.jpg 60 1428.98 1256.65 1117.54 1139.86 622.88 233.58
6953042700220-back_camera0-22.jpg 60 1468.93 1255.42 1066.45 1152.83 804.96 205.19
6953042700220-back_camera0-26.jpg 60 1452.94 1258.98 1045.75 1138.13 814.38 241.69
6953042700220-back_camera0-28.jpg 60 1432.98 1257.5 1091.25 1140.15 683.46 234.69
6953042700220-back_camera0-30.jpg 60 1418.95 1250.15 1150.63 1126.52 536.64 247.27
6953042700220-back_camera0-25.jpg 60 1460.81 1258.97 1037.86 1143.38 845.9 231.18
6953042700220-back_camera0-27.jpg 60 1440.0 1267.25 1055.93 1142.3 768.13 249.91
6953042700220-back_camera0-32.jpg 60 1478.24 1246.43 1219.23 1136.35 518.02 220.16
6953042700220-back_camera0-2.jpg 60 1384.63 1243.21 995.83 1143.38 777.6 199.65
6953042700220-back_camera0-31.jpg 60 1470.03 1254.46 1232.99 1144.0 474.07 220.92
6953042700220-back_camera0-35.jpg 60 1454.46 1252.79 1087.5 1126.52 733.93 252.54
6953042700220-back_camera0-33.jpg 60 1468.88 1251.39 1169.97 1146.73 597.83 209.32
6953042700220-back_camera0-34.jpg 60 1467.38 1256.35 1129.81 1138.13 675.15 236.43
6953042700220-back_camera0-36.jpg 60 1429.48 1240.95 1034.89 1121.26 789.17 239.38
6953042700220-back_camera0-37.jpg 60 1418.42 1252.91 1024.36 1149.04 788.13 207.74
6953042700220-back_camera0-38.jpg 60 1403.02 1248.46 995.83 1135.5 814.38 225.92
6953042700220-back_camera0-39.jpg 60 1386.08 1238.32 982.28 1118.63 807.59 239.38
6953042700220-back_camera0-4.jpg 60 1368.17 1247.7 966.18 1150.97 803.98 193.46
6953042700220-back_camera0-40.jpg 60 1370.18 1244.53 977.44 1140.76 785.48 207.54
6953042700220-back_camera0-3.jpg 60 1380.84 1246.95 980.69 1150.11 800.3 193.68
6953042700220-back_camera0-5.jpg 60 1345.3 1248.84 916.51 1139.67 857.57 218.34
6953042700220-back_camera0-6.jpg 60 1339.97 1255.03 932.78 1146.01 814.38 218.04
6953042700220-back_camera0-7.jpg 60 1332.34 1253.29 947.79 1146.25 769.1 214.08
6953042700220-back_camera0-9.jpg 60 1329.51 1264.62 987.54 1142.3 683.95 244.64
6953042700220-back_camera0-8.jpg 60 1322.89 1261.6 953.8 1143.38 738.19 236.43
6953042700220-back_camera1-10.jpg 60 1192.19 1161.02 972.04 861.0 440.31 600.04
6953042700220-back_camera1-11.jpg 60 1241.38 1169.92 1016.47 863.46 449.83 612.93
6953042700220-back_camera1-12.jpg 60 1252.54 1178.92 983.16 857.86 538.76 642.12
6953042700220-back_camera1-14.jpg 60 1259.85 1184.1 919.65 851.78 680.4 664.64
6953042700220-back_camera1-13.jpg 60 1247.96 1177.82 927.03 845.05 641.86 665.54
6953042700220-back_camera1-15.jpg 60 1263.47 1187.38 904.56 866.4 717.82 641.97
6953042700220-back_camera1-16.jpg 60 1266.42 1185.41 885.5 864.92 761.84 640.99
6953042700220-back_camera1-18.jpg 60 1267.69 1171.24 882.31 900.29 770.76 541.9
6953042700220-back_camera1-17.jpg 60 1267.72 1176.22 880.24 880.68 774.97 591.08
6953042700220-back_camera1-1.jpg 60 1233.91 1098.89 886.63 910.19 694.56 377.41
6953042700220-back_camera1-19.jpg 60 1270.33 1164.66 900.73 929.23 739.19 470.87
6953042700220-back_camera1-21.jpg 60 1305.84 1146.25 945.45 937.12 720.78 418.26
6953042700220-back_camera1-20.jpg 60 1288.75 1156.52 922.28 959.49 732.94 394.05
6953042700220-back_camera1-25.jpg 60 1294.92 1147.24 923.99 846.61 741.87 601.27
6953042700220-back_camera1-27.jpg 60 1288.74 1142.07 961.68 812.38 654.13 659.38
6953042700220-back_camera1-23.jpg 60 1307.25 1151.82 928.92 889.11 756.67 525.42
6953042700220-back_camera1-24.jpg 60 1304.51 1151.26 919.65 854.41 769.72 593.71
6953042700220-back_camera1-22.jpg 60 1312.45 1151.61 942.44 919.43 740.02 464.36
6953042700220-back_camera1-26.jpg 60 1291.38 1146.01 930.16 828.14 722.43 635.74
6953042700220-back_camera1-28.jpg 60 1286.44 1134.76 998.3 823.95 576.29 621.62
6953042700220-back_camera1-29.jpg 60 1284.81 1127.62 1027.36 815.01 514.9 625.23
6953042700220-back_camera1-30.jpg 60 1288.61 1117.55 1083.25 831.71 410.71 571.67
6953042700220-back_camera1-31.jpg 60 1313.72 1113.37 1063.82 813.48 499.81 599.77
6953042700220-back_camera1-2.jpg 60 1233.58 1107.91 861.85 878.05 743.45 459.73
6953042700220-back_camera1-32.jpg 60 1309.79 1114.68 1029.63 792.44 560.31 644.49
6953042700220-back_camera1-33.jpg 60 1301.34 1109.57 994.49 799.55 613.69 620.03
6953042700220-back_camera1-36.jpg 60 1269.05 1101.36 896.01 804.5 746.08 593.71
6953042700220-back_camera1-34.jpg 60 1290.06 1117.32 948.08 800.33 683.95 633.97
6953042700220-back_camera1-35.jpg 60 1281.05 1105.62 928.61 798.51 704.87 614.22
6953042700220-back_camera1-3.jpg 60 1217.82 1118.43 832.96 857.04 769.72 522.78
6953042700220-back_camera1-37.jpg 60 1250.6 1097.59 869.16 813.48 762.87 568.21
6953042700220-back_camera1-38.jpg 60 1236.21 1097.41 859.23 841.28 753.96 512.27
6953042700220-back_camera1-39.jpg 60 1225.91 1095.44 867.0 875.29 717.82 440.31
6953042700220-back_camera1-4.jpg 60 1211.26 1125.0 825.08 841.28 772.35 567.44
6953042700220-back_camera1-40.jpg 60 1221.66 1093.64 863.9 897.66 715.52 391.96
6953042700220-back_camera1-5.jpg 60 1197.29 1133.42 824.5 834.64 745.57 597.57
6953042700220-back_camera1-6.jpg 60 1192.86 1144.69 830.33 825.51 725.06 638.37
6953042700220-back_camera1-7.jpg 60 1189.64 1151.7 855.05 833.76 669.19 635.89
6953042700220-back_camera1-8.jpg 60 1190.23 1153.89 882.87 825.51 614.72 656.76
6953042700220-back_camera1-9.jpg 60 1191.59 1160.86 926.1 846.35 530.97 629.02
6953042700220-back_camera2-10.jpg 60 1288.74 901.7 969.56 699.42 638.37 404.56
6953042700220-back_camera2-11.jpg 60 1299.4 891.58 989.67 703.8 619.46 375.56
6953042700220-back_camera2-13.jpg 60 1303.19 885.93 951.17 612.72 704.04 546.42
6953042700220-back_camera2-14.jpg 60 1311.05 875.6 959.32 579.29 703.46 592.61
6953042700220-back_camera2-18.jpg 60 1310.55 853.45 1039.67 514.58 541.76 677.74
6953042700220-back_camera2-12.jpg 60 1305.83 893.82 974.82 660.01 662.01 467.61
6953042700220-back_camera2-17.jpg 60 1312.24 859.79 1015.7 524.4 593.08 670.78
6953042700220-back_camera2-15.jpg 60 1313.7 872.8 969.56 549.68 688.28 646.25
6953042700220-back_camera2-16.jpg 60 1311.1 866.1 987.54 529.38 647.12 673.43
6953042700220-back_camera2-20.jpg 60 1302.82 834.03 1121.51 529.33 362.61 609.39
6953042700220-back_camera2-19.jpg 60 1308.45 850.47 1069.39 510.27 478.12 680.4
6953042700220-back_camera2-1.jpg 60 1236.13 898.98 1037.52 574.1 397.22 649.75
6953042700220-back_camera2-22.jpg 60 1296.78 827.55 1065.52 498.24 462.51 658.62
6953042700220-back_camera2-21.jpg 60 1303.19 834.7 1108.79 518.15 388.8 633.11
6953042700220-back_camera2-25.jpg 60 1279.55 824.2 956.43 486.63 646.25 675.15
6953042700220-back_camera2-26.jpg 60 1267.17 821.08 934.16 503.79 666.02 634.57
6953042700220-back_camera2-24.jpg 60 1282.18 822.89 974.82 478.75 614.72 688.28
6953042700220-back_camera2-23.jpg 60 1293.99 826.46 1033.37 491.55 521.25 669.82
6953042700220-back_camera2-28.jpg 60 1250.65 821.57 906.51 552.3 688.28 538.54
6953042700220-back_camera2-29.jpg 60 1246.37 822.0 919.83 588.89 653.07 466.21
6953042700220-back_camera2-2.jpg 60 1240.15 906.95 1008.97 573.32 462.36 667.26
6953042700220-back_camera2-27.jpg 60 1260.01 820.71 920.89 525.76 678.25 589.9
6953042700220-back_camera2-30.jpg 60 1238.24 822.51 931.75 637.97 612.99 369.09
6953042700220-back_camera2-35.jpg 60 1220.76 850.86 886.17 530.53 669.19 640.65
6953042700220-back_camera2-31.jpg 60 1235.88 831.35 916.74 622.29 638.27 418.11
6953042700220-back_camera2-33.jpg 60 1227.01 839.96 885.5 562.81 683.03 554.3
6953042700220-back_camera2-34.jpg 60 1225.55 847.9 886.06 551.89 678.97 592.02
6953042700220-back_camera2-32.jpg 60 1230.9 834.03 895.3 592.4 671.21 483.27
6953042700220-back_camera2-36.jpg 60 1221.76 860.98 901.26 523.41 640.99 675.15
6953042700220-back_camera2-38.jpg 60 1220.57 872.25 955.08 534.62 530.97 675.27
6953042700220-back_camera2-37.jpg 60 1217.82 871.49 909.14 520.78 617.35 701.42
6953042700220-back_camera2-39.jpg 60 1220.62 878.99 987.51 548.75 466.21 660.47
6953042700220-back_camera2-3.jpg 60 1250.65 906.95 977.44 560.18 546.42 693.54
6953042700220-back_camera2-4.jpg 60 1252.39 909.81 956.39 558.99 592.01 701.64
6953042700220-back_camera2-40.jpg 60 1227.71 887.01 1034.38 578.97 386.66 616.07
6953042700220-back_camera2-5.jpg 60 1253.28 910.89 930.16 573.32 646.25 675.15
6953042700220-back_camera2-6.jpg 60 1262.47 910.89 927.53 583.83 669.89 654.13
6953042700220-back_camera3-10.jpg 60 1417.96 1334.47 1174.67 1158.71 486.57 351.51
6953042700220-back_camera2-8.jpg 60 1276.55 910.55 932.89 632.67 687.32 555.76
6953042700220-back_camera2-7.jpg 60 1266.41 914.84 919.65 602.22 693.53 625.23
6953042700220-back_camera3-11.jpg 60 1415.31 1337.1 1131.46 1152.36 567.7 369.48
6953042700220-back_camera3-12.jpg 60 1405.65 1337.78 1079.9 1143.38 651.5 388.8
6953042700220-back_camera2-9.jpg 60 1282.12 905.25 951.89 667.82 660.47 474.85
6953042700220-back_camera3-13.jpg 60 1397.8 1337.84 1043.4 1152.59 708.8 370.51
6953042700220-back_camera3-15.jpg 60 1371.5 1340.41 982.7 1161.77 777.6 357.28
6953042700220-back_camera3-14.jpg 60 1382.9 1337.7 1016.59 1156.39 732.62 362.61
6953042700220-back_camera3-18.jpg 60 1328.15 1333.85 953.8 1190.67 748.7 286.35
6953042700220-back_camera3-16.jpg 60 1349.76 1340.16 961.25 1180.44 777.02 319.44
6953042700220-back_camera3-17.jpg 60 1338.65 1335.16 951.17 1182.79 774.97 304.74
6953042700220-back_camera3-19.jpg 60 1349.24 1330.38 969.12 1192.28 760.24 276.21
6953042700220-back_camera3-20.jpg 60 1365.26 1339.99 988.86 1184.68 752.8 310.62
6953042700220-back_camera3-1.jpg 60 1452.93 1337.79 1061.51 1174.91 782.85 325.75
6953042700220-back_camera3-21.jpg 60 1360.6 1348.34 974.86 1185.53 771.47 325.61
6953042700220-back_camera3-28.jpg 60 1350.48 1366.68 1095.66 1164.4 509.64 404.56
6953042700220-back_camera3-24.jpg 60 1345.08 1362.47 964.12 1161.74 761.92 401.46
6953042700220-back_camera3-25.jpg 60 1338.66 1366.68 974.82 1153.89 727.69 425.58
6953042700220-back_camera3-26.jpg 60 1341.74 1367.4 1014.28 1162.97 654.92 408.86
6953042700220-back_camera3-22.jpg 60 1355.46 1350.49 954.7 1160.77 801.52 379.44
6953042700220-back_camera3-23.jpg 60 1350.56 1350.12 953.34 1139.67 794.44 420.89
6953042700220-back_camera3-27.jpg 60 1346.57 1370.07 1054.26 1162.87 584.62 414.41
6953042700220-back_camera3-29.jpg 60 1395.14 1367.99 1158.71 1169.65 472.86 396.68
6953042700220-back_camera3-2.jpg 60 1440.3 1342.43 1054.57 1175.92 771.47 333.01
6953042700220-back_camera3-33.jpg 60 1443.74 1371.94 1072.02 1159.15 743.45 425.58
6953042700220-back_camera3-30.jpg 60 1428.85 1368.69 1173.54 1169.81 510.62 397.76
6953042700220-back_camera3-34.jpg 60 1443.73 1366.68 1048.37 1161.77 790.73 409.82
6953042700220-back_camera3-32.jpg 60 1441.61 1372.41 1102.25 1162.3 678.71 420.23
6953042700220-back_camera3-31.jpg 60 1437.17 1369.31 1129.81 1156.52 614.72 425.58
6953042700220-back_camera3-37.jpg 60 1431.06 1349.16 1047.21 1189.44 767.69 319.44
6953042700220-back_camera3-36.jpg 60 1431.86 1354.16 1028.96 1170.84 805.79 366.65
6953042700220-back_camera3-4.jpg 60 1416.16 1340.42 1043.12 1148.64 746.08 383.55
6953042700220-back_camera3-38.jpg 60 1427.2 1341.79 1056.93 1196.69 740.55 290.19
6953042700220-back_camera3-35.jpg 60 1438.48 1360.11 1037.86 1161.77 801.24 396.68
6953042700220-back_camera3-6.jpg 60 1395.28 1343.54 1074.35 1142.3 641.86 402.48
6953042700220-back_camera3-5.jpg 60 1401.13 1343.3 1055.44 1153.8 691.39 379.0
6953042700220-back_camera3-3.jpg 60 1433.23 1344.36 1043.12 1159.15 780.23 370.41
6953042700220-back_camera3-40.jpg 60 1459.27 1334.41 1080.26 1188.76 758.02 291.3
6953042700220-back_camera3-39.jpg 60 1452.49 1334.01 1082.48 1208.2 740.02 251.61
6953042700220-back_camera3-7.jpg 60 1385.94 1337.78 1100.91 1143.38 570.06 388.8
6953042700220-back_camera3-9.jpg 60 1405.65 1333.85 1177.1 1148.64 457.1 370.41
6953042700220_camera0-11.jpg 60 1406.3 1254.9 1170.81 1137.56 470.97 234.69
6953042700220-back_camera3-8.jpg 60 1379.88 1335.39 1138.69 1149.02 482.38 372.74
6953042700220_camera0-14.jpg 60 1473.95 1257.67 1137.69 1132.88 672.52 249.57
6953042700220_camera0-13.jpg 60 1472.24 1252.2 1185.21 1147.54 574.05 209.32
6953042700220_camera0-12.jpg 60 1467.39 1255.04 1219.13 1132.88 496.51 244.31
6953042700220_camera0-10.jpg 60 1389.14 1254.64 1112.43 1138.09 553.43 233.11
6953042700220_camera0-1.jpg 60 1354.16 1246.69 962.62 1143.33 783.08 206.73
6953042700220_camera0-16.jpg 60 1470.01 1255.04 1074.64 1138.13 790.74 233.81
6953042700220_camera0-15.jpg 60 1477.21 1255.12 1120.15 1146.89 714.12 216.46
6953042700220_camera0-17.jpg 60 1464.76 1252.41 1058.88 1140.76 811.75 223.3
6953042700220_camera0-19.jpg 60 1442.42 1245.84 1040.49 1138.13 803.87 215.42
6953042700220_camera0-18.jpg 60 1457.01 1248.44 1054.62 1141.13 804.78 214.61
6953042700220_camera0-20.jpg 60 1431.18 1243.85 1044.57 1141.44 773.23 204.81
6953042700220_camera0-21.jpg 60 1454.26 1240.59 1064.14 1140.76 780.23 199.65
6953042700220_camera0-22.jpg 60 1464.86 1234.77 1088.24 1150.72 753.24 168.09
6953042700220_camera0-24.jpg 60 1422.72 1239.28 1016.85 1132.88 811.75 212.79
6953042700220_camera0-25.jpg 60 1414.14 1242.37 1022.86 1147.09 782.57 190.56
6953042700220_camera0-26.jpg 60 1404.34 1244.53 1008.97 1140.76 790.74 207.54
6953042700220_camera0-23.jpg 60 1452.17 1233.58 1068.29 1152.18 767.77 162.8
6953042700220_camera0-29.jpg 60 1362.3 1245.84 1040.49 1130.25 643.62 231.18
6953042700220_camera0-28.jpg 60 1376.07 1242.78 1030.11 1137.33 691.92 210.91
6953042700220_camera0-27.jpg 60 1388.58 1243.2 1016.85 1124.99 743.45 236.43
6953042700220_camera0-32.jpg 60 1404.56 1240.49 1179.38 1134.24 450.36 212.49
6953042700220_camera0-31.jpg 60 1355.75 1244.33 1124.96 1134.86 461.57 218.95
6953042700220_camera0-30.jpg 60 1359.2 1242.19 1084.16 1134.11 550.07 216.17
6953042700220_camera0-35.jpg 60 1390.83 1244.6 1037.99 1137.56 705.67 214.08
6953042700220_camera0-33.jpg 60 1408.43 1242.27 1121.7 1123.89 573.47 236.75
6953042700220_camera0-2.jpg 60 1378.78 1241.17 992.65 1153.96 772.27 174.43
6953042700220_camera0-34.jpg 60 1401.39 1247.05 1077.87 1130.26 647.05 233.58
6953042700220_camera0-36.jpg 60 1378.23 1248.38 1000.03 1138.96 756.41 218.84
6953042700220_camera0-37.jpg 60 1371.44 1248.64 977.38 1142.26 788.12 212.76
6953042700220_camera0-39.jpg 60 1353.02 1247.8 951.03 1141.56 803.98 212.49
6953042700220_camera0-38.jpg 60 1359.06 1247.36 956.67 1141.9 804.78 210.91
6953042700220_camera0-3.jpg 60 1393.61 1248.29 999.55 1157.11 788.12 182.36
6953042700220_camera0-4.jpg 60 1389.89 1251.09 974.82 1146.01 830.14 210.16
6953042700220_camera0-5.jpg 60 1387.14 1254.08 968.98 1144.45 836.33 219.26
6953042700220_camera0-7.jpg 60 1381.12 1254.96 994.99 1143.16 772.27 223.59
6953042700220_camera0-40.jpg 60 1343.91 1239.28 943.29 1132.88 801.24 212.79
6953042700220_camera0-6.jpg 60 1382.01 1253.72 972.19 1138.13 819.63 231.18
6953042700220_camera0-8.jpg 60 1379.96 1256.99 1023.17 1140.43 713.59 233.11
6953042700220_camera1-10.jpg 60 1260.47 1169.0 1039.38 862.04 442.18 613.93
6953042700220_camera0-9.jpg 60 1383.32 1255.04 1053.63 1130.25 659.38 249.57
6953042700220_camera1-11.jpg 60 1304.32 1165.12 1091.83 871.75 424.98 586.73
6953042700220_camera1-14.jpg 60 1312.38 1160.46 977.44 836.02 669.89 648.88
6953042700220_camera1-12.jpg 60 1312.91 1163.22 1050.2 849.64 525.42 627.17
6953042700220_camera1-16.jpg 60 1309.66 1140.03 929.09 840.9 761.15 598.27
6953042700220_camera1-15.jpg 60 1315.02 1152.58 956.43 830.77 717.18 643.62
6953042700220_camera1-13.jpg 60 1314.14 1166.15 1017.21 848.87 593.87 634.57
6953042700220_camera1-17.jpg 60 1303.19 1132.88 919.65 836.02 767.09 593.71
6953042700220_camera1-18.jpg 60 1294.26 1125.51 920.55 864.65 747.42 521.72
6953042700220_camera1-1.jpg 60 1229.72 1145.16 869.77 949.65 719.91 391.02
6953042700220_camera1-19.jpg 60 1287.43 1114.49 919.65 883.31 735.57 462.36
6953042700220_camera1-23.jpg 60 1282.33 1107.93 914.17 860.02 736.32 495.82
6953042700220_camera1-20.jpg 60 1292.68 1105.29 935.41 904.32 714.55 401.94
6953042700220_camera1-21.jpg 60 1300.3 1102.2 947.76 894.46 705.08 415.49
6953042700220_camera1-22.jpg 60 1294.0 1105.3 919.65 864.92 748.7 480.75
6953042700220_camera1-24.jpg 60 1267.74 1111.86 896.01 820.26 743.45 583.2
6953042700220_camera1-28.jpg 60 1229.4 1115.69 931.54 805.81 595.72 619.77
6953042700220_camera1-25.jpg 60 1258.32 1114.01 891.06 808.87 734.53 610.28
6953042700220_camera1-26.jpg 60 1251.97 1110.55 896.01 799.24 711.92 622.61
6953042700220_camera1-27.jpg 60 1225.61 1106.78 895.47 787.17 660.28 639.23
6953042700220_camera1-31.jpg 60 1251.96 1113.17 1037.86 822.89 428.21 580.57
6953042700220_camera1-2.jpg 60 1240.93 1157.38 868.19 922.45 745.49 469.85
6953042700220_camera1-29.jpg 60 1227.28 1112.28 962.87 806.32 528.81 611.91
6953042700220_camera1-30.jpg 60 1221.76 1107.92 1003.71 815.01 436.09 585.83
6953042700220_camera1-32.jpg 60 1248.03 1124.99 985.32 812.38 525.41 625.23
6953042700220_camera1-34.jpg 60 1230.87 1134.41 911.25 816.11 639.23 636.6
6953042700220_camera1-37.jpg 60 1217.82 1140.76 830.33 849.16 774.97 583.2
6953042700220_camera1-33.jpg 60 1245.43 1128.64 951.89 811.36 587.09 634.57
6953042700220_camera1-35.jpg 60 1228.33 1138.12 869.74 817.63 717.18 640.99
6953042700220_camera1-36.jpg 60 1220.44 1136.82 846.09 830.77 748.7 612.1
6953042700220_camera1-39.jpg 60 1203.38 1140.67 830.64 897.66 745.49 486.03
6953042700220_camera1-38.jpg 60 1208.62 1135.5 827.7 875.43 761.84 520.15
6953042700220_camera1-3.jpg 60 1239.53 1162.56 863.04 907.25 752.97 510.62
6953042700220_camera1-40.jpg 60 1202.06 1142.07 838.21 930.59 727.69 422.95
6953042700220_camera1-7.jpg 60 1239.32 1179.01 898.29 853.09 682.05 651.84
6953042700220_camera1-4.jpg 60 1240.14 1169.65 853.97 875.43 772.35 588.45
6953042700220_camera1-9.jpg 60 1253.7 1172.71 990.56 851.65 526.29 642.12
6953042700220_camera1-6.jpg 60 1238.84 1177.53 869.74 846.53 738.19 662.01
6953042700220_camera1-5.jpg 60 1239.29 1177.14 855.58 866.52 767.42 621.24
6953042700220_camera1-8.jpg 60 1244.0 1176.13 941.82 849.13 604.35 654.0
6953042700220_camera2-10.jpg 60 1300.57 846.53 980.07 636.37 640.99 420.32
6953042700220_camera2-13.jpg 60 1293.63 832.28 957.85 570.49 671.57 523.57
6953042700220_camera2-15.jpg 60 1276.92 829.45 935.41 510.27 683.03 638.37
6953042700220_camera2-11.jpg 60 1294.93 839.57 984.12 661.04 621.62 357.06
6953042700220_camera2-17.jpg 60 1265.81 828.38 960.41 483.82 610.8 689.11
6953042700220_camera2-16.jpg 60 1267.73 826.83 948.55 484.0 638.37 685.65
6953042700220_camera2-12.jpg 60 1293.99 835.87 965.61 614.79 656.77 442.16
6953042700220_camera2-14.jpg 60 1287.43 828.14 940.66 528.66 693.54 598.96
6953042700220_camera2-1.jpg 60 1291.38 893.89 1115.62 586.78 351.51 614.22
6953042700220_camera2-18.jpg 60 1258.03 825.75 983.91 487.96 548.23 675.58
6953042700220_camera2-19.jpg 60 1248.03 830.77 1008.97 497.14 478.12 667.26
6953042700220_camera2-23.jpg 60 1236.05 846.27 976.07 507.98 519.96 676.58
6953042700220_camera2-20.jpg 60 1244.41 830.63 1045.53 517.97 397.76 625.32
6953042700220_camera2-22.jpg 60 1237.53 842.6 993.21 505.02 488.63 675.15
6953042700220_camera2-21.jpg 60 1241.46 836.02 1032.61 512.9 417.7 646.25
6953042700220_camera2-24.jpg 60 1232.61 853.94 928.14 517.76 608.93 672.36
6953042700220_camera2-26.jpg 60 1227.01 860.98 890.75 531.29 672.52 659.38
6953042700220_camera2-25.jpg 60 1229.81 857.82 907.9 527.58 643.82 660.47
6953042700220_camera2-28.jpg 60 1236.13 871.36 898.1 587.25 676.06 568.21
6953042700220_camera2-27.jpg 60 1229.24 871.95 891.61 579.64 675.27 584.62
6953042700220_camera2-2.jpg 60 1297.13 893.93 1073.17 563.47 447.92 660.92
6953042700220_camera2-30.jpg 60 1227.01 885.93 909.14 686.28 635.74 399.31
6953042700220_camera2-29.jpg 60 1226.53 877.04 892.59 635.6 667.87 482.87
6953042700220_camera2-31.jpg 60 1236.12 885.83 913.88 700.37 644.49 370.91
6953042700220_camera2-35.jpg 60 1254.6 903.01 917.02 578.57 675.15 648.88
6953042700220_camera2-32.jpg 60 1241.01 885.44 905.05 648.69 671.93 473.5
6953042700220_camera2-37.jpg 60 1265.1 905.63 961.68 552.3 606.84 706.67
6953042700220_camera2-36.jpg 60 1260.7 899.7 939.71 564.84 641.97 669.72
6953042700220_camera2-33.jpg 60 1247.32 893.59 902.32 625.1 690.0 536.97
6953042700220_camera2-39.jpg 60 1276.92 897.75 1029.98 560.18 493.88 675.15
6953042700220_camera2-34.jpg 60 1255.51 900.93 914.48 604.15 682.05 593.56
6953042700220_camera2-38.jpg 60 1272.99 899.07 1006.34 549.68 533.29 698.79
6953042700220_camera2-5.jpg 60 1305.77 877.39 994.96 542.53 621.62 669.72
6953042700220_camera2-3.jpg 60 1298.7 889.23 1041.85 547.81 513.7 682.84
6953042700220_camera2-4.jpg 60 1303.2 883.31 1006.34 536.54 593.71 693.54
6953042700220_camera2-40.jpg 60 1283.93 899.86 1082.12 580.41 403.62 638.89
6953042700220_camera2-6.jpg 60 1309.77 875.42 974.82 544.42 669.89 662.01
6953042700220_camera2-7.jpg 60 1304.52 871.35 955.97 550.42 697.1 641.86
6953042700220_camera3-10.jpg 60 1437.8 1425.49 1195.04 1231.29 485.51 388.41
6953042700220_camera3-11.jpg 60 1446.37 1429.73 1156.08 1224.82 580.57 409.82
6953042700220_camera2-9.jpg 60 1299.26 856.88 950.71 603.03 697.1 507.7
6953042700220_camera3-14.jpg 60 1446.37 1423.16 1058.88 1219.57 774.97 407.19
6953042700220_camera3-13.jpg 60 1448.58 1425.86 1083.66 1222.26 729.83 407.2
6953042700220_camera2-8.jpg 60 1307.13 855.73 961.68 573.32 690.91 564.81
6953042700220_camera3-12.jpg 60 1446.57 1422.46 1111.17 1213.33 670.8 418.26
6953042700220_camera3-15.jpg 60 1438.48 1417.9 1037.86 1222.19 801.24 391.43
6953042700220_camera3-16.jpg 60 1420.27 1407.99 1016.47 1226.48 807.59 363.02
6953042700220_camera3-17.jpg 60 1415.51 1404.45 1014.13 1232.62 802.77 343.66
6953042700220_camera3-18.jpg 60 1404.33 1395.58 1011.59 1235.33 785.48 320.5
6953042700220_camera3-21.jpg 60 1411.06 1386.94 1008.58 1226.48 804.96 320.93
6953042700220_camera3-1.jpg 60 1359.67 1416.6 961.68 1256.35 795.99 320.5
6953042700220_camera3-19.jpg 60 1417.64 1394.84 1027.0 1250.16 781.28 289.36
6953042700220_camera3-22.jpg 60 1397.55 1393.45 996.61 1224.31 801.87 338.29
6953042700220_camera3-23.jpg 60 1391.2 1394.26 987.95 1219.57 806.5 349.39
6953042700220_camera3-20.jpg 60 1428.16 1381.69 1040.15 1247.53 776.02 268.32
6953042700220_camera3-24.jpg 60 1367.66 1393.52 982.28 1208.07 770.76 370.91
6953042700220_camera3-25.jpg 60 1355.15 1398.8 992.54 1211.02 725.22 375.56
6953042700220_camera3-29.jpg 60 1330.78 1398.2 1095.66 1209.06 470.24 378.29
6953042700220_camera3-27.jpg 60 1338.72 1392.2 1034.89 1192.28 607.66 399.85
6953042700220_camera3-26.jpg 60 1346.55 1398.21 993.21 1203.81 706.67 388.8
6953042700220_camera3-28.jpg 60 1328.15 1400.84 1048.37 1203.81 559.56 394.05
6953042700220_camera3-2.jpg 60 1360.7 1427.15 951.94 1251.74 817.53 350.82
6953042700220_camera3-30.jpg 60 1374.23 1394.84 1134.85 1202.81 478.77 384.06
6953042700220_camera3-31.jpg 60 1370.18 1402.14 1093.03 1206.43 554.3 391.43
6953042700220_camera3-34.jpg 60 1349.24 1405.37 961.23 1197.55 776.02 415.63
6953042700220_camera3-33.jpg 60 1364.92 1410.03 1011.59 1206.43 706.67 407.19
6953042700220_camera3-32.jpg 60 1368.97 1400.11 1050.67 1200.18 636.6 399.85
6953042700220_camera3-38.jpg 60 1313.22 1407.54 926.56 1253.06 773.32 308.96
6953042700220_camera3-35.jpg 60 1343.99 1404.05 940.19 1205.44 807.59 397.22
6953042700220_camera3-36.jpg 60 1330.95 1413.13 930.41 1229.98 801.08 366.31
6953042700220_camera3-4.jpg 60 1349.25 1426.4 942.82 1226.48 812.85 399.85
6953042700220_camera3-37.jpg 60 1323.76 1406.42 919.69 1231.01 808.14 350.82
6953042700220_camera3-5.jpg 60 1352.18 1433.9 967.63 1234.1 769.1 399.61
6953042700220_camera3-39.jpg 60 1322.89 1408.72 927.53 1256.35 790.73 304.74
6953042700220_camera3-7.jpg 60 1355.82 1436.93 1021.73 1221.22 668.17 431.42
6953042700220_camera3-40.jpg 60 1347.85 1411.34 951.17 1266.85 793.36 288.97
6953042700220_camera3-3.jpg 60 1351.87 1426.4 927.03 1237.0 849.68 378.8
6953042700220_camera3-6.jpg 60 1352.99 1437.14 994.08 1232.71 717.82 408.86
6953042700220_camera3-8.jpg 60 1358.45 1432.98 1066.45 1226.48 583.99 413.0
6953042700220_camera3-9.jpg 60 1367.56 1432.36 1124.56 1227.45 486.0 409.82
