6953042700206-back_camera0-11.jpg 61 1370.18 1257.65 1127.18 1135.5 486.0 244.31
6953042700206-back_camera0-10.jpg 61 1371.39 1256.7 1082.78 1143.85 577.22 225.71
6953042700206-back_camera0-14.jpg 61 1447.68 1256.35 1121.93 1132.88 651.5 246.94
6953042700206-back_camera0-16.jpg 61 1441.31 1252.79 1053.3 1123.89 776.02 257.8
6953042700206-back_camera0-17.jpg 61 1436.55 1257.33 1040.64 1143.55 791.82 227.56
6953042700206-back_camera0-13.jpg 61 1446.37 1252.4 1166.59 1135.5 559.56 233.81
6953042700206-back_camera0-15.jpg 61 1446.37 1257.67 1085.15 1132.88 722.43 249.57
6953042700206-back_camera0-19.jpg 61 1420.68 1250.9 1016.44 1143.6 808.48 214.61
6953042700206-back_camera0-12.jpg 61 1427.98 1256.35 1187.61 1138.13 480.75 236.43
6953042700206-back_camera0-18.jpg 61 1421.59 1255.41 1000.69 1131.78 841.79 247.27
6953042700206-back_camera0-1.jpg 61 1372.88 1243.24 990.85 1147.04 764.07 192.41
6953042700206-back_camera0-20.jpg 61 1416.15 1245.84 1014.22 1138.13 803.87 215.42
6953042700206-back_camera0-22.jpg 61 1445.26 1246.21 1042.78 1137.04 804.96 218.34
6953042700206-back_camera0-21.jpg 61 1416.67 1243.46 1033.71 1141.97 765.92 202.98
6953042700206-back_camera0-23.jpg 61 1448.99 1236.65 1051.0 1138.13 795.99 197.03
6953042700206-back_camera0-25.jpg 61 1412.38 1240.95 1000.69 1131.78 823.37 218.34
6953042700206-back_camera0-29.jpg 61 1384.06 1251.01 1065.32 1141.59 637.48 218.84
6953042700206-back_camera0-26.jpg 61 1413.53 1247.15 1008.97 1140.76 809.12 212.79
6953042700206-back_camera0-28.jpg 61 1396.6 1248.84 1037.52 1126.52 718.15 244.64
6953042700206-back_camera0-27.jpg 61 1404.34 1248.46 1019.48 1135.5 769.72 225.92
6953042700206-back_camera0-2.jpg 61 1393.9 1241.96 1010.94 1150.78 765.92 182.36
6953042700206-back_camera0-24.jpg 61 1434.61 1243.46 1035.92 1145.4 797.37 196.11
6953042700206-back_camera0-31.jpg 61 1380.69 1248.47 1140.32 1132.88 480.75 231.18
6953042700206-back_camera0-32.jpg 61 1425.53 1242.27 1182.2 1116.0 486.66 252.54
6953042700206-back_camera0-30.jpg 61 1368.97 1247.53 1074.35 1129.15 589.25 236.75
6953042700206-back_camera0-33.jpg 61 1433.01 1248.17 1161.05 1140.87 543.92 214.61
6953042700206-back_camera0-35.jpg 61 1426.67 1248.46 1072.02 1130.25 709.3 236.43
6953042700206-back_camera0-34.jpg 61 1432.1 1251.62 1116.53 1141.41 631.13 220.42
6953042700206-back_camera0-37.jpg 61 1393.96 1238.33 987.54 1110.74 812.85 255.17
6953042700206-back_camera0-38.jpg 61 1396.6 1244.89 984.91 1126.52 823.37 236.75
6953042700206-back_camera0-36.jpg 61 1417.46 1252.4 1037.86 1135.5 759.21 233.81
6953042700206-back_camera0-3.jpg 61 1408.04 1238.78 1020.45 1146.27 775.17 185.01
6953042700206-back_camera0-39.jpg 61 1380.81 1243.58 963.86 1131.78 833.89 223.6
6953042700206-back_camera0-40.jpg 61 1372.81 1248.47 972.19 1140.76 801.24 215.42
6953042700206-back_camera0-6.jpg 61 1384.22 1251.05 984.61 1146.39 799.22 209.32
6953042700206-back_camera0-8.jpg 61 1370.28 1256.73 998.06 1137.04 744.45 239.38
6953042700206-back_camera0-5.jpg 61 1389.88 1248.46 977.44 1146.01 824.89 204.91
6953042700206-back_camera0-9.jpg 61 1368.68 1254.88 1040.42 1141.5 656.51 226.76
6953042700206-back_camera0-7.jpg 61 1372.91 1251.47 969.12 1131.78 807.59 239.38
6953042700206-back_camera0-4.jpg 61 1403.03 1244.53 993.21 1146.01 819.63 197.03
6953042700206-back_camera1-10.jpg 61 1236.65 1153.16 1010.02 849.75 453.26 606.82
6953042700206-back_camera1-12.jpg 61 1280.85 1154.14 1027.0 837.16 507.7 633.97
6953042700206-back_camera1-13.jpg 61 1287.43 1163.09 993.21 838.65 588.45 648.88
6953042700206-back_camera1-11.jpg 61 1272.99 1157.83 1058.88 862.29 428.21 591.08
6953042700206-back_camera1-16.jpg 61 1280.85 1152.83 900.73 834.53 760.24 636.6
6953042700206-back_camera1-15.jpg 61 1284.29 1155.62 932.47 840.5 703.64 630.25
6953042700206-back_camera1-14.jpg 61 1288.52 1162.37 959.63 833.48 657.78 657.78
6953042700206-back_camera1-17.jpg 61 1269.0 1152.83 879.68 855.57 778.65 594.51
6953042700206-back_camera1-18.jpg 61 1270.36 1140.76 888.12 864.92 764.47 551.68
6953042700206-back_camera1-19.jpg 61 1269.18 1135.12 902.25 894.46 733.86 481.32
6953042700206-back_camera1-1.jpg 61 1240.07 1123.89 877.05 931.86 726.04 384.07
6953042700206-back_camera1-24.jpg 61 1272.99 1131.57 896.01 849.16 753.96 564.81
6953042700206-back_camera1-21.jpg 61 1286.39 1122.39 931.99 937.14 708.8 370.51
6953042700206-back_camera1-20.jpg 61 1262.71 1129.71 912.26 925.94 700.91 407.54
6953042700206-back_camera1-25.jpg 61 1267.7 1134.4 890.21 831.89 754.98 605.03
6953042700206-back_camera1-27.jpg 61 1255.9 1131.57 914.39 812.38 683.03 638.37
6953042700206-back_camera1-22.jpg 61 1288.61 1126.28 928.77 907.05 719.67 438.46
6953042700206-back_camera1-23.jpg 61 1282.18 1130.25 903.89 875.43 756.58 509.64
6953042700206-back_camera1-28.jpg 61 1251.19 1134.39 945.78 819.27 610.83 630.25
6953042700206-back_camera1-26.jpg 61 1261.12 1135.57 900.9 823.9 720.43 623.33
6953042700206-back_camera1-2.jpg 61 1254.6 1135.5 893.38 906.95 722.43 457.1
6953042700206-back_camera1-31.jpg 61 1278.21 1130.46 1058.56 831.89 439.31 597.14
6953042700206-back_camera1-30.jpg 61 1241.47 1129.67 1019.47 833.66 444.01 592.02
6953042700206-back_camera1-29.jpg 61 1238.83 1131.57 959.05 815.01 559.56 633.11
6953042700206-back_camera1-33.jpg 61 1272.95 1134.41 977.01 818.74 591.88 631.34
6953042700206-back_camera1-32.jpg 61 1276.86 1130.35 1028.8 825.2 496.12 610.29
6953042700206-back_camera1-35.jpg 61 1262.95 1135.75 908.47 814.17 708.95 643.17
6953042700206-back_camera1-34.jpg 61 1268.42 1133.68 943.21 813.29 650.43 640.78
6953042700206-back_camera1-36.jpg 61 1255.25 1131.72 888.94 830.43 732.62 602.59
6953042700206-back_camera1-38.jpg 61 1235.52 1126.95 859.96 860.54 751.12 532.82
6953042700206-back_camera1-4.jpg 61 1242.77 1147.32 853.97 864.92 777.6 564.81
6953042700206-back_camera1-40.jpg 61 1221.51 1122.65 865.77 914.58 711.48 416.15
6953042700206-back_camera1-39.jpg 61 1226.92 1125.2 842.86 879.24 768.13 491.92
6953042700206-back_camera1-37.jpg 61 1244.97 1132.65 869.41 844.97 751.12 575.37
6953042700206-back_camera1-3.jpg 61 1244.08 1138.13 861.85 883.31 764.46 509.64
6953042700206-back_camera1-5.jpg 61 1238.5 1145.76 865.71 849.75 745.57 592.02
6953042700206-back_camera1-7.jpg 61 1229.63 1157.84 880.24 830.77 698.79 654.13
6953042700206-back_camera1-9.jpg 61 1233.7 1159.51 955.97 832.44 555.46 654.13
6953042700206-back_camera1-8.jpg 61 1230.87 1155.45 913.88 824.0 633.97 662.91
6953042700206-back_camera1-6.jpg 61 1233.59 1155.2 869.74 838.65 727.69 633.11
6953042700206-back_camera2-11.jpg 61 1285.18 861.72 980.49 687.97 609.39 347.5
6953042700206-back_camera2-10.jpg 61 1282.18 867.54 956.43 652.13 651.5 430.83
6953042700206-back_camera2-15.jpg 61 1278.47 855.35 944.54 546.39 667.87 617.92
6953042700206-back_camera2-12.jpg 61 1284.81 863.6 956.43 638.99 656.76 449.22
6953042700206-back_camera2-13.jpg 61 1284.53 858.05 943.45 597.98 682.15 520.14
6953042700206-back_camera2-14.jpg 61 1276.89 855.58 932.29 563.58 689.21 583.99
6953042700206-back_camera2-18.jpg 61 1271.33 851.65 990.56 511.7 561.54 679.9
6953042700206-back_camera2-17.jpg 61 1271.66 847.85 959.05 505.02 625.23 685.65
6953042700206-back_camera2-16.jpg 61 1278.22 852.93 950.71 516.22 655.02 673.43
6953042700206-back_camera2-1.jpg 61 1262.35 880.07 1090.75 577.89 343.19 604.35
6953042700206-back_camera2-20.jpg 61 1269.04 853.1 1056.25 528.66 425.58 648.88
6953042700206-back_camera2-19.jpg 61 1272.62 851.39 1021.94 521.16 501.37 660.47
6953042700206-back_camera2-21.jpg 61 1266.41 850.47 1085.15 539.17 362.53 622.61
6953042700206-back_camera2-22.jpg 61 1269.01 852.94 1042.78 524.12 452.46 657.65
6953042700206-back_camera2-23.jpg 61 1262.53 845.35 1010.71 506.66 503.63 677.38
6953042700206-back_camera2-26.jpg 61 1254.6 859.66 922.28 526.03 664.64 667.26
6953042700206-back_camera2-24.jpg 61 1261.26 856.32 981.75 512.06 559.03 688.53
6953042700206-back_camera2-25.jpg 61 1261.11 852.02 948.66 513.99 624.9 676.06
6953042700206-back_camera2-27.jpg 61 1255.9 857.03 917.02 544.42 677.77 625.23
6953042700206-back_camera2-29.jpg 61 1251.19 859.2 920.06 607.39 662.27 503.63
6953042700206-back_camera2-2.jpg 61 1267.69 881.88 1048.04 550.42 439.31 662.91
6953042700206-back_camera2-28.jpg 61 1253.28 858.35 909.14 570.69 688.28 575.32
6953042700206-back_camera2-31.jpg 61 1253.35 862.08 950.09 687.25 606.51 349.66
6953042700206-back_camera2-30.jpg 61 1245.33 864.77 921.77 647.75 647.12 434.05
6953042700206-back_camera2-33.jpg 61 1251.71 867.3 910.29 607.32 682.84 519.96
6953042700206-back_camera2-35.jpg 61 1253.28 872.8 914.39 549.68 677.77 646.25
6953042700206-back_camera2-32.jpg 61 1250.6 862.14 921.77 631.97 657.65 460.35
6953042700206-back_camera2-34.jpg 61 1256.99 870.1 917.51 583.34 678.97 573.52
6953042700206-back_camera2-36.jpg 61 1253.28 876.74 922.28 544.42 662.01 664.64
6953042700206-back_camera2-37.jpg 61 1247.96 883.19 924.4 532.01 647.12 702.37
6953042700206-back_camera2-39.jpg 61 1258.69 881.24 1015.41 549.16 486.57 664.17
6953042700206-back_camera2-38.jpg 61 1254.85 878.26 969.81 538.41 570.08 679.71
6953042700206-back_camera2-40.jpg 61 1263.79 881.99 1053.63 554.93 420.32 654.13
6953042700206-back_camera2-3.jpg 61 1278.21 880.56 1019.1 534.64 518.22 691.84
6953042700206-back_camera2-5.jpg 61 1278.24 875.42 964.31 533.91 627.86 683.03
6953042700206-back_camera2-4.jpg 61 1272.08 881.4 982.34 532.15 579.48 698.5
6953042700206-back_camera2-9.jpg 61 1282.18 870.17 945.92 615.35 672.52 509.64
6953042700206-back_camera2-6.jpg 61 1281.76 877.04 953.38 554.2 656.77 645.67
6953042700206-back_camera3-13.jpg 61 1415.01 1430.35 1061.19 1221.22 707.63 418.26
6953042700206-back_camera2-7.jpg 61 1283.04 875.13 944.75 560.34 676.58 629.59
6953042700206-back_camera2-8.jpg 61 1282.17 874.11 940.66 586.45 683.03 575.32
6953042700206-back_camera3-10.jpg 61 1396.73 1423.26 1166.4 1238.26 460.66 370.01
6953042700206-back_camera3-15.jpg 61 1410.9 1424.47 1011.59 1224.82 798.62 399.31
6953042700206-back_camera3-12.jpg 61 1417.6 1426.51 1094.19 1221.87 646.82 409.29
6953042700206-back_camera3-14.jpg 61 1412.14 1425.91 1037.9 1226.89 748.48 398.03
6953042700206-back_camera3-11.jpg 61 1413.53 1427.11 1132.44 1227.45 562.18 399.31
6953042700206-back_camera3-16.jpg 61 1396.6 1413.25 990.17 1223.85 812.85 378.8
6953042700206-back_camera3-18.jpg 61 1383.88 1410.41 993.52 1253.16 780.72 314.51
6953042700206-back_camera3-17.jpg 61 1393.83 1413.97 987.95 1235.33 811.75 357.28
6953042700206-back_camera3-19.jpg 61 1379.49 1404.05 998.06 1252.79 762.87 302.52
6953042700206-back_camera3-20.jpg 61 1406.97 1399.52 1019.48 1258.97 774.97 281.09
6953042700206-back_camera3-1.jpg 61 1379.82 1405.78 998.44 1264.64 762.75 282.27
6953042700206-back_camera3-23.jpg 61 1396.45 1410.03 987.95 1227.45 817.01 365.16
6953042700206-back_camera3-22.jpg 61 1393.96 1402.72 979.65 1234.37 828.63 336.71
6953042700206-back_camera3-25.jpg 61 1369.34 1413.91 995.63 1223.36 747.42 381.11
6953042700206-back_camera3-24.jpg 61 1379.38 1410.02 982.7 1214.31 793.36 391.43
6953042700206-back_camera3-21.jpg 61 1416.48 1399.79 1030.35 1255.48 772.27 288.61
6953042700206-back_camera3-27.jpg 61 1351.88 1409.31 1027.0 1202.81 649.75 413.0
6953042700206-back_camera3-28.jpg 61 1351.8 1412.66 1064.14 1211.69 575.32 401.94
6953042700206-back_camera3-26.jpg 61 1359.93 1409.86 1011.2 1213.75 697.47 392.21
6953042700206-back_camera3-29.jpg 61 1350.45 1411.71 1114.25 1220.65 472.4 382.11
6953042700206-back_camera3-2.jpg 61 1372.81 1404.77 969.56 1240.58 806.5 328.38
6953042700206-back_camera3-30.jpg 61 1397.91 1401.42 1158.53 1208.07 478.77 386.7
6953042700206-back_camera3-31.jpg 61 1404.33 1407.4 1127.18 1211.69 554.3 391.43
6953042700206-back_camera3-32.jpg 61 1399.22 1413.26 1079.61 1210.7 639.23 405.11
6953042700206-back_camera3-33.jpg 61 1394.46 1415.07 1051.14 1219.23 686.64 391.68
6953042700206-back_camera3-34.jpg 61 1388.58 1412.66 1008.97 1211.69 759.21 401.94
6953042700206-back_camera3-36.jpg 61 1366.34 1410.62 958.6 1223.85 815.48 373.54
6953042700206-back_camera3-37.jpg 61 1356.55 1403.29 950.91 1226.32 811.27 353.95
6953042700206-back_camera3-35.jpg 61 1376.75 1412.65 980.07 1216.94 793.36 391.43
6953042700206-back_camera3-38.jpg 61 1346.55 1406.09 948.55 1243.21 795.99 325.75
6953042700206-back_camera3-39.jpg 61 1340.14 1399.07 961.81 1262.16 756.67 273.81
6953042700206-back_camera3-40.jpg 61 1365.24 1401.27 974.23 1264.23 782.03 274.08
6953042700206-back_camera3-4.jpg 61 1345.3 1419.83 940.19 1223.85 810.22 391.96
6953042700206-back_camera3-5.jpg 61 1347.85 1428.41 959.05 1224.82 777.6 407.19
6953042700206_camera0-10.jpg 61 1428.21 1071.61 1176.08 956.75 504.27 229.71
6953042700206-back_camera3-6.jpg 61 1338.71 1419.83 971.75 1213.33 733.93 413.0
6953042700206-back_camera3-3.jpg 61 1362.3 1412.65 956.43 1235.33 811.75 354.65
6953042700206-back_camera3-8.jpg 61 1343.07 1427.36 1055.25 1231.52 575.63 391.68
6953042700206-back_camera3-7.jpg 61 1341.29 1425.79 1008.97 1222.19 664.64 407.19
6953042700206-back_camera3-9.jpg 61 1341.35 1431.66 1092.76 1231.74 497.18 399.85
6953042700206_camera0-11.jpg 61 1458.74 1072.76 1224.01 961.15 469.46 223.22
6953042700206_camera0-13.jpg 61 1473.66 1069.83 1171.57 969.13 604.18 201.39
6953042700206_camera0-12.jpg 61 1480.52 1068.51 1200.74 956.86 559.56 223.3
6953042700206_camera0-16.jpg 61 1432.65 1069.22 1042.55 964.56 780.2 209.32
6953042700206_camera0-14.jpg 61 1457.1 1068.64 1105.91 955.53 702.37 226.23
6953042700206_camera0-15.jpg 61 1455.56 1072.45 1085.15 956.86 740.82 231.18
6953042700206_camera0-17.jpg 61 1421.9 1068.19 1018.1 954.91 807.61 226.57
6953042700206_camera0-19.jpg 61 1390.66 1061.12 1004.93 960.29 771.47 201.66
6953042700206_camera0-1.jpg 61 1470.01 1071.14 1074.64 962.12 790.74 218.04
6953042700206_camera0-18.jpg 61 1404.49 1060.75 1003.32 947.64 802.33 226.23
6953042700206_camera0-20.jpg 61 1391.2 1064.58 1006.34 964.75 769.72 199.65
6953042700206_camera0-22.jpg 61 1414.81 1067.84 1030.26 980.62 769.1 174.43
6953042700206_camera0-23.jpg 61 1404.48 1066.01 990.17 960.79 828.63 210.45
6953042700206_camera0-21.jpg 61 1409.59 1061.95 1022.1 964.75 774.97 194.4
6953042700206_camera0-25.jpg 61 1380.6 1074.28 985.61 965.12 789.98 218.31
6953042700206_camera0-24.jpg 61 1392.2 1069.16 981.87 965.8 820.66 206.73
6953042700206_camera0-27.jpg 61 1370.18 1079.02 1006.34 956.86 727.69 244.31
6953042700206_camera0-28.jpg 61 1366.15 1078.02 1040.54 958.69 651.22 238.66
6953042700206_camera0-26.jpg 61 1372.82 1075.09 982.7 954.24 780.23 241.69
6953042700206_camera0-29.jpg 61 1370.47 1077.62 1077.89 960.27 585.15 234.69
6953042700206_camera0-2.jpg 61 1487.09 1069.83 1087.78 967.37 798.62 204.91
6953042700206_camera0-31.jpg 61 1403.42 1078.76 1162.85 959.54 481.14 238.44
6953042700206_camera0-30.jpg 61 1370.29 1076.15 1109.43 958.81 521.72 234.69
6953042700206_camera0-32.jpg 61 1447.68 1076.39 1184.98 951.61 525.41 249.57
6953042700206_camera0-34.jpg 61 1458.45 1082.35 1116.19 962.09 684.52 240.51
6953042700206_camera0-39.jpg 61 1446.37 1076.39 1040.49 956.86 811.75 239.06
6953042700206_camera0-33.jpg 61 1454.16 1081.16 1148.9 963.82 610.52 234.69
6953042700206_camera0-37.jpg 61 1450.52 1081.8 1034.89 958.16 831.26 247.27
6953042700206_camera0-36.jpg 61 1460.55 1080.22 1067.28 956.53 786.54 247.38
6953042700206_camera0-35.jpg 61 1460.82 1079.02 1079.9 948.98 761.84 260.08
6953042700206_camera0-38.jpg 61 1452.93 1081.64 1035.24 956.86 835.39 249.57
6953042700206_camera0-3.jpg 61 1481.12 1069.12 1077.54 974.76 807.15 188.71
6953042700206_camera0-40.jpg 61 1442.43 1075.08 1045.75 956.86 793.36 236.43
6953042700206_camera0-5.jpg 61 1459.5 1071.14 1056.25 962.12 806.5 218.04
6953042700206_camera0-6.jpg 61 1451.43 1073.05 1066.88 967.59 769.1 210.91
6953042700206_camera0-4.jpg 61 1476.59 1069.83 1064.14 962.12 824.89 215.42
6953042700206_camera0-7.jpg 61 1443.7 1073.82 1085.71 964.66 715.97 218.31
6953042700206_camera0-8.jpg 61 1439.65 1075.83 1101.36 959.93 676.58 231.79
6953042700206_camera0-9.jpg 61 1433.22 1076.39 1135.06 956.86 596.33 239.06
6953042700206_camera1-12.jpg 61 1253.09 1150.68 1028.31 850.05 449.56 601.27
6953042700206_camera1-11.jpg 61 1216.88 1148.34 1011.53 858.14 410.71 580.39
6953042700206_camera1-10.jpg 61 1212.56 1143.38 959.05 828.14 507.02 630.49
6953042700206_camera1-13.jpg 61 1259.55 1160.45 982.34 840.96 554.42 638.99
6953042700206_camera1-14.jpg 61 1254.43 1163.53 947.94 843.01 612.99 641.05
6953042700206_camera1-16.jpg 61 1253.23 1163.35 887.58 837.16 731.3 652.38
6953042700206_camera1-15.jpg 61 1256.12 1162.71 920.34 842.65 671.57 640.12
6953042700206_camera1-17.jpg 61 1253.28 1162.18 872.7 855.22 761.15 613.93
6953042700206_camera1-19.jpg 61 1249.85 1154.09 876.14 897.85 747.42 512.47
6953042700206_camera1-1.jpg 61 1248.03 1101.35 898.63 917.46 698.79 367.78
6953042700206_camera1-20.jpg 61 1250.47 1150.43 887.86 930.28 725.22 440.31
6953042700206_camera1-18.jpg 61 1254.6 1165.71 867.11 875.43 774.97 580.57
6953042700206_camera1-21.jpg 61 1266.71 1147.71 906.94 959.77 719.54 375.88
6953042700206_camera1-24.jpg 61 1283.49 1151.26 898.63 880.68 769.72 541.17
6953042700206_camera1-22.jpg 61 1286.05 1146.83 927.67 935.92 716.77 421.81
6953042700206_camera1-23.jpg 61 1287.43 1152.58 906.51 901.7 761.84 501.76
6953042700206_camera1-26.jpg 61 1274.06 1153.98 909.6 845.02 728.92 617.92
6953042700206_camera1-27.jpg 61 1273.58 1153.01 924.59 829.6 697.98 646.82
6953042700206_camera1-28.jpg 61 1271.67 1152.58 948.55 822.89 646.25 659.38
6953042700206_camera1-25.jpg 61 1277.45 1157.07 901.89 866.76 751.12 580.61
6953042700206_camera1-29.jpg 61 1271.64 1146.24 982.28 824.0 578.73 644.49
6953042700206_camera1-2.jpg 61 1261.16 1109.23 906.51 899.07 709.3 420.32
6953042700206_camera1-30.jpg 61 1268.09 1145.91 1032.83 838.34 470.53 615.14
6953042700206_camera1-33.jpg 61 1307.14 1140.76 1027.36 822.89 559.56 635.74
6953042700206_camera1-31.jpg 61 1287.73 1135.57 1076.3 839.56 422.86 592.01
6953042700206_camera1-34.jpg 61 1297.95 1127.84 979.65 797.7 636.6 660.28
6953042700206_camera1-32.jpg 61 1304.51 1134.18 1066.76 825.51 475.49 617.35
6953042700206_camera1-35.jpg 61 1296.62 1131.74 959.64 820.13 673.95 623.21
6953042700206_camera1-36.jpg 61 1287.42 1122.58 927.03 805.59 720.78 633.97
6953042700206_camera1-37.jpg 61 1279.55 1117.12 901.26 820.26 756.58 593.71
6953042700206_camera1-40.jpg 61 1245.7 1105.66 887.71 891.06 715.97 429.21
6953042700206_camera1-4.jpg 61 1242.09 1120.41 863.53 858.64 757.12 523.54
6953042700206_camera1-38.jpg 61 1266.42 1117.11 885.5 836.02 761.84 562.18
6953042700206_camera1-39.jpg 61 1257.67 1109.78 887.66 864.65 740.02 490.27
6953042700206_camera1-6.jpg 61 1222.97 1125.2 853.38 816.11 739.19 618.19
6953042700206_camera1-3.jpg 61 1253.28 1110.55 882.87 875.43 740.82 470.24
6953042700206_camera1-5.jpg 61 1232.02 1125.05 860.16 844.76 743.72 560.57
6953042700206_camera1-7.jpg 61 1219.03 1131.78 863.9 813.48 710.26 636.6
6953042700206_camera1-9.jpg 61 1213.87 1147.32 914.39 825.51 598.96 643.62
6953042700206_camera1-8.jpg 61 1208.99 1139.27 882.88 817.82 652.23 642.9
6953042700206_camera2-10.jpg 61 1265.17 889.22 941.41 663.51 647.52 451.41
6953042700206_camera2-12.jpg 61 1271.66 891.18 951.17 683.65 640.99 415.07
6953042700206_camera2-11.jpg 61 1270.85 890.04 966.38 706.09 608.93 367.9
6953042700206_camera2-13.jpg 61 1280.86 883.31 951.17 644.25 659.38 478.12
6953042700206_camera2-14.jpg 61 1287.43 880.56 942.82 595.14 689.21 570.84
6953042700206_camera2-16.jpg 61 1287.16 878.67 955.08 559.54 664.17 638.27
6953042700206_camera2-15.jpg 61 1284.8 880.69 938.04 575.95 693.53 609.47
6953042700206_camera2-20.jpg 61 1291.37 868.72 1061.19 537.27 460.35 662.91
6953042700206_camera2-18.jpg 61 1290.56 870.46 1001.95 532.82 577.22 675.27
6953042700206_camera2-21.jpg 61 1291.37 858.36 1108.79 549.68 365.16 617.35
6953042700206_camera2-1.jpg 61 1234.65 869.63 1057.66 568.54 353.98 602.19
6953042700206_camera2-19.jpg 61 1288.74 866.1 1021.73 526.75 534.01 678.69
6953042700206_camera2-22.jpg 61 1294.0 853.1 1085.15 533.91 417.7 638.37
6953042700206_camera2-17.jpg 61 1289.96 876.72 972.81 545.3 634.31 662.85
6953042700206_camera2-25.jpg 61 1288.75 845.21 977.44 507.64 622.61 675.15
6953042700206_camera2-23.jpg 61 1295.32 854.26 1040.15 524.12 510.33 660.28
6953042700206_camera2-24.jpg 61 1289.3 845.83 1013.66 504.41 551.29 682.84
6953042700206_camera2-26.jpg 61 1284.49 842.35 963.37 516.47 642.23 651.75
6953042700206_camera2-28.jpg 61 1274.15 838.47 929.22 548.14 689.86 580.67
6953042700206_camera2-27.jpg 61 1279.54 838.48 945.45 521.49 668.17 633.97
6953042700206_camera2-2.jpg 61 1243.09 871.18 1047.25 559.57 391.68 623.21
6953042700206_camera2-29.jpg 61 1270.32 834.53 927.03 568.84 686.58 531.38
6953042700206_camera2-30.jpg 61 1263.42 837.47 938.74 621.01 649.37 432.91
6953042700206_camera2-32.jpg 61 1259.1 837.29 940.94 631.9 636.31 410.78
6953042700206_camera2-31.jpg 61 1263.19 836.65 960.31 658.25 605.76 356.8
6953042700206_camera2-33.jpg 61 1256.38 839.45 929.71 600.8 653.33 477.31
6953042700206_camera2-34.jpg 61 1250.15 841.8 907.16 566.16 685.98 551.29
6953042700206_camera2-36.jpg 61 1242.55 847.84 915.09 528.31 654.92 639.06
6953042700206_camera2-35.jpg 61 1246.93 847.29 910.22 548.5 673.42 597.57
6953042700206_camera2-39.jpg 61 1236.39 860.38 971.45 520.52 529.88 679.71
6953042700206_camera2-37.jpg 61 1234.81 850.31 919.14 510.96 631.34 678.69
6953042700206_camera2-38.jpg 61 1237.63 856.23 949.48 519.14 576.31 674.18
6953042700206_camera2-4.jpg 61 1248.53 882.43 981.19 547.57 534.67 669.72
6953042700206_camera2-3.jpg 61 1245.34 873.98 1003.32 537.27 484.03 673.43
6953042700206_camera2-40.jpg 61 1239.52 866.24 1013.56 529.43 451.92 673.62
6953042700206_camera2-6.jpg 61 1255.85 883.19 932.29 545.16 647.12 676.06
6953042700206_camera2-5.jpg 61 1251.55 885.1 952.61 546.23 597.88 677.74
6953042700206_camera2-7.jpg 61 1255.15 890.13 921.68 575.01 666.95 630.25
6953042700206_camera2-8.jpg 61 1261.11 890.9 915.77 591.25 690.67 599.31
6953042700206_camera3-12.jpg 61 1380.81 1422.46 1084.87 1223.85 591.88 397.22
6953042700206_camera2-9.jpg 61 1262.52 889.42 925.09 625.02 674.86 528.81
6953042700206_camera3-10.jpg 61 1337.4 1417.19 1098.02 1226.48 478.77 381.43
6953042700206_camera3-11.jpg 61 1376.28 1423.41 1133.92 1231.01 484.72 384.81
6953042700206_camera3-13.jpg 61 1386.03 1429.82 1049.3 1226.22 673.45 407.2
6953042700206_camera3-15.jpg 61 1380.93 1427.91 996.38 1231.28 769.1 393.27
6953042700206_camera3-14.jpg 61 1385.99 1429.63 1022.45 1229.83 727.07 399.61
6953042700206_camera3-17.jpg 61 1369.1 1426.43 963.93 1247.24 810.33 358.38
6953042700206_camera3-16.jpg 61 1375.11 1428.7 965.82 1231.37 818.58 394.67
6953042700206_camera3-19.jpg 61 1360.79 1413.96 977.83 1263.31 765.92 301.3
6953042700206_camera3-18.jpg 61 1367.32 1420.59 966.92 1253.29 800.81 334.6
6953042700206_camera3-21.jpg 61 1410.55 1414.03 1026.8 1271.31 767.51 285.44
6953042700206_camera3-1.jpg 61 1385.42 1395.57 1011.71 1258.66 747.42 273.81
6953042700206_camera3-20.jpg 61 1384.96 1413.08 999.62 1281.91 770.68 262.33
6953042700206_camera3-22.jpg 61 1408.18 1419.66 1009.36 1260.29 797.64 318.74
6953042700206_camera3-25.jpg 61 1386.37 1423.65 1001.03 1231.78 770.68 383.75
6953042700206_camera3-23.jpg 61 1403.61 1417.35 1001.62 1246.88 803.98 340.94
6953042700206_camera3-24.jpg 61 1396.3 1420.67 991.95 1232.49 808.7 376.36
6953042700206_camera3-27.jpg 61 1381.0 1422.18 1047.99 1223.3 666.02 397.76
6953042700206_camera3-26.jpg 61 1386.56 1421.07 1022.62 1224.43 727.87 393.27
6953042700206_camera3-29.jpg 61 1376.73 1413.81 1121.44 1214.91 510.57 397.8
6953042700206_camera3-28.jpg 61 1379.38 1417.9 1079.9 1214.31 598.96 407.19
6953042700206_camera3-30.jpg 61 1411.75 1410.64 1181.82 1230.65 459.87 359.97
6953042700206_camera3-31.jpg 61 1438.49 1412.65 1177.1 1222.19 522.78 380.92
6953042700206_camera3-2.jpg 61 1373.86 1397.92 986.27 1242.52 775.17 310.81
6953042700206_camera3-32.jpg 61 1435.86 1411.35 1129.81 1211.69 612.1 399.31
6953042700206_camera3-35.jpg 61 1412.37 1417.19 1021.73 1226.48 781.28 381.43
6953042700206_camera3-34.jpg 61 1421.5 1411.13 1060.74 1220.58 721.52 381.11
6953042700206_camera3-36.jpg 61 1404.07 1403.03 1005.51 1217.74 797.11 370.57
6953042700206_camera3-33.jpg 61 1433.76 1413.05 1093.9 1209.45 679.71 407.2
6953042700206_camera3-37.jpg 61 1386.6 1402.33 985.14 1223.8 802.91 357.06
6953042700206_camera3-39.jpg 61 1355.36 1392.43 984.42 1249.05 741.87 286.76
6953042700206_camera3-38.jpg 61 1369.43 1398.58 973.13 1231.95 792.61 333.26
6953042700206_camera3-3.jpg 61 1360.09 1402.96 963.25 1238.31 793.68 329.31
6953042700206_camera3-40.jpg 61 1371.32 1388.6 989.82 1247.76 762.99 281.68
6953042700206_camera3-5.jpg 61 1334.45 1412.27 948.71 1218.94 771.47 386.66
6953042700206_camera3-4.jpg 61 1347.86 1408.72 945.92 1227.45 803.87 362.53
6953042700206_camera3-6.jpg 61 1326.38 1418.79 959.14 1223.61 734.47 390.36
6953042700206_camera3-7.jpg 61 1321.29 1417.57 976.73 1218.67 689.11 397.8
6953042700206_camera3-9.jpg 61 1316.36 1417.2 1040.15 1218.59 552.42 397.22
6953042700206_camera3-8.jpg 61 1316.39 1418.01 1007.86 1214.41 617.06 407.2
