6901845042627-back_camera0-10.jpg 63 1384.34 1253.59 1106.18 1143.68 556.32 219.82
6901845042627-back_camera0-11.jpg 63 1385.94 1244.16 1147.39 1134.83 477.09 218.67
6901845042627-back_camera0-12.jpg 63 1445.86 1248.58 1205.24 1139.48 481.23 218.19
6901845042627-back_camera0-14.jpg 63 1451.2 1254.12 1117.46 1135.13 667.49 237.99
6901845042627-back_camera0-16.jpg 63 1437.18 1252.98 1053.87 1140.24 766.63 225.48
6901845042627-back_camera0-13.jpg 63 1447.39 1250.36 1166.71 1137.77 561.36 225.18
6901845042627-back_camera0-19.jpg 63 1405.34 1249.27 1001.27 1143.45 808.14 211.63
6901845042627-back_camera0-18.jpg 63 1412.86 1249.27 1003.13 1139.11 819.45 220.32
6901845042627-back_camera0-15.jpg 63 1440.64 1251.77 1078.21 1137.22 724.87 229.1
6901845042627-back_camera0-17.jpg 63 1429.3 1251.99 1029.68 1140.19 799.23 223.59
6901845042627-back_camera0-21.jpg 63 1399.22 1246.94 1015.84 1150.06 766.76 193.77
6901845042627-back_camera0-1.jpg 63 1394.5 1248.3 1007.0 1162.3 775.0 172.01
6901845042627-back_camera0-23.jpg 63 1421.09 1241.65 1030.73 1152.85 780.72 177.61
6901845042627-back_camera0-25.jpg 63 1396.8 1249.22 985.98 1146.69 821.64 205.06
6901845042627-back_camera0-22.jpg 63 1420.9 1242.64 1032.58 1149.53 776.65 186.23
6901845042627-back_camera0-20.jpg 63 1394.22 1254.1 1001.61 1153.05 785.22 202.1
6901845042627-back_camera0-26.jpg 63 1386.57 1250.39 991.2 1143.61 790.73 213.57
6901845042627-back_camera0-24.jpg 63 1409.63 1245.36 1006.85 1149.42 805.57 191.88
6901845042627-back_camera0-27.jpg 63 1370.68 1253.99 1002.21 1143.94 736.94 220.09
6901845042627-back_camera0-2.jpg 63 1422.07 1243.94 1030.55 1156.06 783.05 175.76
6901845042627-back_camera0-28.jpg 63 1368.26 1259.04 1008.21 1141.39 720.09 235.3
6901845042627-back_camera0-29.jpg 63 1365.03 1253.76 1044.67 1142.81 640.71 221.9
6901845042627-back_camera0-30.jpg 63 1364.8 1249.9 1086.5 1140.48 556.6 218.84
6901845042627-back_camera0-31.jpg 63 1373.11 1248.71 1142.47 1137.35 461.27 222.73
6901845042627-back_camera0-32.jpg 63 1430.39 1246.02 1189.87 1133.81 481.05 224.42
6901845042627-back_camera0-33.jpg 63 1433.15 1248.31 1146.15 1137.18 574.0 222.26
6901845042627-back_camera0-36.jpg 63 1419.13 1253.69 1033.84 1142.48 770.58 222.42
6901845042627-back_camera0-34.jpg 63 1430.58 1251.63 1106.29 1144.59 648.58 214.08
6901845042627-back_camera0-35.jpg 63 1424.46 1250.77 1057.25 1142.54 734.42 216.46
6901845042627-back_camera0-38.jpg 63 1402.26 1251.27 986.34 1142.29 831.83 217.96
6901845042627-back_camera0-3.jpg 63 1426.86 1240.74 1027.36 1158.01 799.01 165.46
6901845042627-back_camera0-37.jpg 63 1411.58 1254.66 1011.96 1147.28 799.23 214.76
6901845042627-back_camera0-40.jpg 63 1385.63 1249.55 996.89 1153.04 777.48 193.01
6901845042627-back_camera0-4.jpg 63 1418.35 1245.41 1006.82 1149.65 823.05 191.52
6901845042627-back_camera0-39.jpg 63 1395.11 1251.92 990.37 1148.78 809.48 206.28
6901845042627-back_camera0-5.jpg 63 1408.38 1253.21 997.98 1147.68 820.79 211.06
6901845042627-back_camera0-6.jpg 63 1394.11 1252.56 990.85 1149.62 806.52 205.89
6901845042627-back_camera0-7.jpg 63 1393.24 1257.29 1015.04 1153.42 756.41 207.74
6901845042627-back_camera0-9.jpg 63 1382.62 1259.08 1059.59 1149.74 646.06 218.67
6901845042627-back_camera1-10.jpg 63 1248.27 1139.63 1030.08 845.3 436.38 588.66
6901845042627-back_camera1-13.jpg 63 1286.24 1142.11 992.08 827.6 588.32 629.02
6901845042627-back_camera1-12.jpg 63 1286.27 1143.27 1025.6 833.31 521.35 619.93
6901845042627-back_camera0-8.jpg 63 1384.28 1253.28 1029.78 1141.46 709.01 223.64
6901845042627-back_camera1-11.jpg 63 1283.34 1139.08 1072.66 848.2 421.36 581.75
6901845042627-back_camera1-14.jpg 63 1287.37 1142.28 958.54 825.05 657.66 634.47
6901845042627-back_camera1-18.jpg 63 1259.55 1131.93 883.43 869.59 752.23 524.69
6901845042627-back_camera1-16.jpg 63 1274.01 1140.31 900.26 838.27 747.49 604.07
6901845042627-back_camera1-19.jpg 63 1251.34 1124.84 885.03 898.21 732.62 453.26
6901845042627-back_camera1-15.jpg 63 1281.99 1143.22 925.69 822.7 712.6 641.04
6901845042627-back_camera1-17.jpg 63 1259.21 1132.34 877.37 846.58 763.68 571.52
6901845042627-back_camera1-1.jpg 63 1267.19 1130.72 911.86 941.1 710.67 379.23
6901845042627-back_camera1-20.jpg 63 1250.13 1119.74 899.68 927.07 700.91 385.34
6901845042627-back_camera1-22.jpg 63 1264.74 1121.39 900.43 897.2 728.62 448.38
6901845042627-back_camera1-21.jpg 63 1269.69 1117.45 919.13 927.85 701.13 379.21
6901845042627-back_camera1-24.jpg 63 1254.12 1130.35 874.07 853.07 760.09 554.55
6901845042627-back_camera1-25.jpg 63 1243.53 1137.28 875.37 836.64 736.32 601.27
6901845042627-back_camera1-23.jpg 63 1258.24 1130.41 877.51 876.27 761.47 508.29
6901845042627-back_camera1-26.jpg 63 1239.18 1140.49 883.41 825.33 711.54 630.32
6901845042627-back_camera1-28.jpg 63 1232.02 1140.88 929.98 822.44 604.07 636.89
6901845042627-back_camera1-27.jpg 63 1232.94 1136.51 915.66 820.15 634.57 632.72
6901845042627-back_camera1-30.jpg 63 1231.99 1140.22 1012.31 835.24 439.36 609.96
6901845042627-back_camera1-2.jpg 63 1271.28 1136.13 902.81 906.81 736.94 458.64
6901845042627-back_camera1-29.jpg 63 1234.08 1140.26 965.38 829.84 537.39 620.83
6901845042627-back_camera1-32.jpg 63 1274.55 1145.93 1013.84 838.43 521.42 615.01
6901845042627-back_camera1-31.jpg 63 1270.81 1143.11 1056.28 851.55 429.05 583.11
6901845042627-back_camera1-35.jpg 63 1264.5 1151.15 911.14 832.02 706.72 638.27
6901845042627-back_camera1-33.jpg 63 1276.04 1149.47 974.62 832.88 602.83 633.18
6901845042627-back_camera1-34.jpg 63 1268.33 1144.77 937.01 825.05 662.63 639.44
6901845042627-back_camera1-36.jpg 63 1261.15 1148.77 886.8 846.73 748.71 604.07
6901845042627-back_camera1-37.jpg 63 1253.62 1144.02 872.25 860.96 762.75 566.12
6901845042627-back_camera1-39.jpg 63 1243.26 1141.56 873.1 904.98 740.32 473.16
6901845042627-back_camera1-6.jpg 63 1249.28 1147.25 888.97 833.33 720.61 627.84
6901845042627-back_camera1-7.jpg 63 1249.6 1151.88 918.44 830.89 662.32 641.97
6901845042627-back_camera1-40.jpg 63 1245.19 1132.0 888.9 938.22 712.59 387.55
6901845042627-back_camera1-5.jpg 63 1255.35 1149.74 883.31 853.07 744.08 593.33
6901845042627-back_camera1-4.jpg 63 1260.01 1143.8 878.89 863.32 762.24 560.96
6901845042627-back_camera1-3.jpg 63 1265.01 1141.81 881.04 882.7 767.95 518.22
6901845042627-back_camera1-38.jpg 63 1249.34 1141.13 870.08 883.05 758.52 516.17
6901845042627-back_camera1-8.jpg 63 1246.99 1149.45 947.47 831.7 599.03 635.5
6901845042627-back_camera1-9.jpg 63 1249.28 1146.78 985.17 831.56 528.21 630.45
6901845042627-back_camera2-10.jpg 63 1270.01 859.18 953.45 660.95 633.12 396.45
6901845042627-back_camera2-12.jpg 63 1266.81 856.65 939.7 632.75 654.22 447.81
6901845042627-back_camera2-11.jpg 63 1269.19 856.42 962.01 675.15 614.36 362.55
6901845042627-back_camera2-13.jpg 63 1265.71 858.09 927.72 596.89 675.98 522.39
6901845042627-back_camera2-14.jpg 63 1263.38 859.12 914.95 563.79 696.87 590.65
6901845042627-back_camera2-16.jpg 63 1255.91 860.13 929.38 532.67 653.07 654.92
6901845042627-back_camera2-18.jpg 63 1259.1 861.33 987.19 519.1 543.82 684.46
6901845042627-back_camera2-15.jpg 63 1262.28 867.35 922.9 544.16 678.76 646.37
6901845042627-back_camera2-17.jpg 63 1263.87 863.75 963.37 519.64 601.0 688.22
6901845042627-back_camera2-1.jpg 63 1275.28 864.97 1095.29 560.51 359.97 608.93
6901845042627-back_camera2-20.jpg 63 1259.72 863.28 1060.74 546.05 397.97 634.46
6901845042627-back_camera2-22.jpg 63 1262.8 870.58 1036.28 536.12 453.03 668.91
6901845042627-back_camera2-19.jpg 63 1259.35 859.22 1020.12 529.61 478.45 659.22
6901845042627-back_camera2-21.jpg 63 1263.79 863.62 1081.02 556.88 365.54 613.49
6901845042627-back_camera2-23.jpg 63 1266.42 870.3 1005.51 533.02 521.83 674.56
6901845042627-back_camera2-24.jpg 63 1265.0 869.88 970.48 522.25 589.04 695.26
6901845042627-back_camera2-25.jpg 63 1264.82 871.73 943.77 537.69 642.1 668.07
6901845042627-back_camera2-26.jpg 63 1262.63 871.1 928.69 549.92 667.88 642.36
6901845042627-back_camera2-27.jpg 63 1263.62 872.64 915.3 577.43 696.64 590.42
6901845042627-back_camera2-28.jpg 63 1261.14 867.58 916.16 594.1 689.96 546.95
6901845042627-back_camera2-30.jpg 63 1264.1 868.06 946.72 669.61 634.76 396.89
6901845042627-back_camera2-29.jpg 63 1262.96 873.12 928.55 635.15 668.83 475.95
6901845042627-back_camera2-32.jpg 63 1270.45 868.0 941.61 638.91 657.68 458.19
6901845042627-back_camera2-2.jpg 63 1276.6 868.12 1054.62 540.12 443.96 656.0
6901845042627-back_camera2-31.jpg 63 1269.76 866.89 963.26 682.72 613.01 368.35
6901845042627-back_camera2-38.jpg 63 1270.62 869.28 995.42 523.26 550.41 692.04
6901845042627-back_camera2-33.jpg 63 1270.6 868.74 932.01 605.17 677.17 527.15
6901845042627-back_camera2-35.jpg 63 1271.37 871.72 933.38 552.82 675.98 637.8
6901845042627-back_camera2-39.jpg 63 1270.52 867.94 1037.41 537.7 466.21 660.47
6901845042627-back_camera2-36.jpg 63 1272.12 870.5 950.73 536.61 642.79 667.79
6901845042627-back_camera2-3.jpg 63 1276.2 863.52 1020.1 528.13 512.2 670.78
6901845042627-back_camera2-34.jpg 63 1270.03 873.42 922.9 574.88 694.25 597.08
6901845042627-back_camera2-37.jpg 63 1269.54 870.1 970.75 533.39 597.57 673.42
6901845042627-back_camera2-40.jpg 63 1271.23 867.12 1074.85 550.42 392.76 633.41
6901845042627-back_camera2-7.jpg 63 1274.48 857.9 937.39 557.51 674.18 600.78
6901845042627-back_camera2-5.jpg 63 1276.57 858.99 961.2 523.12 630.73 671.74
6901845042627-back_camera2-4.jpg 63 1275.76 863.65 984.67 521.51 582.19 684.29
6901845042627-back_camera2-6.jpg 63 1273.81 858.87 942.98 537.6 661.65 642.53
6901845042627-back_camera2-8.jpg 63 1271.51 856.36 928.76 581.06 685.5 550.59
6901845042627-back_camera2-9.jpg 63 1270.16 860.5 933.79 618.68 672.75 483.65
6901845042627-back_camera3-10.jpg 63 1429.5 1331.05 1159.67 1143.0 539.65 376.09
6901845042627-back_camera3-11.jpg 63 1424.73 1334.66 1115.63 1142.97 618.2 383.39
6901845042627-back_camera3-12.jpg 63 1413.49 1336.63 1074.38 1145.2 678.21 382.86
6901845042627-back_camera3-17.jpg 63 1345.64 1331.78 964.33 1184.76 762.62 294.03
6901845042627-back_camera3-18.jpg 63 1339.18 1327.63 978.99 1193.07 720.39 269.13
6901845042627-back_camera3-13.jpg 63 1403.44 1335.71 1043.43 1143.5 720.02 384.43
6901845042627-back_camera3-15.jpg 63 1382.58 1337.99 997.24 1162.77 770.68 350.45
6901845042627-back_camera3-16.jpg 63 1365.19 1334.09 976.6 1168.96 777.18 330.25
6901845042627-back_camera3-14.jpg 63 1395.53 1337.76 1013.57 1152.46 763.92 370.6
6901845042627-back_camera3-19.jpg 63 1361.12 1329.84 990.65 1190.91 740.95 277.86
6901845042627-back_camera3-21.jpg 63 1360.32 1342.11 977.36 1175.61 765.92 333.01
6901845042627-back_camera3-23.jpg 63 1343.7 1360.48 952.51 1170.92 782.38 379.12
6901845042627-back_camera3-20.jpg 63 1368.98 1335.54 996.02 1186.04 745.93 299.0
6901845042627-back_camera3-1.jpg 63 1450.26 1339.87 1062.54 1174.95 775.44 329.84
6901845042627-back_camera3-22.jpg 63 1352.7 1351.14 952.69 1168.71 800.02 364.86
6901845042627-back_camera3-24.jpg 63 1335.89 1355.51 958.19 1156.72 755.4 397.58
6901845042627-back_camera3-25.jpg 63 1333.45 1359.5 974.62 1157.65 717.67 403.69
6901845042627-back_camera3-26.jpg 63 1330.97 1365.78 997.59 1161.59 666.75 408.39
6901845042627-back_camera3-30.jpg 63 1421.81 1364.37 1168.35 1169.19 506.92 390.36
6901845042627-back_camera3-31.jpg 63 1431.54 1369.18 1119.89 1165.98 623.3 406.41
6901845042627-back_camera3-27.jpg 63 1335.96 1365.28 1039.57 1162.13 592.78 406.3
6901845042627-back_camera3-28.jpg 63 1342.15 1364.36 1090.81 1173.27 502.69 382.17
6901845042627-back_camera3-29.jpg 63 1384.29 1362.67 1153.21 1176.7 462.15 371.95
6901845042627-back_camera3-2.jpg 63 1438.92 1342.94 1048.82 1171.68 780.2 342.52
6901845042627-back_camera3-32.jpg 63 1431.97 1371.82 1090.66 1168.69 682.62 406.25
6901845042627-back_camera3-33.jpg 63 1432.7 1369.26 1055.91 1171.14 753.57 396.23
6901845042627-back_camera3-34.jpg 63 1430.79 1365.9 1037.52 1171.24 786.54 389.33
6901845042627-back_camera3-35.jpg 63 1430.95 1364.48 1035.41 1185.06 791.07 358.84
6901845042627-back_camera3-39.jpg 63 1459.06 1337.62 1080.35 1197.36 757.42 280.53
6901845042627-back_camera3-37.jpg 63 1425.53 1347.48 1034.89 1192.28 781.28 310.41
6901845042627-back_camera3-3.jpg 63 1433.26 1342.11 1046.23 1161.36 774.06 361.5
6901845042627-back_camera3-36.jpg 63 1425.57 1356.48 1030.71 1188.39 789.71 336.18
6901845042627-back_camera3-40.jpg 63 1456.98 1340.8 1069.15 1190.05 775.66 301.51
6901845042627-back_camera3-4.jpg 63 1420.26 1335.64 1048.04 1144.93 744.45 381.43
6901845042627-back_camera3-38.jpg 63 1421.17 1343.22 1048.06 1207.3 746.22 271.85
6901845042627-back_camera3-7.jpg 63 1388.7 1334.33 1129.59 1147.56 518.22 373.54
6901845042627-back_camera3-6.jpg 63 1400.47 1335.26 1098.54 1145.76 603.86 379.0
6901845042627-back_camera3-8.jpg 63 1394.64 1330.83 1173.93 1150.81 441.43 360.04
6901845042627-back_camera3-9.jpg 63 1433.43 1329.07 1205.88 1144.93 455.09 368.28
6901845042627-back_camera3-5.jpg 63 1413.12 1339.8 1065.04 1147.92 696.15 383.75
6901845042627_camera0-10.jpg 63 1397.9 1067.33 1140.11 950.27 515.59 234.12
6901845042627_camera0-11.jpg 63 1430.15 1075.94 1198.43 969.23 463.45 213.42
6901845042627_camera0-12.jpg 63 1461.71 1075.7 1223.06 973.42 477.31 204.56
6901845042627_camera0-13.jpg 63 1461.58 1077.82 1172.49 973.41 578.17 208.82
6901845042627_camera0-21.jpg 63 1424.46 1065.67 1034.06 972.9 780.8 185.54
6901845042627_camera0-14.jpg 63 1461.25 1077.6 1135.32 971.78 651.87 211.63
6901845042627_camera0-15.jpg 63 1453.99 1080.78 1097.98 974.54 712.01 212.49
6901845042627_camera0-22.jpg 63 1448.89 1062.77 1061.25 972.48 775.28 180.57
6901845042627_camera0-17.jpg 63 1433.51 1078.63 1026.22 969.54 814.57 218.19
6901845042627_camera0-18.jpg 63 1417.08 1078.58 1008.29 966.72 817.57 223.71
6901845042627_camera0-19.jpg 63 1411.58 1073.98 1013.32 972.72 796.51 202.52
6901845042627_camera0-20.jpg 63 1404.48 1071.28 1013.84 973.95 781.28 194.66
6901845042627_camera0-16.jpg 63 1441.18 1080.73 1049.88 970.93 782.6 219.61
6901845042627_camera0-24.jpg 63 1427.32 1077.23 1017.0 974.19 820.63 206.07
6901845042627_camera0-23.jpg 63 1438.68 1067.33 1027.0 966.05 823.37 202.55
6901845042627_camera0-1.jpg 63 1444.6 1070.27 1061.13 974.41 766.94 191.73
6901845042627_camera0-26.jpg 63 1408.15 1081.74 1013.05 967.47 790.21 228.53
6901845042627_camera0-25.jpg 63 1418.95 1076.53 1008.58 966.05 820.74 220.97
6901845042627_camera0-28.jpg 63 1399.45 1082.12 1052.78 961.51 693.35 241.22
6901845042627_camera0-27.jpg 63 1404.49 1079.16 1032.26 958.16 744.45 242.01
6901845042627_camera0-29.jpg 63 1396.78 1081.77 1076.65 963.45 640.26 236.64
6901845042627_camera0-32.jpg 63 1466.47 1078.57 1220.03 956.76 492.88 243.62
6901845042627_camera0-2.jpg 63 1468.93 1067.34 1087.5 976.58 762.87 181.51
6901845042627_camera0-31.jpg 63 1406.0 1079.39 1169.63 965.62 472.74 227.54
6901845042627_camera0-30.jpg 63 1401.86 1080.48 1137.48 963.42 528.75 234.12
6901845042627_camera0-37.jpg 63 1459.37 1085.08 1056.64 971.22 805.46 227.71
6901845042627_camera0-38.jpg 63 1450.07 1081.21 1037.26 959.7 825.62 243.02
6901845042627_camera0-39.jpg 63 1440.61 1083.47 1031.43 979.11 818.35 208.73
6901845042627_camera0-36.jpg 63 1465.01 1084.0 1078.51 967.32 773.01 233.36
6901845042627_camera0-33.jpg 63 1464.99 1073.9 1171.68 955.53 586.62 236.75
6901845042627_camera0-35.jpg 63 1471.92 1085.33 1107.05 965.31 729.74 240.03
6901845042627_camera0-34.jpg 63 1472.08 1080.16 1147.39 959.23 649.38 241.86
6901845042627_camera0-3.jpg 63 1458.4 1056.81 1063.82 963.42 789.17 186.77
6901845042627_camera0-40.jpg 63 1428.54 1080.28 1031.73 972.0 793.61 216.55
6901845042627_camera0-5.jpg 63 1437.79 1074.15 1030.44 977.27 814.69 193.77
6901845042627_camera0-4.jpg 63 1453.15 1067.34 1042.78 971.32 820.74 192.03
6901845042627_camera0-6.jpg 63 1427.65 1077.04 1031.44 975.78 792.43 202.52
6901845042627_camera1-14.jpg 63 1272.7 1169.5 936.89 845.76 671.62 647.48
6901845042627_camera1-10.jpg 63 1221.91 1161.87 1001.57 863.39 440.68 596.95
6901845042627_camera0-8.jpg 63 1410.14 1079.58 1061.65 972.3 696.99 214.55
6901845042627_camera0-7.jpg 63 1416.76 1077.57 1039.37 972.43 754.78 210.27
6901845042627_camera0-9.jpg 63 1406.09 1079.8 1088.93 968.0 634.31 223.59
6901845042627_camera1-15.jpg 63 1276.2 1166.78 915.58 847.18 721.23 639.21
6901845042627_camera1-16.jpg 63 1274.15 1164.72 895.14 855.72 758.02 618.01
6901845042627_camera1-13.jpg 63 1273.34 1171.38 970.09 848.07 606.5 646.61
6901845042627_camera1-11.jpg 63 1267.25 1166.46 1049.78 869.47 434.95 593.98
6901845042627_camera1-18.jpg 63 1265.84 1155.54 887.31 888.0 757.06 535.07
6901845042627_camera1-12.jpg 63 1270.13 1170.78 1003.2 854.19 533.86 633.18
6901845042627_camera1-17.jpg 63 1273.95 1163.95 895.75 874.55 756.41 578.8
6901845042627_camera1-1.jpg 63 1244.13 1118.74 895.65 932.26 696.96 372.96
6901845042627_camera1-19.jpg 63 1270.33 1144.93 898.1 916.07 744.45 457.72
6901845042627_camera1-21.jpg 63 1294.97 1132.34 943.22 932.31 703.49 400.06
6901845042627_camera1-22.jpg 63 1295.7 1143.88 930.18 908.39 731.04 470.97
6901845042627_camera1-26.jpg 63 1269.62 1142.95 913.95 826.7 711.35 632.49
6901845042627_camera1-20.jpg 63 1283.71 1136.5 928.98 956.27 709.46 360.46
6901845042627_camera1-27.jpg 63 1258.48 1144.93 929.66 829.26 657.65 631.34
6901845042627_camera1-25.jpg 63 1275.82 1143.25 915.06 837.99 721.52 610.52
6901845042627_camera1-23.jpg 63 1289.16 1140.08 910.36 878.2 757.61 523.75
6901845042627_camera1-24.jpg 63 1283.03 1141.01 903.2 851.74 759.65 578.55
6901845042627_camera1-29.jpg 63 1260.16 1139.12 1006.34 824.6 507.65 629.04
6901845042627_camera1-2.jpg 63 1242.87 1126.47 882.11 906.84 721.52 439.26
6901845042627_camera1-32.jpg 63 1288.74 1125.2 1021.73 821.37 534.01 607.66
6901845042627_camera1-28.jpg 63 1261.12 1139.55 968.54 822.4 585.15 634.31
6901845042627_camera1-30.jpg 63 1260.57 1128.97 1051.69 836.74 417.76 584.45
6901845042627_camera1-31.jpg 63 1293.28 1129.47 1067.04 834.26 452.47 590.42
6901845042627_camera1-35.jpg 63 1269.24 1130.06 915.61 822.42 707.25 615.28
6901845042627_camera1-34.jpg 63 1282.73 1128.96 945.64 811.04 674.18 635.85
6901845042627_camera1-33.jpg 63 1282.87 1130.09 971.11 816.51 623.52 627.16
6901845042627_camera1-36.jpg 63 1257.82 1124.83 887.55 833.05 740.55 583.56
6901845042627_camera1-3.jpg 63 1234.65 1134.68 849.74 877.45 769.83 514.47
6901845042627_camera1-40.jpg 63 1227.74 1115.78 874.06 926.1 707.36 379.36
6901845042627_camera1-39.jpg 63 1226.45 1117.57 862.3 895.54 728.3 444.05
6901845042627_camera1-38.jpg 63 1229.97 1120.21 863.66 878.78 732.62 482.87
6901845042627_camera1-5.jpg 63 1221.68 1147.61 847.86 848.76 747.64 597.69
6901845042627_camera1-37.jpg 63 1244.3 1119.09 870.74 848.24 747.12 541.7
6901845042627_camera1-7.jpg 63 1214.96 1160.86 881.95 833.4 666.02 654.92
6901845042627_camera1-6.jpg 63 1217.55 1156.26 858.37 847.04 718.35 618.45
6901845042627_camera1-4.jpg 63 1227.71 1140.13 849.54 862.49 756.35 555.28
6901845042627_camera1-9.jpg 63 1217.9 1165.03 953.04 847.75 529.72 634.56
6901845042627_camera1-8.jpg 63 1214.61 1166.61 906.72 844.17 615.77 644.87
6901845042627_camera2-10.jpg 63 1283.69 878.82 969.71 679.81 627.96 398.03
6901845042627_camera2-13.jpg 63 1293.63 869.69 954.83 601.2 677.6 536.98
6901845042627_camera2-12.jpg 63 1294.26 873.92 966.0 642.4 656.51 463.04
6901845042627_camera2-11.jpg 63 1293.97 876.51 981.72 686.78 624.49 379.47
6901845042627_camera2-16.jpg 63 1288.28 861.62 969.54 533.36 637.48 656.51
6901845042627_camera2-14.jpg 63 1290.86 865.86 951.23 569.99 679.25 591.74
6901845042627_camera2-15.jpg 63 1287.4 858.63 952.48 537.73 669.85 641.8
6901845042627_camera2-18.jpg 63 1287.74 856.23 1016.7 516.74 542.07 678.97
6901845042627_camera2-17.jpg 63 1292.32 857.39 989.2 516.49 606.24 681.81
6901845042627_camera2-19.jpg 63 1282.3 852.2 1053.15 527.12 458.29 650.16
6901845042627_camera2-23.jpg 63 1276.58 843.68 1008.32 506.05 536.52 675.27
6901845042627_camera2-1.jpg 63 1256.16 887.05 1073.85 580.76 364.63 612.58
6901845042627_camera2-21.jpg 63 1282.49 843.28 1095.63 537.09 373.71 612.37
6901845042627_camera2-22.jpg 63 1278.02 842.56 1048.31 516.47 459.43 652.17
6901845042627_camera2-20.jpg 63 1274.62 846.9 1097.92 543.8 353.4 606.21
6901845042627_camera2-24.jpg 63 1271.6 839.25 971.56 500.15 600.08 678.21
6901845042627_camera2-25.jpg 63 1264.73 840.45 942.03 513.79 645.41 653.33
6901845042627_camera2-30.jpg 63 1247.86 850.74 936.29 656.23 623.13 389.01
6901845042627_camera2-26.jpg 63 1260.87 838.89 931.16 518.88 659.41 640.02
6901845042627_camera2-28.jpg 63 1254.31 841.85 919.26 574.08 670.1 535.54
6901845042627_camera2-27.jpg 63 1259.45 842.12 919.44 544.53 680.02 595.17
6901845042627_camera2-29.jpg 63 1250.27 846.67 924.13 616.15 652.28 461.05
6901845042627_camera2-31.jpg 63 1248.19 858.7 936.98 655.92 622.43 405.57
6901845042627_camera2-2.jpg 63 1259.61 889.61 1032.84 566.11 453.53 646.99
6901845042627_camera2-32.jpg 63 1246.08 853.89 918.95 618.45 654.25 470.89
6901845042627_camera2-34.jpg 63 1239.91 861.95 900.68 561.16 678.46 601.58
6901845042627_camera2-35.jpg 63 1245.67 869.36 905.29 548.28 680.77 642.15
6901845042627_camera2-36.jpg 63 1243.08 874.1 923.55 541.09 639.06 666.02
6901845042627_camera2-37.jpg 63 1241.85 872.74 945.91 531.68 591.87 682.12
6901845042627_camera2-33.jpg 63 1243.1 856.66 903.69 582.72 678.81 547.89
6901845042627_camera2-3.jpg 63 1264.56 891.38 1005.29 552.02 518.54 678.71
6901845042627_camera2-38.jpg 63 1245.75 880.97 995.65 548.64 500.2 664.66
6901845042627_camera2-39.jpg 63 1247.33 882.12 1013.99 554.23 466.68 655.78
6901845042627_camera2-40.jpg 63 1250.6 883.36 1061.51 573.42 378.17 619.87
6901845042627_camera2-7.jpg 63 1279.49 890.54 939.35 590.83 680.29 599.42
6901845042627_camera2-6.jpg 63 1274.84 890.32 942.36 569.27 664.95 642.1
6901845042627_camera2-5.jpg 63 1272.72 889.53 956.36 557.44 632.72 664.17
6901845042627_camera2-4.jpg 63 1266.84 892.13 973.46 552.25 586.76 679.76
6901845042627_camera3-10.jpg 63 1425.35 1352.7 1139.28 1157.55 572.14 390.31
6901845042627_camera2-8.jpg 63 1280.49 884.29 941.26 613.11 678.46 542.35
6901845042627_camera3-11.jpg 63 1420.03 1351.79 1096.72 1156.11 646.61 391.37
6901845042627_camera2-9.jpg 63 1283.48 887.13 955.97 645.12 655.02 484.03
6901845042627_camera3-16.jpg 63 1375.8 1343.34 986.18 1183.86 779.24 318.97
6901845042627_camera3-15.jpg 63 1383.82 1343.0 992.93 1170.94 781.78 344.11
6901845042627_camera3-12.jpg 63 1419.08 1352.67 1062.91 1158.02 712.33 389.3
6901845042627_camera3-13.jpg 63 1404.15 1350.73 1030.86 1162.49 746.58 376.48
6901845042627_camera3-14.jpg 63 1396.12 1345.77 1011.46 1164.99 769.32 361.55
6901845042627_camera3-18.jpg 63 1379.35 1333.71 1000.55 1206.43 757.6 254.55
6901845042627_camera3-19.jpg 63 1398.85 1335.27 1022.3 1189.84 753.1 290.87
6901845042627_camera3-17.jpg 63 1367.99 1339.25 986.69 1189.67 762.6 299.15
6901845042627_camera3-1.jpg 63 1423.19 1339.51 1032.3 1174.59 781.78 329.84
6901845042627_camera3-21.jpg 63 1384.45 1349.31 986.36 1174.66 796.18 349.3
6901845042627_camera3-20.jpg 63 1388.7 1335.65 1005.95 1176.5 765.5 318.3
6901845042627_camera3-26.jpg 63 1358.23 1361.72 1067.24 1165.09 581.98 393.27
6901845042627_camera3-24.jpg 63 1363.31 1360.64 1004.33 1161.51 717.95 398.26
6901845042627_camera3-22.jpg 63 1377.92 1354.15 983.37 1171.72 789.11 364.86
6901845042627_camera3-23.jpg 63 1373.15 1360.05 995.74 1167.38 754.82 385.34
6901845042627_camera3-25.jpg 63 1360.53 1362.1 1027.8 1163.3 665.47 397.59
6901845042627_camera3-27.jpg 63 1362.99 1360.11 1112.44 1169.02 501.1 382.17
6901845042627_camera3-28.jpg 63 1391.8 1353.78 1164.24 1171.55 455.11 364.46
6901845042627_camera3-30.jpg 63 1436.84 1362.11 1136.33 1166.24 601.03 391.73
6901845042627_camera3-2.jpg 63 1413.21 1347.95 1022.32 1171.13 781.78 353.63
6901845042627_camera3-29.jpg 63 1427.06 1360.45 1176.39 1169.49 501.34 381.92
6901845042627_camera3-31.jpg 63 1432.52 1360.79 1105.06 1160.98 654.92 399.61
6901845042627_camera3-32.jpg 63 1434.71 1361.83 1074.41 1166.73 720.59 390.2
6901845042627_camera3-33.jpg 63 1428.05 1360.25 1048.83 1169.28 758.45 381.94
6901845042627_camera3-35.jpg 63 1413.17 1356.22 1018.92 1182.91 788.5 346.61
6901845042627_camera3-34.jpg 63 1419.08 1356.82 1029.66 1177.4 778.84 358.84
6901845042627_camera3-37.jpg 63 1399.15 1340.89 1029.34 1203.01 739.62 275.77
6901845042627_camera3-38.jpg 63 1417.61 1337.95 1047.33 1212.67 740.55 250.55
6901845042627_camera3-3.jpg 63 1395.18 1341.81 999.27 1152.7 791.82 378.21
6901845042627_camera3-39.jpg 63 1436.88 1337.57 1062.12 1193.32 749.52 288.49
6901845042627_camera3-40.jpg 63 1423.33 1344.56 1039.44 1185.53 767.77 318.06
6901845042627_camera3-36.jpg 63 1401.42 1350.88 1005.51 1193.96 791.82 313.83
6901845042627_camera3-4.jpg 63 1391.26 1348.46 1023.97 1159.88 734.57 377.15
6901845042627_camera3-8.jpg 63 1384.02 1346.93 1164.39 1167.74 439.26 358.38
6901845042627_camera3-7.jpg 63 1372.86 1348.11 1098.3 1161.44 549.11 373.34
6901845042627_camera3-6.jpg 63 1377.21 1349.53 1065.61 1155.27 623.21 388.51
6901845042627_camera3-5.jpg 63 1382.53 1350.58 1040.07 1157.84 684.93 385.48
6901845042627_camera3-9.jpg 63 1422.09 1342.24 1196.77 1153.54 450.63 377.4
