6917878035284-back_camera0-10.jpg 64 1407.47 1088.44 1066.22 997.33 682.51 182.22
6917878035284-back_camera0-11.jpg 64 1418.37 1084.17 1100.31 999.9 636.12 168.54
6917878035284-back_camera0-13.jpg 64 1459.52 1082.58 1091.36 993.73 736.33 177.69
6917878035284-back_camera0-12.jpg 64 1467.32 1080.14 1136.0 992.34 662.63 175.6
6917878035284-back_camera0-14.jpg 64 1447.35 1082.17 1046.22 987.75 802.26 188.85
6917878035284-back_camera0-18.jpg 64 1387.47 1089.12 944.11 991.51 886.72 195.21
6917878035284-back_camera0-15.jpg 64 1435.28 1082.88 1009.31 984.91 851.95 195.95
6917878035284-back_camera0-17.jpg 64 1404.76 1089.27 956.26 988.86 896.99 200.82
6917878035284-back_camera0-23.jpg 64 1406.21 1090.44 988.8 1003.42 834.82 174.04
6917878035284-back_camera0-25.jpg 64 1396.22 1094.93 942.46 997.09 907.52 195.68
6917878035284-back_camera0-16.jpg 64 1420.57 1083.8 978.17 985.21 884.81 197.17
6917878035284-back_camera0-20.jpg 64 1354.25 1092.32 945.31 1004.69 817.88 175.26
6917878035284-back_camera0-19.jpg 64 1369.97 1090.93 938.49 996.74 862.96 188.39
6917878035284-back_camera0-1.jpg 64 1494.33 1084.23 1084.75 995.0 819.15 178.47
6917878035284-back_camera0-21.jpg 64 1377.97 1091.1 968.43 1003.47 819.09 175.26
6917878035284-back_camera0-26.jpg 64 1388.94 1097.59 934.28 994.29 909.32 206.6
6917878035284-back_camera0-29.jpg 64 1381.65 1100.22 989.07 998.13 785.17 204.19
6917878035284-back_camera0-27.jpg 64 1384.88 1097.09 938.31 992.01 893.13 210.15
6917878035284-back_camera0-24.jpg 64 1401.14 1091.29 960.65 998.49 880.99 185.59
6917878035284-back_camera0-22.jpg 64 1400.83 1087.17 1002.86 1005.39 795.93 163.56
6917878035284-back_camera0-28.jpg 64 1380.8 1098.33 956.95 996.09 847.69 204.47
6917878035284-back_camera0-2.jpg 64 1516.52 1080.68 1103.51 1000.29 826.02 160.78
6917878035284-back_camera0-31.jpg 64 1430.92 1100.23 1098.66 1001.04 664.52 198.38
6917878035284-back_camera0-36.jpg 64 1479.85 1093.95 1024.06 988.2 911.57 211.49
6917878035284-back_camera0-34.jpg 64 1490.56 1092.32 1071.88 991.3 837.35 202.03
6917878035284-back_camera0-33.jpg 64 1491.09 1095.72 1107.11 1002.62 767.96 186.21
6917878035284-back_camera0-32.jpg 64 1483.61 1093.37 1143.89 999.17 679.43 188.39
6917878035284-back_camera0-39.jpg 64 1455.87 1088.57 1017.82 989.17 876.09 198.79
6917878035284-back_camera0-30.jpg 64 1389.12 1099.91 1042.51 1000.3 693.21 199.22
6917878035284-back_camera0-37.jpg 64 1472.32 1092.44 1010.88 988.63 922.88 207.62
6917878035284-back_camera0-3.jpg 64 1516.14 1089.81 1087.4 1005.34 857.48 168.93
6917878035284-back_camera0-35.jpg 64 1486.29 1094.23 1044.48 992.14 883.62 204.19
6917878035284-back_camera0-4.jpg 64 1510.12 1089.41 1073.22 1004.95 873.79 168.93
6917878035284-back_camera0-40.jpg 64 1464.87 1084.86 1053.65 992.69 822.44 184.34
6917878035284-back_camera0-38.jpg 64 1466.53 1088.57 1012.15 986.33 908.75 204.47
6917878035284-back_camera0-5.jpg 64 1485.43 1092.15 1040.58 1005.25 889.7 173.81
6917878035284-back_camera0-6.jpg 64 1474.0 1096.41 1035.94 1010.78 876.12 171.26
6917878035284-back_camera0-8.jpg 64 1431.39 1089.55 1022.69 994.09 817.4 190.91
6917878035284-back_camera1-12.jpg 64 1306.78 1138.97 1003.63 858.54 606.31 560.87
6917878035284-back_camera0-9.jpg 64 1410.57 1088.26 1042.88 992.09 735.37 192.33
6917878035284-back_camera1-10.jpg 64 1253.9 1170.48 948.08 878.93 611.65 583.11
6917878035284-back_camera0-7.jpg 64 1449.55 1091.78 1022.73 1000.32 853.64 182.92
6917878035284-back_camera1-16.jpg 64 1298.74 1141.41 911.93 821.69 773.62 639.44
6917878035284-back_camera1-19.jpg 64 1267.93 1126.28 902.47 852.94 730.93 546.68
6917878035284-back_camera1-17.jpg 64 1287.41 1139.74 902.75 829.84 769.32 619.81
6917878035284-back_camera1-11.jpg 64 1279.2 1154.22 987.88 878.45 582.64 551.53
6917878035284-back_camera1-14.jpg 64 1313.03 1138.54 956.23 823.2 713.59 630.68
6917878035284-back_camera1-13.jpg 64 1316.01 1141.82 982.33 838.66 667.36 606.31
6917878035284-back_camera1-15.jpg 64 1309.22 1139.68 932.86 817.09 752.72 645.19
6917878035284-back_camera1-18.jpg 64 1276.91 1131.3 895.08 831.29 763.66 600.02
6917878035284-back_camera1-20.jpg 64 1260.66 1121.18 917.02 871.48 687.29 499.41
6917878035284-back_camera1-1.jpg 64 1261.81 1154.49 903.76 931.87 716.09 445.25
6917878035284-back_camera1-22.jpg 64 1263.71 1127.37 904.31 907.36 718.81 440.01
6917878035284-back_camera1-21.jpg 64 1274.97 1118.02 942.34 902.59 665.26 430.85
6917878035284-back_camera1-24.jpg 64 1245.49 1134.82 842.78 864.69 805.43 540.26
6917878035284-back_camera1-27.jpg 64 1219.8 1145.38 821.71 853.35 796.18 584.06
6917878035284-back_camera1-23.jpg 64 1253.22 1132.43 871.96 883.01 762.53 498.84
6917878035284-back_camera1-28.jpg 64 1213.65 1144.37 835.83 850.69 755.64 587.36
6917878035284-back_camera1-25.jpg 64 1235.86 1140.22 828.12 857.11 815.48 566.21
6917878035284-back_camera1-29.jpg 64 1213.67 1146.4 867.68 872.02 691.99 548.77
6917878035284-back_camera1-30.jpg 64 1217.88 1149.18 906.76 890.39 622.24 517.59
6917878035284-back_camera1-33.jpg 64 1236.24 1160.74 910.7 854.24 651.07 613.01
6917878035284-back_camera1-31.jpg 64 1232.15 1145.23 958.61 884.37 547.09 521.72
6917878035284-back_camera1-26.jpg 64 1227.86 1142.91 821.3 852.42 813.12 580.98
6917878035284-back_camera1-2.jpg 64 1282.9 1178.53 907.87 924.01 750.07 509.03
6917878035284-back_camera1-32.jpg 64 1245.4 1154.7 953.17 869.94 584.47 569.52
6917878035284-back_camera1-35.jpg 64 1227.7 1169.88 846.48 841.38 762.45 656.99
6917878035284-back_camera1-34.jpg 64 1233.28 1164.69 878.53 843.6 709.5 642.18
6917878035284-back_camera1-37.jpg 64 1222.64 1166.63 825.41 849.48 794.47 634.31
6917878035284-back_camera1-36.jpg 64 1225.12 1167.56 831.98 839.47 786.29 656.18
6917878035284-back_camera1-7.jpg 64 1267.99 1191.8 870.42 862.19 795.15 659.22
6917878035284-back_camera1-38.jpg 64 1217.18 1161.94 825.34 864.14 783.69 595.61
6917878035284-back_camera1-40.jpg 64 1224.78 1151.26 871.24 903.24 707.07 496.04
6917878035284-back_camera2-10.jpg 64 1285.64 849.59 968.16 562.51 634.97 574.16
6917878035284-back_camera1-39.jpg 64 1218.35 1161.26 840.48 888.06 755.73 546.41
6917878035284-back_camera1-4.jpg 64 1287.24 1192.79 889.22 896.25 796.05 593.08
6917878035284-back_camera1-5.jpg 64 1284.83 1191.21 875.02 874.17 819.61 634.08
6917878035284-back_camera2-11.jpg 64 1278.85 854.65 983.51 613.49 590.68 482.33
6917878035284-back_camera2-12.jpg 64 1261.48 841.31 937.63 583.93 647.7 514.76
6917878035284-back_camera1-8.jpg 64 1260.69 1188.84 886.91 865.34 747.57 646.99
6917878035284-back_camera1-3.jpg 64 1288.32 1189.28 890.23 898.66 796.18 581.23
6917878035284-back_camera1-6.jpg 64 1274.2 1194.32 866.69 866.05 815.01 656.54
6917878035284-back_camera1-9.jpg 64 1254.07 1181.22 906.89 865.15 694.36 632.14
6917878035284-back_camera2-14.jpg 64 1249.29 834.89 889.45 522.23 719.67 625.32
6917878035284-back_camera2-13.jpg 64 1252.79 839.69 909.75 550.59 686.08 578.2
6917878035284-back_camera2-15.jpg 64 1249.35 836.02 882.11 503.94 734.47 664.17
6917878035284-back_camera2-18.jpg 64 1247.33 842.72 905.1 496.96 684.46 691.53
6917878035284-back_camera2-19.jpg 64 1250.39 851.07 938.0 521.23 624.79 659.68
6917878035284-back_camera2-16.jpg 64 1247.93 839.09 879.44 496.05 736.99 686.08
6917878035284-back_camera2-22.jpg 64 1242.83 876.73 986.13 555.66 513.39 642.15
6917878035284-back_camera2-23.jpg 64 1237.6 885.04 948.08 544.56 579.03 680.97
6917878035284-back_camera2-21.jpg 64 1245.92 866.77 998.44 571.2 494.96 591.13
6917878035284-back_camera2-17.jpg 64 1243.09 840.6 882.47 490.59 721.23 700.02
6917878035284-back_camera2-20.jpg 64 1246.82 854.66 965.02 545.34 563.59 618.64
6917878035284-back_camera2-1.jpg 64 1282.76 875.63 1041.6 574.55 482.33 602.17
6917878035284-back_camera2-25.jpg 64 1238.24 886.36 898.84 521.5 678.81 729.72
6917878035284-back_camera2-28.jpg 64 1244.5 892.21 893.79 555.64 701.43 673.15
6917878035284-back_camera2-24.jpg 64 1235.87 891.18 917.42 530.19 636.89 721.97
6917878035284-back_camera2-30.jpg 64 1250.97 887.58 935.2 608.78 631.53 557.59
6917878035284-back_camera2-29.jpg 64 1244.3 888.18 908.53 574.84 671.53 626.68
6917878035284-back_camera2-27.jpg 64 1240.16 893.3 887.79 532.42 704.75 721.76
6917878035284-back_camera2-35.jpg 64 1290.47 904.23 922.07 565.54 736.79 677.39
6917878035284-back_camera2-26.jpg 64 1234.29 886.84 888.59 522.9 691.39 727.87
6917878035284-back_camera2-2.jpg 64 1297.64 857.88 1028.54 531.2 538.2 653.35
6917878035284-back_camera2-34.jpg 64 1288.98 906.11 931.91 587.32 714.15 637.58
6917878035284-back_camera2-33.jpg 64 1285.76 901.53 937.63 605.38 696.25 592.31
6917878035284-back_camera2-40.jpg 64 1286.93 887.58 1002.68 566.96 568.5 641.23
6917878035284-back_camera2-32.jpg 64 1279.94 896.38 952.38 630.86 655.12 531.04
6917878035284-back_camera2-38.jpg 64 1285.28 895.47 944.34 546.6 681.88 697.74
6917878035284-back_camera2-3.jpg 64 1305.52 853.63 1006.72 506.96 597.59 693.35
6917878035284-back_camera2-31.jpg 64 1268.51 886.42 963.29 645.71 610.45 481.41
6917878035284-back_camera2-39.jpg 64 1284.51 892.41 970.56 556.65 627.9 671.53
6917878035284-back_camera2-37.jpg 64 1284.74 896.92 929.82 544.48 709.83 704.88
6917878035284-back_camera2-5.jpg 64 1303.51 853.45 971.3 487.93 664.43 731.04
6917878035284-back_camera2-36.jpg 64 1289.52 901.64 921.83 548.1 735.37 707.09
6917878035284-back_camera2-4.jpg 64 1306.01 850.14 995.2 498.1 621.62 704.08
6917878035284-back_camera3-10.jpg 64 1422.89 1347.62 1082.62 1182.94 680.54 329.36
6917878035284-back_camera2-9.jpg 64 1286.7 850.21 951.84 535.7 669.72 629.02
6917878035284-back_camera2-7.jpg 64 1298.57 847.14 941.49 487.23 714.16 719.82
6917878035284-back_camera3-13.jpg 64 1404.75 1365.9 975.8 1192.26 857.9 347.28
6917878035284-back_camera2-6.jpg 64 1302.48 850.72 955.2 484.41 694.56 732.62
6917878035284-back_camera3-12.jpg 64 1413.6 1356.14 1003.72 1176.92 819.76 358.45
6917878035284-back_camera2-8.jpg 64 1294.92 853.45 948.96 518.59 691.92 669.72
6917878035284-back_camera3-11.jpg 64 1418.22 1350.47 1037.61 1175.92 761.23 349.1
6917878035284-back_camera3-14.jpg 64 1388.67 1359.58 946.03 1182.8 885.28 353.55
6917878035284-back_camera3-17.jpg 64 1365.11 1357.26 954.6 1210.49 821.02 293.53
6917878035284-back_camera3-18.jpg 64 1377.09 1355.99 982.23 1220.4 789.71 271.17
6917878035284-back_camera3-15.jpg 64 1384.51 1360.0 943.92 1191.66 881.19 336.67
6917878035284-back_camera3-23.jpg 64 1405.66 1398.36 959.84 1208.75 891.65 379.22
6917878035284-back_camera3-21.jpg 64 1423.77 1391.02 983.72 1215.8 880.1 350.45
6917878035284-back_camera3-19.jpg 64 1413.47 1373.66 1015.22 1229.58 796.51 288.16
6917878035284-back_camera3-16.jpg 64 1373.26 1359.24 943.13 1200.42 860.26 317.63
6917878035284-back_camera3-20.jpg 64 1427.48 1384.61 1010.69 1222.52 833.57 324.17
6917878035284-back_camera3-24.jpg 64 1391.85 1400.95 956.93 1206.7 869.84 388.51
6917878035284-back_camera3-25.jpg 64 1388.1 1401.78 973.68 1207.53 828.83 388.51
6917878035284-back_camera3-28.jpg 64 1384.51 1384.0 1077.49 1211.01 614.04 345.98
6917878035284-back_camera3-1.jpg 64 1408.79 1370.2 977.46 1203.7 862.66 333.01
6917878035284-back_camera3-26.jpg 64 1383.01 1399.04 997.11 1210.04 771.8 378.0
6917878035284-back_camera3-22.jpg 64 1415.9 1393.91 967.61 1203.71 896.59 380.41
6917878035284-back_camera3-30.jpg 64 1445.8 1374.96 1102.62 1196.43 686.37 357.06
6917878035284-back_camera3-2.jpg 64 1396.13 1372.3 957.68 1196.71 876.91 351.18
6917878035284-back_camera3-27.jpg 64 1379.59 1396.88 1032.58 1215.18 694.01 363.41
6917878035284-back_camera3-31.jpg 64 1445.03 1373.86 1063.65 1190.7 762.75 366.31
6917878035284-back_camera3-29.jpg 64 1441.39 1371.98 1135.4 1196.39 611.97 351.18
6917878035284-back_camera3-32.jpg 64 1438.15 1369.82 1027.44 1183.89 821.43 371.86
6917878035284-back_camera3-34.jpg 64 1412.7 1363.64 973.44 1186.04 878.51 355.21
6917878035284-back_camera3-36.jpg 64 1387.62 1359.45 965.81 1197.7 843.63 323.5
6917878035284-back_camera3-33.jpg 64 1426.48 1366.93 997.27 1183.78 858.43 366.31
6917878035284-back_camera3-40.jpg 64 1422.43 1365.54 1015.34 1218.74 814.18 293.59
6917878035284-back_camera3-37.jpg 64 1373.51 1357.12 969.14 1211.23 808.74 291.78
6917878035284-back_camera3-35.jpg 64 1398.98 1360.34 960.21 1188.96 877.54 342.75
6917878035284-back_camera3-4.jpg 64 1365.43 1380.2 939.99 1193.99 850.88 372.43
6917878035284-back_camera3-39.jpg 64 1421.74 1357.78 1028.25 1229.34 786.99 256.89
6917878035284-back_camera3-3.jpg 64 1381.59 1374.86 939.66 1194.55 883.86 360.62
6917878035284-back_camera3-38.jpg 64 1388.03 1354.24 991.65 1218.48 792.75 271.52
6917878035284-back_camera3-5.jpg 64 1352.63 1377.79 941.71 1190.51 821.84 374.56
6917878035284-back_camera3-7.jpg 64 1336.87 1370.74 988.21 1203.76 697.31 333.96
6917878035284-back_camera3-6.jpg 64 1343.62 1375.62 960.68 1195.28 765.88 360.68
6917878035284_camera0-12.jpg 64 1352.64 1269.1 1022.35 1175.99 660.58 186.21
6917878035284-back_camera3-8.jpg 64 1347.82 1361.6 1033.0 1198.18 629.63 326.84
6917878035284-back_camera3-9.jpg 64 1404.87 1348.49 1092.16 1194.26 625.41 308.46
6917878035284_camera0-10.jpg 64 1298.39 1268.61 931.48 1164.86 733.82 207.5
6917878035284_camera0-16.jpg 64 1394.86 1271.1 957.98 1175.16 873.76 191.88
6917878035284_camera0-11.jpg 64 1304.49 1269.72 966.07 1169.97 676.83 199.49
6917878035284_camera0-14.jpg 64 1401.45 1266.05 1023.58 1172.94 755.73 186.21
6917878035284_camera0-21.jpg 64 1393.47 1268.34 983.81 1174.83 819.32 187.02
6917878035284_camera0-13.jpg 64 1398.66 1264.95 1064.86 1172.98 667.61 183.95
6917878035284_camera0-18.jpg 64 1384.59 1271.39 933.44 1171.49 902.3 199.81
6917878035284_camera0-17.jpg 64 1387.95 1270.75 935.55 1171.89 904.81 197.71
6917878035284_camera0-15.jpg 64 1400.7 1265.63 988.85 1169.81 823.69 191.65
6917878035284_camera0-19.jpg 64 1377.85 1270.28 929.96 1170.88 895.78 198.79
6917878035284_camera0-20.jpg 64 1378.48 1271.73 949.67 1176.6 857.63 190.27
6917878035284_camera0-22.jpg 64 1442.09 1265.59 1027.73 1177.2 828.71 176.77
6917878035284_camera0-24.jpg 64 1492.75 1272.81 1074.11 1184.0 837.28 177.61
6917878035284_camera0-1.jpg 64 1368.55 1255.75 981.74 1166.3 773.62 178.91
6917878035284_camera0-26.jpg 64 1485.72 1272.71 1051.46 1175.11 868.53 195.21
6917878035284_camera0-30.jpg 64 1457.36 1269.91 1114.32 1170.52 686.08 198.79
6917878035284_camera0-23.jpg 64 1485.69 1270.01 1081.62 1183.6 808.14 172.82
6917878035284_camera0-31.jpg 64 1442.84 1267.85 1143.81 1173.38 598.06 188.93
6917878035284_camera0-27.jpg 64 1478.12 1271.79 1053.87 1169.97 848.51 203.64
6917878035284_camera0-29.jpg 64 1461.11 1270.95 1089.36 1171.05 743.5 199.81
6917878035284_camera0-25.jpg 64 1491.12 1271.37 1059.04 1176.56 864.17 189.61
6917878035284_camera0-2.jpg 64 1365.8 1251.19 1001.63 1169.11 728.33 164.16
6917878035284_camera0-32.jpg 64 1481.5 1266.17 1169.89 1173.4 623.21 185.53
6917878035284_camera0-34.jpg 64 1488.74 1253.9 1101.45 1163.6 774.57 180.61
6917878035284_camera0-33.jpg 64 1493.8 1262.34 1145.68 1173.0 696.24 178.67
6917878035284_camera0-28.jpg 64 1471.13 1273.92 1069.77 1175.48 802.72 196.89
6917878035284_camera0-35.jpg 64 1473.45 1252.59 1059.5 1156.22 827.9 192.73
6917878035284_camera0-36.jpg 64 1461.43 1257.71 1034.07 1168.9 854.73 177.61
6917878035284_camera0-39.jpg 64 1401.51 1253.95 976.26 1163.56 850.49 180.78
6917878035284_camera0-37.jpg 64 1439.63 1257.2 1002.08 1164.22 875.11 185.96
6917878035284_camera0-3.jpg 64 1381.81 1257.84 1015.5 1180.93 732.62 153.82
6917878035284_camera0-5.jpg 64 1351.4 1268.99 941.09 1170.2 820.63 197.58
6917878035284_camera0-40.jpg 64 1383.73 1251.67 982.37 1165.46 802.72 172.43
6917878035284_camera0-38.jpg 64 1420.18 1255.39 984.32 1160.32 871.71 190.14
6917878035284_camera0-4.jpg 64 1368.16 1261.42 974.36 1172.7 787.6 177.45
6917878035284_camera0-6.jpg 64 1336.5 1266.62 918.41 1170.93 836.18 191.38
6917878035284_camera0-9.jpg 64 1301.61 1269.0 907.88 1163.81 787.46 210.38
6917878035284_camera0-7.jpg 64 1316.87 1267.51 899.71 1165.69 834.31 203.64
6917878035284_camera1-10.jpg 64 1164.14 1164.56 855.04 870.61 618.2 587.9
6917878035284_camera1-12.jpg 64 1239.99 1171.28 938.9 903.28 602.18 536.01
6917878035284_camera1-13.jpg 64 1242.52 1182.53 899.48 894.65 686.08 575.77
6917878035284_camera1-16.jpg 64 1234.3 1198.55 825.04 887.51 818.51 622.07
6917878035284_camera0-8.jpg 64 1306.75 1269.17 897.3 1167.43 818.9 203.48
6917878035284_camera1-11.jpg 64 1203.91 1169.43 908.35 896.5 591.13 545.87
6917878035284_camera1-14.jpg 64 1240.51 1193.17 863.1 890.29 754.82 605.76
6917878035284_camera1-15.jpg 64 1238.18 1200.45 842.41 883.47 791.54 633.96
6917878035284_camera1-20.jpg 64 1250.04 1184.86 874.98 942.38 750.12 484.96
6917878035284_camera1-18.jpg 64 1234.95 1199.89 831.94 910.38 806.02 579.03
6917878035284_camera1-19.jpg 64 1235.47 1192.2 848.55 925.0 773.85 534.4
6917878035284_camera1-17.jpg 64 1233.62 1202.36 822.09 895.68 823.05 613.35
6917878035284_camera1-1.jpg 64 1218.42 1100.58 888.74 882.2 659.37 436.75
6917878035284_camera1-22.jpg 64 1324.92 1191.22 968.13 936.7 713.59 509.03
6917878035284_camera1-23.jpg 64 1329.7 1191.96 943.69 902.45 772.02 579.02
6917878035284_camera1-21.jpg 64 1282.22 1179.31 923.83 964.44 716.77 429.74
6917878035284_camera1-26.jpg 64 1330.96 1188.95 934.28 859.44 793.36 659.01
6917878035284_camera1-27.jpg 64 1324.75 1187.63 953.0 857.34 743.5 660.58
6917878035284_camera1-28.jpg 64 1320.94 1179.63 969.99 854.2 701.91 650.86
6917878035284_camera1-24.jpg 64 1331.47 1182.47 941.37 887.52 780.2 589.9
6917878035284_camera1-29.jpg 64 1311.72 1168.7 992.32 859.6 638.81 618.2
6917878035284_camera1-25.jpg 64 1330.46 1193.64 933.62 871.55 793.68 644.18
6917878035284_camera1-2.jpg 64 1225.92 1124.85 887.73 881.2 676.38 487.29
6917878035284_camera1-33.jpg 64 1319.69 1112.63 977.17 820.06 685.05 585.15
6917878035284_camera1-30.jpg 64 1306.57 1153.6 1022.46 866.6 568.21 574.0
6917878035284_camera1-36.jpg 64 1284.68 1101.67 887.11 799.24 795.15 604.86
6917878035284_camera1-35.jpg 64 1298.95 1104.41 905.1 796.83 787.7 615.17
6917878035284_camera1-34.jpg 64 1310.64 1108.07 937.0 803.91 747.29 608.32
6917878035284_camera1-32.jpg 64 1324.26 1118.74 1011.52 840.29 625.47 556.9
6917878035284_camera1-3.jpg 64 1215.67 1130.87 858.08 858.12 715.18 545.5
6917878035284_camera1-39.jpg 64 1247.08 1091.95 874.35 834.24 745.46 515.43
6917878035284_camera1-37.jpg 64 1267.88 1093.09 865.44 797.93 804.87 590.32
6917878035284_camera1-31.jpg 64 1321.96 1134.28 1047.59 867.48 548.74 533.59
6917878035284_camera1-5.jpg 64 1183.96 1149.62 796.32 835.82 775.28 627.61
6917878035284_camera1-38.jpg 64 1253.99 1091.11 857.62 812.92 792.75 556.38
6917878035284_camera1-6.jpg 64 1175.23 1153.85 787.41 827.71 775.65 652.28
6917878035284_camera1-9.jpg 64 1161.24 1168.09 819.04 852.86 684.4 630.45
6917878035284_camera1-40.jpg 64 1234.2 1092.85 889.3 858.95 689.81 467.8
6917878035284_camera1-4.jpg 64 1196.41 1142.13 815.8 845.15 761.23 593.96
6917878035284_camera1-8.jpg 64 1160.64 1158.44 798.27 841.48 724.75 633.92
6917878035284_camera2-13.jpg 64 1322.54 904.17 995.16 607.67 654.76 593.01
6917878035284_camera1-7.jpg 64 1165.91 1160.06 787.91 830.68 756.0 658.76
6917878035284_camera2-17.jpg 64 1341.37 886.57 1001.26 518.88 680.22 735.37
6917878035284_camera2-14.jpg 64 1330.21 905.39 985.17 580.23 690.08 650.32
6917878035284_camera2-19.jpg 64 1334.03 875.4 1038.4 537.03 591.25 676.75
6917878035284_camera2-11.jpg 64 1289.99 920.58 984.97 685.02 610.04 471.11
6917878035284_camera2-10.jpg 64 1270.91 931.71 945.78 660.06 650.26 543.3
6917878035284_camera2-16.jpg 64 1335.94 897.91 985.99 537.47 699.9 720.88
6917878035284_camera2-21.jpg 64 1316.36 850.3 1074.35 545.16 484.03 610.29
6917878035284_camera2-12.jpg 64 1313.86 906.72 1006.77 639.96 614.17 533.52
6917878035284_camera2-1.jpg 64 1216.3 889.13 979.23 586.25 474.14 605.76
6917878035284_camera2-15.jpg 64 1333.59 899.68 981.98 551.2 703.21 696.96
6917878035284_camera2-23.jpg 64 1306.23 813.59 997.79 478.93 616.89 669.32
6917878035284_camera2-20.jpg 64 1326.68 864.02 1061.24 546.08 530.89 635.88
6917878035284_camera2-18.jpg 64 1335.81 883.17 1014.59 529.22 642.44 707.9
6917878035284_camera2-24.jpg 64 1304.04 811.76 976.46 471.28 655.15 680.97
6917878035284_camera2-28.jpg 64 1278.6 798.82 922.48 477.34 712.24 642.96
6917878035284_camera2-22.jpg 64 1310.31 825.25 1044.58 518.74 531.46 613.01
6917878035284_camera2-25.jpg 64 1297.96 804.26 950.15 451.83 695.62 704.87
6917878035284_camera2-27.jpg 64 1287.12 799.88 924.92 460.77 724.4 678.21
6917878035284_camera2-35.jpg 64 1206.98 845.94 857.32 498.66 699.32 694.56
6917878035284_camera2-29.jpg 64 1272.7 800.54 934.93 506.38 675.54 588.32
6917878035284_camera2-32.jpg 64 1229.29 830.09 924.82 561.48 608.93 537.22
6917878035284_camera2-2.jpg 64 1229.02 909.81 964.59 607.46 528.85 604.69
6917878035284_camera2-26.jpg 64 1293.2 802.7 934.82 454.63 716.77 696.15
6917878035284_camera2-38.jpg 64 1196.67 859.62 878.46 503.48 636.42 712.27
6917878035284_camera2-40.jpg 64 1203.77 877.83 933.63 557.82 540.28 640.02
6917878035284_camera2-37.jpg 64 1198.06 853.45 861.88 491.1 672.36 724.69
6917878035284_camera2-33.jpg 64 1219.75 832.59 892.47 527.73 654.56 609.71
6917878035284_camera2-34.jpg 64 1214.55 839.06 872.29 507.9 684.52 662.32
6917878035284_camera2-30.jpg 64 1262.55 806.28 943.41 537.09 638.27 538.37
6917878035284_camera2-31.jpg 64 1245.97 817.84 948.3 583.55 595.34 468.58
6917878035284_camera2-36.jpg 64 1198.85 848.69 852.36 487.93 692.98 721.52
6917878035284_camera2-3.jpg 64 1236.12 919.26 936.41 597.35 599.42 643.82
6917878035284_camera2-4.jpg 64 1239.88 927.48 910.36 586.36 659.04 682.23
6917878035284_camera2-39.jpg 64 1198.53 868.04 901.99 530.27 593.08 675.54
6917878035284_camera2-5.jpg 64 1243.8 935.39 895.2 579.02 697.19 712.75
6917878035284_camera2-8.jpg 64 1257.3 939.42 901.67 616.99 711.26 644.86
6917878035284_camera2-6.jpg 64 1244.02 937.12 884.94 589.88 718.15 694.47
6917878035284_camera2-7.jpg 64 1255.86 943.69 892.84 597.77 726.04 691.84
6917878035284_camera3-16.jpg 64 1353.47 1445.56 907.87 1267.95 891.2 355.21
6917878035284_camera3-10.jpg 64 1319.44 1438.67 990.6 1266.72 657.68 343.91
6917878035284_camera3-12.jpg 64 1372.67 1430.31 999.22 1264.6 746.9 331.42
6917878035284_camera3-11.jpg 64 1371.24 1432.0 1037.2 1268.88 668.07 326.24
6917878035284_camera3-14.jpg 64 1365.04 1440.08 931.09 1257.65 867.9 364.86
6917878035284_camera3-13.jpg 64 1369.18 1435.76 960.86 1259.13 816.65 353.26
6917878035284_camera3-15.jpg 64 1363.26 1440.22 915.37 1260.82 895.78 358.8
6917878035284_camera3-1.jpg 64 1350.26 1413.78 986.67 1266.98 727.19 293.59
6917878035284_camera3-17.jpg 64 1348.45 1442.74 912.14 1270.12 872.62 345.24
6917878035284_camera3-24.jpg 64 1453.74 1449.22 1023.5 1258.95 860.47 380.54
6917878035284_camera3-20.jpg 64 1408.2 1437.63 1001.21 1297.37 813.98 280.53
6917878035284_camera3-19.jpg 64 1364.44 1439.41 961.66 1288.76 805.57 301.3
6917878035284_camera3-29.jpg 64 1413.68 1426.41 1108.54 1255.42 610.29 341.98
6917878035284_camera3-2.jpg 64 1338.72 1413.96 955.23 1250.79 766.99 326.35
6917878035284_camera3-22.jpg 64 1460.86 1444.63 1047.1 1275.52 827.51 338.22
6917878035284_camera3-27.jpg 64 1426.84 1450.09 1055.93 1252.79 741.82 394.59
6917878035284_camera2-9.jpg 64 1260.18 939.55 914.07 639.67 692.22 599.77
6917878035284_camera3-18.jpg 64 1352.81 1444.61 928.72 1277.29 848.17 334.63
6917878035284_camera3-23.jpg 64 1459.24 1451.23 1032.12 1270.53 854.24 361.41
6917878035284_camera3-26.jpg 64 1437.37 1446.14 1040.15 1252.79 794.44 386.7
6917878035284_camera3-30.jpg 64 1455.59 1420.03 1144.34 1254.83 622.5 330.4
6917878035284_camera3-28.jpg 64 1426.85 1439.56 1087.5 1250.16 678.69 378.8
6917878035284_camera3-21.jpg 64 1455.37 1444.12 1054.14 1291.39 802.45 305.46
6917878035284_camera3-31.jpg 64 1462.14 1410.35 1119.61 1248.57 685.07 323.55
6917878035284_camera3-25.jpg 64 1447.68 1451.56 1029.72 1255.83 835.92 391.46
6917878035284_camera3-33.jpg 64 1443.88 1409.0 1039.51 1230.94 808.74 356.12
6917878035284_camera3-38.jpg 64 1355.66 1395.46 955.65 1239.7 800.02 311.52
6917878035284_camera3-32.jpg 64 1453.47 1409.56 1079.68 1234.9 747.57 349.32
6917878035284_camera3-39.jpg 64 1338.32 1395.99 964.8 1254.68 747.03 282.61
6917878035284_camera3-36.jpg 64 1392.26 1399.23 966.15 1230.01 852.23 338.45
6917878035284_camera3-40.jpg 64 1342.8 1401.24 980.5 1262.98 724.6 276.51
6917878035284_camera3-35.jpg 64 1410.05 1402.77 976.7 1226.4 866.69 352.74
6917878035284_camera3-4.jpg 64 1318.85 1432.19 921.27 1244.76 795.16 374.86
6917878035284_camera3-3.jpg 64 1323.69 1428.94 920.56 1250.76 806.26 356.37
6917878035284_camera3-5.jpg 64 1288.74 1437.12 879.98 1245.78 817.52 382.67
6917878035284_camera3-34.jpg 64 1429.13 1402.77 1007.36 1228.62 843.54 348.31
6917878035284_camera3-37.jpg 64 1369.32 1397.66 947.18 1228.66 844.27 337.99
6917878035284_camera3-6.jpg 64 1273.0 1439.42 867.45 1240.9 811.1 397.04
6917878035284_camera3-7.jpg 64 1269.01 1439.4 881.08 1246.26 775.86 386.28
6917878035284_camera3-8.jpg 64 1270.27 1440.36 902.98 1249.44 734.57 381.83
6917878035284_camera3-9.jpg 64 1271.63 1442.12 940.32 1264.04 662.63 356.16
