8993175540629-back_camera0-12.jpg 65 1394.24 1254.87 1134.42 1140.13 519.63 229.48
8993175540629-back_camera0-11.jpg 65 1375.54 1252.79 1140.11 1144.93 470.87 215.71
8993175540629-back_camera0-10.jpg 65 1355.99 1254.88 1113.32 1148.05 485.34 213.66
8993175540629-back_camera0-13.jpg 65 1403.57 1253.32 1111.26 1145.09 584.62 216.46
8993175540629-back_camera0-14.jpg 65 1408.74 1252.24 1071.11 1145.41 675.26 213.66
8993175540629-back_camera0-16.jpg 65 1424.21 1248.84 1048.04 1131.78 752.35 234.12
8993175540629-back_camera0-1.jpg 65 1347.12 1235.88 1020.45 1151.84 653.33 168.09
8993175540629-back_camera0-18.jpg 65 1429.85 1249.6 1055.29 1142.77 749.11 213.66
8993175540629-back_camera0-19.jpg 65 1421.58 1254.1 1055.93 1142.3 731.3 223.6
8993175540629-back_camera0-17.jpg 65 1427.25 1258.09 1051.69 1156.34 751.12 203.51
8993175540629-back_camera0-15.jpg 65 1419.29 1249.6 1065.84 1140.13 706.91 218.93
8993175540629-back_camera0-20.jpg 65 1432.11 1252.78 1076.98 1142.3 710.26 220.97
8993175540629-back_camera0-21.jpg 65 1436.43 1254.87 1115.95 1150.68 640.97 208.38
8993175540629-back_camera0-22.jpg 65 1455.74 1248.37 1145.73 1158.77 620.03 179.19
8993175540629-back_camera0-23.jpg 65 1446.57 1243.58 1108.54 1131.78 676.06 223.6
8993175540629-back_camera0-24.jpg 65 1446.99 1239.05 1102.77 1132.22 688.45 213.66
8993175540629-back_camera0-25.jpg 65 1433.42 1251.47 1090.13 1137.04 686.58 228.86
8993175540629-back_camera0-26.jpg 65 1429.88 1243.43 1110.35 1146.7 639.06 193.46
8993175540629-back_camera0-27.jpg 65 1433.8 1239.05 1118.59 1121.67 630.42 234.76
8993175540629-back_camera0-28.jpg 65 1420.26 1235.69 1145.37 1123.89 549.79 223.6
8993175540629-back_camera0-29.jpg 65 1412.69 1233.77 1166.07 1124.31 493.25 218.93
8993175540629-back_camera0-2.jpg 65 1370.11 1241.09 1048.2 1155.06 643.82 172.06
8993175540629-back_camera0-31.jpg 65 1454.47 1233.06 1213.77 1129.15 481.4 207.82
8993175540629-back_camera0-32.jpg 65 1465.45 1241.68 1200.36 1132.22 530.18 218.93
8993175540629-back_camera0-30.jpg 65 1431.16 1240.37 1203.0 1124.31 456.33 232.12
8993175540629-back_camera0-35.jpg 65 1428.16 1231.74 1069.09 1121.26 718.15 220.97
8993175540629-back_camera0-33.jpg 65 1458.71 1234.22 1172.48 1138.28 572.46 191.88
8993175540629-back_camera0-34.jpg 65 1441.71 1233.77 1118.59 1116.39 646.24 234.76
8993175540629-back_camera0-36.jpg 65 1413.69 1237.0 1048.04 1131.78 731.3 210.45
8993175540629-back_camera0-40.jpg 65 1336.2 1245.64 1005.17 1153.32 662.07 184.64
8993175540629-back_camera0-37.jpg 65 1394.57 1240.32 1037.51 1145.96 714.12 188.71
8993175540629-back_camera0-38.jpg 65 1375.78 1241.68 1010.45 1142.77 730.65 197.83
8993175540629-back_camera0-3.jpg 65 1381.2 1242.98 1060.09 1155.77 642.23 174.43
8993175540629-back_camera0-4.jpg 65 1370.29 1239.63 1032.26 1131.78 676.06 215.71
8993175540629-back_camera0-39.jpg 65 1349.39 1241.69 994.62 1148.05 709.55 187.28
8993175540629-back_camera0-5.jpg 65 1369.81 1245.76 1043.27 1152.33 653.07 186.86
8993175540629-back_camera0-6.jpg 65 1369.17 1252.23 1042.1 1150.68 654.15 203.1
8993175540629-back_camera0-7.jpg 65 1361.08 1247.53 1048.04 1139.67 626.08 215.71
8993175540629-back_camera1-10.jpg 65 1226.73 1174.42 1026.27 918.56 400.93 511.72
8993175540629-back_camera0-9.jpg 65 1353.06 1255.09 1085.86 1153.6 534.4 202.98
8993175540629-back_camera1-13.jpg 65 1259.8 1173.87 958.6 913.44 602.4 520.86
8993175540629-back_camera1-12.jpg 65 1243.88 1173.11 970.88 923.84 546.01 498.53
8993175540629-back_camera0-8.jpg 65 1356.13 1253.5 1065.94 1153.6 580.39 199.81
8993175540629-back_camera1-14.jpg 65 1261.03 1175.74 936.59 913.29 648.88 524.91
8993175540629-back_camera1-11.jpg 65 1242.7 1175.19 1005.95 929.23 473.5 491.92
8993175540629-back_camera1-17.jpg 65 1274.72 1164.05 931.54 935.57 686.37 456.96
8993175540629-back_camera1-15.jpg 65 1268.94 1165.19 926.04 908.01 685.81 514.36
8993175540629-back_camera1-16.jpg 65 1272.95 1165.98 924.4 916.07 697.1 499.81
8993175540629-back_camera1-18.jpg 65 1274.21 1159.91 931.31 947.58 685.81 424.67
8993175540629-back_camera1-21.jpg 65 1296.64 1148.04 1005.17 942.3 582.94 411.48
8993175540629-back_camera1-20.jpg 65 1286.11 1146.24 990.17 966.05 591.88 360.39
8993175540629-back_camera1-1.jpg 65 1220.14 1109.8 918.12 913.29 604.04 393.02
8993175540629-back_camera1-19.jpg 65 1279.53 1150.19 958.6 952.9 641.86 394.59
8993175540629-back_camera1-22.jpg 65 1301.91 1145.41 997.26 926.48 609.31 437.86
8993175540629-back_camera1-24.jpg 65 1290.05 1144.93 974.38 889.77 631.34 510.33
8993175540629-back_camera1-23.jpg 65 1291.37 1148.05 973.52 910.65 635.69 474.79
8993175540629-back_camera1-26.jpg 65 1280.28 1139.9 994.44 879.04 571.67 521.72
8993175540629-back_camera1-27.jpg 65 1282.13 1128.27 1010.45 868.45 543.37 519.63
8993175540629-back_camera1-25.jpg 65 1283.48 1147.57 982.28 884.51 602.4 526.12
8993175540629-back_camera1-29.jpg 65 1280.35 1110.12 1074.2 880.97 412.3 458.29
8993175540629-back_camera1-28.jpg 65 1275.54 1115.07 1044.74 863.17 461.6 503.8
8993175540629-back_camera1-2.jpg 65 1232.74 1124.63 939.51 904.48 586.47 440.31
8993175540629-back_camera1-31.jpg 65 1311.14 1107.16 1081.66 868.45 458.96 477.43
8993175540629-back_camera1-30.jpg 65 1311.06 1103.66 1103.86 878.88 414.41 449.56
8993175540629-back_camera1-36.jpg 65 1238.61 1103.2 897.02 860.53 683.17 485.34
8993175540629-back_camera1-37.jpg 65 1219.02 1104.15 882.31 876.61 673.43 455.09
8993175540629-back_camera1-32.jpg 65 1301.82 1102.23 1043.73 858.02 516.17 488.42
8993175540629-back_camera1-34.jpg 65 1274.22 1105.84 960.33 852.62 627.78 506.44
8993175540629-back_camera1-33.jpg 65 1297.95 1109.42 1011.21 852.94 573.47 512.96
8993175540629-back_camera1-35.jpg 65 1260.02 1103.88 934.48 859.9 651.07 487.96
8993175540629-back_camera1-38.jpg 65 1218.83 1101.89 891.75 892.19 654.15 419.4
8993175540629-back_camera1-39.jpg 65 1207.87 1098.68 898.91 918.3 617.92 360.76
8993175540629-back_camera1-3.jpg 65 1228.05 1128.26 923.4 894.82 609.31 466.88
8993175540629-back_camera1-40.jpg 65 1206.47 1100.95 912.19 933.77 588.55 334.37
8993175540629-back_camera1-5.jpg 65 1222.79 1154.63 915.49 873.72 614.59 561.83
8993175540629-back_camera1-7.jpg 65 1215.07 1164.01 941.26 883.72 547.62 560.57
8993175540629-back_camera1-4.jpg 65 1220.42 1142.66 915.16 885.77 610.52 513.79
8993175540629-back_camera1-6.jpg 65 1221.46 1161.24 926.04 879.0 590.85 564.47
8993175540629-back_camera1-8.jpg 65 1216.57 1175.36 968.4 897.85 496.34 555.02
8993175540629-back_camera2-13.jpg 65 1301.91 882.95 1018.36 620.5 567.11 524.91
8993175540629-back_camera1-9.jpg 65 1217.57 1177.81 994.77 913.78 445.6 528.06
8993175540629-back_camera2-11.jpg 65 1308.51 905.37 1044.74 699.63 527.54 411.48
8993175540629-back_camera2-12.jpg 65 1294.95 894.58 1030.92 666.23 528.06 456.7
8993175540629-back_camera2-16.jpg 65 1296.64 864.49 1028.91 554.56 535.46 619.86
8993175540629-back_camera2-18.jpg 65 1296.63 846.02 1068.47 541.37 456.33 609.31
8993175540629-back_camera2-17.jpg 65 1293.6 854.81 1044.63 552.72 497.93 604.18
8993175540629-back_camera2-19.jpg 65 1291.36 835.47 1092.21 549.28 398.3 572.39
8993175540629-back_camera2-21.jpg 65 1301.93 841.55 1100.77 586.69 402.33 509.71
8993175540629-back_camera2-1.jpg 65 1238.61 905.38 1028.91 644.24 419.4 522.27
8993175540629-back_camera2-20.jpg 65 1296.11 828.22 1120.09 571.32 352.04 513.79
8993175540629-back_camera2-25.jpg 65 1268.94 834.15 965.6 562.47 606.68 543.37
8993175540629-back_camera2-2.jpg 65 1251.8 900.11 1013.08 625.78 477.43 548.65
8993175540629-back_camera2-30.jpg 65 1230.69 832.84 965.6 646.88 530.18 371.92
8993175540629-back_camera2-32.jpg 65 1235.97 844.71 965.6 609.95 540.73 469.51
8993175540629-back_camera2-35.jpg 65 1234.65 869.76 955.05 565.11 559.2 609.31
8993175540629-back_camera2-33.jpg 65 1234.65 853.94 947.14 588.85 575.02 530.18
8993175540629-back_camera2-36.jpg 65 1235.97 876.36 962.97 559.83 546.01 633.05
8993175540629-back_camera2-34.jpg 65 1235.97 857.89 949.78 575.66 572.39 564.47
8993175540629-back_camera2-37.jpg 65 1241.24 884.27 981.43 573.02 519.63 622.5
8993175540629-back_camera2-39.jpg 65 1239.92 898.79 1039.46 615.23 400.93 567.11
8993175540629-back_camera2-4.jpg 65 1264.98 900.1 978.79 617.86 572.39 564.47
8993175540629-back_camera2-8.jpg 65 1290.05 885.59 986.71 652.15 606.68 466.88
8993175540629-back_camera3-10.jpg 65 1365.22 1425.01 1113.32 1250.92 503.8 348.18
8993175540629-back_camera3-11.jpg 65 1378.18 1427.72 1079.61 1252.79 597.14 349.87
8993175540629-back_camera3-14.jpg 65 1399.51 1431.6 1026.27 1258.83 746.47 345.54
8993175540629-back_camera3-12.jpg 65 1382.12 1432.98 1058.56 1252.79 647.12 360.39
8993175540629-back_camera3-13.jpg 65 1392.91 1436.88 1036.82 1258.83 712.18 356.09
8993175540629-back_camera3-15.jpg 65 1395.28 1425.09 1019.1 1260.68 752.35 328.82
8993175540629-back_camera3-16.jpg 65 1399.51 1426.33 1023.63 1264.11 751.75 324.44
8993175540629-back_camera3-17.jpg 65 1399.22 1425.09 1032.26 1268.57 733.93 313.04
8993175540629-back_camera3-19.jpg 65 1414.01 1409.18 1092.21 1272.02 643.6 274.32
8993175540629-back_camera3-20.jpg 65 1433.41 1410.62 1108.54 1268.57 649.75 284.1
8993175540629-back_camera3-18.jpg 65 1402.14 1425.01 1060.56 1269.38 683.17 311.25
8993175540629-back_camera3-21.jpg 65 1421.92 1410.5 1094.85 1258.83 654.15 303.34
8993175540629-back_camera3-22.jpg 65 1412.38 1411.94 1079.61 1252.79 665.54 318.3
8993175540629-back_camera3-23.jpg 65 1414.02 1411.82 1086.94 1250.92 654.15 321.8
8993175540629-back_camera3-24.jpg 65 1400.54 1406.68 1079.61 1242.27 641.86 328.82
8993175540629-back_camera3-25.jpg 65 1402.14 1396.0 1094.85 1227.18 614.59 337.63
8993175540629-back_camera3-26.jpg 65 1396.88 1392.03 1102.77 1232.45 588.21 319.16
8993175540629-back_camera3-27.jpg 65 1390.28 1389.39 1123.87 1221.9 532.82 334.99
8993175540629-back_camera3-28.jpg 65 1410.06 1394.67 1166.07 1243.0 487.98 303.34
8993175540629-back_camera3-29.jpg 65 1433.42 1393.52 1192.72 1237.0 481.4 313.04
8993175540629-back_camera3-30.jpg 65 1432.48 1390.72 1168.71 1229.82 527.54 321.8
8993175540629-back_camera3-31.jpg 65 1436.43 1392.03 1139.69 1224.54 593.49 334.99
8993175540629-back_camera3-2.jpg 65 1338.72 1401.41 995.43 1237.0 686.58 328.82
8993175540629-back_camera3-36.jpg 65 1346.76 1386.76 984.07 1243.0 725.37 287.51
8993175540629-back_camera3-33.jpg 65 1400.54 1389.58 1055.93 1215.96 689.21 347.24
8993175540629-back_camera3-32.jpg 65 1416.66 1393.36 1100.13 1224.54 633.05 337.63
8993175540629-back_camera3-35.jpg 65 1355.99 1394.67 997.26 1232.45 717.46 324.44
8993175540629-back_camera3-37.jpg 65 1324.24 1388.27 974.38 1244.9 699.73 286.73
8993175540629-back_camera3-38.jpg 65 1313.78 1386.75 978.79 1253.55 669.98 266.41
8993175540629-back_camera3-39.jpg 65 1315.05 1376.42 987.54 1239.63 655.02 273.58
8993175540629-back_camera3-3.jpg 65 1340.16 1415.77 1005.17 1253.55 669.98 324.44
8993175540629-back_camera3-40.jpg 65 1334.78 1392.21 1003.32 1255.42 662.91 273.58
8993175540629-back_camera3-4.jpg 65 1330.93 1418.41 1007.81 1248.28 646.24 340.27
8993175540629-back_camera3-7.jpg 65 1328.29 1428.96 1060.56 1258.83 535.46 340.27
8993175540629-back_camera3-6.jpg 65 1330.92 1423.69 1036.82 1250.92 588.21 345.54
8993175540629-back_camera3-8.jpg 65 1324.26 1425.09 1082.24 1255.42 484.03 339.34
8993175540629-back_camera3-5.jpg 65 1325.66 1426.33 1010.45 1256.19 630.42 340.27
8993175540629_camera0-10.jpg 65 1442.63 1056.81 1087.5 963.42 710.26 186.77
8993175540629_camera0-11.jpg 65 1461.5 1053.09 1100.13 958.13 722.74 189.92
8993175540629_camera0-15.jpg 65 1415.34 1062.32 1018.36 960.77 793.95 203.1
8993175540629_camera0-16.jpg 65 1403.46 1058.36 1023.63 952.85 759.66 211.02
8993175540629_camera0-13.jpg 65 1441.72 1061.0 1052.65 958.13 778.13 205.74
8993175540629_camera0-12.jpg 65 1449.63 1063.64 1065.84 968.68 767.58 189.92
8993175540629_camera0-17.jpg 65 1380.81 1067.33 1021.73 958.16 718.15 218.34
8993175540629_camera0-14.jpg 65 1428.52 1072.87 1034.18 966.04 788.68 213.66
8993175540629_camera0-19.jpg 65 1372.92 1063.38 1076.98 952.9 591.88 220.97
8993175540629_camera0-21.jpg 65 1437.76 1062.32 1179.26 952.85 516.99 218.93
8993175540629_camera0-23.jpg 65 1432.11 1052.87 1092.76 934.49 678.69 236.75
8993175540629_camera0-18.jpg 65 1377.09 1067.6 1050.01 963.41 654.15 208.38
8993175540629_camera0-1.jpg 65 1471.56 1062.07 1195.35 958.16 552.42 207.82
8993175540629_camera0-20.jpg 65 1396.87 1066.28 1129.14 960.77 535.46 211.02
8993175540629_camera0-25.jpg 65 1414.02 1058.37 1031.55 947.58 764.94 221.57
8993175540629_camera0-22.jpg 65 1435.11 1064.96 1118.59 944.94 633.05 240.03
8993175540629_camera0-29.jpg 65 1377.09 1061.0 989.34 958.13 775.49 205.74
8993175540629_camera0-26.jpg 65 1395.28 1058.12 995.43 942.38 799.7 231.49
8993175540629_camera0-27.jpg 65 1385.0 1061.0 989.34 955.49 791.32 211.02
8993175540629_camera0-24.jpg 65 1428.16 1058.12 1055.93 942.38 744.45 231.49
8993175540629_camera0-28.jpg 65 1379.72 1055.73 981.43 944.94 796.59 221.57
8993175540629_camera0-30.jpg 65 1393.96 1062.07 1005.95 942.38 776.02 239.38
8993175540629_camera0-2.jpg 65 1489.2 1067.6 1168.71 958.13 640.97 218.93
8993175540629_camera0-32.jpg 65 1446.58 1052.87 1050.67 942.38 791.81 220.97
8993175540629_camera0-31.jpg 65 1432.48 1055.73 1042.1 947.58 780.77 216.29
8993175540629_camera0-36.jpg 65 1426.85 1059.44 1040.15 952.9 773.39 213.08
8993175540629_camera0-33.jpg 65 1449.63 1063.63 1055.29 955.49 788.68 216.29
8993175540629_camera0-34.jpg 65 1430.79 1060.75 1021.73 950.27 818.11 220.97
8993175540629_camera0-35.jpg 65 1431.16 1064.96 1023.63 960.77 815.06 208.38
8993175540629_camera0-37.jpg 65 1436.06 1067.33 1082.24 960.79 707.63 213.08
8993175540629_camera0-38.jpg 65 1424.57 1062.32 1102.77 958.13 643.6 208.38
8993175540629_camera0-39.jpg 65 1429.84 1068.91 1150.24 958.13 559.2 221.57
8993175540629_camera0-3.jpg 65 1491.3 1060.75 1137.48 952.9 707.63 215.71
8993175540629_camera0-4.jpg 65 1485.24 1064.95 1113.32 942.3 743.84 245.31
8993175540629_camera0-40.jpg 65 1449.62 1072.87 1187.17 952.85 524.91 240.03
8993175540629_camera0-8.jpg 65 1462.36 1058.12 1069.09 958.16 786.54 199.92
8993175540629_camera0-5.jpg 65 1494.47 1062.33 1100.13 950.22 788.68 224.21
8993175540629_camera0-9.jpg 65 1448.31 1058.37 1073.75 963.41 749.11 189.92
8993175540629_camera0-6.jpg 65 1482.08 1063.38 1066.45 960.79 831.26 205.19
8993175540629_camera0-7.jpg 65 1465.45 1058.37 1065.84 958.13 799.23 200.47
8993175540629_camera1-10.jpg 65 1241.38 1146.25 1013.84 897.66 455.09 497.18
8993175540629_camera1-11.jpg 65 1245.2 1148.05 1039.46 902.74 411.48 490.62
8993175540629_camera1-12.jpg 65 1267.62 1153.32 1023.63 910.65 487.98 485.34
8993175540629_camera1-13.jpg 65 1258.49 1158.09 1000.69 895.03 515.59 526.12
8993175540629_camera1-19.jpg 65 1264.99 1134.86 957.69 923.84 614.59 422.04
8993175540629_camera1-15.jpg 65 1259.8 1154.14 966.49 881.88 586.62 544.53
8993175540629_camera1-14.jpg 65 1255.75 1163.87 981.43 897.46 548.65 532.82
8993175540629_camera1-18.jpg 65 1263.66 1141.45 947.14 902.74 633.05 477.43
8993175540629_camera1-16.jpg 65 1263.75 1154.14 955.97 889.77 615.56 528.75
8993175540629_camera1-17.jpg 65 1263.67 1148.05 949.78 900.1 627.78 495.89
8993175540629_camera1-20.jpg 65 1288.74 1131.79 977.01 937.12 623.45 389.33
8993175540629_camera1-23.jpg 65 1299.27 1130.9 965.6 923.84 667.34 414.12
8993175540629_camera1-1.jpg 65 1233.49 1106.8 929.66 934.49 607.66 344.61
8993175540629_camera1-21.jpg 65 1311.15 1122.99 997.26 929.12 627.78 387.75
8993175540629_camera1-22.jpg 65 1308.51 1126.94 976.15 934.39 664.71 385.11
8993175540629_camera1-24.jpg 65 1288.74 1125.21 945.45 884.51 686.58 481.4
8993175540629_camera1-25.jpg 65 1287.4 1124.31 944.5 879.0 685.81 490.62
8993175540629_camera1-26.jpg 65 1275.59 1122.57 950.71 871.35 649.75 502.44
8993175540629_camera1-28.jpg 65 1253.12 1108.47 970.88 860.53 564.47 495.89
8993175540629_camera1-27.jpg 65 1262.43 1112.05 948.08 855.57 628.71 512.96
8993175540629_camera1-29.jpg 65 1249.16 1111.12 994.62 855.26 509.08 511.72
8993175540629_camera1-30.jpg 65 1253.12 1092.66 1026.27 847.35 453.69 490.62
8993175540629_camera1-32.jpg 65 1272.96 1106.8 1029.63 837.16 486.66 539.27
8993175540629_camera1-31.jpg 65 1276.86 1097.93 1055.29 865.81 443.14 464.24
8993175540629_camera1-2.jpg 65 1226.92 1110.73 905.99 923.96 641.86 373.54
8993175540629_camera1-33.jpg 65 1276.86 1095.29 1015.72 831.52 522.27 527.54
8993175540629_camera1-36.jpg 65 1265.07 1104.15 955.97 831.89 618.19 544.53
8993175540629_camera1-35.jpg 65 1267.62 1107.15 970.88 826.24 593.49 561.83
8993175540629_camera1-34.jpg 65 1280.85 1105.47 1003.32 826.63 555.05 557.68
8993175540629_camera1-38.jpg 65 1253.22 1104.16 953.34 863.46 599.77 481.4
8993175540629_camera1-37.jpg 65 1254.43 1108.48 949.78 844.71 609.31 527.54
8993175540629_camera1-39.jpg 65 1235.97 1103.2 936.59 886.91 598.76 432.59
8993175540629_camera1-3.jpg 65 1222.97 1118.63 882.31 900.29 681.32 436.68
8993175540629_camera1-40.jpg 65 1230.69 1112.43 944.5 918.56 572.39 387.74
8993175540629_camera1-5.jpg 65 1224.28 1137.05 874.42 887.14 699.73 499.81
8993175540629_camera1-4.jpg 65 1224.29 1131.78 871.79 892.4 705.0 478.77
8993175540629_camera1-6.jpg 65 1230.69 1138.81 891.75 873.72 677.89 530.18
8993175540629_camera1-7.jpg 65 1222.78 1140.13 897.02 868.45 651.52 543.37
8993175540629_camera1-8.jpg 65 1224.28 1142.3 924.4 876.61 599.77 531.38
8993175540629_camera2-11.jpg 65 1305.87 868.45 1042.1 681.17 527.54 374.56
8993175540629_camera1-9.jpg 65 1232.18 1143.62 963.86 881.88 536.64 523.49
8993175540629_camera2-12.jpg 65 1297.96 875.04 1007.81 673.26 580.3 403.57
8993175540629_camera2-10.jpg 65 1290.04 873.73 1026.27 660.07 527.54 427.31
8993175540629_camera2-14.jpg 65 1287.42 871.36 977.01 616.19 620.82 510.33
8993175540629_camera2-13.jpg 65 1299.28 877.68 997.26 646.88 604.04 461.6
8993175540629_camera2-15.jpg 65 1290.04 869.76 978.79 607.31 622.5 524.91
8993175540629_camera2-18.jpg 65 1272.89 864.49 999.89 575.66 546.01 577.66
8993175540629_camera2-17.jpg 65 1286.09 865.81 1002.53 578.3 567.11 575.02
8993175540629_camera2-19.jpg 65 1274.27 858.2 1040.15 576.73 468.24 562.94
8993175540629_camera2-16.jpg 65 1291.37 869.77 994.62 588.85 593.49 561.83
8993175540629_camera2-25.jpg 65 1264.99 836.79 997.26 528.18 535.46 617.23
8993175540629_camera2-1.jpg 65 1257.17 893.72 1074.35 626.71 365.65 534.01
8993175540629_camera2-20.jpg 65 1275.54 843.39 1076.39 570.39 398.3 546.01
8993175540629_camera2-21.jpg 65 1276.86 835.48 1097.49 567.75 358.73 535.46
8993175540629_camera2-24.jpg 65 1280.85 837.16 1029.63 524.12 502.44 626.08
8993175540629_camera2-26.jpg 65 1262.35 839.43 981.43 538.73 561.83 601.4
8993175540629_camera2-27.jpg 65 1269.01 848.99 982.28 558.31 573.47 581.36
8993175540629_camera2-22.jpg 65 1280.81 834.16 1071.11 546.65 419.4 575.02
8993175540629_camera2-23.jpg 65 1279.5 832.84 1052.65 530.82 453.69 604.04
8993175540629_camera2-29.jpg 65 1247.97 854.26 963.86 610.93 568.21 486.66
8993175540629_camera2-28.jpg 65 1255.75 853.95 976.15 580.94 559.2 546.01
8993175540629_camera2-2.jpg 65 1254.43 909.33 1050.01 617.86 408.85 582.94
8993175540629_camera2-30.jpg 65 1245.19 856.58 976.15 644.24 538.09 424.67
8993175540629_camera2-31.jpg 65 1224.29 854.25 945.45 674.06 557.68 360.39
8993175540629_camera2-33.jpg 65 1237.29 851.3 926.04 625.78 622.5 451.05
8993175540629_camera2-32.jpg 65 1228.05 856.58 923.4 628.42 609.31 456.33
8993175540629_camera2-35.jpg 65 1237.28 861.85 920.76 594.12 633.05 535.46
8993175540629_camera2-37.jpg 65 1239.93 872.4 952.42 586.21 575.02 572.39
8993175540629_camera2-36.jpg 65 1241.39 862.14 937.56 587.25 607.66 549.79
8993175540629_camera2-38.jpg 65 1249.16 882.96 984.07 591.49 530.18 582.94
8993175540629_camera2-4.jpg 65 1259.8 897.66 1005.95 584.62 507.7 626.08
8993175540629_camera2-3.jpg 65 1262.35 901.41 1036.82 594.12 451.05 614.59
8993175540629_camera2-34.jpg 65 1233.34 872.4 912.85 612.59 640.97 519.63
8993175540629_camera2-39.jpg 65 1253.22 877.92 1016.47 597.77 473.5 560.31
8993175540629_camera2-6.jpg 65 1268.95 894.83 986.71 588.85 564.47 611.95
8993175540629_camera2-5.jpg 65 1267.7 896.35 1000.69 589.88 534.01 612.93
8993175540629_camera2-40.jpg 65 1262.35 892.18 1057.92 617.86 408.85 548.65
8993175540629_camera2-7.jpg 65 1276.9 884.5 982.28 600.4 589.25 568.21
8993175540629_camera2-9.jpg 65 1291.36 877.68 1013.08 636.33 556.56 482.7
8993175540629_camera2-8.jpg 65 1287.42 883.18 1005.95 608.29 562.94 549.79
8993175540629_camera3-10.jpg 65 1375.77 1413.14 1150.24 1248.28 451.05 329.72
8993175540629_camera3-11.jpg 65 1381.05 1413.13 1123.87 1256.19 514.36 313.89
8993175540629_camera3-13.jpg 65 1378.18 1413.26 1076.98 1242.27 602.4 341.98
8993175540629_camera3-12.jpg 65 1385.0 1417.09 1105.4 1256.19 559.2 321.8
8993175540629_camera3-15.jpg 65 1375.55 1411.94 1034.89 1247.53 681.32 328.82
8993175540629_camera3-18.jpg 65 1388.96 1411.82 1057.92 1261.47 662.07 300.7
8993175540629_camera3-14.jpg 65 1386.07 1417.2 1055.93 1255.42 660.28 323.56
8993175540629_camera3-17.jpg 65 1382.37 1411.82 1052.65 1261.47 659.43 300.7
8993175540629_camera3-16.jpg 65 1384.76 1414.57 1042.78 1255.42 683.95 318.3
8993175540629_camera3-21.jpg 65 1436.43 1392.03 1084.3 1253.55 704.27 276.96
8993175540629_camera3-1.jpg 65 1355.98 1393.35 1002.53 1253.55 706.91 279.6
8993175540629_camera3-19.jpg 65 1405.81 1398.78 1076.98 1252.79 657.65 291.99
8993175540629_camera3-22.jpg 65 1423.25 1405.22 1065.84 1258.83 714.82 292.79
8993175540629_camera3-20.jpg 65 1434.73 1392.21 1098.02 1258.05 673.43 268.32
8993175540629_camera3-24.jpg 65 1402.14 1397.31 1034.18 1240.37 735.92 313.89
8993175540629_camera3-25.jpg 65 1379.49 1397.46 1037.52 1229.11 683.95 336.71
8993175540629_camera3-23.jpg 65 1416.65 1397.31 1047.37 1245.64 738.56 303.34
8993175540629_camera3-26.jpg 65 1370.29 1390.89 1034.89 1226.48 670.8 328.82
8993175540629_camera3-27.jpg 65 1370.5 1386.76 1063.2 1227.18 614.59 319.16
8993175540629_camera3-28.jpg 65 1354.51 1376.42 1076.98 1213.33 555.05 326.19
8993175540629_camera3-29.jpg 65 1363.9 1385.44 1123.87 1224.54 480.07 321.8
8993175540629_camera3-32.jpg 65 1401.85 1375.12 1111.17 1202.81 581.36 344.61
8993175540629_camera3-30.jpg 65 1398.19 1388.09 1166.07 1229.82 464.24 316.53
8993175540629_camera3-34.jpg 65 1395.28 1386.95 1071.72 1205.44 647.12 363.02
8993175540629_camera3-2.jpg 65 1349.39 1399.94 986.71 1253.55 725.37 292.79
8993175540629_camera3-33.jpg 65 1399.22 1385.63 1087.5 1208.07 623.45 355.13
8993175540629_camera3-31.jpg 65 1415.34 1390.72 1158.16 1221.9 514.36 337.63
8993175540629_camera3-37.jpg 65 1359.76 1392.2 1032.26 1231.74 655.01 320.93
8993175540629_camera3-36.jpg 65 1370.5 1388.08 1039.46 1224.54 662.07 327.08
8993175540629_camera3-38.jpg 65 1359.95 1389.39 1044.74 1235.09 630.42 308.61
8993175540629_camera3-35.jpg 65 1382.12 1389.58 1048.04 1215.96 668.17 347.24
8993175540629_camera3-39.jpg 65 1348.08 1386.76 1044.74 1245.64 606.68 282.24
8993175540629_camera3-3.jpg 65 1346.61 1409.31 971.75 1244.9 749.72 328.82
8993175540629_camera3-4.jpg 65 1340.16 1402.59 970.88 1237.73 738.56 329.72
8993175540629_camera3-40.jpg 65 1349.39 1386.76 1018.36 1248.28 662.07 276.96
8993175540629_camera3-5.jpg 65 1337.4 1406.67 974.38 1234.37 726.04 344.61
8993175540629_camera3-6.jpg 65 1336.2 1411.82 984.07 1237.73 704.27 348.18
8993175540629_camera3-8.jpg 65 1346.75 1409.18 1065.84 1235.09 561.83 348.18
8993175540629_camera3-7.jpg 65 1338.85 1413.14 1018.36 1237.73 640.97 350.82
8993175540629_camera3-9.jpg 65 1352.03 1409.18 1113.32 1245.64 477.43 327.08
