8411145202563-back_camera0-10.jpg 66 1480.78 1077.85 1258.49 958.16 444.57 239.38
8411145202563-back_camera0-12.jpg 66 1496.89 1076.07 1165.15 966.44 663.48 219.26
8411145202563-back_camera0-13.jpg 66 1487.9 1078.28 1108.92 970.0 757.96 216.56
8411145202563-back_camera0-11.jpg 66 1499.73 1081.05 1227.79 973.56 543.88 214.99
8411145202563-back_camera0-14.jpg 66 1474.74 1073.7 1052.0 968.25 845.48 210.91
8411145202563-back_camera0-17.jpg 66 1420.26 1071.27 927.03 958.16 986.47 226.23
8411145202563-back_camera0-16.jpg 66 1445.67 1062.32 970.88 955.49 949.58 213.66
8411145202563-back_camera0-15.jpg 66 1451.57 1070.36 1001.54 965.68 900.05 209.36
8411145202563-back_camera0-19.jpg 66 1361.27 1072.16 862.95 982.46 996.64 179.4
8411145202563-back_camera0-18.jpg 66 1387.88 1070.32 890.22 977.81 995.33 185.01
8411145202563-back_camera0-1.jpg 66 1480.78 1063.39 940.19 971.32 1081.17 184.14
8411145202563-back_camera0-20.jpg 66 1377.09 1078.15 868.01 987.15 1018.16 182.0
8411145202563-back_camera0-22.jpg 66 1373.86 1063.88 874.19 991.58 999.34 144.61
8411145202563-back_camera0-21.jpg 66 1371.24 1077.13 862.95 989.1 1016.58 176.07
8411145202563-back_camera0-24.jpg 66 1347.03 1074.68 865.09 989.58 963.88 170.21
8411145202563-back_camera0-23.jpg 66 1363.71 1068.65 853.38 979.21 1020.67 178.88
8411145202563-back_camera0-25.jpg 66 1346.76 1079.47 870.65 984.51 952.22 189.92
8411145202563-back_camera0-27.jpg 66 1332.85 1083.67 938.94 977.91 787.82 211.52
8411145202563-back_camera0-26.jpg 66 1332.23 1081.11 893.77 986.75 876.93 188.71
8411145202563-back_camera0-2.jpg 66 1495.79 1071.56 986.71 984.51 1018.16 174.09
8411145202563-back_camera0-28.jpg 66 1337.52 1083.42 1007.81 971.32 659.43 224.21
8411145202563-back_camera0-29.jpg 66 1339.59 1080.75 1048.2 968.82 582.77 223.86
8411145202563-back_camera0-31.jpg 66 1438.68 1091.0 1192.72 968.68 491.92 244.64
8411145202563-back_camera0-30.jpg 66 1358.62 1086.06 1123.87 966.04 469.51 240.03
8411145202563-back_camera0-32.jpg 66 1452.6 1091.54 1151.96 985.16 601.27 212.76
8411145202563-back_camera0-35.jpg 66 1493.92 1084.43 1021.73 971.32 944.38 226.23
8411145202563-back_camera0-33.jpg 66 1474.68 1090.01 1097.49 968.68 754.39 242.67
8411145202563-back_camera0-36.jpg 66 1488.82 1087.84 989.31 985.16 999.03 205.36
8411145202563-back_camera0-34.jpg 66 1480.26 1087.74 1055.64 977.72 849.23 220.03
8411145202563-back_camera0-37.jpg 66 1472.88 1081.79 942.82 968.68 1060.12 226.23
8411145202563-back_camera0-38.jpg 66 1464.13 1082.1 939.23 979.23 1049.81 205.74
8411145202563-back_camera0-39.jpg 66 1462.77 1083.58 951.23 995.7 1023.08 175.76
8411145202563-back_camera0-3.jpg 66 1472.88 1073.91 966.49 987.1 1012.77 173.62
8411145202563-back_camera0-40.jpg 66 1474.45 1079.05 961.06 993.16 1026.79 171.78
8411145202563-back_camera0-7.jpg 66 1425.89 1080.79 1042.1 971.32 767.58 218.93
8411145202563-back_camera0-4.jpg 66 1464.51 1077.56 980.72 995.23 967.58 164.66
8411145202563-back_camera0-5.jpg 66 1450.5 1076.95 986.64 983.51 927.72 186.89
8411145202563-back_camera0-8.jpg 66 1413.69 1077.85 1079.61 968.68 668.17 218.34
8411145202563-back_camera1-11.jpg 66 1283.45 1181.01 1039.46 807.78 487.98 746.47
8411145202563-back_camera0-6.jpg 66 1434.61 1077.31 1011.87 986.65 845.48 181.31
8411145202563-back_camera1-10.jpg 66 1236.93 1169.76 1034.68 808.7 404.49 722.12
8411145202563-back_camera0-9.jpg 66 1405.8 1080.48 1137.48 968.68 536.64 223.6
8411145202563-back_camera1-13.jpg 66 1282.13 1188.93 936.59 810.42 691.08 757.03
8411145202563-back_camera1-12.jpg 66 1284.29 1183.68 997.22 811.36 574.13 744.65
8411145202563-back_camera1-14.jpg 66 1291.38 1185.41 896.01 817.63 790.74 735.57
8411145202563-back_camera1-15.jpg 66 1275.53 1171.79 841.63 820.97 867.81 701.63
8411145202563-back_camera1-17.jpg 66 1262.43 1158.08 790.24 876.61 944.38 562.94
8411145202563-back_camera1-16.jpg 66 1276.94 1169.35 830.15 850.21 893.58 638.27
8411145202563-back_camera1-18.jpg 66 1250.84 1151.64 782.48 906.2 936.72 490.88
8411145202563-back_camera1-1.jpg 66 1242.57 1112.43 778.33 931.75 928.48 361.37
8411145202563-back_camera1-19.jpg 66 1248.67 1144.12 783.54 945.54 930.27 397.15
8411145202563-back_camera1-20.jpg 66 1266.38 1135.73 782.35 979.21 968.05 313.04
8411145202563-back_camera1-21.jpg 66 1288.73 1130.9 812.62 947.58 952.22 366.64
8411145202563-back_camera1-24.jpg 66 1275.12 1150.18 835.87 859.99 878.51 580.39
8411145202563-back_camera1-26.jpg 66 1261.03 1170.47 868.01 826.24 786.04 688.45
8411145202563-back_camera1-27.jpg 66 1254.97 1171.45 917.54 818.91 674.86 705.08
8411145202563-back_camera1-22.jpg 66 1275.53 1155.96 796.79 926.48 957.49 458.96
8411145202563-back_camera1-23.jpg 66 1281.4 1145.01 829.4 886.9 904.01 516.22
8411145202563-back_camera1-25.jpg 66 1268.77 1162.66 857.13 833.35 823.28 658.62
8411145202563-back_camera1-29.jpg 66 1253.12 1174.42 1015.72 807.78 474.79 733.29
8411145202563-back_camera1-28.jpg 66 1249.93 1175.23 965.38 808.84 569.1 732.78
8411145202563-back_camera1-2.jpg 66 1216.18 1134.86 746.67 884.27 939.03 501.17
8411145202563-back_camera1-31.jpg 66 1295.08 1137.28 1066.29 795.17 457.58 684.21
8411145202563-back_camera1-30.jpg 66 1276.86 1161.23 1086.94 807.78 379.83 706.91
8411145202563-back_camera1-34.jpg 66 1282.66 1136.19 899.91 801.28 765.51 669.82
8411145202563-back_camera1-32.jpg 66 1294.01 1138.81 986.71 791.95 614.59 693.72
8411145202563-back_camera1-38.jpg 66 1251.18 1116.68 785.76 893.88 930.84 445.6
8411145202563-back_camera1-33.jpg 66 1290.04 1137.49 941.86 794.59 696.36 685.81
8411145202563-back_camera1-35.jpg 66 1280.15 1138.72 847.03 823.95 866.24 629.53
8411145202563-back_camera1-39.jpg 66 1253.12 1111.12 788.88 923.84 928.48 374.56
8411145202563-back_camera1-37.jpg 66 1259.11 1124.68 800.45 862.44 917.32 524.49
8411145202563-back_camera1-40.jpg 66 1237.29 1112.43 786.24 968.68 902.1 287.51
8411145202563-back_camera1-5.jpg 66 1202.26 1150.23 780.3 827.55 843.93 645.36
8411145202563-back_camera1-3.jpg 66 1211.13 1146.25 750.78 860.83 920.7 570.84
8411145202563-back_camera1-4.jpg 66 1200.36 1144.09 733.48 849.98 933.75 588.21
8411145202563-back_camera1-36.jpg 66 1271.8 1126.34 825.01 831.25 893.58 590.17
8411145202563-back_camera1-6.jpg 66 1193.76 1152.0 794.15 813.06 799.23 677.89
8411145202563-back_camera1-7.jpg 66 1195.35 1167.3 837.59 802.96 715.52 728.67
8411145202563-back_camera1-8.jpg 66 1203.01 1177.07 894.39 799.87 617.23 754.39
8411145202563-back_camera2-12.jpg 66 1297.6 873.95 886.42 627.89 822.35 492.12
8411145202563-back_camera1-9.jpg 66 1203.0 1174.42 952.42 802.5 501.17 743.84
8411145202563-back_camera2-10.jpg 66 1274.27 877.93 861.27 703.0 826.0 349.87
8411145202563-back_camera2-14.jpg 66 1298.32 874.67 903.33 535.8 789.97 677.74
8411145202563-back_camera2-11.jpg 66 1288.72 876.37 873.28 673.26 830.88 406.21
8411145202563-back_camera2-19.jpg 66 1285.19 869.28 1066.11 456.3 438.16 825.95
8411145202563-back_camera2-1.jpg 66 1261.03 896.14 1065.84 480.7 390.38 830.88
8411145202563-back_camera2-20.jpg 66 1281.76 874.42 1117.11 472.03 329.31 804.78
8411145202563-back_camera2-15.jpg 66 1291.37 868.73 911.25 495.18 760.24 747.09
8411145202563-back_camera2-13.jpg 66 1299.28 873.72 875.92 573.02 846.71 601.4
8411145202563-back_camera2-16.jpg 66 1297.95 868.45 944.5 464.88 706.91 807.14
8411145202563-back_camera2-17.jpg 66 1292.68 883.19 974.38 460.98 636.6 844.42
8411145202563-back_camera2-21.jpg 66 1283.44 849.99 1071.11 438.5 424.67 822.97
8411145202563-back_camera2-22.jpg 66 1286.11 841.1 1029.63 421.52 512.96 839.16
8411145202563-back_camera2-18.jpg 66 1291.37 865.82 1021.0 441.14 540.73 849.35
8411145202563-back_camera2-23.jpg 66 1278.22 841.1 979.65 421.52 597.14 839.16
8411145202563-back_camera2-26.jpg 66 1270.26 843.39 865.37 488.62 809.78 709.55
8411145202563-back_camera2-25.jpg 66 1280.85 843.73 911.25 458.35 739.19 770.76
8411145202563-back_camera2-24.jpg 66 1280.87 843.9 938.04 441.97 685.65 803.87
8411145202563-back_camera2-27.jpg 66 1272.89 843.39 860.09 530.82 825.61 625.14
8411145202563-back_camera2-31.jpg 66 1248.16 862.49 850.4 665.46 795.53 394.06
8411145202563-back_camera2-28.jpg 66 1271.64 852.94 856.01 579.36 831.26 547.16
8411145202563-back_camera2-2.jpg 66 1266.31 902.74 994.62 488.62 543.37 828.24
8411145202563-back_camera2-29.jpg 66 1268.47 847.28 850.78 626.61 835.39 441.34
8411145202563-back_camera2-30.jpg 66 1263.75 858.2 845.49 695.1 836.52 326.19
8411145202563-back_camera2-33.jpg 66 1241.85 869.28 840.38 569.26 802.93 600.04
8411145202563-back_camera2-32.jpg 66 1245.2 861.86 828.44 602.04 833.52 519.63
8411145202563-back_camera2-35.jpg 66 1240.15 868.86 869.74 476.12 740.82 785.48
8411145202563-back_camera2-37.jpg 66 1226.92 870.04 895.47 450.46 662.91 839.16
8411145202563-back_camera2-34.jpg 66 1236.8 862.08 843.97 527.53 785.66 669.1
8411145202563-back_camera2-36.jpg 66 1237.52 875.42 882.87 470.86 709.3 809.12
8411145202563-back_camera2-38.jpg 66 1241.24 869.77 970.88 451.69 540.73 836.16
8411145202563-back_camera2-39.jpg 66 1242.7 884.51 1021.73 474.14 441.94 820.74
8411145202563-back_camera2-40.jpg 66 1247.41 875.57 1088.77 478.96 317.28 793.21
8411145202563-back_camera2-3.jpg 66 1269.05 903.01 953.8 491.88 630.49 822.26
8411145202563-back_camera2-4.jpg 66 1267.62 898.78 926.04 496.53 683.17 804.5
8411145202563-back_camera2-8.jpg 66 1271.67 895.12 848.72 623.23 845.9 543.79
8411145202563-back_camera2-5.jpg 66 1265.37 902.26 900.91 525.78 728.92 752.97
8411145202563-back_camera2-6.jpg 66 1267.69 901.61 871.79 539.9 791.81 723.41
8411145202563-back_camera3-11.jpg 66 1441.71 1344.56 1071.11 1148.05 741.2 393.02
8411145202563-back_camera2-9.jpg 66 1271.64 892.4 856.01 660.91 831.26 462.98
8411145202563-back_camera3-12.jpg 66 1429.36 1342.73 1026.97 1158.65 804.78 368.16
8411145202563-back_camera3-10.jpg 66 1456.87 1343.04 1135.06 1138.13 643.62 409.82
8411145202563-back_camera2-7.jpg 66 1262.35 896.15 838.99 580.94 846.71 630.42
8411145202563-back_camera3-13.jpg 66 1411.06 1330.38 971.75 1142.3 878.61 376.17
8411145202563-back_camera3-15.jpg 66 1368.87 1332.53 893.38 1182.79 950.98 299.48
8411145202563-back_camera3-16.jpg 66 1354.43 1333.22 873.42 1196.32 962.03 273.81
8411145202563-back_camera3-14.jpg 66 1394.23 1335.33 920.76 1171.79 946.94 327.08
8411145202563-back_camera3-18.jpg 66 1332.14 1319.87 840.22 1208.07 983.84 223.6
8411145202563-back_camera3-1.jpg 66 1439.8 1358.8 959.05 1209.06 961.49 299.48
8411145202563-back_camera3-17.jpg 66 1326.07 1328.5 844.13 1218.42 963.88 220.16
8411145202563-back_camera3-20.jpg 66 1343.98 1343.55 861.27 1215.96 965.42 255.17
8411145202563-back_camera3-21.jpg 66 1332.25 1351.15 846.91 1213.99 970.68 274.32
8411145202563-back_camera3-19.jpg 66 1341.29 1335.15 851.35 1224.82 979.88 220.67
8411145202563-back_camera3-22.jpg 66 1322.42 1356.0 851.89 1201.67 941.06 308.65
8411145202563-back_camera3-25.jpg 66 1299.26 1376.42 911.25 1171.24 776.02 410.37
8411145202563-back_camera3-24.jpg 66 1299.27 1382.81 873.28 1179.7 851.98 406.21
8411145202563-back_camera3-28.jpg 66 1350.48 1382.45 1137.69 1177.54 425.58 409.82
8411145202563-back_camera3-27.jpg 66 1310.37 1387.05 1035.89 1184.64 548.95 404.82
8411145202563-back_camera3-23.jpg 66 1301.88 1365.9 840.22 1189.65 923.33 352.5
8411145202563-back_camera3-26.jpg 66 1299.25 1395.58 961.68 1182.79 675.15 425.58
8411145202563-back_camera3-2.jpg 66 1431.16 1360.38 957.69 1200.8 946.94 319.16
8411145202563-back_camera3-30.jpg 66 1413.99 1384.0 1126.31 1183.27 575.37 401.46
8411145202563-back_camera3-29.jpg 66 1398.18 1390.71 1173.98 1177.06 448.41 427.31
8411145202563-back_camera3-33.jpg 66 1445.05 1385.07 985.32 1190.67 919.46 388.8
8411145202563-back_camera3-31.jpg 66 1431.78 1389.55 1077.49 1185.12 708.57 408.86
8411145202563-back_camera3-34.jpg 66 1434.74 1386.94 958.6 1194.91 952.27 384.06
8411145202563-back_camera3-32.jpg 66 1446.99 1389.39 1031.55 1187.61 830.88 403.57
8411145202563-back_camera3-35.jpg 66 1446.37 1377.18 935.41 1214.31 1021.91 325.75
8411145202563-back_camera3-37.jpg 66 1433.53 1360.93 935.86 1250.85 995.33 220.16
8411145202563-back_camera3-36.jpg 66 1418.95 1365.9 911.25 1213.33 1015.4 305.15
8411145202563-back_camera3-39.jpg 66 1441.71 1353.79 947.14 1245.64 989.15 216.29
8411145202563-back_camera3-38.jpg 66 1434.55 1353.54 938.04 1248.46 993.02 210.16
8411145202563-back_camera3-3.jpg 66 1405.8 1355.38 955.97 1181.76 899.66 347.24
8411145202563-back_camera3-40.jpg 66 1451.25 1348.34 971.16 1229.01 960.18 238.66
8411145202563-back_camera3-4.jpg 66 1401.7 1354.86 985.32 1164.4 832.77 380.92
8411145202563-back_camera3-5.jpg 66 1388.82 1350.76 1014.25 1153.09 749.14 395.34
8411145202563-back_camera3-6.jpg 66 1384.63 1350.93 1058.88 1159.15 651.5 383.55
8411145202563-back_camera3-7.jpg 66 1386.32 1336.65 1126.5 1137.5 519.63 398.3
8411145202563-back_camera3-9.jpg 66 1451.84 1343.54 1213.77 1142.3 476.14 402.48
8411145202563-back_camera3-8.jpg 66 1391.28 1339.39 1178.53 1158.09 425.51 362.61
8411145202563_camera0-10.jpg 66 1275.61 1257.66 1032.61 1146.01 486.0 223.3
8411145202563_camera0-11.jpg 66 1346.61 1258.05 1111.17 1134.41 470.87 247.27
8411145202563_camera0-12.jpg 66 1382.13 1254.64 1101.45 1148.39 561.36 212.49
8411145202563_camera0-13.jpg 66 1383.68 1257.51 1031.55 1142.77 704.27 229.48
8411145202563_camera0-14.jpg 66 1403.17 1252.79 1000.69 1134.41 804.96 236.75
8411145202563_camera0-15.jpg 66 1408.28 1260.29 961.68 1148.64 893.19 223.3
8411145202563_camera0-16.jpg 66 1407.93 1260.62 931.54 1153.31 952.78 214.61
8411145202563_camera0-17.jpg 66 1404.78 1258.84 899.66 1148.05 1010.25 221.57
8411145202563_camera0-19.jpg 66 1403.03 1258.97 896.01 1161.77 1014.03 194.4
8411145202563_camera0-18.jpg 66 1397.9 1250.15 879.68 1142.3 1036.45 215.71
8411145202563_camera0-20.jpg 66 1415.34 1252.23 904.94 1150.68 1020.8 203.1
8411145202563_camera0-21.jpg 66 1437.65 1251.34 926.24 1172.05 1022.82 158.58
8411145202563_camera0-1.jpg 66 1397.77 1235.33 903.89 1156.52 987.76 157.62
8411145202563_camera0-23.jpg 66 1436.43 1244.32 907.57 1153.32 1057.73 182.0
8411145202563_camera0-25.jpg 66 1445.26 1259.37 969.12 1155.46 952.27 207.82
8411145202563_camera0-22.jpg 66 1435.58 1255.62 913.86 1178.85 1043.43 153.55
8411145202563_camera0-24.jpg 66 1439.8 1264.23 927.53 1177.54 1024.54 173.38
8411145202563_camera0-27.jpg 66 1428.53 1264.11 1021.0 1158.6 815.06 211.02
8411145202563_camera0-29.jpg 66 1434.73 1255.41 1155.89 1139.67 557.68 231.49
8411145202563_camera0-26.jpg 66 1427.98 1264.23 977.44 1167.03 901.07 194.4
8411145202563_camera0-28.jpg 66 1443.03 1260.14 1102.77 1161.23 680.53 197.83
8411145202563_camera0-31.jpg 66 1514.97 1252.78 1271.64 1137.04 486.66 231.49
8411145202563_camera0-2.jpg 66 1387.28 1235.48 898.86 1166.11 976.83 138.75
8411145202563_camera0-30.jpg 66 1468.09 1262.79 1261.03 1137.5 414.12 250.58
8411145202563_camera0-32.jpg 66 1519.93 1257.66 1219.13 1143.38 601.59 228.55
8411145202563_camera0-33.jpg 66 1514.97 1250.15 1155.89 1139.67 718.15 220.97
8411145202563_camera0-34.jpg 66 1498.42 1250.92 1097.49 1140.13 801.87 221.57
8411145202563_camera0-36.jpg 66 1467.38 1243.21 1011.59 1140.76 911.58 204.91
8411145202563_camera0-37.jpg 66 1443.94 1239.63 966.49 1134.41 954.9 210.45
8411145202563_camera0-35.jpg 66 1485.08 1242.89 1054.01 1142.06 862.13 201.66
8411145202563_camera0-38.jpg 66 1424.57 1241.68 944.5 1140.13 960.13 203.1
8411145202563_camera0-40.jpg 66 1405.62 1230.55 904.25 1152.85 1002.73 155.4
8411145202563_camera0-39.jpg 66 1403.46 1244.32 918.12 1150.68 970.68 187.28
8411145202563_camera0-3.jpg 66 1376.74 1232.96 890.02 1161.74 973.44 142.45
8411145202563_camera0-4.jpg 66 1333.57 1233.77 846.91 1142.77 973.32 182.0
8411145202563_camera0-5.jpg 66 1312.46 1245.64 838.99 1150.68 946.94 189.92
8411145202563_camera0-6.jpg 66 1293.59 1243.76 856.05 1154.03 875.08 179.46
8411145202563_camera0-7.jpg 66 1283.49 1244.52 880.24 1143.38 806.5 202.28
8411145202563_camera0-8.jpg 66 1261.12 1251.47 900.73 1144.93 720.78 213.08
8411145202563_camera0-9.jpg 66 1267.62 1257.51 960.33 1142.77 614.59 229.48
8411145202563_camera1-10.jpg 66 1200.75 1174.91 993.21 815.01 415.07 719.81
8411145202563_camera1-11.jpg 66 1222.41 1182.24 972.04 815.31 500.75 733.86
8411145202563_camera1-12.jpg 66 1228.06 1198.16 912.85 828.88 630.42 738.56
8411145202563_camera1-13.jpg 66 1237.26 1200.34 878.35 834.95 717.82 730.77
8411145202563_camera1-14.jpg 66 1236.12 1210.7 824.44 858.2 823.37 705.0
8411145202563_camera1-16.jpg 66 1249.34 1205.12 790.92 899.07 916.83 612.1
8411145202563_camera1-18.jpg 66 1257.07 1199.49 791.51 973.96 931.12 451.05
8411145202563_camera1-17.jpg 66 1234.82 1205.44 766.57 939.75 936.49 531.38
8411145202563_camera1-15.jpg 66 1246.72 1206.43 806.69 870.17 880.05 672.52
8411145202563_camera1-19.jpg 66 1259.83 1193.76 814.12 1026.48 891.42 334.55
8411145202563_camera1-1.jpg 66 1230.87 1100.21 763.94 866.09 933.86 468.24
8411145202563_camera1-21.jpg 66 1279.49 1186.29 791.51 979.23 975.96 414.12
8411145202563_camera1-20.jpg 66 1271.67 1189.36 801.43 1025.17 940.48 328.38
8411145202563_camera1-22.jpg 66 1288.24 1188.52 817.4 945.23 941.68 486.57
8411145202563_camera1-23.jpg 66 1286.09 1188.93 812.62 894.82 946.94 588.21
8411145202563_camera1-24.jpg 66 1286.12 1190.67 838.21 872.8 895.82 635.74
8411145202563_camera1-25.jpg 66 1286.24 1191.81 872.75 856.02 826.98 671.57
8411145202563_camera1-26.jpg 66 1297.95 1182.34 920.76 823.61 754.39 717.46
8411145202563_camera1-28.jpg 66 1308.5 1167.83 1036.82 799.87 543.37 735.92
8411145202563_camera1-27.jpg 66 1301.91 1182.6 986.79 821.07 630.25 723.06
8411145202563_camera1-32.jpg 66 1346.54 1151.27 1029.98 788.74 633.11 725.06
8411145202563_camera1-2.jpg 66 1216.18 1101.89 759.86 844.71 912.65 514.36
8411145202563_camera1-29.jpg 66 1313.42 1158.51 1117.01 812.08 392.83 692.85
8411145202563_camera1-31.jpg 66 1349.39 1162.55 1079.03 794.59 540.73 735.92
8411145202563_camera1-30.jpg 66 1354.27 1168.21 1152.62 820.4 403.31 695.62
8411145202563_camera1-33.jpg 66 1336.2 1133.54 976.15 784.04 720.1 699.0
8411145202563_camera1-35.jpg 66 1303.82 1112.05 883.85 805.86 839.93 612.37
8411145202563_camera1-34.jpg 66 1322.89 1127.62 927.53 786.11 790.73 683.03
8411145202563_camera1-37.jpg 66 1268.94 1086.07 817.89 836.8 902.1 498.53
8411145202563_camera1-36.jpg 66 1285.26 1093.81 845.87 817.22 878.78 553.17
8411145202563_camera1-39.jpg 66 1253.47 1072.3 795.08 914.03 916.78 316.53
8411145202563_camera1-38.jpg 66 1257.07 1082.1 804.7 873.72 904.74 416.76
8411145202563_camera1-3.jpg 66 1206.32 1110.35 753.06 840.24 906.53 540.22
8411145202563_camera1-4.jpg 66 1186.28 1121.06 746.26 809.75 880.05 622.61
8411145202563_camera1-40.jpg 66 1254.54 1071.27 795.5 908.18 918.07 326.19
8411145202563_camera1-6.jpg 66 1156.84 1148.05 780.96 789.32 751.75 717.46
8411145202563_camera1-5.jpg 66 1167.74 1137.63 755.48 809.56 824.51 656.15
8411145202563_camera1-7.jpg 66 1150.82 1160.46 809.31 793.99 683.03 732.94
8411145202563_camera1-8.jpg 66 1154.2 1178.38 862.73 805.14 582.94 746.47
8411145202563_camera2-10.jpg 66 1271.67 927.97 864.48 765.09 814.38 325.75
8411145202563_camera1-9.jpg 66 1150.46 1175.2 934.01 823.69 432.91 703.02
8411145202563_camera2-12.jpg 66 1286.09 929.11 862.73 652.15 846.71 553.92
8411145202563_camera2-11.jpg 66 1282.18 927.96 859.23 702.04 845.9 451.85
8411145202563_camera2-15.jpg 66 1314.55 900.62 937.14 522.29 754.82 756.67
8411145202563_camera2-13.jpg 66 1297.94 920.01 871.79 603.03 852.31 633.97
8411145202563_camera2-14.jpg 66 1307.18 906.69 897.02 549.28 820.33 714.82
8411145202563_camera2-16.jpg 66 1326.84 888.56 985.32 489.25 683.03 798.62
8411145202563_camera2-18.jpg 66 1330.93 872.4 1081.66 462.24 498.53 820.33
8411145202563_camera2-17.jpg 66 1332.13 884.54 1040.75 478.45 582.77 812.18
8411145202563_camera2-1.jpg 66 1213.77 889.76 963.86 471.5 499.81 836.53
8411145202563_camera2-19.jpg 66 1342.8 867.13 1155.52 462.24 374.56 809.78
8411145202563_camera2-20.jpg 66 1333.21 877.19 1165.93 475.73 334.55 802.93
8411145202563_camera2-21.jpg 66 1329.51 868.72 1108.54 442.57 441.94 852.31
8411145202563_camera2-22.jpg 66 1326.97 856.58 1047.37 425.31 559.2 862.53
8411145202563_camera2-23.jpg 66 1319.6 842.5 1006.01 429.94 627.17 825.13
8411145202563_camera2-24.jpg 66 1311.1 830.59 950.71 434.68 720.78 791.81
8411145202563_camera2-27.jpg 66 1278.17 809.1 868.01 504.44 820.33 609.31
8411145202563_camera2-26.jpg 66 1290.05 813.05 889.11 467.51 801.87 691.08
8411145202563_camera2-25.jpg 66 1294.36 822.15 913.4 456.3 761.92 731.7
8411145202563_camera2-29.jpg 66 1271.58 801.18 862.73 596.76 817.69 408.85
8411145202563_camera2-28.jpg 66 1263.75 809.53 848.12 555.68 831.26 507.7
8411145202563_camera2-2.jpg 66 1217.88 898.64 934.82 480.0 566.12 837.28
8411145202563_camera2-31.jpg 66 1266.3 811.74 849.54 578.3 833.52 466.88
8411145202563_camera2-35.jpg 66 1217.72 838.47 842.86 450.46 749.72 776.02
8411145202563_camera2-33.jpg 66 1236.91 823.32 823.82 510.13 826.18 626.38
8411145202563_camera2-30.jpg 66 1266.31 802.51 854.82 628.42 822.97 348.18
8411145202563_camera2-32.jpg 66 1250.89 808.48 835.55 540.22 830.68 536.52
8411145202563_camera2-36.jpg 66 1205.88 850.31 866.53 445.2 678.69 810.22
8411145202563_camera2-37.jpg 66 1204.32 856.58 907.57 449.05 593.49 815.06
8411145202563_camera2-34.jpg 66 1225.76 831.35 830.77 480.76 789.97 701.17
8411145202563_camera2-39.jpg 66 1199.05 880.32 1010.45 472.79 377.19 815.06
8411145202563_camera2-3.jpg 66 1225.5 904.27 918.39 490.78 614.22 826.98
8411145202563_camera2-38.jpg 66 1203.25 872.66 958.6 458.35 489.29 828.63
8411145202563_camera2-4.jpg 66 1231.51 916.71 878.15 518.95 706.72 795.52
8411145202563_camera2-5.jpg 66 1238.61 930.44 862.73 557.2 751.75 746.47
8411145202563_camera2-40.jpg 66 1211.14 867.4 1032.26 460.98 357.76 812.85
8411145202563_camera2-6.jpg 66 1251.97 929.56 853.95 587.83 796.05 683.46
8411145202563_camera3-11.jpg 66 1363.9 1455.34 1015.72 1240.37 696.36 429.95
8411145202563_camera2-8.jpg 66 1272.59 938.27 865.84 689.31 813.5 497.93
8411145202563_camera2-7.jpg 66 1261.12 938.44 842.86 624.08 836.53 628.71
8411145202563_camera3-15.jpg 66 1375.77 1440.83 865.37 1264.11 1020.8 353.45
8411145202563_camera3-14.jpg 66 1377.09 1460.62 891.75 1264.11 970.68 393.02
8411145202563_camera3-10.jpg 66 1353.19 1432.98 1074.35 1226.48 557.68 413.0
8411145202563_camera3-13.jpg 66 1374.88 1452.87 938.0 1263.37 873.76 379.0
8411145202563_camera3-12.jpg 66 1377.09 1452.7 976.15 1245.64 801.87 414.12
8411145202563_camera2-9.jpg 66 1276.9 941.06 866.53 731.93 820.74 418.26
8411145202563_camera3-17.jpg 66 1373.13 1446.11 865.37 1303.67 1015.52 284.87
8411145202563_camera3-16.jpg 66 1373.2 1445.11 871.83 1296.18 1002.73 297.86
8411145202563_camera3-18.jpg 66 1375.55 1431.66 858.64 1315.92 1033.82 231.49
8411145202563_camera3-20.jpg 66 1410.06 1439.51 875.92 1311.58 1068.28 255.86
8411145202563_camera3-19.jpg 66 1391.33 1419.83 866.53 1305.4 1049.6 228.86
8411145202563_camera3-21.jpg 66 1408.76 1447.48 894.97 1307.14 1027.57 280.68
8411145202563_camera3-1.jpg 66 1321.7 1398.63 833.72 1248.28 975.96 300.7
8411145202563_camera3-22.jpg 66 1397.91 1446.13 890.21 1279.09 1015.4 334.08
8411145202563_camera3-24.jpg 66 1398.88 1452.51 956.72 1265.65 884.33 373.71
8411145202563_camera3-25.jpg 66 1402.15 1446.11 994.62 1245.64 815.06 400.93
8411145202563_camera3-23.jpg 66 1405.8 1446.13 924.4 1265.94 962.79 360.39
8411145202563_camera3-28.jpg 66 1442.8 1441.51 1231.56 1227.37 422.47 428.28
8411145202563_camera3-27.jpg 66 1419.03 1434.72 1152.62 1241.39 532.82 386.66
8411145202563_camera3-26.jpg 66 1412.38 1443.5 1058.56 1234.37 707.63 418.26
8411145202563_camera3-30.jpg 66 1489.19 1421.05 1189.81 1213.99 598.76 414.12
8411145202563_camera3-29.jpg 66 1491.43 1424.51 1263.08 1227.08 456.7 394.86
8411145202563_camera3-2.jpg 66 1299.26 1396.15 824.44 1239.63 949.64 313.04
8411145202563_camera3-31.jpg 66 1478.63 1419.73 1126.5 1208.71 704.27 422.04
8411145202563_camera3-32.jpg 66 1473.45 1407.9 1084.94 1218.27 777.02 379.26
8411145202563_camera3-33.jpg 66 1461.5 1413.14 1028.91 1221.9 865.17 382.47
8411145202563_camera3-34.jpg 66 1437.37 1397.47 982.28 1218.59 910.18 357.76
8411145202563_camera3-35.jpg 66 1413.63 1386.58 947.42 1233.02 932.43 307.11
8411145202563_camera3-36.jpg 66 1390.28 1388.08 907.57 1243.0 965.41 290.15
8411145202563_camera3-3.jpg 66 1283.45 1410.5 820.53 1237.73 925.84 345.54
8411145202563_camera3-38.jpg 66 1374.61 1366.97 879.85 1267.07 989.52 199.81
8411145202563_camera3-4.jpg 66 1255.86 1407.99 819.18 1215.96 873.35 384.06
8411145202563_camera3-39.jpg 66 1361.26 1378.85 854.82 1272.02 1012.88 213.66
8411145202563_camera3-40.jpg 66 1363.71 1375.11 877.05 1252.79 973.32 244.64
8411145202563_camera3-5.jpg 66 1249.03 1423.53 849.42 1232.97 799.23 381.11
8411145202563_camera3-37.jpg 66 1379.73 1372.25 894.39 1248.28 970.68 247.95
8411145202563_camera3-7.jpg 66 1244.51 1431.8 946.65 1231.99 595.72 399.61
8411145202563_camera3-8.jpg 66 1247.84 1425.01 1002.53 1221.9 490.62 406.21
8411145202563_camera3-9.jpg 66 1317.67 1431.66 1082.24 1226.48 470.87 410.37
8411145202563_camera3-6.jpg 66 1245.33 1426.76 888.27 1227.88 714.12 397.76
