6920731700205-back_camera0-10.jpg 67 1367.74 1184.87 1090.23 1022.33 555.02 325.08
6920731700205-back_camera0-14.jpg 67 1474.72 1192.51 1122.99 1017.71 703.46 349.6
6920731700205-back_camera0-12.jpg 67 1451.59 1179.43 1154.6 1026.52 593.98 305.83
6920731700205-back_camera0-11.jpg 67 1410.67 1184.92 1140.97 1025.52 539.41 318.8
6920731700205-back_camera0-15.jpg 67 1480.06 1190.76 1127.41 1019.0 705.29 343.51
6920731700205-back_camera0-13.jpg 67 1459.82 1181.27 1142.66 1023.48 634.31 315.57
6920731700205-back_camera0-16.jpg 67 1476.83 1185.71 1121.7 1016.04 710.26 339.34
6920731700205-back_camera0-17.jpg 67 1487.15 1187.83 1151.99 1026.0 670.32 323.65
6920731700205-back_camera0-19.jpg 67 1497.88 1175.18 1213.77 1005.51 568.21 339.34
6920731700205-back_camera0-1.jpg 67 1340.51 1169.76 1028.12 1020.7 624.79 298.12
6920731700205-back_camera0-22.jpg 67 1496.6 1174.62 1187.8 1017.49 617.59 314.27
6920731700205-back_camera0-21.jpg 67 1495.24 1168.61 1208.51 1000.25 573.47 336.71
6920731700205-back_camera0-20.jpg 67 1491.1 1177.78 1218.97 1022.02 544.26 311.52
6920731700205-back_camera0-23.jpg 67 1489.53 1174.41 1171.59 1025.35 635.89 298.12
6920731700205-back_camera0-18.jpg 67 1479.46 1184.39 1158.53 1016.04 641.86 336.71
6920731700205-back_camera0-24.jpg 67 1476.12 1173.34 1142.77 1024.24 666.69 298.19
6920731700205-back_camera0-25.jpg 67 1465.13 1167.03 1128.42 1018.1 673.42 297.86
6920731700205-back_camera0-28.jpg 67 1417.61 1167.62 1110.64 1019.62 613.93 296.0
6920731700205-back_camera0-26.jpg 67 1446.57 1159.4 1108.54 997.62 676.06 323.56
6920731700205-back_camera0-32.jpg 67 1402.99 1161.8 1121.77 1018.16 562.44 287.28
6920731700205-back_camera0-31.jpg 67 1415.01 1162.03 1158.53 1002.88 512.96 318.3
6920731700205-back_camera0-30.jpg 67 1399.19 1166.85 1148.64 1017.79 501.1 298.12
6920731700205-back_camera0-27.jpg 67 1438.48 1169.77 1103.8 1018.42 669.36 302.7
6920731700205-back_camera0-29.jpg 67 1409.75 1164.67 1116.44 1016.04 586.62 297.26
6920731700205-back_camera0-33.jpg 67 1389.74 1162.77 1093.73 1019.39 592.02 286.76
6920731700205-back_camera0-2.jpg 67 1367.57 1173.38 1059.07 1020.04 616.99 306.68
6920731700205-back_camera0-37.jpg 67 1315.09 1166.82 986.8 1011.2 656.57 311.23
6920731700205-back_camera0-35.jpg 67 1343.95 1164.26 1021.12 1019.95 645.67 288.61
6920731700205-back_camera0-38.jpg 67 1282.16 1176.5 969.12 1016.04 626.08 320.93
6920731700205-back_camera0-34.jpg 67 1362.49 1166.17 1045.51 1021.32 633.96 289.71
6920731700205-back_camera0-36.jpg 67 1328.82 1167.32 1002.94 1021.43 651.75 291.78
6920731700205-back_camera0-39.jpg 67 1274.27 1169.92 966.49 1010.77 615.56 318.3
6920731700205-back_camera0-3.jpg 67 1368.76 1172.94 1043.9 1019.6 649.72 306.68
6920731700205-back_camera0-40.jpg 67 1301.0 1166.62 1003.17 1008.25 595.66 316.73
6920731700205-back_camera0-5.jpg 67 1357.58 1171.24 1006.9 1020.37 701.36 301.75
6920731700205-back_camera0-4.jpg 67 1367.65 1176.49 1016.47 1010.77 702.37 331.45
6920731700205-back_camera0-6.jpg 67 1358.26 1173.95 1006.56 1021.22 703.4 305.46
6920731700205-back_camera1-10.jpg 67 1254.22 1149.62 1017.42 902.63 473.61 493.97
6920731700205-back_camera0-7.jpg 67 1346.62 1179.13 990.17 1008.14 712.89 341.98
6920731700205-back_camera0-9.jpg 67 1347.93 1187.02 1027.0 1013.4 641.86 347.24
6920731700205-back_camera0-8.jpg 67 1353.7 1181.02 1026.42 1020.41 654.56 321.22
6920731700205-back_camera1-11.jpg 67 1281.96 1147.64 1024.38 890.07 515.15 515.15
6920731700205-back_camera1-14.jpg 67 1316.81 1154.74 995.22 853.25 643.17 602.97
6920731700205-back_camera1-13.jpg 67 1308.47 1152.82 998.06 850.31 620.82 605.03
6920731700205-back_camera1-12.jpg 67 1292.28 1154.84 998.94 874.83 586.68 560.02
6920731700205-back_camera1-15.jpg 67 1319.9 1145.91 1003.7 849.13 632.41 593.56
6920731700205-back_camera1-16.jpg 67 1334.77 1138.36 1013.84 850.31 641.86 576.1
6920731700205-back_camera1-18.jpg 67 1337.43 1117.77 1071.18 862.48 532.49 510.57
6920731700205-back_camera1-17.jpg 67 1333.16 1130.65 1040.85 851.29 584.62 558.72
6920731700205-back_camera1-19.jpg 67 1345.3 1098.89 1095.39 863.46 499.81 470.87
6920731700205-back_camera1-21.jpg 67 1327.11 1076.57 1046.13 900.24 561.95 352.66
6920731700205-back_camera1-20.jpg 67 1331.14 1098.5 1078.99 874.54 504.3 447.92
6920731700205-back_camera1-1.jpg 67 1226.01 1097.17 945.24 866.76 561.54 460.82
6920731700205-back_camera1-22.jpg 67 1322.93 1081.81 1016.47 887.14 612.93 389.33
6920731700205-back_camera1-23.jpg 67 1317.85 1076.85 1016.29 897.39 603.12 358.91
6920731700205-back_camera1-24.jpg 67 1301.89 1059.43 984.91 871.35 633.97 376.17
6920731700205-back_camera1-27.jpg 67 1277.36 1039.65 984.9 862.21 584.91 354.88
6920731700205-back_camera1-25.jpg 67 1295.99 1056.9 988.45 870.92 615.08 371.96
6920731700205-back_camera1-30.jpg 67 1268.12 1044.8 1038.19 908.42 459.87 272.75
6920731700205-back_camera1-26.jpg 67 1283.48 1051.55 982.28 868.72 602.4 365.65
6920731700205-back_camera1-31.jpg 67 1263.75 1050.23 1011.21 889.77 505.07 320.93
6920731700205-back_camera1-2.jpg 67 1225.2 1109.15 929.45 857.02 591.49 504.27
6920731700205-back_camera1-32.jpg 67 1237.71 1063.56 957.03 890.71 561.36 345.7
6920731700205-back_camera1-28.jpg 67 1262.08 1037.32 1002.07 873.07 520.01 328.49
6920731700205-back_camera1-29.jpg 67 1257.75 1040.76 1012.09 885.04 491.32 311.44
6920731700205-back_camera1-33.jpg 67 1215.09 1064.69 908.62 879.24 612.93 370.91
6920731700205-back_camera1-34.jpg 67 1201.95 1064.1 895.77 883.72 612.37 360.76
6920731700205-back_camera1-35.jpg 67 1186.14 1072.59 869.16 879.24 633.97 386.7
6920731700205-back_camera1-38.jpg 67 1157.73 1061.94 875.3 885.57 564.86 352.74
6920731700205-back_camera1-36.jpg 67 1179.65 1072.44 879.15 890.87 601.0 363.14
6920731700205-back_camera1-37.jpg 67 1157.21 1085.74 853.38 895.03 607.66 381.43
6920731700205-back_camera1-40.jpg 67 1186.89 1086.38 914.64 854.33 544.5 464.1
6920731700205-back_camera1-3.jpg 67 1222.18 1124.03 902.57 850.39 639.21 547.29
6920731700205-back_camera1-39.jpg 67 1156.04 1066.8 895.97 874.93 520.13 383.75
6920731700205-back_camera1-4.jpg 67 1221.47 1135.45 894.8 847.57 653.35 575.77
6920731700205-back_camera1-6.jpg 67 1220.35 1152.83 892.84 855.57 655.01 594.51
6920731700205-back_camera1-5.jpg 67 1215.02 1144.72 890.33 853.34 649.37 582.77
6920731700205-back_camera1-7.jpg 67 1219.47 1156.67 912.51 869.81 613.93 573.73
6920731700205-back_camera2-11.jpg 67 1321.62 862.14 1071.72 642.49 499.81 439.31
6920731700205-back_camera1-9.jpg 67 1234.8 1155.29 975.4 895.89 518.8 518.8
6920731700205-back_camera1-8.jpg 67 1229.75 1158.65 956.2 886.69 547.09 543.92
6920731700205-back_camera2-10.jpg 67 1326.88 870.04 1084.87 655.65 484.03 428.78
6920731700205-back_camera2-13.jpg 67 1312.82 839.11 1029.34 575.99 566.95 526.23
6920731700205-back_camera2-12.jpg 67 1314.42 849.62 1047.33 602.24 534.18 494.76
6920731700205-back_camera2-14.jpg 67 1307.16 818.79 1016.25 544.84 581.83 547.89
6920731700205-back_camera2-15.jpg 67 1305.51 812.44 1017.36 540.48 576.29 543.92
6920731700205-back_camera2-16.jpg 67 1292.59 801.13 1013.81 530.19 557.55 541.89
6920731700205-back_camera2-17.jpg 67 1287.54 793.63 1024.5 534.23 526.08 518.8
6920731700205-back_camera2-19.jpg 67 1268.89 791.65 1054.81 567.27 428.16 448.77
6920731700205-back_camera2-20.jpg 67 1266.73 800.3 1061.27 578.47 410.92 443.65
6920731700205-back_camera2-1.jpg 67 1272.95 909.49 1042.78 650.38 460.35 518.22
6920731700205-back_camera2-18.jpg 67 1279.57 787.34 1039.95 546.15 479.24 482.38
6920731700205-back_camera2-21.jpg 67 1262.34 819.63 1027.08 578.97 470.53 481.32
6920731700205-back_camera2-23.jpg 67 1242.06 822.95 979.71 554.89 524.69 536.12
6920731700205-back_camera2-22.jpg 67 1255.26 818.44 1009.24 567.67 492.04 501.55
6920731700205-back_camera2-24.jpg 67 1220.35 830.58 942.82 539.9 555.05 581.36
6920731700205-back_camera2-25.jpg 67 1213.6 830.8 932.98 551.4 561.23 558.8
6920731700205-back_camera2-28.jpg 67 1184.59 854.24 938.0 622.72 493.17 463.04
6920731700205-back_camera2-26.jpg 67 1197.99 841.1 913.88 558.31 568.21 565.58
6920731700205-back_camera2-29.jpg 67 1192.37 856.89 952.75 632.93 479.24 447.92
6920731700205-back_camera2-27.jpg 67 1196.6 846.12 930.62 586.89 531.96 518.46
6920731700205-back_camera2-2.jpg 67 1270.33 910.81 1008.58 639.86 523.49 541.9
6920731700205-back_camera2-30.jpg 67 1205.29 857.31 982.49 655.92 445.6 402.78
6920731700205-back_camera2-34.jpg 67 1234.81 918.71 953.34 629.34 562.94 578.73
6920731700205-back_camera2-33.jpg 67 1227.09 895.89 954.56 624.05 545.05 543.69
6920731700205-back_camera2-32.jpg 67 1222.66 892.25 955.64 629.9 534.04 524.69
6920731700205-back_camera2-35.jpg 67 1234.81 923.97 955.97 634.6 557.68 578.73
6920731700205-back_camera2-31.jpg 67 1220.99 867.84 986.3 638.69 469.39 458.29
6920731700205-back_camera2-37.jpg 67 1244.41 940.34 978.17 669.39 532.49 541.89
6920731700205-back_camera2-38.jpg 67 1255.86 942.38 1005.95 674.06 499.81 536.64
6920731700205-back_camera2-39.jpg 67 1260.75 944.02 1036.33 704.02 448.84 480.01
6920731700205-back_camera2-36.jpg 67 1240.09 930.36 966.54 649.68 547.09 561.36
6920731700205-back_camera2-3.jpg 67 1288.74 901.61 1005.95 610.93 565.58 581.36
6920731700205-back_camera2-4.jpg 67 1308.03 902.12 1029.58 606.53 556.9 591.19
6920731700205-back_camera2-5.jpg 67 1323.4 903.33 1033.66 604.19 579.48 598.27
6920731700205-back_camera2-40.jpg 67 1265.06 930.54 1050.67 689.84 428.78 481.4
6920731700205-back_camera3-16.jpg 67 1375.93 1304.73 1057.13 1107.76 637.59 393.95
6920731700205-back_camera3-10.jpg 67 1366.35 1285.67 1076.98 1116.0 578.73 339.34
6920731700205-back_camera2-6.jpg 67 1313.72 893.71 1016.47 603.03 594.51 581.36
6920731700205-back_camera3-11.jpg 67 1379.99 1290.82 1088.46 1115.66 583.05 350.31
6920731700205-back_camera2-9.jpg 67 1334.78 876.62 1092.76 624.08 484.03 505.07
6920731700205-back_camera3-13.jpg 67 1381.94 1300.25 1053.05 1102.91 657.78 394.67
6920731700205-back_camera2-7.jpg 67 1336.43 891.2 1061.27 617.26 550.32 547.89
6920731700205-back_camera3-12.jpg 67 1371.6 1292.24 1053.3 1105.47 636.6 373.54
6920731700205-back_camera3-14.jpg 67 1379.6 1304.96 1044.44 1104.49 670.31 400.94
6920731700205-back_camera2-8.jpg 67 1342.49 882.73 1084.3 625.75 516.38 513.95
6920731700205-back_camera3-15.jpg 67 1379.5 1308.03 1040.15 1100.21 678.69 415.63
6920731700205-back_camera3-19.jpg 67 1392.65 1308.03 1124.33 1118.63 536.64 378.8
6920731700205-back_camera3-18.jpg 67 1375.41 1303.81 1104.5 1120.77 541.83 366.07
6920731700205-back_camera3-17.jpg 67 1370.53 1305.1 1073.54 1115.49 593.98 379.22
6920731700205-back_camera3-20.jpg 67 1415.01 1311.98 1132.22 1108.11 565.58 407.74
6920731700205-back_camera3-1.jpg 67 1405.05 1264.12 1116.88 1118.47 576.34 291.3
6920731700205-back_camera3-21.jpg 67 1424.22 1317.24 1126.96 1113.37 594.51 407.74
6920731700205-back_camera3-23.jpg 67 1432.49 1330.78 1097.93 1122.29 669.11 416.98
6920731700205-back_camera3-24.jpg 67 1426.85 1326.44 1082.24 1102.84 689.21 447.2
6920731700205-back_camera3-25.jpg 67 1426.74 1322.18 1086.79 1120.37 679.9 403.62
6920731700205-back_camera3-2.jpg 67 1396.6 1265.94 1087.5 1110.74 618.19 310.41
6920731700205-back_camera3-27.jpg 67 1420.52 1313.37 1110.82 1121.85 619.41 383.04
6920731700205-back_camera3-22.jpg 67 1435.0 1327.18 1120.34 1119.9 629.32 414.56
6920731700205-back_camera3-28.jpg 67 1419.64 1302.8 1131.86 1120.37 575.57 364.86
6920731700205-back_camera3-26.jpg 67 1427.94 1316.86 1093.26 1107.95 669.36 417.81
6920731700205-back_camera3-30.jpg 67 1450.28 1283.53 1172.77 1114.64 555.02 337.77
6920731700205-back_camera3-29.jpg 67 1428.24 1296.56 1150.05 1124.43 556.38 344.25
6920731700205-back_camera3-32.jpg 67 1440.84 1261.92 1130.82 1112.86 620.03 298.12
6920731700205-back_camera3-31.jpg 67 1443.12 1269.0 1149.78 1116.27 586.68 305.46
6920731700205-back_camera3-33.jpg 67 1428.36 1263.28 1106.45 1114.22 643.82 298.12
6920731700205-back_camera3-34.jpg 67 1415.64 1260.02 1092.94 1110.16 645.41 299.71
6920731700205-back_camera3-37.jpg 67 1384.2 1261.03 1094.46 1112.24 579.48 297.57
6920731700205-back_camera3-35.jpg 67 1403.62 1262.86 1085.67 1115.38 635.89 294.95
6920731700205-back_camera3-7.jpg 67 1342.28 1268.25 1036.23 1120.78 612.1 294.95
6920731700205-back_camera3-5.jpg 67 1363.94 1269.56 1032.32 1122.48 663.25 294.15
6920731700205-back_camera3-4.jpg 67 1370.93 1260.72 1042.67 1118.0 656.51 285.44
6920731700205-back_camera3-36.jpg 67 1392.26 1260.62 1081.64 1107.13 621.24 306.97
6920731700205-back_camera3-38.jpg 67 1372.03 1258.88 1108.38 1113.42 527.29 290.92
6920731700205-back_camera3-9.jpg 67 1345.44 1273.0 1068.86 1118.52 553.17 308.96
6920731700205-back_camera3-3.jpg 67 1379.91 1263.48 1057.48 1116.4 644.87 294.15
6920731700205-back_camera3-8.jpg 67 1341.47 1273.72 1049.23 1125.57 584.47 296.31
6920731700205-back_camera3-39.jpg 67 1381.83 1256.35 1137.62 1111.12 488.42 290.46
6920731700205-back_camera3-6.jpg 67 1350.53 1263.79 1017.79 1115.9 665.47 295.77
6920731700205_camera0-10.jpg 67 1369.49 989.37 1066.18 841.37 606.62 296.0
6920731700205-back_camera3-40.jpg 67 1410.95 1259.72 1157.45 1119.72 506.99 280.0
6920731700205_camera0-12.jpg 67 1413.39 991.68 1114.6 844.41 597.59 294.55
6920731700205_camera0-11.jpg 67 1386.07 984.47 1084.87 829.26 602.4 310.41
6920731700205_camera0-13.jpg 67 1416.66 990.65 1106.65 849.52 620.03 282.27
6920731700205_camera0-14.jpg 67 1412.97 999.01 1073.49 839.43 678.95 319.16
6920731700205_camera0-15.jpg 67 1400.58 999.88 1062.39 853.82 676.38 292.13
6920731700205_camera0-16.jpg 67 1392.64 1005.51 1050.67 839.79 683.95 331.45
6920731700205_camera0-22.jpg 67 1455.88 995.91 1183.92 853.45 543.92 284.91
6920731700205_camera0-1.jpg 67 1446.35 983.85 1197.05 844.09 498.59 279.51
6920731700205_camera0-17.jpg 67 1383.72 1001.94 1051.38 848.5 664.67 306.88
6920731700205_camera0-24.jpg 67 1472.97 1000.66 1149.47 861.12 646.99 279.09
6920731700205_camera0-18.jpg 67 1380.8 1012.09 1058.56 863.46 644.49 297.26
6920731700205_camera0-19.jpg 67 1386.94 1004.69 1079.98 851.2 613.93 306.97
6920731700205_camera0-25.jpg 67 1474.67 1006.81 1135.98 860.44 677.39 292.74
6920731700205_camera0-20.jpg 67 1383.22 1004.19 1113.64 863.06 539.16 282.27
6920731700205_camera0-23.jpg 67 1462.36 1010.77 1155.89 850.31 612.93 320.93
6920731700205_camera0-21.jpg 67 1424.64 1001.88 1164.58 862.33 520.13 279.09
6920731700205_camera0-26.jpg 67 1480.7 997.98 1134.94 854.44 691.53 287.08
6920731700205_camera0-27.jpg 67 1478.86 999.25 1139.37 856.79 678.97 284.91
6920731700205_camera0-2.jpg 67 1445.26 985.78 1174.31 829.26 541.9 313.04
6920731700205_camera0-32.jpg 67 1500.07 996.66 1215.21 853.63 569.71 286.07
6920731700205_camera0-29.jpg 67 1479.22 1003.27 1170.12 847.66 618.2 311.23
6920731700205_camera0-34.jpg 67 1485.09 992.2 1164.76 854.24 640.65 275.92
6920731700205_camera0-28.jpg 67 1479.45 1000.25 1153.26 839.79 652.38 320.93
6920731700205_camera0-33.jpg 67 1492.15 990.62 1181.03 848.49 622.24 284.25
6920731700205_camera0-37.jpg 67 1457.52 986.82 1137.99 851.23 639.06 271.17
6920731700205_camera0-30.jpg 67 1480.88 994.89 1195.23 845.53 571.3 298.72
6920731700205_camera0-31.jpg 67 1488.55 992.42 1226.12 848.78 524.86 287.28
6920731700205_camera0-36.jpg 67 1465.13 988.51 1135.82 853.45 658.62 270.11
6920731700205_camera0-38.jpg 67 1444.66 986.79 1139.2 851.64 610.93 270.31
6920731700205_camera0-35.jpg 67 1478.14 987.11 1145.37 839.79 665.54 294.63
6920731700205_camera0-39.jpg 67 1434.61 983.76 1149.17 849.77 570.88 267.99
6920731700205_camera0-3.jpg 67 1446.13 983.33 1152.18 842.72 587.9 281.22
6920731700205_camera0-40.jpg 67 1421.58 985.78 1150.63 850.31 541.9 270.95
6920731700205_camera0-8.jpg 67 1385.65 983.75 1052.64 841.82 666.02 283.85
6920731700205_camera0-7.jpg 67 1399.97 988.27 1052.81 840.27 694.33 296.0
6920731700205_camera1-10.jpg 67 1229.55 1088.38 961.23 895.03 536.64 386.7
6920731700205_camera0-5.jpg 67 1421.5 980.96 1084.1 839.9 674.8 282.13
6920731700205_camera0-4.jpg 67 1441.08 984.8 1124.72 846.05 632.72 277.51
6920731700205_camera0-6.jpg 67 1418.95 989.73 1071.72 837.16 694.47 305.15
6920731700205_camera1-12.jpg 67 1273.2 1114.84 1006.0 916.62 534.4 396.44
6920731700205_camera1-15.jpg 67 1276.02 1116.07 949.34 888.18 653.35 455.77
6920731700205_camera0-9.jpg 67 1376.86 988.42 1050.67 837.16 652.38 302.52
6920731700205_camera1-13.jpg 67 1275.76 1117.48 983.98 903.4 583.56 428.16
6920731700205_camera1-11.jpg 67 1257.12 1099.21 1017.63 914.79 478.97 368.84
6920731700205_camera1-18.jpg 67 1270.33 1100.21 963.86 892.4 612.93 415.63
6920731700205_camera1-16.jpg 67 1275.04 1114.3 947.58 883.05 654.92 462.51
6920731700205_camera1-17.jpg 67 1273.93 1107.66 947.73 884.82 652.41 445.68
6920731700205_camera1-14.jpg 67 1267.7 1117.32 945.45 889.77 644.49 455.09
6920731700205_camera1-20.jpg 67 1275.22 1074.82 999.45 898.45 551.53 352.74
6920731700205_camera1-19.jpg 67 1270.88 1092.11 976.72 899.7 588.32 384.81
6920731700205_camera1-21.jpg 67 1299.26 1066.02 1024.37 858.2 549.79 415.63
6920731700205_camera1-22.jpg 67 1318.82 1069.29 1029.6 840.5 578.45 457.58
6920731700205_camera1-1.jpg 67 1222.84 1079.43 961.01 889.73 523.65 379.4
6920731700205_camera1-26.jpg 67 1288.63 1052.85 966.45 780.34 644.36 545.02
6920731700205_camera1-25.jpg 67 1298.76 1057.67 979.34 797.38 638.84 520.58
6920731700205_camera1-23.jpg 67 1314.61 1062.3 1013.3 820.21 602.61 484.17
6920731700205_camera1-24.jpg 67 1309.67 1064.62 995.16 810.23 629.02 508.77
6920731700205_camera1-28.jpg 67 1270.21 1045.89 981.11 785.89 578.2 520.01
6920731700205_camera1-31.jpg 67 1277.35 1053.26 1044.24 825.7 466.21 455.11
6920731700205_camera1-27.jpg 67 1271.64 1044.97 955.97 776.65 631.34 536.64
6920731700205_camera1-29.jpg 67 1262.27 1042.7 991.32 792.12 541.89 501.17
6920731700205_camera1-2.jpg 67 1226.12 1068.99 946.11 885.15 560.02 367.69
6920731700205_camera1-30.jpg 67 1257.0 1046.27 1015.17 813.17 483.66 466.21
6920731700205_camera1-32.jpg 67 1275.59 1056.81 1008.58 816.11 534.01 481.4
6920731700205_camera1-34.jpg 67 1265.07 1059.39 961.68 797.57 606.77 523.65
6920731700205_camera1-33.jpg 67 1275.12 1058.13 995.6 811.36 559.03 493.55
6920731700205_camera1-36.jpg 67 1244.02 1075.22 913.88 795.07 660.28 560.31
6920731700205_camera1-3.jpg 67 1220.99 1074.28 918.72 867.55 604.54 413.46
6920731700205_camera1-38.jpg 67 1232.31 1071.99 922.58 823.95 619.46 496.07
6920731700205_camera1-35.jpg 67 1255.38 1068.53 940.57 802.03 629.63 533.0
6920731700205_camera1-37.jpg 67 1237.35 1073.25 917.54 813.88 639.61 518.74
6920731700205_camera1-4.jpg 67 1228.24 1068.65 916.51 845.05 623.45 447.2
6920731700205_camera1-40.jpg 67 1227.99 1076.95 958.61 854.56 538.76 444.79
6920731700205_camera1-39.jpg 67 1227.26 1078.28 937.68 839.06 579.17 478.45
6920731700205_camera1-5.jpg 67 1216.43 1077.06 892.27 854.19 648.33 445.73
6920731700205_camera2-10.jpg 67 1286.11 877.92 1037.52 647.75 497.18 460.35
6920731700205_camera1-7.jpg 67 1219.72 1078.28 904.95 854.17 629.53 448.23
6920731700205_camera1-6.jpg 67 1214.87 1077.53 885.98 850.44 657.78 454.18
6920731700205_camera1-9.jpg 67 1223.78 1079.94 942.8 876.89 561.95 406.1
6920731700205_camera1-8.jpg 67 1215.93 1075.76 909.98 856.68 611.91 438.16
6920731700205_camera2-11.jpg 67 1297.95 871.36 1055.93 658.28 484.03 426.15
6920731700205_camera2-13.jpg 67 1316.66 852.9 1048.48 587.24 536.36 531.33
6920731700205_camera2-17.jpg 67 1297.03 842.73 1012.17 554.23 569.71 576.99
6920731700205_camera2-12.jpg 67 1317.78 865.34 1069.61 632.23 496.34 466.21
6920731700205_camera2-14.jpg 67 1312.78 853.74 1025.51 570.49 574.55 566.5
6920731700205_camera2-15.jpg 67 1307.94 845.14 1016.42 555.44 583.05 579.41
6920731700205_camera2-18.jpg 67 1286.11 842.41 1021.73 553.05 528.75 578.73
6920731700205_camera2-16.jpg 67 1308.24 845.85 1019.63 550.76 577.22 590.17
6920731700205_camera2-19.jpg 67 1281.28 839.09 1028.54 571.2 505.47 535.77
6920731700205_camera2-1.jpg 67 1258.85 901.54 1059.97 672.14 397.76 458.81
6920731700205_camera2-22.jpg 67 1267.7 824.0 1027.0 568.84 481.4 510.33
6920731700205_camera2-20.jpg 67 1263.75 842.41 1032.26 589.88 462.98 505.07
6920731700205_camera2-25.jpg 67 1257.03 823.94 966.72 531.2 580.62 585.47
6920731700205_camera2-21.jpg 67 1276.58 830.01 1077.7 596.91 397.76 466.21
6920731700205_camera2-23.jpg 67 1257.17 835.83 995.43 555.68 523.49 560.31
6920731700205_camera2-24.jpg 67 1265.46 822.52 993.5 541.84 543.92 561.36
6920731700205_camera2-27.jpg 67 1250.47 836.94 945.82 540.99 609.31 591.9
6920731700205_camera2-26.jpg 67 1252.18 831.21 960.66 542.11 583.05 578.2
6920731700205_camera2-30.jpg 67 1240.08 856.88 984.91 621.45 510.33 470.87
6920731700205_camera2-2.jpg 67 1266.38 910.16 1039.61 663.57 453.53 493.17
6920731700205_camera2-28.jpg 67 1249.28 843.74 961.23 568.84 576.1 549.79
6920731700205_camera2-31.jpg 67 1237.38 850.52 1005.16 652.07 464.43 396.89
6920731700205_camera2-29.jpg 67 1242.7 852.93 971.75 597.77 541.9 510.33
6920731700205_camera2-33.jpg 67 1228.2 858.99 960.2 605.27 535.99 507.44
6920731700205_camera2-32.jpg 67 1232.33 860.7 984.42 629.44 495.82 462.51
6920731700205_camera2-34.jpg 67 1215.08 863.46 927.03 584.62 576.1 557.68
6920731700205_camera2-36.jpg 67 1230.37 870.6 937.63 583.32 585.47 574.56
6920731700205_camera2-38.jpg 67 1245.33 877.93 974.38 595.14 541.9 565.58
6920731700205_camera2-37.jpg 67 1237.88 871.99 955.75 586.16 564.27 571.67
6920731700205_camera2-35.jpg 67 1224.28 872.67 924.4 579.36 599.77 586.62
6920731700205_camera2-40.jpg 67 1257.93 875.96 1030.96 636.25 453.95 479.41
6920731700205_camera2-39.jpg 67 1248.62 876.99 997.94 617.98 501.37 518.02
6920731700205_camera2-3.jpg 67 1262.43 908.18 998.06 639.86 528.75 536.64
6920731700205_camera2-4.jpg 67 1275.77 908.94 1004.6 629.06 542.33 559.77
6920731700205_camera2-7.jpg 67 1282.42 895.19 991.21 612.88 582.43 564.62
6920731700205_camera2-9.jpg 67 1283.47 887.13 1011.21 634.6 544.53 505.07
6920731700205_camera2-5.jpg 67 1279.2 904.33 995.22 616.64 567.97 575.37
6920731700205_camera2-8.jpg 67 1278.22 892.4 987.54 618.82 581.36 547.16
6920731700205_camera3-11.jpg 67 1395.13 1321.51 1115.73 1171.2 558.8 300.61
6920731700205_camera2-6.jpg 67 1282.04 900.09 990.26 612.27 583.56 575.63
6920731700205_camera3-14.jpg 67 1396.59 1322.5 1048.04 1168.61 697.1 307.78
6920731700205_camera3-10.jpg 67 1381.05 1324.39 1119.91 1161.91 522.27 324.97
6920731700205_camera3-12.jpg 67 1399.99 1321.67 1089.97 1171.02 620.03 301.3
6920731700205_camera3-18.jpg 67 1378.18 1331.7 1079.61 1176.5 597.14 310.41
6920731700205_camera3-16.jpg 67 1388.32 1325.09 1047.53 1169.24 681.58 311.7
6920731700205_camera3-13.jpg 67 1404.26 1327.3 1067.68 1167.72 673.15 319.16
6920731700205_camera3-15.jpg 67 1392.29 1325.83 1051.35 1172.01 681.88 307.64
6920731700205_camera3-17.jpg 67 1388.7 1325.13 1061.19 1165.98 655.01 318.3
6920731700205_camera3-19.jpg 67 1393.62 1325.22 1099.07 1169.46 589.11 311.52
6920731700205_camera3-1.jpg 67 1340.43 1321.5 1038.67 1150.31 603.51 342.38
6920731700205_camera3-21.jpg 67 1438.68 1322.5 1121.7 1144.93 633.97 355.13
6920731700205_camera3-22.jpg 67 1440.15 1316.48 1118.24 1152.36 643.82 328.25
6920731700205_camera3-23.jpg 67 1427.01 1314.47 1093.66 1150.83 666.69 327.28
6920731700205_camera3-24.jpg 67 1422.9 1323.81 1082.24 1144.93 681.32 357.76
6920731700205_camera3-20.jpg 67 1436.17 1327.3 1131.52 1156.11 609.31 342.38
6920731700205_camera3-27.jpg 67 1383.58 1306.76 1084.79 1142.11 597.57 329.31
6920731700205_camera3-26.jpg 67 1392.64 1310.66 1066.45 1137.04 652.38 347.24
6920731700205_camera3-25.jpg 67 1407.57 1309.44 1076.14 1143.73 662.85 331.42
6920731700205_camera3-28.jpg 67 1375.9 1307.8 1096.5 1143.55 558.8 328.49
6920731700205_camera3-2.jpg 67 1337.4 1326.45 1019.1 1152.83 636.6 347.24
6920731700205_camera3-29.jpg 67 1378.14 1318.59 1114.11 1144.5 528.07 348.18
6920731700205_camera3-30.jpg 67 1396.59 1311.98 1134.85 1139.67 523.49 344.61
6920731700205_camera3-31.jpg 67 1407.9 1312.15 1132.77 1151.2 550.26 321.91
6920731700205_camera3-33.jpg 67 1385.89 1325.03 1069.52 1145.03 632.75 360.01
6920731700205_camera3-37.jpg 67 1351.88 1331.71 1024.37 1152.83 655.01 357.76
6920731700205_camera3-36.jpg 67 1360.79 1327.26 1030.5 1159.39 660.58 335.73
6920731700205_camera3-32.jpg 67 1396.86 1313.48 1091.72 1138.07 610.28 350.82
6920731700205_camera3-35.jpg 67 1374.24 1329.07 1034.89 1142.3 678.69 373.54
6920731700205_camera3-38.jpg 67 1340.85 1328.55 1038.21 1163.8 605.27 329.5
6920731700205_camera3-34.jpg 67 1370.29 1315.92 1034.89 1137.04 670.8 357.76
6920731700205_camera3-3.jpg 67 1340.12 1328.37 1008.7 1165.83 662.85 325.08
6920731700205_camera3-40.jpg 67 1356.8 1324.43 1087.7 1158.97 538.2 330.92
6920731700205_camera3-39.jpg 67 1338.72 1325.13 1055.93 1152.83 565.57 344.61
6920731700205_camera3-5.jpg 67 1338.05 1327.75 986.32 1159.35 703.46 336.81
6920731700205_camera3-4.jpg 67 1338.55 1327.97 994.44 1167.81 688.22 320.32
6920731700205_camera3-6.jpg 67 1321.62 1321.18 974.38 1158.09 694.47 326.19
6920731700205_camera3-9.jpg 67 1341.5 1317.86 1078.46 1163.0 526.08 309.71
6920731700205_camera3-7.jpg 67 1331.68 1323.3 1015.32 1169.48 632.72 307.64
6920731700205_camera3-8.jpg 67 1337.4 1326.44 1037.52 1160.72 599.77 331.45
