6956367187172-back_camera0-11.jpg 68 1484.59 1062.2 1065.75 946.75 837.67 230.9
6956367187172-back_camera0-13.jpg 68 1516.62 1059.29 1040.4 949.19 952.43 220.19
6956367187172-back_camera0-10.jpg 68 1420.4 1064.03 1000.67 945.0 839.46 238.06
6956367187172-back_camera0-12.jpg 68 1514.22 1059.37 1071.0 950.74 886.44 217.25
6956367187172-back_camera0-14.jpg 68 1519.81 1062.94 1009.24 937.65 1021.13 250.58
6956367187172-back_camera0-1.jpg 68 1401.87 1059.57 937.5 921.74 928.73 275.66
6956367187172-back_camera0-19.jpg 68 1444.78 1054.23 989.67 930.28 910.23 247.91
6956367187172-back_camera0-18.jpg 68 1468.15 1056.14 976.25 930.15 983.8 251.99
6956367187172-back_camera0-16.jpg 68 1492.37 1061.73 974.35 937.78 1036.03 247.91
6956367187172-back_camera0-15.jpg 68 1492.61 1072.6 963.86 939.75 1057.49 265.69
6956367187172-back_camera0-17.jpg 68 1479.62 1058.13 969.16 937.26 1020.92 241.74
6956367187172-back_camera0-22.jpg 68 1520.99 1058.86 1044.1 921.82 953.79 274.08
6956367187172-back_camera0-20.jpg 68 1466.49 1048.06 1020.78 924.67 891.42 246.78
6956367187172-back_camera0-21.jpg 68 1509.28 1056.65 1063.41 928.07 891.73 257.16
6956367187172-back_camera0-23.jpg 68 1503.99 1070.83 1011.87 922.82 984.23 296.01
6956367187172-back_camera0-24.jpg 68 1480.38 1060.38 969.81 908.47 1021.13 303.83
6956367187172-back_camera0-27.jpg 68 1414.51 1064.97 926.71 916.04 975.6 297.86
6956367187172-back_camera0-25.jpg 68 1451.84 1064.7 934.93 902.92 1033.82 323.56
6956367187172-back_camera0-33.jpg 68 1435.74 1057.41 984.63 918.2 902.21 278.43
6956367187172-back_camera0-30.jpg 68 1380.34 1064.25 984.27 917.48 792.13 293.54
6956367187172-back_camera0-26.jpg 68 1436.63 1065.31 930.77 915.45 1011.72 299.71
6956367187172-back_camera0-34.jpg 68 1418.06 1059.21 932.42 916.76 971.28 284.91
6956367187172-back_camera0-28.jpg 68 1396.17 1065.68 934.27 913.52 923.8 304.33
6956367187172-back_camera0-31.jpg 68 1438.76 1059.83 1049.33 920.15 778.87 279.36
6956367187172-back_camera0-2.jpg 68 1443.28 1055.61 980.31 923.95 925.95 263.32
6956367187172-back_camera0-32.jpg 68 1451.5 1056.4 1032.66 915.45 837.67 281.91
6956367187172-back_camera0-29.jpg 68 1379.1 1063.63 954.51 913.78 849.18 299.71
6956367187172-back_camera0-35.jpg 68 1401.56 1063.94 898.34 919.64 1006.43 288.61
6956367187172-back_camera0-37.jpg 68 1362.14 1063.26 852.36 917.08 1019.57 292.35
6956367187172-back_camera0-36.jpg 68 1380.28 1063.07 870.59 915.99 1019.38 294.16
6956367187172-back_camera0-38.jpg 68 1341.48 1066.06 851.53 921.44 979.91 289.23
6956367187172-back_camera0-39.jpg 68 1337.92 1062.49 868.92 912.54 938.01 299.91
6956367187172-back_camera0-5.jpg 68 1423.09 1066.18 889.55 929.14 1067.07 274.08
6956367187172-back_camera0-3.jpg 68 1442.16 1062.3 945.42 928.17 993.48 268.26
6956367187172-back_camera0-8.jpg 68 1397.61 1064.96 919.52 936.54 956.17 256.85
6956367187172-back_camera0-9.jpg 68 1390.41 1065.48 955.65 944.3 869.53 242.36
6956367187172-back_camera0-7.jpg 68 1404.07 1068.96 889.93 936.06 1028.29 265.8
6956367187172-back_camera0-4.jpg 68 1428.9 1056.29 911.81 929.56 1034.18 253.46
6956367187172-back_camera1-10.jpg 68 1236.64 1195.94 864.72 899.23 743.84 593.43
6956367187172-back_camera0-40.jpg 68 1371.92 1066.4 908.34 925.45 927.16 281.91
6956367187172-back_camera0-6.jpg 68 1402.63 1058.86 883.54 929.35 1038.19 259.01
6956367187172-back_camera1-12.jpg 68 1295.08 1215.34 879.59 874.31 830.98 682.05
6956367187172-back_camera1-11.jpg 68 1289.04 1197.47 912.68 882.32 752.72 630.3
6956367187172-back_camera1-14.jpg 68 1301.82 1218.56 820.05 843.38 963.53 750.36
6956367187172-back_camera1-15.jpg 68 1297.05 1208.63 814.82 831.24 964.45 754.78
6956367187172-back_camera1-13.jpg 68 1305.84 1221.22 869.16 855.57 873.35 731.3
6956367187172-back_camera1-16.jpg 68 1299.57 1197.49 819.93 830.83 959.27 733.31
6956367187172-back_camera1-17.jpg 68 1298.32 1194.88 850.6 848.0 895.43 693.77
6956367187172-back_camera1-18.jpg 68 1296.58 1182.7 863.66 865.42 865.83 634.57
6956367187172-back_camera1-19.jpg 68 1297.86 1163.01 893.37 880.94 808.97 564.13
6956367187172-back_camera1-1.jpg 68 1208.8 1141.22 778.67 844.27 860.26 593.91
6956367187172-back_camera1-25.jpg 68 1311.63 1137.45 849.55 748.4 924.16 778.1
6956367187172-back_camera1-24.jpg 68 1327.87 1150.88 846.1 780.85 963.53 740.06
6956367187172-back_camera1-26.jpg 68 1295.93 1123.43 829.82 732.6 932.22 781.67
6956367187172-back_camera1-22.jpg 68 1354.8 1152.39 908.01 814.6 893.58 675.58
6956367187172-back_camera1-20.jpg 68 1338.72 1158.09 942.82 887.14 791.81 541.9
6956367187172-back_camera1-21.jpg 68 1351.2 1153.83 930.31 849.49 841.78 608.67
6956367187172-back_camera1-23.jpg 68 1313.15 1153.99 825.0 780.7 976.3 746.58
6956367187172-back_camera1-27.jpg 68 1281.11 1128.09 844.41 757.17 873.39 741.83
6956367187172-back_camera1-28.jpg 68 1262.55 1118.72 860.16 777.39 804.78 682.67
6956367187172-back_camera1-2.jpg 68 1204.67 1152.39 746.83 823.59 915.68 657.6
6956367187172-back_camera1-29.jpg 68 1258.18 1099.65 906.67 778.67 703.02 641.97
6956367187172-back_camera1-30.jpg 68 1278.56 1091.59 928.25 792.43 700.61 598.32
6956367187172-back_camera1-31.jpg 68 1288.11 1104.64 911.71 766.61 752.8 676.06
6956367187172-back_camera1-32.jpg 68 1266.98 1110.89 833.68 738.39 866.6 745.0
6956367187172-back_camera1-33.jpg 68 1245.54 1101.72 805.22 725.23 880.63 752.97
6956367187172-back_camera1-36.jpg 68 1197.18 1121.99 727.69 742.57 938.97 758.84
6956367187172-back_camera1-3.jpg 68 1189.19 1174.43 745.8 839.95 886.79 668.95
6956367187172-back_camera1-38.jpg 68 1171.85 1115.8 735.76 780.85 872.17 669.89
6956367187172-back_camera1-35.jpg 68 1232.18 1104.16 769.2 710.89 925.96 786.54
6956367187172-back_camera1-34.jpg 68 1238.03 1109.92 785.43 724.88 905.2 770.09
6956367187172-back_camera1-40.jpg 68 1195.48 1117.11 793.55 836.02 803.87 562.18
6956367187172-back_camera1-39.jpg 68 1168.42 1119.14 753.45 810.69 829.94 616.91
6956367187172-back_camera1-6.jpg 68 1174.66 1196.31 698.42 823.64 952.48 745.33
6956367187172-back_camera1-4.jpg 68 1198.3 1177.16 711.93 816.88 972.75 720.56
6956367187172-back_camera1-7.jpg 68 1173.65 1198.66 718.68 840.54 909.94 716.25
6956367187172-back_camera1-5.jpg 68 1190.1 1200.18 719.22 842.42 941.75 715.52
6956367187172-back_camera2-10.jpg 68 1316.34 883.31 974.82 575.95 683.03 614.72
6956367187172-back_camera2-11.jpg 68 1336.18 874.88 968.92 546.49 734.53 656.77
6956367187172-back_camera1-8.jpg 68 1172.25 1201.68 752.0 858.17 840.5 687.02
6956367187172-back_camera1-9.jpg 68 1183.4 1195.42 795.22 875.31 776.36 640.23
6956367187172-back_camera2-12.jpg 68 1339.89 867.26 951.38 501.88 777.02 730.77
6956367187172-back_camera2-13.jpg 68 1325.52 845.21 898.63 431.46 853.78 827.51
6956367187172-back_camera2-19.jpg 68 1294.72 815.32 970.96 449.47 647.52 731.7
6956367187172-back_camera2-16.jpg 68 1314.31 838.6 884.89 391.77 858.84 893.66
6956367187172-back_camera2-14.jpg 68 1321.59 838.65 874.99 399.94 893.19 877.43
6956367187172-back_camera2-15.jpg 68 1318.26 841.06 890.89 422.02 854.73 838.08
6956367187172-back_camera2-17.jpg 68 1314.26 822.88 897.69 401.81 833.14 842.15
6956367187172-back_camera2-1.jpg 68 1276.16 921.43 932.98 537.55 686.37 767.77
6956367187172-back_camera2-18.jpg 68 1314.31 821.2 925.51 414.99 777.6 812.42
6956367187172-back_camera2-21.jpg 68 1277.51 805.27 946.88 440.54 661.26 729.45
6956367187172-back_camera2-20.jpg 68 1288.6 802.0 991.82 452.34 593.56 699.32
6956367187172-back_camera2-22.jpg 68 1253.28 803.32 860.18 396.12 786.21 814.4
6956367187172-back_camera2-23.jpg 68 1252.09 822.44 849.3 400.63 805.57 843.63
6956367187172-back_camera2-27.jpg 68 1204.06 830.32 780.44 412.5 847.24 835.63
6956367187172-back_camera2-26.jpg 68 1228.27 824.25 799.98 406.14 856.58 836.23
6956367187172-back_camera2-24.jpg 68 1235.01 811.72 825.99 388.67 818.03 846.09
6956367187172-back_camera2-25.jpg 68 1241.77 827.41 815.25 377.68 853.04 899.46
6956367187172-back_camera2-28.jpg 68 1208.5 837.15 840.22 460.98 736.56 752.35
6956367187172-back_camera2-29.jpg 68 1218.82 854.88 845.41 522.49 746.81 664.79
6956367187172-back_camera2-31.jpg 68 1206.79 860.94 834.0 527.01 745.57 667.87
6956367187172-back_camera2-30.jpg 68 1213.7 851.06 861.97 552.62 703.46 596.88
6956367187172-back_camera2-33.jpg 68 1195.35 880.56 784.98 466.24 820.74 828.63
6956367187172-back_camera2-32.jpg 68 1199.39 879.34 782.82 490.83 833.14 777.02
6956367187172-back_camera2-34.jpg 68 1205.88 895.02 784.98 471.5 841.79 847.05
6956367187172-back_camera2-2.jpg 68 1277.35 933.0 887.91 524.14 778.87 817.73
6956367187172-back_camera2-36.jpg 68 1207.78 923.11 775.05 472.96 865.47 900.29
6956367187172-back_camera2-35.jpg 68 1208.51 910.82 782.35 484.66 852.31 852.31
6956367187172-back_camera2-38.jpg 68 1223.86 936.55 854.77 542.64 738.17 787.82
6956367187172-back_camera2-37.jpg 68 1242.7 926.6 856.01 489.92 773.39 873.35
6956367187172-back_camera2-39.jpg 68 1233.36 938.03 902.2 570.8 662.32 734.47
6956367187172-back_camera2-4.jpg 68 1296.62 939.2 870.89 498.85 851.47 880.7
6956367187172-back_camera2-3.jpg 68 1279.53 947.64 879.68 532.01 799.7 831.26
6956367187172-back_camera2-40.jpg 68 1249.23 930.49 954.15 602.1 590.17 656.77
6956367187172-back_camera2-5.jpg 68 1306.01 937.72 864.67 497.51 882.68 880.43
6956367187172-back_camera2-8.jpg 68 1319.8 916.96 937.92 544.21 763.76 745.49
6956367187172-back_camera2-6.jpg 68 1331.92 932.08 895.31 514.89 873.23 834.38
6956367187172-back_camera3-10.jpg 68 1418.37 1438.17 1005.8 1248.54 825.13 379.26
6956367187172-back_camera2-7.jpg 68 1317.67 909.5 903.36 508.33 828.63 802.33
6956367187172-back_camera2-9.jpg 68 1322.67 908.95 958.21 566.69 728.92 684.52
6956367187172-back_camera3-11.jpg 68 1428.3 1442.64 955.77 1231.25 945.06 422.79
6956367187172-back_camera3-13.jpg 68 1433.47 1438.42 916.38 1237.69 1034.18 401.46
6956367187172-back_camera3-12.jpg 68 1437.17 1440.24 932.78 1230.08 1008.78 420.32
6956367187172-back_camera3-14.jpg 68 1424.59 1433.85 901.02 1234.04 1047.13 399.61
6956367187172-back_camera3-16.jpg 68 1398.1 1428.18 877.96 1234.2 1040.27 387.97
6956367187172-back_camera3-15.jpg 68 1417.09 1434.98 886.81 1236.83 1060.57 396.31
6956367187172-back_camera3-1.jpg 68 1309.78 1407.99 827.07 1213.33 965.42 389.33
6956367187172-back_camera3-18.jpg 68 1426.59 1417.53 979.4 1242.31 894.37 350.45
6956367187172-back_camera3-17.jpg 68 1402.08 1424.53 920.53 1240.21 963.1 368.64
6956367187172-back_camera3-19.jpg 68 1481.59 1414.68 1023.27 1224.96 916.63 379.44
6956367187172-back_camera3-21.jpg 68 1488.62 1419.67 995.42 1218.94 986.39 401.46
6956367187172-back_camera3-20.jpg 68 1502.84 1413.97 1037.86 1222.19 929.97 383.55
6956367187172-back_camera3-27.jpg 68 1380.13 1404.87 962.02 1193.96 836.23 421.81
6956367187172-back_camera3-28.jpg 68 1367.35 1397.51 986.16 1195.82 762.37 403.38
6956367187172-back_camera3-25.jpg 68 1409.26 1418.84 924.55 1194.06 969.43 449.56
6956367187172-back_camera3-29.jpg 68 1413.53 1389.01 1027.36 1195.92 772.35 386.17
6956367187172-back_camera3-23.jpg 68 1450.85 1418.59 934.99 1199.51 1031.72 438.16
6956367187172-back_camera3-22.jpg 68 1473.7 1426.25 956.61 1203.34 1034.18 445.83
6956367187172-back_camera3-24.jpg 68 1431.92 1416.59 919.65 1188.04 1024.54 457.1
6956367187172-back_camera3-26.jpg 68 1390.77 1409.24 932.11 1191.24 917.32 436.0
6956367187172-back_camera3-2.jpg 68 1318.95 1419.22 801.43 1216.94 1035.05 404.56
6956367187172-back_camera3-30.jpg 68 1428.89 1391.24 1031.75 1193.75 794.29 394.99
6956367187172-back_camera3-31.jpg 68 1406.66 1404.18 966.57 1186.49 880.18 435.39
6956367187172-back_camera3-32.jpg 68 1374.58 1407.38 900.04 1186.3 949.08 442.16
6956367187172-back_camera3-33.jpg 68 1354.42 1410.03 856.6 1177.54 995.64 464.98
6956367187172-back_camera3-34.jpg 68 1339.32 1404.38 849.55 1179.01 979.55 450.75
6956367187172-back_camera3-39.jpg 68 1312.38 1399.52 853.97 1216.94 916.83 365.16
6956367187172-back_camera3-37.jpg 68 1270.37 1384.79 800.78 1194.76 939.17 380.05
6956367187172-back_camera3-5.jpg 68 1285.18 1423.27 779.04 1231.89 1012.29 382.76
6956367187172-back_camera3-36.jpg 68 1294.01 1394.27 806.69 1193.3 974.63 401.94
6956367187172-back_camera3-35.jpg 68 1312.41 1390.89 816.55 1176.5 991.73 428.78
6956367187172-back_camera3-3.jpg 68 1310.19 1418.59 796.49 1218.94 1027.4 399.3
6956367187172-back_camera3-38.jpg 68 1266.41 1396.89 817.19 1216.94 898.44 359.9
6956367187172-back_camera3-40.jpg 68 1338.71 1390.89 879.68 1202.81 918.07 376.17
6956367187172-back_camera3-6.jpg 68 1290.35 1418.42 787.87 1226.57 1004.95 383.71
6956367187172-back_camera3-4.jpg 68 1295.26 1424.52 776.52 1234.4 1037.47 380.24
6956367187172-back_camera3-8.jpg 68 1303.19 1425.78 885.5 1240.58 835.39 370.41
6956367187172-back_camera3-7.jpg 68 1275.12 1419.49 821.85 1236.92 906.53 365.13
6956367187172_camera0-11.jpg 68 1399.09 1249.78 974.82 1130.25 848.53 239.06
6956367187172-back_camera3-9.jpg 68 1355.23 1427.12 931.02 1248.05 848.42 358.13
6956367187172_camera0-10.jpg 68 1363.71 1237.01 908.62 1116.0 910.18 242.01
6956367187172_camera0-12.jpg 68 1479.98 1241.23 1046.14 1129.0 867.68 224.47
6956367187172_camera0-13.jpg 68 1477.88 1245.84 1011.59 1124.99 932.59 241.69
6956367187172_camera0-15.jpg 68 1458.41 1242.27 908.62 1118.63 1099.58 247.27
6956367187172_camera0-20.jpg 68 1426.66 1243.21 972.19 1130.25 908.95 225.92
6956367187172_camera0-16.jpg 68 1450.13 1245.74 922.58 1131.16 1055.1 229.15
6956367187172_camera0-17.jpg 68 1454.47 1246.21 921.77 1116.0 1065.39 260.43
6956367187172_camera0-19.jpg 68 1418.78 1248.47 932.78 1132.88 972.0 231.18
6956367187172_camera0-1.jpg 68 1341.84 1229.37 884.8 1111.02 914.08 236.7
6956367187172_camera0-14.jpg 68 1475.66 1255.99 970.45 1132.35 1010.43 247.28
6956367187172_camera0-18.jpg 68 1418.95 1242.27 916.51 1108.11 1004.88 268.32
6956367187172_camera0-21.jpg 68 1468.7 1243.21 1003.71 1127.62 929.97 231.18
6956367187172_camera0-23.jpg 68 1488.97 1236.56 1005.49 1130.8 966.96 211.52
6956367187172_camera0-22.jpg 68 1504.16 1236.64 1032.61 1122.37 943.1 228.55
6956367187172_camera0-24.jpg 68 1480.53 1235.4 970.69 1118.51 1019.67 233.78
6956367187172_camera0-26.jpg 68 1441.11 1235.33 932.78 1109.23 1016.66 252.19
6956367187172_camera0-25.jpg 68 1442.62 1235.69 913.88 1113.37 1057.49 244.64
6956367187172_camera0-28.jpg 68 1395.39 1230.86 931.95 1113.38 926.88 234.96
6956367187172_camera0-27.jpg 68 1425.34 1234.22 922.86 1115.45 1004.95 237.53
6956367187172_camera0-30.jpg 68 1363.62 1228.76 969.56 1106.61 788.11 244.31
6956367187172_camera0-29.jpg 68 1375.66 1228.65 958.01 1111.02 835.3 235.27
6956367187172_camera0-35.jpg 68 1392.64 1222.53 877.05 1092.32 1031.19 260.43
6956367187172_camera0-32.jpg 68 1445.05 1227.45 1037.86 1103.98 814.38 246.94
6956367187172_camera0-2.jpg 68 1386.2 1228.09 931.08 1107.83 910.23 240.51
6956367187172_camera0-31.jpg 68 1412.19 1230.37 1017.52 1108.21 789.34 244.32
6956367187172_camera0-33.jpg 68 1430.08 1220.9 976.51 1105.1 907.13 231.61
6956367187172_camera0-34.jpg 68 1416.31 1227.31 942.69 1107.98 947.23 238.66
6956367187172_camera0-36.jpg 68 1359.77 1227.79 824.44 1097.58 1070.65 260.43
6956367187172_camera0-37.jpg 68 1349.07 1233.13 826.8 1107.36 1044.54 251.54
6956367187172_camera0-38.jpg 68 1317.92 1226.85 821.85 1105.98 992.14 241.74
6956367187172_camera0-39.jpg 68 1320.27 1226.13 835.58 1103.98 969.37 244.31
6956367187172_camera0-3.jpg 68 1397.25 1236.92 922.58 1116.05 949.34 241.74
6956367187172_camera0-40.jpg 68 1308.32 1224.75 844.21 1105.98 928.21 237.53
6956367187172_camera0-5.jpg 68 1369.55 1237.64 852.61 1114.61 1033.87 246.06
6956367187172_camera0-8.jpg 68 1343.54 1242.45 842.53 1116.36 1002.02 252.19
6956367187172_camera0-9.jpg 68 1332.81 1240.66 865.05 1118.24 935.52 244.84
6956367187172_camera1-11.jpg 68 1298.98 1179.36 936.37 850.05 725.22 658.62
6956367187172_camera0-6.jpg 68 1357.06 1231.39 825.08 1101.35 1063.95 260.08
6956367187172_camera1-10.jpg 68 1240.08 1173.88 861.27 845.05 757.61 657.65
6956367187172_camera1-13.jpg 68 1318.45 1202.03 869.51 832.94 897.89 738.17
6956367187172_camera0-4.jpg 68 1387.83 1236.02 876.22 1108.12 1023.22 255.81
6956367187172_camera1-12.jpg 68 1294.0 1184.39 861.27 829.26 865.46 710.26
6956367187172_camera0-7.jpg 68 1342.66 1226.48 813.92 1097.58 1057.49 257.8
6956367187172_camera1-15.jpg 68 1299.8 1183.88 809.45 786.38 980.7 795.01
6956367187172_camera1-16.jpg 68 1282.49 1183.32 805.48 803.44 954.01 759.76
6956367187172_camera1-14.jpg 68 1305.84 1190.97 827.07 797.7 957.53 786.54
6956367187172_camera1-17.jpg 68 1283.93 1167.67 811.78 811.36 944.3 712.63
6956367187172_camera1-18.jpg 68 1272.45 1147.52 832.25 816.75 880.4 661.54
6956367187172_camera1-19.jpg 68 1280.14 1139.97 869.69 844.09 820.91 591.76
6956367187172_camera1-1.jpg 68 1225.61 1133.1 806.03 837.16 839.16 591.88
6956367187172_camera1-22.jpg 68 1320.12 1143.26 879.09 821.19 882.05 644.13
6956367187172_camera1-21.jpg 68 1312.41 1130.47 884.94 834.53 854.94 591.88
6956367187172_camera1-20.jpg 68 1304.08 1128.64 907.47 886.9 793.21 483.48
6956367187172_camera1-25.jpg 68 1289.12 1149.78 812.23 778.86 953.79 741.83
6956367187172_camera1-26.jpg 68 1271.34 1128.64 816.81 763.51 909.05 730.26
6956367187172_camera1-23.jpg 68 1312.88 1146.28 859.62 798.77 906.53 695.01
6956367187172_camera1-30.jpg 68 1270.75 1117.95 901.66 823.78 738.18 588.35
6956367187172_camera1-28.jpg 68 1242.38 1121.09 841.99 793.73 800.77 654.72
6956367187172_camera1-27.jpg 68 1258.75 1124.87 826.89 781.14 863.72 687.45
6956367187172_camera1-29.jpg 68 1250.53 1109.17 877.78 804.03 745.49 610.28
6956367187172_camera1-2.jpg 68 1243.63 1161.38 801.7 841.58 883.87 639.61
6956367187172_camera1-24.jpg 68 1304.08 1138.71 836.96 783.66 934.23 710.11
6956367187172_camera1-32.jpg 68 1258.75 1112.28 864.66 778.62 788.18 667.31
6956367187172_camera1-31.jpg 68 1282.02 1104.88 907.45 803.39 749.14 602.97
6956367187172_camera1-33.jpg 68 1244.89 1122.35 806.74 771.07 876.31 702.56
6956367187172_camera1-36.jpg 68 1202.81 1132.61 715.36 779.45 974.9 706.31
6956367187172_camera1-34.jpg 68 1231.05 1126.13 791.63 773.59 878.83 705.08
6956367187172_camera1-37.jpg 68 1190.76 1137.45 738.75 796.25 904.01 682.41
6956367187172_camera1-39.jpg 68 1174.42 1134.21 768.79 845.52 811.27 577.39
6956367187172_camera1-35.jpg 68 1225.61 1129.15 779.72 755.61 891.77 747.09
6956367187172_camera1-40.jpg 68 1202.09 1132.41 794.15 871.79 815.88 521.25
6956367187172_camera1-3.jpg 68 1229.1 1174.26 755.86 816.14 946.48 716.25
6956367187172_camera1-7.jpg 68 1207.12 1201.66 751.34 816.39 911.56 770.55
6956367187172_camera1-4.jpg 68 1231.05 1192.86 743.79 806.32 974.52 773.07
6956367187172_camera1-38.jpg 68 1189.17 1130.68 752.48 818.23 873.39 624.9
6956367187172_camera1-8.jpg 68 1208.09 1199.58 771.39 812.22 873.39 774.72
6956367187172_camera1-6.jpg 68 1214.68 1197.89 741.27 803.8 946.82 788.18
6956367187172_camera1-5.jpg 68 1213.88 1195.92 722.62 801.87 982.51 788.11
6956367187172_camera1-9.jpg 68 1208.62 1186.73 811.94 836.02 793.36 701.42
6956367187172_camera2-10.jpg 68 1321.7 874.31 975.46 562.06 692.49 624.5
6956367187172_camera2-11.jpg 68 1312.39 860.98 948.55 547.05 727.69 627.86
6956367187172_camera2-16.jpg 68 1307.58 848.14 881.87 413.27 851.41 869.74
6956367187172_camera2-12.jpg 68 1317.92 862.99 927.61 489.04 780.62 747.89
6956367187172_camera2-13.jpg 68 1304.07 864.24 887.32 481.48 833.5 765.51
6956367187172_camera2-17.jpg 68 1277.63 844.09 869.69 423.56 815.88 841.06
6956367187172_camera2-14.jpg 68 1296.9 844.4 850.07 409.18 893.66 870.45
6956367187172_camera2-15.jpg 68 1286.44 840.31 859.62 410.97 853.65 858.68
6956367187172_camera2-20.jpg 68 1259.8 817.43 966.49 482.03 586.62 670.8
6956367187172_camera2-1.jpg 68 1281.41 913.35 962.87 557.03 637.09 712.63
6956367187172_camera2-19.jpg 68 1273.51 835.89 932.09 453.75 682.84 764.28
6956367187172_camera2-21.jpg 68 1263.78 837.79 937.68 478.96 652.2 717.67
6956367187172_camera2-24.jpg 68 1247.41 846.61 831.92 416.01 830.98 861.2
6956367187172_camera2-22.jpg 68 1266.38 831.89 916.51 442.57 699.73 778.65
6956367187172_camera2-23.jpg 68 1249.93 846.61 857.1 443.71 785.66 805.8
6956367187172_camera2-18.jpg 68 1282.39 822.02 913.9 439.03 736.98 765.99
6956367187172_camera2-25.jpg 68 1237.35 841.58 814.3 413.49 846.09 856.17
6956367187172_camera2-26.jpg 68 1237.35 850.38 809.26 423.56 856.17 853.65
6956367187172_camera2-27.jpg 68 1219.08 862.19 798.83 449.25 840.5 825.89
6956367187172_camera2-28.jpg 68 1219.71 854.16 841.99 478.96 755.44 750.4
6956367187172_camera2-29.jpg 68 1227.27 871.79 862.14 534.36 730.26 674.86
6956367187172_camera2-30.jpg 68 1212.45 859.51 869.16 555.68 686.58 607.66
6956367187172_camera2-33.jpg 68 1254.96 888.16 844.51 481.48 820.91 813.36
6956367187172_camera2-2.jpg 68 1292.7 905.81 930.31 509.31 724.78 793.0
6956367187172_camera2-32.jpg 68 1213.77 888.45 813.92 508.33 799.7 760.24
6956367187172_camera2-34.jpg 68 1236.09 891.94 811.78 471.41 848.61 841.06
6956367187172_camera2-31.jpg 68 1229.83 883.31 856.04 555.68 747.58 655.26
6956367187172_camera2-35.jpg 68 1245.57 902.61 804.3 463.48 882.53 878.26
6956367187172_camera2-37.jpg 68 1233.5 901.61 832.33 489.92 802.33 823.37
6956367187172_camera2-36.jpg 68 1233.57 914.84 809.31 476.12 848.53 877.43
6956367187172_camera2-38.jpg 68 1247.41 919.63 884.8 531.84 725.22 775.59
6956367187172_camera2-39.jpg 68 1241.46 912.21 896.01 539.17 690.91 746.08
6956367187172_camera2-3.jpg 68 1286.11 906.87 877.05 479.4 818.11 854.94
6956367187172_camera2-40.jpg 68 1271.82 906.15 968.51 557.16 606.62 697.98
6956367187172_camera2-4.jpg 68 1287.7 908.31 872.21 481.48 830.98 853.65
6956367187172_camera2-5.jpg 68 1289.17 905.34 851.05 468.18 876.25 874.32
6956367187172_camera2-8.jpg 68 1311.63 893.2 904.95 514.22 813.36 757.96
6956367187172_camera2-7.jpg 68 1282.74 892.43 837.22 478.88 891.05 827.1
6956367187172_camera3-12.jpg 68 1446.58 1344.86 940.19 1123.89 1012.77 441.94
6956367187172_camera2-6.jpg 68 1297.38 896.82 860.54 470.11 873.67 853.41
6956367187172_camera3-10.jpg 68 1491.68 1336.39 1071.15 1146.27 841.06 380.24
6956367187172_camera3-14.jpg 68 1425.24 1340.41 928.25 1129.07 993.98 422.68
6956367187172_camera3-11.jpg 68 1478.14 1336.97 1013.84 1134.41 928.6 405.11
6956367187172_camera3-13.jpg 68 1443.69 1346.35 940.61 1126.78 1006.17 439.13
6956367187172_camera2-9.jpg 68 1304.79 879.71 927.07 534.36 755.44 690.69
6956367187172_camera3-15.jpg 68 1411.73 1332.86 916.67 1130.2 990.12 405.31
6956367187172_camera3-16.jpg 68 1391.33 1321.18 911.25 1129.15 960.16 384.06
6956367187172_camera3-17.jpg 68 1374.21 1322.14 926.55 1133.94 895.32 376.4
6956367187172_camera3-18.jpg 68 1391.88 1314.1 950.17 1141.22 883.42 345.76
6956367187172_camera3-19.jpg 68 1420.27 1301.45 982.28 1126.52 875.98 349.87
6956367187172_camera3-1.jpg 68 1407.12 1359.32 905.99 1168.61 1002.25 381.43
6956367187172_camera3-22.jpg 68 1417.94 1343.53 928.26 1116.96 979.37 453.14
6956367187172_camera3-20.jpg 68 1452.82 1317.42 1002.01 1132.13 901.61 370.57
6956367187172_camera3-25.jpg 68 1346.61 1340.92 861.27 1123.89 970.68 434.05
6956367187172_camera3-26.jpg 68 1341.74 1334.6 897.74 1117.16 888.01 434.87
6956367187172_camera3-23.jpg 68 1398.5 1341.42 915.02 1121.09 966.96 440.67
6956367187172_camera3-24.jpg 68 1370.03 1331.51 881.72 1120.17 976.61 422.68
6956367187172_camera3-21.jpg 68 1428.16 1318.55 948.08 1108.11 960.16 420.89
6956367187172_camera3-28.jpg 68 1330.51 1320.02 952.79 1141.23 755.44 357.58
6956367187172_camera3-30.jpg 68 1395.41 1327.72 975.16 1135.87 840.5 383.71
6956367187172_camera3-27.jpg 68 1320.17 1328.4 910.03 1137.33 820.28 382.15
6956367187172_camera3-29.jpg 68 1380.88 1326.32 1000.64 1143.75 760.48 365.13
6956367187172_camera3-2.jpg 68 1404.49 1363.27 892.84 1163.35 1023.3 399.85
6956367187172_camera3-31.jpg 68 1393.47 1337.64 942.72 1141.23 901.49 392.83
6956367187172_camera3-32.jpg 68 1371.6 1340.91 874.42 1134.41 994.36 413.0
6956367187172_camera3-33.jpg 68 1369.27 1353.12 868.42 1149.5 1001.7 407.24
6956367187172_camera3-34.jpg 68 1356.64 1352.51 849.3 1139.34 1014.69 426.34
6956367187172_camera3-35.jpg 68 1348.14 1346.46 847.03 1151.31 1002.22 390.31
6956367187172_camera3-36.jpg 68 1334.9 1348.78 844.67 1157.7 980.47 382.15
6956367187172_camera3-37.jpg 68 1337.4 1344.86 869.16 1152.83 936.49 384.06
6956367187172_camera3-39.jpg 68 1399.76 1343.94 962.87 1173.97 873.79 339.95
6956367187172_camera3-4.jpg 68 1393.04 1356.21 881.43 1122.33 1023.22 467.76
6956367187172_camera3-3.jpg 68 1392.64 1363.27 877.05 1152.83 1031.19 420.89
6956367187172_camera3-40.jpg 68 1417.14 1361.06 963.58 1175.77 907.13 370.57
6956367187172_camera3-38.jpg 68 1345.62 1346.46 904.95 1176.49 881.35 339.95
6956367187172_camera3-7.jpg 68 1375.55 1344.86 953.34 1142.3 844.42 405.11
6956367187172_camera3-5.jpg 68 1382.25 1364.0 892.98 1156.52 978.54 414.96
6956367187172_camera3-9.jpg 68 1478.54 1331.53 1090.03 1155.62 777.02 351.82
6956367187172_camera3-6.jpg 68 1375.55 1343.54 919.14 1139.67 912.81 407.74
6956367187172_camera3-8.jpg 68 1412.14 1343.55 1010.16 1164.48 803.96 358.13
