6926265301024-back_camera0-11.jpg 7 1508.62 1161.53 1034.14 964.23 948.96 394.6
6926265301024-back_camera0-10.jpg 7 1408.11 1159.36 924.9 961.26 966.41 396.19
6926265301024-back_camera0-15.jpg 7 1491.1 1160.88 892.64 968.41 1196.92 384.95
6926265301024-back_camera0-13.jpg 7 1514.11 1163.13 961.4 965.97 1105.42 394.32
6926265301024-back_camera0-14.jpg 7 1504.43 1161.65 922.49 968.42 1163.89 386.46
6926265301024-back_camera0-16.jpg 7 1477.88 1162.58 880.39 966.01 1194.98 393.14
6926265301024-back_camera0-12.jpg 7 1516.12 1158.99 1003.69 968.02 1024.86 381.94
6926265301024-back_camera0-17.jpg 7 1459.05 1157.78 870.36 965.29 1177.37 384.97
6926265301024-back_camera0-1.jpg 7 1421.55 1148.87 877.63 958.58 1087.83 380.58
6926265301024-back_camera0-18.jpg 7 1442.7 1152.84 885.04 956.5 1115.32 392.67
6926265301024-back_camera0-21.jpg 7 1552.75 1149.83 1004.3 967.69 1096.9 364.27
6926265301024-back_camera0-19.jpg 7 1441.4 1151.18 897.65 963.1 1087.51 376.17
6926265301024-back_camera0-23.jpg 7 1525.34 1153.49 923.2 965.23 1204.27 376.51
6926265301024-back_camera0-20.jpg 7 1523.32 1148.8 964.72 962.13 1117.2 373.34
6926265301024-back_camera0-24.jpg 7 1506.78 1151.64 899.43 962.94 1214.7 377.41
6926265301024-back_camera0-27.jpg 7 1431.94 1157.58 879.7 968.08 1104.48 379.0
6926265301024-back_camera0-22.jpg 7 1548.38 1148.79 973.54 965.63 1149.68 366.31
6926265301024-back_camera0-26.jpg 7 1459.37 1154.63 876.32 963.11 1166.09 383.04
6926265301024-back_camera0-28.jpg 7 1415.94 1151.14 911.67 959.27 1008.55 383.75
6926265301024-back_camera0-30.jpg 7 1438.76 1151.44 1002.39 957.5 872.75 387.89
6926265301024-back_camera0-31.jpg 7 1500.95 1153.95 1075.96 962.07 849.97 383.75
6926265301024-back_camera0-32.jpg 7 1485.6 1161.48 999.83 961.38 971.54 400.21
6926265301024-back_camera0-25.jpg 7 1475.91 1152.56 878.08 964.64 1195.67 375.83
6926265301024-back_camera0-2.jpg 7 1431.04 1149.01 861.67 956.01 1138.74 386.01
6926265301024-back_camera0-34.jpg 7 1448.78 1161.81 896.93 962.0 1103.69 399.61
6926265301024-back_camera0-29.jpg 7 1398.58 1154.33 962.81 962.2 871.54 384.25
6926265301024-back_camera0-36.jpg 7 1387.69 1158.17 812.06 957.57 1151.26 401.2
6926265301024-back_camera0-33.jpg 7 1458.49 1162.21 916.15 958.57 1084.68 407.28
6926265301024-back_camera0-35.jpg 7 1420.83 1158.33 846.54 958.39 1148.58 399.88
6926265301024-back_camera0-37.jpg 7 1370.51 1156.29 799.64 958.86 1141.75 394.86
6926265301024-back_camera0-38.jpg 7 1347.49 1155.68 791.89 961.65 1111.2 388.06
6926265301024-back_camera0-40.jpg 7 1386.99 1148.68 839.11 956.81 1095.76 383.75
6926265301024-back_camera0-39.jpg 7 1351.28 1148.91 807.52 955.17 1087.51 387.49
6926265301024-back_camera0-3.jpg 7 1407.97 1152.79 815.69 957.74 1184.57 390.1
6926265301024-back_camera0-6.jpg 7 1339.84 1161.86 750.83 958.1 1178.01 407.52
6926265301024-back_camera0-4.jpg 7 1384.14 1156.65 780.65 960.24 1206.99 392.82
6926265301024-back_camera1-12.jpg 7 1351.53 1164.46 837.59 743.88 1027.87 841.16
6926265301024-back_camera0-7.jpg 7 1329.29 1161.85 764.21 957.65 1130.15 408.39
6926265301024-back_camera0-5.jpg 7 1362.2 1160.76 759.61 961.75 1205.18 398.03
6926265301024-back_camera1-11.jpg 7 1350.92 1164.69 871.63 760.47 958.58 808.44
6926265301024-back_camera0-9.jpg 7 1332.46 1161.4 858.77 958.88 947.38 405.05
6926265301024-back_camera1-13.jpg 7 1352.56 1173.03 814.1 741.05 1076.92 863.95
6926265301024-back_camera1-10.jpg 7 1339.72 1151.1 914.05 782.35 851.34 737.5
6926265301024-back_camera1-18.jpg 7 1308.8 1129.1 823.16 796.09 971.28 666.02
6926265301024-back_camera0-8.jpg 7 1316.95 1161.04 796.42 953.98 1041.07 414.12
6926265301024-back_camera1-17.jpg 7 1318.25 1146.09 787.81 770.26 1060.88 751.65
6926265301024-back_camera1-19.jpg 7 1341.88 1106.45 847.74 814.42 988.28 584.06
6926265301024-back_camera1-16.jpg 7 1327.91 1158.16 773.47 754.03 1108.88 808.26
6926265301024-back_camera1-14.jpg 7 1345.36 1174.79 788.75 741.08 1113.21 867.41
6926265301024-back_camera1-21.jpg 7 1385.32 1085.0 851.58 736.05 1067.47 697.9
6926265301024-back_camera1-15.jpg 7 1334.62 1166.37 767.88 743.17 1133.47 846.39
6926265301024-back_camera1-1.jpg 7 1272.48 1101.32 754.2 770.93 1036.56 660.79
6926265301024-back_camera1-23.jpg 7 1359.8 1088.93 788.93 679.81 1141.75 818.25
6926265301024-back_camera1-22.jpg 7 1372.63 1092.1 815.76 710.99 1113.74 762.22
6926265301024-back_camera1-24.jpg 7 1344.75 1087.35 781.01 660.78 1127.48 853.14
6926265301024-back_camera1-20.jpg 7 1391.12 1082.85 878.66 753.54 1024.93 658.62
6926265301024-back_camera1-25.jpg 7 1324.03 1081.38 775.97 653.85 1096.12 855.06
6926265301024-back_camera1-28.jpg 7 1290.76 1060.65 861.24 678.62 859.04 764.07
6926265301024-back_camera1-31.jpg 7 1329.25 1078.99 885.7 681.85 887.1 794.29
6926265301024-back_camera1-26.jpg 7 1312.23 1077.02 788.63 653.51 1047.2 847.02
6926265301024-back_camera1-32.jpg 7 1312.11 1080.26 823.66 662.59 976.9 835.34
6926265301024-back_camera1-29.jpg 7 1310.36 1057.19 930.57 704.36 759.58 705.67
6926265301024-back_camera1-30.jpg 7 1339.25 1071.97 949.94 709.63 778.61 724.69
6926265301024-back_camera1-33.jpg 7 1285.47 1082.9 752.65 651.84 1065.63 862.13
6926265301024-back_camera1-27.jpg 7 1296.62 1066.62 814.68 656.83 963.88 819.58
6926265301024-back_camera1-34.jpg 7 1273.49 1088.0 730.39 649.13 1086.19 877.74
6926265301024-back_camera1-36.jpg 7 1229.4 1077.51 685.49 676.97 1087.83 801.08
6926265301024-back_camera1-37.jpg 7 1220.45 1074.68 690.81 693.31 1059.29 762.75
6926265301024-back_camera1-2.jpg 7 1255.13 1124.33 698.3 748.16 1113.67 752.34
6926265301024-back_camera1-35.jpg 7 1254.79 1082.55 705.32 657.96 1098.93 849.18
6926265301024-back_camera1-39.jpg 7 1247.79 1064.18 753.61 774.2 988.35 579.96
6926265301024-back_camera1-40.jpg 7 1282.68 1090.21 790.55 786.16 984.27 608.1
6926265301024-back_camera1-5.jpg 7 1211.49 1147.4 654.26 721.62 1114.45 851.57
6926265301024-back_camera1-3.jpg 7 1239.92 1134.18 665.76 727.49 1148.32 813.39
6926265301024-back_camera1-38.jpg 7 1206.78 1067.52 709.65 721.03 994.27 692.98
6926265301024-back_camera1-9.jpg 7 1274.04 1130.78 842.26 785.02 863.56 691.51
6926265301024-back_camera1-7.jpg 7 1199.47 1148.34 709.46 740.82 980.03 815.04
6926265301024-back_camera1-6.jpg 7 1206.85 1149.2 679.58 729.24 1054.53 839.93
6926265301024-back_camera2-11.jpg 7 1315.41 848.69 831.75 427.67 967.32 842.04
6926265301024-back_camera1-8.jpg 7 1208.99 1139.12 771.77 758.82 874.44 760.59
6926265301024-back_camera1-4.jpg 7 1228.33 1142.06 656.66 723.94 1143.34 836.23
6926265301024-back_camera2-12.jpg 7 1317.93 846.24 818.0 393.49 999.86 905.49
6926265301024-back_camera2-13.jpg 7 1316.66 841.58 806.74 365.65 1019.84 951.85
6926265301024-back_camera2-19.jpg 7 1290.76 818.91 941.1 398.02 699.32 841.78
6926265301024-back_camera2-10.jpg 7 1314.51 858.27 873.99 487.76 881.04 741.03
6926265301024-back_camera2-18.jpg 7 1293.92 815.12 903.47 365.74 780.9 898.77
6926265301024-back_camera2-15.jpg 7 1311.26 831.87 805.12 326.8 1012.29 1010.13
6926265301024-back_camera2-17.jpg 7 1298.94 817.39 846.88 333.15 904.13 968.48
6926265301024-back_camera2-14.jpg 7 1310.37 832.37 793.54 329.02 1033.65 1006.7
6926265301024-back_camera2-20.jpg 7 1259.82 816.76 884.26 362.41 751.12 908.69
6926265301024-back_camera2-1.jpg 7 1275.03 918.86 869.98 446.99 810.09 943.73
6926265301024-back_camera2-22.jpg 7 1247.41 813.87 801.7 315.28 891.42 997.18
6926265301024-back_camera2-16.jpg 7 1309.72 821.97 825.03 317.63 969.38 1008.68
6926265301024-back_camera2-21.jpg 7 1252.99 818.91 852.61 346.22 800.77 945.38
6926265301024-back_camera2-24.jpg 7 1233.37 816.01 731.94 300.15 1002.85 1031.72
6926265301024-back_camera2-23.jpg 7 1238.61 817.65 758.9 307.73 959.41 1019.84
6926265301024-back_camera2-26.jpg 7 1217.38 818.91 713.39 340.83 1007.97 956.17
6926265301024-back_camera2-29.jpg 7 1211.51 837.18 797.39 498.13 828.24 678.1
6926265301024-back_camera2-25.jpg 7 1220.59 820.96 709.12 319.4 1022.93 1003.13
6926265301024-back_camera2-27.jpg 7 1213.42 822.68 728.68 370.68 969.48 904.01
6926265301024-back_camera2-28.jpg 7 1206.95 827.65 751.83 428.96 910.23 797.38
6926265301024-back_camera2-30.jpg 7 1218.35 861.82 782.07 511.81 872.55 700.02
6926265301024-back_camera2-2.jpg 7 1289.05 918.86 833.68 415.64 910.73 1006.43
6926265301024-back_camera2-36.jpg 7 1213.98 906.48 737.99 405.74 951.98 1001.48
6926265301024-back_camera2-37.jpg 7 1214.76 915.11 765.19 429.47 899.13 971.28
6926265301024-back_camera2-32.jpg 7 1211.51 880.9 711.59 428.84 999.83 904.13
6926265301024-back_camera2-34.jpg 7 1209.93 894.51 692.36 394.66 1035.14 999.69
6926265301024-back_camera2-40.jpg 7 1271.73 911.43 904.63 468.44 734.2 885.98
6926265301024-back_camera2-33.jpg 7 1211.61 892.29 694.68 398.02 1033.87 988.55
6926265301024-back_camera2-31.jpg 7 1216.22 869.6 742.47 467.97 947.5 803.26
6926265301024-back_camera2-39.jpg 7 1244.46 905.25 904.14 496.87 680.64 816.77
6926265301024-back_camera2-38.jpg 7 1223.06 914.73 815.54 460.19 815.04 909.08
6926265301024-back_camera2-35.jpg 7 1205.87 907.05 698.64 397.66 1014.45 1018.77
6926265301024-back_camera2-3.jpg 7 1288.22 922.85 803.16 406.02 970.13 1033.65
6926265301024-back_camera2-4.jpg 7 1299.04 919.64 796.67 405.94 1004.74 1027.4
6926265301024-back_camera2-5.jpg 7 1305.33 920.89 794.15 423.56 1022.36 994.66
6926265301024-back_camera2-6.jpg 7 1300.61 916.38 799.04 440.39 1003.13 951.98
6926265301024-back_camera2-8.jpg 7 1304.07 896.98 857.1 509.18 893.94 775.59
6926265301024-back_camera3-11.jpg 7 1473.06 1352.13 918.7 1120.32 1108.72 463.62
6926265301024-back_camera3-17.jpg 7 1409.84 1333.87 879.77 1121.09 1060.13 425.56
6926265301024-back_camera3-12.jpg 7 1466.7 1358.49 892.54 1126.68 1148.32 463.62
6926265301024-back_camera3-14.jpg 7 1438.62 1354.56 852.61 1135.48 1172.01 438.16
6926265301024-back_camera2-7.jpg 7 1304.38 907.54 819.31 470.56 970.13 873.96
6926265301024-back_camera3-16.jpg 7 1411.88 1344.43 856.43 1127.48 1110.9 433.91
6926265301024-back_camera3-15.jpg 7 1428.13 1352.65 851.84 1135.27 1152.59 434.76
6926265301024-back_camera3-10.jpg 7 1473.97 1351.82 969.66 1121.8 1008.63 460.04
6926265301024-back_camera2-9.jpg 7 1310.55 884.74 906.93 546.95 807.24 675.58
6926265301024-back_camera3-18.jpg 7 1476.33 1320.06 931.59 1111.21 1089.47 417.69
6926265301024-back_camera3-13.jpg 7 1453.89 1356.53 869.69 1128.64 1168.41 455.78
6926265301024-back_camera3-22.jpg 7 1473.55 1320.01 874.92 1087.1 1197.26 465.82
6926265301024-back_camera3-20.jpg 7 1501.21 1323.15 923.99 1097.45 1154.44 451.41
6926265301024-back_camera3-1.jpg 7 1379.21 1333.73 803.84 1095.08 1150.74 477.31
6926265301024-back_camera3-19.jpg 7 1514.15 1319.14 974.86 1108.24 1078.58 421.81
6926265301024-back_camera3-24.jpg 7 1425.15 1321.46 848.86 1084.65 1152.59 473.61
6926265301024-back_camera3-25.jpg 7 1397.13 1319.08 856.99 1081.68 1080.28 474.79
6926265301024-back_camera3-27.jpg 7 1369.7 1314.11 923.83 1078.23 891.73 471.76
6926265301024-back_camera3-21.jpg 7 1490.2 1321.81 897.94 1093.65 1184.52 456.31
6926265301024-back_camera3-26.jpg 7 1382.21 1315.09 884.28 1081.19 995.86 467.8
6926265301024-back_camera3-30.jpg 7 1453.12 1326.59 982.75 1068.31 940.74 516.56
6926265301024-back_camera3-23.jpg 7 1443.96 1322.75 853.79 1089.64 1180.34 466.21
6926265301024-back_camera3-28.jpg 7 1405.89 1315.88 982.31 1078.27 847.16 475.23
6926265301024-back_camera3-31.jpg 7 1435.53 1324.9 923.99 1064.04 1023.08 521.72
6926265301024-back_camera3-2.jpg 7 1348.74 1343.25 753.94 1098.12 1189.59 490.27
6926265301024-back_camera3-29.jpg 7 1461.49 1324.19 1023.92 1073.56 875.14 501.26
6926265301024-back_camera3-33.jpg 7 1373.56 1331.29 805.85 1062.5 1135.41 537.57
6926265301024-back_camera3-32.jpg 7 1411.82 1333.15 866.59 1063.73 1090.45 538.84
6926265301024-back_camera3-35.jpg 7 1333.0 1324.68 766.09 1061.45 1133.82 526.47
6926265301024-back_camera3-37.jpg 7 1296.93 1313.91 775.21 1066.0 1043.43 495.82
6926265301024-back_camera3-34.jpg 7 1360.91 1332.97 793.25 1066.41 1135.32 533.12
6926265301024-back_camera3-36.jpg 7 1306.51 1321.59 763.42 1064.93 1086.19 513.32
6926265301024-back_camera3-38.jpg 7 1340.19 1309.07 803.68 1075.04 1073.03 468.06
6926265301024-back_camera3-39.jpg 7 1399.05 1310.49 870.26 1076.2 1057.57 468.57
6926265301024-back_camera3-4.jpg 7 1306.95 1361.03 724.18 1117.13 1165.54 487.8
6926265301024-back_camera3-5.jpg 7 1292.18 1363.11 734.67 1116.61 1115.02 492.99
6926265301024-back_camera3-6.jpg 7 1288.45 1360.47 776.91 1118.11 1023.08 484.72
6926265301024-back_camera3-8.jpg 7 1379.31 1351.37 903.84 1121.96 950.93 458.81
6926265301024-back_camera3-40.jpg 7 1395.37 1322.72 835.23 1081.84 1120.27 481.76
6926265301024-back_camera3-3.jpg 7 1327.53 1355.76 728.66 1109.26 1197.74 492.99
6926265301024-back_camera3-9.jpg 7 1467.37 1347.27 999.63 1118.76 935.48 457.02
6926265301024_camera0-10.jpg 7 1388.53 1162.39 912.79 976.63 951.48 371.52
6926265301024-back_camera3-7.jpg 7 1290.24 1358.67 824.03 1121.6 932.43 474.14
6926265301024_camera0-12.jpg 7 1556.66 1165.08 1061.77 978.22 989.78 373.71
6926265301024_camera0-11.jpg 7 1466.22 1162.73 982.32 975.79 967.79 373.88
6926265301024_camera0-17.jpg 7 1509.74 1164.31 905.69 975.6 1208.09 377.41
6926265301024_camera0-16.jpg 7 1529.89 1169.47 922.99 978.04 1213.81 382.86
6926265301024_camera0-20.jpg 7 1445.6 1160.09 910.21 976.13 1070.77 367.92
6926265301024_camera0-14.jpg 7 1555.07 1163.91 997.68 977.59 1114.79 372.65
6926265301024_camera0-15.jpg 7 1543.2 1162.1 949.95 966.94 1186.5 390.31
6926265301024_camera0-13.jpg 7 1558.16 1165.97 1045.17 981.23 1025.99 369.48
6926265301024_camera0-19.jpg 7 1466.69 1163.36 896.65 973.35 1140.08 380.02
6926265301024_camera0-18.jpg 7 1482.57 1161.51 886.49 970.59 1192.16 381.83
6926265301024_camera0-21.jpg 7 1496.53 1154.9 959.14 975.3 1074.78 359.2
6926265301024_camera0-1.jpg 7 1331.72 1152.64 785.95 968.56 1091.53 368.16
6926265301024_camera0-23.jpg 7 1543.49 1154.41 997.38 975.4 1092.22 358.02
6926265301024_camera0-22.jpg 7 1533.34 1153.65 998.05 976.4 1070.59 354.5
6926265301024_camera0-24.jpg 7 1508.3 1153.76 940.59 972.19 1135.41 363.14
6926265301024_camera0-25.jpg 7 1478.64 1150.91 902.01 961.18 1153.27 379.47
6926265301024_camera0-27.jpg 7 1426.25 1156.72 876.84 965.1 1098.82 383.24
6926265301024_camera0-26.jpg 7 1451.12 1159.79 886.86 972.53 1128.52 374.52
6926265301024_camera0-29.jpg 7 1380.89 1157.31 892.29 964.27 977.2 386.07
6926265301024_camera0-31.jpg 7 1412.41 1154.08 985.97 964.45 852.88 379.26
6926265301024_camera0-28.jpg 7 1406.18 1156.54 880.51 966.32 1051.35 380.43
6926265301024_camera0-30.jpg 7 1362.42 1151.23 941.7 960.67 841.44 381.12
6926265301024_camera0-33.jpg 7 1443.2 1152.83 943.69 964.91 999.03 375.83
6926265301024_camera0-35.jpg 7 1416.08 1149.42 851.11 959.92 1129.93 379.0
6926265301024_camera0-34.jpg 7 1427.34 1149.38 892.94 963.06 1068.8 372.65
6926265301024_camera0-2.jpg 7 1388.28 1154.55 842.99 967.29 1090.57 374.52
6926265301024_camera0-3.jpg 7 1423.14 1154.76 872.88 973.19 1100.52 363.14
6926265301024_camera0-36.jpg 7 1385.53 1155.84 799.0 967.75 1173.06 376.17
6926265301024_camera0-39.jpg 7 1315.59 1155.05 739.78 968.61 1151.62 372.87
6926265301024_camera0-32.jpg 7 1460.72 1155.4 1013.44 967.62 894.56 375.57
6926265301024_camera0-37.jpg 7 1359.34 1154.58 764.56 965.94 1189.56 377.27
6926265301024_camera0-40.jpg 7 1309.26 1154.84 766.17 969.79 1086.19 370.1
6926265301024_camera0-9.jpg 7 1358.05 1159.12 853.18 972.68 1009.73 372.87
6926265301024_camera0-7.jpg 7 1371.34 1158.66 791.74 974.71 1159.19 367.9
6926265301024_camera0-4.jpg 7 1412.42 1154.7 833.62 969.96 1157.61 369.48
6926265301024_camera0-38.jpg 7 1332.09 1157.79 734.01 970.53 1196.16 374.52
6926265301024_camera0-8.jpg 7 1362.04 1160.25 806.1 974.32 1111.88 371.86
6926265301024_camera0-5.jpg 7 1396.56 1157.28 805.07 970.95 1182.98 372.65
6926265301024_camera0-6.jpg 7 1387.18 1156.55 796.08 969.69 1182.19 373.71
6926265301024_camera1-12.jpg 7 1398.34 1171.41 898.49 758.06 999.69 826.7
6926265301024_camera1-16.jpg 7 1373.91 1154.55 797.62 732.73 1152.59 843.63
6926265301024_camera1-14.jpg 7 1393.43 1170.41 843.45 738.33 1099.97 864.17
6926265301024_camera1-15.jpg 7 1385.88 1164.21 816.99 734.07 1137.79 860.28
6926265301024_camera1-10.jpg 7 1324.76 1148.86 893.89 806.11 861.74 685.5
6926265301024_camera1-18.jpg 7 1344.6 1124.75 802.27 750.51 1084.66 748.48
6926265301024_camera1-13.jpg 7 1397.09 1174.95 878.15 754.06 1037.88 841.78
6926265301024_camera1-11.jpg 7 1392.67 1163.64 963.46 795.48 858.43 736.32
6926265301024_camera1-19.jpg 7 1328.28 1109.07 814.89 769.58 1026.78 678.97
6926265301024_camera1-24.jpg 7 1338.76 1077.67 795.31 627.69 1086.9 899.96
6926265301024_camera1-1.jpg 7 1239.92 1103.51 747.54 823.63 984.76 559.77
6926265301024_camera1-17.jpg 7 1361.17 1144.26 796.9 737.25 1128.54 814.03
6926265301024_camera1-23.jpg 7 1366.45 1066.38 838.95 663.66 1054.99 805.43
6926265301024_camera1-21.jpg 7 1385.01 1063.53 902.61 725.74 964.81 675.58
6926265301024_camera1-20.jpg 7 1336.34 1083.14 852.6 781.11 967.48 604.07
6926265301024_camera1-22.jpg 7 1382.9 1064.51 882.46 697.27 1000.88 734.47
6926265301024_camera1-27.jpg 7 1282.67 1063.17 781.56 617.46 1002.22 891.42
6926265301024_camera1-2.jpg 7 1273.39 1123.76 770.18 795.37 1006.43 656.77
6926265301024_camera1-26.jpg 7 1295.6 1069.45 772.04 614.22 1047.12 910.46
6926265301024_camera1-29.jpg 7 1252.95 1057.44 835.45 641.76 835.0 831.36
6926265301024_camera1-25.jpg 7 1314.62 1066.52 775.94 613.63 1077.37 905.78
6926265301024_camera1-30.jpg 7 1278.16 1045.95 899.83 674.09 756.67 743.72
6926265301024_camera1-28.jpg 7 1266.42 1064.04 794.79 626.35 943.26 875.38
6926265301024_camera1-31.jpg 7 1295.21 1059.15 891.08 699.99 808.26 718.32
6926265301024_camera1-32.jpg 7 1279.76 1074.26 817.25 686.68 925.03 775.17
6926265301024_camera1-33.jpg 7 1265.39 1085.11 748.57 676.08 1033.65 818.06
6926265301024_camera1-38.jpg 7 1184.8 1097.04 628.85 724.25 1111.89 745.57
6926265301024_camera1-37.jpg 7 1200.58 1103.77 631.96 698.93 1137.24 809.68
6926265301024_camera1-35.jpg 7 1233.05 1095.7 677.87 674.16 1110.37 843.09
6926265301024_camera1-34.jpg 7 1248.36 1092.32 710.92 676.05 1074.88 832.53
6926265301024_camera1-40.jpg 7 1214.72 1089.02 712.33 805.24 1004.78 567.56
6926265301024_camera1-39.jpg 7 1179.3 1093.95 656.66 755.39 1045.28 677.12
6926265301024_camera1-6.jpg 7 1243.91 1176.6 696.15 754.23 1095.52 844.74
6926265301024_camera1-4.jpg 7 1252.62 1158.74 695.37 757.41 1114.49 802.67
6926265301024_camera1-3.jpg 7 1266.25 1142.97 728.81 775.74 1074.88 734.47
6926265301024_camera2-10.jpg 7 1326.17 844.61 911.23 506.38 829.89 676.45
6926265301024_camera1-9.jpg 7 1237.34 1151.31 816.81 783.66 841.06 735.3
6926265301024_camera1-7.jpg 7 1239.37 1172.48 718.83 756.71 1041.07 831.54
6926265301024_camera1-36.jpg 7 1217.84 1097.32 654.4 678.25 1126.87 838.14
6926265301024_camera2-11.jpg 7 1313.8 817.38 883.18 442.04 861.24 750.69
6926265301024_camera1-8.jpg 7 1240.11 1170.93 743.49 765.75 993.23 810.37
6926265301024_camera1-5.jpg 7 1251.19 1166.41 695.94 748.4 1110.5 836.02
6926265301024_camera2-12.jpg 7 1314.14 810.1 847.03 373.2 934.23 873.79
6926265301024_camera2-17.jpg 7 1282.67 794.99 814.3 274.99 936.75 1039.99
6926265301024_camera2-15.jpg 7 1301.55 796.25 804.22 285.07 994.66 1022.36
6926265301024_camera2-19.jpg 7 1265.04 794.99 869.69 317.8 790.69 954.37
6926265301024_camera2-18.jpg 7 1268.83 791.21 826.89 287.59 883.87 1007.25
6926265301024_camera2-13.jpg 7 1317.92 808.84 847.03 353.06 941.78 911.56
6926265301024_camera2-14.jpg 7 1306.6 801.28 814.3 315.28 984.59 972.0
6926265301024_camera2-22.jpg 7 1214.68 820.16 806.74 370.68 815.88 898.97
6926265301024_camera2-1.jpg 7 1305.33 915.86 952.79 496.59 705.08 838.54
6926265301024_camera2-16.jpg 7 1287.27 796.71 794.34 270.1 985.85 1053.22
6926265301024_camera2-24.jpg 7 1196.8 829.8 696.33 329.34 1000.93 1000.93
6926265301024_camera2-20.jpg 7 1252.44 797.51 909.98 363.13 684.93 868.76
6926265301024_camera2-26.jpg 7 1186.99 836.54 665.73 353.06 1042.51 966.96
6926265301024_camera2-23.jpg 7 1207.38 813.12 749.27 334.8 916.23 956.65
6926265301024_camera2-21.jpg 7 1220.3 812.71 845.78 384.57 749.04 856.29
6926265301024_camera2-25.jpg 7 1190.76 835.29 675.8 340.47 1029.92 989.63
6926265301024_camera2-2.jpg 7 1312.15 917.2 898.03 461.84 828.24 910.73
6926265301024_camera2-27.jpg 7 1188.24 845.35 673.28 383.27 1029.92 924.16
6926265301024_camera2-28.jpg 7 1186.98 854.17 688.39 421.05 997.18 866.24
6926265301024_camera2-29.jpg 7 1185.24 861.25 716.54 467.61 937.41 787.27
6926265301024_camera2-31.jpg 7 1213.41 904.53 791.63 534.36 843.57 740.33
6926265301024_camera2-32.jpg 7 1216.05 918.99 749.27 486.86 933.56 864.26
6926265301024_camera2-30.jpg 7 1192.02 879.35 774.01 549.47 836.02 659.75
6926265301024_camera2-35.jpg 7 1224.75 937.26 726.16 431.12 997.18 1012.29
6926265301024_camera2-36.jpg 7 1228.65 939.0 735.34 419.29 986.63 1039.42
6926265301024_camera2-34.jpg 7 1222.23 929.72 726.16 436.16 992.15 987.11
6926265301024_camera2-40.jpg 7 1285.18 920.9 950.27 514.22 669.82 813.36
6926265301024_camera2-33.jpg 7 1214.12 922.84 728.09 452.21 972.05 941.26
6926265301024_camera2-39.jpg 7 1251.1 940.31 853.48 468.44 795.24 943.73
6926265301024_camera2-37.jpg 7 1237.34 939.78 766.45 426.08 941.78 1027.4
6926265301024_camera2-3.jpg 7 1324.8 908.4 858.98 415.64 931.63 985.53
6926265301024_camera2-38.jpg 7 1246.15 932.24 804.22 436.16 883.86 992.15
6926265301024_camera2-5.jpg 7 1333.46 906.48 818.56 404.09 1029.8 1004.78
6926265301024_camera2-8.jpg 7 1330.51 879.35 831.92 441.19 997.18 876.31
6926265301024_camera2-7.jpg 7 1335.55 889.15 822.41 415.32 1026.27 947.67
6926265301024_camera3-12.jpg 7 1520.63 1361.57 945.24 1116.05 1150.79 491.04
6926265301024_camera2-9.jpg 7 1329.25 870.53 869.69 491.55 919.12 757.96
6926265301024_camera2-6.jpg 7 1335.55 895.72 816.81 403.42 1037.47 984.59
6926265301024_camera2-4.jpg 7 1331.78 907.05 836.96 408.46 989.63 997.18
6926265301024_camera3-11.jpg 7 1529.44 1361.57 1005.67 1123.61 1047.54 475.93
6926265301024_camera3-10.jpg 7 1523.42 1358.04 1046.61 1125.4 953.63 465.27
6926265301024_camera3-13.jpg 7 1511.82 1361.57 927.61 1118.57 1168.41 486.0
6926265301024_camera3-16.jpg 7 1460.27 1346.68 863.84 1114.05 1192.86 465.27
6926265301024_camera3-14.jpg 7 1499.22 1351.5 897.39 1111.02 1203.67 480.96
6926265301024_camera3-17.jpg 7 1440.17 1336.2 871.79 1105.21 1136.77 461.97
6926265301024_camera3-18.jpg 7 1414.87 1327.58 887.32 1105.98 1055.1 443.19
6926265301024_camera3-15.jpg 7 1477.23 1353.4 870.9 1111.7 1212.66 483.41
6926265301024_camera3-24.jpg 7 1419.91 1332.18 859.34 1064.98 1121.14 534.4
6926265301024_camera3-22.jpg 7 1487.29 1321.45 925.23 1066.4 1124.12 510.09
6926265301024_camera3-19.jpg 7 1455.81 1315.93 918.42 1096.03 1074.78 439.81
6926265301024_camera3-23.jpg 7 1462.38 1329.26 885.88 1069.4 1152.99 519.71
6926265301024_camera3-26.jpg 7 1365.87 1327.31 848.63 1060.86 1034.47 532.91
6926265301024_camera3-20.jpg 7 1501.96 1311.36 976.62 1086.12 1050.68 450.49
6926265301024_camera3-25.jpg 7 1394.13 1327.08 853.16 1062.76 1081.94 528.63
6926265301024_camera3-21.jpg 7 1495.89 1322.4 952.12 1074.1 1087.55 496.61
6926265301024_camera3-1.jpg 7 1394.26 1336.49 859.85 1116.86 1068.81 439.26
6926265301024_camera3-27.jpg 7 1349.99 1317.7 867.75 1061.74 964.47 511.93
6926265301024_camera3-2.jpg 7 1387.41 1345.83 820.54 1113.88 1133.74 463.89
6926265301024_camera3-28.jpg 7 1337.79 1317.15 900.25 1067.39 875.08 499.52
6926265301024_camera3-31.jpg 7 1412.08 1310.77 919.24 1060.46 985.68 500.62
6926265301024_camera3-32.jpg 7 1390.93 1313.88 854.15 1063.33 1073.56 501.1
6926265301024_camera3-39.jpg 7 1298.55 1323.54 749.96 1095.44 1097.17 456.19
6926265301024_camera3-29.jpg 7 1372.12 1310.06 948.45 1070.16 847.33 479.8
6926265301024_camera3-30.jpg 7 1423.95 1308.39 979.15 1069.74 889.61 477.31
6926265301024_camera3-35.jpg 7 1329.75 1320.48 735.88 1066.76 1187.74 507.44
6926265301024_camera3-38.jpg 7 1265.07 1322.41 709.75 1084.69 1110.64 475.44
6926265301024_camera3-33.jpg 7 1368.37 1317.12 800.21 1063.63 1136.31 506.99
6926265301024_camera3-36.jpg 7 1304.64 1319.2 711.69 1070.37 1185.89 497.67
6926265301024_camera3-34.jpg 7 1347.56 1325.59 753.6 1066.56 1187.91 518.06
6926265301024_camera3-3.jpg 7 1365.55 1353.84 778.5 1132.6 1174.1 442.47
6926265301024_camera3-37.jpg 7 1280.41 1319.99 701.3 1074.98 1158.22 490.01
6926265301024_camera3-5.jpg 7 1335.89 1355.11 758.19 1132.37 1155.39 445.47
6926265301024_camera3-4.jpg 7 1347.72 1356.0 758.85 1134.79 1177.75 442.42
6926265301024_camera3-40.jpg 7 1375.8 1326.32 837.94 1105.23 1075.72 442.17
6926265301024_camera3-6.jpg 7 1332.08 1352.13 775.21 1131.98 1113.73 440.31
6926265301024_camera3-7.jpg 7 1325.82 1351.4 813.8 1128.89 1024.04 445.02
6926265301024_camera3-8.jpg 7 1330.91 1354.14 859.05 1130.58 943.73 447.12
6926265301024_camera3-9.jpg 7 1436.66 1355.6 943.35 1132.04 986.63 447.12
