6901668054715_camera0-10.jpg 70 1378.04 1064.63 1150.93 791.68 454.22 545.9
6901668054715_camera0-11.jpg 70 1387.57 1066.95 1155.33 788.49 464.49 556.93
6901668054715_camera0-16.jpg 70 1454.45 1067.46 1214.21 795.5 480.49 543.92
6901668054715_camera0-14.jpg 70 1421.59 1060.75 1176.94 781.91 489.29 557.68
6901668054715_camera0-15.jpg 70 1436.39 1060.68 1193.59 791.7 485.61 537.95
6901668054715_camera0-13.jpg 70 1413.72 1066.12 1178.8 793.69 469.85 544.86
6901668054715_camera0-12.jpg 70 1395.84 1065.93 1165.9 794.77 459.87 542.33
6901668054715_camera0-17.jpg 70 1454.47 1064.7 1216.4 781.91 476.14 565.58
6901668054715_camera0-19.jpg 70 1461.26 1066.45 1235.29 797.67 451.94 537.57
6901668054715_camera0-18.jpg 70 1460.44 1061.99 1231.95 790.46 456.98 543.05
6901668054715_camera0-20.jpg 70 1461.43 1062.33 1228.8 794.22 465.27 536.21
6901668054715_camera0-23.jpg 70 1471.29 1061.74 1247.69 798.51 447.19 526.47
6901668054715_camera0-22.jpg 70 1474.75 1063.66 1246.87 794.56 455.77 538.2
6901668054715_camera0-1.jpg 70 1355.82 1056.82 1132.22 792.44 447.2 528.75
6901668054715_camera0-21.jpg 70 1473.42 1067.19 1245.75 800.1 455.34 534.18
6901668054715_camera0-24.jpg 70 1467.74 1062.57 1247.32 796.95 440.84 531.23
6901668054715_camera0-25.jpg 70 1463.67 1056.8 1234.81 787.17 457.72 539.27
6901668054715_camera0-27.jpg 70 1456.91 1062.43 1235.46 801.24 442.91 522.39
6901668054715_camera0-2.jpg 70 1350.02 1059.67 1122.74 796.03 454.56 527.29
6901668054715_camera0-28.jpg 70 1450.91 1061.77 1231.4 800.8 439.03 521.94
6901668054715_camera0-26.jpg 70 1463.8 1059.45 1245.13 796.89 437.34 525.13
6901668054715_camera0-30.jpg 70 1435.28 1063.3 1216.44 802.44 437.67 521.72
6901668054715_camera0-29.jpg 70 1446.58 1056.82 1224.29 789.81 444.57 534.01
6901668054715_camera0-35.jpg 70 1383.69 1055.6 1155.81 794.98 455.77 521.23
6901668054715_camera0-31.jpg 70 1427.92 1058.96 1207.06 799.03 441.72 519.86
6901668054715_camera0-37.jpg 70 1366.42 1057.03 1137.61 796.57 457.62 520.91
6901668054715_camera0-34.jpg 70 1396.51 1058.68 1173.6 799.75 445.83 517.87
6901668054715_camera0-36.jpg 70 1370.84 1058.12 1140.53 798.12 460.62 520.01
6901668054715_camera0-32.jpg 70 1416.85 1059.94 1198.81 802.26 436.08 515.37
6901668054715_camera0-33.jpg 70 1411.88 1059.63 1190.67 801.35 442.42 516.56
6901668054715_camera0-38.jpg 70 1363.22 1058.37 1134.08 795.92 458.29 524.89
6901668054715_camera0-39.jpg 70 1360.45 1057.26 1132.57 796.65 455.77 521.23
6901668054715_camera0-3.jpg 70 1350.05 1057.94 1124.89 791.23 450.31 533.42
6901668054715_camera0-6.jpg 70 1355.2 1063.39 1132.4 794.61 445.6 537.57
6901668054715_camera0-40.jpg 70 1352.68 1059.25 1130.78 796.71 443.81 525.07
6901668054715_camera0-7.jpg 70 1363.1 1059.5 1133.39 789.19 459.41 540.62
6901668054715_camera0-4.jpg 70 1353.19 1052.86 1124.33 784.54 457.72 536.64
6901668054715_camera0-8.jpg 70 1366.88 1062.37 1141.93 790.52 449.9 543.69
6901668054715_camera1-10.jpg 70 1242.15 1008.13 1004.54 714.61 475.23 587.05
6901668054715_camera0-5.jpg 70 1350.54 1056.97 1117.89 785.19 465.29 543.56
6901668054715_camera1-15.jpg 70 1304.69 1010.42 1057.31 716.26 494.76 588.32
6901668054715_camera0-9.jpg 70 1370.8 1063.78 1142.45 794.66 456.7 538.25
6901668054715_camera1-11.jpg 70 1254.24 1009.76 1016.52 715.72 475.44 588.08
6901668054715_camera1-14.jpg 70 1288.6 1009.22 1043.6 713.47 490.0 591.49
6901668054715_camera1-13.jpg 70 1278.38 1010.47 1030.6 715.12 495.55 590.69
6901668054715_camera1-12.jpg 70 1263.08 1013.61 1025.21 719.45 475.73 588.32
6901668054715_camera1-16.jpg 70 1310.96 999.94 1067.02 702.96 487.89 593.96
6901668054715_camera1-19.jpg 70 1319.68 991.53 1081.13 697.49 477.09 588.08
6901668054715_camera1-17.jpg 70 1313.97 999.38 1074.75 705.1 478.45 588.55
6901668054715_camera1-1.jpg 70 1203.84 960.07 968.13 671.11 471.41 577.91
6901668054715_camera1-20.jpg 70 1322.54 985.07 1088.64 692.49 467.8 585.15
6901668054715_camera1-18.jpg 70 1316.71 989.88 1074.62 698.08 484.19 583.59
6901668054715_camera1-22.jpg 70 1330.14 968.93 1096.8 675.49 466.68 586.89
6901668054715_camera1-21.jpg 70 1329.5 977.11 1091.66 686.73 475.67 580.75
6901668054715_camera1-23.jpg 70 1325.82 965.1 1093.5 666.18 464.63 597.83
6901668054715_camera1-27.jpg 70 1310.91 940.87 1079.96 650.56 461.9 580.61
6901668054715_camera1-26.jpg 70 1312.86 942.01 1081.62 655.39 462.49 573.24
6901668054715_camera1-25.jpg 70 1320.43 951.12 1086.25 660.27 468.37 581.69
6901668054715_camera1-24.jpg 70 1328.2 954.22 1090.13 655.65 476.14 597.14
6901668054715_camera1-28.jpg 70 1300.72 939.87 1071.58 648.09 458.29 583.56
6901668054715_camera1-33.jpg 70 1258.49 922.65 1019.1 634.6 478.77 576.1
6901668054715_camera1-30.jpg 70 1286.7 933.01 1056.99 646.0 459.43 574.03
6901668054715_camera1-34.jpg 70 1240.66 930.0 1001.87 641.51 477.59 576.99
6901668054715_camera1-2.jpg 70 1204.4 967.77 972.09 677.57 464.63 580.39
6901668054715_camera1-29.jpg 70 1295.41 932.38 1067.52 644.13 455.79 576.49
6901668054715_camera1-31.jpg 70 1278.33 932.05 1046.52 643.32 463.62 577.46
6901668054715_camera1-32.jpg 70 1263.48 929.3 1035.92 638.84 455.11 580.92
6901668054715_camera1-35.jpg 70 1230.12 935.34 992.93 646.5 474.37 577.67
6901668054715_camera1-37.jpg 70 1215.84 941.27 976.25 652.66 479.17 577.22
6901668054715_camera1-38.jpg 70 1208.51 938.43 963.86 653.01 489.29 570.84
6901668054715_camera1-4.jpg 70 1204.18 981.25 969.6 688.33 469.16 585.84
6901668054715_camera1-3.jpg 70 1200.99 971.42 963.87 682.47 474.25 577.91
6901668054715_camera1-39.jpg 70 1209.13 948.07 976.82 659.46 464.63 577.22
6901668054715_camera1-8.jpg 70 1227.74 1001.48 988.36 709.09 478.75 584.77
6901668054715_camera1-40.jpg 70 1204.3 959.7 970.35 670.6 467.89 578.2
6901668054715_camera1-7.jpg 70 1220.61 996.5 984.78 702.23 471.65 588.54
6901668054715_camera2-10.jpg 70 1317.7 860.05 1092.76 637.23 449.89 445.63
6901668054715_camera1-5.jpg 70 1208.92 985.95 972.29 692.43 473.26 587.05
6901668054715_camera1-6.jpg 70 1214.48 991.63 976.9 698.9 475.17 585.47
6901668054715_camera1-9.jpg 70 1232.53 1006.5 996.25 712.34 472.56 588.32
6901668054715_camera2-11.jpg 70 1318.47 851.06 1098.95 631.55 439.03 439.03
6901668054715_camera2-12.jpg 70 1319.0 840.29 1099.7 622.04 438.6 436.51
6901668054715_camera2-14.jpg 70 1317.19 815.39 1097.83 594.1 438.72 442.58
6901668054715_camera2-13.jpg 70 1320.25 825.22 1102.2 604.8 436.09 440.84
6901668054715_camera2-16.jpg 70 1305.69 796.02 1086.86 567.67 437.67 456.7
6901668054715_camera2-15.jpg 70 1314.38 804.86 1097.59 582.62 433.59 444.47
6901668054715_camera2-17.jpg 70 1302.87 792.2 1084.54 571.19 436.66 442.02
6901668054715_camera2-19.jpg 70 1284.89 784.46 1067.88 566.62 434.02 435.68
6901668054715_camera2-20.jpg 70 1284.36 783.19 1067.56 563.68 433.59 439.03
6901668054715_camera2-18.jpg 70 1292.41 787.63 1074.37 568.8 436.09 437.67
6901668054715_camera2-1.jpg 70 1242.79 885.93 1022.46 669.47 440.65 432.92
6901668054715_camera2-21.jpg 70 1271.58 778.68 1052.78 559.28 437.59 438.8
6901668054715_camera2-23.jpg 70 1244.3 780.32 1021.49 558.34 445.62 443.96
6901668054715_camera2-22.jpg 70 1262.18 775.82 1044.45 559.64 435.47 432.35
6901668054715_camera2-25.jpg 70 1230.25 785.46 1005.98 569.93 448.54 431.07
6901668054715_camera2-27.jpg 70 1220.26 793.17 996.88 577.58 446.77 431.18
6901668054715_camera2-24.jpg 70 1236.14 781.65 1012.45 563.79 447.38 435.73
6901668054715_camera2-26.jpg 70 1216.69 792.19 985.74 570.9 461.91 442.58
6901668054715_camera2-28.jpg 70 1213.65 800.79 991.97 583.36 443.36 434.85
6901668054715_camera2-29.jpg 70 1212.44 810.97 995.65 588.06 433.59 445.83
6901668054715_camera2-2.jpg 70 1254.71 893.21 1038.16 675.32 433.09 435.77
6901668054715_camera2-31.jpg 70 1207.03 820.91 988.36 603.07 437.34 435.68
6901668054715_camera2-35.jpg 70 1209.09 870.06 991.04 642.5 436.09 455.11
6901668054715_camera2-30.jpg 70 1206.51 814.35 988.18 597.36 436.66 433.98
6901668054715_camera2-34.jpg 70 1204.58 859.06 986.71 634.2 435.73 449.71
6901668054715_camera2-32.jpg 70 1202.11 837.95 980.6 620.09 443.02 435.71
6901668054715_camera2-33.jpg 70 1205.77 845.67 987.61 624.8 436.31 441.75
6901668054715_camera2-36.jpg 70 1212.85 876.88 995.63 647.95 434.43 457.87
6901668054715_camera2-38.jpg 70 1223.01 877.71 1003.63 655.49 438.76 444.44
6901668054715_camera2-37.jpg 70 1217.81 880.39 998.25 656.35 439.11 448.09
6901668054715_camera2-39.jpg 70 1231.66 884.77 1013.67 667.17 435.99 435.21
6901668054715_camera2-4.jpg 70 1276.25 895.46 1051.9 676.79 448.7 437.34
6901668054715_camera2-5.jpg 70 1291.83 889.32 1062.8 670.48 458.06 437.67
6901668054715_camera2-3.jpg 70 1268.48 893.88 1047.42 673.74 442.11 440.29
6901668054715_camera2-40.jpg 70 1245.77 891.09 1028.3 670.21 434.95 441.75
6901668054715_camera2-9.jpg 70 1315.26 868.54 1092.04 648.21 446.45 440.65
6901668054715_camera2-7.jpg 70 1304.91 880.13 1079.97 661.42 449.88 437.42
6901668054715_camera2-8.jpg 70 1307.35 873.08 1086.34 654.75 442.02 436.66
6901668054715_camera2-6.jpg 70 1295.22 884.2 1068.23 669.99 453.97 428.41
6901668054715_camera3-10.jpg 70 1366.95 1239.58 1134.63 943.04 464.63 593.08
6901668054715_camera3-12.jpg 70 1393.39 1235.01 1150.96 942.88 484.86 584.26
6901668054715_camera3-11.jpg 70 1378.59 1237.15 1143.69 945.05 469.79 584.2
6901668054715_camera3-13.jpg 70 1406.54 1239.64 1165.11 944.56 482.87 590.17
6901668054715_camera3-16.jpg 70 1426.41 1232.16 1192.44 941.29 467.94 581.74
6901668054715_camera3-14.jpg 70 1414.79 1239.62 1170.54 944.46 488.5 590.32
6901668054715_camera3-15.jpg 70 1422.77 1235.84 1183.55 943.6 478.45 584.47
6901668054715_camera3-17.jpg 70 1432.1 1230.43 1203.24 942.38 457.72 576.1
6901668054715_camera3-18.jpg 70 1434.12 1229.06 1203.88 941.0 460.47 576.11
6901668054715_camera3-19.jpg 70 1436.37 1227.74 1207.22 938.34 458.29 578.8
6901668054715_camera3-1.jpg 70 1319.03 1219.34 1088.72 933.87 460.62 570.93
6901668054715_camera3-21.jpg 70 1442.87 1221.88 1217.57 936.12 450.59 571.52
6901668054715_camera3-22.jpg 70 1441.3 1219.39 1213.71 932.78 455.18 573.23
6901668054715_camera3-25.jpg 70 1425.0 1212.51 1197.44 926.68 455.11 571.67
6901668054715_camera3-20.jpg 70 1440.71 1226.78 1208.58 938.9 464.26 575.77
6901668054715_camera3-24.jpg 70 1428.89 1215.64 1201.0 933.79 455.79 563.71
6901668054715_camera3-23.jpg 70 1434.14 1216.78 1211.21 932.79 445.86 567.97
6901668054715_camera3-26.jpg 70 1420.56 1210.35 1195.63 928.52 449.86 563.66
6901668054715_camera3-27.jpg 70 1411.02 1204.63 1183.92 922.77 454.19 563.73
6901668054715_camera3-28.jpg 70 1405.74 1207.88 1183.73 926.41 444.01 562.95
6901668054715_camera3-2.jpg 70 1318.85 1220.97 1089.41 932.73 458.87 576.49
6901668054715_camera3-31.jpg 70 1379.08 1206.1 1157.87 926.4 442.42 559.4
6901668054715_camera3-30.jpg 70 1393.12 1207.88 1169.52 929.58 447.19 556.6
6901668054715_camera3-29.jpg 70 1394.82 1204.28 1171.18 925.27 447.28 558.03
6901668054715_camera3-33.jpg 70 1356.64 1206.61 1130.01 926.32 453.26 560.57
6901668054715_camera3-32.jpg 70 1362.24 1205.37 1136.17 928.25 452.14 554.24
6901668054715_camera3-37.jpg 70 1324.64 1210.2 1094.38 931.07 460.53 558.27
6901668054715_camera3-35.jpg 70 1333.31 1208.97 1098.36 927.76 469.91 562.42
6901668054715_camera3-38.jpg 70 1324.53 1213.51 1100.18 932.37 448.7 562.29
6901668054715_camera3-36.jpg 70 1326.28 1207.71 1091.73 925.89 469.1 563.65
6901668054715_camera3-4.jpg 70 1323.14 1227.53 1091.86 939.47 462.56 576.11
6901668054715_camera3-3.jpg 70 1319.07 1228.13 1089.13 937.94 459.87 580.39
6901668054715_camera3-34.jpg 70 1343.29 1205.79 1107.5 924.58 471.57 562.41
6901668054715_camera3-40.jpg 70 1316.91 1218.26 1088.52 930.47 456.78 575.57
6901668054715_camera3-5.jpg 70 1332.17 1229.66 1099.86 942.64 464.63 574.05
6901668054715_camera3-39.jpg 70 1320.96 1217.19 1094.89 934.87 452.14 564.65
6901668054715_camera3-8.jpg 70 1351.66 1236.13 1120.93 941.97 461.46 588.32
6901668054715_camera3-6.jpg 70 1332.93 1232.57 1105.98 942.67 453.9 579.8
6901668054715_camera3-7.jpg 70 1341.0 1233.95 1107.63 942.25 466.73 583.41
6901668054715_camera3-9.jpg 70 1357.78 1236.71 1124.2 942.67 467.15 588.08
