6921168509256_camera0-12.jpg 71 1418.65 807.58 1254.97 282.55 327.36 1050.06
6921168509256_camera0-13.jpg 71 1421.17 807.59 1270.08 287.59 302.18 1039.99
6921168509256_camera0-10.jpg 71 1414.14 804.94 1260.31 273.84 307.66 1062.2
6921168509256_camera0-11.jpg 71 1413.62 808.84 1257.49 285.07 312.25 1047.54
6921168509256_camera0-17.jpg 71 1437.35 809.38 1287.7 292.62 299.3 1033.51
6921168509256_camera0-15.jpg 71 1432.11 804.27 1274.27 282.1 315.67 1044.34
6921168509256_camera0-19.jpg 71 1441.26 813.12 1284.38 292.45 313.75 1041.35
6921168509256_camera0-1.jpg 71 1372.07 806.32 1219.72 292.62 304.69 1027.4
6921168509256_camera0-20.jpg 71 1441.31 812.16 1276.9 289.99 328.82 1044.34
6921168509256_camera0-22.jpg 71 1440.05 805.06 1287.7 290.1 304.69 1029.92
6921168509256_camera0-26.jpg 71 1428.46 809.13 1272.55 296.85 311.83 1024.57
6921168509256_camera0-23.jpg 71 1430.79 808.23 1271.64 292.63 318.3 1031.19
6921168509256_camera0-24.jpg 71 1436.17 815.39 1276.59 298.93 319.16 1032.93
6921168509256_camera0-25.jpg 71 1432.5 808.85 1290.22 300.18 284.55 1017.33
6921168509256_camera0-27.jpg 71 1422.9 809.54 1266.38 300.52 313.04 1018.04
6921168509256_camera0-18.jpg 71 1441.26 811.19 1288.23 290.52 306.05 1041.35
6921168509256_camera0-21.jpg 71 1442.58 807.58 1297.78 297.66 289.59 1019.84
6921168509256_camera0-28.jpg 71 1415.87 815.39 1264.99 298.93 301.76 1032.93
6921168509256_camera0-29.jpg 71 1409.74 817.43 1247.96 308.41 323.56 1018.04
6921168509256_camera0-2.jpg 71 1377.1 803.83 1217.65 287.32 318.89 1033.01
6921168509256_camera0-31.jpg 71 1398.51 815.13 1260.01 305.21 276.99 1019.84
6921168509256_camera0-30.jpg 71 1401.85 816.12 1245.33 303.15 313.04 1025.93
6921168509256_camera0-32.jpg 71 1398.46 809.59 1247.58 293.12 301.76 1032.93
6921168509256_camera0-34.jpg 71 1388.43 808.84 1239.86 302.69 297.14 1012.29
6921168509256_camera0-37.jpg 71 1376.87 804.27 1226.92 289.99 299.89 1028.56
6921168509256_camera0-38.jpg 71 1378.14 806.69 1224.36 293.12 307.56 1027.13
6921168509256_camera0-35.jpg 71 1383.39 805.06 1239.86 295.14 287.07 1019.84
6921168509256_camera0-4.jpg 71 1381.58 801.57 1226.63 278.33 309.9 1046.48
6921168509256_camera0-3.jpg 71 1375.85 807.58 1219.72 290.1 312.25 1034.95
6921168509256_camera0-39.jpg 71 1374.24 801.64 1216.4 289.99 315.67 1023.3
6921168509256_camera0-40.jpg 71 1376.77 804.46 1222.78 288.6 307.98 1031.72
6921168509256_camera0-5.jpg 71 1388.35 808.12 1244.97 289.18 286.76 1037.88
6921168509256_camera0-7.jpg 71 1390.56 810.56 1235.61 285.07 309.9 1050.97
6921168509256_camera1-10.jpg 71 1270.08 805.06 1113.95 345.5 312.25 919.12
6921168509256_camera0-8.jpg 71 1400.53 805.59 1245.33 276.84 310.41 1057.49
6921168509256_camera0-9.jpg 71 1409.23 815.1 1252.55 282.88 313.36 1064.43
6921168509256_camera1-11.jpg 71 1278.89 805.06 1121.51 348.02 314.77 914.08
6921168509256_camera1-14.jpg 71 1294.0 799.02 1134.85 339.98 318.3 918.07
6921168509256_camera1-12.jpg 71 1285.01 806.07 1121.08 347.95 327.87 916.23
6921168509256_camera1-15.jpg 71 1296.63 795.06 1129.59 332.08 334.08 925.96
6921168509256_camera1-20.jpg 71 1302.7 786.38 1137.32 316.34 330.77 940.08
6921168509256_camera1-21.jpg 71 1297.94 777.97 1137.48 313.67 320.93 928.6
6921168509256_camera1-23.jpg 71 1295.26 769.81 1136.62 312.77 317.28 914.08
6921168509256_camera1-22.jpg 71 1301.89 768.76 1142.74 305.78 318.3 925.96
6921168509256_camera1-28.jpg 71 1266.31 757.22 1108.92 297.66 314.77 919.12
6921168509256_camera1-27.jpg 71 1273.68 763.16 1108.3 293.12 330.77 940.08
6921168509256_camera1-30.jpg 71 1261.44 763.4 1107.61 298.55 307.66 929.71
6921168509256_camera1-2.jpg 71 1233.57 789.95 1078.7 330.39 309.73 919.12
6921168509256_camera1-31.jpg 71 1254.96 759.74 1098.84 297.66 312.25 924.16
6921168509256_camera1-33.jpg 71 1242.99 767.89 1088.04 304.0 309.9 927.78
6921168509256_camera1-34.jpg 71 1239.86 769.81 1086.25 312.77 307.21 914.08
6921168509256_camera1-3.jpg 71 1238.88 797.98 1073.49 333.74 330.77 928.48
6921168509256_camera1-35.jpg 71 1240.08 775.34 1076.98 308.41 326.19 933.86
6921168509256_camera1-38.jpg 71 1229.79 777.36 1078.7 317.8 302.18 919.12
6921168509256_camera1-7.jpg 71 1247.96 812.17 1079.61 345.24 336.71 933.86
6921168509256_camera1-6.jpg 71 1249.74 799.65 1089.97 332.87 319.53 933.56
6921168509256_camera1-5.jpg 71 1241.78 806.68 1073.49 333.74 336.57 945.89
6921168509256_camera2-10.jpg 71 1302.82 818.91 1161.8 657.75 282.03 322.32
6921168509256_camera2-11.jpg 71 1295.82 815.46 1149.75 658.48 292.13 313.95
6921168509256_camera2-12.jpg 71 1292.74 805.06 1146.69 647.68 292.1 314.77
6921168509256_camera2-14.jpg 71 1288.2 797.5 1131.52 623.89 313.36 347.23
6921168509256_camera2-15.jpg 71 1277.63 792.48 1136.62 635.09 282.03 314.77
6921168509256_camera2-19.jpg 71 1251.91 791.12 1100.65 621.45 302.52 339.34
6921168509256_camera2-17.jpg 71 1266.31 791.21 1124.03 630.05 284.55 322.32
6921168509256_camera2-20.jpg 71 1251.91 787.17 1092.76 605.66 318.3 363.02
6921168509256_camera2-13.jpg 71 1288.97 802.54 1146.69 647.68 284.55 309.73
6921168509256_camera2-25.jpg 71 1230.05 808.69 1078.39 646.07 303.31 325.24
6921168509256_camera2-16.jpg 71 1270.08 792.48 1126.54 635.09 287.07 314.77
6921168509256_camera2-21.jpg 71 1234.81 791.12 1084.87 621.45 299.89 339.34
6921168509256_camera2-23.jpg 71 1234.82 797.51 1093.81 635.09 282.03 324.84
6921168509256_camera2-1.jpg 71 1272.41 861.34 1117.1 698.72 310.62 325.24
6921168509256_camera2-18.jpg 71 1265.06 789.81 1108.54 613.56 313.04 352.5
6921168509256_camera2-24.jpg 71 1229.79 800.02 1083.74 640.12 292.1 319.8
6921168509256_camera2-22.jpg 71 1241.39 792.44 1084.87 618.82 313.04 347.24
6921168509256_camera2-26.jpg 71 1222.24 811.36 1078.7 650.2 287.07 322.32
6921168509256_camera2-27.jpg 71 1220.38 819.2 1068.47 654.76 303.83 328.89
6921168509256_camera2-28.jpg 71 1218.46 822.69 1076.18 665.31 284.55 314.77
6921168509256_camera2-2.jpg 71 1274.27 858.21 1124.33 703.0 299.89 310.41
6921168509256_camera2-29.jpg 71 1222.98 827.95 1069.09 658.28 307.78 339.34
6921168509256_camera2-33.jpg 71 1228.54 840.32 1083.74 685.45 289.59 309.73
6921168509256_camera2-35.jpg 71 1242.84 859.85 1089.36 700.88 306.97 317.93
6921168509256_camera2-34.jpg 71 1237.34 851.64 1091.29 695.52 292.1 312.25
6921168509256_camera2-38.jpg 71 1258.36 862.09 1110.82 709.88 295.07 304.42
6921168509256_camera2-32.jpg 71 1225.61 839.78 1071.72 674.06 307.78 331.45
6921168509256_camera2-30.jpg 71 1219.72 827.72 1068.63 667.82 302.18 319.8
6921168509256_camera2-31.jpg 71 1221.65 833.21 1063.82 655.65 315.67 355.13
6921168509256_camera2-36.jpg 71 1246.73 857.27 1100.75 702.98 291.96 308.58
6921168509256_camera2-3.jpg 71 1285.19 854.16 1141.65 708.11 287.07 292.1
6921168509256_camera2-39.jpg 71 1255.63 850.72 1107.63 697.23 296.0 306.97
6921168509256_camera2-40.jpg 71 1266.31 855.43 1121.51 703.08 289.59 304.69
6921168509256_camera2-37.jpg 71 1249.32 861.94 1106.98 714.41 284.68 295.07
6921168509256_camera2-4.jpg 71 1282.66 846.61 1144.17 695.52 276.99 302.18
6921168509256_camera2-5.jpg 71 1287.73 845.83 1137.38 686.08 300.7 319.5
6921168509256_camera2-8.jpg 71 1296.08 826.62 1148.02 669.73 296.11 313.78
6921168509256_camera2-9.jpg 71 1302.82 823.95 1161.8 672.86 282.03 302.18
6921168509256_camera3-13.jpg 71 1404.48 977.89 1242.7 445.2 323.56 1065.39
6921168509256_camera2-6.jpg 71 1285.18 837.79 1144.17 682.93 282.03 309.73
6921168509256_camera2-7.jpg 71 1292.44 839.09 1147.5 687.39 289.88 303.39
6921168509256_camera3-14.jpg 71 1408.42 983.15 1240.07 450.46 336.71 1065.39
6921168509256_camera3-26.jpg 71 1388.43 968.74 1242.38 453.78 292.1 1029.92
6921168509256_camera3-25.jpg 71 1392.65 969.17 1235.97 438.2 313.36 1061.95
6921168509256_camera3-2.jpg 71 1353.18 975.04 1202.09 446.23 302.18 1057.62
6921168509256_camera3-31.jpg 71 1361.09 971.32 1208.51 447.83 305.15 1046.97
6921168509256_camera3-33.jpg 71 1355.7 970.0 1204.61 453.78 302.18 1032.44
6921168509256_camera3-32.jpg 71 1355.82 975.26 1192.72 453.09 326.19 1044.34
6921168509256_camera3-38.jpg 71 1344.36 971.26 1194.53 448.75 299.66 1045.03
6921168509256_camera3-5.jpg 71 1362.39 985.79 1203.24 445.2 318.3 1081.17
6921168509256_camera3-36.jpg 71 1345.97 973.3 1193.36 450.29 305.23 1046.02
6921168509256_camera3-40.jpg 71 1350.66 976.29 1202.09 451.26 297.14 1050.06
6921168509256_camera3-39.jpg 71 1348.09 972.25 1192.17 446.76 311.83 1050.97
6921168509256_camera3-6.jpg 71 1365.77 978.82 1214.68 446.23 302.18 1065.17
6921168509256_camera3-7.jpg 71 1372.06 981.34 1224.75 448.75 294.62 1065.17
