6901285991219_camera0-5.jpg 72 1362.49 802.69 1208.66 278.33 307.66 1048.73
6901285991219_camera1-12.jpg 72 1269.17 812.44 1113.77 352.7 310.81 919.48
6901285991219_camera1-13.jpg 72 1271.63 820.06 1111.17 358.39 320.93 923.33
6901285991219_camera1-16.jpg 72 1287.42 813.49 1129.59 342.61 315.67 941.75
6901285991219_camera1-17.jpg 72 1291.76 801.58 1130.07 334.48 323.38 934.2
6901285991219_camera1-14.jpg 72 1282.45 811.2 1122.69 348.27 319.53 925.86
6901285991219_camera1-20.jpg 72 1303.2 789.8 1142.74 326.82 320.93 925.96
6901285991219_camera1-22.jpg 72 1313.73 784.54 1155.89 321.56 315.67 925.96
6901285991219_camera1-2.jpg 72 1220.34 788.48 1055.93 332.08 328.82 912.81
6901285991219_camera1-23.jpg 72 1311.32 776.56 1151.56 311.7 319.53 929.71
6901285991219_camera1-29.jpg 72 1280.53 758.26 1122.69 294.37 315.68 927.78
6901285991219_camera1-31.jpg 72 1270.37 753.62 1113.49 292.61 313.75 922.01
6901285991219_camera1-36.jpg 72 1241.39 752.98 1092.76 292.63 297.26 920.7
6901285991219_camera1-37.jpg 72 1234.82 760.87 1076.98 305.78 315.67 910.18
6901285991219_camera1-38.jpg 72 1229.55 760.87 1069.09 305.78 320.93 910.18
6901285991219_camera1-40.jpg 72 1222.23 776.1 1066.11 320.32 312.25 911.56
6901285991219_camera1-39.jpg 72 1224.28 766.13 1063.82 311.04 320.93 910.18
6901285991219_camera1-7.jpg 72 1224.75 805.06 1066.11 342.98 317.28 924.16
6901285991219_camera2-10.jpg 72 1297.54 836.36 1158.24 677.26 278.59 318.19
6901285991219_camera2-11.jpg 72 1295.31 830.58 1150.63 674.06 289.36 313.04
6901285991219_camera2-12.jpg 72 1297.78 828.98 1156.76 670.34 282.03 317.28
6901285991219_camera2-14.jpg 72 1296.2 818.64 1152.66 654.6 287.08 328.09
6901285991219_camera2-13.jpg 72 1299.26 825.32 1145.37 663.54 307.78 323.56
6901285991219_camera2-19.jpg 72 1283.93 796.25 1141.65 635.09 284.55 322.32
6901285991219_camera2-16.jpg 72 1296.51 806.32 1156.76 645.16 279.51 322.32
6901285991219_camera2-15.jpg 72 1292.68 809.54 1145.37 637.23 294.63 344.61
6901285991219_camera2-18.jpg 72 1290.23 796.25 1146.69 637.61 287.07 317.28
6901285991219_camera2-17.jpg 72 1292.68 806.9 1145.37 639.86 294.63 334.08
6901285991219_camera2-1.jpg 72 1253.23 870.04 1105.91 716.15 294.63 307.78
6901285991219_camera2-23.jpg 72 1249.24 789.72 1109.56 629.69 279.36 320.06
6901285991219_camera2-22.jpg 72 1262.53 787.44 1118.99 625.02 287.07 324.84
6901285991219_camera2-20.jpg 72 1274.28 781.92 1126.96 621.45 294.63 320.93
6901285991219_camera2-21.jpg 72 1269.18 789.06 1124.57 631.49 289.23 315.13
6901285991219_camera2-27.jpg 72 1224.75 797.5 1078.7 642.64 292.1 309.73
6901285991219_camera2-25.jpg 72 1237.44 788.49 1087.5 637.23 299.89 302.52
6901285991219_camera2-24.jpg 72 1241.39 791.12 1090.13 629.34 302.52 323.56
6901285991219_camera2-26.jpg 72 1228.32 795.17 1085.87 640.69 284.91 308.96
6901285991219_camera2-29.jpg 72 1217.71 813.49 1066.45 658.28 302.52 310.41
6901285991219_camera2-28.jpg 72 1223.49 802.54 1083.74 647.68 279.51 309.73
6901285991219_camera2-31.jpg 72 1211.13 821.38 1055.93 663.54 310.41 315.67
6901285991219_camera2-2.jpg 72 1255.86 873.98 1113.81 726.67 284.1 294.63
6901285991219_camera2-34.jpg 72 1212.96 840.64 1068.54 692.07 288.84 297.15
6901285991219_camera2-32.jpg 72 1209.82 835.84 1058.56 684.58 302.52 302.52
6901285991219_camera2-30.jpg 72 1212.61 815.01 1067.67 664.88 289.88 300.27
6901285991219_camera2-33.jpg 72 1216.39 839.79 1066.45 687.21 299.89 305.15
6901285991219_camera2-35.jpg 72 1215.82 841.51 1070.96 696.05 289.71 290.92
6901285991219_camera2-36.jpg 72 1219.04 854.26 1071.72 705.63 294.63 297.26
6901285991219_camera2-38.jpg 72 1225.64 860.32 1084.99 717.33 281.31 285.98
6901285991219_camera2-37.jpg 72 1217.71 854.26 1066.45 703.0 302.52 302.52
6901285991219_camera2-40.jpg 72 1236.25 867.73 1099.11 724.8 274.29 285.87
6901285991219_camera2-39.jpg 72 1233.74 862.64 1091.92 719.78 283.64 285.72
6901285991219_camera2-3.jpg 72 1267.03 868.92 1126.42 721.84 281.21 294.16
6901285991219_camera2-6.jpg 72 1290.06 866.1 1142.74 710.89 294.63 310.41
6901285991219_camera2-4.jpg 72 1273.86 868.01 1134.1 720.7 279.51 294.62
6901285991219_camera2-5.jpg 72 1279.54 872.67 1132.22 716.15 294.63 313.04
6901285991219_camera2-7.jpg 72 1286.24 864.64 1148.41 720.34 275.66 288.61
6901285991219_camera2-9.jpg 72 1297.12 850.52 1155.81 698.82 282.61 303.39
6901285991219_camera2-8.jpg 72 1290.05 858.21 1134.85 703.0 310.41 310.41
6901285991219_camera3-19.jpg 72 1416.23 977.69 1257.43 452.21 317.6 1050.97
6901285991219_camera3-28.jpg 72 1392.17 971.92 1238.18 452.21 307.98 1039.42
6901285991219_camera3-6.jpg 72 1341.85 982.59 1186.98 456.3 309.73 1052.58
