6928804010114_camera1-13.jpg 73 1295.31 750.64 1127.18 255.45 336.26 990.39
6928804010114_camera1-11.jpg 73 1283.93 757.22 1124.03 257.37 319.8 999.7
6928804010114_camera1-10.jpg 73 1274.3 758.52 1108.79 252.82 331.01 1011.41
6928804010114_camera1-12.jpg 73 1291.48 750.92 1131.58 249.81 319.8 1002.22
6928804010114_camera1-15.jpg 73 1287.42 745.08 1119.07 245.27 336.71 999.62
6928804010114_camera1-14.jpg 73 1297.93 745.39 1135.06 244.94 325.75 1000.9
6928804010114_camera1-16.jpg 73 1304.08 743.37 1146.69 249.81 314.77 987.11
6928804010114_camera1-17.jpg 73 1305.82 734.88 1145.57 234.43 320.5 1000.9
6928804010114_camera1-18.jpg 73 1292.69 743.76 1121.7 245.27 341.98 996.99
6928804010114_camera1-19.jpg 73 1306.26 731.38 1141.82 223.95 328.89 1014.87
6928804010114_camera1-22.jpg 73 1299.04 723.23 1144.17 227.15 309.73 992.15
6928804010114_camera1-1.jpg 73 1236.21 744.08 1072.02 237.06 328.38 1014.03
6928804010114_camera1-23.jpg 73 1286.11 712.21 1116.44 211.08 339.34 1002.25
6928804010114_camera1-20.jpg 73 1301.56 732.04 1146.69 229.67 309.73 1004.74
6928804010114_camera1-21.jpg 73 1292.68 731.93 1129.59 232.12 326.19 999.62
6928804010114_camera1-26.jpg 73 1280.86 716.49 1119.3 208.16 323.12 1016.66
6928804010114_camera1-27.jpg 73 1278.89 718.18 1121.51 214.56 314.77 1007.25
6928804010114_camera1-31.jpg 73 1251.97 712.55 1090.41 205.54 323.12 1014.03
6928804010114_camera1-32.jpg 73 1248.67 715.67 1093.81 217.08 309.73 997.18
6928804010114_camera1-35.jpg 73 1236.09 725.75 1078.7 219.6 314.77 1012.29
6928804010114_camera1-34.jpg 73 1233.5 731.93 1061.19 224.23 344.61 1015.4
6928804010114_camera2-10.jpg 73 1288.75 813.69 1132.44 641.62 312.62 344.14
6928804010114_camera2-14.jpg 73 1280.86 796.62 1127.18 623.23 307.36 346.77
6928804010114_camera2-13.jpg 73 1281.17 798.5 1132.11 632.79 298.12 331.42
6928804010114_camera2-15.jpg 73 1270.33 792.44 1119.07 613.56 302.52 357.76
6928804010114_camera2-16.jpg 73 1267.73 791.37 1111.42 620.61 312.62 341.51
6928804010114_camera2-11.jpg 73 1288.52 809.38 1131.38 641.28 314.27 336.2
6928804010114_camera2-12.jpg 73 1283.49 800.56 1127.18 628.49 312.62 344.14
6928804010114_camera2-17.jpg 73 1261.98 792.11 1115.3 620.85 293.37 342.52
6928804010114_camera2-18.jpg 73 1257.22 795.31 1103.54 617.98 307.36 354.65
6928804010114_camera2-1.jpg 73 1268.41 845.14 1112.8 681.0 311.23 328.28
6928804010114_camera2-19.jpg 73 1249.65 790.3 1102.97 623.0 293.37 334.6
6928804010114_camera2-20.jpg 73 1245.59 789.87 1092.47 614.23 306.24 351.27
6928804010114_camera2-22.jpg 73 1235.13 796.29 1082.66 620.66 304.95 351.27
6928804010114_camera2-21.jpg 73 1240.01 789.46 1089.36 620.57 301.3 337.77
6928804010114_camera2-24.jpg 73 1225.72 804.79 1070.17 625.58 311.09 358.42
6928804010114_camera2-23.jpg 73 1230.29 799.16 1081.23 628.69 298.12 340.94
6928804010114_camera2-25.jpg 73 1225.48 811.74 1071.08 636.1 308.81 351.27
6928804010114_camera2-26.jpg 73 1220.66 816.56 1069.15 641.89 303.02 349.34
6928804010114_camera2-27.jpg 73 1217.17 809.68 1066.52 651.9 301.3 315.57
6928804010114_camera2-28.jpg 73 1216.8 819.46 1059.5 649.61 314.6 339.69
6928804010114_camera2-2.jpg 73 1274.37 843.28 1123.49 686.97 301.75 312.62
6928804010114_camera2-30.jpg 73 1220.21 829.43 1058.56 657.82 323.31 343.21
6928804010114_camera2-29.jpg 73 1218.73 824.28 1063.36 655.4 310.74 337.76
6928804010114_camera2-32.jpg 73 1222.7 836.28 1073.18 673.85 299.03 324.86
6928804010114_camera2-31.jpg 73 1220.66 836.82 1067.22 668.91 306.88 335.83
6928804010114_camera2-33.jpg 73 1225.53 840.67 1076.47 681.3 298.12 318.74
6928804010114_camera2-34.jpg 73 1230.95 845.03 1074.46 679.53 312.99 331.01
6928804010114_camera2-35.jpg 73 1239.18 848.06 1082.57 685.18 313.23 325.76
6928804010114_camera2-37.jpg 73 1245.04 849.12 1095.18 695.3 299.71 307.64
6928804010114_camera2-36.jpg 73 1239.96 847.44 1084.59 682.42 310.74 330.04
6928804010114_camera2-38.jpg 73 1252.01 848.68 1103.74 695.66 296.54 306.05
6928804010114_camera2-4.jpg 73 1283.04 840.53 1127.73 677.91 310.62 325.24
6928804010114_camera2-39.jpg 73 1257.33 849.37 1103.89 690.14 306.88 318.46
6928804010114_camera2-40.jpg 73 1261.49 847.96 1111.97 693.69 299.03 308.54
6928804010114_camera2-3.jpg 73 1277.6 844.55 1123.19 684.35 308.81 320.39
6928804010114_camera2-5.jpg 73 1285.07 834.35 1130.02 674.6 310.1 319.5
6928804010114_camera2-6.jpg 73 1287.61 827.28 1138.1 672.33 299.03 309.9
6928804010114_camera2-9.jpg 73 1291.11 816.56 1136.7 647.68 308.81 337.76
6928804010114_camera2-7.jpg 73 1291.37 821.38 1137.48 658.28 307.78 326.19
6928804010114_camera3-11.jpg 73 1395.55 924.0 1238.87 349.5 313.36 1148.99
6928804010114_camera2-8.jpg 73 1289.33 815.59 1140.78 660.06 297.09 311.07
6928804010114_camera3-12.jpg 73 1399.47 926.57 1243.13 347.14 312.67 1158.86
6928804010114_camera3-19.jpg 73 1403.17 927.91 1253.23 355.76 299.89 1144.3
6928804010114_camera3-20.jpg 73 1403.36 924.67 1255.51 359.17 295.7 1131.0
6928804010114_camera3-25.jpg 73 1387.01 924.35 1234.81 356.14 304.4 1136.41
6928804010114_camera3-27.jpg 73 1372.82 927.97 1221.76 352.65 302.11 1150.64
6928804010114_camera3-23.jpg 73 1395.55 921.1 1233.07 349.5 324.97 1143.19
6928804010114_camera3-26.jpg 73 1380.69 924.02 1224.38 350.02 312.62 1148.01
6928804010114_camera3-30.jpg 73 1362.31 925.34 1211.25 347.39 302.11 1155.89
6928804010114_camera3-28.jpg 73 1372.07 919.64 1227.27 353.06 289.59 1133.16
6928804010114_camera3-29.jpg 73 1366.25 924.03 1213.88 352.65 304.74 1142.76
6928804010114_camera3-31.jpg 73 1354.93 926.89 1204.05 355.3 301.76 1143.19
6928804010114_camera3-32.jpg 73 1357.05 924.02 1205.99 350.02 302.11 1148.01
6928804010114_camera3-33.jpg 73 1351.79 924.02 1198.11 350.02 307.36 1148.01
6928804010114_camera3-34.jpg 73 1350.48 927.97 1192.86 352.65 315.24 1150.64
