6928804011173_camera0-11.jpg 74 1404.48 762.19 1247.96 203.19 313.04 1118.0
6928804011173_camera0-12.jpg 74 1412.93 769.0 1269.02 211.21 287.82 1115.58
6928804011173_camera0-10.jpg 74 1404.33 766.4 1250.65 200.28 307.36 1132.25
6928804011173_camera0-14.jpg 74 1424.57 768.97 1267.89 206.08 313.36 1125.78
6928804011173_camera0-16.jpg 74 1436.05 770.08 1282.16 205.82 307.78 1128.52
6928804011173_camera0-13.jpg 74 1423.69 766.03 1280.15 207.01 287.07 1118.05
6928804011173_camera0-15.jpg 74 1433.23 763.78 1274.3 202.91 317.87 1121.74
6928804011173_camera0-17.jpg 74 1437.37 768.76 1279.53 211.08 315.67 1115.37
6928804011173_camera0-18.jpg 74 1438.49 770.35 1282.18 213.42 312.62 1113.86
6928804011173_camera0-21.jpg 74 1441.31 777.97 1279.53 218.97 323.56 1118.0
6928804011173_camera0-20.jpg 74 1446.89 769.62 1300.12 222.47 293.54 1094.31
6928804011173_camera0-19.jpg 74 1442.43 769.03 1284.81 210.79 315.24 1116.49
6928804011173_camera0-24.jpg 74 1441.31 771.39 1292.68 221.6 297.26 1099.58
6928804011173_camera0-22.jpg 74 1444.74 777.37 1285.78 220.99 317.93 1112.75
6928804011173_camera0-1.jpg 74 1355.82 772.71 1203.24 218.97 305.15 1107.47
6928804011173_camera0-26.jpg 74 1432.5 768.56 1287.7 232.19 289.59 1072.73
6928804011173_camera0-28.jpg 74 1422.72 774.29 1269.04 231.81 307.36 1084.96
6928804011173_camera0-23.jpg 74 1432.11 775.34 1271.64 229.49 320.93 1091.69
6928804011173_camera0-25.jpg 74 1435.87 771.66 1284.81 226.55 302.11 1090.22
6928804011173_camera0-27.jpg 74 1424.22 777.97 1266.38 232.12 315.67 1091.69
6928804011173_camera0-2.jpg 74 1368.29 767.3 1224.75 219.6 287.07 1095.39
6928804011173_camera0-29.jpg 74 1420.27 775.34 1269.01 232.12 302.52 1086.43
6928804011173_camera0-30.jpg 74 1409.12 770.57 1252.89 226.47 312.45 1088.2
6928804011173_camera0-33.jpg 74 1391.2 772.97 1237.52 229.18 307.36 1087.59
6928804011173_camera0-36.jpg 74 1370.29 771.39 1221.66 221.6 297.26 1099.58
6928804011173_camera0-31.jpg 74 1399.09 770.35 1248.03 226.55 302.11 1087.59
6928804011173_camera0-3.jpg 74 1367.66 774.03 1219.03 211.08 297.26 1125.89
6928804011173_camera0-37.jpg 74 1373.66 773.12 1235.83 233.83 275.66 1078.58
6928804011173_camera0-35.jpg 74 1376.86 775.34 1234.81 226.86 284.1 1096.95
6928804011173_camera0-32.jpg 74 1397.77 770.35 1245.4 229.18 304.74 1082.33
6928804011173_camera0-34.jpg 74 1384.66 771.07 1242.38 234.7 284.55 1072.73
6928804011173_camera0-4.jpg 74 1375.44 769.03 1224.38 213.42 302.11 1111.23
6928804011173_camera0-40.jpg 74 1363.72 771.39 1211.14 218.97 305.15 1104.84
6928804011173_camera0-5.jpg 74 1378.15 774.77 1227.27 211.88 301.76 1125.78
6928804011173_camera0-6.jpg 74 1382.13 767.29 1239.86 214.56 284.55 1105.46
6928804011173_camera0-7.jpg 74 1384.76 771.39 1232.18 213.71 305.15 1115.37
6928804011173_camera0-9.jpg 74 1399.77 766.03 1257.49 209.52 284.55 1113.02
6928804011173_camera1-17.jpg 74 1307.15 752.98 1137.48 255.8 339.34 994.36
6928804011173_camera1-12.jpg 74 1285.18 763.51 1126.54 269.96 317.29 987.11
6928804011173_camera1-10.jpg 74 1262.43 766.13 1092.76 271.58 339.34 989.1
6928804011173_camera1-14.jpg 74 1296.89 766.07 1128.61 264.11 336.57 1003.92
6928804011173_camera1-15.jpg 74 1305.82 754.58 1137.69 260.7 336.26 987.76
6928804011173_camera1-13.jpg 74 1292.74 764.78 1134.1 272.48 317.28 984.59
6928804011173_camera1-11.jpg 74 1278.21 770.08 1108.54 276.84 339.35 986.47
6928804011173_camera1-16.jpg 74 1307.15 750.35 1134.85 258.43 344.61 983.84
6928804011173_camera1-19.jpg 74 1316.66 746.25 1155.86 251.97 321.6 988.55
6928804011173_camera1-20.jpg 74 1313.7 744.08 1145.57 247.57 336.26 993.02
6928804011173_camera1-18.jpg 74 1314.31 745.75 1146.02 246.7 336.57 998.11
6928804011173_camera1-1.jpg 74 1217.71 735.88 1053.3 240.01 328.82 991.73
6928804011173_camera1-21.jpg 74 1316.34 736.19 1150.83 234.43 331.01 1003.52
6928804011173_camera1-25.jpg 74 1302.82 716.92 1149.21 227.15 307.21 979.55
6928804011173_camera1-22.jpg 74 1301.89 726.67 1124.33 226.86 355.13 999.62
6928804011173_camera1-24.jpg 74 1306.6 718.19 1151.73 229.67 309.73 977.04
6928804011173_camera1-27.jpg 74 1282.16 718.78 1111.17 221.6 341.98 994.36
6928804011173_camera1-23.jpg 74 1311.99 723.95 1157.66 231.83 308.65 984.23
6928804011173_camera1-26.jpg 74 1288.74 716.15 1121.7 211.08 334.08 1010.14
6928804011173_camera1-33.jpg 74 1238.76 717.47 1071.72 213.71 334.08 1007.51
6928804011173_camera1-29.jpg 74 1275.66 714.95 1122.41 216.36 306.49 997.18
6928804011173_camera1-2.jpg 74 1223.07 749.33 1058.88 247.57 328.38 1003.52
6928804011173_camera1-31.jpg 74 1259.18 708.04 1099.6 206.08 319.16 1003.92
6928804011173_camera1-28.jpg 74 1279.54 714.84 1116.44 216.34 326.19 996.99
6928804011173_camera1-32.jpg 74 1250.66 712.55 1090.41 210.79 320.5 1003.52
6928804011173_camera1-30.jpg 74 1267.89 710.94 1105.4 206.08 324.97 1009.72
6928804011173_camera1-35.jpg 74 1234.29 721.06 1079.96 224.63 308.65 992.86
6928804011173_camera1-34.jpg 74 1238.83 716.5 1077.27 213.42 323.12 1006.15
6928804011173_camera1-36.jpg 74 1225.2 721.89 1066.03 219.52 318.34 1004.75
6928804011173_camera1-38.jpg 74 1219.71 729.51 1061.07 234.7 317.28 989.63
6928804011173_camera1-40.jpg 74 1212.56 733.57 1048.37 237.06 328.38 993.02
6928804011173_camera1-3.jpg 74 1225.3 751.64 1067.73 254.13 315.13 995.02
6928804011173_camera1-39.jpg 74 1219.02 733.25 1053.3 229.49 331.45 1007.51
6928804011173_camera1-7.jpg 74 1244.09 763.77 1085.15 268.58 317.87 990.39
6928804011173_camera1-4.jpg 74 1233.07 759.85 1064.78 254.99 336.57 1009.72
6928804011173_camera1-6.jpg 74 1234.81 758.24 1063.82 263.69 341.98 989.1
6928804011173_camera1-5.jpg 74 1236.08 759.73 1076.18 269.96 319.8 979.55
6928804011173_camera2-10.jpg 74 1300.57 826.83 1142.95 657.38 315.24 338.89
6928804011173_camera2-12.jpg 74 1303.14 812.08 1149.65 643.98 306.97 336.2
6928804011173_camera2-14.jpg 74 1294.0 799.25 1137.69 625.86 312.62 346.77
6928804011173_camera1-8.jpg 74 1253.38 768.56 1087.99 266.6 330.77 1003.92
6928804011173_camera1-9.jpg 74 1261.16 765.09 1095.66 268.58 331.01 993.02
6928804011173_camera2-13.jpg 74 1300.57 803.18 1142.95 628.49 315.24 349.39
6928804011173_camera2-11.jpg 74 1301.46 816.91 1142.29 645.62 318.34 342.59
6928804011173_camera2-16.jpg 74 1283.38 792.43 1128.98 614.87 308.81 355.13
6928804011173_camera2-15.jpg 74 1295.32 802.96 1137.48 626.71 315.67 352.5
6928804011173_camera2-17.jpg 74 1282.16 788.49 1132.22 610.93 299.89 355.13
6928804011173_camera2-18.jpg 74 1270.36 787.42 1116.68 607.47 307.36 359.9
6928804011173_camera2-19.jpg 74 1265.1 779.55 1111.42 602.22 307.36 354.65
6928804011173_camera2-1.jpg 74 1266.38 867.41 1105.91 703.0 320.93 328.82
6928804011173_camera2-21.jpg 74 1246.68 779.37 1091.49 606.7 310.39 345.34
6928804011173_camera2-22.jpg 74 1237.44 779.28 1079.61 595.14 315.67 368.28
6928804011173_camera2-23.jpg 74 1228.23 783.22 1066.45 600.4 323.56 365.65
6928804011173_camera2-20.jpg 74 1255.72 784.23 1103.73 607.47 303.98 353.52
6928804011173_camera2-28.jpg 74 1206.0 803.27 1047.37 626.38 317.26 353.78
6928804011173_camera2-25.jpg 74 1221.76 792.67 1066.76 617.98 309.99 349.39
6928804011173_camera2-27.jpg 74 1207.19 801.64 1042.78 624.08 328.82 355.13
6928804011173_camera2-24.jpg 74 1222.97 781.91 1066.45 597.77 313.04 368.28
6928804011173_camera2-26.jpg 74 1216.5 799.24 1056.25 623.23 320.5 352.02
6928804011173_camera2-30.jpg 74 1212.45 821.37 1048.04 653.01 328.82 336.71
6928804011173_camera2-29.jpg 74 1208.98 816.12 1052.37 645.41 313.23 341.42
6928804011173_camera2-2.jpg 74 1266.42 863.6 1114.05 702.04 304.74 323.12
6928804011173_camera2-31.jpg 74 1205.88 824.0 1053.3 650.38 305.15 347.24
6928804011173_camera2-34.jpg 74 1212.45 848.99 1048.04 674.06 328.82 349.87
6928804011173_camera2-32.jpg 74 1211.25 833.39 1051.0 665.26 320.5 336.26
6928804011173_camera2-33.jpg 74 1213.58 841.63 1058.24 675.94 310.67 331.39
6928804011173_camera2-36.jpg 74 1221.76 854.41 1066.76 691.54 309.99 325.75
6928804011173_camera2-39.jpg 74 1247.96 859.51 1084.87 695.1 326.19 328.82
6928804011173_camera2-35.jpg 74 1221.65 848.99 1063.82 679.32 315.67 339.34
6928804011173_camera2-40.jpg 74 1257.17 868.73 1098.02 705.63 318.3 326.19
6928804011173_camera2-37.jpg 74 1230.95 857.04 1077.27 699.42 307.36 315.24
6928804011173_camera2-3.jpg 74 1274.27 858.21 1119.07 700.37 310.41 315.67
6928804011173_camera2-4.jpg 74 1286.09 852.22 1131.04 687.78 310.1 328.89
6928804011173_camera2-38.jpg 74 1236.2 858.36 1082.52 699.42 307.36 317.87
6928804011173_camera2-5.jpg 74 1290.06 848.99 1126.96 687.21 326.19 323.56
6928804011173_camera2-6.jpg 74 1291.37 843.9 1135.06 683.65 312.62 320.5
6928804011173_camera2-7.jpg 74 1295.35 839.13 1143.46 680.34 303.77 317.58
6928804011173_camera3-12.jpg 74 1395.27 937.12 1229.55 363.65 331.45 1146.93
6928804011173_camera2-8.jpg 74 1301.88 834.89 1148.76 670.52 306.24 328.75
6928804011173_camera3-11.jpg 74 1395.28 931.86 1224.29 353.13 341.98 1157.46
6928804011173_camera3-16.jpg 74 1418.76 936.43 1262.08 356.13 313.36 1160.6
6928804011173_camera2-9.jpg 74 1299.63 830.39 1142.01 663.76 315.24 333.26
6928804011173_camera3-10.jpg 74 1382.12 938.43 1226.92 355.76 310.41 1165.35
6928804011173_camera3-17.jpg 74 1417.47 930.59 1258.54 357.9 317.87 1145.38
6928804011173_camera3-13.jpg 74 1399.22 933.17 1240.07 355.76 318.3 1154.83
6928804011173_camera3-18.jpg 74 1418.76 930.62 1256.28 361.93 324.97 1137.39
6928804011173_camera3-19.jpg 74 1412.38 937.12 1261.12 363.65 302.52 1146.93
6928804011173_camera3-15.jpg 74 1414.84 931.9 1253.28 357.9 323.12 1148.01
6928804011173_camera3-14.jpg 74 1400.54 938.43 1237.44 358.39 326.19 1160.09
6928804011173_camera3-1.jpg 74 1337.34 933.22 1179.72 360.53 315.24 1145.38
6928804011173_camera3-20.jpg 74 1416.33 920.02 1258.49 353.13 315.67 1133.78
6928804011173_camera3-24.jpg 74 1403.43 923.82 1246.75 359.27 313.36 1129.1
6928804011173_camera3-22.jpg 74 1411.06 930.54 1247.96 358.39 326.19 1144.3
6928804011173_camera3-21.jpg 74 1416.16 929.28 1261.16 360.53 309.99 1137.5
6928804011173_camera3-27.jpg 74 1391.2 925.35 1237.52 363.16 307.36 1124.37
6928804011173_camera3-23.jpg 74 1403.17 927.91 1250.6 363.65 305.15 1128.52
6928804011173_camera3-26.jpg 74 1395.18 921.92 1244.67 361.93 301.03 1119.98
6928804011173_camera3-25.jpg 74 1397.9 925.28 1245.33 355.76 305.15 1139.04
6928804011173_camera3-28.jpg 74 1380.69 922.71 1227.01 360.53 307.36 1124.37
6928804011173_camera3-2.jpg 74 1340.42 930.62 1180.84 361.93 319.16 1137.39
6928804011173_camera3-29.jpg 74 1375.44 929.29 1224.38 363.16 302.11 1132.25
6928804011173_camera3-30.jpg 74 1363.62 922.71 1211.25 360.53 304.74 1124.37
6928804011173_camera3-33.jpg 74 1350.65 927.19 1207.12 368.17 287.07 1118.05
6928804011173_camera3-32.jpg 74 1355.74 929.28 1200.74 360.53 309.99 1137.5
6928804011173_camera3-31.jpg 74 1359.76 931.86 1200.61 371.54 318.3 1120.63
6928804011173_camera3-35.jpg 74 1343.91 924.03 1190.23 352.65 307.36 1142.76
6928804011173_camera3-36.jpg 74 1336.09 933.17 1179.57 363.65 313.04 1139.04
6928804011173_camera3-3.jpg 74 1339.33 932.22 1192.02 358.09 294.62 1148.27
6928804011173_camera3-38.jpg 74 1336.09 933.17 1176.94 361.02 318.3 1144.3
6928804011173_camera3-39.jpg 74 1333.41 930.59 1177.1 357.9 312.62 1145.38
6928804011173_camera3-4.jpg 74 1352.03 932.54 1192.45 356.13 319.16 1152.82
6928804011173_camera3-40.jpg 74 1334.78 935.8 1176.94 363.65 315.67 1144.3
6928804011173_camera3-5.jpg 74 1353.11 929.28 1200.74 352.65 304.74 1153.26
6928804011173_camera3-6.jpg 74 1359.47 933.49 1212.16 355.58 294.62 1155.82
6928804011173_camera3-7.jpg 74 1370.29 938.43 1211.14 355.76 318.3 1165.35
6928804011173_camera3-9.jpg 74 1380.87 937.26 1234.82 363.13 292.1 1148.27
6928804011173_camera3-8.jpg 74 1370.19 933.23 1213.88 352.65 312.62 1161.15
