6924882496116_camera0-11.jpg 75 1405.8 763.5 1237.44 195.29 336.71 1136.41
6924882496116_camera0-12.jpg 75 1411.2 763.73 1245.95 194.12 330.51 1139.21
6924882496116_camera0-10.jpg 75 1405.54 769.76 1235.99 204.98 339.1 1129.57
6924882496116_camera0-15.jpg 75 1418.95 763.5 1255.86 195.29 326.19 1136.41
6924882496116_camera0-14.jpg 75 1419.18 769.38 1247.58 199.86 343.21 1139.04
6924882496116_camera0-16.jpg 75 1431.92 763.78 1263.79 192.4 336.26 1142.76
6924882496116_camera0-18.jpg 75 1430.79 766.12 1261.12 200.55 339.35 1131.15
6924882496116_camera0-13.jpg 75 1416.39 763.39 1244.6 201.98 343.59 1122.83
6924882496116_camera0-19.jpg 75 1430.8 767.44 1258.49 192.66 344.61 1149.56
6924882496116_camera0-17.jpg 75 1436.17 764.0 1262.08 195.3 348.18 1137.39
6924882496116_camera0-1.jpg 75 1382.01 767.72 1221.76 205.54 320.5 1124.37
6924882496116_camera0-21.jpg 75 1427.61 762.28 1260.31 204.23 334.6 1116.1
6924882496116_camera0-22.jpg 75 1426.66 763.77 1255.91 208.16 341.51 1111.23
6924882496116_camera0-20.jpg 75 1427.77 764.04 1259.35 203.91 336.85 1120.27
6924882496116_camera0-23.jpg 75 1426.85 760.87 1250.6 211.08 352.5 1099.58
6924882496116_camera0-25.jpg 75 1426.16 770.53 1257.76 216.29 336.81 1108.49
6924882496116_camera0-27.jpg 75 1413.62 769.8 1260.01 224.63 307.21 1090.35
6924882496116_camera0-24.jpg 75 1425.16 766.44 1263.47 218.82 323.38 1095.24
6924882496116_camera0-28.jpg 75 1413.53 770.34 1245.4 218.67 336.26 1103.35
6924882496116_camera0-26.jpg 75 1421.59 772.71 1253.23 218.97 336.71 1107.47
6924882496116_camera0-2.jpg 75 1379.38 765.09 1216.5 202.91 325.75 1124.37
6924882496116_camera0-30.jpg 75 1399.56 769.11 1240.46 223.94 318.19 1090.33
6924882496116_camera0-29.jpg 75 1405.41 769.46 1250.75 222.91 309.32 1093.11
6924882496116_camera0-31.jpg 75 1400.39 765.09 1237.52 216.04 325.75 1098.1
6924882496116_camera0-33.jpg 75 1386.02 764.65 1221.88 210.05 328.28 1109.2
6924882496116_camera0-32.jpg 75 1392.64 771.39 1226.92 216.34 331.45 1110.11
6924882496116_camera0-34.jpg 75 1388.86 767.31 1229.09 218.72 319.53 1097.17
6924882496116_camera0-37.jpg 75 1370.29 768.76 1192.72 211.08 355.13 1115.37
6924882496116_camera0-40.jpg 75 1382.01 766.4 1219.13 208.16 325.75 1116.49
6924882496116_camera0-36.jpg 75 1383.57 770.35 1230.33 221.03 306.49 1098.63
6924882496116_camera0-35.jpg 75 1386.07 764.82 1221.66 211.08 328.82 1107.47
6924882496116_camera0-38.jpg 75 1381.05 765.24 1209.86 205.25 342.38 1119.98
6924882496116_camera0-6.jpg 75 1392.52 762.47 1229.64 192.4 325.75 1140.13
6924882496116_camera0-39.jpg 75 1380.46 770.88 1219.89 216.2 321.13 1109.36
6924882496116_camera0-4.jpg 75 1382.13 755.61 1205.88 190.03 352.5 1131.15
6924882496116_camera0-3.jpg 75 1382.8 762.8 1226.47 205.93 312.66 1113.73
6924882496116_camera0-9.jpg 75 1398.42 757.78 1233.37 188.51 330.11 1138.55
6924882496116_camera0-5.jpg 75 1390.2 765.24 1221.46 193.64 337.48 1143.19
6924882496116_camera0-8.jpg 75 1395.13 761.15 1232.26 195.03 325.75 1132.25
6924882496116_camera1-10.jpg 75 1268.18 754.42 1098.63 255.88 339.1 997.08
6924882496116_camera1-12.jpg 75 1283.2 756.63 1107.45 256.19 351.51 1000.88
6924882496116_camera0-7.jpg 75 1396.46 762.47 1229.64 192.4 333.63 1140.13
6924882496116_camera1-11.jpg 75 1280.52 752.49 1101.51 250.1 358.02 1004.78
6924882496116_camera1-17.jpg 75 1300.57 740.14 1119.3 231.81 362.53 1016.66
6924882496116_camera1-14.jpg 75 1293.84 751.23 1118.09 250.79 351.51 1000.88
6924882496116_camera1-15.jpg 75 1296.63 753.27 1114.05 247.57 365.16 1011.41
6924882496116_camera1-13.jpg 75 1283.41 756.34 1107.29 246.25 352.25 1020.18
6924882496116_camera1-16.jpg 75 1303.12 743.33 1114.11 233.49 378.02 1019.67
6924882496116_camera1-20.jpg 75 1307.13 733.56 1121.93 223.92 370.41 1019.29
6924882496116_camera1-18.jpg 75 1304.52 731.93 1111.17 226.86 386.7 1010.14
6924882496116_camera1-19.jpg 75 1308.6 736.46 1130.07 235.67 357.06 1001.57
6924882496116_camera1-22.jpg 75 1304.51 729.62 1127.18 216.04 354.65 1027.17
6924882496116_camera1-1.jpg 75 1228.88 735.33 1049.22 224.44 359.31 1021.78
6924882496116_camera1-21.jpg 75 1296.62 731.94 1111.17 218.97 370.91 1025.93
6924882496116_camera1-25.jpg 75 1291.1 714.25 1111.21 203.59 359.78 1021.33
6924882496116_camera1-23.jpg 75 1297.37 725.23 1118.84 215.46 357.06 1019.53
6924882496116_camera1-24.jpg 75 1290.05 713.52 1103.28 203.19 373.54 1020.67
6924882496116_camera1-26.jpg 75 1284.81 715.18 1106.17 202.91 357.28 1024.54
6924882496116_camera1-27.jpg 75 1284.06 712.07 1106.97 204.87 354.17 1014.4
6924882496116_camera1-28.jpg 75 1274.3 717.8 1093.03 202.91 362.53 1029.79
6924882496116_camera1-30.jpg 75 1265.82 715.14 1079.29 200.33 373.05 1029.62
6924882496116_camera1-29.jpg 75 1271.67 719.12 1093.03 205.54 357.28 1027.17
6924882496116_camera1-2.jpg 75 1230.47 739.98 1049.54 238.55 361.87 1002.85
6924882496116_camera1-31.jpg 75 1259.85 717.8 1085.15 202.91 349.39 1029.79
6924882496116_camera1-33.jpg 75 1236.12 717.47 1045.41 205.82 381.43 1023.3
6924882496116_camera1-32.jpg 75 1247.58 717.15 1064.78 197.79 365.59 1038.73
6924882496116_camera1-36.jpg 75 1238.18 728.43 1059.17 219.31 358.02 1018.25
6924882496116_camera1-38.jpg 75 1225.61 727.99 1040.15 216.34 370.91 1023.3
6924882496116_camera1-34.jpg 75 1240.14 719.12 1058.88 205.54 362.53 1027.17
6924882496116_camera1-37.jpg 75 1225.61 724.04 1034.89 216.34 381.43 1015.4
6924882496116_camera1-35.jpg 75 1238.83 724.38 1058.88 213.42 359.9 1021.91
6924882496116_camera1-39.jpg 75 1229.52 743.83 1051.47 232.78 356.1 1022.1
6924882496116_camera1-3.jpg 75 1238.88 743.28 1053.18 232.61 371.39 1021.33
6924882496116_camera1-5.jpg 75 1247.96 745.08 1061.19 237.38 373.54 1015.4
6924882496116_camera1-6.jpg 75 1254.59 757.2 1074.64 250.19 359.9 1014.03
6924882496116_camera1-4.jpg 75 1242.99 744.79 1064.94 242.4 356.1 1004.78
6924882496116_camera1-7.jpg 75 1259.19 754.88 1076.39 250.02 365.59 1009.72
6924882496116_camera1-40.jpg 75 1225.61 739.83 1042.78 226.86 365.65 1025.93
6924882496116_camera2-10.jpg 75 1290.06 816.32 1121.93 628.49 336.26 375.66
6924882496116_camera1-9.jpg 75 1264.16 751.52 1088.04 246.25 352.25 1010.55
6924882496116_camera1-8.jpg 75 1262.09 754.88 1076.39 250.02 371.39 1009.72
6924882496116_camera2-11.jpg 75 1287.42 812.17 1108.54 616.19 357.76 391.96
6924882496116_camera2-13.jpg 75 1283.49 800.55 1111.42 612.72 344.14 375.66
6924882496116_camera2-14.jpg 75 1279.86 794.64 1108.74 605.14 342.23 379.0
6924882496116_camera2-12.jpg 75 1287.43 809.75 1114.05 620.61 346.77 378.29
6924882496116_camera2-15.jpg 75 1275.82 794.24 1108.54 603.93 334.55 380.62
6924882496116_camera2-16.jpg 75 1271.66 791.36 1100.91 596.96 341.51 388.8
6924882496116_camera2-20.jpg 75 1253.38 786.8 1076.39 586.59 353.98 400.41
6924882496116_camera2-17.jpg 75 1267.73 790.05 1098.29 591.71 338.89 396.68
6924882496116_camera2-19.jpg 75 1255.21 785.15 1085.51 591.81 339.4 386.68
6924882496116_camera2-18.jpg 75 1263.85 788.71 1082.96 585.9 361.78 405.63
6924882496116_camera2-1.jpg 75 1261.16 842.59 1085.15 667.89 352.02 349.39
6924882496116_camera2-22.jpg 75 1235.82 790.61 1069.75 596.66 332.13 387.89
6924882496116_camera2-21.jpg 75 1245.39 790.06 1074.64 594.34 341.51 391.43
6924882496116_camera2-23.jpg 75 1231.87 791.72 1058.29 594.38 347.16 394.67
6924882496116_camera2-25.jpg 75 1221.8 797.01 1050.88 609.47 341.83 375.08
6924882496116_camera2-24.jpg 75 1230.95 793.99 1061.51 604.84 338.89 378.29
6924882496116_camera2-27.jpg 75 1211.91 804.8 1043.6 619.86 336.63 369.88
6924882496116_camera2-28.jpg 75 1215.18 812.38 1040.49 620.61 349.39 383.55
6924882496116_camera2-26.jpg 75 1220.35 800.32 1042.78 605.66 355.13 389.33
6924882496116_camera2-29.jpg 75 1209.86 814.56 1029.96 623.06 359.79 383.0
6924882496116_camera2-30.jpg 75 1216.5 818.95 1040.49 633.74 352.02 370.41
6924882496116_camera2-32.jpg 75 1215.63 825.28 1045.53 650.29 340.2 349.99
6924882496116_camera2-2.jpg 75 1266.38 837.16 1087.5 663.54 357.76 347.24
6924882496116_camera2-33.jpg 75 1220.44 828.14 1048.37 649.5 344.14 357.28
6924882496116_camera2-31.jpg 75 1222.74 824.64 1047.33 638.27 350.82 372.74
6924882496116_camera2-35.jpg 75 1226.12 836.36 1057.83 660.29 336.58 352.13
6924882496116_camera2-37.jpg 75 1234.81 837.16 1063.82 655.65 341.98 363.02
6924882496116_camera2-39.jpg 75 1250.65 845.21 1074.64 667.89 352.02 354.65
6924882496116_camera2-36.jpg 75 1232.55 840.87 1064.23 667.21 336.63 347.32
6924882496116_camera2-34.jpg 75 1224.39 833.4 1053.63 654.76 341.51 357.28
6924882496116_camera2-3.jpg 75 1272.7 835.97 1105.94 660.38 333.52 351.18
6924882496116_camera2-38.jpg 75 1241.46 845.21 1069.39 670.52 344.14 349.39
6924882496116_camera2-5.jpg 75 1283.49 829.46 1111.42 646.88 344.14 365.16
6924882496116_camera2-4.jpg 75 1276.34 832.86 1110.1 663.5 332.48 338.71
6924882496116_camera2-40.jpg 75 1257.76 843.0 1082.96 672.47 349.6 341.07
6924882496116_camera2-6.jpg 75 1282.18 828.14 1111.42 649.5 341.51 357.28
6924882496116_camera2-7.jpg 75 1286.12 819.09 1117.03 642.72 338.19 352.74
6924882496116_camera2-8.jpg 75 1288.75 821.57 1116.68 638.99 344.14 365.16
6924882496116_camera2-9.jpg 75 1288.74 809.54 1105.91 618.82 365.65 381.43
6924882496116_camera3-10.jpg 75 1381.76 922.84 1212.78 343.83 337.97 1158.02
6924882496116_camera3-13.jpg 75 1396.45 927.97 1227.01 344.77 338.89 1166.4
6924882496116_camera3-11.jpg 75 1383.43 925.28 1197.98 347.87 370.91 1154.83
6924882496116_camera3-12.jpg 75 1392.51 931.91 1227.01 344.77 331.01 1174.28
6924882496116_camera3-15.jpg 75 1405.16 927.33 1233.37 347.95 343.59 1158.76
6924882496116_camera3-16.jpg 75 1405.92 926.61 1233.25 344.65 345.34 1163.91
6924882496116_camera3-14.jpg 75 1403.17 927.91 1221.66 342.61 363.02 1170.61
6924882496116_camera3-17.jpg 75 1404.34 924.02 1234.89 342.14 338.89 1163.77
6924882496116_camera3-18.jpg 75 1405.64 922.72 1232.26 342.14 346.77 1161.15
6924882496116_camera3-19.jpg 75 1404.26 921.91 1227.27 344.52 353.98 1154.79
6924882496116_camera3-1.jpg 75 1349.16 927.97 1179.72 347.39 338.89 1161.15
6924882496116_camera3-20.jpg 75 1403.01 922.71 1232.26 347.39 341.51 1150.64
6924882496116_camera3-22.jpg 75 1401.85 920.01 1232.18 337.34 339.34 1165.35
6924882496116_camera3-24.jpg 75 1399.87 918.03 1236.25 344.42 327.23 1147.22
6924882496116_camera3-21.jpg 75 1404.34 924.03 1229.64 344.77 349.39 1158.52
6924882496116_camera3-23.jpg 75 1404.25 920.67 1238.87 346.18 330.77 1148.99
6924882496116_camera3-25.jpg 75 1390.02 925.28 1216.4 350.5 347.24 1149.56
6924882496116_camera3-26.jpg 75 1386.08 923.96 1222.14 356.93 327.87 1134.06
6924882496116_camera3-28.jpg 75 1376.76 918.77 1211.25 347.39 331.01 1142.76
6924882496116_camera3-27.jpg 75 1380.7 921.4 1213.88 352.65 333.63 1137.5
6924882496116_camera3-29.jpg 75 1379.14 916.29 1212.78 346.45 332.73 1139.68
6924882496116_camera3-30.jpg 75 1375.24 914.87 1209.86 351.98 330.77 1125.78
6924882496116_camera3-31.jpg 75 1363.61 921.4 1198.11 352.65 331.01 1137.5
6924882496116_camera3-2.jpg 75 1349.02 927.34 1186.21 343.46 325.62 1167.75
6924882496116_camera3-32.jpg 75 1357.05 918.77 1192.86 344.77 328.38 1148.01
6924882496116_camera3-33.jpg 75 1345.3 922.65 1166.42 350.5 357.76 1144.3
6924882496116_camera3-34.jpg 75 1352.38 919.47 1183.96 347.95 336.85 1143.04
6924882496116_camera3-35.jpg 75 1352.03 926.48 1186.64 346.18 330.77 1160.6
6924882496116_camera3-39.jpg 75 1349.17 930.59 1177.1 347.39 344.14 1166.4
6924882496116_camera3-37.jpg 75 1346.93 924.77 1178.51 346.35 336.85 1156.84
6924882496116_camera3-36.jpg 75 1347.86 927.97 1182.35 347.39 331.01 1161.15
6924882496116_camera3-40.jpg 75 1346.39 922.84 1178.72 343.83 335.35 1158.02
6924882496116_camera3-38.jpg 75 1345.22 925.35 1171.84 344.77 346.77 1161.15
6924882496116_camera3-3.jpg 75 1347.93 913.44 1176.94 326.82 341.98 1173.24
6924882496116_camera3-5.jpg 75 1369.43 932.28 1204.05 346.18 330.77 1172.2
6924882496116_camera3-6.jpg 75 1370.18 927.97 1203.37 342.14 333.63 1171.65
6924882496116_camera3-8.jpg 75 1373.91 930.7 1210.16 349.07 327.49 1163.26
6924882496116_camera3-7.jpg 75 1371.6 927.91 1197.98 347.87 347.24 1160.09
6924882496116_camera3-4.jpg 75 1362.3 929.28 1192.86 344.77 338.89 1169.03
6924882496116_camera3-9.jpg 75 1382.71 916.1 1213.16 336.72 339.1 1158.76
