6928804011326_camera0-11.jpg 77 1442.62 767.44 1282.16 200.55 320.93 1133.78
6928804011326_camera0-10.jpg 77 1424.57 763.17 1267.89 194.47 313.36 1137.39
6928804011326_camera0-12.jpg 77 1442.62 766.12 1287.42 197.92 310.41 1136.41
6928804011326_camera0-14.jpg 77 1455.79 763.51 1297.95 203.19 315.67 1120.63
6928804011326_camera0-15.jpg 77 1454.25 769.03 1300.57 200.28 307.36 1137.5
6928804011326_camera0-13.jpg 77 1447.88 768.77 1287.42 205.82 320.93 1125.89
6928804011326_camera0-1.jpg 77 1356.96 764.77 1214.68 209.52 284.55 1110.5
6928804011326_camera0-16.jpg 77 1459.5 769.03 1303.19 208.16 312.62 1121.74
6928804011326_camera0-17.jpg 77 1456.48 766.07 1296.9 206.08 319.16 1119.98
6928804011326_camera0-19.jpg 77 1454.47 770.08 1308.47 213.71 291.99 1112.74
6928804011326_camera0-21.jpg 77 1453.15 775.34 1303.21 226.86 299.89 1096.95
6928804011326_camera0-18.jpg 77 1458.18 765.09 1303.19 202.91 309.99 1124.37
6928804011326_camera0-20.jpg 77 1455.16 768.54 1310.37 222.11 289.59 1092.87
6928804011326_camera0-24.jpg 77 1426.85 768.76 1274.27 226.86 305.15 1083.8
6928804011326_camera0-22.jpg 77 1441.12 770.35 1284.81 221.3 312.62 1098.1
6928804011326_camera0-23.jpg 77 1433.42 775.34 1276.9 226.86 313.04 1096.95
6928804011326_camera0-27.jpg 77 1407.16 774.77 1256.28 229.29 301.76 1090.96
6928804011326_camera0-26.jpg 77 1413.61 772.33 1267.56 229.67 292.1 1085.32
6928804011326_camera0-25.jpg 77 1418.78 766.4 1261.16 218.67 315.24 1095.47
6928804011326_camera0-29.jpg 77 1382.12 770.08 1226.92 232.12 310.41 1075.91
6928804011326_camera0-28.jpg 77 1395.27 776.65 1245.33 232.12 299.89 1089.06
6928804011326_camera0-31.jpg 77 1371.5 769.03 1221.76 223.92 299.48 1090.22
6928804011326_camera0-30.jpg 77 1385.91 772.32 1244.9 234.7 282.03 1075.24
6928804011326_camera0-2.jpg 77 1366.54 763.17 1215.66 200.28 301.76 1125.78
6928804011326_camera0-36.jpg 77 1353.18 770.08 1197.98 211.08 310.41 1118.0
6928804011326_camera0-34.jpg 77 1355.73 770.34 1205.99 218.67 299.48 1103.35
6928804011326_camera0-32.jpg 77 1370.8 769.8 1234.82 224.63 271.96 1090.35
6928804011326_camera0-33.jpg 77 1358.44 766.13 1203.24 221.6 310.41 1089.06
6928804011326_camera0-37.jpg 77 1354.44 769.81 1212.16 219.6 284.55 1100.42
6928804011326_camera0-35.jpg 77 1355.73 765.09 1208.62 210.79 294.23 1108.61
6928804011326_camera0-38.jpg 77 1345.29 764.82 1184.83 203.19 320.93 1123.26
6928804011326_camera0-39.jpg 77 1351.2 762.87 1201.98 200.81 298.44 1124.12
6928804011326_camera0-3.jpg 77 1370.8 763.51 1232.31 201.97 276.99 1123.09
6928804011326_camera0-4.jpg 77 1380.69 761.15 1227.01 195.03 307.36 1132.25
6928804011326_camera0-5.jpg 77 1388.7 764.81 1229.55 200.55 318.3 1128.52
6928804011326_camera0-40.jpg 77 1357.05 762.46 1203.37 200.28 307.36 1124.37
6928804011326_camera0-8.jpg 77 1409.84 762.25 1267.56 196.93 284.55 1130.64
6928804011326_camera0-6.jpg 77 1390.02 775.33 1232.18 197.92 315.67 1154.83
6928804011326_camera1-10.jpg 77 1299.8 763.17 1128.61 258.31 342.38 1009.72
6928804011326_camera0-9.jpg 77 1418.79 759.84 1266.42 189.77 304.74 1140.13
6928804011326_camera0-7.jpg 77 1400.53 766.12 1245.33 192.66 310.41 1146.93
6928804011326_camera1-14.jpg 77 1325.53 751.96 1158.71 247.57 333.63 1008.78
6928804011326_camera1-11.jpg 77 1310.37 764.77 1149.21 267.44 322.32 994.66
6928804011326_camera1-13.jpg 77 1313.73 752.98 1142.74 253.17 341.98 999.62
6928804011326_camera1-15.jpg 77 1328.82 739.95 1157.63 235.09 342.38 1009.72
6928804011326_camera1-16.jpg 77 1328.15 738.83 1166.59 231.81 323.12 1014.03
6928804011326_camera1-12.jpg 77 1311.1 752.97 1142.74 245.27 336.71 1015.4
6928804011326_camera1-19.jpg 77 1322.95 719.45 1166.83 219.6 312.25 999.7
6928804011326_camera1-17.jpg 77 1324.25 727.99 1145.37 229.49 357.76 996.99
6928804011326_camera1-18.jpg 77 1325.92 728.35 1157.63 223.49 336.57 1009.72
6928804011326_camera1-1.jpg 77 1215.18 762.46 1048.37 255.45 333.63 1014.03
6928804011326_camera1-23.jpg 77 1297.78 703.08 1141.65 201.97 312.25 1002.22
6928804011326_camera1-26.jpg 77 1263.75 696.42 1105.91 187.4 315.67 1018.04
6928804011326_camera1-22.jpg 77 1308.44 704.67 1145.57 205.54 325.75 998.27
6928804011326_camera1-29.jpg 77 1241.39 695.1 1076.98 187.4 328.82 1015.4
6928804011326_camera1-21.jpg 77 1314.14 709.38 1156.76 217.08 314.77 984.59
6928804011326_camera1-24.jpg 77 1288.19 708.04 1122.81 200.28 330.77 1015.52
6928804011326_camera1-25.jpg 77 1274.28 705.62 1116.44 197.92 315.67 1015.4
6928804011326_camera1-27.jpg 77 1259.85 698.11 1095.66 195.03 328.38 1006.15
6928804011326_camera1-20.jpg 77 1319.18 715.67 1164.32 219.6 309.73 992.15
6928804011326_camera1-28.jpg 77 1253.38 702.23 1093.8 194.47 319.16 1015.52
6928804011326_camera1-31.jpg 77 1225.6 713.52 1066.45 208.45 318.3 1010.14
6928804011326_camera1-2.jpg 77 1224.39 770.35 1058.88 258.08 331.01 1024.54
6928804011326_camera1-30.jpg 77 1229.55 700.36 1069.09 197.92 320.93 1004.88
6928804011326_camera1-33.jpg 77 1213.88 721.75 1051.0 210.79 325.75 1021.91
6928804011326_camera1-32.jpg 77 1218.45 713.14 1063.59 209.52 309.73 1007.25
6928804011326_camera1-34.jpg 77 1207.78 729.71 1043.64 217.39 328.28 1024.64
6928804011326_camera1-37.jpg 77 1199.3 738.51 1037.52 229.49 323.56 1018.04
6928804011326_camera1-36.jpg 77 1195.48 736.19 1032.61 229.18 325.75 1014.03
6928804011326_camera1-38.jpg 77 1204.61 745.89 1043.45 244.78 322.32 1002.22
6928804011326_camera1-5.jpg 77 1240.07 763.5 1063.82 258.43 352.5 1010.14
6928804011326_camera1-35.jpg 77 1205.99 729.63 1043.12 221.3 325.75 1016.66
6928804011326_camera1-39.jpg 77 1208.38 755.95 1048.48 249.81 319.8 1012.29
6928804011326_camera1-4.jpg 77 1237.44 776.65 1061.19 271.58 352.5 1010.14
6928804011326_camera1-3.jpg 77 1230.96 769.03 1064.14 260.7 333.63 1016.66
6928804011326_camera1-40.jpg 77 1213.42 759.74 1056.04 257.37 314.77 1004.74
6928804011326_camera1-6.jpg 77 1257.17 783.22 1092.76 276.84 328.82 1012.77
6928804011326_camera1-9.jpg 77 1292.69 769.03 1124.56 263.33 336.26 1011.41
6928804011326_camera1-8.jpg 77 1279.5 780.58 1111.21 269.91 336.57 1021.33
6928804011326_camera1-7.jpg 77 1263.75 780.6 1095.39 276.84 336.71 1007.51
6928804011326_camera2-10.jpg 77 1308.2 789.23 1157.55 619.56 301.3 339.35
6928804011326_camera2-11.jpg 77 1304.51 784.8 1148.2 602.22 312.62 365.16
6928804011326_camera2-12.jpg 77 1297.94 779.28 1137.48 592.51 320.93 373.54
6928804011326_camera2-13.jpg 77 1288.25 771.64 1139.98 598.0 296.54 347.28
6928804011326_camera2-14.jpg 77 1278.24 770.35 1124.56 591.71 307.36 357.28
6928804011326_camera2-18.jpg 77 1241.0 770.31 1083.87 583.94 314.27 372.74
6928804011326_camera2-19.jpg 77 1225.6 774.02 1066.45 589.88 318.3 368.28
6928804011326_camera2-1.jpg 77 1288.44 863.66 1138.59 708.26 299.71 310.81
6928804011326_camera2-15.jpg 77 1272.96 771.39 1113.81 584.62 318.3 373.54
6928804011326_camera2-17.jpg 77 1248.03 766.41 1093.03 583.83 309.99 365.16
6928804011326_camera2-16.jpg 77 1259.8 760.87 1103.28 568.84 313.04 384.06
6928804011326_camera2-21.jpg 77 1210.9 779.45 1059.2 603.69 303.41 351.51
6928804011326_camera2-20.jpg 77 1219.13 772.98 1061.51 591.71 315.24 362.53
6928804011326_camera2-22.jpg 77 1208.51 787.17 1045.41 603.03 326.19 368.28
6928804011326_camera2-23.jpg 77 1200.04 794.59 1038.72 614.48 322.63 360.22
6928804011326_camera2-24.jpg 77 1197.61 799.91 1044.58 629.44 306.05 340.94
6928804011326_camera2-25.jpg 77 1195.36 805.59 1027.0 621.45 336.71 368.28
6928804011326_camera2-26.jpg 77 1192.86 812.38 1027.36 636.37 331.01 352.02
6928804011326_camera2-27.jpg 77 1195.36 825.32 1037.52 650.38 315.67 349.87
6928804011326_camera2-28.jpg 77 1194.01 833.18 1040.98 669.84 306.05 326.67
6928804011326_camera2-29.jpg 77 1196.67 841.11 1037.52 668.8 318.3 344.61
6928804011326_camera2-34.jpg 77 1229.82 867.54 1072.2 704.29 315.24 326.5
6928804011326_camera2-36.jpg 77 1253.74 872.08 1093.86 710.07 319.76 324.02
6928804011326_camera2-31.jpg 77 1205.34 853.41 1055.48 690.07 299.71 326.67
6928804011326_camera2-33.jpg 77 1221.95 865.29 1065.45 702.04 312.99 326.5
6928804011326_camera2-2.jpg 77 1296.06 858.67 1145.41 702.47 301.3 312.4
6928804011326_camera2-30.jpg 77 1199.3 848.99 1032.26 674.06 334.08 349.87
6928804011326_camera2-32.jpg 77 1215.19 861.92 1056.44 693.04 317.5 337.76
6928804011326_camera2-35.jpg 77 1236.73 869.54 1087.89 712.55 297.67 313.98
6928804011326_camera2-37.jpg 77 1256.41 871.78 1101.36 712.03 310.1 319.5
6928804011326_camera2-38.jpg 77 1267.69 872.67 1105.91 705.63 323.56 334.08
6928804011326_camera2-39.jpg 77 1279.36 869.79 1121.74 704.29 315.24 331.01
6928804011326_camera2-40.jpg 77 1288.74 867.4 1126.96 697.73 323.56 339.34
6928804011326_camera2-3.jpg 77 1299.4 850.2 1148.31 694.8 302.18 310.81
6928804011326_camera2-6.jpg 77 1316.37 821.37 1161.16 645.12 310.41 352.5
6928804011326_camera2-5.jpg 77 1310.45 833.48 1156.96 669.04 306.97 328.89
6928804011326_camera2-4.jpg 77 1308.47 841.65 1150.21 680.49 316.53 322.32
6928804011326_camera3-12.jpg 77 1421.58 931.86 1261.12 347.87 320.93 1167.98
6928804011326_camera2-8.jpg 77 1314.26 812.38 1160.02 641.25 308.49 342.26
6928804011326_camera3-13.jpg 77 1426.85 929.23 1269.01 358.39 315.67 1141.67
6928804011326_camera3-11.jpg 77 1419.73 930.75 1272.26 361.07 294.95 1139.37
6928804011326_camera2-9.jpg 77 1314.1 800.6 1156.96 625.19 314.27 350.82
6928804011326_camera2-7.jpg 77 1318.12 817.52 1161.79 651.54 312.67 331.97
6928804011326_camera3-15.jpg 77 1422.9 925.28 1269.01 353.13 307.78 1144.3
6928804011326_camera3-10.jpg 77 1410.9 931.9 1250.65 347.39 320.5 1169.03
6928804011326_camera3-16.jpg 77 1434.74 925.28 1266.38 353.13 336.71 1144.3
6928804011326_camera3-14.jpg 77 1429.62 926.47 1279.61 356.65 300.02 1139.64
6928804011326_camera3-17.jpg 77 1430.37 921.51 1273.69 352.81 313.36 1137.39
6928804011326_camera3-19.jpg 77 1418.79 914.83 1266.42 347.39 304.74 1134.88
6928804011326_camera3-18.jpg 77 1425.53 929.23 1271.64 363.65 307.78 1131.15
6928804011326_camera3-1.jpg 77 1337.14 933.27 1190.86 354.07 292.57 1158.4
6928804011326_camera3-20.jpg 77 1412.22 918.77 1255.91 355.28 312.62 1126.99
6928804011326_camera3-21.jpg 77 1409.74 910.82 1263.75 345.24 291.99 1131.15
6928804011326_camera3-23.jpg 77 1398.45 921.51 1244.67 352.81 307.56 1137.39
6928804011326_camera3-22.jpg 77 1403.02 913.52 1250.65 355.28 304.74 1116.49
6928804011326_camera3-24.jpg 77 1379.5 917.39 1232.18 355.76 294.63 1123.26
6928804011326_camera3-27.jpg 77 1362.0 920.9 1219.72 365.65 284.55 1110.5
6928804011326_camera3-28.jpg 77 1350.56 916.08 1197.98 353.13 305.15 1125.89
6928804011326_camera3-25.jpg 77 1375.44 913.52 1221.76 352.65 307.36 1121.74
6928804011326_camera3-26.jpg 77 1372.07 919.64 1229.79 365.65 284.55 1107.98
6928804011326_camera3-30.jpg 77 1336.09 913.45 1176.94 350.5 318.3 1125.89
6928804011326_camera3-29.jpg 77 1343.91 914.83 1190.23 347.39 307.36 1134.88
6928804011326_camera3-2.jpg 77 1346.23 936.01 1192.45 352.81 307.56 1166.4
6928804011326_camera3-31.jpg 77 1328.2 930.54 1176.94 361.02 302.52 1139.04
6928804011326_camera3-34.jpg 77 1325.52 921.4 1171.84 350.02 307.36 1142.76
6928804011326_camera3-36.jpg 77 1319.18 927.19 1171.87 358.09 294.62 1138.2
6928804011326_camera3-33.jpg 77 1321.62 921.34 1169.05 353.13 305.15 1136.41
6928804011326_camera3-32.jpg 77 1326.84 921.4 1174.47 350.02 304.74 1142.76
6928804011326_camera3-35.jpg 77 1321.36 923.46 1167.16 351.45 308.39 1144.02
6928804011326_camera3-39.jpg 77 1333.46 930.54 1174.31 353.13 318.3 1154.83
6928804011326_camera3-38.jpg 77 1325.47 932.23 1179.42 360.61 292.1 1143.23
6928804011326_camera3-37.jpg 77 1321.62 931.86 1163.79 358.39 315.67 1146.93
6928804011326_camera3-40.jpg 77 1333.41 935.85 1177.1 350.02 312.62 1171.65
6928804011326_camera3-3.jpg 77 1351.92 930.97 1204.61 355.58 294.62 1150.79
6928804011326_camera3-4.jpg 77 1357.13 933.17 1192.72 350.5 328.82 1165.35
6928804011326_camera3-6.jpg 77 1379.38 934.53 1224.38 350.02 309.99 1169.03
6928804011326_camera3-7.jpg 77 1383.44 933.17 1224.29 353.13 318.3 1160.09
6928804011326_camera3-5.jpg 77 1370.19 929.28 1213.88 344.77 312.62 1169.03
6928804011326_camera3-8.jpg 77 1397.24 936.0 1249.93 360.61 294.62 1150.79
6928804011326_camera3-9.jpg 77 1409.74 930.54 1247.96 342.61 323.56 1175.87
