6928804010220_camera1-20.jpg 78 1317.92 727.0 1164.32 232.19 307.21 989.63
6928804010220_camera1-21.jpg 78 1307.15 724.04 1142.74 224.23 328.82 999.62
6928804010220_camera1-29.jpg 78 1253.71 704.34 1103.88 207.01 299.66 994.66
6928804010220_camera1-30.jpg 78 1246.71 707.3 1087.78 202.91 317.87 1008.78
6928804010220_camera1-28.jpg 78 1263.79 704.34 1111.44 207.01 304.69 994.66
6928804010220_camera1-32.jpg 78 1222.97 713.52 1055.93 216.34 334.08 994.36
6928804010220_camera1-37.jpg 78 1211.13 733.25 1055.93 234.75 310.41 996.99
6928804010220_camera1-5.jpg 78 1246.15 767.29 1088.77 269.96 314.77 994.66
6928804010220_camera1-6.jpg 78 1250.48 765.24 1082.19 263.28 336.57 1003.92
6928804010220_camera1-9.jpg 78 1276.9 781.91 1100.65 271.58 352.5 1020.67
6928804010220_camera1-8.jpg 78 1271.68 769.03 1106.17 268.58 331.01 1000.9
6928804010220_camera2-11.jpg 78 1299.26 799.02 1142.74 626.71 313.04 344.61
6928804010220_camera1-7.jpg 78 1261.27 768.56 1103.88 272.48 314.77 992.15
6928804010220_camera2-15.jpg 78 1274.27 780.6 1119.07 605.66 310.41 349.87
6928804010220_camera2-12.jpg 78 1295.32 792.67 1142.95 623.23 304.74 338.89
6928804010220_camera2-10.jpg 78 1304.15 807.88 1158.26 642.96 291.78 329.84
6928804010220_camera2-14.jpg 78 1284.79 781.91 1129.59 603.03 310.41 357.76
6928804010220_camera2-16.jpg 78 1267.73 782.16 1114.05 604.84 307.36 354.65
6928804010220_camera2-13.jpg 78 1291.37 791.12 1140.11 613.56 302.52 355.13
6928804010220_camera2-17.jpg 78 1257.53 778.12 1112.43 611.62 290.19 333.01
6928804010220_camera2-19.jpg 78 1244.26 779.57 1087.58 602.99 313.36 353.15
6928804010220_camera2-18.jpg 78 1250.6 776.65 1087.5 589.88 326.19 373.54
6928804010220_camera2-21.jpg 78 1223.55 783.75 1071.08 611.01 304.95 345.48
6928804010220_camera2-20.jpg 78 1233.92 779.64 1087.77 613.14 292.31 333.01
6928804010220_camera2-23.jpg 78 1213.76 791.12 1058.56 621.45 310.41 339.34
6928804010220_camera2-22.jpg 78 1216.51 790.05 1064.14 617.98 304.74 344.14
6928804010220_camera2-27.jpg 78 1199.3 818.74 1034.89 642.49 328.82 352.5
6928804010220_camera2-1.jpg 78 1286.69 861.15 1131.38 707.67 310.62 306.97
6928804010220_camera2-25.jpg 78 1208.5 802.96 1053.3 631.97 310.41 341.98
6928804010220_camera2-28.jpg 78 1200.55 827.01 1042.93 659.26 315.24 335.51
6928804010220_camera2-29.jpg 78 1199.22 832.38 1049.7 673.35 299.03 318.06
6928804010220_camera2-24.jpg 78 1204.56 801.64 1042.78 624.08 323.56 355.13
6928804010220_camera2-26.jpg 78 1201.68 814.63 1047.43 643.5 308.49 342.26
6928804010220_camera2-2.jpg 78 1292.68 862.14 1134.85 697.73 315.67 328.82
6928804010220_camera2-30.jpg 78 1203.38 839.97 1053.19 680.26 300.39 319.42
6928804010220_camera2-31.jpg 78 1208.51 843.73 1050.67 676.69 315.67 334.08
6928804010220_camera2-32.jpg 78 1210.05 855.16 1053.71 695.93 312.67 318.46
6928804010220_camera2-33.jpg 78 1217.99 859.12 1066.08 697.8 303.83 322.63
6928804010220_camera2-34.jpg 78 1225.61 868.73 1069.09 703.0 313.04 331.45
6928804010220_camera2-35.jpg 78 1233.65 867.53 1086.18 714.51 294.95 306.05
6928804010220_camera2-37.jpg 78 1252.5 865.78 1100.03 709.44 304.95 312.67
6928804010220_camera2-38.jpg 78 1266.38 871.36 1116.44 708.26 299.89 326.19
6928804010220_camera2-36.jpg 78 1241.13 867.96 1094.45 715.72 293.37 304.47
6928804010220_camera2-40.jpg 78 1280.85 871.36 1121.7 703.0 318.3 336.71
6928804010220_camera2-6.jpg 78 1306.8 835.57 1153.31 674.78 306.97 321.58
6928804010220_camera2-3.jpg 78 1295.13 853.19 1146.98 698.24 296.31 309.9
6928804010220_camera2-4.jpg 78 1304.13 847.28 1148.76 688.53 310.74 317.5
6928804010220_camera2-5.jpg 78 1308.46 841.1 1153.26 674.06 310.41 334.08
6928804010220_camera2-39.jpg 78 1266.01 866.55 1119.89 717.71 292.23 297.67
6928804010220_camera2-7.jpg 78 1308.82 826.44 1156.96 667.47 303.72 317.93
6928804010220_camera2-9.jpg 78 1311.1 813.48 1148.0 645.12 326.19 336.71
6928804010220_camera2-8.jpg 78 1308.64 821.39 1153.27 654.76 310.74 333.26
