6953029710112_camera0-11.jpg 79 1399.09 737.5 1229.64 129.35 338.89 1216.31
6953029710112_camera0-10.jpg 79 1388.57 732.25 1216.5 124.1 344.14 1216.31
6953029710112_camera0-12.jpg 79 1408.28 732.25 1237.52 124.1 341.51 1216.31
6953029710112_camera0-17.jpg 79 1451.38 735.81 1287.7 144.05 327.36 1183.52
6953029710112_camera0-16.jpg 79 1439.8 736.2 1269.04 131.98 341.51 1208.43
6953029710112_camera0-14.jpg 79 1424.94 729.51 1262.52 131.46 324.84 1196.11
6953029710112_camera0-18.jpg 79 1452.94 736.2 1284.81 139.86 336.26 1192.67
6953029710112_camera0-1.jpg 79 1348.14 734.56 1192.02 151.61 312.25 1165.9
6953029710112_camera0-19.jpg 79 1451.62 736.2 1282.18 134.61 338.89 1203.18
6953029710112_camera0-15.jpg 79 1432.11 738.51 1255.86 134.79 352.5 1207.44
6953029710112_camera0-13.jpg 79 1417.39 727.0 1252.45 123.91 329.88 1206.19
6953029710112_camera0-21.jpg 79 1451.62 736.2 1282.18 139.86 338.89 1192.67
6953029710112_camera0-22.jpg 79 1460.2 733.3 1297.78 146.57 324.84 1173.45
6953029710112_camera0-20.jpg 79 1451.83 735.88 1287.42 147.94 328.82 1175.87
6953029710112_camera0-23.jpg 79 1462.13 737.51 1297.94 147.74 328.38 1179.54
6953029710112_camera0-24.jpg 79 1450.52 739.82 1282.16 153.2 336.71 1173.24
6953029710112_camera0-25.jpg 79 1451.62 744.08 1287.43 158.25 328.38 1171.65
6953029710112_camera0-27.jpg 79 1441.98 739.96 1273.69 165.46 336.57 1148.99
6953029710112_camera0-2.jpg 79 1351.91 737.08 1194.53 151.61 314.77 1170.93
6953029710112_camera0-26.jpg 79 1447.88 745.09 1279.53 163.73 336.71 1162.72
6953029710112_camera0-31.jpg 79 1403.03 742.76 1237.52 166.13 331.01 1153.26
6953029710112_camera0-32.jpg 79 1406.06 744.62 1254.97 171.75 302.18 1145.75
6953029710112_camera0-28.jpg 79 1439.08 742.86 1273.69 165.46 330.77 1154.79
6953029710112_camera0-29.jpg 79 1425.53 745.09 1263.75 168.99 323.56 1152.19
6953029710112_camera0-30.jpg 79 1418.78 740.13 1253.28 163.5 331.01 1153.26
6953029710112_camera0-34.jpg 79 1385.91 742.11 1232.31 174.27 307.21 1135.68
6953029710112_camera0-33.jpg 79 1392.65 734.14 1227.27 159.65 330.77 1148.99
6953029710112_camera0-35.jpg 79 1367.65 738.51 1192.72 161.1 349.87 1154.83
6953029710112_camera0-36.jpg 79 1371.5 744.08 1211.25 166.13 320.5 1155.89
6953029710112_camera0-37.jpg 79 1365.76 740.86 1207.12 164.2 317.28 1153.31
6953029710112_camera0-38.jpg 79 1360.73 731.25 1204.05 159.65 313.36 1143.19
6953029710112_camera0-39.jpg 79 1358.44 738.5 1195.35 150.57 326.19 1175.87
6953029710112_camera0-3.jpg 79 1354.43 734.56 1199.57 144.05 309.73 1181.01
6953029710112_camera0-40.jpg 79 1351.8 738.83 1187.61 150.37 328.38 1176.91
6953029710112_camera0-5.jpg 79 1360.74 728.35 1192.45 136.44 336.57 1183.81
6953029710112_camera0-4.jpg 79 1356.95 732.04 1199.57 139.02 314.77 1186.04
6953029710112_camera0-6.jpg 79 1371.49 733.57 1205.99 134.61 331.01 1197.92
6953029710112_camera0-7.jpg 79 1376.86 727.99 1203.24 124.27 347.24 1207.44
6953029710112_camera0-8.jpg 79 1382.13 734.56 1222.23 133.98 319.8 1201.15
6953029710112_camera0-9.jpg 79 1384.75 729.3 1219.03 121.64 331.45 1215.33
6953029710112_camera1-11.jpg 79 1265.11 754.59 1087.78 205.54 354.65 1098.1
6953029710112_camera1-10.jpg 79 1256.22 750.92 1086.25 204.49 339.95 1092.87
6953029710112_camera1-12.jpg 79 1267.69 745.08 1087.5 192.66 360.39 1104.84
6953029710112_camera1-14.jpg 79 1294.0 739.95 1117.01 194.47 353.98 1090.96
6953029710112_camera1-15.jpg 79 1307.13 748.01 1129.81 197.65 354.65 1100.72
6953029710112_camera1-13.jpg 79 1278.22 749.03 1095.39 192.66 365.65 1112.74
6953029710112_camera1-17.jpg 79 1321.7 729.52 1151.73 179.31 339.95 1100.42
6953029710112_camera1-16.jpg 79 1311.08 737.51 1132.44 184.52 357.28 1105.98
6953029710112_camera1-1.jpg 79 1201.93 717.47 1027.0 163.73 349.87 1107.48
6953029710112_camera1-18.jpg 79 1325.91 725.44 1146.02 171.26 359.79 1108.37
6953029710112_camera1-19.jpg 79 1330.51 720.7 1161.8 174.27 337.43 1092.87
6953029710112_camera1-20.jpg 79 1324.21 715.18 1145.57 158.25 357.28 1113.86
6953029710112_camera1-23.jpg 79 1322.96 694.26 1159.28 144.05 327.36 1100.42
6953029710112_camera1-21.jpg 79 1326.88 714.84 1150.63 158.47 352.5 1112.74
6953029710112_camera1-25.jpg 79 1312.39 688.9 1140.32 129.35 344.14 1119.11
6953029710112_camera1-27.jpg 79 1295.32 683.27 1119.07 124.27 352.5 1118.0
6953029710112_camera1-22.jpg 79 1325.47 700.55 1159.28 154.12 332.39 1092.87
6953029710112_camera1-24.jpg 79 1318.96 695.48 1142.95 142.49 352.02 1105.98
6953029710112_camera1-26.jpg 79 1311.41 681.93 1134.42 124.84 353.98 1114.17
6953029710112_camera1-28.jpg 79 1286.11 674.06 1103.28 116.38 365.65 1115.37
6953029710112_camera1-2.jpg 79 1203.35 714.42 1035.89 166.72 334.91 1095.39
6953029710112_camera1-29.jpg 79 1283.49 674.46 1111.42 118.84 344.14 1111.23
6953029710112_camera1-30.jpg 79 1273.69 670.31 1099.6 119.03 348.18 1102.57
6953029710112_camera1-31.jpg 79 1262.52 671.59 1096.33 126.42 332.39 1090.35
6953029710112_camera1-32.jpg 79 1253.28 671.83 1082.52 118.84 341.51 1105.98
6953029710112_camera1-35.jpg 79 1227.27 679.02 1053.18 130.64 348.18 1096.76
6953029710112_camera1-34.jpg 79 1237.35 674.12 1071.15 121.39 332.39 1105.46
6953029710112_camera1-36.jpg 79 1222.98 683.27 1050.67 129.53 344.61 1107.48
6953029710112_camera1-33.jpg 79 1242.78 678.4 1069.39 121.47 346.77 1113.86
6953029710112_camera1-37.jpg 79 1215.94 687.96 1051.0 141.53 329.88 1092.87
6953029710112_camera1-4.jpg 79 1210.22 732.07 1035.24 176.64 349.96 1110.86
6953029710112_camera1-39.jpg 79 1207.19 696.42 1027.0 140.05 360.39 1112.74
6953029710112_camera1-38.jpg 79 1213.42 694.26 1048.48 144.05 329.88 1100.42
6953029710112_camera1-3.jpg 79 1204.49 721.75 1028.86 166.13 351.27 1111.23
6953029710112_camera1-40.jpg 79 1196.66 704.31 1016.47 153.2 360.39 1102.21
6953029710112_camera1-6.jpg 79 1235.97 725.44 1058.98 177.06 353.98 1096.76
6953029710112_camera1-5.jpg 79 1219.71 734.55 1053.52 181.82 332.39 1105.46
6953029710112_camera1-7.jpg 79 1240.15 746.7 1064.14 192.4 352.02 1108.61
6953029710112_camera2-10.jpg 79 1318.96 836.77 1161.34 665.26 315.24 343.02
6953029710112_camera2-12.jpg 79 1319.18 815.13 1161.8 640.12 314.77 350.02
6953029710112_camera1-9.jpg 79 1241.77 745.75 1064.78 188.67 353.98 1114.17
6953029710112_camera2-15.jpg 79 1304.17 799.8 1148.77 627.74 310.81 344.11
6953029710112_camera1-8.jpg 79 1246.23 745.63 1072.53 194.12 347.41 1103.03
6953029710112_camera2-13.jpg 79 1314.14 806.33 1156.76 637.61 314.77 337.43
6953029710112_camera2-16.jpg 79 1299.27 776.65 1126.96 603.03 344.61 347.24
6953029710112_camera2-11.jpg 79 1317.19 824.63 1164.28 658.13 305.83 333.01
6953029710112_camera2-14.jpg 79 1313.7 807.13 1153.45 628.49 320.5 357.28
6953029710112_camera2-17.jpg 79 1291.1 786.38 1122.81 600.68 336.57 371.39
6953029710112_camera2-18.jpg 79 1276.9 780.6 1116.44 592.51 320.93 376.17
6953029710112_camera2-1.jpg 79 1257.23 888.56 1090.41 720.43 333.63 336.26
6953029710112_camera2-21.jpg 79 1254.89 775.75 1098.56 598.14 312.66 355.21
6953029710112_camera2-20.jpg 79 1267.69 768.76 1103.28 584.62 328.82 368.28
6953029710112_camera2-19.jpg 79 1271.66 775.6 1108.79 589.08 325.75 373.04
6953029710112_camera2-22.jpg 79 1247.58 774.77 1082.19 594.88 330.77 359.79
6953029710112_camera2-23.jpg 79 1235.55 779.71 1079.92 601.65 311.26 356.12
6953029710112_camera2-28.jpg 79 1199.58 806.32 1043.45 632.57 312.25 347.5
6953029710112_camera2-24.jpg 79 1234.89 786.11 1072.02 602.22 325.75 367.78
6953029710112_camera2-2.jpg 79 1263.75 881.88 1095.39 716.15 336.71 331.45
6953029710112_camera2-31.jpg 79 1202.05 836.01 1040.49 665.26 323.12 341.51
6953029710112_camera2-26.jpg 79 1212.5 794.49 1056.3 620.85 312.4 347.28
6953029710112_camera2-25.jpg 79 1219.03 791.12 1050.67 608.29 336.71 365.65
6953029710112_camera2-27.jpg 79 1207.58 802.7 1053.76 632.23 307.64 340.94
6953029710112_camera2-29.jpg 79 1203.37 818.94 1040.49 641.62 325.75 354.65
6953029710112_camera2-34.jpg 79 1200.62 850.31 1032.26 684.58 336.71 331.45
6953029710112_camera2-35.jpg 79 1209.43 863.06 1051.25 701.74 316.36 322.63
6953029710112_camera2-32.jpg 79 1191.4 835.84 1019.1 668.8 344.61 334.08
6953029710112_camera2-30.jpg 79 1200.73 825.51 1037.86 652.13 325.75 346.77
6953029710112_camera2-36.jpg 79 1214.45 869.17 1061.82 710.99 305.26 316.36
6953029710112_camera2-33.jpg 79 1201.93 845.05 1040.15 679.32 323.56 331.45
6953029710112_camera2-37.jpg 79 1222.34 872.89 1065.35 717.49 313.98 310.81
6953029710112_camera2-3.jpg 79 1281.47 874.01 1123.29 720.53 316.36 306.97
6953029710112_camera2-39.jpg 79 1241.46 883.3 1079.9 720.43 323.12 325.75
6953029710112_camera2-7.jpg 79 1305.84 856.88 1142.74 684.58 326.19 344.61
6953029710112_camera2-40.jpg 79 1250.53 885.82 1091.42 729.49 318.21 312.66
6953029710112_camera2-4.jpg 79 1286.12 878.05 1124.56 712.55 323.12 331.01
6953029710112_camera2-38.jpg 79 1236.2 883.3 1077.27 720.43 317.87 325.75
6953029710112_camera2-6.jpg 79 1297.65 861.67 1138.69 704.54 317.93 314.27
6953029710112_camera2-5.jpg 79 1295.61 868.04 1141.0 714.22 309.22 307.64
6953029710112_camera2-8.jpg 79 1310.41 851.3 1152.14 686.28 316.53 330.04
6953029710112_camera3-12.jpg 79 1396.23 903.16 1229.78 272.72 332.91 1260.88
6953029710112_camera3-10.jpg 79 1378.17 908.18 1200.61 276.84 355.13 1262.68
6953029710112_camera3-11.jpg 79 1389.75 910.98 1215.66 281.52 348.18 1258.91
6953029710112_camera2-9.jpg 79 1313.14 846.15 1153.27 672.77 319.75 346.77
6953029710112_camera3-14.jpg 79 1412.35 904.53 1247.41 282.55 329.88 1243.96
6953029710112_camera3-13.jpg 79 1403.17 909.5 1224.29 284.73 357.76 1249.53
6953029710112_camera3-15.jpg 79 1418.79 905.63 1245.4 279.09 346.77 1253.09
6953029710112_camera3-16.jpg 79 1426.2 902.01 1265.04 280.03 322.32 1243.96
6953029710112_camera3-1.jpg 79 1315.02 900.38 1142.95 281.72 344.14 1237.33
6953029710112_camera3-20.jpg 79 1437.17 899.07 1269.04 281.72 336.26 1234.7
6953029710112_camera3-18.jpg 79 1427.46 903.27 1265.04 292.62 324.84 1221.3
6953029710112_camera3-21.jpg 79 1429.47 898.98 1261.12 292.63 336.71 1212.7
6953029710112_camera3-17.jpg 79 1431.24 900.75 1267.56 282.55 327.36 1236.4
6953029710112_camera3-22.jpg 79 1424.03 899.07 1253.28 289.6 341.51 1218.94
6953029710112_camera3-19.jpg 79 1428.16 900.28 1255.86 284.73 344.61 1231.11
6953029710112_camera3-24.jpg 79 1423.68 895.71 1257.49 290.1 332.39 1211.22
6953029710112_camera3-27.jpg 79 1396.45 889.88 1224.38 286.97 344.14 1205.81
6953029710112_camera3-26.jpg 79 1404.34 895.13 1240.15 292.23 328.38 1205.81
6953029710112_camera3-23.jpg 79 1427.46 893.2 1267.56 290.1 319.8 1206.19
6953029710112_camera3-25.jpg 79 1412.22 893.82 1245.4 286.97 333.63 1213.69
6953029710112_camera3-28.jpg 79 1388.7 898.98 1219.03 297.89 339.35 1202.18
6953029710112_camera3-29.jpg 79 1384.65 890.67 1227.27 292.62 314.77 1196.11
6953029710112_camera3-30.jpg 79 1368.88 895.12 1203.37 294.85 331.01 1200.55
6953029710112_camera3-2.jpg 79 1324.25 905.55 1153.26 282.1 341.98 1246.9
6953029710112_camera3-31.jpg 79 1364.5 885.64 1207.12 287.59 314.77 1196.11
6953029710112_camera3-34.jpg 79 1339.97 891.19 1174.47 289.6 331.01 1203.18
6953029710112_camera3-33.jpg 79 1349.39 891.94 1194.53 300.18 309.73 1183.52
6953029710112_camera3-32.jpg 79 1357.05 892.5 1195.49 289.6 323.12 1205.81
6953029710112_camera3-35.jpg 79 1335.55 890.68 1176.91 290.1 317.28 1201.15
6953029710112_camera3-39.jpg 79 1321.59 899.07 1156.08 281.72 331.01 1234.7
6953029710112_camera3-36.jpg 79 1330.84 896.34 1161.16 287.36 339.35 1217.96
6953029710112_camera3-37.jpg 79 1329.25 896.97 1166.83 292.62 324.84 1208.7
6953029710112_camera3-40.jpg 79 1324.21 901.7 1156.08 286.97 336.26 1229.45
6953029710112_camera3-3.jpg 79 1329.51 905.55 1150.63 284.73 357.76 1241.63
6953029710112_camera3-38.jpg 79 1322.96 890.68 1159.28 280.03 327.36 1221.3
6953029710112_camera3-4.jpg 79 1336.03 905.63 1166.59 279.09 338.89 1253.09
6953029710112_camera3-5.jpg 79 1337.41 900.29 1163.79 268.95 347.24 1262.68
6953029710112_camera3-6.jpg 79 1359.47 909.57 1194.53 285.07 329.88 1248.99
6953029710112_camera3-8.jpg 79 1374.12 912.21 1203.37 281.72 341.51 1260.97
6953029710112_camera3-9.jpg 79 1366.34 906.87 1192.72 276.84 347.24 1260.05
6953029710112_camera3-7.jpg 79 1360.72 907.05 1194.53 282.55 332.39 1248.99
