6909409040799-back_camera0-10.jpg 8 1370.8 1153.83 887.32 970.0 966.96 367.65
6909409040799-back_camera0-14.jpg 8 1524.72 1165.45 943.22 969.41 1163.0 392.08
6909409040799-back_camera0-12.jpg 8 1525.5 1164.67 1029.63 971.32 991.73 386.7
6909409040799-back_camera0-11.jpg 8 1448.03 1159.57 956.36 973.96 983.33 371.22
6909409040799-back_camera0-13.jpg 8 1524.41 1163.9 983.01 972.52 1082.8 382.76
6909409040799-back_camera0-17.jpg 8 1463.67 1165.98 858.64 979.21 1210.07 373.54
6909409040799-back_camera0-15.jpg 8 1505.49 1165.06 901.63 972.02 1207.71 386.07
6909409040799-back_camera0-16.jpg 8 1476.82 1163.35 863.9 971.32 1225.85 384.06
6909409040799-back_camera0-18.jpg 8 1462.34 1166.22 866.92 972.25 1190.85 387.94
6909409040799-back_camera0-19.jpg 8 1435.01 1160.12 884.8 967.48 1100.42 385.27
6909409040799-back_camera0-1.jpg 8 1361.45 1157.66 815.57 967.46 1091.75 380.41
6909409040799-back_camera0-20.jpg 8 1468.93 1155.45 919.14 955.53 1099.58 399.85
6909409040799-back_camera0-22.jpg 8 1552.11 1157.61 1013.23 972.52 1077.76 370.17
6909409040799-back_camera0-21.jpg 8 1512.76 1155.7 960.21 968.76 1105.1 373.88
6909409040799-back_camera0-24.jpg 8 1511.02 1155.45 916.51 958.16 1189.02 394.59
6909409040799-back_camera0-23.jpg 8 1539.28 1154.26 970.9 971.12 1136.77 366.27
6909409040799-back_camera0-26.jpg 8 1461.04 1156.77 874.42 955.53 1173.24 402.48
6909409040799-back_camera0-25.jpg 8 1492.42 1153.66 904.1 968.66 1176.64 370.01
6909409040799-back_camera0-29.jpg 8 1394.96 1161.42 901.5 969.99 986.93 382.86
6909409040799-back_camera0-2.jpg 8 1417.74 1154.98 872.45 962.77 1090.57 384.42
6909409040799-back_camera0-34.jpg 8 1443.82 1152.57 884.8 959.93 1118.05 385.27
6909409040799-back_camera0-30.jpg 8 1384.76 1158.09 934.93 955.53 899.66 405.11
6909409040799-back_camera0-32.jpg 8 1485.38 1158.87 1015.75 959.93 939.26 397.87
6909409040799-back_camera0-31.jpg 8 1471.53 1157.61 1023.3 959.93 896.46 395.35
6909409040799-back_camera0-36.jpg 8 1408.43 1158.09 813.92 952.9 1189.02 410.37
6909409040799-back_camera0-33.jpg 8 1471.57 1155.45 950.71 952.9 1041.71 405.11
6909409040799-back_camera0-35.jpg 8 1432.86 1158.03 859.79 957.62 1146.13 400.81
6909409040799-back_camera0-37.jpg 8 1374.24 1158.09 771.83 952.9 1204.81 410.37
6909409040799-back_camera0-38.jpg 8 1355.82 1156.77 771.83 958.16 1167.98 397.22
6909409040799-back_camera0-39.jpg 8 1332.76 1162.2 774.87 968.04 1115.77 388.33
6909409040799-back_camera0-3.jpg 8 1422.9 1162.03 845.49 963.42 1154.83 397.22
6909409040799-back_camera0-4.jpg 8 1402.93 1155.86 798.05 968.18 1209.77 375.35
6909409040799-back_camera0-5.jpg 8 1399.22 1154.14 784.98 958.16 1228.48 391.96
6909409040799-back_camera0-40.jpg 8 1326.41 1161.47 794.54 968.74 1063.74 385.46
6909409040799-back_camera0-6.jpg 8 1367.65 1147.56 750.78 958.16 1233.74 378.8
6909409040799-back_camera0-7.jpg 8 1354.38 1156.11 767.09 966.69 1174.58 378.84
6909409040799-back_camera1-11.jpg 8 1358.44 1151.51 924.4 774.02 868.09 754.98
6909409040799-back_camera0-9.jpg 8 1345.12 1157.84 833.19 969.04 1023.87 377.59
6909409040799-back_camera1-13.jpg 8 1361.99 1162.64 834.44 733.3 1055.1 858.68
6909409040799-back_camera1-15.jpg 8 1349.58 1164.89 775.25 716.88 1148.66 896.02
6909409040799-back_camera1-12.jpg 8 1364.6 1167.71 866.64 753.3 995.91 828.82
6909409040799-back_camera0-8.jpg 8 1350.32 1157.04 780.29 969.78 1140.07 374.52
6909409040799-back_camera1-14.jpg 8 1356.95 1167.68 801.7 733.3 1110.5 868.76
6909409040799-back_camera1-10.jpg 8 1304.86 1142.27 869.84 801.57 870.04 681.4
6909409040799-back_camera1-1.jpg 8 1269.89 1099.75 779.97 801.26 979.84 596.98
6909409040799-back_camera1-17.jpg 8 1325.57 1135.72 771.83 726.67 1107.48 818.11
6909409040799-back_camera1-18.jpg 8 1323.19 1130.48 786.16 750.8 1074.07 759.36
6909409040799-back_camera1-20.jpg 8 1368.29 1082.06 877.25 773.59 982.07 616.94
6909409040799-back_camera1-22.jpg 8 1382.13 1092.33 848.12 713.52 1068.02 757.61
6909409040799-back_camera1-21.jpg 8 1398.8 1089.29 896.89 752.44 1003.81 673.7
6909409040799-back_camera1-23.jpg 8 1367.74 1110.35 812.32 696.46 1110.83 827.77
6909409040799-back_camera1-24.jpg 8 1338.66 1105.59 778.94 667.46 1119.44 876.25
6909409040799-back_camera1-25.jpg 8 1336.09 1101.53 779.72 663.54 1112.74 875.98
6909409040799-back_camera1-2.jpg 8 1270.18 1122.85 744.7 774.72 1050.97 696.25
6909409040799-back_camera1-26.jpg 8 1310.37 1103.46 771.49 665.31 1077.76 876.31
6909409040799-back_camera1-30.jpg 8 1299.89 1061.8 902.97 704.17 793.84 715.25
6909409040799-back_camera1-29.jpg 8 1261.12 1073.9 829.7 689.84 862.83 768.13
6909409040799-back_camera1-28.jpg 8 1277.46 1083.32 803.49 673.87 947.94 818.9
6909409040799-back_camera1-27.jpg 8 1295.26 1089.61 781.56 667.82 1027.4 843.58
6909409040799-back_camera1-31.jpg 8 1324.57 1074.07 880.75 700.37 887.63 747.4
6909409040799-back_camera1-32.jpg 8 1314.14 1079.53 836.96 682.93 954.37 793.21
6909409040799-back_camera1-33.jpg 8 1297.95 1079.17 777.09 660.91 1041.71 836.52
6909409040799-back_camera1-34.jpg 8 1268.75 1096.63 712.89 664.3 1111.72 864.67
6909409040799-back_camera1-35.jpg 8 1264.05 1093.88 694.78 661.02 1138.55 865.71
6909409040799-back_camera1-37.jpg 8 1224.7 1096.08 672.27 692.82 1104.87 806.52
6909409040799-back_camera1-36.jpg 8 1247.97 1102.85 687.65 671.43 1120.63 862.83
6909409040799-back_camera1-3.jpg 8 1261.26 1145.01 708.53 753.44 1105.46 783.14
6909409040799-back_camera1-38.jpg 8 1203.31 1095.18 671.22 719.01 1064.17 752.34
6909409040799-back_camera1-40.jpg 8 1225.61 1084.43 729.74 779.28 991.73 610.3
6909409040799-back_camera1-39.jpg 8 1194.13 1089.56 690.51 745.56 1007.25 688.0
6909409040799-back_camera1-4.jpg 8 1249.93 1151.3 680.83 735.81 1138.2 830.98
6909409040799-back_camera1-6.jpg 8 1232.61 1165.47 673.86 727.35 1117.5 876.25
6909409040799-back_camera1-8.jpg 8 1228.61 1157.79 731.03 743.94 995.15 827.69
6909409040799-back_camera1-7.jpg 8 1227.28 1163.89 706.02 740.85 1042.51 846.09
6909409040799-back_camera1-5.jpg 8 1233.49 1165.97 661.34 729.3 1144.3 873.35
6909409040799-back_camera2-11.jpg 8 1320.39 849.56 878.23 468.44 884.33 762.24
6909409040799-back_camera2-13.jpg 8 1314.63 838.68 808.0 364.14 1013.26 949.08
6909409040799-back_camera2-14.jpg 8 1314.14 832.76 804.22 335.43 1019.84 994.66
6909409040799-back_camera1-9.jpg 8 1236.74 1152.43 808.26 777.72 856.95 749.42
6909409040799-back_camera2-12.jpg 8 1319.18 841.58 839.48 408.46 959.41 866.24
6909409040799-back_camera2-15.jpg 8 1305.47 824.92 785.08 309.12 1040.77 1031.6
6909409040799-back_camera2-18.jpg 8 1280.76 812.56 837.4 324.53 886.73 976.06
6909409040799-back_camera2-17.jpg 8 1286.14 815.04 808.94 309.77 954.41 1010.55
6909409040799-back_camera2-16.jpg 8 1292.68 820.06 795.5 305.78 994.36 1028.56
6909409040799-back_camera2-19.jpg 8 1268.82 811.36 874.73 360.61 788.18 901.49
6909409040799-back_camera2-20.jpg 8 1254.75 806.72 919.0 396.72 671.5 819.99
6909409040799-back_camera2-22.jpg 8 1253.22 813.49 827.07 342.61 852.31 941.75
6909409040799-back_camera2-1.jpg 8 1278.88 915.86 909.98 478.96 737.81 873.79
6909409040799-back_camera2-23.jpg 8 1235.06 811.59 757.57 306.59 954.97 1009.99
6909409040799-back_camera2-21.jpg 8 1252.32 809.65 873.47 368.77 757.69 881.76
6909409040799-back_camera2-24.jpg 8 1229.79 821.43 728.68 312.77 1002.22 1017.33
6909409040799-back_camera2-29.jpg 8 1204.08 847.91 747.89 450.29 912.38 795.24
6909409040799-back_camera2-27.jpg 8 1212.44 839.79 706.06 368.91 1012.77 941.75
6909409040799-back_camera2-26.jpg 8 1214.12 833.34 695.37 334.8 1037.5 997.08
6909409040799-back_camera2-25.jpg 8 1216.39 824.0 700.8 303.15 1031.19 1041.71
6909409040799-back_camera2-28.jpg 8 1203.35 842.84 716.09 400.9 974.52 883.87
6909409040799-back_camera2-2.jpg 8 1286.55 919.54 863.04 443.92 847.02 951.24
6909409040799-back_camera2-30.jpg 8 1209.18 852.42 794.25 510.85 829.87 683.15
6909409040799-back_camera2-31.jpg 8 1213.15 878.02 754.49 472.15 917.33 811.74
6909409040799-back_camera2-34.jpg 8 1218.46 905.78 706.02 398.38 1024.88 1014.81
6909409040799-back_camera2-32.jpg 8 1209.82 881.88 727.11 434.68 965.42 894.4
6909409040799-back_camera2-33.jpg 8 1220.97 886.9 721.12 421.05 999.7 931.71
6909409040799-back_camera2-36.jpg 8 1221.66 910.82 721.85 389.96 999.62 1041.71
6909409040799-back_camera2-35.jpg 8 1222.59 907.11 708.23 392.75 1028.72 1028.72
6909409040799-back_camera2-37.jpg 8 1231.05 913.34 751.34 410.97 959.41 1004.74
6909409040799-back_camera2-39.jpg 8 1239.86 920.89 844.51 463.85 790.69 914.08
6909409040799-back_camera2-38.jpg 8 1232.11 921.2 789.66 432.91 884.89 976.58
6909409040799-back_camera2-3.jpg 8 1298.58 918.91 821.75 409.99 953.66 1017.85
6909409040799-back_camera2-4.jpg 8 1301.55 913.34 804.22 403.42 994.66 1019.84
6909409040799-back_camera2-7.jpg 8 1303.2 893.71 790.24 424.15 1025.93 939.12
6909409040799-back_camera2-5.jpg 8 1305.47 912.03 785.08 391.65 1040.77 1040.77
6909409040799-back_camera2-6.jpg 8 1307.85 908.31 796.67 405.94 1022.36 1004.74
6909409040799-back_camera2-8.jpg 8 1312.41 896.35 824.44 447.83 975.95 897.03
6909409040799-back_camera3-10.jpg 8 1487.69 1362.7 999.26 1125.22 976.87 474.96
6909409040799-back_camera3-12.jpg 8 1485.49 1364.62 914.74 1123.92 1141.49 481.41
6909409040799-back_camera3-11.jpg 8 1489.98 1365.91 950.71 1118.63 1078.54 494.55
6909409040799-back_camera3-13.jpg 8 1477.4 1365.94 881.36 1111.48 1192.08 508.92
6909409040799-back_camera3-18.jpg 8 1423.68 1323.8 887.32 1098.42 1072.73 450.75
6909409040799-back_camera3-16.jpg 8 1413.69 1340.91 834.96 1097.58 1157.46 486.66
6909409040799-back_camera3-15.jpg 8 1449.89 1356.77 844.68 1102.31 1210.42 508.92
6909409040799-back_camera3-17.jpg 8 1408.57 1336.39 857.1 1105.98 1102.94 460.82
6909409040799-back_camera3-14.jpg 8 1463.7 1358.2 857.39 1115.01 1212.63 486.38
6909409040799-back_camera3-19.jpg 8 1480.34 1311.21 937.68 1083.32 1085.32 455.78
6909409040799-back_camera3-21.jpg 8 1509.49 1322.39 936.38 1065.63 1146.23 513.51
6909409040799-back_camera3-1.jpg 8 1389.85 1319.84 833.99 1103.12 1111.71 433.44
6909409040799-back_camera3-22.jpg 8 1488.66 1321.19 908.62 1063.39 1160.09 515.59
6909409040799-back_camera3-28.jpg 8 1355.57 1315.93 913.45 1054.59 884.23 522.68
6909409040799-back_camera3-26.jpg 8 1388.7 1321.18 858.64 1042.34 1060.12 557.68
6909409040799-back_camera3-27.jpg 8 1360.02 1317.11 875.3 1051.59 969.44 531.04
6909409040799-back_camera3-23.jpg 8 1464.01 1323.15 876.42 1057.29 1175.18 531.73
6909409040799-back_camera3-30.jpg 8 1458.41 1309.34 1000.69 1052.86 915.44 512.96
6909409040799-back_camera3-25.jpg 8 1409.28 1321.83 847.3 1046.73 1123.96 550.19
6909409040799-back_camera3-24.jpg 8 1417.1 1322.38 843.87 1050.24 1146.46 544.28
6909409040799-back_camera3-29.jpg 8 1405.8 1310.65 958.6 1058.12 894.4 505.07
6909409040799-back_camera3-33.jpg 8 1398.22 1314.01 834.88 1053.15 1126.69 521.72
6909409040799-back_camera3-32.jpg 8 1418.88 1312.38 869.47 1049.22 1098.82 526.31
6909409040799-back_camera3-34.jpg 8 1359.77 1323.82 766.57 1060.76 1186.39 526.12
6909409040799-back_camera3-31.jpg 8 1437.53 1309.95 915.02 1060.65 1045.03 498.59
6909409040799-back_camera3-36.jpg 8 1323.8 1326.96 734.64 1051.87 1178.32 550.19
6909409040799-back_camera3-35.jpg 8 1350.24 1321.91 764.47 1058.46 1171.55 526.91
6909409040799-back_camera3-37.jpg 8 1296.77 1324.39 738.17 1072.67 1117.2 503.45
6909409040799-back_camera3-38.jpg 8 1287.42 1323.82 758.68 1079.17 1057.49 489.29
6909409040799-back_camera3-39.jpg 8 1339.33 1321.27 799.19 1088.35 1080.28 465.85
6909409040799-back_camera3-3.jpg 8 1361.09 1342.23 761.31 1121.26 1199.55 441.94
6909409040799-back_camera3-6.jpg 8 1315.62 1355.88 755.6 1125.98 1120.03 459.8
6909409040799-back_camera3-40.jpg 8 1391.56 1317.35 853.7 1092.96 1075.72 448.77
6909409040799-back_camera3-4.jpg 8 1332.59 1352.61 733.72 1135.06 1197.74 435.09
6909409040799-back_camera3-9.jpg 8 1433.75 1354.02 955.31 1138.72 956.89 430.6
6909409040799-back_camera3-8.jpg 8 1312.25 1348.38 837.08 1128.94 950.33 438.87
6909409040799_camera0-12.jpg 8 1505.76 979.2 1005.95 779.28 999.62 399.85
6909409040799-back_camera3-5.jpg 8 1327.99 1356.54 743.79 1136.2 1168.41 440.67
6909409040799_camera0-10.jpg 8 1400.48 988.42 925.52 793.05 949.92 390.75
6909409040799_camera0-13.jpg 8 1500.5 987.1 961.23 800.33 1078.54 373.54
6909409040799-back_camera3-7.jpg 8 1312.68 1354.01 806.99 1138.7 1011.38 430.62
6909409040799_camera0-11.jpg 8 1470.09 986.25 1001.91 797.65 936.36 377.19
6909409040799_camera0-14.jpg 8 1486.64 985.11 920.06 796.25 1133.16 377.72
6909409040799_camera0-15.jpg 8 1455.78 979.2 871.79 784.54 1167.98 389.33
6909409040799_camera0-16.jpg 8 1435.9 986.31 837.27 792.86 1197.26 386.9
6909409040799_camera0-17.jpg 8 1414.88 987.63 826.89 798.77 1175.97 377.72
6909409040799_camera0-18.jpg 8 1395.77 988.98 817.9 795.94 1155.74 386.07
6909409040799_camera0-1.jpg 8 1475.3 973.77 930.13 793.73 1090.35 360.09
6909409040799_camera0-20.jpg 8 1407.72 981.66 857.6 792.16 1100.23 379.0
6909409040799_camera0-19.jpg 8 1362.4 985.79 808.66 789.81 1107.48 391.96
6909409040799_camera0-22.jpg 8 1488.93 977.77 941.76 787.66 1094.34 380.22
6909409040799_camera0-21.jpg 8 1452.64 977.56 899.91 793.73 1105.46 367.65
6909409040799_camera0-25.jpg 8 1433.45 982.39 831.25 795.96 1204.41 372.87
6909409040799_camera0-24.jpg 8 1456.42 976.3 862.14 791.21 1188.56 370.17
6909409040799_camera0-23.jpg 8 1471.56 972.62 884.94 781.91 1173.24 381.43
6909409040799_camera0-28.jpg 8 1380.14 979.46 839.88 785.91 1080.52 387.11
6909409040799_camera0-26.jpg 8 1409.42 978.68 813.34 787.06 1192.16 383.24
6909409040799_camera0-29.jpg 8 1368.29 971.26 874.73 786.18 987.11 370.17
6909409040799_camera0-27.jpg 8 1392.65 976.58 813.92 771.39 1157.46 410.37
6909409040799_camera0-2.jpg 8 1502.77 976.49 953.67 792.17 1098.2 368.64
6909409040799_camera0-30.jpg 8 1396.92 976.92 929.18 786.36 935.48 381.12
6909409040799_camera0-31.jpg 8 1470.26 978.81 1005.67 788.69 929.19 380.24
6909409040799_camera0-35.jpg 8 1470.24 980.52 874.42 789.81 1191.65 381.43
6909409040799_camera0-33.jpg 8 1502.4 980.49 965.02 789.13 1074.76 382.72
6909409040799_camera0-37.jpg 8 1430.29 978.62 828.08 789.71 1204.41 377.82
6909409040799_camera0-32.jpg 8 1508.24 981.58 1017.04 784.71 982.4 393.73
6909409040799_camera0-38.jpg 8 1414.87 975.04 836.96 791.21 1155.82 367.65
6909409040799_camera0-34.jpg 8 1493.92 963.42 927.03 776.65 1133.78 373.54
6909409040799_camera0-36.jpg 8 1453.91 975.04 854.59 791.21 1198.63 367.65
6909409040799_camera0-39.jpg 8 1401.8 979.62 852.73 784.25 1098.13 390.75
6909409040799_camera0-3.jpg 8 1483.41 977.9 890.21 792.44 1186.39 370.91
6909409040799_camera0-4.jpg 8 1466.49 982.59 869.69 793.73 1193.6 377.72
6909409040799_camera0-5.jpg 8 1439.72 985.43 835.61 796.29 1208.22 378.29
6909409040799_camera0-40.jpg 8 1426.84 969.99 871.79 787.17 1110.11 365.65
6909409040799_camera0-8.jpg 8 1378.74 992.68 853.26 796.34 1050.97 392.67
6909409040799_camera0-7.jpg 8 1397.24 988.89 829.4 798.77 1135.68 380.24
6909409040799_camera1-10.jpg 8 1368.97 1173.87 921.77 810.85 894.4 726.04
6909409040799_camera0-6.jpg 8 1420.56 987.94 825.0 796.87 1191.12 382.15
6909409040799_camera1-12.jpg 8 1395.98 1190.34 857.1 778.62 1077.76 823.43
6909409040799_camera1-11.jpg 8 1386.08 1180.44 892.84 784.54 986.47 791.81
6909409040799_camera1-16.jpg 8 1378.18 1146.25 811.29 760.87 1133.78 770.76
6909409040799_camera1-15.jpg 8 1384.85 1158.19 809.97 755.36 1149.76 805.66
6909409040799_camera0-9.jpg 8 1373.33 992.66 879.77 801.28 987.11 382.76
6909409040799_camera1-14.jpg 8 1391.85 1171.68 807.65 756.88 1168.39 829.61
6909409040799_camera1-13.jpg 8 1401.02 1185.3 834.44 763.51 1133.16 843.58
6909409040799_camera1-17.jpg 8 1369.34 1126.23 834.23 775.91 1070.22 700.65
6909409040799_camera1-19.jpg 8 1412.38 1080.49 911.25 802.96 1002.25 555.05
6909409040799_camera1-18.jpg 8 1368.29 1107.24 872.21 796.25 992.15 621.98
6909409040799_camera1-1.jpg 8 1223.97 1135.05 701.79 777.03 1044.37 716.05
6909409040799_camera1-20.jpg 8 1437.37 1072.59 924.4 734.56 1025.93 676.06
6909409040799_camera1-23.jpg 8 1389.13 1074.03 833.27 660.44 1111.72 827.17
6909409040799_camera1-22.jpg 8 1408.13 1077.67 858.72 689.13 1098.82 777.09
6909409040799_camera1-21.jpg 8 1426.2 1079.54 894.88 720.7 1062.65 717.67
6909409040799_camera1-25.jpg 8 1328.2 1060.76 795.5 631.97 1065.39 857.57
6909409040799_camera1-24.jpg 8 1359.77 1071.28 803.4 645.12 1112.74 852.31
6909409040799_camera1-26.jpg 8 1312.89 1053.1 811.78 637.61 1002.22 830.98
6909409040799_camera1-28.jpg 8 1266.82 1033.14 867.55 672.64 798.54 721.0
6909409040799_camera1-27.jpg 8 1282.16 1041.02 827.07 653.01 910.18 776.02
6909409040799_camera1-30.jpg 8 1308.76 1038.92 881.94 650.98 853.64 775.88
6909409040799_camera1-2.jpg 8 1220.97 1153.83 670.76 758.48 1100.42 790.69
6909409040799_camera1-29.jpg 8 1308.93 1029.98 914.61 674.43 788.64 711.1
6909409040799_camera1-32.jpg 8 1266.38 1060.76 756.05 624.08 1020.67 873.35
6909409040799_camera1-31.jpg 8 1286.45 1043.03 811.78 630.05 949.34 825.95
6909409040799_camera1-34.jpg 8 1210.45 1070.09 652.94 622.59 1115.02 895.0
6909409040799_camera1-33.jpg 8 1244.48 1065.49 711.3 627.59 1066.37 875.81
6909409040799_camera1-36.jpg 8 1165.1 1064.7 613.99 658.28 1102.21 812.85
6909409040799_camera1-37.jpg 8 1151.73 1083.32 625.44 705.6 1052.58 755.44
6909409040799_camera1-35.jpg 8 1193.14 1079.38 629.19 634.65 1127.89 889.47
6909409040799_camera1-39.jpg 8 1177.88 1082.63 678.79 774.11 998.18 617.05
6909409040799_camera1-38.jpg 8 1140.14 1078.7 639.71 727.98 1000.87 701.44
6909409040799_camera1-3.jpg 8 1211.14 1165.97 629.78 734.56 1162.72 862.83
6909409040799_camera1-40.jpg 8 1229.79 1119.83 733.72 788.69 992.14 662.27
6909409040799_camera1-6.jpg 8 1201.93 1197.55 656.08 752.98 1091.69 889.14
6909409040799_camera1-4.jpg 8 1197.72 1194.41 610.85 745.51 1173.74 897.81
6909409040799_camera1-5.jpg 8 1205.86 1189.08 643.06 748.4 1125.61 881.35
6909409040799_camera1-8.jpg 8 1238.76 1196.23 798.14 805.59 881.25 781.28
6909409040799_camera1-7.jpg 8 1210.83 1199.89 720.32 781.35 981.02 837.09
6909409040799_camera1-9.jpg 8 1312.88 1179.01 874.73 823.95 876.31 710.11
6909409040799_camera2-11.jpg 8 1366.35 821.38 895.47 400.48 941.75 841.79
6909409040799_camera2-13.jpg 8 1348.14 805.07 836.96 310.25 1022.36 989.63
6909409040799_camera2-10.jpg 8 1360.48 840.97 918.04 460.42 884.89 761.09
6909409040799_camera2-12.jpg 8 1353.55 810.9 852.29 341.9 1002.53 938.01
6909409040799_camera2-14.jpg 8 1333.03 782.4 821.85 269.96 1022.36 1024.88
6909409040799_camera2-15.jpg 8 1316.36 775.34 819.18 261.06 994.36 1028.56
6909409040799_camera2-16.jpg 8 1307.75 774.48 830.92 263.27 953.66 1022.43
6909409040799_camera2-17.jpg 8 1288.74 766.12 840.22 282.1 897.03 968.05
6909409040799_camera2-19.jpg 8 1262.33 766.99 919.88 351.51 684.9 830.95
6909409040799_camera2-18.jpg 8 1278.89 767.29 884.8 307.73 788.18 919.12
6909409040799_camera2-1.jpg 8 1299.26 955.53 871.79 479.4 854.94 952.27
6909409040799_camera2-20.jpg 8 1236.69 763.02 835.51 299.95 802.36 926.15
6909409040799_camera2-22.jpg 8 1209.61 774.24 742.26 273.8 934.7 1000.87
6909409040799_camera2-21.jpg 8 1228.53 769.81 794.15 290.1 868.76 959.41
6909409040799_camera2-23.jpg 8 1203.25 780.6 708.7 263.69 989.1 1033.82
6909409040799_camera2-26.jpg 8 1163.05 817.65 655.65 342.98 1014.81 949.34
6909409040799_camera2-24.jpg 8 1190.84 795.12 675.04 277.02 1031.6 1036.19
6909409040799_camera2-25.jpg 8 1169.82 806.65 654.49 316.14 1030.65 981.02
6909409040799_camera2-27.jpg 8 1158.03 834.02 675.8 408.46 964.45 851.13
6909409040799_camera2-2.jpg 8 1315.4 954.89 849.55 456.3 931.71 997.18
6909409040799_camera2-29.jpg 8 1172.99 880.56 756.05 537.27 833.89 686.58
6909409040799_camera2-28.jpg 8 1161.8 850.39 718.61 473.93 886.38 752.92
6909409040799_camera2-30.jpg 8 1167.91 893.69 707.13 487.93 921.57 811.53
6909409040799_camera2-31.jpg 8 1174.3 902.92 690.28 458.35 968.05 889.14
6909409040799_camera2-32.jpg 8 1176.9 920.89 670.76 443.71 1012.29 954.37
6909409040799_camera2-34.jpg 8 1191.41 943.69 674.5 424.15 1033.82 1039.08
6909409040799_camera2-35.jpg 8 1204.59 946.42 697.96 428.33 1013.26 1036.19
6909409040799_camera2-33.jpg 8 1181.94 936.0 670.76 438.67 1022.36 994.66
6909409040799_camera2-38.jpg 8 1235.86 968.59 852.29 523.33 767.14 890.51
6909409040799_camera2-36.jpg 8 1207.19 962.11 740.26 455.72 933.86 1012.77
6909409040799_camera2-37.jpg 8 1226.02 968.74 799.19 494.07 853.65 949.34
6909409040799_camera2-39.jpg 8 1262.57 967.51 919.29 554.76 686.55 825.51
6909409040799_camera2-4.jpg 8 1335.26 944.12 812.58 423.74 1045.36 1040.77
6909409040799_camera2-3.jpg 8 1325.57 948.96 821.81 432.05 1007.51 1033.82
6909409040799_camera2-40.jpg 8 1294.0 963.7 899.91 509.18 788.18 909.05
6909409040799_camera2-5.jpg 8 1346.93 930.53 828.18 432.96 1037.5 995.15
6909409040799_camera2-8.jpg 8 1359.76 883.19 921.77 503.07 875.98 760.24
6909409040799_camera2-7.jpg 8 1357.81 896.97 873.56 463.77 968.5 866.4
6909409040799_camera2-6.jpg 8 1356.95 918.38 852.07 443.71 1009.77 949.34
6909409040799_camera3-10.jpg 8 1517.8 1373.17 976.64 1124.04 1082.32 498.26
6909409040799_camera2-9.jpg 8 1360.48 859.31 940.96 515.44 839.04 687.74
6909409040799_camera3-14.jpg 8 1483.4 1361.96 871.79 1118.63 1223.22 486.66
6909409040799_camera3-12.jpg 8 1518.4 1374.59 907.12 1121.34 1222.56 506.51
6909409040799_camera3-11.jpg 8 1524.4 1374.16 950.27 1128.64 1148.27 491.04
6909409040799_camera3-13.jpg 8 1509.38 1371.61 887.35 1124.28 1244.06 494.65
6909409040799_camera3-16.jpg 8 1466.28 1348.89 908.38 1118.38 1115.79 461.02
6909409040799_camera3-15.jpg 8 1471.56 1356.7 884.94 1118.63 1173.24 476.14
6909409040799_camera3-20.jpg 8 1534.48 1312.46 970.42 1085.83 1128.12 453.26
6909409040799_camera3-18.jpg 8 1526.34 1322.01 989.31 1108.35 1074.07 427.32
6909409040799_camera3-17.jpg 8 1484.32 1326.87 943.68 1107.91 1081.29 437.91
6909409040799_camera3-19.jpg 8 1571.53 1322.49 1042.78 1092.32 1057.49 460.35
6909409040799_camera3-22.jpg 8 1486.61 1313.31 909.24 1079.22 1154.73 468.18
6909409040799_camera3-1.jpg 8 1334.29 1352.76 751.34 1105.98 1165.9 493.55
6909409040799_camera3-25.jpg 8 1380.81 1306.72 871.79 1073.91 1018.04 465.61
6909409040799_camera3-23.jpg 8 1456.45 1314.57 887.24 1073.69 1138.42 481.76
6909409040799_camera3-21.jpg 8 1513.08 1312.47 940.2 1083.32 1145.75 458.3
6909409040799_camera3-24.jpg 8 1417.63 1306.72 866.53 1073.91 1102.21 465.61
6909409040799_camera3-28.jpg 8 1416.95 1304.13 986.58 1080.09 860.73 448.09
6909409040799_camera3-26.jpg 8 1372.93 1300.93 893.64 1077.37 958.58 447.12
6909409040799_camera3-2.jpg 8 1328.0 1362.83 733.72 1105.98 1188.56 513.7
6909409040799_camera3-30.jpg 8 1409.74 1317.24 905.99 1073.91 1007.51 486.66
6909409040799_camera3-27.jpg 8 1367.24 1303.68 934.5 1080.24 865.48 446.88
6909409040799_camera3-29.jpg 8 1431.24 1308.69 972.94 1070.73 916.6 475.93
6909409040799_camera3-31.jpg 8 1380.82 1323.82 845.49 1068.65 1070.65 510.33
6909409040799_camera3-32.jpg 8 1352.43 1329.0 789.96 1072.58 1124.95 512.84
6909409040799_camera3-35.jpg 8 1265.71 1327.18 687.43 1088.78 1156.56 476.81
6909409040799_camera3-33.jpg 8 1326.88 1325.13 735.0 1073.91 1183.76 502.44
6909409040799_camera3-34.jpg 8 1289.7 1332.51 710.59 1085.03 1158.21 494.96
6909409040799_camera3-37.jpg 8 1246.64 1321.18 698.17 1100.21 1096.95 441.94
6909409040799_camera3-36.jpg 8 1241.14 1325.45 694.21 1099.41 1093.87 452.07
6909409040799_camera3-39.jpg 8 1333.03 1333.87 789.11 1105.98 1087.83 455.78
6909409040799_camera3-38.jpg 8 1287.42 1321.18 745.52 1113.37 1083.8 415.63
6909409040799_camera3-4.jpg 8 1302.47 1376.78 700.27 1107.02 1204.41 539.51
6909409040799_camera3-40.jpg 8 1357.14 1335.65 803.4 1092.32 1107.48 486.66
6909409040799_camera3-3.jpg 8 1317.92 1375.42 723.64 1108.5 1188.56 533.84
6909409040799_camera3-5.jpg 8 1298.95 1374.57 736.34 1113.06 1125.22 523.01
6909409040799_camera3-6.jpg 8 1299.27 1379.06 766.57 1113.37 1065.39 531.38
6909409040799_camera3-8.jpg 8 1447.61 1372.9 960.35 1128.64 974.52 488.52
6909409040799_camera3-7.jpg 8 1340.32 1373.47 857.37 1125.99 965.89 494.96
6909409040799_camera3-9.jpg 8 1514.97 1372.48 1011.21 1134.41 1007.51 476.14
