6948960100009_camera0-11.jpg 80 1410.06 702.23 1233.07 66.81 353.98 1270.85
6948960100009_camera0-10.jpg 80 1401.94 697.04 1228.24 56.81 347.41 1280.46
6948960100009_camera0-12.jpg 80 1404.79 698.04 1234.82 65.99 339.95 1264.1
6948960100009_camera0-13.jpg 80 1410.9 700.73 1232.26 61.05 357.28 1279.36
6948960100009_camera0-14.jpg 80 1417.38 694.26 1247.41 65.99 339.95 1256.55
6948960100009_camera0-16.jpg 80 1420.26 700.36 1245.33 63.76 349.87 1273.2
6948960100009_camera0-17.jpg 80 1424.04 700.73 1248.03 63.68 352.02 1274.11
6948960100009_camera0-1.jpg 80 1385.91 700.56 1217.2 76.06 337.43 1248.99
6948960100009_camera0-20.jpg 80 1429.47 691.15 1247.96 47.98 363.02 1286.35
6948960100009_camera0-15.jpg 80 1421.41 695.47 1245.4 55.79 352.02 1279.36
6948960100009_camera0-18.jpg 80 1428.72 698.04 1257.49 68.51 342.47 1259.07
6948960100009_camera0-19.jpg 80 1427.47 696.43 1250.48 55.2 353.98 1282.46
6948960100009_camera0-23.jpg 80 1430.61 698.1 1255.91 61.05 349.39 1274.11
6948960100009_camera0-22.jpg 80 1424.21 700.37 1247.96 66.4 352.5 1267.94
6948960100009_camera0-25.jpg 80 1428.72 699.3 1260.01 78.58 337.43 1241.44
6948960100009_camera0-21.jpg 80 1429.3 698.1 1255.91 61.05 346.77 1274.11
6948960100009_camera0-26.jpg 80 1425.52 699.05 1245.33 71.66 360.39 1254.79
6948960100009_camera0-27.jpg 80 1424.94 698.04 1254.97 76.06 339.95 1243.96
6948960100009_camera0-30.jpg 80 1415.86 699.33 1238.87 72.61 353.98 1253.44
6948960100009_camera0-28.jpg 80 1421.41 698.11 1245.4 71.56 352.02 1253.09
6948960100009_camera0-24.jpg 80 1429.48 704.31 1250.6 69.03 357.76 1270.57
6948960100009_camera0-29.jpg 80 1419.9 705.6 1249.93 83.62 339.95 1243.96
6948960100009_camera0-34.jpg 80 1400.54 705.63 1229.55 82.18 341.98 1246.9
6948960100009_camera0-31.jpg 80 1408.28 699.42 1234.89 71.56 346.77 1255.72
6948960100009_camera0-32.jpg 80 1412.96 693.53 1233.07 72.61 359.78 1241.84
6948960100009_camera0-33.jpg 80 1409.84 700.56 1242.38 81.1 334.91 1238.92
6948960100009_camera0-2.jpg 80 1385.95 700.73 1213.88 68.93 344.14 1263.6
6948960100009_camera0-35.jpg 80 1405.8 704.32 1229.55 82.18 352.5 1244.27
6948960100009_camera0-36.jpg 80 1397.25 701.82 1232.31 78.58 329.88 1246.48
6948960100009_camera0-38.jpg 80 1389.75 696.43 1215.66 72.61 348.18 1247.64
6948960100009_camera0-3.jpg 80 1383.32 696.79 1211.25 63.68 344.14 1266.23
6948960100009_camera0-39.jpg 80 1392.2 699.3 1224.75 76.06 334.91 1246.48
6948960100009_camera0-37.jpg 80 1392.65 700.37 1219.03 79.55 347.24 1241.63
6948960100009_camera0-40.jpg 80 1384.63 699.41 1208.62 68.93 352.02 1260.97
6948960100009_camera0-5.jpg 80 1388.43 698.04 1224.75 65.99 327.36 1264.1
6948960100009_camera0-4.jpg 80 1391.34 700.37 1208.51 66.4 365.65 1267.94
6948960100009_camera0-7.jpg 80 1392.65 696.43 1209.86 66.81 365.59 1259.25
6948960100009_camera0-9.jpg 80 1402.28 698.04 1239.86 65.99 324.84 1264.1
6948960100009_camera0-6.jpg 80 1389.88 699.41 1208.62 61.05 362.53 1276.73
6948960100009_camera1-10.jpg 80 1266.38 684.59 1076.98 84.81 378.8 1199.55
6948960100009_camera0-8.jpg 80 1397.24 699.3 1227.27 68.51 339.95 1261.59
6948960100009_camera1-11.jpg 80 1266.41 687.6 1077.27 87.32 378.29 1200.55
6948960100009_camera1-12.jpg 80 1273.69 679.02 1082.19 84.22 383.0 1189.61
6948960100009_camera1-13.jpg 80 1276.37 682.93 1088.77 91.17 375.2 1183.52
6948960100009_camera1-19.jpg 80 1296.62 677.08 1111.42 82.06 370.41 1190.04
6948960100009_camera1-17.jpg 80 1292.68 679.32 1103.28 82.18 378.8 1194.28
6948960100009_camera1-14.jpg 80 1285.19 684.19 1103.88 88.65 362.61 1191.08
6948960100009_camera1-18.jpg 80 1291.38 677.09 1098.29 76.81 386.17 1200.55
6948960100009_camera1-15.jpg 80 1285.19 679.16 1103.88 83.62 362.61 1191.08
6948960100009_camera1-1.jpg 80 1248.4 670.26 1059.39 75.87 378.02 1188.78
6948960100009_camera1-16.jpg 80 1288.75 679.71 1095.66 79.44 386.17 1200.55
6948960100009_camera1-22.jpg 80 1300.57 674.06 1111.17 74.29 378.8 1199.55
6948960100009_camera1-21.jpg 80 1297.78 669.08 1111.44 76.06 372.68 1186.04
6948960100009_camera1-20.jpg 80 1299.25 674.46 1114.05 76.81 370.41 1195.3
6948960100009_camera1-23.jpg 80 1292.68 666.17 1108.54 71.66 368.28 1189.02
6948960100009_camera1-25.jpg 80 1295.27 660.27 1111.44 63.47 367.65 1193.6
6948960100009_camera1-24.jpg 80 1292.75 664.04 1111.44 73.54 362.61 1181.01
6948960100009_camera1-27.jpg 80 1285.18 657.75 1101.36 65.99 367.65 1183.52
6948960100009_camera1-28.jpg 80 1291.1 657.06 1099.6 59.35 383.0 1195.41
6948960100009_camera1-26.jpg 80 1292.75 653.97 1111.44 60.95 362.61 1186.04
6948960100009_camera1-29.jpg 80 1283.49 654.76 1095.66 61.05 375.66 1187.42
6948960100009_camera1-2.jpg 80 1241.12 665.3 1063.59 73.54 355.06 1183.52
6948960100009_camera1-32.jpg 80 1275.12 653.97 1093.81 60.95 362.61 1186.04
6948960100009_camera1-33.jpg 80 1272.6 648.93 1091.29 50.88 362.61 1196.11
6948960100009_camera1-31.jpg 80 1279.49 648.34 1087.99 53.54 383.0 1189.61
6948960100009_camera1-30.jpg 80 1277.63 655.23 1096.33 63.47 362.61 1183.52
6948960100009_camera1-34.jpg 80 1262.43 658.27 1079.61 61.13 365.65 1194.28
6948960100009_camera1-37.jpg 80 1254.97 660.27 1076.18 65.99 357.58 1188.56
6948960100009_camera1-39.jpg 80 1244.02 671.43 1055.93 69.03 376.17 1204.81
6948960100009_camera1-36.jpg 80 1257.49 660.27 1076.18 65.99 362.61 1188.56
6948960100009_camera1-35.jpg 80 1262.53 656.49 1083.74 60.95 357.57 1191.08
6948960100009_camera1-38.jpg 80 1251.2 662.79 1071.15 68.51 360.09 1188.56
6948960100009_camera1-3.jpg 80 1242.7 671.43 1053.3 76.92 378.8 1189.02
6948960100009_camera1-4.jpg 80 1244.89 676.63 1061.07 76.06 367.65 1201.15
6948960100009_camera1-40.jpg 80 1246.16 664.05 1068.63 71.03 355.06 1186.04
6948960100009_camera1-5.jpg 80 1251.9 685.89 1066.45 90.07 370.91 1191.65
6948960100009_camera1-6.jpg 80 1247.41 680.41 1061.07 86.13 372.68 1188.56
6948960100009_camera2-10.jpg 80 1278.22 822.69 1100.65 637.23 355.13 370.91
6948960100009_camera1-8.jpg 80 1250.6 679.32 1053.3 79.55 394.59 1199.55
6948960100009_camera1-7.jpg 80 1256.23 681.67 1073.66 88.65 365.13 1186.04
6948960100009_camera2-14.jpg 80 1279.53 813.48 1087.5 626.71 384.06 373.54
6948960100009_camera2-11.jpg 80 1277.63 826.47 1111.44 647.68 332.39 357.58
6948960100009_camera2-16.jpg 80 1279.53 809.54 1098.02 621.45 363.02 376.17
6948960100009_camera2-13.jpg 80 1280.74 817.71 1101.67 632.48 358.13 370.46
6948960100009_camera2-12.jpg 80 1278.22 820.06 1100.65 631.97 355.13 376.17
6948960100009_camera2-15.jpg 80 1276.42 812.75 1102.52 629.59 347.81 366.31
6948960100009_camera2-17.jpg 80 1269.01 810.85 1082.24 624.08 373.54 373.54
6948960100009_camera2-18.jpg 80 1263.78 806.32 1091.29 627.53 344.98 357.58
6948960100009_camera2-19.jpg 80 1260.7 803.5 1093.27 622.19 334.86 362.61
6948960100009_camera2-1.jpg 80 1254.2 843.06 1079.68 665.86 349.03 354.4
6948960100009_camera2-20.jpg 80 1257.17 800.33 1079.61 613.56 355.13 373.54
6948960100009_camera2-22.jpg 80 1256.23 810.1 1083.74 627.53 344.98 365.13
6948960100009_camera2-21.jpg 80 1254.22 805.35 1087.72 620.34 333.01 370.01
6948960100009_camera2-24.jpg 80 1247.82 806.13 1076.06 619.76 343.51 372.74
6948960100009_camera2-26.jpg 80 1237.44 813.48 1058.56 624.08 357.76 378.8
6948960100009_camera2-23.jpg 80 1248.67 803.81 1081.22 619.98 334.91 367.65
6948960100009_camera2-25.jpg 80 1244.05 804.42 1076.62 620.34 334.86 368.16
6948960100009_camera2-28.jpg 80 1237.44 817.43 1061.19 631.97 352.5 370.91
6948960100009_camera2-27.jpg 80 1240.25 811.14 1066.67 624.77 347.16 372.74
6948960100009_camera2-29.jpg 80 1234.89 818.95 1061.51 633.74 346.77 370.41
6948960100009_camera2-32.jpg 80 1229.79 825.2 1056.04 642.64 347.5 365.13
6948960100009_camera2-31.jpg 80 1229.55 817.43 1053.3 631.97 352.5 370.91
6948960100009_camera2-33.jpg 80 1231.1 829.39 1059.97 648.09 342.26 362.61
6948960100009_camera2-30.jpg 80 1234.89 821.58 1061.51 636.37 346.77 370.41
6948960100009_camera2-35.jpg 80 1226.92 827.95 1048.04 642.49 357.76 370.91
6948960100009_camera2-34.jpg 80 1231.59 833.86 1059.83 647.49 343.51 372.74
6948960100009_camera2-2.jpg 80 1260.01 840.31 1088.77 660.27 342.47 360.09
6948960100009_camera2-36.jpg 80 1237.44 835.84 1061.19 653.01 352.5 365.65
6948960100009_camera2-37.jpg 80 1240.15 838.65 1064.14 654.76 352.02 367.78
6948960100009_camera2-39.jpg 80 1248.67 841.58 1078.7 662.79 339.95 357.58
6948960100009_camera2-3.jpg 80 1258.54 846.52 1090.41 665.26 336.26 362.53
6948960100009_camera2-38.jpg 80 1242.38 840.32 1073.66 665.31 337.43 350.02
6948960100009_camera2-5.jpg 80 1271.58 842.46 1096.17 659.74 350.82 365.44
6948960100009_camera2-40.jpg 80 1250.65 845.22 1077.27 662.64 346.77 365.16
6948960100009_camera2-4.jpg 80 1267.56 842.83 1093.81 667.82 347.5 350.02
6948960100009_camera2-7.jpg 80 1274.27 835.84 1098.02 653.01 352.5 365.65
6948960100009_camera2-6.jpg 80 1267.73 838.65 1095.66 654.76 344.14 367.78
6948960100009_camera2-8.jpg 80 1275.12 834.02 1108.92 657.75 332.39 352.54
6948960100009_camera2-9.jpg 80 1279.53 833.21 1105.91 645.12 347.24 376.17
6948960100009_camera3-10.jpg 80 1383.39 861.73 1212.16 207.01 342.47 1309.43
6948960100009_camera3-11.jpg 80 1383.31 862.29 1208.62 200.28 349.39 1324.02
6948960100009_camera3-12.jpg 80 1382.12 860.83 1203.24 200.55 357.76 1320.55
6948960100009_camera3-13.jpg 80 1394.72 860.46 1222.23 209.52 344.98 1301.88
6948960100009_camera3-14.jpg 80 1396.45 863.61 1221.76 202.91 349.39 1321.39
6948960100009_camera3-15.jpg 80 1398.45 858.09 1221.46 199.45 353.98 1317.28
6948960100009_camera3-16.jpg 80 1395.28 862.15 1221.66 208.45 347.24 1307.4
6948960100009_camera3-17.jpg 80 1401.02 857.95 1232.31 204.49 337.43 1306.91
6948960100009_camera3-19.jpg 80 1401.71 860.99 1221.76 205.54 359.9 1310.89
6948960100009_camera3-18.jpg 80 1403.53 860.46 1237.34 209.52 332.39 1301.88
6948960100009_camera3-1.jpg 80 1353.19 858.2 1176.94 205.82 352.5 1304.77
6948960100009_camera3-20.jpg 80 1399.09 858.36 1213.88 202.91 370.41 1310.89
6948960100009_camera3-21.jpg 80 1404.79 855.42 1234.82 209.52 339.95 1291.8
6948960100009_camera3-24.jpg 80 1396.6 858.2 1216.4 208.45 360.39 1299.51
6948960100009_camera3-23.jpg 80 1400.39 855.73 1224.38 205.54 352.02 1300.38
6948960100009_camera3-25.jpg 80 1395.28 855.58 1221.66 205.82 347.24 1299.51
6948960100009_camera3-22.jpg 80 1402.27 855.42 1234.82 209.52 334.91 1291.8
6948960100009_camera3-28.jpg 80 1389.75 860.99 1215.66 216.86 348.18 1288.26
6948960100009_camera3-26.jpg 80 1387.26 854.41 1203.37 208.16 367.78 1292.5
6948960100009_camera3-27.jpg 80 1390.02 858.21 1211.14 211.08 357.76 1294.25
6948960100009_camera3-29.jpg 80 1387.17 851.64 1219.72 209.52 334.91 1284.25
6948960100009_camera3-31.jpg 80 1379.38 855.72 1205.99 210.79 346.77 1289.87
6948960100009_camera3-2.jpg 80 1353.19 860.84 1176.94 205.82 352.5 1310.03
6948960100009_camera3-30.jpg 80 1383.39 852.9 1214.68 209.52 337.43 1286.77
6948960100009_camera3-35.jpg 80 1370.18 858.35 1195.49 208.16 349.39 1300.38
6948960100009_camera3-32.jpg 80 1378.14 858.09 1204.05 211.05 348.18 1294.07
6948960100009_camera3-33.jpg 80 1368.97 848.99 1197.98 205.82 341.98 1286.35
6948960100009_camera3-34.jpg 80 1374.57 854.17 1207.12 207.01 334.91 1294.32
6948960100009_camera3-36.jpg 80 1360.99 857.04 1184.98 205.54 352.02 1303.01
6948960100009_camera3-37.jpg 80 1359.47 855.43 1194.53 204.49 329.88 1301.88
6948960100009_camera3-3.jpg 80 1359.47 859.21 1189.5 207.01 339.95 1304.39
6948960100009_camera3-40.jpg 80 1354.42 860.99 1182.35 205.54 344.14 1310.89
6948960100009_camera3-5.jpg 80 1363.71 864.78 1184.83 205.82 357.76 1317.92
6948960100009_camera3-39.jpg 80 1360.73 858.09 1186.64 199.45 348.18 1317.28
6948960100009_camera3-4.jpg 80 1368.28 866.76 1197.05 214.56 342.47 1304.39
6948960100009_camera3-9.jpg 80 1372.91 859.51 1197.98 197.92 349.87 1323.18
6948960100009_camera3-38.jpg 80 1358.21 857.94 1189.5 209.52 337.43 1296.84
6948960100009_camera3-6.jpg 80 1361.08 860.82 1187.46 195.29 347.24 1331.07
6948960100009_camera3-7.jpg 80 1367.02 861.73 1197.05 207.01 339.95 1309.43
6948960100009_camera3-8.jpg 80 1375.25 860.99 1192.45 205.25 365.59 1311.47
