6924882486100_camera0-10.jpg 81 1408.68 1051.21 1259.62 780.05 298.12 542.33
6924882486100_camera0-12.jpg 81 1411.46 1051.34 1261.27 782.21 300.39 538.25
6924882486100_camera0-16.jpg 81 1416.99 1045.6 1260.72 774.07 312.53 543.05
6924882486100_camera0-11.jpg 81 1412.96 1048.99 1259.62 780.5 306.68 536.98
6924882486100_camera0-14.jpg 81 1415.95 1047.71 1268.48 778.93 294.95 537.57
6924882486100_camera0-1.jpg 81 1392.42 1047.25 1239.08 776.33 306.68 541.83
6924882486100_camera0-18.jpg 81 1418.34 1047.34 1270.18 775.49 296.31 543.69
6924882486100_camera0-13.jpg 81 1417.03 1047.07 1260.06 772.01 313.95 550.12
6924882486100_camera0-15.jpg 81 1418.09 1049.48 1268.57 781.04 299.03 536.89
6924882486100_camera0-21.jpg 81 1420.02 1043.02 1261.23 774.53 317.58 536.98
6924882486100_camera0-22.jpg 81 1418.25 1043.34 1263.7 772.42 309.1 541.83
6924882486100_camera0-19.jpg 81 1418.38 1050.2 1267.5 781.07 301.75 538.25
6924882486100_camera0-17.jpg 81 1416.42 1048.8 1262.48 777.27 307.89 543.05
6924882486100_camera0-20.jpg 81 1419.99 1044.27 1263.72 772.04 312.53 544.46
6924882486100_camera0-25.jpg 81 1415.57 1049.56 1263.33 781.79 304.47 535.54
6924882486100_camera0-27.jpg 81 1412.93 1048.97 1260.7 781.88 304.47 534.18
6924882486100_camera0-24.jpg 81 1416.54 1047.22 1264.98 778.1 303.11 538.25
6924882486100_camera0-26.jpg 81 1412.14 1046.44 1258.8 776.13 306.68 540.62
6924882486100_camera0-23.jpg 81 1420.22 1045.89 1262.65 778.61 315.13 534.56
6924882486100_camera0-29.jpg 81 1410.57 1046.86 1261.06 780.45 299.03 532.82
6924882486100_camera0-28.jpg 81 1409.68 1048.17 1251.5 777.86 316.37 540.62
6924882486100_camera0-35.jpg 81 1400.02 1047.48 1250.31 780.1 299.42 534.76
6924882486100_camera0-34.jpg 81 1401.88 1042.8 1249.15 771.27 305.46 543.05
6924882486100_camera0-2.jpg 81 1395.26 1048.84 1247.11 781.07 296.31 535.54
6924882486100_camera0-32.jpg 81 1403.04 1047.78 1254.2 780.69 297.67 534.18
6924882486100_camera0-36.jpg 81 1397.57 1048.68 1250.1 778.31 294.95 540.75
6924882486100_camera0-3.jpg 81 1397.89 1049.56 1249.93 782.18 295.92 534.76
6924882486100_camera0-33.jpg 81 1402.05 1047.3 1252.54 779.53 299.03 535.54
6924882486100_camera0-30.jpg 81 1408.86 1046.12 1259.34 778.35 299.03 535.54
6924882486100_camera0-31.jpg 81 1405.72 1044.03 1249.35 774.93 312.74 538.2
6924882486100_camera0-40.jpg 81 1395.01 1048.26 1247.54 779.13 294.95 538.25
6924882486100_camera0-37.jpg 81 1398.66 1047.48 1249.83 779.71 297.67 535.54
6924882486100_camera0-38.jpg 81 1397.77 1045.56 1247.58 777.11 300.39 536.89
6924882486100_camera0-8.jpg 81 1404.77 1050.88 1256.62 781.07 296.31 539.61
6924882486100_camera0-39.jpg 81 1398.66 1046.8 1249.83 778.35 297.67 536.89
6924882486100_camera0-9.jpg 81 1407.71 1048.62 1259.44 778.25 296.54 540.75
6924882486100_camera0-5.jpg 81 1401.38 1048.26 1253.42 779.71 295.92 537.09
6924882486100_camera0-4.jpg 81 1399.34 1050.2 1252.54 781.07 293.59 538.25
6924882486100_camera0-6.jpg 81 1402.06 1050.88 1253.9 778.35 296.31 545.05
6924882486100_camera1-10.jpg 81 1269.54 988.64 1120.99 734.66 297.09 507.96
6924882486100_camera1-11.jpg 81 1270.03 989.22 1121.19 737.08 297.67 504.27
6924882486100_camera1-12.jpg 81 1273.62 989.03 1123.42 734.85 300.39 508.35
6924882486100_camera0-7.jpg 81 1403.41 1049.52 1255.26 781.07 296.31 536.89
6924882486100_camera1-18.jpg 81 1278.86 981.64 1130.31 728.83 297.09 505.63
6924882486100_camera1-13.jpg 81 1274.98 986.99 1126.14 733.49 297.67 506.99
6924882486100_camera1-15.jpg 81 1277.0 985.63 1128.85 729.42 296.31 512.43
6924882486100_camera1-17.jpg 81 1278.36 986.32 1128.85 732.14 299.03 508.35
6924882486100_camera1-22.jpg 81 1278.37 977.48 1130.21 723.98 296.31 506.99
6924882486100_camera1-14.jpg 81 1276.33 987.67 1127.49 732.14 297.67 511.07
6924882486100_camera1-23.jpg 81 1279.44 976.99 1132.64 721.84 293.59 510.29
6924882486100_camera1-16.jpg 81 1277.01 984.95 1127.49 730.78 299.03 508.35
6924882486100_camera1-19.jpg 81 1278.88 977.69 1126.76 720.11 304.25 515.17
6924882486100_camera1-20.jpg 81 1281.09 980.88 1131.57 728.06 299.03 505.63
6924882486100_camera1-1.jpg 81 1248.55 981.51 1097.63 723.93 301.83 515.17
6924882486100_camera1-24.jpg 81 1276.19 975.6 1125.28 720.44 301.83 510.32
6924882486100_camera1-21.jpg 81 1279.97 977.79 1127.76 722.72 304.42 510.14
6924882486100_camera1-27.jpg 81 1271.28 972.32 1123.32 717.18 295.92 510.29
6924882486100_camera1-26.jpg 81 1272.79 968.78 1120.66 713.02 304.25 511.53
6924882486100_camera1-25.jpg 81 1276.42 976.06 1124.3 719.08 304.25 513.95
6924882486100_camera1-2.jpg 81 1253.91 985.63 1104.39 730.78 299.03 509.71
6924882486100_camera1-32.jpg 81 1264.31 972.42 1113.39 716.66 301.83 511.53
6924882486100_camera1-29.jpg 81 1268.37 972.91 1119.82 718.35 297.09 509.13
6924882486100_camera1-28.jpg 81 1273.5 971.41 1121.47 716.86 304.05 509.11
6924882486100_camera1-33.jpg 81 1260.05 975.49 1111.75 721.34 296.59 508.3
6924882486100_camera1-30.jpg 81 1264.07 971.79 1114.37 713.6 299.4 516.38
6924882486100_camera1-36.jpg 81 1254.4 978.48 1104.5 721.1 299.81 514.76
6924882486100_camera1-34.jpg 81 1258.55 975.66 1109.71 717.41 297.67 516.51
6924882486100_camera1-31.jpg 81 1265.43 971.68 1113.4 713.59 304.05 516.18
6924882486100_camera1-35.jpg 81 1257.3 975.24 1109.34 719.51 295.92 511.46
6924882486100_camera1-37.jpg 81 1254.26 974.45 1103.09 716.26 302.35 516.38
6924882486100_camera1-38.jpg 81 1254.97 978.73 1104.68 724.17 300.58 509.13
6924882486100_camera1-39.jpg 81 1253.63 981.06 1104.12 724.84 299.03 512.43
6924882486100_camera1-4.jpg 81 1254.59 987.0 1104.39 732.14 300.39 509.71
6924882486100_camera1-5.jpg 81 1257.88 987.48 1109.34 730.0 297.09 514.95
6924882486100_camera1-3.jpg 81 1253.81 984.84 1105.54 727.94 296.54 513.79
6924882486100_camera1-6.jpg 81 1259.62 987.47 1110.5 731.16 298.25 512.62
6924882486100_camera1-40.jpg 81 1251.87 980.19 1103.03 723.98 297.67 512.43
6924882486100_camera1-7.jpg 81 1262.58 990.67 1112.87 736.69 299.42 507.96
6924882486100_camera1-8.jpg 81 1264.29 989.8 1114.0 734.66 300.58 510.29
6924882486100_camera1-9.jpg 81 1264.66 987.45 1115.6 732.14 298.12 510.62
6924882486100_camera2-11.jpg 81 1274.84 837.4 1137.03 700.09 275.62 274.62
6924882486100_camera2-10.jpg 81 1274.78 838.35 1136.14 699.71 277.28 277.28
6924882486100_camera2-15.jpg 81 1270.41 836.86 1130.14 690.36 280.53 293.0
6924882486100_camera2-12.jpg 81 1272.53 835.69 1134.72 698.38 275.62 274.62
6924882486100_camera2-13.jpg 81 1270.97 833.63 1131.57 693.63 278.8 280.01
6924882486100_camera2-14.jpg 81 1269.75 836.05 1127.93 688.78 283.64 294.55
6924882486100_camera2-18.jpg 81 1264.29 827.28 1126.82 689.22 274.95 276.12
6924882486100_camera2-16.jpg 81 1267.33 837.87 1126.72 691.2 281.22 293.34
6924882486100_camera2-20.jpg 81 1261.28 826.46 1123.47 689.08 275.62 274.76
6924882486100_camera2-1.jpg 81 1263.35 853.63 1124.64 710.25 277.41 286.76
6924882486100_camera2-17.jpg 81 1266.61 828.76 1129.23 691.81 274.76 273.91
6924882486100_camera2-19.jpg 81 1263.7 836.05 1123.09 688.78 281.22 294.55
6924882486100_camera2-23.jpg 81 1255.82 837.27 1115.81 687.57 280.01 299.4
6924882486100_camera2-22.jpg 81 1257.29 827.87 1119.82 690.39 274.95 274.95
6924882486100_camera2-24.jpg 81 1253.79 829.75 1116.41 693.22 274.76 273.05
6924882486100_camera2-27.jpg 81 1249.84 843.76 1110.1 694.67 279.49 298.19
6924882486100_camera2-21.jpg 81 1260.61 834.63 1119.45 685.91 282.31 297.45
6924882486100_camera2-2.jpg 81 1267.57 850.4 1129.34 713.02 276.47 274.76
6924882486100_camera2-25.jpg 81 1254.51 838.57 1114.25 689.47 280.53 298.19
6924882486100_camera2-26.jpg 81 1251.47 833.69 1114.0 696.21 274.95 274.95
6924882486100_camera2-29.jpg 81 1249.91 843.99 1110.54 697.49 278.75 293.0
6924882486100_camera2-30.jpg 81 1249.29 838.17 1111.36 700.97 275.86 274.4
6924882486100_camera2-28.jpg 81 1249.32 842.73 1106.98 693.63 284.68 298.19
6924882486100_camera2-31.jpg 81 1250.16 842.17 1112.78 705.65 274.76 273.05
6924882486100_camera2-32.jpg 81 1250.36 851.56 1110.54 704.61 279.64 293.89
6924882486100_camera2-36.jpg 81 1254.25 849.95 1118.58 710.43 271.34 279.04
6924882486100_camera2-39.jpg 81 1259.2 855.19 1118.41 710.25 281.57 289.88
6924882486100_camera2-6.jpg 81 1272.45 848.25 1133.81 710.19 277.28 276.12
6924882486100_camera2-3.jpg 81 1265.95 850.51 1124.64 708.17 282.61 284.68
6924882486100_camera2-34.jpg 81 1252.06 847.67 1115.16 709.03 273.79 277.28
6924882486100_camera2-33.jpg 81 1251.26 851.55 1111.88 705.5 278.75 292.1
6924882486100_camera2-37.jpg 81 1256.59 854.67 1117.37 711.29 278.45 286.76
6924882486100_camera2-40.jpg 81 1260.61 852.0 1122.12 710.85 276.97 282.31
6924882486100_camera2-35.jpg 81 1255.28 849.89 1117.71 711.59 275.13 276.6
6924882486100_camera2-8.jpg 81 1274.18 842.08 1133.57 700.86 281.22 282.43
6924882486100_camera2-5.jpg 81 1270.88 849.32 1134.36 712.36 273.05 273.91
6924882486100_camera2-38.jpg 81 1258.05 851.66 1120.74 714.35 274.62 274.62
6924882486100_camera2-7.jpg 81 1272.51 845.06 1134.2 707.75 276.62 274.62
6924882486100_camera2-4.jpg 81 1271.28 850.0 1133.81 712.52 274.95 274.95
6924882486100_camera3-10.jpg 81 1383.46 1212.87 1235.77 930.85 295.38 564.03
6924882486100_camera3-13.jpg 81 1386.33 1210.24 1240.12 930.63 292.43 559.22
6924882486100_camera3-12.jpg 81 1387.2 1211.83 1237.68 931.83 299.03 560.0
6924882486100_camera3-11.jpg 81 1385.33 1211.01 1236.78 931.98 297.09 558.06
6924882486100_camera2-9.jpg 81 1274.88 841.43 1137.07 703.62 275.62 275.62
6924882486100_camera3-15.jpg 81 1389.43 1210.28 1238.41 926.68 302.03 567.2
6924882486100_camera3-21.jpg 81 1389.09 1203.85 1235.75 922.02 306.68 563.65
6924882486100_camera3-18.jpg 81 1389.7 1206.88 1239.92 927.93 299.56 557.89
6924882486100_camera3-20.jpg 81 1389.39 1209.28 1237.67 928.52 303.45 561.53
6924882486100_camera3-14.jpg 81 1390.84 1209.14 1239.14 928.62 303.39 561.05
6924882486100_camera3-1.jpg 81 1364.67 1211.94 1215.84 933.3 297.67 557.28
6924882486100_camera3-17.jpg 81 1391.37 1204.32 1238.64 924.83 305.46 558.98
6924882486100_camera3-19.jpg 81 1391.06 1210.3 1242.9 932.34 296.31 555.92
6924882486100_camera3-22.jpg 81 1387.47 1207.39 1233.62 925.33 307.71 564.13
6924882486100_camera3-24.jpg 81 1387.06 1206.59 1238.0 927.49 298.12 558.19
6924882486100_camera3-16.jpg 81 1390.54 1208.64 1238.25 927.22 304.57 562.84
6924882486100_camera3-28.jpg 81 1380.59 1206.07 1233.21 929.95 294.76 552.23
6924882486100_camera3-23.jpg 81 1387.48 1205.54 1235.64 925.46 303.68 560.16
6924882486100_camera3-25.jpg 81 1384.88 1205.34 1236.33 926.89 297.09 556.89
6924882486100_camera3-27.jpg 81 1380.36 1206.57 1229.82 927.37 301.08 558.4
6924882486100_camera3-26.jpg 81 1382.35 1207.64 1231.69 927.63 301.31 560.02
6924882486100_camera3-29.jpg 81 1379.28 1207.17 1228.74 929.53 301.08 555.28
6924882486100_camera3-33.jpg 81 1370.8 1206.5 1224.0 926.5 293.59 560.0
6924882486100_camera3-32.jpg 81 1371.0 1205.58 1220.05 926.39 301.9 558.38
6924882486100_camera3-34.jpg 81 1371.12 1208.22 1220.41 927.46 301.43 561.53
6924882486100_camera3-2.jpg 81 1368.49 1213.45 1221.11 935.58 294.76 555.73
6924882486100_camera3-31.jpg 81 1372.55 1204.26 1221.15 925.52 302.79 557.49
6924882486100_camera3-30.jpg 81 1376.91 1205.89 1231.28 928.61 291.26 554.56
6924882486100_camera3-35.jpg 81 1368.47 1205.6 1216.26 926.63 304.42 557.94
6924882486100_camera3-38.jpg 81 1367.35 1209.24 1215.42 927.26 303.86 563.96
6924882486100_camera3-3.jpg 81 1369.26 1212.58 1219.74 933.26 299.03 558.64
6924882486100_camera3-37.jpg 81 1368.51 1207.11 1215.78 925.28 305.46 563.65
6924882486100_camera3-39.jpg 81 1369.8 1209.23 1224.37 929.91 290.87 558.64
6924882486100_camera3-40.jpg 81 1367.41 1210.19 1213.64 929.15 307.54 562.09
6924882486100_camera3-36.jpg 81 1367.65 1207.48 1218.53 927.98 298.25 559.0
6924882486100_camera3-4.jpg 81 1370.25 1211.47 1217.08 928.71 306.35 565.51
6924882486100_camera3-9.jpg 81 1381.64 1211.65 1233.49 930.29 296.31 562.72
6924882486100_camera3-5.jpg 81 1372.84 1213.93 1222.73 930.74 300.21 566.39
6924882486100_camera3-6.jpg 81 1374.66 1211.18 1221.93 927.54 305.46 567.29
6924882486100_camera3-7.jpg 81 1377.63 1212.49 1229.48 931.81 296.31 561.36
6924882486100_camera3-8.jpg 81 1378.97 1212.45 1227.65 931.08 302.64 562.74
