6928804011142_camera0-11.jpg 82 1439.8 1051.44 1279.55 767.72 320.5 567.44
6928804011142_camera0-12.jpg 82 1441.12 1046.18 1284.81 765.09 312.62 562.18
6928804011142_camera0-10.jpg 82 1430.87 1047.55 1281.01 777.18 299.71 540.75
6928804011142_camera0-14.jpg 82 1449.73 1048.44 1292.66 771.9 314.13 553.08
6928804011142_camera0-13.jpg 82 1446.37 1047.49 1284.81 765.09 323.12 564.81
6928804011142_camera0-16.jpg 82 1449.86 1045.91 1301.86 775.8 296.01 540.22
6928804011142_camera0-15.jpg 82 1451.06 1048.44 1295.34 771.9 311.44 553.08
6928804011142_camera0-17.jpg 82 1445.56 1044.37 1295.7 777.03 299.71 534.67
6928804011142_camera0-19.jpg 82 1443.74 1047.5 1287.43 767.72 312.62 559.56
6928804011142_camera0-18.jpg 82 1447.82 1045.32 1302.72 781.29 290.19 528.06
6928804011142_camera0-1.jpg 82 1374.12 1047.5 1216.5 770.35 315.24 554.3
6928804011142_camera0-22.jpg 82 1432.87 1045.7 1281.21 773.45 303.31 544.5
6928804011142_camera0-20.jpg 82 1446.57 1046.28 1292.68 771.39 307.78 549.79
6928804011142_camera0-25.jpg 82 1413.84 1040.9 1269.53 779.25 288.61 523.3
6928804011142_camera0-21.jpg 82 1442.43 1044.87 1287.43 772.97 309.99 543.79
6928804011142_camera0-24.jpg 82 1413.69 1034.45 1258.49 766.13 310.41 536.64
6928804011142_camera0-26.jpg 82 1408.74 1042.52 1264.43 781.66 288.61 521.72
6928804011142_camera0-27.jpg 82 1399.22 1043.65 1247.96 768.76 302.52 549.79
6928804011142_camera0-23.jpg 82 1425.35 1043.56 1269.04 767.72 312.62 551.68
6928804011142_camera0-30.jpg 82 1380.14 1040.91 1235.84 778.47 288.61 524.89
6928804011142_camera0-28.jpg 82 1388.7 1043.65 1229.55 763.5 318.3 560.31
6928804011142_camera0-2.jpg 82 1381.7 1050.22 1222.74 773.45 317.93 553.55
6928804011142_camera0-29.jpg 82 1384.75 1042.34 1229.55 768.76 310.41 547.16
6928804011142_camera0-34.jpg 82 1366.24 1040.93 1211.25 767.72 309.99 546.42
6928804011142_camera0-32.jpg 82 1373.5 1041.43 1231.97 777.8 283.06 527.27
6928804011142_camera0-31.jpg 82 1375.55 1043.65 1219.03 771.39 313.04 544.53
6928804011142_camera0-33.jpg 82 1371.61 1042.34 1219.03 766.13 305.15 552.42
6928804011142_camera0-3.jpg 82 1389.89 1050.12 1229.64 767.72 320.5 564.81
6928804011142_camera0-39.jpg 82 1371.48 1046.8 1226.72 778.35 289.52 536.89
6928804011142_camera0-35.jpg 82 1370.29 1042.34 1213.77 771.39 313.04 541.9
6928804011142_camera0-37.jpg 82 1364.93 1042.24 1208.62 765.09 312.62 554.3
6928804011142_camera0-5.jpg 82 1400.5 1050.55 1239.18 773.34 322.63 554.42
6928804011142_camera0-40.jpg 82 1368.98 1044.97 1211.14 768.76 315.67 552.42
6928804011142_camera0-38.jpg 82 1366.05 1045.95 1220.82 778.62 290.46 534.67
6928804011142_camera0-36.jpg 82 1366.35 1043.65 1211.14 763.5 310.41 560.31
6928804011142_camera0-6.jpg 82 1405.64 1050.12 1250.65 765.09 309.99 570.06
6928804011142_camera0-4.jpg 82 1389.01 1045.69 1230.05 762.48 317.93 566.43
6928804011142_camera0-7.jpg 82 1411.32 1046.2 1260.67 773.45 301.3 545.5
6928804011142_camera0-8.jpg 82 1413.68 1042.35 1247.96 758.24 331.45 568.21
6928804011142_camera1-10.jpg 82 1297.94 1006.83 1137.48 737.19 320.93 539.27
6928804011142_camera1-11.jpg 82 1303.88 997.53 1153.23 742.22 301.3 510.62
6928804011142_camera0-9.jpg 82 1428.16 1035.77 1263.75 745.09 328.82 581.36
6928804011142_camera1-13.jpg 82 1312.27 985.4 1156.96 718.63 310.62 533.54
6928804011142_camera1-12.jpg 82 1309.76 992.32 1153.45 728.31 312.62 528.03
6928804011142_camera1-15.jpg 82 1315.04 981.84 1153.26 718.78 323.56 526.12
6928804011142_camera1-16.jpg 82 1314.62 976.34 1164.76 721.03 299.71 510.62
6928804011142_camera1-14.jpg 82 1313.18 981.57 1159.7 719.37 306.97 524.4
6928804011142_camera1-17.jpg 82 1309.78 980.52 1153.26 710.89 313.04 539.27
6928804011142_camera1-18.jpg 82 1309.76 967.38 1153.45 704.67 312.62 525.41
6928804011142_camera1-19.jpg 82 1300.57 959.48 1140.11 687.21 320.93 544.53
6928804011142_camera1-22.jpg 82 1288.86 952.07 1140.86 698.61 296.01 506.92
6928804011142_camera1-21.jpg 82 1288.74 956.85 1137.48 689.84 302.52 534.01
6928804011142_camera1-20.jpg 82 1299.25 958.18 1145.57 696.79 307.36 522.78
6928804011142_camera1-23.jpg 82 1279.54 947.64 1126.96 681.95 305.15 531.38
6928804011142_camera1-1.jpg 82 1237.84 1003.78 1087.64 744.17 300.39 519.22
6928804011142_camera1-24.jpg 82 1275.72 948.4 1124.07 685.74 303.31 525.33
6928804011142_camera1-25.jpg 82 1270.33 955.53 1113.81 687.21 313.04 536.64
6928804011142_camera1-26.jpg 82 1259.85 950.29 1103.54 686.28 312.62 528.03
6928804011142_camera1-31.jpg 82 1229.91 960.25 1080.85 707.32 298.12 505.86
6928804011142_camera1-28.jpg 82 1245.34 956.85 1087.5 687.21 315.67 539.27
6928804011142_camera1-30.jpg 82 1236.21 963.43 1079.9 696.79 312.62 533.29
6928804011142_camera1-27.jpg 82 1249.28 950.27 1090.13 679.32 318.3 541.9
6928804011142_camera1-2.jpg 82 1244.85 1006.48 1094.99 749.58 299.71 513.79
6928804011142_camera1-33.jpg 82 1222.85 965.21 1072.5 704.78 300.7 520.86
6928804011142_camera1-37.jpg 82 1225.61 984.47 1071.72 718.78 307.78 531.38
6928804011142_camera1-35.jpg 82 1220.44 975.25 1061.51 707.3 317.87 535.91
6928804011142_camera1-34.jpg 82 1221.65 975.26 1061.19 710.89 320.93 528.75
6928804011142_camera1-29.jpg 82 1242.46 953.0 1095.38 700.46 294.16 505.07
6928804011142_camera1-32.jpg 82 1234.82 971.31 1071.72 697.73 326.19 547.16
6928804011142_camera1-36.jpg 82 1223.07 984.44 1066.76 720.43 312.62 528.03
6928804011142_camera1-38.jpg 82 1228.22 989.47 1073.17 726.35 310.1 526.23
6928804011142_camera1-39.jpg 82 1230.68 994.83 1078.98 738.59 303.41 512.47
6928804011142_camera1-3.jpg 82 1249.28 1001.56 1079.61 729.3 339.34 544.53
6928804011142_camera1-40.jpg 82 1230.95 1004.15 1072.02 733.57 317.87 541.17
6928804011142_camera1-4.jpg 82 1258.49 1004.2 1105.91 745.09 305.15 518.22
6928804011142_camera1-8.jpg 82 1289.26 1006.75 1137.82 749.85 302.88 513.79
6928804011142_camera1-5.jpg 82 1259.8 1014.73 1100.65 750.35 318.3 528.75
6928804011142_camera2-10.jpg 82 1294.11 811.65 1150.85 664.94 286.51 293.41
6928804011142_camera2-14.jpg 82 1271.64 801.64 1124.33 653.01 294.63 297.26
6928804011142_camera1-7.jpg 82 1279.55 1012.04 1121.93 741.45 315.24 541.17
6928804011142_camera1-6.jpg 82 1274.18 1011.23 1123.53 755.92 301.3 510.62
6928804011142_camera2-12.jpg 82 1286.11 800.33 1124.33 650.38 323.56 299.89
6928804011142_camera1-9.jpg 82 1290.05 1008.14 1134.85 742.45 310.41 531.38
6928804011142_camera2-16.jpg 82 1253.5 804.78 1108.79 649.5 289.43 310.57
6928804011142_camera2-13.jpg 82 1277.72 799.25 1138.97 662.08 277.51 274.34
6928804011142_camera2-11.jpg 82 1290.06 813.48 1137.48 666.17 305.15 294.63
6928804011142_camera2-15.jpg 82 1262.93 798.55 1120.25 657.02 285.36 283.06
6928804011142_camera2-17.jpg 82 1249.39 798.95 1112.79 660.31 273.2 277.28
6928804011142_camera2-18.jpg 82 1249.28 800.33 1098.02 650.38 302.52 299.89
6928804011142_camera2-19.jpg 82 1240.92 814.63 1098.1 663.12 285.65 303.02
6928804011142_camera2-1.jpg 82 1292.68 867.4 1145.37 721.41 294.63 291.99
6928804011142_camera2-21.jpg 82 1231.88 813.12 1087.53 670.6 288.69 285.04
6928804011142_camera2-24.jpg 82 1219.75 831.36 1081.69 693.3 276.12 276.12
6928804011142_camera2-28.jpg 82 1223.55 859.99 1076.87 715.23 293.37 289.51
6928804011142_camera2-26.jpg 82 1220.34 842.41 1074.35 689.84 291.99 305.15
6928804011142_camera2-25.jpg 82 1222.97 842.42 1066.45 687.21 313.04 310.41
6928804011142_camera2-20.jpg 82 1232.23 808.36 1094.27 671.98 275.92 272.75
6928804011142_camera2-27.jpg 82 1220.38 853.37 1076.45 708.61 287.85 289.51
6928804011142_camera2-23.jpg 82 1220.35 822.69 1076.98 674.06 286.73 297.26
6928804011142_camera2-22.jpg 82 1222.97 821.38 1076.98 671.43 291.99 299.89
6928804011142_camera2-2.jpg 82 1296.71 862.11 1156.71 722.79 280.0 278.64
6928804011142_camera2-29.jpg 82 1226.45 862.88 1084.59 719.09 283.72 287.58
6928804011142_camera2-31.jpg 82 1238.76 873.98 1095.39 724.04 286.73 299.89
6928804011142_camera2-30.jpg 82 1231.48 868.31 1088.8 726.78 285.36 283.06
6928804011142_camera2-32.jpg 82 1242.7 876.62 1092.76 718.78 299.89 315.67
6928804011142_camera2-33.jpg 82 1246.73 878.85 1109.26 741.95 274.95 273.79
6928804011142_camera2-40.jpg 82 1293.99 868.67 1148.76 722.31 290.47 292.73
6928804011142_camera2-34.jpg 82 1258.49 883.19 1111.17 731.93 294.63 302.52
6928804011142_camera2-36.jpg 82 1268.2 880.18 1130.24 742.22 275.92 275.92
6928804011142_camera2-37.jpg 82 1274.28 876.62 1126.96 729.3 294.63 294.63
6928804011142_camera2-5.jpg 82 1305.58 843.45 1164.13 698.69 282.89 289.51
6928804011142_camera2-39.jpg 82 1284.15 871.23 1141.86 731.62 284.59 279.22
6928804011142_camera2-35.jpg 82 1266.38 883.19 1119.07 734.56 294.62 297.26
6928804011142_camera2-6.jpg 82 1303.8 833.62 1165.74 695.05 276.12 277.15
6928804011142_camera2-38.jpg 82 1283.48 880.56 1134.85 737.19 297.26 286.73
6928804011142_camera2-3.jpg 82 1300.75 855.16 1159.86 707.51 281.79 295.3
6928804011142_camera2-4.jpg 82 1307.16 846.36 1161.16 697.73 291.99 297.26
6928804011142_camera2-8.jpg 82 1299.13 820.05 1155.05 675.96 288.17 288.17
6928804011142_camera2-9.jpg 82 1299.26 818.74 1150.63 666.17 297.26 305.15
6928804011142_camera2-7.jpg 82 1301.63 830.38 1159.17 687.11 284.93 286.54
6928804011142_camera3-10.jpg 82 1415.01 1215.95 1253.23 918.7 323.56 594.51
6928804011142_camera3-14.jpg 82 1422.8 1207.91 1270.57 927.23 304.47 561.36
6928804011142_camera3-11.jpg 82 1417.64 1213.33 1261.12 921.33 313.04 583.99
6928804011142_camera3-16.jpg 82 1420.07 1204.14 1266.59 919.1 306.97 570.08
6928804011142_camera3-18.jpg 82 1413.69 1197.55 1258.49 905.55 310.41 583.99
6928804011142_camera3-13.jpg 82 1424.59 1216.57 1268.1 924.97 312.99 583.2
6928804011142_camera3-19.jpg 82 1410.81 1201.46 1263.73 923.03 294.16 556.87
6928804011142_camera3-15.jpg 82 1421.58 1208.07 1261.12 918.7 320.93 578.73
6928804011142_camera3-12.jpg 82 1424.22 1210.7 1266.38 913.44 315.67 594.51
6928804011142_camera3-17.jpg 82 1418.48 1202.31 1272.59 924.01 291.78 556.6
6928804011142_camera3-21.jpg 82 1396.33 1204.14 1244.67 915.45 303.31 577.39
6928804011142_camera3-1.jpg 82 1354.5 1218.59 1195.35 921.33 318.3 594.51
6928804011142_camera3-24.jpg 82 1379.31 1194.73 1235.0 920.92 288.61 547.62
6928804011142_camera3-20.jpg 82 1405.8 1209.38 1242.7 921.33 326.19 576.1
6928804011142_camera3-23.jpg 82 1386.47 1197.12 1239.79 921.2 293.37 551.85
6928804011142_camera3-22.jpg 82 1398.16 1197.88 1244.67 916.49 306.97 562.77
6928804011142_camera3-25.jpg 82 1371.69 1196.76 1226.6 922.43 290.19 548.67
6928804011142_camera3-26.jpg 82 1366.05 1196.65 1214.13 914.74 303.83 563.82
6928804011142_camera3-2.jpg 82 1363.62 1220.88 1200.74 927.97 325.75 585.83
6928804011142_camera3-28.jpg 82 1355.34 1199.03 1209.22 923.79 292.23 550.49
6928804011142_camera3-29.jpg 82 1345.29 1201.49 1184.83 908.18 320.93 586.62
6928804011142_camera3-34.jpg 82 1336.03 1211.69 1179.72 920.09 312.62 583.2
6928804011142_camera3-31.jpg 82 1342.66 1198.86 1182.2 910.81 320.93 576.1
6928804011142_camera3-35.jpg 82 1336.24 1207.79 1189.16 928.43 294.16 558.72
6928804011142_camera3-27.jpg 82 1359.76 1192.28 1203.24 910.81 313.04 562.94
6928804011142_camera3-30.jpg 82 1341.28 1200.43 1187.04 915.58 308.49 569.69
6928804011142_camera3-32.jpg 82 1334.78 1200.17 1176.94 905.55 315.67 589.25
6928804011142_camera3-33.jpg 82 1336.57 1204.48 1190.45 925.16 292.23 558.64
6928804011142_camera3-38.jpg 82 1345.99 1218.33 1186.11 926.28 319.76 584.09
6928804011142_camera3-36.jpg 82 1330.83 1202.8 1163.79 908.18 334.08 589.25
6928804011142_camera3-37.jpg 82 1339.36 1212.22 1184.95 921.75 308.81 580.95
6928804011142_camera3-3.jpg 82 1371.61 1217.27 1211.14 921.33 320.93 591.88
6928804011142_camera3-39.jpg 82 1346.84 1216.61 1196.98 929.58 299.71 574.05
6928804011142_camera3-4.jpg 82 1378.06 1223.51 1224.38 930.59 307.36 585.83
6928804011142_camera3-6.jpg 82 1392.64 1210.7 1234.81 918.7 315.67 583.99
6928804011142_camera3-5.jpg 82 1385.66 1224.61 1227.92 930.43 315.49 588.35
6928804011142_camera3-40.jpg 82 1345.29 1217.27 1184.83 923.96 320.93 586.62
6928804011142_camera3-7.jpg 82 1400.34 1220.01 1248.1 933.78 304.47 572.46
6928804011142_camera3-8.jpg 82 1405.64 1218.25 1250.65 922.71 309.99 591.08
6928804011142_camera3-9.jpg 82 1405.8 1217.27 1242.7 921.33 326.19 591.88
