6956367338680_camera0-10.jpg 83 1420.1 1055.38 1266.42 783.48 307.36 543.79
6956367338680_camera0-11.jpg 83 1418.83 1050.22 1269.9 783.66 297.86 533.13
6956367338680_camera0-12.jpg 83 1422.35 1055.57 1270.36 785.36 303.98 540.42
6956367338680_camera0-13.jpg 83 1417.64 1038.39 1253.23 758.24 328.82 560.31
6956367338680_camera0-14.jpg 83 1420.16 1046.98 1274.93 779.65 290.46 534.67
6956367338680_camera0-20.jpg 83 1416.89 1046.71 1263.41 776.29 306.97 540.84
6956367338680_camera0-15.jpg 83 1417.48 1052.74 1266.42 780.85 302.11 543.79
6956367338680_camera0-16.jpg 83 1417.64 1052.86 1263.75 774.02 307.78 557.68
6956367338680_camera0-19.jpg 83 1413.62 1051.84 1260.01 783.66 307.21 536.36
6956367338680_camera0-17.jpg 83 1417.84 1051.06 1268.1 778.6 299.48 544.92
6956367338680_camera0-18.jpg 83 1404.49 1041.03 1253.23 774.02 302.52 534.01
6956367338680_camera0-1.jpg 83 1400.32 1052.89 1252.32 788.33 296.01 529.12
6956367338680_camera0-22.jpg 83 1408.83 1048.16 1256.36 782.78 304.95 530.77
6956367338680_camera0-23.jpg 83 1406.92 1050.55 1255.23 784.75 303.39 531.6
6956367338680_camera0-25.jpg 83 1398.27 1048.73 1245.64 780.47 305.26 536.52
6956367338680_camera0-21.jpg 83 1408.83 1048.16 1256.36 776.99 304.95 542.35
6956367338680_camera0-24.jpg 83 1408.58 1050.58 1257.49 783.66 302.18 533.84
6956367338680_camera0-26.jpg 83 1401.62 1048.15 1248.13 783.21 306.97 529.88
6956367338680_camera0-28.jpg 83 1404.48 1044.97 1247.96 768.76 313.04 552.42
6956367338680_camera0-27.jpg 83 1399.14 1044.62 1251.14 779.14 296.01 530.97
6956367338680_camera0-31.jpg 83 1396.59 1047.6 1240.07 774.02 313.04 547.16
6956367338680_camera0-29.jpg 83 1395.33 1048.16 1244.78 780.85 301.09 534.63
6956367338680_camera0-32.jpg 83 1394.93 1049.81 1246.0 785.25 297.86 529.12
6956367338680_camera0-30.jpg 83 1392.64 1043.65 1242.7 774.02 299.89 539.27
6956367338680_camera0-2.jpg 83 1404.08 1051.51 1255.07 780.34 298.02 542.34
6956367338680_camera0-39.jpg 83 1402.08 1047.68 1250.09 776.35 303.98 542.67
6956367338680_camera0-34.jpg 83 1395.98 1048.06 1247.41 781.14 297.14 533.84
6956367338680_camera0-33.jpg 83 1393.96 1046.28 1234.81 771.39 318.3 549.79
6956367338680_camera0-35.jpg 83 1392.66 1050.99 1239.18 780.05 306.97 541.89
6956367338680_camera0-38.jpg 83 1395.99 1048.06 1242.38 781.14 307.21 533.84
6956367338680_camera0-37.jpg 83 1397.9 1052.86 1242.7 776.65 310.41 552.42
6956367338680_camera0-36.jpg 83 1395.33 1051.06 1243.34 778.6 303.98 544.92
6956367338680_camera0-3.jpg 83 1406.59 1055.57 1252.34 783.11 308.49 544.92
6956367338680_camera0-4.jpg 83 1407.87 1052.03 1258.29 780.85 299.16 542.35
6956367338680_camera0-5.jpg 83 1410.19 1052.2 1258.28 782.82 303.83 538.76
6956367338680_camera0-40.jpg 83 1395.32 1048.16 1242.85 773.13 304.95 550.07
6956367338680_camera0-7.jpg 83 1412.21 1051.06 1261.35 776.35 301.73 549.42
6956367338680_camera0-6.jpg 83 1408.62 1054.77 1255.14 782.26 306.97 545.02
6956367338680_camera0-8.jpg 83 1417.64 1051.55 1258.49 774.02 318.3 555.05
6956367338680_camera1-12.jpg 83 1276.63 988.33 1121.26 726.81 310.74 523.05
6956367338680_camera0-9.jpg 83 1416.41 1049.43 1266.06 780.94 300.7 536.97
6956367338680_camera1-10.jpg 83 1278.37 989.93 1126.25 733.57 304.24 512.71
6956367338680_camera1-13.jpg 83 1279.25 986.19 1130.32 731.5 297.86 509.38
6956367338680_camera1-11.jpg 83 1278.21 987.05 1130.74 728.57 294.95 516.96
6956367338680_camera1-15.jpg 83 1274.26 981.84 1108.54 716.15 331.45 531.38
6956367338680_camera1-14.jpg 83 1279.94 985.72 1129.39 725.16 301.09 521.12
6956367338680_camera1-18.jpg 83 1273.86 978.82 1121.51 725.74 304.69 506.15
6956367338680_camera1-17.jpg 83 1276.28 976.96 1125.93 717.88 300.7 518.17
6956367338680_camera1-16.jpg 83 1277.6 977.72 1123.19 721.02 308.81 513.4
6956367338680_camera1-19.jpg 83 1275.35 978.01 1128.27 721.78 294.16 512.47
6956367338680_camera1-1.jpg 83 1261.27 991.4 1108.92 730.78 304.69 521.25
6956367338680_camera1-20.jpg 83 1274.86 979.01 1119.49 720.06 310.74 517.9
6956367338680_camera1-21.jpg 83 1271.18 977.38 1119.27 720.53 303.83 513.7
6956367338680_camera1-22.jpg 83 1266.98 979.65 1113.54 719.09 306.88 521.12
6956367338680_camera1-26.jpg 83 1258.49 976.73 1107.71 719.57 301.56 514.32
6956367338680_camera1-27.jpg 83 1258.75 977.55 1103.88 723.22 309.73 508.66
6956367338680_camera1-25.jpg 83 1263.6 979.01 1110.48 717.81 306.24 522.4
6956367338680_camera1-28.jpg 83 1256.27 980.53 1110.12 726.15 292.31 508.77
6956367338680_camera1-24.jpg 83 1265.64 975.88 1116.06 720.43 299.17 510.89
6956367338680_camera1-23.jpg 83 1265.85 979.0 1108.23 715.55 315.24 526.91
6956367338680_camera1-29.jpg 83 1254.79 977.55 1103.7 721.78 302.18 511.54
6956367338680_camera1-2.jpg 83 1260.22 997.98 1107.75 734.53 304.95 526.91
6956367338680_camera1-32.jpg 83 1253.86 980.89 1103.08 724.66 301.56 512.47
6956367338680_camera1-31.jpg 83 1254.6 986.89 1103.73 720.06 301.73 533.66
6956367338680_camera1-30.jpg 83 1251.14 981.26 1095.74 725.95 310.81 510.62
6956367338680_camera1-35.jpg 83 1252.5 987.37 1098.1 722.95 308.81 528.84
6956367338680_camera1-34.jpg 83 1252.48 985.53 1101.7 727.44 301.56 516.17
6956367338680_camera1-36.jpg 83 1252.35 988.01 1101.48 724.56 301.73 526.91
6956367338680_camera1-33.jpg 83 1256.28 985.77 1105.93 725.34 300.7 520.86
6956367338680_camera1-40.jpg 83 1260.09 991.53 1110.23 734.37 299.71 514.32
6956367338680_camera1-3.jpg 83 1263.12 997.02 1109.68 732.6 306.88 528.84
6956367338680_camera1-37.jpg 83 1250.6 988.41 1095.39 724.04 310.41 528.75
6956367338680_camera1-5.jpg 83 1265.38 991.43 1111.82 734.27 307.11 514.32
6956367338680_camera1-38.jpg 83 1259.1 993.64 1105.98 729.06 306.24 529.16
6956367338680_camera1-39.jpg 83 1257.46 993.23 1102.15 733.77 310.62 518.92
6956367338680_camera1-4.jpg 83 1265.58 992.87 1114.8 739.41 301.56 506.92
6956367338680_camera1-7.jpg 83 1272.52 992.25 1123.59 735.09 297.86 514.32
6956367338680_camera1-9.jpg 83 1276.63 991.23 1125.12 728.74 303.02 524.98
6956367338680_camera1-6.jpg 83 1271.8 996.06 1119.33 732.6 304.95 526.91
6956367338680_camera1-8.jpg 83 1274.17 991.41 1126.7 735.31 294.95 512.2
6956367338680_camera2-10.jpg 83 1268.91 828.14 1123.19 686.28 291.44 283.72
6956367338680_camera2-13.jpg 83 1263.63 826.52 1122.1 684.99 283.06 283.06
6956367338680_camera2-11.jpg 83 1268.11 829.18 1126.25 686.28 283.72 285.8
6956367338680_camera2-12.jpg 83 1266.13 827.96 1128.85 687.28 274.56 281.36
6956367338680_camera2-15.jpg 83 1260.64 826.74 1118.12 686.05 285.04 281.39
6956367338680_camera2-14.jpg 83 1259.38 828.4 1118.25 690.44 282.27 275.92
6956367338680_camera2-20.jpg 83 1249.72 830.41 1107.2 686.32 285.04 288.17
6956367338680_camera2-21.jpg 83 1250.3 834.77 1112.34 696.81 275.92 275.92
6956367338680_camera2-19.jpg 83 1251.82 840.14 1109.54 690.42 284.55 299.44
6956367338680_camera2-18.jpg 83 1255.45 831.25 1117.49 692.49 275.92 277.51
6956367338680_camera2-17.jpg 83 1258.3 837.79 1117.4 686.28 281.79 303.02
6956367338680_camera2-1.jpg 83 1273.21 845.06 1132.26 704.1 281.91 281.91
6956367338680_camera2-16.jpg 83 1256.58 826.26 1118.62 686.26 275.92 280.0
6956367338680_camera2-24.jpg 83 1247.68 849.37 1105.82 699.79 283.72 299.16
6956367338680_camera2-23.jpg 83 1247.78 836.79 1109.82 699.51 275.92 274.56
6956367338680_camera2-22.jpg 83 1252.51 845.51 1107.75 692.07 289.51 306.88
6956367338680_camera2-25.jpg 83 1251.71 843.82 1110.76 704.43 281.91 278.78
6956367338680_camera2-28.jpg 83 1252.2 847.88 1115.39 708.58 273.62 278.61
6956367338680_camera2-26.jpg 83 1249.61 850.34 1107.75 705.58 283.72 289.51
6956367338680_camera2-2.jpg 83 1274.86 847.27 1135.25 702.04 279.22 290.47
6956367338680_camera2-29.jpg 83 1252.5 854.2 1111.61 705.58 281.79 297.23
6956367338680_camera2-27.jpg 83 1246.86 851.71 1104.58 703.65 284.55 296.13
6956367338680_camera2-34.jpg 83 1260.91 856.68 1121.12 713.58 279.58 286.2
6956367338680_camera2-31.jpg 83 1255.94 855.85 1114.5 710.27 282.89 291.16
6956367338680_camera2-30.jpg 83 1255.4 856.31 1115.47 711.37 279.86 289.88
6956367338680_camera2-33.jpg 83 1258.75 856.97 1119.59 712.33 278.33 289.27
6956367338680_camera2-32.jpg 83 1258.44 858.33 1116.16 711.92 284.55 292.82
6956367338680_camera2-35.jpg 83 1264.22 856.56 1124.55 713.34 279.35 286.44
6956367338680_camera2-36.jpg 83 1267.06 855.14 1124.55 710.51 285.02 289.27
6956367338680_camera2-37.jpg 83 1269.19 852.47 1128.85 711.33 280.68 282.27
6956367338680_camera2-38.jpg 83 1269.33 847.25 1128.18 707.47 282.3 279.56
6956367338680_camera2-39.jpg 83 1270.21 848.69 1131.06 708.35 278.3 280.68
6956367338680_camera2-3.jpg 83 1276.63 845.92 1137.67 702.0 277.93 287.85
6956367338680_camera2-5.jpg 83 1273.03 838.35 1132.64 699.71 280.78 277.28
6956367338680_camera2-40.jpg 83 1272.64 846.02 1132.0 703.3 281.29 285.45
6956367338680_camera2-4.jpg 83 1275.5 839.57 1133.97 699.89 283.06 279.36
6956367338680_camera3-10.jpg 83 1389.76 1214.85 1240.25 934.17 299.03 561.36
6956367338680_camera2-7.jpg 83 1275.59 832.41 1134.06 694.34 283.06 276.15
6956367338680_camera2-8.jpg 83 1271.67 833.52 1129.39 690.42 284.55 286.2
6956367338680_camera2-6.jpg 83 1273.61 836.61 1134.97 697.38 277.28 278.45
6956367338680_camera3-13.jpg 83 1390.84 1210.67 1237.36 931.11 306.97 559.12
6956367338680_camera2-9.jpg 83 1270.84 836.83 1131.05 692.07 279.58 289.51
6956367338680_camera3-12.jpg 83 1392.66 1207.61 1239.18 927.27 306.97 560.68
6956367338680_camera3-11.jpg 83 1391.9 1213.85 1243.75 933.17 296.31 561.36
6956367338680_camera3-14.jpg 83 1390.79 1213.18 1236.93 928.64 307.71 569.09
6956367338680_camera3-15.jpg 83 1386.07 1213.33 1226.92 923.96 318.3 578.73
6956367338680_camera3-16.jpg 83 1386.32 1213.18 1234.33 931.72 303.98 562.93
6956367338680_camera3-17.jpg 83 1387.38 1205.43 1224.29 916.07 326.19 578.73
6956367338680_camera3-19.jpg 83 1384.66 1209.87 1231.18 929.53 306.97 560.68
6956367338680_camera3-18.jpg 83 1385.99 1210.41 1237.06 932.9 297.86 555.02
6956367338680_camera3-1.jpg 83 1374.24 1212.01 1216.4 918.7 315.67 586.62
6956367338680_camera3-20.jpg 83 1381.81 1209.33 1229.34 927.54 304.95 563.58
6956367338680_camera3-23.jpg 83 1379.3 1213.8 1227.6 935.36 303.41 556.87
6956367338680_camera3-26.jpg 83 1368.62 1211.23 1216.7 934.02 303.83 554.42
6956367338680_camera3-27.jpg 83 1369.27 1211.26 1215.83 929.47 306.88 563.58
6956367338680_camera3-22.jpg 83 1374.24 1209.38 1211.14 929.23 326.19 560.31
6956367338680_camera3-21.jpg 83 1382.95 1210.2 1231.25 932.69 303.41 555.02
6956367338680_camera3-24.jpg 83 1370.43 1209.97 1216.94 930.41 306.97 559.12
6956367338680_camera3-29.jpg 83 1363.48 1214.15 1208.11 931.4 310.74 565.51
6956367338680_camera3-28.jpg 83 1363.72 1213.33 1205.88 923.96 315.67 578.73
6956367338680_camera3-25.jpg 83 1371.43 1211.75 1221.58 935.82 299.71 551.85
6956367338680_camera3-2.jpg 83 1377.95 1218.98 1223.55 935.26 308.81 567.44
6956367338680_camera3-30.jpg 83 1367.61 1212.65 1210.99 932.31 313.23 560.68
6956367338680_camera3-33.jpg 83 1365.03 1218.6 1211.14 931.86 307.78 573.47
6956367338680_camera3-31.jpg 83 1366.01 1212.76 1210.39 929.24 311.23 567.03
6956367338680_camera3-32.jpg 83 1365.41 1216.09 1210.04 931.4 310.74 569.37
6956367338680_camera3-36.jpg 83 1370.01 1217.04 1219.23 936.75 301.56 560.57
6956367338680_camera3-34.jpg 83 1368.3 1217.69 1214.06 931.72 308.49 571.94
6956367338680_camera3-35.jpg 83 1366.32 1214.58 1212.84 932.67 306.97 563.82
6956367338680_camera3-3.jpg 83 1378.71 1218.24 1228.86 936.76 299.71 562.95
6956367338680_camera3-6.jpg 83 1387.38 1219.91 1226.92 931.86 320.93 576.1
6956367338680_camera3-38.jpg 83 1370.55 1219.94 1216.31 933.97 308.49 571.94
6956367338680_camera3-37.jpg 83 1371.26 1219.14 1220.61 937.67 301.3 562.95
6956367338680_camera3-39.jpg 83 1374.01 1217.3 1222.31 933.31 303.41 567.97
6956367338680_camera3-40.jpg 83 1372.92 1213.33 1211.14 923.96 323.56 578.73
6956367338680_camera3-5.jpg 83 1383.74 1218.02 1229.34 933.33 308.81 569.37
6956367338680_camera3-4.jpg 83 1381.05 1217.78 1229.61 935.52 302.88 564.53
6956367338680_camera3-7.jpg 83 1386.07 1222.54 1229.55 931.86 313.04 581.36
6956367338680_camera3-8.jpg 83 1386.64 1219.95 1233.2 933.33 306.88 573.23
6956367338680_camera3-9.jpg 83 1391.05 1216.84 1237.56 929.97 306.97 573.73
