6921168593576_camera0-10.jpg 84 1436.05 925.28 1274.27 516.22 323.56 818.11
6921168593576_camera0-13.jpg 84 1440.24 925.19 1269.89 520.97 340.7 808.44
6921168593576_camera0-14.jpg 84 1427.47 925.65 1253.38 513.64 348.18 824.02
6921168593576_camera0-11.jpg 84 1429.47 923.96 1269.01 516.22 320.93 815.48
6921168593576_camera0-12.jpg 84 1431.23 920.89 1275.11 519.25 312.25 803.28
6921168593576_camera0-15.jpg 84 1428.16 921.33 1255.86 516.22 344.61 810.22
6921168593576_camera0-17.jpg 84 1422.97 921.88 1245.88 521.51 354.17 800.74
6921168593576_camera0-18.jpg 84 1415.87 914.04 1235.97 507.83 359.79 812.42
6921168593576_camera0-16.jpg 84 1427.46 924.67 1252.45 519.25 350.02 810.84
6921168593576_camera0-19.jpg 84 1404.48 921.33 1237.44 516.22 334.08 810.22
6921168593576_camera0-20.jpg 84 1407.32 924.67 1252.45 524.29 309.73 800.77
6921168593576_camera0-21.jpg 84 1403.16 918.7 1245.33 513.59 315.67 810.22
6921168593576_camera0-1.jpg 84 1401.15 921.08 1239.46 516.86 323.38 808.44
6921168593576_camera0-22.jpg 84 1406.06 922.15 1244.9 519.25 322.32 805.8
6921168593576_camera0-24.jpg 84 1401.35 922.75 1224.36 513.64 353.98 818.22
6921168593576_camera0-23.jpg 84 1401.02 919.64 1237.34 526.81 327.36 785.66
6921168593576_camera0-29.jpg 84 1378.15 918.85 1208.21 517.93 339.88 801.84
6921168593576_camera0-26.jpg 84 1391.34 918.71 1208.51 518.86 365.65 799.7
6921168593576_camera0-28.jpg 84 1382.13 920.89 1212.16 521.77 339.95 798.25
6921168593576_camera0-25.jpg 84 1392.65 919.85 1212.76 513.64 359.79 812.42
6921168593576_camera0-32.jpg 84 1376.87 923.97 1208.51 518.86 336.71 810.22
6921168593576_camera0-31.jpg 84 1377.44 921.92 1224.71 523.12 305.46 797.6
6921168593576_camera0-27.jpg 84 1380.87 922.15 1207.12 524.29 347.5 795.73
6921168593576_camera0-33.jpg 84 1381.05 928.56 1206.96 513.64 348.18 829.83
6921168593576_camera0-35.jpg 84 1382.39 921.91 1204.91 517.46 354.96 808.91
6921168593576_camera0-34.jpg 84 1379.62 922.15 1212.16 524.29 334.91 795.73
6921168593576_camera0-30.jpg 84 1378.18 920.03 1211.14 518.86 334.08 802.33
6921168593576_camera0-2.jpg 84 1409.74 926.59 1245.33 513.59 328.82 826.0
6921168593576_camera0-36.jpg 84 1382.13 917.12 1207.12 511.7 350.02 810.84
6921168593576_camera0-38.jpg 84 1390.17 922.62 1214.81 523.12 350.72 799.01
6921168593576_camera0-37.jpg 84 1386.08 921.33 1208.51 516.22 355.13 810.22
6921168593576_camera0-40.jpg 84 1392.21 915.86 1232.31 509.18 319.8 813.36
6921168593576_camera0-3.jpg 84 1412.96 919.85 1241.77 502.03 342.38 835.63
6921168593576_camera0-39.jpg 84 1389.46 921.21 1221.88 513.22 335.16 815.98
6921168593576_camera0-4.jpg 84 1412.35 925.93 1239.86 519.25 344.98 813.36
6921168593576_camera0-7.jpg 84 1420.27 918.7 1237.44 508.33 365.65 820.74
6921168593576_camera0-5.jpg 84 1419.91 922.15 1242.38 519.25 355.06 805.8
6921168593576_camera0-8.jpg 84 1424.81 919.09 1247.33 513.22 354.96 811.74
6921168593576_camera1-12.jpg 84 1284.8 901.61 1113.81 534.64 341.98 733.93
6921168593576_camera0-6.jpg 84 1418.65 919.64 1242.38 511.7 352.54 815.88
6921168593576_camera1-10.jpg 84 1288.2 905.34 1119.91 531.05 336.57 748.58
6921168593576_camera1-13.jpg 84 1289.76 899.29 1121.47 533.02 336.58 732.55
6921168593576_camera1-11.jpg 84 1287.42 895.03 1121.7 534.64 331.45 720.78
6921168593576_camera0-9.jpg 84 1427.46 924.67 1257.49 519.25 339.95 810.84
6921168593576_camera1-14.jpg 84 1290.05 893.72 1105.91 521.49 368.28 744.45
6921168593576_camera1-15.jpg 84 1290.22 891.94 1113.95 526.81 352.54 730.26
6921168593576_camera1-17.jpg 84 1279.5 885.03 1096.7 513.64 365.59 742.78
6921168593576_camera1-18.jpg 84 1269.01 881.88 1098.02 521.49 341.98 720.78
6921168593576_camera1-20.jpg 84 1267.57 871.8 1111.44 511.7 312.25 720.19
6921168593576_camera1-16.jpg 84 1285.3 890.84 1102.5 513.64 365.59 754.39
6921168593576_camera1-23.jpg 84 1254.4 883.03 1081.87 518.88 345.06 728.3
6921168593576_camera1-19.jpg 84 1268.82 878.09 1106.4 519.25 324.84 717.67
6921168593576_camera1-22.jpg 84 1259.8 885.82 1084.87 516.22 349.87 739.19
6921168593576_camera1-21.jpg 84 1271.34 875.58 1108.92 516.74 324.84 717.67
6921168593576_camera1-25.jpg 84 1242.7 881.87 1063.82 510.96 357.76 741.82
6921168593576_camera1-26.jpg 84 1245.92 885.86 1070.56 511.81 350.72 748.1
6921168593576_camera1-1.jpg 84 1259.18 916.94 1096.7 542.65 324.97 748.58
6921168593576_camera1-24.jpg 84 1253.71 885.64 1073.66 516.74 360.09 737.81
6921168593576_camera1-28.jpg 84 1237.08 890.8 1066.32 526.18 341.52 729.25
6921168593576_camera1-27.jpg 84 1244.9 889.42 1068.63 516.74 352.54 745.37
6921168593576_camera1-31.jpg 84 1242.7 896.35 1074.35 524.12 336.71 744.45
6921168593576_camera1-2.jpg 84 1266.42 919.09 1096.01 554.23 340.82 729.72
6921168593576_camera1-30.jpg 84 1241.12 889.42 1083.74 526.81 314.77 725.22
6921168593576_camera1-29.jpg 84 1237.34 884.38 1073.66 524.29 327.36 720.19
6921168593576_camera1-32.jpg 84 1238.87 899.53 1061.88 525.24 353.98 748.58
6921168593576_camera1-35.jpg 84 1240.67 914.85 1061.27 543.32 358.8 743.05
6921168593576_camera1-33.jpg 84 1239.86 908.31 1061.07 536.88 357.58 742.85
6921168593576_camera1-34.jpg 84 1238.75 908.18 1053.3 537.27 370.91 741.82
6921168593576_camera1-3.jpg 84 1267.33 920.3 1098.84 555.44 336.98 729.72
6921168593576_camera1-36.jpg 84 1241.12 910.83 1063.59 539.4 355.06 742.85
6921168593576_camera1-37.jpg 84 1246.64 913.44 1066.45 542.53 360.39 741.82
6921168593576_camera1-38.jpg 84 1247.33 912.72 1079.04 551.4 336.58 722.65
6921168593576_camera1-39.jpg 84 1247.58 914.04 1073.49 542.65 348.18 742.78
6921168593576_camera1-6.jpg 84 1281.4 918.38 1101.36 549.47 360.09 737.81
6921168593576_camera1-40.jpg 84 1256.22 912.08 1101.36 546.95 309.73 730.26
6921168593576_camera1-7.jpg 84 1274.27 913.44 1087.5 539.9 373.54 747.09
6921168593576_camera1-5.jpg 84 1278.44 921.91 1098.84 554.23 359.2 735.37
6921168593576_camera1-4.jpg 84 1267.69 914.76 1084.87 539.9 365.65 749.72
6921168593576_camera1-8.jpg 84 1286.45 910.82 1111.44 541.92 350.02 737.81
6921168593576_camera2-10.jpg 84 1269.76 817.88 1123.09 660.9 293.34 313.95
6921168593576_camera2-12.jpg 84 1262.08 818.3 1108.3 647.11 307.56 342.38
6921168593576_camera1-9.jpg 84 1282.16 909.49 1111.17 542.53 341.98 733.93
6921168593576_camera2-11.jpg 84 1266.25 812.22 1123.53 660.78 285.44 302.88
6921168593576_camera2-15.jpg 84 1257.17 817.42 1084.87 639.86 344.61 355.13
6921168593576_camera2-13.jpg 84 1259.19 819.35 1103.86 653.63 310.66 331.44
6921168593576_camera2-14.jpg 84 1259.8 825.32 1090.13 642.49 339.34 365.65
6921168593576_camera2-16.jpg 84 1249.29 820.06 1076.98 637.23 344.61 365.65
6921168593576_camera2-21.jpg 84 1236.4 837.0 1090.8 678.04 291.21 317.93
6921168593576_camera2-17.jpg 84 1242.32 819.2 1071.61 654.76 341.42 328.89
6921168593576_camera2-22.jpg 84 1241.39 838.47 1079.61 671.43 323.56 334.08
6921168593576_camera2-1.jpg 84 1283.03 842.7 1131.12 689.21 303.83 306.97
6921168593576_camera2-18.jpg 84 1242.7 830.59 1079.61 655.65 326.19 349.87
6921168593576_camera2-20.jpg 84 1237.44 833.21 1079.61 668.8 315.67 328.82
6921168593576_camera2-19.jpg 84 1238.79 831.96 1086.5 673.44 304.57 317.04
6921168593576_camera2-23.jpg 84 1238.76 843.73 1069.09 666.17 339.35 355.13
6921168593576_camera2-26.jpg 84 1243.99 854.96 1076.71 684.05 334.55 341.83
6921168593576_camera2-28.jpg 84 1249.28 858.2 1090.13 695.1 318.3 326.19
6921168593576_camera2-25.jpg 84 1237.92 848.79 1067.43 671.65 340.98 354.29
6921168593576_camera2-31.jpg 84 1254.97 857.94 1108.92 708.11 292.1 299.66
6921168593576_camera2-24.jpg 84 1238.76 850.31 1069.09 674.06 339.35 352.5
6921168593576_camera2-27.jpg 84 1244.05 854.37 1082.17 692.49 323.76 323.76
6921168593576_camera2-29.jpg 84 1251.95 857.89 1101.89 706.94 300.12 301.9
6921168593576_camera2-32.jpg 84 1259.77 859.92 1108.07 703.59 303.41 312.66
6921168593576_camera2-36.jpg 84 1276.18 855.12 1108.76 690.36 334.85 329.51
6921168593576_camera2-34.jpg 84 1272.72 859.0 1104.37 694.34 336.71 329.31
6921168593576_camera2-35.jpg 84 1275.59 859.52 1098.02 679.32 355.13 360.39
6921168593576_camera2-33.jpg 84 1265.97 858.4 1106.6 697.44 318.74 321.91
6921168593576_camera2-2.jpg 84 1286.69 836.18 1134.4 683.13 304.57 306.1
6921168593576_camera2-30.jpg 84 1258.49 866.1 1105.91 708.26 305.15 315.67
6921168593576_camera2-37.jpg 84 1279.75 853.45 1113.74 689.01 332.02 328.89
6921168593576_camera2-38.jpg 84 1284.06 846.25 1127.07 690.05 313.98 312.4
6921168593576_camera2-39.jpg 84 1283.48 845.05 1121.7 676.69 323.56 336.71
6921168593576_camera2-4.jpg 84 1282.67 834.02 1121.51 667.82 322.32 332.39
6921168593576_camera2-6.jpg 84 1280.85 827.94 1100.65 647.75 360.39 360.39
6921168593576_camera2-7.jpg 84 1276.55 818.56 1110.84 657.6 331.42 321.91
6921168593576_camera2-3.jpg 84 1288.01 833.43 1124.23 671.0 327.55 324.86
6921168593576_camera2-9.jpg 84 1270.32 817.42 1103.28 653.01 334.08 328.82
6921168593576_camera2-40.jpg 84 1284.2 841.17 1138.15 694.67 292.1 293.0
6921168593576_camera2-5.jpg 84 1284.48 824.9 1120.36 659.19 328.25 331.42
6921168593576_camera3-10.jpg 84 1405.87 1096.62 1247.23 683.29 317.28 826.67
6921168593576_camera2-8.jpg 84 1275.89 814.45 1118.26 653.7 315.26 321.49
6921168593576_camera3-14.jpg 84 1397.61 1091.34 1223.7 681.55 347.81 819.58
6921168593576_camera3-11.jpg 84 1407.29 1095.94 1236.53 681.82 341.52 828.24
6921168593576_camera3-13.jpg 84 1404.18 1094.66 1226.94 674.41 354.47 840.5
6921168593576_camera3-12.jpg 84 1397.91 1087.07 1213.77 663.54 368.28 847.05
6921168593576_camera3-15.jpg 84 1396.88 1094.11 1220.97 680.77 351.82 826.67
6921168593576_camera3-16.jpg 84 1395.82 1093.03 1222.58 680.8 346.47 824.47
6921168593576_camera3-17.jpg 84 1380.8 1089.69 1200.61 674.06 360.39 831.26
6921168593576_camera3-18.jpg 84 1383.57 1090.87 1227.09 682.93 312.97 815.88
6921168593576_camera3-1.jpg 84 1378.17 1101.53 1203.24 676.69 349.87 849.68
6921168593576_camera3-19.jpg 84 1380.88 1089.61 1224.62 677.37 312.53 824.47
6921168593576_camera3-21.jpg 84 1374.71 1088.92 1205.57 675.46 338.29 826.93
6921168593576_camera3-20.jpg 84 1380.34 1088.72 1216.3 679.7 328.08 818.03
6921168593576_camera3-22.jpg 84 1363.71 1088.38 1182.2 668.8 363.02 839.16
6921168593576_camera3-23.jpg 84 1364.51 1097.16 1186.98 682.93 355.06 828.47
6921168593576_camera3-24.jpg 84 1362.47 1097.87 1185.11 684.57 354.72 826.59
6921168593576_camera3-25.jpg 84 1357.13 1094.95 1174.31 668.8 365.65 852.31
6921168593576_camera3-26.jpg 84 1354.02 1093.86 1183.82 681.29 340.41 825.13
6921168593576_camera3-27.jpg 84 1348.82 1091.89 1177.06 675.3 343.51 833.19
6921168593576_camera3-28.jpg 84 1350.23 1094.88 1188.31 684.06 323.85 821.64
6921168593576_camera3-29.jpg 84 1355.82 1088.38 1192.72 668.8 326.19 839.16
6921168593576_camera3-30.jpg 84 1355.15 1094.47 1196.51 675.74 317.29 837.46
6921168593576_camera3-2.jpg 84 1383.43 1104.16 1197.98 674.06 370.91 860.2
6921168593576_camera3-31.jpg 84 1354.27 1104.63 1184.33 685.56 339.88 838.14
6921168593576_camera3-33.jpg 84 1352.74 1099.91 1177.91 681.8 349.66 836.23
6921168593576_camera3-32.jpg 84 1353.68 1100.03 1174.62 673.34 358.13 853.38
6921168593576_camera3-34.jpg 84 1353.19 1102.85 1169.05 674.06 368.28 857.57
6921168593576_camera3-35.jpg 84 1357.12 1104.98 1175.56 680.29 363.13 849.38
6921168593576_camera3-36.jpg 84 1356.34 1102.54 1183.36 687.2 345.96 830.68
6921168593576_camera3-37.jpg 84 1358.45 1105.47 1184.83 681.95 347.24 847.05
6921168593576_camera3-3.jpg 84 1384.34 1103.93 1205.81 683.04 357.06 841.78
6921168593576_camera3-39.jpg 84 1369.84 1103.99 1209.8 683.27 320.08 841.44
6921168593576_camera3-38.jpg 84 1363.7 1101.53 1195.35 679.32 336.71 844.42
6921168593576_camera3-40.jpg 84 1377.1 1102.2 1217.2 682.93 319.8 838.54
6921168593576_camera3-6.jpg 84 1393.97 1102.85 1211.14 674.06 365.65 857.57
6921168593576_camera3-4.jpg 84 1392.76 1102.47 1207.5 678.21 370.52 848.51
6921168593576_camera3-8.jpg 84 1397.24 1100.94 1234.82 680.41 324.84 841.06
6921168593576_camera3-9.jpg 84 1398.51 1095.9 1242.38 680.41 312.25 830.98
6921168593576_camera3-5.jpg 84 1395.72 1106.41 1215.88 683.22 359.67 846.39
6921168593576_camera3-7.jpg 84 1396.57 1100.89 1222.51 683.47 348.12 834.84
