6921168593736_camera0-10.jpg 85 1415.71 924.05 1249.07 520.66 333.28 806.79
6921168593736_camera0-11.jpg 85 1418.72 921.42 1255.38 513.07 326.68 816.69
6921168593736_camera0-14.jpg 85 1426.74 923.95 1251.91 520.33 349.66 807.24
6921168593736_camera0-16.jpg 85 1426.85 922.65 1250.6 524.12 352.5 797.07
6921168593736_camera0-12.jpg 85 1423.5 924.37 1259.77 521.05 327.46 806.63
6921168593736_camera0-15.jpg 85 1424.21 923.97 1242.7 521.49 363.02 804.96
6921168593736_camera0-13.jpg 85 1428.46 923.8 1249.45 522.88 358.02 801.84
6921168593736_camera0-20.jpg 85 1421.58 920.02 1261.12 516.22 320.93 807.59
6921168593736_camera0-1.jpg 85 1385.56 924.62 1226.35 522.88 318.43 803.49
6921168593736_camera0-22.jpg 85 1423.25 924.81 1259.91 525.99 326.67 797.64
6921168593736_camera0-17.jpg 85 1428.15 926.6 1240.07 529.38 376.17 794.44
6921168593736_camera0-25.jpg 85 1410.22 920.29 1232.86 521.02 354.72 798.54
6921168593736_camera0-19.jpg 85 1422.9 926.6 1261.12 521.49 323.56 810.22
6921168593736_camera0-23.jpg 85 1419.8 926.52 1252.37 531.54 334.86 789.97
6921168593736_camera0-24.jpg 85 1416.09 926.28 1237.9 521.23 356.37 810.09
6921168593736_camera0-21.jpg 85 1424.21 929.23 1263.75 524.12 320.93 810.22
6921168593736_camera0-18.jpg 85 1420.74 925.12 1247.51 521.72 346.47 806.79
6921168593736_camera0-27.jpg 85 1401.86 921.34 1221.66 529.38 360.39 783.91
6921168593736_camera0-2.jpg 85 1392.17 924.77 1226.63 521.51 331.08 806.52
6921168593736_camera0-26.jpg 85 1406.24 923.95 1233.26 527.12 345.96 793.67
6921168593736_camera0-29.jpg 85 1395.27 923.96 1234.81 534.64 320.93 778.65
6921168593736_camera0-34.jpg 85 1382.13 925.28 1208.51 529.38 347.24 791.81
6921168593736_camera0-36.jpg 85 1379.36 922.84 1203.65 521.92 351.42 801.84
6921168593736_camera0-38.jpg 85 1375.56 922.65 1205.88 521.49 339.35 802.33
6921168593736_camera0-37.jpg 85 1381.38 923.68 1210.99 527.86 340.78 791.65
6921168593736_camera0-39.jpg 85 1379.1 925.61 1219.07 525.99 320.06 799.23
6921168593736_camera0-3.jpg 85 1392.65 918.7 1219.03 510.96 347.24 815.48
6921168593736_camera0-35.jpg 85 1378.17 930.55 1195.35 529.38 365.65 802.33
6921168593736_camera0-40.jpg 85 1381.88 923.76 1230.17 520.44 303.41 806.63
6921168593736_camera0-5.jpg 85 1393.2 924.65 1215.02 517.96 356.37 813.39
6921168593736_camera0-33.jpg 85 1386.07 923.97 1216.4 524.12 339.34 799.7
6921168593736_camera0-4.jpg 85 1390.23 925.34 1216.53 519.06 347.41 812.56
6921168593736_camera0-7.jpg 85 1399.6 926.28 1219.76 519.58 359.67 813.39
6921168593736_camera0-6.jpg 85 1401.86 929.23 1219.03 521.49 365.65 815.48
6921168593736_camera0-9.jpg 85 1410.19 924.32 1248.31 522.85 323.76 802.93
6921168593736_camera1-11.jpg 85 1284.1 908.96 1112.51 545.98 343.17 725.95
6921168593736_camera1-15.jpg 85 1288.73 900.29 1108.54 539.9 360.39 720.78
6921168593736_camera1-18.jpg 85 1286.04 891.47 1121.38 532.56 329.31 717.82
6921168593736_camera1-12.jpg 85 1278.45 904.95 1103.09 540.09 350.72 729.72
6921168593736_camera1-13.jpg 85 1283.47 913.44 1098.02 547.79 370.91 731.3
6921168593736_camera0-8.jpg 85 1408.39 924.67 1241.12 517.81 334.55 813.72
6921168593736_camera1-14.jpg 85 1286.93 913.43 1107.33 548.57 359.2 729.72
6921168593736_camera1-16.jpg 85 1282.16 906.87 1100.65 545.16 363.02 723.41
6921168593736_camera1-10.jpg 85 1277.45 911.0 1117.73 551.63 319.44 718.75
6921168593736_camera1-17.jpg 85 1286.93 897.88 1114.4 537.26 345.06 721.23
6921168593736_camera1-1.jpg 85 1250.6 909.49 1082.24 550.42 336.71 718.15
6921168593736_camera1-19.jpg 85 1286.92 886.16 1131.13 528.16 311.57 716.01
6921168593736_camera1-21.jpg 85 1282.69 886.56 1114.4 527.36 336.58 718.4
6921168593736_camera1-22.jpg 85 1279.53 887.14 1103.28 526.75 352.5 720.78
6921168593736_camera1-20.jpg 85 1285.51 887.27 1129.95 530.19 311.12 714.16
6921168593736_camera1-26.jpg 85 1261.12 889.77 1079.61 524.12 363.02 731.3
6921168593736_camera1-25.jpg 85 1269.06 886.72 1092.21 523.31 353.69 726.83
6921168593736_camera1-2.jpg 85 1245.92 909.19 1073.39 545.75 345.06 726.89
6921168593736_camera1-24.jpg 85 1272.77 887.98 1092.8 520.33 359.95 735.3
6921168593736_camera1-23.jpg 85 1275.62 883.3 1098.29 518.15 354.65 730.31
6921168593736_camera1-31.jpg 85 1249.07 883.5 1081.67 518.38 334.79 730.24
6921168593736_camera1-29.jpg 85 1250.86 879.49 1094.6 521.7 312.53 715.58
6921168593736_camera1-30.jpg 85 1250.5 879.8 1097.68 520.05 305.63 719.5
6921168593736_camera1-28.jpg 85 1256.0 878.44 1094.25 522.32 323.5 712.23
6921168593736_camera1-34.jpg 85 1236.72 896.46 1053.59 533.02 366.27 726.89
6921168593736_camera1-27.jpg 85 1259.12 878.82 1091.82 524.4 334.6 708.84
6921168593736_camera1-37.jpg 85 1238.14 899.29 1064.9 540.09 346.47 718.4
6921168593736_camera1-35.jpg 85 1235.88 900.93 1057.35 532.77 357.06 736.32
6921168593736_camera1-40.jpg 85 1243.79 906.36 1081.87 548.57 323.85 715.58
6921168593736_camera1-6.jpg 85 1259.11 921.08 1079.96 556.31 358.29 729.54
6921168593736_camera1-5.jpg 85 1253.7 920.5 1073.39 554.23 360.62 732.55
6921168593736_camera1-39.jpg 85 1237.7 903.39 1082.3 546.6 310.81 713.59
6921168593736_camera1-38.jpg 85 1237.27 900.52 1072.08 537.51 330.39 726.02
6921168593736_camera1-3.jpg 85 1251.66 917.99 1078.02 557.23 347.28 721.52
6921168593736_camera1-7.jpg 85 1262.77 918.89 1089.13 556.55 347.28 724.69
6921168593736_camera1-4.jpg 85 1249.89 916.15 1067.03 550.43 365.72 731.45
6921168593736_camera2-11.jpg 85 1279.58 825.91 1127.86 662.84 303.45 326.14
6921168593736_camera2-13.jpg 85 1273.81 815.74 1111.38 652.63 324.86 326.21
6921168593736_camera2-14.jpg 85 1269.76 817.88 1102.48 649.99 334.55 335.77
6921168593736_camera1-8.jpg 85 1267.53 915.41 1099.62 556.42 335.83 717.98
6921168593736_camera2-12.jpg 85 1277.69 818.45 1122.06 660.1 311.26 316.7
6921168593736_camera1-9.jpg 85 1271.88 913.13 1113.06 554.97 317.63 716.33
6921168593736_camera2-10.jpg 85 1282.25 823.17 1137.15 678.87 290.19 288.61
6921168593736_camera2-15.jpg 85 1265.64 814.74 1096.19 646.7 338.9 336.07
6921168593736_camera2-21.jpg 85 1247.26 823.43 1096.97 664.4 300.58 318.06
6921168593736_camera2-16.jpg 85 1262.1 813.32 1096.19 646.7 331.81 333.23
6921168593736_camera2-25.jpg 85 1238.67 831.0 1073.53 665.85 330.29 330.29
6921168593736_camera2-18.jpg 85 1255.95 820.28 1101.27 657.33 309.36 325.9
6921168593736_camera2-17.jpg 85 1259.34 813.01 1100.31 651.94 318.06 322.14
6921168593736_camera2-23.jpg 85 1241.06 828.56 1074.8 657.33 332.52 342.45
6921168593736_camera2-19.jpg 85 1253.23 819.12 1108.47 665.53 289.52 307.19
6921168593736_camera2-22.jpg 85 1243.66 826.07 1083.43 655.2 320.47 341.74
6921168593736_camera2-24.jpg 85 1236.91 828.08 1069.61 660.78 334.6 334.6
6921168593736_camera2-20.jpg 85 1248.12 819.79 1102.07 664.52 292.11 310.54
6921168593736_camera2-1.jpg 85 1274.04 856.13 1127.83 708.17 292.43 295.92
6921168593736_camera2-26.jpg 85 1235.56 832.04 1073.13 669.61 324.85 324.85
6921168593736_camera2-27.jpg 85 1236.1 836.0 1076.73 676.63 318.74 318.74
6921168593736_camera2-29.jpg 85 1238.75 844.7 1094.67 696.55 288.16 296.31
6921168593736_camera2-2.jpg 85 1278.69 855.5 1122.9 700.21 311.57 310.57
6921168593736_camera2-32.jpg 85 1242.48 861.5 1081.87 697.26 321.22 328.49
6921168593736_camera2-34.jpg 85 1250.37 860.9 1085.51 688.78 329.71 344.25
6921168593736_camera2-30.jpg 85 1240.02 852.13 1096.1 699.52 287.85 305.23
6921168593736_camera2-28.jpg 85 1235.21 839.08 1080.66 680.29 309.1 317.58
6921168593736_camera2-36.jpg 85 1260.76 861.11 1091.77 694.23 337.99 333.75
6921168593736_camera2-31.jpg 85 1243.66 854.43 1090.52 697.74 306.29 313.38
6921168593736_camera2-40.jpg 85 1273.74 854.15 1130.88 706.1 285.72 296.11
6921168593736_camera2-33.jpg 85 1248.62 860.81 1084.84 692.07 327.56 337.48
6921168593736_camera2-37.jpg 85 1261.16 862.29 1095.66 696.79 331.01 331.01
6921168593736_camera2-39.jpg 85 1269.25 856.15 1122.88 704.13 292.74 304.05
6921168593736_camera2-35.jpg 85 1255.82 856.67 1089.15 686.36 333.34 340.62
6921168593736_camera2-6.jpg 85 1285.17 842.72 1118.41 674.93 333.52 335.59
6921168593736_camera2-38.jpg 85 1267.26 862.24 1113.74 707.89 307.04 308.69
6921168593736_camera2-5.jpg 85 1281.88 847.57 1113.39 679.08 336.98 336.98
6921168593736_camera2-4.jpg 85 1284.3 848.8 1118.57 684.4 331.47 328.8
6921168593736_camera2-7.jpg 85 1285.52 831.81 1120.66 664.54 329.71 334.55
6921168593736_camera2-9.jpg 85 1283.49 827.35 1135.31 677.04 296.36 300.62
6921168593736_camera2-8.jpg 85 1285.69 830.77 1128.8 677.0 313.78 307.54
6921168593736_camera3-12.jpg 85 1398.65 1102.94 1219.05 684.34 359.2 837.2
6921168593736_camera2-3.jpg 85 1279.11 854.2 1114.5 690.42 329.21 327.56
6921168593736_camera3-11.jpg 85 1401.28 1102.45 1230.27 684.94 342.01 835.02
6921168593736_camera3-10.jpg 85 1395.24 1100.85 1222.83 684.25 344.82 833.19
6921168593736_camera3-14.jpg 85 1396.17 1099.83 1213.88 681.03 364.57 837.59
6921168593736_camera3-15.jpg 85 1397.28 1101.12 1215.8 686.18 362.97 829.89
6921168593736_camera3-1.jpg 85 1361.96 1101.34 1186.6 689.81 350.72 823.05
6921168593736_camera3-17.jpg 85 1395.88 1098.41 1231.39 687.72 328.98 821.38
6921168593736_camera3-16.jpg 85 1398.49 1096.49 1224.43 679.9 348.12 833.19
6921168593736_camera3-13.jpg 85 1398.16 1105.37 1220.2 685.64 355.92 839.46
6921168593736_camera3-19.jpg 85 1399.61 1092.45 1241.2 680.15 316.81 824.61
6921168593736_camera3-21.jpg 85 1384.53 1095.57 1210.59 684.05 347.89 823.05
6921168593736_camera3-20.jpg 85 1396.11 1091.95 1230.53 681.24 331.16 821.43
6921168593736_camera3-18.jpg 85 1394.37 1090.48 1235.98 683.79 316.78 813.39
6921168593736_camera3-22.jpg 85 1388.3 1093.82 1213.2 681.01 350.2 825.62
6921168593736_camera3-23.jpg 85 1385.72 1096.26 1206.83 686.14 357.79 820.23
6921168593736_camera3-25.jpg 85 1375.11 1096.32 1201.16 683.38 347.89 825.88
6921168593736_camera3-27.jpg 85 1367.23 1093.15 1207.4 685.98 319.66 814.34
6921168593736_camera3-29.jpg 85 1361.96 1089.12 1202.75 682.42 318.43 813.39
6921168593736_camera3-31.jpg 85 1358.2 1098.6 1190.16 688.09 336.07 821.02
6921168593736_camera3-2.jpg 85 1362.45 1105.98 1189.47 686.94 345.96 838.08
6921168593736_camera3-30.jpg 85 1360.88 1091.75 1194.71 683.76 332.33 815.98
6921168593736_camera3-32.jpg 85 1357.04 1098.9 1180.5 688.39 353.08 821.02
6921168593736_camera3-26.jpg 85 1371.01 1093.59 1200.24 683.59 341.53 819.99
6921168593736_camera3-33.jpg 85 1351.96 1100.95 1175.14 686.28 353.63 829.35
6921168593736_camera3-24.jpg 85 1375.4 1098.55 1191.44 686.08 367.92 824.94
6921168593736_camera3-36.jpg 85 1347.92 1096.86 1180.62 684.56 334.6 824.6
6921168593736_camera3-37.jpg 85 1346.93 1096.3 1181.12 681.35 331.63 829.89
6921168593736_camera3-28.jpg 85 1364.71 1091.21 1206.32 684.64 316.78 813.15
6921168593736_camera3-35.jpg 85 1345.17 1099.19 1167.81 684.25 354.72 829.89
6921168593736_camera3-34.jpg 85 1351.28 1101.52 1167.43 686.46 367.69 830.12
6921168593736_camera3-38.jpg 85 1352.5 1098.54 1187.92 684.69 329.15 827.69
6921168593736_camera3-4.jpg 85 1367.13 1106.63 1191.91 686.41 350.45 840.45
6921168593736_camera3-6.jpg 85 1376.47 1107.71 1206.0 689.86 340.94 835.7
6921168593736_camera3-9.jpg 85 1394.62 1101.88 1241.07 687.46 307.11 828.83
6921168593736_camera3-40.jpg 85 1361.07 1102.51 1200.12 691.01 321.91 823.01
6921168593736_camera3-39.jpg 85 1357.79 1101.15 1194.17 686.35 327.23 829.61
6921168593736_camera3-5.jpg 85 1373.88 1107.31 1190.06 682.88 367.65 848.86
6921168593736_camera3-3.jpg 85 1366.97 1108.18 1193.64 688.33 346.66 839.69
6921168593736_camera3-8.jpg 85 1385.51 1101.13 1228.82 686.37 313.38 829.53
6921168593736_camera3-7.jpg 85 1376.99 1106.08 1204.71 685.5 344.55 841.16
