6920459902387_camera0-12.jpg 86 1397.16 1012.57 1252.21 708.52 289.91 608.1
6920459902387_camera0-13.jpg 86 1399.55 1015.64 1246.07 706.85 306.97 617.59
6920459902387_camera0-11.jpg 86 1393.7 1013.84 1264.3 712.62 258.8 602.44
6920459902387_camera0-14.jpg 86 1403.16 1013.4 1247.96 692.47 310.41 641.86
6920459902387_camera0-10.jpg 86 1388.05 1016.0 1259.47 714.44 257.16 603.12
6920459902387_camera0-15.jpg 86 1400.54 1014.73 1242.7 705.63 315.67 618.19
6920459902387_camera0-16.jpg 86 1400.31 1017.03 1252.53 708.03 295.56 618.0
6920459902387_camera0-18.jpg 86 1407.07 1014.38 1268.2 698.28 277.73 632.2
6920459902387_camera0-19.jpg 86 1405.0 1018.1 1285.67 714.69 238.66 606.82
6920459902387_camera0-17.jpg 86 1403.17 1013.41 1253.23 705.63 299.89 615.56
6920459902387_camera0-23.jpg 86 1416.13 1015.32 1292.74 708.11 246.78 614.42
6920459902387_camera0-20.jpg 86 1410.68 1011.01 1299.66 701.31 222.03 619.41
6920459902387_camera0-21.jpg 86 1422.9 1014.73 1313.73 705.63 218.34 618.19
6920459902387_camera0-1.jpg 86 1396.89 1011.37 1299.76 710.27 194.26 602.19
6920459902387_camera0-22.jpg 86 1419.48 1014.6 1303.12 707.92 232.73 613.35
6920459902387_camera0-26.jpg 86 1425.53 1018.67 1271.64 710.89 307.78 615.56
6920459902387_camera0-24.jpg 86 1418.88 1016.25 1287.52 712.84 262.71 606.82
6920459902387_camera0-25.jpg 86 1421.07 1014.15 1267.59 707.19 306.97 613.93
6920459902387_camera0-2.jpg 86 1401.48 1012.43 1289.76 708.38 223.44 608.1
6920459902387_camera0-29.jpg 86 1412.82 1017.75 1282.39 718.96 260.86 597.57
6920459902387_camera0-27.jpg 86 1421.59 1013.41 1258.49 700.37 326.19 626.08
6920459902387_camera0-28.jpg 86 1416.12 1016.59 1277.63 718.19 276.99 596.8
6920459902387_camera0-30.jpg 86 1422.31 1015.53 1288.67 714.31 267.28 602.44
6920459902387_camera0-32.jpg 86 1416.32 1008.15 1276.9 700.37 278.84 615.56
6920459902387_camera0-31.jpg 86 1419.47 1011.44 1283.22 707.61 272.51 607.67
6920459902387_camera0-35.jpg 86 1410.71 1012.93 1270.37 707.67 280.68 610.52
6920459902387_camera0-34.jpg 86 1415.01 1013.41 1266.38 703.0 297.26 620.82
6920459902387_camera0-33.jpg 86 1416.43 1011.21 1270.97 709.39 290.92 603.65
6920459902387_camera0-3.jpg 86 1403.17 1009.46 1271.64 697.73 263.06 623.45
6920459902387_camera0-38.jpg 86 1398.53 1009.77 1281.97 707.29 233.11 604.97
6920459902387_camera0-36.jpg 86 1403.17 1009.46 1253.23 697.73 299.89 623.45
6920459902387_camera0-37.jpg 86 1403.93 1016.33 1270.29 709.45 267.28 613.75
6920459902387_camera0-40.jpg 86 1389.53 1012.26 1284.6 705.3 209.86 613.93
6920459902387_camera0-39.jpg 86 1396.32 1013.12 1285.31 710.63 222.01 604.97
6920459902387_camera0-7.jpg 86 1392.28 1015.99 1244.39 710.53 295.77 610.93
6920459902387_camera0-5.jpg 86 1396.12 1013.47 1253.66 709.14 284.91 608.67
6920459902387_camera0-4.jpg 86 1394.49 1011.14 1253.8 702.35 281.39 617.59
6920459902387_camera0-6.jpg 86 1392.2 1011.37 1244.2 708.88 296.01 604.97
6920459902387_camera0-9.jpg 86 1392.18 1016.66 1251.57 713.02 281.22 607.29
6920459902387_camera1-10.jpg 86 1258.49 956.85 1119.07 687.21 278.84 539.27
6920459902387_camera0-8.jpg 86 1396.55 1020.74 1253.83 716.28 285.44 608.93
6920459902387_camera1-11.jpg 86 1258.64 967.33 1115.81 698.63 285.66 537.39
6920459902387_camera1-12.jpg 86 1259.8 960.79 1108.54 679.32 302.52 562.94
6920459902387_camera1-13.jpg 86 1262.97 968.13 1103.09 676.09 319.76 584.09
6920459902387_camera1-15.jpg 86 1261.62 971.08 1113.77 674.3 295.7 593.56
6920459902387_camera1-14.jpg 86 1260.88 970.37 1105.12 675.21 311.52 590.32
6920459902387_camera1-16.jpg 86 1260.01 970.29 1108.66 665.45 302.7 609.67
6920459902387_camera1-17.jpg 86 1267.59 968.89 1132.8 669.98 269.58 597.83
6920459902387_camera1-1.jpg 86 1257.23 948.78 1141.27 660.29 231.93 576.99
6920459902387_camera1-18.jpg 86 1270.98 968.0 1147.95 673.84 246.06 588.32
6920459902387_camera1-21.jpg 86 1272.95 964.74 1155.89 666.17 234.12 597.14
6920459902387_camera1-22.jpg 86 1276.72 963.12 1146.68 656.15 260.07 613.93
6920459902387_camera1-23.jpg 86 1277.87 963.68 1140.72 663.41 274.29 600.54
6920459902387_camera1-20.jpg 86 1275.3 964.76 1177.24 675.22 196.11 579.07
6920459902387_camera1-19.jpg 86 1272.95 970.0 1153.26 668.8 239.38 602.4
6920459902387_camera1-27.jpg 86 1281.27 959.46 1132.78 675.21 296.98 568.5
6920459902387_camera1-29.jpg 86 1274.88 950.99 1142.6 690.13 264.56 521.72
6920459902387_camera1-26.jpg 86 1279.72 959.69 1133.04 670.29 293.37 578.8
6920459902387_camera1-24.jpg 86 1280.14 965.8 1133.13 666.05 294.03 599.5
6920459902387_camera1-25.jpg 86 1281.8 963.35 1121.92 662.78 319.76 601.14
6920459902387_camera1-28.jpg 86 1276.43 955.08 1135.3 683.12 282.27 543.92
6920459902387_camera1-2.jpg 86 1255.82 950.5 1130.36 655.94 250.92 589.11
6920459902387_camera1-31.jpg 86 1279.4 952.63 1135.1 680.67 288.61 543.92
6920459902387_camera1-30.jpg 86 1279.67 951.62 1138.98 685.16 281.39 532.93
6920459902387_camera1-37.jpg 86 1262.26 950.1 1137.78 657.52 248.96 585.15
6920459902387_camera1-33.jpg 86 1273.5 948.78 1118.64 658.88 309.71 579.81
6920459902387_camera1-32.jpg 86 1278.22 947.64 1116.44 663.54 323.56 568.21
6920459902387_camera1-36.jpg 86 1265.45 947.8 1129.87 651.26 271.17 593.08
6920459902387_camera1-35.jpg 86 1266.43 949.15 1120.06 651.47 292.74 595.37
6920459902387_camera1-39.jpg 86 1254.54 946.32 1142.74 650.38 223.6 591.88
6920459902387_camera1-34.jpg 86 1271.42 948.5 1114.29 648.84 314.27 599.31
6920459902387_camera1-38.jpg 86 1260.01 944.82 1144.17 657.75 231.67 574.13
6920459902387_camera1-40.jpg 86 1255.21 949.39 1144.9 664.54 220.61 569.71
6920459902387_camera1-6.jpg 86 1252.38 955.2 1098.82 661.04 307.11 588.32
6920459902387_camera1-3.jpg 86 1256.28 948.67 1114.11 647.11 284.35 603.13
6920459902387_camera1-7.jpg 86 1250.6 956.85 1087.5 666.17 326.19 581.36
6920459902387_camera1-5.jpg 86 1254.66 956.67 1103.14 659.69 303.04 593.96
6920459902387_camera1-4.jpg 86 1253.22 951.58 1103.28 647.75 299.89 607.66
6920459902387_camera1-8.jpg 86 1253.71 961.19 1103.88 677.9 299.66 566.58
6920459902387_camera2-12.jpg 86 1270.32 848.99 1148.0 692.47 244.64 313.04
6920459902387_camera1-9.jpg 86 1254.53 959.0 1115.78 688.89 277.51 540.22
6920459902387_camera2-14.jpg 86 1269.81 841.62 1136.67 686.21 266.28 310.81
6920459902387_camera2-10.jpg 86 1261.12 845.05 1161.16 705.63 199.92 278.84
6920459902387_camera2-11.jpg 86 1267.17 839.57 1170.97 710.99 192.41 257.16
6920459902387_camera2-13.jpg 86 1268.94 847.39 1137.38 682.95 263.11 328.89
6920459902387_camera2-15.jpg 86 1267.2 842.25 1130.06 687.74 274.29 309.03
6920459902387_camera2-17.jpg 86 1269.01 838.47 1113.81 692.47 310.41 291.99
6920459902387_camera2-16.jpg 86 1269.73 827.91 1125.42 686.78 288.61 282.27
6920459902387_camera2-20.jpg 86 1263.75 841.1 1124.33 726.67 278.84 228.86
6920459902387_camera2-18.jpg 86 1271.8 839.77 1132.49 710.0 278.62 259.54
6920459902387_camera2-22.jpg 86 1266.13 833.4 1127.49 707.67 277.28 251.46
6920459902387_camera2-21.jpg 86 1267.69 841.1 1132.22 718.78 270.95 244.64
6920459902387_camera2-1.jpg 86 1250.09 858.58 1113.84 736.42 272.51 244.32
6920459902387_camera2-19.jpg 86 1265.07 842.41 1119.07 718.78 291.99 247.27
6920459902387_camera2-23.jpg 86 1263.7 831.29 1120.32 694.67 286.76 273.25
6920459902387_camera2-27.jpg 86 1260.9 814.23 1143.27 668.54 235.27 291.38
6920459902387_camera2-26.jpg 86 1256.07 812.75 1126.57 666.59 259.01 292.31
6920459902387_camera2-25.jpg 86 1261.93 825.46 1124.79 672.73 274.29 305.46
6920459902387_camera2-24.jpg 86 1262.43 833.21 1108.54 674.06 307.78 318.3
6920459902387_camera2-29.jpg 86 1254.22 817.37 1167.27 692.49 173.91 249.76
6920459902387_camera2-28.jpg 86 1251.91 816.11 1129.59 671.43 244.64 289.36
6920459902387_camera2-33.jpg 86 1247.02 832.3 1111.43 669.87 271.17 324.86
6920459902387_camera2-2.jpg 86 1249.13 838.75 1115.93 728.67 266.41 220.16
6920459902387_camera2-32.jpg 86 1246.13 826.99 1126.8 675.59 238.67 302.79
6920459902387_camera2-30.jpg 86 1250.6 822.69 1148.0 684.58 205.19 276.21
6920459902387_camera2-34.jpg 86 1248.02 820.93 1112.43 676.63 271.17 288.61
6920459902387_camera2-31.jpg 86 1249.69 822.91 1140.96 677.93 217.47 289.96
6920459902387_camera2-35.jpg 86 1247.97 830.58 1095.39 679.32 305.15 302.52
6920459902387_camera2-36.jpg 86 1238.83 827.45 1096.9 697.42 283.85 260.07
6920459902387_camera2-37.jpg 86 1244.29 841.78 1101.33 709.29 285.93 264.99
6920459902387_camera2-38.jpg 86 1241.38 845.05 1098.02 713.52 286.73 263.06
6920459902387_camera2-39.jpg 86 1245.67 851.1 1116.8 731.62 257.74 238.95
6920459902387_camera2-40.jpg 86 1246.43 833.63 1120.36 743.24 252.14 180.78
6920459902387_camera2-3.jpg 86 1246.65 847.68 1090.13 710.89 313.04 273.58
6920459902387_camera2-9.jpg 86 1259.9 838.38 1156.83 705.18 206.15 266.41
6920459902387_camera2-6.jpg 86 1255.86 850.31 1108.54 692.47 294.63 315.67
6920459902387_camera2-5.jpg 86 1253.81 853.85 1107.63 696.71 292.35 314.27
6920459902387_camera3-12.jpg 86 1370.38 1186.46 1220.53 866.93 299.71 639.06
6920459902387_camera3-15.jpg 86 1368.97 1184.39 1213.77 847.68 310.41 673.43
6920459902387_camera2-7.jpg 86 1259.11 840.13 1132.84 693.36 252.53 293.54
6920459902387_camera2-4.jpg 86 1254.54 845.05 1103.28 695.1 302.52 299.89
6920459902387_camera2-8.jpg 86 1265.81 848.51 1140.52 691.9 250.58 313.23
6920459902387_camera3-14.jpg 86 1371.7 1188.04 1223.43 868.51 296.54 639.06
6920459902387_camera3-10.jpg 86 1365.03 1192.28 1216.4 871.35 297.26 641.86
6920459902387_camera3-17.jpg 86 1379.88 1188.38 1257.78 865.68 244.21 645.41
6920459902387_camera3-11.jpg 86 1367.66 1181.76 1208.51 860.83 318.3 641.86
6920459902387_camera3-13.jpg 86 1374.2 1188.16 1219.41 857.44 309.58 661.44
6920459902387_camera3-16.jpg 86 1375.56 1186.97 1241.43 861.36 268.26 651.22
6920459902387_camera3-19.jpg 86 1388.7 1181.76 1276.9 850.31 223.6 662.91
6920459902387_camera3-18.jpg 86 1381.52 1186.31 1273.29 865.32 216.46 641.97
6920459902387_camera3-1.jpg 86 1370.29 1179.13 1237.44 858.2 265.69 641.86
6920459902387_camera3-26.jpg 86 1390.14 1182.18 1246.63 869.79 287.02 624.79
6920459902387_camera3-21.jpg 86 1387.69 1187.8 1265.59 864.3 244.21 646.99
6920459902387_camera3-20.jpg 86 1388.92 1183.25 1272.25 857.99 233.34 650.52
6920459902387_camera3-24.jpg 86 1390.43 1185.44 1238.74 859.24 303.39 652.41
6920459902387_camera3-22.jpg 86 1391.58 1188.28 1257.03 863.42 269.1 649.72
6920459902387_camera3-23.jpg 86 1389.96 1187.2 1248.83 863.7 282.27 646.99
6920459902387_camera3-25.jpg 86 1393.4 1187.0 1241.88 865.78 303.04 642.44
6920459902387_camera3-29.jpg 86 1391.32 1179.13 1245.33 860.83 291.99 636.6
6920459902387_camera3-2.jpg 86 1367.53 1182.5 1229.71 856.74 275.64 651.52
6920459902387_camera3-27.jpg 86 1389.94 1180.78 1256.74 868.39 266.41 624.79
6920459902387_camera3-28.jpg 86 1392.11 1175.36 1263.53 864.55 257.16 621.62
6920459902387_camera3-31.jpg 86 1389.19 1181.22 1238.28 865.46 301.83 631.53
6920459902387_camera3-30.jpg 86 1389.74 1178.53 1248.61 868.52 282.27 620.03
6920459902387_camera3-34.jpg 86 1379.04 1183.12 1236.0 864.33 286.07 637.59
6920459902387_camera3-33.jpg 86 1381.99 1180.33 1233.2 860.83 297.57 638.99
6920459902387_camera3-35.jpg 86 1373.68 1183.59 1239.68 866.43 267.99 634.31
6920459902387_camera3-39.jpg 86 1368.53 1177.47 1258.83 859.89 219.4 635.17
6920459902387_camera3-37.jpg 86 1367.95 1179.29 1260.12 863.72 215.66 631.13
6920459902387_camera3-32.jpg 86 1385.29 1179.32 1237.82 863.98 294.95 630.68
6920459902387_camera3-36.jpg 86 1373.71 1182.07 1250.07 864.14 247.28 635.86
6920459902387_camera3-38.jpg 86 1366.12 1177.87 1262.48 861.49 207.28 632.75
6920459902387_camera3-4.jpg 86 1367.71 1186.38 1225.79 869.23 283.85 634.31
6920459902387_camera3-3.jpg 86 1369.01 1184.33 1230.25 865.59 277.51 637.48
6920459902387_camera3-7.jpg 86 1362.13 1183.56 1215.76 866.07 292.74 634.97
6920459902387_camera3-40.jpg 86 1366.99 1182.79 1237.26 857.55 259.46 650.48
6920459902387_camera3-8.jpg 86 1366.62 1183.26 1229.34 871.99 274.56 622.53
6920459902387_camera3-5.jpg 86 1367.67 1185.91 1220.2 865.59 294.95 640.65
6920459902387_camera3-6.jpg 86 1365.94 1187.54 1215.03 867.53 301.83 640.02
6920459902387_camera3-9.jpg 86 1366.07 1180.76 1233.94 872.27 264.25 616.99
