4891599601138_camera0-10.jpg 87 1427.93 1015.26 1285.1 706.26 285.66 618.0
4891599601138_camera0-14.jpg 87 1443.51 1012.82 1296.04 710.39 294.95 604.86
4891599601138_camera0-13.jpg 87 1443.06 1015.19 1302.72 711.52 280.68 607.35
4891599601138_camera0-11.jpg 87 1430.47 1014.59 1294.52 708.3 271.91 612.58
4891599601138_camera0-12.jpg 87 1438.07 1015.49 1304.87 709.44 266.41 612.1
4891599601138_camera0-16.jpg 87 1445.82 1013.67 1293.79 707.5 304.05 612.34
4891599601138_camera0-18.jpg 87 1443.85 1014.39 1305.89 709.93 275.92 608.93
4891599601138_camera0-15.jpg 87 1446.26 1014.98 1292.82 708.81 306.88 612.34
4891599601138_camera0-17.jpg 87 1443.07 1015.19 1296.38 711.52 293.37 607.35
4891599601138_camera0-23.jpg 87 1429.17 1012.06 1301.89 711.44 254.55 601.23
4891599601138_camera0-1.jpg 87 1373.52 1015.36 1275.65 708.17 195.73 614.37
4891599601138_camera0-21.jpg 87 1430.49 1012.7 1325.64 708.45 209.7 608.5
4891599601138_camera0-19.jpg 87 1439.1 1016.79 1307.48 713.11 263.24 607.35
4891599601138_camera0-20.jpg 87 1435.59 1015.44 1315.87 712.8 239.44 605.29
4891599601138_camera0-22.jpg 87 1435.82 1012.6 1323.09 710.25 225.46 604.69
4891599601138_camera0-26.jpg 87 1413.59 1015.58 1260.96 715.87 305.26 599.42
4891599601138_camera0-25.jpg 87 1421.05 1015.6 1270.74 713.77 300.61 603.65
4891599601138_camera0-24.jpg 87 1427.34 1014.05 1289.38 715.13 275.92 597.83
4891599601138_camera0-29.jpg 87 1391.85 1013.75 1241.13 714.76 301.43 597.99
4891599601138_camera0-27.jpg 87 1405.66 1012.8 1249.95 713.16 311.43 599.28
4891599601138_camera0-28.jpg 87 1398.65 1015.25 1243.09 716.86 311.12 596.78
4891599601138_camera0-2.jpg 87 1387.05 1018.3 1287.14 710.66 199.81 615.28
4891599601138_camera0-30.jpg 87 1387.43 1013.54 1242.49 716.39 289.88 594.3
4891599601138_camera0-34.jpg 87 1373.32 1012.27 1229.11 711.34 288.43 601.86
4891599601138_camera0-31.jpg 87 1383.03 1015.76 1247.11 718.77 271.85 593.98
4891599601138_camera0-33.jpg 87 1378.6 1011.68 1238.6 710.61 280.0 602.14
4891599601138_camera0-32.jpg 87 1384.23 1011.25 1246.65 711.85 275.16 598.8
4891599601138_camera0-35.jpg 87 1370.05 1014.16 1222.98 710.3 294.13 607.72
4891599601138_camera0-37.jpg 87 1367.73 1015.99 1231.36 713.11 272.75 605.76
4891599601138_camera0-36.jpg 87 1372.05 1013.41 1222.86 708.66 298.39 609.51
4891599601138_camera0-38.jpg 87 1366.4 1016.83 1233.2 711.0 266.41 611.65
4891599601138_camera0-39.jpg 87 1368.98 1014.66 1241.36 706.25 255.24 616.83
4891599601138_camera0-3.jpg 87 1389.68 1018.38 1270.29 705.64 238.79 625.47
4891599601138_camera0-7.jpg 87 1408.7 1017.17 1257.92 707.29 301.56 619.77
4891599601138_camera0-6.jpg 87 1407.38 1018.96 1255.8 708.51 303.16 620.91
4891599601138_camera0-4.jpg 87 1393.39 1016.67 1261.27 705.75 264.25 621.84
4891599601138_camera0-40.jpg 87 1371.48 1017.58 1260.7 710.39 221.55 614.37
4891599601138_camera0-5.jpg 87 1404.02 1021.08 1262.66 712.53 282.72 617.09
4891599601138_camera0-8.jpg 87 1413.4 1015.38 1255.01 702.14 316.78 626.48
4891599601138_camera0-9.jpg 87 1421.27 1015.5 1276.46 706.6 289.62 617.79
4891599601138_camera1-13.jpg 87 1307.88 968.15 1156.17 694.34 303.41 547.62
4891599601138_camera1-11.jpg 87 1295.99 972.93 1152.61 709.03 286.76 527.81
4891599601138_camera1-14.jpg 87 1311.07 965.12 1156.14 681.15 309.86 567.93
4891599601138_camera1-10.jpg 87 1287.7 977.56 1146.69 718.19 282.03 518.74
4891599601138_camera1-12.jpg 87 1304.61 973.53 1155.41 705.55 298.39 535.97
4891599601138_camera1-16.jpg 87 1311.11 957.05 1158.86 663.71 304.5 586.68
4891599601138_camera1-18.jpg 87 1306.91 946.21 1170.99 653.3 271.85 585.83
4891599601138_camera1-15.jpg 87 1309.86 959.69 1155.25 668.7 309.22 581.98
4891599601138_camera1-19.jpg 87 1302.04 945.39 1179.25 654.73 245.57 581.32
4891599601138_camera1-17.jpg 87 1309.63 954.37 1165.55 658.74 288.16 591.26
4891599601138_camera1-20.jpg 87 1294.33 939.7 1187.63 656.98 213.4 565.44
4891599601138_camera1-21.jpg 87 1301.93 939.08 1196.48 656.02 210.91 566.12
4891599601138_camera1-1.jpg 87 1231.47 978.15 1128.85 685.92 205.24 584.47
4891599601138_camera1-24.jpg 87 1286.87 934.33 1142.56 638.58 288.61 591.49
4891599601138_camera1-23.jpg 87 1291.97 934.66 1157.4 642.43 269.13 584.47
4891599601138_camera1-22.jpg 87 1295.4 936.32 1166.31 643.58 258.19 585.47
4891599601138_camera1-25.jpg 87 1278.94 933.53 1128.29 636.99 301.3 593.08
4891599601138_camera1-28.jpg 87 1261.09 935.19 1107.14 649.12 307.89 572.14
4891599601138_camera1-27.jpg 87 1267.05 933.2 1112.35 642.02 309.41 582.37
4891599601138_camera1-26.jpg 87 1271.36 932.74 1113.78 636.97 315.16 591.53
4891599601138_camera1-29.jpg 87 1250.51 935.35 1108.47 658.74 284.08 553.21
4891599601138_camera1-30.jpg 87 1247.51 936.79 1108.43 668.4 278.16 536.79
4891599601138_camera1-2.jpg 87 1237.21 981.8 1125.08 688.2 224.27 587.19
4891599601138_camera1-32.jpg 87 1239.55 945.97 1090.36 667.37 298.39 557.19
4891599601138_camera1-31.jpg 87 1243.46 940.3 1106.29 679.44 274.34 521.72
4891599601138_camera1-33.jpg 87 1233.38 949.49 1082.97 662.8 300.82 573.38
4891599601138_camera1-34.jpg 87 1228.76 954.38 1077.2 661.46 303.11 585.83
4891599601138_camera1-35.jpg 87 1226.92 959.48 1079.61 660.91 294.63 597.14
4891599601138_camera1-38.jpg 87 1219.03 977.89 1087.5 674.06 263.06 607.66
4891599601138_camera1-37.jpg 87 1217.92 967.04 1078.6 665.29 278.64 603.5
4891599601138_camera1-39.jpg 87 1223.5 974.26 1103.78 677.08 239.44 594.35
4891599601138_camera1-36.jpg 87 1221.66 958.16 1074.35 655.65 294.63 605.03
4891599601138_camera1-3.jpg 87 1241.67 982.91 1119.34 685.92 244.66 593.98
4891599601138_camera1-7.jpg 87 1259.8 984.47 1108.54 692.47 302.52 583.99
4891599601138_camera1-6.jpg 87 1259.8 988.41 1105.91 692.47 307.78 591.88
4891599601138_camera1-4.jpg 87 1250.4 985.42 1109.19 684.2 282.43 602.44
4891599601138_camera1-8.jpg 87 1273.62 982.91 1122.06 702.23 303.11 561.36
4891599601138_camera1-5.jpg 87 1255.86 981.84 1105.91 687.21 299.89 589.25
4891599601138_camera1-40.jpg 87 1229.27 974.47 1123.0 683.36 212.53 582.22
4891599601138_camera1-9.jpg 87 1284.67 978.11 1139.21 709.53 290.92 537.16
4891599601138_camera2-10.jpg 87 1296.06 807.28 1205.77 682.04 180.58 250.49
4891599601138_camera2-11.jpg 87 1294.0 806.9 1197.98 674.06 192.03 265.69
4891599601138_camera2-13.jpg 87 1285.11 795.48 1170.84 655.96 228.54 279.04
4891599601138_camera2-12.jpg 87 1290.74 798.91 1187.69 662.27 206.1 273.28
4891599601138_camera2-17.jpg 87 1261.03 783.98 1117.28 651.23 287.49 265.5
4891599601138_camera2-14.jpg 87 1278.8 804.41 1150.55 646.69 256.51 315.44
4891599601138_camera2-16.jpg 87 1262.43 779.28 1121.7 639.86 281.47 278.84
4891599601138_camera2-15.jpg 87 1271.82 787.36 1135.51 643.06 272.62 288.6
4891599601138_camera2-18.jpg 87 1242.7 784.54 1092.76 666.17 299.89 236.75
4891599601138_camera2-1.jpg 87 1283.48 862.14 1155.89 766.13 255.17 192.03
4891599601138_camera2-19.jpg 87 1245.47 807.84 1105.65 672.03 279.64 271.62
4891599601138_camera2-21.jpg 87 1234.58 806.31 1108.17 703.2 252.82 206.21
4891599601138_camera2-22.jpg 87 1229.1 820.41 1092.64 691.17 272.92 258.49
4891599601138_camera2-20.jpg 87 1233.5 789.81 1095.39 687.21 276.21 205.19
4891599601138_camera2-24.jpg 87 1205.88 808.22 1058.56 674.06 294.63 268.32
4891599601138_camera2-23.jpg 87 1224.11 822.05 1080.73 679.11 286.76 285.87
4891599601138_camera2-27.jpg 87 1215.0 840.62 1077.53 681.59 274.95 318.06
4891599601138_camera2-25.jpg 87 1209.82 813.48 1063.82 668.8 291.99 289.36
4891599601138_camera2-26.jpg 87 1215.14 837.34 1074.84 679.06 280.61 316.56
4891599601138_camera2-28.jpg 87 1208.5 831.89 1084.87 681.95 247.27 299.89
4891599601138_camera2-2.jpg 87 1287.9 860.46 1151.26 753.97 273.28 212.97
4891599601138_camera2-30.jpg 87 1217.72 850.31 1116.44 713.52 202.55 273.58
4891599601138_camera2-29.jpg 87 1225.01 852.89 1104.95 701.67 240.12 302.44
4891599601138_camera2-31.jpg 87 1228.87 860.54 1135.08 723.26 187.57 274.56
4891599601138_camera2-32.jpg 87 1234.34 863.58 1116.78 717.08 235.11 293.0
4891599601138_camera2-36.jpg 87 1249.28 876.61 1100.65 739.82 297.26 273.58
4891599601138_camera2-34.jpg 87 1237.49 869.22 1107.01 721.84 260.97 294.76
4891599601138_camera2-33.jpg 87 1238.1 867.88 1112.18 717.42 251.83 300.92
4891599601138_camera2-37.jpg 87 1259.8 866.09 1111.17 724.04 297.26 284.1
4891599601138_camera2-35.jpg 87 1244.58 869.62 1104.18 724.63 280.79 289.98
4891599601138_camera2-38.jpg 87 1263.04 869.8 1119.97 746.91 286.13 245.78
4891599601138_camera2-3.jpg 87 1292.68 846.37 1153.26 718.78 278.84 255.17
4891599601138_camera2-39.jpg 87 1270.24 870.37 1133.08 758.04 274.32 224.66
4891599601138_camera2-4.jpg 87 1295.64 848.95 1149.4 716.79 292.47 264.33
4891599601138_camera2-5.jpg 87 1296.63 843.74 1145.37 703.0 302.52 281.47
4891599601138_camera2-6.jpg 87 1303.37 837.56 1163.12 691.06 280.5 293.01
4891599601138_camera2-40.jpg 87 1271.64 867.4 1134.85 771.39 273.58 192.03
4891599601138_camera2-9.jpg 87 1296.95 813.03 1191.24 679.07 211.42 267.91
4891599601138_camera2-7.jpg 87 1301.57 830.18 1165.76 683.24 271.62 293.89
4891599601138_camera3-14.jpg 87 1418.95 1180.45 1261.12 860.83 315.67 639.23
4891599601138_camera2-8.jpg 87 1301.2 822.59 1176.64 680.04 249.12 285.1
4891599601138_camera3-10.jpg 87 1407.11 1184.39 1261.12 871.35 291.99 626.08
4891599601138_camera3-11.jpg 87 1416.37 1187.68 1272.91 872.7 286.92 629.97
4891599601138_camera3-12.jpg 87 1413.68 1181.92 1263.54 867.62 300.28 628.6
4891599601138_camera3-13.jpg 87 1412.38 1183.08 1258.49 863.46 307.78 639.23
4891599601138_camera3-15.jpg 87 1419.04 1185.44 1271.57 868.06 294.95 634.76
4891599601138_camera3-18.jpg 87 1408.3 1175.6 1284.56 858.11 247.48 634.97
4891599601138_camera3-16.jpg 87 1412.38 1175.18 1266.38 852.94 291.99 644.49
4891599601138_camera3-17.jpg 87 1411.78 1179.75 1279.47 862.52 264.62 634.46
4891599601138_camera3-19.jpg 87 1405.0 1172.98 1299.55 859.0 210.91 627.96
4891599601138_camera3-1.jpg 87 1358.66 1196.86 1229.97 874.42 257.38 644.87
4891599601138_camera3-21.jpg 87 1395.28 1171.24 1263.75 858.2 263.06 626.08
4891599601138_camera3-20.jpg 87 1405.72 1175.62 1292.42 856.59 226.6 638.06
4891599601138_camera3-25.jpg 87 1378.38 1173.15 1224.2 858.53 308.37 629.25
4891599601138_camera3-23.jpg 87 1391.33 1169.92 1242.7 850.31 297.26 639.23
4891599601138_camera3-24.jpg 87 1388.5 1175.63 1235.77 859.26 305.46 632.75
4891599601138_camera3-22.jpg 87 1399.35 1174.56 1264.78 861.26 269.13 626.6
4891599601138_camera3-26.jpg 87 1368.97 1173.87 1208.51 858.2 320.93 631.34
4891599601138_camera3-27.jpg 87 1368.98 1175.18 1216.4 858.2 305.15 633.97
4891599601138_camera3-30.jpg 87 1352.58 1171.53 1217.14 865.76 270.87 611.54
4891599601138_camera3-28.jpg 87 1359.97 1169.59 1217.93 860.36 284.08 618.45
4891599601138_camera3-2.jpg 87 1358.02 1195.0 1211.92 862.55 292.2 664.9
4891599601138_camera3-32.jpg 87 1345.3 1172.56 1197.98 855.57 294.63 633.97
4891599601138_camera3-29.jpg 87 1347.93 1169.93 1216.4 858.2 263.06 623.45
4891599601138_camera3-31.jpg 87 1350.63 1174.06 1215.05 863.25 271.17 621.62
4891599601138_camera3-33.jpg 87 1341.4 1183.76 1193.73 869.27 295.35 628.99
4891599601138_camera3-34.jpg 87 1340.03 1181.76 1190.09 866.09 299.89 631.34
4891599601138_camera3-37.jpg 87 1338.63 1189.04 1194.03 859.57 289.21 658.93
4891599601138_camera3-36.jpg 87 1336.38 1188.87 1201.82 868.77 269.13 640.2
4891599601138_camera3-38.jpg 87 1341.35 1193.6 1219.03 868.72 244.64 649.75
4891599601138_camera3-35.jpg 87 1333.45 1179.13 1195.35 863.46 276.21 631.34
4891599601138_camera3-39.jpg 87 1347.92 1189.65 1237.44 860.83 220.97 657.65
4891599601138_camera3-3.jpg 87 1369.53 1196.38 1222.45 871.12 294.15 650.52
4891599601138_camera3-40.jpg 87 1355.9 1190.89 1250.56 871.47 210.68 638.84
4891599601138_camera3-9.jpg 87 1399.22 1188.34 1255.86 868.72 286.73 639.23
4891599601138_camera3-7.jpg 87 1387.41 1192.28 1236.93 872.69 300.97 639.17
4891599601138_camera3-6.jpg 87 1384.57 1193.26 1233.69 875.88 301.75 634.76
4891599601138_camera3-4.jpg 87 1372.92 1189.65 1221.66 866.09 302.52 647.12
4891599601138_camera3-5.jpg 87 1379.63 1194.38 1225.02 871.68 309.22 645.41
4891599601138_camera3-8.jpg 87 1391.8 1189.62 1248.56 872.92 286.49 633.41
