6935145301030_camera0-10.jpg 88 1378.07 834.71 1237.52 336.89 281.09 995.64
6935145301030_camera0-12.jpg 88 1384.64 834.71 1240.15 334.26 288.97 1000.9
6935145301030_camera0-11.jpg 88 1384.65 834.03 1252.45 340.47 264.4 987.11
6935145301030_camera0-13.jpg 88 1391.32 831.89 1245.33 334.71 291.99 994.36
6935145301030_camera0-14.jpg 88 1396.46 836.02 1245.4 334.26 302.11 1003.52
6935145301030_camera0-15.jpg 88 1401.01 835.28 1262.52 342.98 276.99 984.59
6935145301030_camera0-18.jpg 88 1414.85 838.65 1274.3 336.89 281.09 1003.52
6935145301030_camera0-17.jpg 88 1406.96 830.77 1263.79 329.01 286.35 1003.52
6935145301030_camera0-25.jpg 88 1442.43 834.71 1303.19 336.89 278.47 995.64
6935145301030_camera0-26.jpg 88 1442.57 835.28 1307.85 348.02 269.44 974.52
6935145301030_camera0-28.jpg 88 1442.63 839.79 1297.95 347.87 289.36 983.84
6935145301030_camera0-27.jpg 88 1445.05 836.02 1305.82 339.51 278.47 993.02
6935145301030_camera0-29.jpg 88 1440.05 836.54 1300.3 350.54 279.51 972.0
6935145301030_camera0-30.jpg 88 1435.86 834.71 1295.31 344.77 281.09 979.88
6935145301030_camera0-33.jpg 88 1428.15 841.11 1290.05 353.13 276.21 975.95
6935145301030_camera0-31.jpg 88 1431.92 837.33 1290.06 347.39 283.72 979.88
6935145301030_camera0-32.jpg 88 1433.27 835.7 1291.1 351.15 284.35 969.1
6935145301030_camera0-34.jpg 88 1420.27 836.17 1284.29 359.17 271.96 954.01
6935145301030_camera0-35.jpg 88 1414.85 834.7 1274.3 347.39 281.09 974.63
6935145301030_camera0-40.jpg 88 1392.52 839.96 1255.91 355.28 273.21 969.37
6935145301030_camera1-10.jpg 88 1287.43 817.63 1142.95 386.8 288.97 861.66
6935145301030_camera1-12.jpg 88 1286.11 812.16 1137.48 379.43 297.26 865.46
6935145301030_camera0-9.jpg 88 1376.69 834.17 1240.71 344.83 271.96 978.68
6935145301030_camera1-11.jpg 88 1293.99 815.66 1146.02 384.31 295.95 862.7
6935145301030_camera1-13.jpg 88 1288.75 812.38 1142.95 378.92 291.6 866.92
6935145301030_camera1-14.jpg 88 1288.73 806.9 1153.26 376.8 270.95 860.2
6935145301030_camera1-16.jpg 88 1286.45 800.65 1149.21 375.72 274.48 849.87
6935145301030_camera1-15.jpg 88 1287.43 804.5 1145.57 373.66 283.72 861.67
6935145301030_camera1-18.jpg 88 1271.64 799.01 1119.07 371.54 305.15 854.94
6935145301030_camera1-1.jpg 88 1267.72 834.7 1119.3 402.56 296.85 864.29
6935145301030_camera1-20.jpg 88 1265.07 795.07 1113.81 363.65 302.52 862.83
6935145301030_camera1-17.jpg 88 1282.67 801.29 1146.69 375.72 271.96 851.13
6935145301030_camera1-19.jpg 88 1269.01 796.38 1113.81 368.91 310.41 854.94
6935145301030_camera1-22.jpg 88 1259.53 802.97 1114.58 365.97 289.91 874.0
6935145301030_camera1-24.jpg 88 1254.6 800.55 1111.42 360.53 286.35 880.05
6935145301030_camera1-23.jpg 88 1255.86 800.33 1108.54 363.65 294.63 873.35
6935145301030_camera1-25.jpg 88 1255.91 803.18 1114.05 365.78 283.72 874.8
6935145301030_camera1-21.jpg 88 1268.82 798.05 1133.92 369.6 269.8 856.89
6935145301030_camera1-27.jpg 88 1244.02 806.9 1092.76 363.65 302.52 886.51
6935145301030_camera1-26.jpg 88 1246.49 805.82 1105.8 374.6 281.39 862.43
6935145301030_camera1-28.jpg 88 1244.09 811.07 1098.29 376.29 291.6 869.55
6935145301030_camera1-29.jpg 88 1238.76 809.53 1098.02 368.91 281.47 881.24
6935145301030_camera1-2.jpg 88 1269.24 830.78 1130.48 411.74 277.51 838.08
6935145301030_camera1-31.jpg 88 1242.78 816.32 1098.29 376.29 288.97 880.05
6935145301030_camera1-30.jpg 88 1250.6 814.8 1100.65 371.54 299.89 886.51
6935145301030_camera1-32.jpg 88 1236.21 816.32 1085.15 386.8 302.11 859.04
6935145301030_camera1-33.jpg 88 1244.36 820.1 1107.45 393.66 273.81 852.88
6935145301030_camera1-35.jpg 88 1245.09 830.01 1100.84 397.28 288.49 865.47
6935145301030_camera1-34.jpg 88 1244.01 825.32 1103.28 384.7 281.47 881.24
6935145301030_camera1-37.jpg 88 1249.34 830.77 1103.54 399.94 291.6 861.67
6935145301030_camera1-36.jpg 88 1250.6 824.0 1098.02 397.85 305.15 852.31
6935145301030_camera1-39.jpg 88 1259.06 829.61 1123.08 407.79 271.96 843.63
6935145301030_camera1-40.jpg 88 1263.76 838.47 1116.44 408.37 294.63 860.2
6935145301030_camera1-4.jpg 88 1275.61 830.77 1127.18 399.94 296.85 861.67
6935145301030_camera1-38.jpg 88 1254.54 833.21 1105.91 403.11 297.26 860.2
6935145301030_camera1-3.jpg 88 1276.92 832.08 1129.81 402.56 294.23 859.04
6935145301030_camera1-5.jpg 88 1283.82 824.77 1145.07 405.73 277.51 838.08
6935145301030_camera1-7.jpg 88 1287.36 825.88 1143.12 398.11 288.49 855.53
6935145301030_camera1-6.jpg 88 1283.47 824.0 1142.74 389.96 281.47 868.09
6935145301030_camera1-8.jpg 88 1288.75 822.88 1142.95 394.68 291.6 856.41
6935145301030_camera1-9.jpg 88 1292.74 821.43 1154.24 400.9 276.99 841.06
6935145301030_camera2-10.jpg 88 1263.75 818.74 1124.33 666.17 278.84 305.15
6935145301030_camera2-13.jpg 88 1252.7 823.13 1126.63 682.79 252.14 280.68
6935145301030_camera2-11.jpg 88 1261.12 820.06 1124.33 668.8 273.58 302.52
6935145301030_camera2-12.jpg 88 1254.24 823.41 1120.86 673.58 266.77 299.66
6935145301030_camera2-15.jpg 88 1246.71 822.89 1111.42 673.15 270.58 299.48
6935145301030_camera2-19.jpg 88 1237.88 836.79 1110.31 700.48 255.15 272.62
6935145301030_camera2-14.jpg 88 1253.23 822.69 1119.07 668.8 268.32 307.78
6935145301030_camera2-17.jpg 88 1234.81 829.27 1090.13 676.69 289.36 305.15
6935145301030_camera2-16.jpg 88 1242.56 827.75 1115.83 689.0 253.46 277.51
6935145301030_camera2-1.jpg 88 1284.54 840.01 1151.41 700.62 266.25 278.78
6935145301030_camera2-18.jpg 88 1236.12 831.89 1100.65 681.95 270.95 299.89
6935145301030_camera2-20.jpg 88 1238.95 839.51 1111.18 700.87 255.53 277.28
6935145301030_camera2-22.jpg 88 1240.14 847.85 1108.79 704.67 262.7 286.35
6935145301030_camera2-21.jpg 88 1240.07 843.73 1103.28 695.1 273.58 297.26
6935145301030_camera2-23.jpg 88 1237.52 851.78 1100.91 707.3 273.21 288.97
6935145301030_camera2-24.jpg 88 1241.38 847.68 1105.91 703.0 270.95 289.36
6935145301030_camera2-26.jpg 88 1247.7 852.62 1116.14 713.76 263.11 277.73
6935145301030_camera2-25.jpg 88 1242.87 851.76 1116.01 716.18 253.72 271.17
6935145301030_camera2-34.jpg 88 1271.67 855.72 1137.69 715.18 267.96 281.09
6935145301030_camera2-27.jpg 88 1253.22 856.88 1111.17 713.52 284.1 286.73
6935145301030_camera2-28.jpg 88 1250.34 857.0 1124.61 721.75 251.46 270.49
6935145301030_camera2-33.jpg 88 1267.73 857.04 1132.44 717.81 270.58 278.46
6935145301030_camera2-29.jpg 88 1253.23 855.57 1116.44 713.52 273.58 284.1
6935145301030_camera2-32.jpg 88 1265.24 861.32 1135.51 724.28 259.46 274.08
6935145301030_camera2-31.jpg 88 1255.91 857.04 1121.93 717.81 267.96 278.46
6935145301030_camera2-30.jpg 88 1255.86 855.58 1121.7 708.26 268.32 294.63
6935145301030_camera2-2.jpg 88 1282.67 835.99 1156.94 698.71 251.46 274.56
6935145301030_camera2-36.jpg 88 1275.61 854.41 1140.32 712.55 270.58 283.72
6935145301030_camera2-38.jpg 88 1278.21 845.05 1140.11 703.0 276.21 284.1
6935145301030_camera2-35.jpg 88 1272.25 853.11 1145.16 721.26 254.18 263.69
6935145301030_camera2-37.jpg 88 1275.61 851.78 1140.32 709.92 270.58 283.72
6935145301030_camera2-39.jpg 88 1279.53 845.05 1145.37 703.0 268.32 284.1
6935145301030_camera2-3.jpg 88 1279.08 832.96 1146.91 690.14 264.33 285.65
6935145301030_camera3-10.jpg 88 1393.83 1005.46 1253.28 502.39 281.09 1006.15
6935145301030_camera2-6.jpg 88 1276.9 826.63 1145.37 679.32 263.06 294.62
6935145301030_camera3-11.jpg 88 1399.0 998.35 1264.0 504.22 270.0 988.25
6935145301030_camera2-40.jpg 88 1284.8 841.27 1145.57 694.16 278.46 294.23
6935145301030_camera2-7.jpg 88 1271.64 822.69 1140.11 674.06 263.06 297.26
6935145301030_camera2-8.jpg 88 1272.98 828.14 1140.32 678.4 265.33 299.48
6935145301030_camera2-5.jpg 88 1276.9 834.53 1142.74 684.58 268.32 299.89
6935145301030_camera2-4.jpg 88 1276.93 830.76 1142.95 686.28 267.96 288.97
6935145301030_camera3-12.jpg 88 1397.25 998.96 1260.01 506.66 274.48 984.59
6935145301030_camera2-9.jpg 88 1264.25 820.76 1132.69 679.81 263.11 281.91
6935145301030_camera3-14.jpg 88 1392.51 1000.21 1248.03 499.76 288.97 1000.9
6935145301030_camera3-16.jpg 88 1388.7 992.36 1237.44 495.18 302.52 994.36
6935145301030_camera3-18.jpg 88 1382.01 1001.53 1234.89 505.02 294.23 993.02
6935145301030_camera3-17.jpg 88 1386.81 999.86 1248.67 510.98 276.28 977.76
6935145301030_camera3-15.jpg 88 1390.02 998.93 1242.7 505.7 294.63 986.47
6935145301030_camera3-19.jpg 88 1383.94 1001.09 1238.87 502.03 290.15 998.11
6935145301030_camera3-1.jpg 88 1382.01 1006.78 1227.01 502.39 309.99 1008.78
6935145301030_camera3-21.jpg 88 1372.91 996.31 1229.55 495.18 286.73 1002.25
6935145301030_camera3-25.jpg 88 1362.7 998.21 1229.5 508.87 266.41 978.68
6935145301030_camera3-20.jpg 88 1370.28 998.93 1224.29 505.7 291.99 986.47
6935145301030_camera3-23.jpg 88 1367.56 1000.21 1219.13 505.02 296.85 990.39
6935145301030_camera3-22.jpg 88 1372.57 1002.37 1233.7 507.2 277.73 990.33
6935145301030_camera3-24.jpg 88 1361.01 1001.41 1224.29 508.33 273.44 986.16
6935145301030_camera3-27.jpg 88 1357.37 998.62 1224.16 507.43 266.41 982.38
6935145301030_camera3-26.jpg 88 1355.74 998.9 1213.88 502.39 283.72 993.02
6935145301030_camera3-28.jpg 88 1355.73 1002.84 1216.5 502.39 278.46 1000.9
6935145301030_camera3-29.jpg 88 1353.19 1005.51 1208.51 497.81 289.36 1015.4
6935145301030_camera3-2.jpg 88 1387.27 1006.78 1240.15 497.14 294.23 1019.29
6935145301030_camera3-30.jpg 88 1358.75 1002.38 1228.32 511.19 260.86 982.38
6935145301030_camera3-31.jpg 88 1349.24 1002.88 1203.24 500.44 291.99 1004.88
6935145301030_camera3-32.jpg 88 1355.74 1004.15 1211.25 502.39 288.97 1003.52
6935145301030_camera3-33.jpg 88 1363.71 1002.88 1221.66 500.44 284.1 1004.88
6935145301030_camera3-34.jpg 88 1358.79 1002.46 1215.96 499.38 285.65 1006.17
6935145301030_camera3-37.jpg 88 1371.49 1010.72 1227.01 502.39 288.97 1016.66
6935145301030_camera3-36.jpg 88 1357.14 1006.83 1208.51 505.7 297.26 1002.25
6935145301030_camera3-35.jpg 88 1363.25 1002.74 1227.27 506.66 271.96 992.15
6935145301030_camera3-3.jpg 88 1387.26 1004.15 1237.52 499.76 299.48 1008.78
6935145301030_camera3-39.jpg 88 1376.86 1009.45 1234.81 510.96 284.1 996.99
6935145301030_camera3-38.jpg 88 1374.12 1010.72 1232.26 505.02 283.72 1011.41
6935145301030_camera3-40.jpg 88 1381.05 1006.6 1231.83 499.25 298.44 1014.69
6935145301030_camera3-7.jpg 88 1395.28 1001.57 1250.6 500.44 289.36 1002.25
6935145301030_camera3-5.jpg 88 1384.63 1002.84 1234.89 502.39 299.48 1000.9
6935145301030_camera3-4.jpg 88 1391.33 1005.51 1242.7 503.07 297.26 1004.88
6935145301030_camera3-6.jpg 88 1395.14 1002.84 1255.91 505.02 278.46 995.64
6935145301030_camera3-9.jpg 88 1400.54 1001.57 1255.86 497.81 289.36 1007.51
6935145301030_camera3-8.jpg 88 1402.28 1003.45 1267.38 510.26 269.8 986.39
