6935145301047_camera0-14.jpg 89 1404.67 834.3 1267.05 346.35 275.25 975.9
6935145301047_camera0-11.jpg 89 1404.8 835.27 1270.08 358.09 269.44 954.37
6935145301047_camera0-10.jpg 89 1403.98 837.77 1269.15 353.05 269.66 969.44
6935145301047_camera0-12.jpg 89 1406.07 835.53 1265.55 353.35 281.03 964.35
6935145301047_camera0-16.jpg 89 1407.32 835.17 1268.36 352.93 277.93 964.48
6935145301047_camera0-1.jpg 89 1405.42 832.11 1268.76 348.97 273.33 966.28
6935145301047_camera0-13.jpg 89 1407.57 835.26 1268.98 352.12 277.18 966.28
6935145301047_camera0-18.jpg 89 1408.24 837.62 1268.45 355.38 279.58 964.48
6935145301047_camera0-17.jpg 89 1406.6 832.37 1267.05 348.27 279.1 968.2
6935145301047_camera0-15.jpg 89 1409.72 834.98 1269.93 351.09 279.58 967.79
6935145301047_camera0-22.jpg 89 1410.95 837.85 1269.44 357.18 283.02 961.33
6935145301047_camera0-21.jpg 89 1410.58 836.72 1270.79 352.83 279.58 967.79
6935145301047_camera0-19.jpg 89 1410.21 837.47 1272.59 354.27 275.24 966.41
6935145301047_camera0-20.jpg 89 1408.84 835.0 1272.24 354.86 273.2 960.29
6935145301047_camera0-23.jpg 89 1410.19 836.89 1274.21 359.89 271.96 954.01
6935145301047_camera0-26.jpg 89 1410.45 838.49 1271.7 358.4 277.51 960.18
6935145301047_camera0-27.jpg 89 1408.25 835.5 1269.23 355.83 278.04 959.33
6935145301047_camera0-25.jpg 89 1409.48 836.17 1271.65 357.01 275.66 958.33
6935145301047_camera0-24.jpg 89 1411.52 830.39 1268.92 349.82 285.2 961.15
6935145301047_camera0-2.jpg 89 1401.92 835.46 1270.26 353.06 263.32 964.81
6935145301047_camera0-28.jpg 89 1409.57 837.41 1272.02 356.0 275.09 962.82
6935145301047_camera0-29.jpg 89 1410.45 835.26 1272.83 352.12 275.25 966.28
6935145301047_camera0-32.jpg 89 1409.65 834.14 1267.05 350.2 285.2 967.88
6935145301047_camera0-31.jpg 89 1408.96 837.59 1275.76 359.48 266.41 956.22
6935145301047_camera0-30.jpg 89 1408.53 836.23 1268.98 354.05 279.1 964.35
6935145301047_camera0-35.jpg 89 1409.49 837.19 1270.9 357.9 277.18 958.58
6935145301047_camera0-38.jpg 89 1401.86 837.43 1270.41 358.85 262.89 957.17
6935145301047_camera0-37.jpg 89 1405.64 830.45 1268.98 350.2 273.33 960.5
6935145301047_camera0-34.jpg 89 1405.62 836.74 1269.97 355.33 271.31 962.82
6935145301047_camera0-33.jpg 89 1404.54 835.54 1269.25 354.6 270.58 961.88
6935145301047_camera0-39.jpg 89 1404.68 835.31 1271.8 356.72 265.77 957.17
6935145301047_camera0-3.jpg 89 1402.75 832.37 1267.05 348.27 271.41 968.2
6935145301047_camera0-40.jpg 89 1402.95 836.94 1266.82 356.95 272.26 959.99
6935145301047_camera0-36.jpg 89 1405.0 838.38 1272.59 361.07 264.82 954.63
6935145301047_camera0-4.jpg 89 1404.67 832.69 1263.2 349.55 282.95 966.28
6935145301047_camera0-7.jpg 89 1404.54 836.74 1274.11 358.5 260.86 956.48
6935145301047_camera0-5.jpg 89 1404.04 835.26 1264.81 350.2 278.46 970.13
6935145301047_camera0-8.jpg 89 1403.72 838.48 1269.72 352.93 268.0 971.1
6935145301047_camera0-6.jpg 89 1403.72 832.37 1265.13 348.27 277.18 968.2
6935145301047_camera1-18.jpg 89 1271.34 817.65 1134.1 398.38 274.48 838.54
6935145301047_camera1-13.jpg 89 1266.09 819.87 1126.54 394.47 279.1 850.79
6935145301047_camera1-10.jpg 89 1265.09 817.78 1129.16 394.38 271.85 846.8
6935145301047_camera1-14.jpg 89 1271.65 818.55 1133.82 397.66 275.66 841.78
6935145301047_camera1-16.jpg 89 1273.55 819.08 1137.89 397.28 271.32 843.6
6935145301047_camera1-17.jpg 89 1273.68 818.04 1135.42 392.64 276.51 850.8
6935145301047_camera1-11.jpg 89 1268.66 822.33 1134.1 400.29 269.13 844.08
6935145301047_camera1-12.jpg 89 1269.02 817.82 1133.43 396.8 271.17 842.04
6935145301047_camera1-19.jpg 89 1274.11 818.3 1135.14 393.13 277.93 850.33
6935145301047_camera0-9.jpg 89 1401.78 837.51 1260.31 350.2 282.95 974.62
6935145301047_camera1-15.jpg 89 1272.45 819.23 1136.26 396.63 272.38 845.2
6935145301047_camera1-25.jpg 89 1275.05 811.9 1136.3 386.92 277.51 849.97
6935145301047_camera1-1.jpg 89 1263.2 816.01 1120.76 390.62 284.88 850.79
6935145301047_camera1-22.jpg 89 1275.39 812.64 1140.34 389.9 270.11 845.48
6935145301047_camera1-24.jpg 89 1270.42 811.68 1130.07 374.9 280.71 873.56
6935145301047_camera1-27.jpg 89 1273.24 812.54 1135.41 387.03 275.66 851.03
6935145301047_camera1-20.jpg 89 1275.03 816.56 1133.96 390.89 282.13 851.34
6935145301047_camera1-21.jpg 89 1273.78 811.2 1132.31 386.77 282.95 848.86
6935145301047_camera1-28.jpg 89 1272.06 810.64 1137.16 381.12 269.8 859.04
6935145301047_camera1-26.jpg 89 1275.86 812.79 1133.73 384.29 284.25 856.99
6935145301047_camera1-30.jpg 89 1269.07 810.64 1134.28 384.86 269.58 851.56
6935145301047_camera1-23.jpg 89 1274.16 814.24 1137.26 386.87 273.81 854.73
6935145301047_camera1-29.jpg 89 1271.17 810.51 1135.59 383.15 271.17 854.73
6935145301047_camera1-2.jpg 89 1259.81 816.14 1121.97 391.07 275.68 850.15
6935145301047_camera1-32.jpg 89 1270.58 810.48 1134.2 383.11 272.75 854.73
6935145301047_camera1-31.jpg 89 1270.08 814.09 1133.96 385.94 272.23 856.29
6935145301047_camera1-33.jpg 89 1268.0 810.84 1132.41 383.47 271.17 854.73
6935145301047_camera1-37.jpg 89 1259.51 812.54 1118.44 388.52 282.13 848.04
6935145301047_camera1-36.jpg 89 1265.24 812.62 1130.45 386.84 269.58 851.56
6935145301047_camera1-34.jpg 89 1264.16 809.27 1124.61 379.07 279.1 860.41
6935145301047_camera1-40.jpg 89 1260.97 813.5 1122.01 387.39 277.93 852.22
6935145301047_camera1-38.jpg 89 1261.89 815.12 1125.52 390.93 272.75 848.38
6935145301047_camera1-3.jpg 89 1259.44 817.3 1119.77 393.31 279.35 847.97
6935145301047_camera1-39.jpg 89 1262.39 812.64 1125.49 386.2 273.81 852.88
6935145301047_camera1-4.jpg 89 1260.17 816.84 1117.46 392.82 285.43 848.04
6935145301047_camera1-35.jpg 89 1265.12 810.6 1127.95 382.44 274.34 856.31
6935145301047_camera1-5.jpg 89 1260.67 818.27 1121.71 395.71 277.93 845.13
6935145301047_camera1-6.jpg 89 1258.53 815.74 1120.76 392.54 275.53 846.39
6935145301047_camera1-8.jpg 89 1264.41 820.08 1129.62 400.64 269.58 838.87
6935145301047_camera1-7.jpg 89 1263.2 818.9 1122.69 398.32 281.03 841.16
6935145301047_camera1-9.jpg 89 1263.52 819.74 1126.62 398.85 273.81 841.78
6935145301047_camera2-12.jpg 89 1267.13 839.89 1135.61 702.72 263.04 274.35
6935145301047_camera2-10.jpg 89 1266.5 843.33 1139.41 708.76 254.18 269.13
6935145301047_camera2-13.jpg 89 1266.73 840.3 1137.63 704.54 258.19 271.52
6935145301047_camera2-14.jpg 89 1263.7 839.69 1134.0 700.9 259.4 277.58
6935145301047_camera2-11.jpg 89 1265.93 840.48 1138.94 705.33 253.98 270.29
6935145301047_camera2-1.jpg 89 1257.93 843.09 1129.25 709.06 257.37 268.06
6935145301047_camera2-19.jpg 89 1262.57 836.4 1136.84 697.08 251.46 278.64
6935145301047_camera2-16.jpg 89 1265.49 838.68 1138.4 700.04 254.18 277.28
6935145301047_camera2-18.jpg 89 1263.27 837.05 1135.58 698.64 255.39 276.82
6935145301047_camera2-15.jpg 89 1267.13 839.84 1138.89 701.35 256.48 276.97
6935145301047_camera2-17.jpg 89 1266.25 838.64 1138.48 700.0 255.53 277.28
6935145301047_camera2-21.jpg 89 1259.61 836.49 1131.84 697.17 255.53 278.64
6935145301047_camera2-22.jpg 89 1260.76 833.75 1131.18 694.82 259.15 277.86
6935145301047_camera2-25.jpg 89 1256.22 836.4 1129.13 698.44 254.18 275.92
6935145301047_camera2-23.jpg 89 1258.04 835.4 1130.35 695.65 255.39 279.5
6935145301047_camera2-20.jpg 89 1262.31 838.04 1135.03 697.78 254.55 280.53
6935145301047_camera2-24.jpg 89 1257.29 838.83 1128.85 699.51 256.89 278.64
6935145301047_camera2-2.jpg 89 1259.71 843.99 1131.03 709.96 257.37 268.06
6935145301047_camera2-26.jpg 89 1255.55 836.94 1127.11 696.6 256.89 280.68
6935145301047_camera2-29.jpg 89 1251.4 838.56 1122.57 700.9 257.67 275.33
6935145301047_camera2-35.jpg 89 1252.59 841.31 1123.9 706.39 257.37 269.84
6935145301047_camera2-28.jpg 89 1252.64 837.19 1125.65 699.71 253.98 274.95
6935145301047_camera2-30.jpg 89 1252.44 837.52 1121.53 699.86 261.83 275.33
6935145301047_camera2-36.jpg 89 1253.05 843.91 1125.96 710.03 254.18 267.77
6935145301047_camera2-31.jpg 89 1253.18 837.76 1126.09 701.16 254.18 273.2
6935145301047_camera2-34.jpg 89 1252.33 839.94 1124.71 703.98 255.24 271.91
6935145301047_camera2-27.jpg 89 1253.81 836.6 1126.82 698.54 253.98 276.12
6935145301047_camera2-37.jpg 89 1254.23 842.64 1126.08 708.66 256.31 267.96
6935145301047_camera2-38.jpg 89 1256.23 842.9 1128.98 709.85 254.5 266.11
6935145301047_camera2-32.jpg 89 1251.25 837.75 1123.9 699.27 254.7 276.97
6935145301047_camera2-33.jpg 89 1253.23 840.1 1126.82 706.7 252.82 266.8
6935145301047_camera2-4.jpg 89 1262.83 843.1 1134.59 704.61 256.48 276.97
6935145301047_camera2-39.jpg 89 1255.54 843.86 1129.13 711.62 252.82 264.47
6935145301047_camera2-40.jpg 89 1256.76 843.24 1127.49 710.32 258.54 265.83
6935145301047_camera2-6.jpg 89 1264.1 842.91 1137.01 706.31 254.18 273.2
6935145301047_camera2-5.jpg 89 1262.18 844.06 1134.04 710.19 256.28 267.74
6935145301047_camera3-10.jpg 89 1380.15 1005.14 1241.97 506.33 276.37 997.62
6935145301047_camera3-12.jpg 89 1379.76 1003.72 1243.27 506.59 272.97 994.26
6935145301047_camera2-3.jpg 89 1261.08 845.38 1132.49 710.1 257.18 270.57
6935145301047_camera2-9.jpg 89 1265.75 842.27 1136.37 705.25 258.77 274.04
6935145301047_camera2-8.jpg 89 1266.13 842.91 1138.37 707.67 255.53 270.49
6935145301047_camera3-15.jpg 89 1384.91 1004.55 1241.27 506.35 287.28 996.39
6935145301047_camera3-16.jpg 89 1383.39 1001.48 1247.41 504.15 271.96 994.66
6935145301047_camera2-7.jpg 89 1263.56 843.07 1135.97 707.63 255.17 270.88
6935145301047_camera3-14.jpg 89 1382.85 1003.1 1246.87 507.74 271.96 990.71
6935145301047_camera3-11.jpg 89 1380.37 1003.48 1242.82 505.76 275.09 995.44
6935145301047_camera3-19.jpg 89 1382.55 998.88 1242.03 502.26 281.03 993.23
6935145301047_camera3-20.jpg 89 1384.7 1005.57 1245.95 506.05 277.51 999.03
6935145301047_camera3-22.jpg 89 1384.74 1000.52 1242.85 504.73 283.78 991.58
6935145301047_camera3-17.jpg 89 1386.08 1001.38 1246.77 503.7 278.61 995.37
6935145301047_camera3-13.jpg 89 1382.54 1001.01 1243.95 505.36 277.18 991.3
6935145301047_camera3-18.jpg 89 1384.08 1004.24 1245.12 507.94 277.93 992.6
6935145301047_camera3-1.jpg 89 1372.37 1003.25 1238.24 510.21 268.26 986.08
6935145301047_camera3-21.jpg 89 1386.07 996.96 1242.35 500.66 287.45 992.59
6935145301047_camera3-25.jpg 89 1385.42 1001.75 1243.95 508.03 282.95 987.45
6935145301047_camera3-23.jpg 89 1385.17 1003.77 1247.34 506.1 275.66 995.33
6935145301047_camera3-26.jpg 89 1385.42 998.88 1247.8 506.11 275.25 985.53
6935145301047_camera3-29.jpg 89 1381.83 1001.81 1249.55 508.77 264.56 986.08
6935145301047_camera3-27.jpg 89 1382.85 1000.58 1249.03 506.3 267.64 988.55
6935145301047_camera3-30.jpg 89 1380.97 1003.79 1244.13 508.2 273.67 991.18
6935145301047_camera3-32.jpg 89 1380.44 1001.39 1248.16 507.43 264.56 987.93
6935145301047_camera3-24.jpg 89 1383.77 1002.12 1246.87 508.15 273.81 987.93
6935145301047_camera3-28.jpg 89 1382.38 1001.67 1245.55 504.66 273.67 994.02
6935145301047_camera3-36.jpg 89 1375.66 1000.94 1242.92 503.43 265.48 995.02
6935145301047_camera3-31.jpg 89 1379.51 1002.63 1247.23 509.59 264.56 986.08
6935145301047_camera3-2.jpg 89 1373.88 1004.74 1236.33 509.15 275.09 991.18
6935145301047_camera3-35.jpg 89 1376.77 1001.75 1242.03 504.18 269.48 995.15
6935145301047_camera3-33.jpg 89 1378.36 1002.74 1244.9 504.15 266.92 997.18
6935145301047_camera3-34.jpg 89 1378.69 1002.72 1240.1 509.96 277.18 985.53
6935145301047_camera3-40.jpg 89 1373.55 1003.31 1237.57 507.49 271.96 991.63
6935145301047_camera3-37.jpg 89 1376.88 999.25 1235.4 504.56 282.95 989.38
6935145301047_camera3-8.jpg 89 1378.58 1004.9 1242.45 505.06 272.26 999.69
6935145301047_camera3-38.jpg 89 1373.86 1002.74 1241.12 507.38 265.48 990.71
6935145301047_camera3-39.jpg 89 1373.45 1002.43 1237.47 507.54 271.96 989.78
6935145301047_camera3-7.jpg 89 1375.02 1004.9 1238.89 506.47 272.26 996.86
6935145301047_camera3-3.jpg 89 1374.47 1003.31 1241.27 507.49 266.41 991.63
6935145301047_camera3-4.jpg 89 1374.84 1004.27 1239.78 510.31 270.11 987.93
6935145301047_camera3-6.jpg 89 1375.5 1002.42 1242.3 508.46 266.41 987.93
6935145301047_camera3-5.jpg 89 1375.75 1003.42 1234.28 504.88 282.95 997.08
6935145301047_camera3-9.jpg 89 1379.43 1006.23 1242.95 507.44 272.97 997.57
