6926265301130-back_camera0-11.jpg 9 1456.55 1149.66 982.01 960.96 949.08 377.41
6926265301130-back_camera0-12.jpg 9 1564.71 1149.41 1084.6 952.25 960.23 394.32
6926265301130-back_camera0-10.jpg 9 1390.72 1146.78 930.98 957.15 919.48 379.26
6926265301130-back_camera0-13.jpg 9 1570.24 1154.03 1053.83 953.57 1032.82 400.92
6926265301130-back_camera0-15.jpg 9 1560.68 1153.85 973.32 955.86 1174.71 395.97
6926265301130-back_camera0-14.jpg 9 1565.24 1153.16 1006.26 959.7 1117.96 386.93
6926265301130-back_camera0-18.jpg 9 1495.43 1154.18 920.44 952.9 1149.97 402.57
6926265301130-back_camera0-20.jpg 9 1454.07 1144.11 951.17 954.17 1005.81 379.88
6926265301130-back_camera0-17.jpg 9 1514.21 1158.98 927.68 954.4 1173.06 409.17
6926265301130-back_camera0-1.jpg 9 1344.91 1154.1 796.33 951.16 1097.17 405.87
6926265301130-back_camera0-16.jpg 9 1525.25 1156.07 937.07 954.78 1176.36 402.57
6926265301130-back_camera0-19.jpg 9 1473.56 1145.52 926.27 956.02 1094.58 379.0
6926265301130-back_camera0-27.jpg 9 1420.16 1150.94 867.0 958.54 1106.33 384.81
6926265301130-back_camera0-23.jpg 9 1519.78 1142.92 999.24 956.49 1041.07 372.87
6926265301130-back_camera0-21.jpg 9 1506.76 1145.55 1000.77 960.54 1011.98 370.01
6926265301130-back_camera0-22.jpg 9 1530.77 1139.0 1023.08 951.62 1015.38 374.76
6926265301130-back_camera0-26.jpg 9 1448.02 1147.66 882.82 958.03 1130.39 379.26
6926265301130-back_camera0-24.jpg 9 1504.76 1145.04 956.76 959.07 1095.99 371.93
6926265301130-back_camera0-25.jpg 9 1470.11 1144.07 909.15 950.21 1121.92 387.72
6926265301130-back_camera0-29.jpg 9 1361.62 1148.59 871.36 954.33 980.53 388.51
6926265301130-back_camera0-2.jpg 9 1389.27 1146.87 838.21 946.41 1102.12 400.92
6926265301130-back_camera0-31.jpg 9 1386.25 1150.73 953.33 954.63 865.83 392.21
6926265301130-back_camera0-28.jpg 9 1376.61 1148.37 849.2 950.11 1054.82 396.52
6926265301130-back_camera0-34.jpg 9 1416.66 1155.26 896.49 954.53 1040.35 401.46
6926265301130-back_camera0-30.jpg 9 1345.91 1153.3 897.27 959.05 897.28 388.51
6926265301130-back_camera0-32.jpg 9 1430.81 1153.46 999.74 956.43 862.13 394.06
6926265301130-back_camera0-33.jpg 9 1429.62 1153.31 944.9 957.2 969.43 392.21
6926265301130-back_camera0-37.jpg 9 1345.44 1162.1 760.3 955.95 1170.29 412.3
6926265301130-back_camera0-35.jpg 9 1396.18 1151.11 849.09 956.06 1094.18 390.1
6926265301130-back_camera0-39.jpg 9 1308.17 1153.97 738.09 954.96 1140.16 398.03
6926265301130-back_camera0-40.jpg 9 1289.88 1150.8 753.1 956.54 1073.56 388.51
6926265301130-back_camera0-3.jpg 9 1443.27 1149.95 895.51 953.62 1095.52 392.67
6926265301130-back_camera0-38.jpg 9 1327.6 1152.94 740.31 952.77 1174.58 400.35
6926265301130-back_camera0-36.jpg 9 1366.15 1147.43 781.27 944.5 1169.76 405.87
6926265301130-back_camera0-4.jpg 9 1442.15 1148.48 867.17 952.97 1149.97 391.02
6926265301130-back_camera0-8.jpg 9 1396.26 1147.38 841.07 951.05 1110.37 392.67
6926265301130-back_camera0-9.jpg 9 1389.59 1150.93 867.75 955.07 1043.67 391.73
6926265301130-back_camera0-5.jpg 9 1423.36 1145.14 831.06 947.16 1184.61 395.97
6926265301130-back_camera0-6.jpg 9 1414.94 1146.0 821.81 952.96 1186.26 386.07
6926265301130-back_camera0-7.jpg 9 1399.99 1152.33 823.36 954.34 1153.26 395.97
6926265301130-back_camera1-13.jpg 9 1402.61 1143.28 882.9 758.86 1039.42 768.84
6926265301130-back_camera1-17.jpg 9 1360.22 1114.83 793.49 734.53 1133.47 760.59
6926265301130-back_camera1-16.jpg 9 1366.79 1118.38 800.88 730.66 1131.82 775.44
6926265301130-back_camera1-1.jpg 9 1253.99 1112.01 762.65 815.89 982.68 592.25
6926265301130-back_camera1-19.jpg 9 1334.42 1072.7 846.06 769.94 976.73 605.51
6926265301130-back_camera1-23.jpg 9 1358.1 1057.43 834.26 677.96 1047.67 758.94
6926265301130-back_camera1-24.jpg 9 1343.9 1056.87 807.04 660.54 1073.73 792.66
6926265301130-back_camera1-21.jpg 9 1387.22 1050.48 911.23 729.58 951.98 641.8
6926265301130-back_camera1-18.jpg 9 1354.56 1098.41 816.7 751.94 1075.72 692.95
6926265301130-back_camera1-26.jpg 9 1294.64 1055.31 760.91 634.59 1067.47 841.44
6926265301130-back_camera1-20.jpg 9 1346.59 1055.4 871.56 778.18 950.06 554.44
6926265301130-back_camera1-22.jpg 9 1381.48 1051.95 880.93 707.38 1001.11 689.15
6926265301130-back_camera1-27.jpg 9 1275.39 1059.18 759.53 646.3 1031.72 825.76
6926265301130-back_camera1-25.jpg 9 1315.92 1059.8 774.95 645.04 1081.94 829.53
6926265301130-back_camera1-28.jpg 9 1248.81 1049.33 780.16 650.87 937.3 796.92
6926265301130-back_camera1-29.jpg 9 1236.97 1043.23 806.02 663.56 861.91 759.34
6926265301130-back_camera1-33.jpg 9 1262.95 1085.91 759.21 656.47 1007.49 858.88
6926265301130-back_camera1-30.jpg 9 1235.6 1043.8 843.52 692.25 784.16 703.09
6926265301130-back_camera1-2.jpg 9 1278.4 1127.47 778.56 792.82 999.69 669.3
6926265301130-back_camera1-31.jpg 9 1289.39 1059.48 887.94 688.91 802.91 741.14
6926265301130-back_camera1-34.jpg 9 1245.88 1089.34 710.77 654.32 1070.22 870.04
6926265301130-back_camera1-32.jpg 9 1279.3 1068.76 830.97 668.41 896.65 800.7
6926265301130-back_camera1-35.jpg 9 1233.15 1097.95 677.14 651.66 1112.02 892.58
6926265301130-back_camera1-36.jpg 9 1209.3 1112.38 649.17 671.59 1120.27 881.59
6926265301130-back_camera1-3.jpg 9 1279.4 1147.52 742.37 759.66 1074.07 775.72
6926265301130-back_camera1-39.jpg 9 1176.42 1110.84 656.72 732.94 1039.4 755.8
6926265301130-back_camera1-37.jpg 9 1193.66 1111.25 631.05 678.98 1125.22 864.54
6926265301130-back_camera1-38.jpg 9 1186.12 1112.35 637.54 708.13 1097.17 808.44
6926265301130-back_camera1-40.jpg 9 1190.81 1106.66 692.27 773.66 997.08 666.0
6926265301130-back_camera1-4.jpg 9 1270.31 1161.76 717.6 745.17 1105.42 833.19
6926265301130-back_camera1-5.jpg 9 1266.36 1170.31 704.71 737.7 1123.3 865.22
6926265301130-back_camera1-6.jpg 9 1262.45 1170.28 703.97 733.89 1116.97 872.79
6926265301130-back_camera2-12.jpg 9 1312.7 807.03 855.12 385.07 915.16 843.93
6926265301130-back_camera2-10.jpg 9 1320.4 841.31 891.43 496.48 857.94 689.65
6926265301130-back_camera2-11.jpg 9 1325.77 814.09 920.58 465.69 810.37 696.8
6926265301130-back_camera2-13.jpg 9 1307.16 799.02 834.47 351.31 945.38 895.43
6926265301130-back_camera2-16.jpg 9 1274.66 788.67 787.46 276.65 974.41 1024.04
6926265301130-back_camera2-15.jpg 9 1290.4 792.98 789.65 290.82 1001.5 1004.32
6926265301130-back_camera2-14.jpg 9 1292.08 801.57 795.46 302.07 993.23 999.0
6926265301130-back_camera1-7.jpg 9 1260.15 1169.38 734.78 729.8 1050.74 879.16
6926265301130-back_camera2-1.jpg 9 1313.89 917.89 951.28 502.55 725.22 830.68
6926265301130-back_camera2-17.jpg 9 1268.61 792.74 790.97 284.57 955.28 1016.33
6926265301130-back_camera2-21.jpg 9 1214.12 811.19 835.88 380.99 756.47 860.41
6926265301130-back_camera2-22.jpg 9 1209.64 807.58 801.7 350.54 815.88 914.08
6926265301130-back_camera2-19.jpg 9 1241.12 795.0 852.07 340.47 778.1 909.05
6926265301130-back_camera2-18.jpg 9 1255.5 791.95 807.01 298.22 896.98 987.45
6926265301130-back_camera2-20.jpg 9 1237.57 797.48 889.76 376.59 695.62 841.78
6926265301130-back_camera2-25.jpg 9 1188.41 831.41 681.9 328.2 1013.03 1006.43
6926265301130-back_camera2-26.jpg 9 1187.18 851.62 674.2 348.27 1025.95 1006.7
6926265301130-back_camera2-23.jpg 9 1204.61 817.65 758.9 337.95 891.42 959.41
6926265301130-back_camera2-29.jpg 9 1186.43 878.02 723.35 474.5 926.16 807.05
6926265301130-back_camera2-28.jpg 9 1184.69 872.06 699.05 437.29 971.28 869.53
6926265301130-back_camera2-31.jpg 9 1213.99 907.3 789.14 532.78 849.69 749.04
6926265301130-back_camera2-24.jpg 9 1195.71 826.47 718.43 326.55 954.57 999.83
6926265301130-back_camera2-30.jpg 9 1190.7 884.49 761.66 529.58 858.09 709.81
6926265301130-back_camera2-33.jpg 9 1225.65 925.75 740.01 461.7 971.28 928.11
6926265301130-back_camera2-34.jpg 9 1229.52 937.28 722.32 440.66 1014.4 993.23
6926265301130-back_camera2-32.jpg 9 1213.84 915.5 760.57 501.88 906.53 827.24
6926265301130-back_camera2-36.jpg 9 1248.63 940.3 757.79 422.24 981.68 1036.12
6926265301130-back_camera2-38.jpg 9 1260.18 941.95 812.24 445.34 895.88 993.23
6926265301130-back_camera2-37.jpg 9 1252.21 940.41 775.76 427.57 952.9 1025.69
6926265301130-back_camera2-35.jpg 9 1229.52 938.24 722.32 427.19 1014.4 1022.1
6926265301130-back_camera2-39.jpg 9 1268.84 937.0 860.05 470.11 817.57 933.79
6926265301130-back_camera2-8.jpg 9 1324.8 864.13 832.03 421.42 985.53 885.43
6926265301130-back_camera2-5.jpg 9 1332.49 892.05 820.48 390.62 1024.02 1002.85
6926265301130-back_camera2-9.jpg 9 1330.64 851.65 864.43 447.41 932.43 808.48
6926265301130-back_camera2-40.jpg 9 1280.8 927.1 922.78 499.78 716.05 854.64
6926265301130-back_camera2-4.jpg 9 1333.74 898.01 838.85 398.16 989.77 999.69
6926265301130-back_camera2-6.jpg 9 1338.38 886.18 819.75 390.71 1037.27 990.95
6926265301130-back_camera3-10.jpg 9 1523.98 1348.71 1047.99 1113.6 951.98 470.22
6926265301130-back_camera2-7.jpg 9 1336.55 870.66 827.79 404.45 1017.53 932.43
6926265301130-back_camera3-12.jpg 9 1528.36 1354.76 966.57 1108.93 1123.57 491.66
6926265301130-back_camera3-11.jpg 9 1538.26 1350.23 1035.89 1116.05 1004.74 468.37
6926265301130-back_camera3-15.jpg 9 1490.92 1339.78 900.95 1093.4 1179.94 492.76
6926265301130-back_camera3-13.jpg 9 1527.11 1348.44 947.58 1107.78 1159.06 481.32
6926265301130-back_camera3-14.jpg 9 1502.47 1338.12 902.88 1093.67 1199.19 488.91
6926265301130-back_camera3-22.jpg 9 1472.08 1303.33 925.13 1055.38 1093.89 495.9
6926265301130-back_camera3-21.jpg 9 1485.47 1303.48 956.36 1060.19 1058.23 486.57
6926265301130-back_camera3-23.jpg 9 1445.1 1305.17 889.15 1054.49 1111.89 501.37
6926265301130-back_camera3-18.jpg 9 1430.13 1310.41 913.97 1085.63 1032.33 449.56
6926265301130-back_camera3-16.jpg 9 1458.76 1328.91 898.19 1097.65 1121.14 462.51
6926265301130-back_camera3-17.jpg 9 1447.67 1323.95 890.4 1092.11 1114.55 463.69
6926265301130-back_camera3-1.jpg 9 1405.58 1330.08 863.59 1108.17 1083.97 443.82
6926265301130-back_camera3-27.jpg 9 1337.52 1308.51 843.56 1058.75 987.93 499.52
6926265301130-back_camera3-25.jpg 9 1381.3 1313.45 832.71 1051.94 1097.17 523.01
6926265301130-back_camera3-26.jpg 9 1362.55 1303.35 834.35 1053.74 1056.39 499.21
6926265301130-back_camera3-19.jpg 9 1471.71 1294.07 963.87 1069.29 1015.68 449.56
6926265301130-back_camera3-28.jpg 9 1316.62 1310.06 878.93 1063.99 875.38 492.14
6926265301130-back_camera3-20.jpg 9 1507.01 1300.48 1008.75 1064.55 996.53 471.87
6926265301130-back_camera3-29.jpg 9 1345.88 1314.38 914.44 1062.78 862.89 503.21
6926265301130-back_camera3-24.jpg 9 1421.7 1307.8 863.76 1055.26 1115.89 505.07
6926265301130-back_camera3-31.jpg 9 1396.97 1319.58 916.86 1064.67 960.23 509.81
6926265301130-back_camera3-34.jpg 9 1337.32 1338.16 761.69 1070.96 1151.26 534.4
6926265301130-back_camera3-32.jpg 9 1387.07 1336.94 875.61 1062.24 1022.92 549.41
6926265301130-back_camera3-33.jpg 9 1358.76 1337.3 809.44 1070.73 1098.63 533.13
6926265301130-back_camera3-2.jpg 9 1401.84 1343.98 836.67 1115.48 1130.35 457.0
6926265301130-back_camera3-35.jpg 9 1312.97 1340.32 721.49 1062.32 1182.96 556.01
6926265301130-back_camera3-30.jpg 9 1395.96 1310.26 967.67 1061.42 856.58 497.67
6926265301130-back_camera3-36.jpg 9 1282.7 1331.02 696.36 1073.65 1172.69 514.74
6926265301130-back_camera3-37.jpg 9 1271.34 1340.53 700.44 1078.28 1141.79 524.49
6926265301130-back_camera3-39.jpg 9 1299.86 1332.41 760.57 1094.67 1078.58 475.47
6926265301130-back_camera3-8.jpg 9 1357.77 1343.1 891.95 1117.63 931.63 450.93
6926265301130-back_camera3-7.jpg 9 1354.43 1346.48 845.67 1116.15 1017.53 460.66
6926265301130-back_camera3-40.jpg 9 1360.09 1329.42 819.87 1105.57 1080.43 447.71
6926265301130-back_camera3-3.jpg 9 1391.68 1348.77 806.69 1112.97 1169.99 471.59
6926265301130-back_camera3-6.jpg 9 1356.39 1356.1 795.57 1120.71 1121.64 470.78
6926265301130-back_camera3-9.jpg 9 1430.96 1340.58 954.57 1117.65 952.78 445.86
6926265301130_camera0-12.jpg 9 1545.16 1153.2 1056.8 960.17 976.73 386.07
6926265301130-back_camera3-5.jpg 9 1367.69 1357.81 791.27 1121.71 1152.84 472.2
6926265301130_camera0-11.jpg 9 1450.39 1152.04 966.15 959.0 968.48 386.07
6926265301130_camera0-10.jpg 9 1358.49 1153.66 873.78 964.96 969.43 377.41
6926265301130_camera0-1.jpg 9 1350.58 1151.45 834.17 952.64 1032.82 397.62
6926265301130_camera0-16.jpg 9 1513.16 1155.76 925.4 959.36 1175.53 392.79
6926265301130_camera0-15.jpg 9 1531.62 1152.05 951.69 954.06 1159.86 395.97
6926265301130_camera0-13.jpg 9 1546.38 1156.86 1042.24 960.75 1008.28 392.21
6926265301130_camera0-20.jpg 9 1463.95 1150.07 932.98 958.59 1061.93 382.96
6926265301130_camera0-22.jpg 9 1565.86 1152.78 1037.8 960.9 1056.12 383.75
6926265301130_camera0-14.jpg 9 1542.86 1152.66 992.03 961.04 1101.65 383.24
6926265301130_camera0-23.jpg 9 1562.68 1146.0 1013.38 959.46 1098.61 373.07
6926265301130_camera0-19.jpg 9 1463.07 1152.03 919.16 959.93 1087.83 384.2
6926265301130_camera0-24.jpg 9 1534.75 1147.35 960.59 954.31 1148.32 386.07
6926265301130_camera0-27.jpg 9 1437.49 1154.41 887.25 955.6 1100.47 397.62
6926265301130_camera0-25.jpg 9 1512.51 1154.55 935.29 962.14 1154.44 384.81
6926265301130_camera0-26.jpg 9 1479.86 1149.85 909.94 955.4 1139.83 388.9
6926265301130_camera0-21.jpg 9 1526.06 1147.61 981.35 959.69 1089.42 375.83
6926265301130_camera0-29.jpg 9 1395.49 1152.51 899.82 950.99 991.34 403.04
6926265301130_camera0-28.jpg 9 1417.69 1155.09 885.94 960.01 1063.5 390.15
6926265301130_camera0-32.jpg 9 1452.51 1149.74 1015.53 951.75 873.96 395.97
6926265301130_camera0-34.jpg 9 1439.05 1153.8 924.47 957.16 1029.16 393.27
6926265301130_camera0-31.jpg 9 1395.44 1148.87 956.57 948.41 877.74 400.92
6926265301130_camera0-30.jpg 9 1374.38 1152.32 944.11 956.03 860.53 392.58
6926265301130_camera0-2.jpg 9 1394.98 1154.8 876.04 957.77 1037.88 394.06
6926265301130_camera0-33.jpg 9 1446.47 1153.78 946.63 953.13 999.69 401.3
6926265301130_camera0-35.jpg 9 1409.19 1154.48 849.88 949.07 1118.62 410.82
6926265301130_camera0-3.jpg 9 1408.37 1148.78 868.41 956.9 1079.91 383.75
6926265301130_camera0-38.jpg 9 1342.47 1155.48 775.74 950.07 1133.47 410.82
6926265301130_camera0-39.jpg 9 1326.98 1156.09 773.96 953.72 1106.04 404.74
6926265301130_camera0-37.jpg 9 1365.59 1154.9 787.14 952.01 1156.9 405.78
6926265301130_camera0-36.jpg 9 1388.27 1151.31 812.46 946.72 1151.62 409.17
6926265301130_camera0-40.jpg 9 1309.89 1153.22 786.65 956.12 1046.49 394.21
6926265301130_camera0-4.jpg 9 1395.35 1147.38 815.35 959.05 1159.99 376.67
6926265301130_camera1-12.jpg 9 1382.87 1174.25 892.99 785.43 979.75 777.64
6926265301130_camera0-9.jpg 9 1352.85 1153.49 812.59 960.64 1080.52 385.7
6926265301130_camera0-7.jpg 9 1363.44 1151.56 767.36 959.94 1192.16 383.24
6926265301130_camera0-6.jpg 9 1366.48 1148.34 767.06 962.8 1198.84 371.07
6926265301130_camera1-13.jpg 9 1383.17 1172.38 879.07 778.17 1008.2 788.41
6926265301130_camera1-10.jpg 9 1275.29 1151.8 842.19 796.66 866.19 710.27
6926265301130_camera1-11.jpg 9 1377.25 1155.33 953.78 805.0 846.94 700.65
6926265301130_camera0-8.jpg 9 1352.88 1149.9 792.88 959.65 1119.99 380.5
6926265301130_camera1-15.jpg 9 1369.39 1161.48 818.07 753.54 1102.63 815.88
6926265301130_camera0-5.jpg 9 1388.45 1148.58 792.89 957.15 1191.12 382.86
6926265301130_camera1-14.jpg 9 1381.41 1168.58 848.29 760.64 1066.25 815.88
6926265301130_camera1-16.jpg 9 1359.63 1149.77 803.57 751.11 1112.12 797.32
6926265301130_camera1-18.jpg 9 1335.38 1117.94 809.9 764.04 1050.97 707.8
6926265301130_camera1-17.jpg 9 1343.85 1130.99 800.55 757.85 1086.6 746.28
6926265301130_camera1-21.jpg 9 1417.03 1066.2 934.16 747.99 965.73 636.42
6926265301130_camera1-1.jpg 9 1243.68 1095.39 772.64 807.49 942.08 575.81
6926265301130_camera1-19.jpg 9 1324.48 1092.66 839.53 781.41 969.91 622.5
6926265301130_camera1-23.jpg 9 1396.66 1073.4 860.59 687.47 1072.15 771.87
6926265301130_camera1-20.jpg 9 1360.43 1078.57 866.29 798.91 988.28 559.31
6926265301130_camera1-22.jpg 9 1411.29 1068.45 897.16 706.25 1028.26 724.4
6926265301130_camera1-28.jpg 9 1280.22 1059.16 800.1 648.34 960.23 821.64
6926265301130_camera1-27.jpg 9 1290.91 1067.49 793.9 647.05 994.02 840.88
6926265301130_camera1-29.jpg 9 1258.61 1056.8 827.28 670.73 862.65 772.14
6926265301130_camera1-26.jpg 9 1327.18 1075.8 791.19 653.19 1071.98 845.21
6926265301130_camera1-25.jpg 9 1346.54 1079.98 798.78 660.91 1095.52 838.14
6926265301130_camera1-24.jpg 9 1370.54 1074.04 823.19 664.23 1094.7 819.61
6926265301130_camera1-32.jpg 9 1295.07 1056.36 848.5 646.36 893.13 819.99
6926265301130_camera1-2.jpg 9 1246.73 1124.65 740.42 790.96 1012.62 667.38
6926265301130_camera1-30.jpg 9 1285.32 1041.35 893.86 689.59 782.92 703.51
6926265301130_camera1-38.jpg 9 1194.63 1099.61 669.74 696.82 1049.78 805.57
6926265301130_camera1-34.jpg 9 1266.14 1081.91 747.15 637.37 1037.98 889.09
6926265301130_camera1-33.jpg 9 1279.26 1074.3 770.16 626.0 1018.21 896.59
6926265301130_camera1-35.jpg 9 1244.13 1089.99 699.42 640.43 1089.42 899.13
6926265301130_camera1-31.jpg 9 1305.49 1046.0 918.99 678.94 773.01 734.12
6926265301130_camera1-40.jpg 9 1191.69 1098.85 726.27 769.8 930.84 658.09
6926265301130_camera1-3.jpg 9 1240.56 1138.5 700.34 769.42 1080.43 738.17
6926265301130_camera1-36.jpg 9 1228.93 1097.67 670.72 654.96 1116.42 885.43
6926265301130_camera1-5.jpg 9 1228.99 1170.63 661.95 751.59 1134.09 838.08
6926265301130_camera1-37.jpg 9 1206.95 1099.04 664.88 676.3 1084.13 845.48
6926265301130_camera1-39.jpg 9 1189.47 1096.56 685.16 726.02 1008.63 741.07
6926265301130_camera1-6.jpg 9 1224.82 1171.3 669.81 745.78 1110.03 851.03
6926265301130_camera1-7.jpg 9 1222.3 1174.14 680.45 744.9 1083.7 858.49
6926265301130_camera1-9.jpg 9 1236.83 1159.0 774.58 769.69 924.5 778.61
6926265301130_camera2-10.jpg 9 1321.22 866.72 894.73 505.4 852.99 722.65
6926265301130_camera1-4.jpg 9 1237.54 1155.33 676.44 753.03 1122.19 804.59
6926265301130_camera2-14.jpg 9 1331.01 818.35 829.64 339.18 1002.73 958.33
6926265301130_camera2-11.jpg 9 1340.99 833.49 910.79 460.07 860.41 746.84
6926265301130_camera1-8.jpg 9 1231.77 1165.34 745.05 758.48 973.44 813.72
6926265301130_camera2-12.jpg 9 1339.24 823.71 864.76 392.54 948.96 862.34
6926265301130_camera2-15.jpg 9 1322.78 809.91 817.71 315.64 1010.13 988.55
6926265301130_camera2-19.jpg 9 1264.3 804.19 861.73 357.9 805.14 892.58
6926265301130_camera2-16.jpg 9 1312.34 806.25 817.17 301.91 990.34 1008.68
6926265301130_camera2-13.jpg 9 1337.53 822.51 854.66 378.5 965.73 888.03
6926265301130_camera2-18.jpg 9 1287.26 803.82 838.13 321.0 898.27 965.64
6926265301130_camera2-23.jpg 9 1215.93 792.46 766.45 302.69 898.97 979.55
6926265301130_camera2-17.jpg 9 1292.88 807.18 820.16 314.26 945.43 985.85
6926265301130_camera2-27.jpg 9 1195.08 834.75 702.96 367.45 984.23 934.59
6926265301130_camera2-25.jpg 9 1206.41 812.81 716.86 296.3 979.11 1033.01
6926265301130_camera2-21.jpg 9 1234.64 782.4 873.66 356.39 721.97 852.02
6926265301130_camera2-1.jpg 9 1292.7 943.8 935.07 527.23 715.25 833.14
6926265301130_camera2-24.jpg 9 1210.9 800.02 728.68 292.62 964.45 1014.81
6926265301130_camera2-20.jpg 9 1258.68 801.25 901.35 381.93 714.67 838.65
6926265301130_camera2-28.jpg 9 1197.12 840.07 710.13 387.73 973.98 904.68
6926265301130_camera2-22.jpg 9 1226.0 788.69 816.81 325.36 818.39 926.67
6926265301130_camera2-26.jpg 9 1206.23 816.73 696.65 304.53 1019.16 1024.4
6926265301130_camera2-29.jpg 9 1194.33 856.15 742.19 452.63 904.28 807.05
6926265301130_camera2-31.jpg 9 1181.34 886.16 762.15 532.47 838.38 707.39
6926265301130_camera2-2.jpg 9 1300.74 942.1 893.63 477.24 814.22 929.71
6926265301130_camera2-30.jpg 9 1184.76 878.32 783.14 544.43 803.23 667.79
6926265301130_camera2-33.jpg 9 1194.54 907.05 700.98 438.67 987.11 936.75
6926265301130_camera2-36.jpg 9 1216.14 928.08 718.73 423.93 994.83 1008.3
6926265301130_camera2-32.jpg 9 1187.88 898.05 729.22 491.19 917.32 813.72
6926265301130_camera2-38.jpg 9 1235.42 928.39 792.3 446.98 886.25 962.82
6926265301130_camera2-34.jpg 9 1198.72 914.18 695.37 434.89 1006.7 958.58
6926265301130_camera2-35.jpg 9 1207.12 928.45 698.46 421.05 1017.33 1014.81
6926265301130_camera2-39.jpg 9 1243.47 927.71 833.64 471.84 819.67 911.74
6926265301130_camera2-3.jpg 9 1310.26 940.83 863.59 453.74 893.34 974.17
6926265301130_camera2-40.jpg 9 1260.01 924.67 904.95 509.18 710.11 830.98
6926265301130_camera2-37.jpg 9 1228.87 930.69 758.92 434.24 939.9 992.91
6926265301130_camera2-6.jpg 9 1326.74 909.57 821.85 421.05 1009.77 977.04
6926265301130_camera2-4.jpg 9 1315.4 930.97 831.92 431.12 966.96 999.7
6926265301130_camera2-7.jpg 9 1323.74 904.44 822.47 420.9 1002.53 967.08
6926265301130_camera3-12.jpg 9 1503.72 1336.57 942.54 1099.14 1122.37 474.85
6926265301130_camera2-8.jpg 9 1323.35 881.82 851.58 452.6 943.53 858.43
6926265301130_camera2-5.jpg 9 1317.21 923.29 821.62 412.81 991.18 1020.96
6926265301130_camera3-11.jpg 9 1509.99 1339.34 996.6 1110.86 1026.78 456.96
6926265301130_camera2-9.jpg 9 1322.06 880.42 860.16 469.25 923.8 822.35
6926265301130_camera3-14.jpg 9 1484.91 1334.37 898.9 1095.94 1172.02 476.85
6926265301130_camera3-19.jpg 9 1491.67 1304.91 950.27 1075.76 1082.8 458.3
6926265301130_camera3-10.jpg 9 1478.95 1340.83 1005.34 1116.05 947.23 449.56
6926265301130_camera3-15.jpg 9 1467.55 1329.22 879.43 1094.31 1176.23 469.83
6926265301130_camera3-13.jpg 9 1503.39 1338.94 929.1 1102.13 1148.58 473.61
6926265301130_camera3-18.jpg 9 1437.33 1316.42 906.36 1089.79 1061.93 453.26
6926265301130_camera3-20.jpg 9 1525.76 1301.07 994.53 1069.55 1062.46 463.04
6926265301130_camera3-22.jpg 9 1501.66 1302.11 934.22 1047.34 1134.88 509.54
6926265301130_camera3-16.jpg 9 1447.75 1327.94 872.85 1096.4 1149.8 463.08
6926265301130_camera3-17.jpg 9 1425.17 1318.7 886.01 1093.52 1078.32 450.36
6926265301130_camera3-23.jpg 9 1479.36 1308.25 907.69 1049.77 1143.34 516.96
6926265301130_camera3-1.jpg 9 1371.72 1321.35 825.79 1102.97 1091.86 436.75
6926265301130_camera3-27.jpg 9 1356.63 1302.39 880.9 1045.5 951.46 513.79
6926265301130_camera3-21.jpg 9 1525.98 1302.68 977.92 1055.94 1096.12 493.47
6926265301130_camera3-25.jpg 9 1420.19 1306.2 867.55 1042.97 1105.28 526.47
6926265301130_camera3-31.jpg 9 1421.01 1313.8 951.24 1064.03 939.53 499.54
6926265301130_camera3-32.jpg 9 1403.47 1327.97 888.1 1065.53 1030.75 524.89
6926265301130_camera3-30.jpg 9 1427.78 1308.05 978.98 1062.02 897.6 492.05
6926265301130_camera3-29.jpg 9 1370.57 1304.52 937.27 1052.92 866.6 503.19
6926265301130_camera3-28.jpg 9 1343.95 1304.04 893.46 1046.88 900.98 514.32
6926265301130_camera3-2.jpg 9 1359.66 1334.27 782.3 1105.14 1154.73 458.25
6926265301130_camera3-26.jpg 9 1392.03 1306.72 860.01 1044.28 1064.05 524.89
6926265301130_camera3-24.jpg 9 1444.76 1306.24 875.25 1039.48 1139.01 533.52
6926265301130_camera3-33.jpg 9 1374.01 1338.21 817.15 1069.95 1113.73 536.52
6926265301130_camera3-34.jpg 9 1360.45 1338.47 792.48 1065.59 1135.94 545.77
6926265301130_camera3-36.jpg 9 1306.07 1338.19 736.03 1071.61 1140.07 533.17
6926265301130_camera3-38.jpg 9 1280.69 1328.5 765.45 1082.44 1030.48 492.12
6926265301130_camera3-4.jpg 9 1337.01 1343.96 733.65 1115.66 1206.72 456.6
6926265301130_camera3-40.jpg 9 1355.05 1324.14 836.51 1102.13 1037.09 444.01
6926265301130_camera3-35.jpg 9 1326.89 1336.54 749.76 1062.87 1154.26 547.35
6926265301130_camera3-6.jpg 9 1319.03 1348.9 763.08 1123.2 1111.89 451.41
6926265301130_camera3-7.jpg 9 1319.13 1347.67 780.29 1119.37 1077.68 456.6
6926265301130_camera3-39.jpg 9 1301.38 1324.87 780.45 1090.17 1041.85 469.39
6926265301130_camera3-37.jpg 9 1291.53 1330.3 747.62 1078.16 1087.83 504.27
6926265301130_camera3-3.jpg 9 1352.28 1337.38 756.01 1112.62 1192.54 449.51
6926265301130_camera3-5.jpg 9 1328.48 1347.11 734.61 1123.25 1187.74 447.71
6926265301130_camera3-9.jpg 9 1385.92 1341.79 905.73 1112.08 960.39 459.43
6926265301130_camera3-8.jpg 9 1347.35 1343.38 870.9 1114.25 952.9 458.25
