6906151601353_camera0-11.jpg 90 1453.38 1021.3 1289.13 730.99 328.49 580.62
6906151601353_camera0-16.jpg 90 1424.78 1025.14 1292.37 737.33 264.82 575.63
6906151601353_camera0-20.jpg 90 1399.68 1020.17 1310.01 723.93 179.35 592.49
6906151601353_camera0-1.jpg 90 1406.79 1027.01 1334.64 729.68 144.3 594.66
6906151601353_camera0-22.jpg 90 1387.73 1022.26 1313.73 736.43 148.0 571.67
6906151601353_camera0-23.jpg 90 1380.47 1023.38 1284.39 730.34 192.16 586.08
6906151601353_camera0-35.jpg 90 1358.44 1018.66 1195.35 721.41 326.19 594.51
6906151601353_camera0-2.jpg 90 1423.7 1031.38 1342.04 723.93 163.33 614.91
6906151601353_camera0-30.jpg 90 1354.0 1020.91 1195.82 731.21 316.37 579.41
6906151601353_camera0-3.jpg 90 1424.21 1026.56 1318.99 718.78 210.45 615.56
6906151601353_camera0-4.jpg 90 1436.52 1028.18 1326.03 723.93 220.98 608.5
6906151601353_camera0-40.jpg 90 1408.38 1028.45 1335.44 731.12 145.89 594.66
6906151601353_camera0-38.jpg 90 1384.76 1025.24 1271.64 721.41 226.23 607.66
6906151601353_camera0-5.jpg 90 1446.99 1027.43 1322.83 728.72 248.32 597.42
6906151601353_camera0-8.jpg 90 1455.79 1022.61 1303.21 724.04 305.15 597.14
6906151601353_camera0-7.jpg 90 1449.21 1025.24 1300.58 724.04 297.26 602.4
6906151601353_camera1-17.jpg 90 1273.18 959.33 1159.49 688.7 227.39 541.25
6906151601353_camera1-18.jpg 90 1270.33 959.48 1166.42 692.47 207.82 534.01
6906151601353_camera1-19.jpg 90 1261.49 957.32 1180.62 694.08 161.75 526.47
6906151601353_camera1-1.jpg 90 1272.95 1026.56 1187.46 750.35 170.99 552.42
6906151601353_camera1-20.jpg 90 1253.48 957.53 1180.75 689.47 145.46 536.12
6906151601353_camera1-27.jpg 90 1219.04 966.06 1071.72 705.63 294.63 520.86
6906151601353_camera1-25.jpg 90 1226.12 963.76 1103.0 700.9 246.24 525.73
6906151601353_camera1-21.jpg 90 1246.12 958.96 1174.08 692.55 144.08 532.82
6906151601353_camera1-26.jpg 90 1228.24 964.75 1082.24 700.37 291.99 528.75
6906151601353_camera1-31.jpg 90 1213.94 972.13 1047.4 723.93 333.07 496.41
6906151601353_camera1-2.jpg 90 1284.08 1023.06 1200.03 753.48 168.09 539.16
6906151601353_camera1-29.jpg 90 1216.6 963.95 1061.79 720.82 309.62 486.25
6906151601353_camera1-30.jpg 90 1216.39 967.37 1055.93 721.41 320.93 491.92
6906151601353_camera1-28.jpg 90 1215.36 966.5 1066.23 719.51 298.25 493.98
6906151601353_camera1-32.jpg 90 1217.19 980.49 1061.34 735.58 311.7 489.81
6906151601353_camera1-3.jpg 90 1290.83 1019.95 1194.89 747.99 191.88 543.92
6906151601353_camera1-38.jpg 90 1255.86 1033.13 1153.26 763.5 205.19 539.27
6906151601353_camera1-36.jpg 90 1235.12 1014.5 1106.81 748.0 256.63 533.0
6906151601353_camera1-37.jpg 90 1241.16 1018.58 1121.06 743.15 240.2 550.85
6906151601353_camera1-39.jpg 90 1260.57 1025.82 1186.04 755.44 149.06 540.75
6906151601353_camera1-40.jpg 90 1276.9 1026.56 1187.46 752.98 178.88 547.16
6906151601353_camera1-5.jpg 90 1304.53 1005.38 1173.62 743.04 261.83 524.69
6906151601353_camera1-6.jpg 90 1306.33 996.44 1169.05 740.23 274.56 512.43
6906151601353_camera1-7.jpg 90 1308.48 993.67 1161.16 737.19 294.63 512.96
6906151601353_camera1-4.jpg 90 1302.0 1018.58 1185.11 743.15 233.79 550.85
6906151601353_camera2-10.jpg 90 1257.17 801.64 1182.2 658.28 149.94 286.73
6906151601353_camera2-11.jpg 90 1250.16 807.97 1185.15 665.48 130.02 284.98
6906151601353_camera1-8.jpg 90 1309.57 976.05 1158.01 732.07 303.11 487.96
6906151601353_camera2-12.jpg 90 1241.39 804.28 1161.16 655.65 160.47 297.26
6906151601353_camera2-17.jpg 90 1222.97 840.17 1089.38 731.52 267.17 217.3
6906151601353_camera2-13.jpg 90 1240.47 810.3 1162.58 672.49 155.78 275.62
6906151601353_camera2-16.jpg 90 1224.29 830.58 1084.87 710.89 278.84 239.38
6906151601353_camera2-19.jpg 90 1221.94 853.63 1063.41 752.75 317.06 201.77
6906151601353_camera2-21.jpg 90 1220.19 861.79 1080.64 776.16 279.09 171.26
6906151601353_camera2-18.jpg 90 1217.71 845.05 1074.35 742.45 286.73 205.19
6906151601353_camera2-1.jpg 90 1308.1 835.03 1166.77 755.2 282.65 159.65
6906151601353_camera2-20.jpg 90 1222.97 851.62 1061.19 760.87 323.56 181.51
6906151601353_camera2-15.jpg 90 1228.23 823.6 1113.89 699.27 228.68 248.66
6906151601353_camera2-14.jpg 90 1231.49 817.84 1122.6 681.47 217.79 272.74
6906151601353_camera2-22.jpg 90 1224.61 873.69 1083.9 785.08 281.42 177.22
6906151601353_camera2-25.jpg 90 1233.5 883.19 1100.65 766.13 265.69 234.12
6906151601353_camera2-26.jpg 90 1240.96 885.96 1123.29 761.88 235.34 248.16
6906151601353_camera2-24.jpg 90 1231.07 881.69 1094.81 775.71 272.51 211.95
6906151601353_camera2-23.jpg 90 1227.01 878.49 1088.37 780.62 277.28 195.73
6906151601353_camera2-27.jpg 90 1250.6 893.72 1137.48 752.98 226.23 281.47
6906151601353_camera2-29.jpg 90 1262.29 889.78 1181.25 748.74 162.08 282.09
6906151601353_camera2-31.jpg 90 1267.69 889.77 1187.46 737.19 160.47 305.15
6906151601353_camera2-35.jpg 90 1305.21 876.06 1181.91 746.35 246.6 259.41
6906151601353_camera2-33.jpg 90 1284.79 883.19 1187.46 731.93 194.66 302.52
6906151601353_camera2-28.jpg 90 1254.06 891.11 1162.68 752.3 182.75 277.62
6906151601353_camera2-30.jpg 90 1266.52 889.22 1195.91 748.38 141.22 281.67
6906151601353_camera2-2.jpg 90 1307.12 828.15 1162.91 754.54 288.41 147.23
6906151601353_camera2-34.jpg 90 1295.31 877.93 1190.09 737.19 210.45 281.47
6906151601353_camera2-32.jpg 90 1280.84 887.13 1190.09 737.19 181.51 299.89
6906151601353_camera2-36.jpg 90 1301.98 867.44 1177.17 750.65 249.61 233.58
6906151601353_camera2-39.jpg 90 1305.84 841.11 1155.89 752.98 299.89 176.25
6906151601353_camera2-3.jpg 90 1305.84 817.42 1158.53 726.67 294.62 181.51
6906151601353_camera2-38.jpg 90 1306.69 851.78 1168.9 764.76 275.57 174.04
6906151601353_camera2-37.jpg 90 1310.01 868.04 1165.89 749.55 288.24 236.99
6906151601353_camera2-40.jpg 90 1303.2 827.95 1142.74 750.35 320.93 155.2
6906151601353_camera2-4.jpg 90 1297.91 818.93 1162.04 722.37 271.75 193.12
6906151601353_camera2-5.jpg 90 1292.39 812.0 1162.69 688.7 259.41 246.6
6906151601353_camera2-6.jpg 90 1290.06 810.85 1163.79 681.95 252.54 257.8
6906151601353_camera2-9.jpg 90 1265.07 805.6 1182.2 655.65 165.73 299.89
6906151601353_camera2-7.jpg 90 1283.48 812.17 1166.42 676.69 234.12 270.95
6906151601353_camera2-8.jpg 90 1273.18 808.8 1172.3 663.08 201.77 291.44
6906151601353_camera3-11.jpg 90 1417.14 1179.6 1260.69 887.61 312.91 583.97
6906151601353_camera3-12.jpg 90 1413.36 1178.63 1261.12 888.44 304.47 580.39
6906151601353_camera3-14.jpg 90 1397.72 1179.37 1261.35 880.57 272.74 597.59
6906151601353_camera3-13.jpg 90 1409.56 1179.91 1259.86 882.93 299.4 593.96
6906151601353_camera3-16.jpg 90 1384.66 1183.14 1278.41 881.85 212.49 602.59
6906151601353_camera3-18.jpg 90 1366.06 1185.11 1268.38 871.25 195.36 627.72
6906151601353_camera3-17.jpg 90 1377.78 1185.53 1281.93 880.81 191.69 609.45
6906151601353_camera3-20.jpg 90 1360.43 1185.05 1288.28 883.75 144.3 602.59
6906151601353_camera3-21.jpg 90 1351.87 1177.82 1247.96 863.46 207.82 628.71
6906151601353_camera3-1.jpg 90 1399.69 1212.34 1303.61 890.47 192.16 643.73
6906151601353_camera3-25.jpg 90 1337.42 1186.91 1200.52 886.28 273.81 601.27
6906151601353_camera3-24.jpg 90 1340.51 1188.07 1209.25 885.43 262.53 605.29
6906151601353_camera3-27.jpg 90 1332.75 1185.52 1182.56 887.85 300.39 595.34
6906151601353_camera3-26.jpg 90 1330.84 1185.12 1169.1 877.66 323.47 614.91
6906151601353_camera3-2.jpg 90 1410.36 1207.82 1302.88 890.33 214.96 634.97
6906151601353_camera3-30.jpg 90 1328.12 1187.76 1167.07 890.58 322.09 594.35
6906151601353_camera3-31.jpg 90 1326.03 1205.93 1149.88 903.28 352.29 605.3
6906151601353_camera3-32.jpg 90 1336.23 1195.16 1183.32 892.05 305.83 606.22
6906151601353_camera3-33.jpg 90 1336.09 1192.28 1176.94 879.24 318.3 626.08
6906151601353_camera3-35.jpg 90 1346.62 1205.44 1211.14 881.88 270.95 647.12
6906151601353_camera3-38.jpg 90 1374.94 1211.97 1291.3 896.21 167.28 631.53
6906151601353_camera3-34.jpg 90 1337.24 1202.72 1181.91 884.06 310.66 637.32
6906151601353_camera3-3.jpg 90 1413.69 1214.64 1282.16 895.03 263.06 639.23
6906151601353_camera3-4.jpg 90 1421.12 1204.2 1291.09 894.19 260.07 620.03
6906151601353_camera3-40.jpg 90 1396.42 1211.89 1310.97 892.49 170.91 638.81
