6948960100429_camera0-10.jpg 91 1395.27 1051.55 1234.81 776.65 320.93 549.79
6948960100429_camera0-13.jpg 91 1412.35 1053.1 1262.52 781.14 299.66 543.92
6948960100429_camera0-12.jpg 91 1399.61 1053.87 1251.6 787.46 296.01 532.82
6948960100429_camera0-11.jpg 91 1400.54 1050.23 1242.7 771.39 315.67 557.68
6948960100429_camera0-16.jpg 91 1421.16 1046.81 1267.56 771.07 307.21 551.47
6948960100429_camera0-17.jpg 91 1424.21 1047.6 1263.75 768.76 320.93 557.68
6948960100429_camera0-14.jpg 91 1413.66 1051.07 1256.53 775.16 314.27 551.81
6948960100429_camera0-23.jpg 91 1434.34 1049.3 1282.11 784.47 304.47 529.65
6948960100429_camera0-15.jpg 91 1416.72 1053.69 1257.97 777.85 317.5 551.68
6948960100429_camera0-18.jpg 91 1424.94 1050.58 1275.11 783.66 299.66 533.84
6948960100429_camera0-26.jpg 91 1425.53 1051.55 1263.75 779.28 323.56 544.53
6948960100429_camera0-21.jpg 91 1434.3 1053.1 1284.29 788.69 300.02 528.81
6948960100429_camera0-1.jpg 91 1374.58 1049.32 1224.75 786.18 299.66 526.29
6948960100429_camera0-19.jpg 91 1433.42 1050.23 1274.27 771.39 318.3 557.68
6948960100429_camera0-20.jpg 91 1433.27 1049.58 1273.69 773.94 319.16 551.28
6948960100429_camera0-22.jpg 91 1436.28 1051.85 1282.67 786.18 307.21 531.33
6948960100429_camera0-27.jpg 91 1425.53 1043.65 1261.12 771.39 328.82 544.53
6948960100429_camera0-24.jpg 91 1432.75 1049.55 1283.82 784.99 297.86 529.12
6948960100429_camera0-25.jpg 91 1433.42 1050.23 1276.9 776.65 313.04 547.16
6948960100429_camera0-28.jpg 91 1425.24 1050.1 1271.8 780.85 306.88 538.49
6948960100429_camera0-29.jpg 91 1416.12 1049.32 1262.52 786.18 307.21 526.29
6948960100429_camera0-2.jpg 91 1377.14 1049.79 1219.39 774.8 315.49 549.98
6948960100429_camera0-30.jpg 91 1413.69 1048.91 1261.12 781.91 305.15 534.01
6948960100429_camera0-31.jpg 91 1410.55 1048.62 1263.47 790.54 294.16 516.17
6948960100429_camera0-33.jpg 91 1401.71 1047.49 1248.03 775.6 307.36 543.79
6948960100429_camera0-32.jpg 91 1405.94 1044.3 1254.43 778.92 303.02 530.77
6948960100429_camera0-35.jpg 91 1390.95 1046.8 1242.38 783.66 297.14 526.29
6948960100429_camera0-39.jpg 91 1378.18 1046.28 1221.66 771.39 313.04 549.79
6948960100429_camera0-40.jpg 91 1378.18 1046.78 1230.17 779.44 296.01 534.67
6948960100429_camera0-3.jpg 91 1378.37 1051.07 1225.34 783.06 306.05 536.01
6948960100429_camera0-36.jpg 91 1393.96 1041.03 1240.07 774.02 307.78 534.01
6948960100429_camera0-34.jpg 91 1397.26 1048.16 1246.71 776.99 301.09 542.35
6948960100429_camera0-37.jpg 91 1385.66 1051.92 1232.18 779.06 306.97 545.72
6948960100429_camera0-38.jpg 91 1381.88 1047.7 1237.57 783.14 288.61 529.12
6948960100429_camera0-4.jpg 91 1374.24 1047.6 1221.66 771.39 305.15 552.42
6948960100429_camera0-5.jpg 91 1380.85 1049.41 1228.65 778.1 304.4 542.62
6948960100429_camera0-6.jpg 91 1379.49 1048.91 1224.29 779.28 310.41 539.27
6948960100429_camera0-7.jpg 91 1385.34 1051.75 1238.65 784.55 293.37 534.4
6948960100429_camera0-8.jpg 91 1389.88 1047.49 1232.26 775.6 315.24 543.79
6948960100429_camera0-9.jpg 91 1395.27 1050.23 1234.81 768.76 320.93 562.94
6948960100429_camera1-15.jpg 91 1279.49 1000.25 1122.81 739.12 313.36 522.27
6948960100429_camera1-16.jpg 91 1284.75 999.6 1132.12 746.14 305.26 506.92
6948960100429_camera1-14.jpg 91 1279.55 1004.15 1124.56 738.82 309.99 530.66
6948960100429_camera1-13.jpg 91 1270.33 1000.25 1113.81 742.45 313.04 515.59
6948960100429_camera1-12.jpg 91 1268.63 1003.3 1120.36 749.58 296.54 507.44
6948960100429_camera1-17.jpg 91 1291.1 997.36 1134.42 733.32 313.36 528.07
6948960100429_camera1-11.jpg 91 1263.6 1009.41 1105.98 744.83 315.24 529.16
6948960100429_camera1-18.jpg 91 1288.96 995.18 1136.62 745.89 304.69 498.59
6948960100429_camera1-10.jpg 91 1257.17 1002.88 1100.65 739.82 313.04 526.12
6948960100429_camera1-1.jpg 91 1227.27 980.07 1076.18 723.22 302.18 513.7
6948960100429_camera1-20.jpg 91 1294.0 991.01 1137.69 728.31 312.62 525.41
6948960100429_camera1-21.jpg 91 1294.0 981.84 1140.11 721.41 307.78 520.86
6948960100429_camera1-19.jpg 91 1295.26 990.14 1144.17 738.33 302.18 503.63
6948960100429_camera1-22.jpg 91 1294.01 981.26 1139.76 720.06 308.49 522.4
6948960100429_camera1-23.jpg 91 1299.25 976.57 1140.32 715.18 317.87 522.78
6948960100429_camera1-24.jpg 91 1295.52 975.82 1145.66 721.31 299.71 509.03
6948960100429_camera1-27.jpg 91 1282.16 970.0 1124.33 713.52 315.67 512.96
6948960100429_camera1-26.jpg 91 1286.11 966.06 1134.85 700.37 302.52 531.38
6948960100429_camera1-25.jpg 91 1291.5 980.62 1144.82 720.55 293.37 520.13
6948960100429_camera1-28.jpg 91 1276.9 960.8 1121.7 700.37 310.41 520.85
6948960100429_camera1-29.jpg 91 1272.07 965.3 1116.76 707.67 310.62 515.26
6948960100429_camera1-31.jpg 91 1264.73 959.87 1112.74 699.79 303.98 520.15
6948960100429_camera1-2.jpg 91 1231.36 987.44 1082.3 733.72 298.12 507.44
6948960100429_camera1-30.jpg 91 1270.33 956.85 1113.81 695.1 313.04 523.49
6948960100429_camera1-34.jpg 91 1249.93 963.7 1101.36 708.11 297.14 511.18
6948960100429_camera1-32.jpg 91 1259.8 963.42 1103.28 708.26 313.04 510.33
6948960100429_camera1-33.jpg 91 1254.59 965.49 1099.22 702.04 310.74 526.91
6948960100429_camera1-35.jpg 91 1243.64 967.48 1093.81 710.63 299.66 513.7
6948960100429_camera1-37.jpg 91 1238.09 970.38 1087.22 705.8 301.73 529.16
6948960100429_camera1-36.jpg 91 1241.04 968.13 1094.36 714.41 293.37 507.44
6948960100429_camera1-38.jpg 91 1237.07 971.75 1085.41 710.46 303.31 522.57
6948960100429_camera1-39.jpg 91 1234.82 973.78 1088.77 715.67 292.1 516.22
6948960100429_camera1-4.jpg 91 1235.78 996.05 1082.34 730.67 306.88 530.77
6948960100429_camera1-5.jpg 91 1233.57 993.92 1078.7 738.33 309.73 511.18
6948960100429_camera1-40.jpg 91 1229.76 981.54 1076.27 719.99 306.97 523.1
6948960100429_camera1-3.jpg 91 1232.31 985.11 1078.7 728.26 307.21 513.7
6948960100429_camera1-7.jpg 91 1244.02 998.94 1084.87 737.19 318.3 523.49
6948960100429_camera1-6.jpg 91 1241.12 1000.22 1088.77 740.85 304.69 518.74
6948960100429_camera1-8.jpg 91 1248.76 1001.69 1091.01 739.49 315.49 524.4
6948960100429_camera2-11.jpg 91 1294.0 841.57 1156.76 700.56 274.48 282.03
6948960100429_camera2-10.jpg 91 1291.37 842.41 1134.85 697.73 313.04 289.36
6948960100429_camera1-9.jpg 91 1253.28 1009.41 1095.66 744.08 315.24 530.66
6948960100429_camera2-12.jpg 91 1293.32 840.19 1153.32 703.59 280.0 273.2
6948960100429_camera2-15.jpg 91 1291.36 824.0 1145.37 671.43 291.99 305.15
6948960100429_camera2-13.jpg 91 1290.07 836.02 1142.95 694.16 294.23 283.72
6948960100429_camera2-14.jpg 91 1288.97 826.47 1149.21 687.97 279.51 276.99
6948960100429_camera2-16.jpg 91 1285.64 820.66 1144.69 678.37 281.91 284.59
6948960100429_camera2-19.jpg 91 1274.87 813.5 1128.5 668.27 292.73 290.47
6948960100429_camera2-1.jpg 91 1255.86 873.98 1105.91 726.67 299.89 294.63
6948960100429_camera2-17.jpg 91 1282.11 818.56 1142.56 679.81 279.09 277.51
6948960100429_camera2-21.jpg 91 1268.1 811.25 1123.99 666.02 288.22 290.47
6948960100429_camera2-18.jpg 91 1280.41 815.73 1141.09 679.13 278.64 273.2
6948960100429_camera2-20.jpg 91 1273.25 809.39 1133.64 672.47 279.22 273.85
6948960100429_camera2-24.jpg 91 1249.33 812.84 1109.54 673.87 279.58 277.93
6948960100429_camera2-25.jpg 91 1244.97 813.67 1108.07 673.99 273.81 279.36
6948960100429_camera2-22.jpg 91 1263.4 810.36 1122.78 668.91 281.24 282.89
6948960100429_camera2-23.jpg 91 1255.94 810.63 1115.6 673.46 280.68 274.34
6948960100429_camera2-27.jpg 91 1239.63 817.77 1101.67 676.41 275.92 282.72
6948960100429_camera2-28.jpg 91 1241.08 825.89 1099.22 681.78 283.72 288.22
6948960100429_camera2-30.jpg 91 1234.33 831.51 1092.47 688.53 283.72 285.97
6948960100429_camera2-29.jpg 91 1235.73 827.04 1098.45 689.08 274.56 275.92
6948960100429_camera2-26.jpg 91 1241.39 820.06 1095.39 666.17 291.99 307.78
6948960100429_camera2-31.jpg 91 1233.36 835.96 1088.38 693.67 289.96 284.59
6948960100429_camera2-2.jpg 91 1266.44 870.75 1125.31 729.62 282.27 282.27
6948960100429_camera2-33.jpg 91 1238.76 850.31 1090.13 705.63 297.26 289.36
6948960100429_camera2-32.jpg 91 1232.79 845.92 1093.0 703.65 279.58 284.55
6948960100429_camera2-34.jpg 91 1233.74 853.45 1094.99 714.69 277.51 277.51
6948960100429_camera2-37.jpg 91 1243.92 864.06 1101.4 721.54 285.04 285.04
6948960100429_camera2-36.jpg 91 1241.08 861.92 1096.97 717.81 288.22 288.22
6948960100429_camera2-35.jpg 91 1237.4 855.54 1099.44 717.58 275.92 275.92
6948960100429_camera2-39.jpg 91 1250.16 866.61 1109.54 725.16 281.24 282.89
6948960100429_camera2-3.jpg 91 1267.04 869.3 1129.87 728.96 274.34 280.68
6948960100429_camera2-4.jpg 91 1276.9 871.36 1126.96 721.41 299.89 299.89
6948960100429_camera2-5.jpg 91 1279.44 866.89 1140.8 727.67 277.28 278.45
6948960100429_camera2-38.jpg 91 1246.2 863.89 1102.2 725.82 287.99 276.15
6948960100429_camera2-40.jpg 91 1253.56 871.68 1115.6 733.72 275.92 275.92
6948960100429_camera2-7.jpg 91 1288.74 860.84 1140.11 710.89 297.26 299.89
6948960100429_camera2-6.jpg 91 1283.12 865.34 1145.16 728.06 275.92 274.56
6948960100429_camera2-8.jpg 91 1288.33 856.56 1147.24 716.18 282.18 280.76
6948960100429_camera2-9.jpg 91 1291.64 854.05 1147.56 709.96 288.17 288.17
6948960100429_camera3-10.jpg 91 1377.01 1222.52 1224.97 938.54 304.08 567.96
6948960100429_camera3-12.jpg 91 1383.44 1221.22 1224.29 926.6 318.3 589.25
6948960100429_camera3-11.jpg 91 1379.88 1223.81 1225.48 935.26 308.81 577.09
6948960100429_camera3-13.jpg 91 1391.47 1222.84 1233.2 933.33 316.53 579.02
6948960100429_camera3-14.jpg 91 1392.73 1220.27 1239.17 937.21 307.11 566.12
6948960100429_camera3-15.jpg 91 1397.9 1222.54 1237.44 934.49 320.93 576.1
6948960100429_camera3-19.jpg 91 1405.64 1220.88 1250.65 930.59 309.99 580.57
6948960100429_camera3-17.jpg 91 1404.59 1216.97 1250.77 933.12 307.64 567.7
6948960100429_camera3-1.jpg 91 1346.8 1212.72 1189.66 925.86 314.27 573.73
6948960100429_camera3-22.jpg 91 1405.94 1214.15 1250.57 925.61 310.74 577.09
6948960100429_camera3-20.jpg 91 1408.7 1213.29 1259.77 933.0 297.86 560.57
6948960100429_camera3-18.jpg 91 1404.48 1218.6 1245.33 931.86 318.3 573.47
6948960100429_camera3-16.jpg 91 1401.34 1218.39 1245.0 934.67 312.67 567.44
6948960100429_camera3-21.jpg 91 1404.21 1214.99 1250.39 935.11 307.64 559.77
6948960100429_camera3-23.jpg 91 1408.43 1210.7 1255.86 923.96 305.15 573.47
6948960100429_camera3-24.jpg 91 1402.78 1211.46 1247.47 931.9 310.62 559.12
6948960100429_camera3-25.jpg 91 1399.06 1209.05 1248.51 928.64 301.09 560.82
6948960100429_camera3-27.jpg 91 1389.95 1207.08 1237.71 930.36 304.47 553.43
6948960100429_camera3-2.jpg 91 1343.98 1219.91 1192.72 929.23 302.52 581.36
6948960100429_camera3-26.jpg 91 1393.21 1208.36 1237.7 924.64 311.02 567.44
6948960100429_camera3-29.jpg 91 1378.28 1205.94 1230.28 930.28 296.01 551.32
6948960100429_camera3-28.jpg 91 1388.18 1209.52 1232.87 929.96 310.62 559.12
6948960100429_camera3-32.jpg 91 1370.1 1207.39 1217.07 925.33 306.05 564.13
6948960100429_camera3-31.jpg 91 1373.38 1207.15 1226.69 930.44 293.37 553.43
6948960100429_camera3-36.jpg 91 1355.21 1207.39 1202.18 925.33 306.05 564.13
6948960100429_camera3-30.jpg 91 1378.45 1208.5 1228.94 932.57 299.03 551.85
6948960100429_camera3-33.jpg 91 1365.37 1211.39 1213.71 930.01 303.31 562.77
6948960100429_camera3-35.jpg 91 1353.83 1211.26 1200.39 927.54 306.88 567.44
6948960100429_camera3-34.jpg 91 1356.29 1211.08 1207.36 934.49 297.86 553.17
6948960100429_camera3-37.jpg 91 1350.35 1209.8 1198.91 930.7 302.88 558.19
6948960100429_camera3-39.jpg 91 1344.18 1216.09 1190.74 931.4 306.88 569.37
6948960100429_camera3-3.jpg 91 1350.03 1219.43 1196.55 934.39 306.97 570.08
6948960100429_camera3-38.jpg 91 1345.41 1212.47 1197.14 930.99 296.54 562.95
6948960100429_camera3-4.jpg 91 1350.93 1217.05 1194.6 931.4 312.67 571.3
6948960100429_camera3-5.jpg 91 1355.81 1219.91 1200.61 929.23 310.41 581.36
6948960100429_camera3-40.jpg 91 1347.81 1217.55 1197.03 936.34 301.56 562.42
6948960100429_camera3-7.jpg 91 1361.55 1224.77 1204.25 937.19 314.6 575.16
6948960100429_camera3-9.jpg 91 1372.06 1226.86 1216.75 938.16 310.62 577.39
6948960100429_camera3-8.jpg 91 1363.48 1224.77 1204.25 937.19 318.46 575.16
6948960100429_camera3-6.jpg 91 1357.83 1222.54 1207.97 936.7 299.71 571.67
