6901035613699_camera0-10.jpg 92 1416.33 1054.17 1263.75 781.91 305.15 544.53
6901035613699_camera0-11.jpg 92 1415.01 1055.49 1266.38 784.54 297.26 541.9
6901035613699_camera0-12.jpg 92 1416.86 1052.15 1267.0 782.57 299.71 539.16
6901035613699_camera0-14.jpg 92 1422.9 1047.6 1269.01 768.76 307.78 557.68
6901035613699_camera0-16.jpg 92 1424.21 1051.55 1274.27 781.91 299.89 539.27
6901035613699_camera0-15.jpg 92 1421.77 1050.2 1275.65 783.79 292.23 532.82
6901035613699_camera0-13.jpg 92 1421.59 1043.65 1263.75 771.39 315.67 544.53
6901035613699_camera0-18.jpg 92 1424.6 1049.85 1271.87 781.96 305.46 535.77
6901035613699_camera0-1.jpg 92 1385.18 1050.78 1235.68 782.52 299.0 536.53
6901035613699_camera0-19.jpg 92 1423.71 1049.15 1276.24 782.74 294.95 532.82
6901035613699_camera0-23.jpg 92 1416.33 1054.18 1258.49 789.81 315.67 528.75
6901035613699_camera0-20.jpg 92 1423.4 1047.08 1269.96 780.5 306.88 533.15
6901035613699_camera0-25.jpg 92 1408.17 1050.08 1263.08 786.05 290.19 528.06
6901035613699_camera0-17.jpg 92 1421.59 1050.23 1263.75 781.91 315.67 536.64
6901035613699_camera0-22.jpg 92 1413.69 1051.55 1255.86 781.91 315.67 539.27
6901035613699_camera0-21.jpg 92 1418.5 1048.05 1269.44 781.64 298.12 532.82
6901035613699_camera0-24.jpg 92 1404.48 1046.28 1245.33 779.28 318.3 534.01
6901035613699_camera0-26.jpg 92 1404.84 1046.86 1252.11 782.43 305.46 528.85
6901035613699_camera0-27.jpg 92 1401.86 1046.28 1250.6 781.91 302.52 528.75
6901035613699_camera0-28.jpg 92 1399.34 1046.8 1249.83 779.71 299.03 534.18
6901035613699_camera0-2.jpg 92 1390.01 1048.91 1234.81 776.65 310.41 544.53
6901035613699_camera0-29.jpg 92 1395.67 1048.22 1249.56 783.17 292.23 530.1
6901035613699_camera0-30.jpg 92 1391.33 1047.6 1242.7 776.65 297.26 541.9
6901035613699_camera0-36.jpg 92 1382.6 1045.31 1232.18 774.02 300.84 542.58
6901035613699_camera0-33.jpg 92 1384.39 1050.88 1237.71 786.05 293.37 529.65
6901035613699_camera0-35.jpg 92 1382.12 1047.6 1234.81 779.28 294.63 536.64
6901035613699_camera0-37.jpg 92 1380.17 1049.03 1230.6 782.03 299.15 534.0
6901035613699_camera0-31.jpg 92 1387.79 1047.48 1241.67 783.79 292.23 527.38
6901035613699_camera0-34.jpg 92 1383.8 1046.88 1237.3 781.05 293.0 531.67
6901035613699_camera0-32.jpg 92 1384.75 1046.28 1234.81 779.28 299.89 534.01
6901035613699_camera0-38.jpg 92 1382.55 1050.97 1234.0 785.92 297.09 530.1
6901035613699_camera0-39.jpg 92 1379.5 1037.08 1226.92 768.76 305.15 536.64
6901035613699_camera0-3.jpg 92 1390.92 1049.86 1239.53 780.46 302.79 538.79
6901035613699_camera0-40.jpg 92 1387.17 1054.36 1237.34 778.62 299.66 551.47
6901035613699_camera0-6.jpg 92 1399.22 1054.17 1247.96 787.17 302.52 534.01
6901035613699_camera0-5.jpg 92 1397.98 1050.88 1251.18 785.15 293.59 531.46
6901035613699_camera0-4.jpg 92 1395.27 1050.23 1240.07 787.17 310.41 526.12
6901035613699_camera0-8.jpg 92 1410.37 1050.0 1261.27 778.31 298.19 543.39
6901035613699_camera0-7.jpg 92 1404.49 1050.23 1250.6 784.54 307.78 531.38
6901035613699_camera0-9.jpg 92 1413.27 1052.35 1260.58 782.98 305.38 538.74
6901035613699_camera1-11.jpg 92 1280.4 992.42 1131.57 736.21 297.67 512.43
6901035613699_camera1-13.jpg 92 1283.48 987.1 1124.33 729.3 318.3 515.59
6901035613699_camera1-12.jpg 92 1281.93 992.27 1129.2 736.68 305.46 511.18
6901035613699_camera1-15.jpg 92 1284.79 980.52 1129.59 726.67 310.41 507.7
6901035613699_camera1-14.jpg 92 1283.53 988.62 1132.17 730.11 302.72 517.03
6901035613699_camera1-17.jpg 92 1283.48 981.84 1132.22 724.04 302.52 515.59
6901035613699_camera1-18.jpg 92 1285.9 979.87 1136.05 722.97 299.71 513.79
6901035613699_camera1-10.jpg 92 1274.28 989.73 1116.44 729.3 315.67 520.86
6901035613699_camera1-16.jpg 92 1284.75 982.95 1133.97 727.64 301.56 510.62
6901035613699_camera1-19.jpg 92 1286.11 979.21 1126.96 710.89 318.3 536.64
6901035613699_camera1-1.jpg 92 1243.4 997.35 1090.26 739.37 306.29 515.95
6901035613699_camera1-21.jpg 92 1278.22 975.26 1124.33 710.89 307.78 528.75
6901035613699_camera1-24.jpg 92 1267.84 969.21 1117.19 713.11 301.3 512.2
6901035613699_camera1-22.jpg 92 1279.54 966.06 1126.96 703.0 305.15 526.12
6901035613699_camera1-23.jpg 92 1269.07 970.0 1118.41 711.29 301.31 517.42
6901035613699_camera1-20.jpg 92 1278.72 975.54 1128.87 719.44 299.71 512.2
6901035613699_camera1-25.jpg 92 1259.8 972.63 1108.54 713.52 302.52 518.22
6901035613699_camera1-26.jpg 92 1258.85 971.21 1109.75 713.02 298.19 516.38
6901035613699_camera1-27.jpg 92 1255.94 967.28 1107.11 709.03 297.67 516.51
6901035613699_camera1-28.jpg 92 1251.91 966.06 1087.5 708.26 328.82 515.59
6901035613699_camera1-32.jpg 92 1242.42 973.72 1092.47 719.01 299.91 509.42
6901035613699_camera1-30.jpg 92 1246.65 983.15 1095.39 710.89 302.52 544.53
6901035613699_camera1-2.jpg 92 1248.78 997.18 1098.92 739.5 299.71 515.37
6901035613699_camera1-31.jpg 92 1245.35 975.54 1094.17 715.79 302.35 519.5
6901035613699_camera1-29.jpg 92 1250.6 972.63 1103.28 703.0 294.63 539.27
6901035613699_camera1-33.jpg 92 1239.33 977.3 1090.2 719.82 298.25 514.95
6901035613699_camera1-36.jpg 92 1241.39 989.73 1076.98 724.04 328.82 531.38
6901035613699_camera1-35.jpg 92 1236.35 985.56 1085.81 725.63 301.08 519.86
6901035613699_camera1-39.jpg 92 1241.71 995.46 1090.02 736.23 303.39 518.46
6901035613699_camera1-37.jpg 92 1242.7 984.47 1092.76 721.41 299.89 526.12
6901035613699_camera1-34.jpg 92 1237.85 984.38 1087.56 725.16 300.58 518.45
6901035613699_camera1-38.jpg 92 1233.49 992.36 1066.45 726.67 334.08 531.38
6901035613699_camera1-3.jpg 92 1249.68 999.82 1098.51 741.63 302.35 516.38
6901035613699_camera1-6.jpg 92 1259.8 1002.88 1103.28 747.72 313.04 510.33
6901035613699_camera1-4.jpg 92 1257.48 1000.85 1103.81 741.35 307.35 518.99
6901035613699_camera1-40.jpg 92 1244.13 995.61 1092.44 735.86 303.39 519.5
6901035613699_camera1-9.jpg 92 1275.59 993.67 1121.7 729.3 307.78 528.75
6901035613699_camera2-10.jpg 92 1279.53 827.95 1137.48 689.84 284.1 276.21
6901035613699_camera1-7.jpg 92 1266.53 999.59 1116.03 739.99 301.01 519.2
6901035613699_camera1-8.jpg 92 1270.91 1000.46 1119.11 740.6 303.61 519.71
6901035613699_camera1-5.jpg 92 1259.8 1002.88 1103.28 745.09 313.04 515.59
6901035613699_camera2-11.jpg 92 1279.07 824.29 1139.76 684.6 278.62 279.38
6901035613699_camera2-15.jpg 92 1265.07 813.48 1119.07 671.43 291.99 284.1
6901035613699_camera2-13.jpg 92 1272.15 820.5 1133.61 680.43 277.08 280.14
6901035613699_camera2-12.jpg 92 1269.01 818.74 1124.33 679.32 289.36 278.84
6901035613699_camera2-16.jpg 92 1261.93 818.33 1123.34 679.74 277.18 277.18
6901035613699_camera2-17.jpg 92 1254.54 820.06 1111.17 676.69 286.73 286.73
6901035613699_camera2-14.jpg 92 1269.47 818.41 1130.16 681.01 278.62 274.8
6901035613699_camera2-19.jpg 92 1251.18 820.94 1110.84 679.81 280.68 282.27
6901035613699_camera2-18.jpg 92 1254.55 818.74 1113.81 676.69 281.47 284.1
6901035613699_camera2-20.jpg 92 1245.33 820.05 1103.28 674.06 284.1 291.99
6901035613699_camera2-1.jpg 92 1278.59 858.16 1140.63 717.03 275.92 282.27
6901035613699_camera2-21.jpg 92 1248.22 824.44 1108.53 683.98 279.38 280.91
6901035613699_camera2-24.jpg 92 1238.76 830.58 1098.02 692.47 281.47 276.21
6901035613699_camera2-22.jpg 92 1244.39 828.64 1105.75 690.0 277.28 277.28
6901035613699_camera2-23.jpg 92 1241.7 831.01 1103.27 692.58 276.86 276.86
6901035613699_camera2-25.jpg 92 1240.35 837.38 1102.5 699.23 275.69 276.29
6901035613699_camera2-26.jpg 92 1240.06 841.13 1100.84 700.16 278.45 281.94
6901035613699_camera2-27.jpg 92 1239.45 842.57 1099.0 702.49 280.91 280.15
6901035613699_camera2-28.jpg 92 1240.98 848.78 1102.68 708.81 276.6 279.95
6901035613699_camera2-29.jpg 92 1245.07 852.43 1105.75 709.03 278.64 286.8
6901035613699_camera2-2.jpg 92 1279.65 854.15 1139.83 714.33 279.64 279.64
6901035613699_camera2-31.jpg 92 1247.96 855.57 1105.91 716.15 284.1 278.84
6901035613699_camera2-30.jpg 92 1242.73 853.49 1103.51 710.19 278.45 286.6
6901035613699_camera2-32.jpg 92 1248.84 859.11 1110.49 720.19 276.69 277.84
6901035613699_camera2-34.jpg 92 1257.72 861.1 1118.41 721.02 278.62 280.15
6901035613699_camera2-33.jpg 92 1254.54 864.77 1103.28 724.04 302.52 281.47
6901035613699_camera2-35.jpg 92 1260.89 863.56 1122.25 723.17 277.28 280.78
6901035613699_camera2-3.jpg 92 1283.47 850.31 1140.11 708.26 286.73 284.1
6901035613699_camera2-36.jpg 92 1264.88 862.23 1123.32 720.68 283.11 283.11
6901035613699_camera2-39.jpg 92 1273.84 861.74 1133.76 721.28 280.15 280.91
6901035613699_camera2-37.jpg 92 1263.75 863.46 1124.33 718.78 278.84 289.36
6901035613699_camera2-5.jpg 92 1284.86 843.51 1146.11 704.1 277.51 278.83
6901035613699_camera2-38.jpg 92 1270.21 862.62 1128.85 722.62 282.72 280.0
6901035613699_camera2-40.jpg 92 1278.21 852.94 1134.85 708.26 286.73 289.36
6901035613699_camera2-4.jpg 92 1284.59 845.79 1142.99 705.71 283.2 280.15
6901035613699_camera2-6.jpg 92 1285.84 837.48 1146.52 696.8 278.64 281.36
6901035613699_camera2-7.jpg 92 1283.47 842.41 1137.48 695.1 291.99 294.63
6901035613699_camera2-8.jpg 92 1282.16 831.89 1140.11 687.21 284.1 289.36
6901035613699_camera2-9.jpg 92 1281.43 829.79 1140.72 688.19 281.42 283.2
6901035613699_camera3-10.jpg 92 1392.55 1216.02 1241.67 934.66 301.75 562.72
6901035613699_camera3-11.jpg 92 1393.49 1217.13 1241.91 934.81 303.16 564.65
6901035613699_camera3-12.jpg 92 1395.27 1214.64 1240.07 923.96 310.41 581.36
6901035613699_camera3-18.jpg 92 1393.4 1209.03 1241.88 929.02 303.04 560.02
6901035613699_camera3-13.jpg 92 1397.31 1213.3 1248.47 933.3 297.67 560.0
6901035613699_camera3-15.jpg 92 1390.01 1213.34 1240.07 926.6 299.89 573.47
6901035613699_camera3-14.jpg 92 1395.28 1208.07 1237.44 923.96 315.67 568.21
6901035613699_camera3-16.jpg 92 1394.86 1209.65 1241.09 930.68 307.54 557.94
6901035613699_camera3-17.jpg 92 1393.58 1210.18 1243.12 931.13 300.93 558.11
6901035613699_camera3-1.jpg 92 1361.39 1219.76 1209.16 938.28 304.47 562.95
6901035613699_camera3-19.jpg 92 1388.7 1210.7 1237.44 926.6 302.52 568.21
6901035613699_camera3-20.jpg 92 1386.07 1206.76 1237.44 931.86 297.26 549.79
6901035613699_camera3-21.jpg 92 1384.59 1209.45 1236.32 932.74 296.54 553.43
6901035613699_camera3-22.jpg 92 1381.96 1207.41 1231.83 929.48 300.27 555.86
6901035613699_camera3-24.jpg 92 1375.55 1204.12 1224.29 921.33 302.52 565.58
6901035613699_camera3-23.jpg 92 1378.28 1206.55 1232.16 930.62 292.23 551.85
6901035613699_camera3-25.jpg 92 1373.5 1205.41 1220.77 928.0 305.46 554.82
6901035613699_camera3-26.jpg 92 1372.92 1202.8 1219.03 923.96 307.78 557.68
6901035613699_camera3-27.jpg 92 1367.93 1210.11 1218.42 932.83 299.03 554.56
6901035613699_camera3-29.jpg 92 1358.46 1205.44 1205.88 926.6 305.15 557.68
6901035613699_camera3-30.jpg 92 1354.05 1208.22 1203.39 925.62 301.31 565.21
6901035613699_camera3-28.jpg 92 1364.21 1205.19 1217.41 927.23 293.59 555.92
6901035613699_camera3-2.jpg 92 1365.03 1221.22 1213.77 939.75 302.52 562.94
6901035613699_camera3-31.jpg 92 1354.49 1210.58 1204.97 931.94 299.03 557.28
6901035613699_camera3-34.jpg 92 1358.46 1215.97 1205.88 929.23 305.15 573.47
6901035613699_camera3-32.jpg 92 1348.72 1208.4 1200.23 923.8 296.98 569.21
6901035613699_camera3-35.jpg 92 1343.98 1218.6 1190.09 931.86 307.78 573.47
6901035613699_camera3-33.jpg 92 1350.99 1211.63 1200.28 932.69 301.43 557.88
6901035613699_camera3-36.jpg 92 1351.62 1214.12 1200.74 934.12 301.75 560.0
6901035613699_camera3-37.jpg 92 1355.09 1215.3 1202.8 934.77 304.57 561.05
6901035613699_camera3-39.jpg 92 1359.77 1213.33 1208.51 921.33 302.52 583.99
6901035613699_camera3-38.jpg 92 1354.05 1214.81 1205.21 932.77 297.67 564.08
6901035613699_camera3-5.jpg 92 1378.2 1218.74 1227.74 935.67 300.93 566.14
6901035613699_camera3-3.jpg 92 1370.22 1215.24 1218.53 931.59 303.39 567.29
6901035613699_camera3-4.jpg 92 1373.11 1217.32 1224.27 933.92 297.67 566.8
6901035613699_camera3-40.jpg 92 1360.67 1220.28 1211.86 938.11 297.63 564.34
6901035613699_camera3-7.jpg 92 1385.35 1219.67 1233.99 935.26 302.72 568.82
6901035613699_camera3-6.jpg 92 1381.68 1219.42 1232.16 937.38 299.03 564.08
6901035613699_camera3-8.jpg 92 1387.9 1217.68 1236.95 934.93 301.9 565.51
6901035613699_camera3-9.jpg 92 1390.78 1217.84 1238.49 936.86 304.57 561.95
