6949352201106_camera0-10.jpg 93 1423.69 1053.1 1272.6 781.14 302.18 543.92
6949352201106_camera0-11.jpg 93 1429.05 1054.17 1281.97 781.29 294.16 545.77
6949352201106_camera0-16.jpg 93 1437.37 1051.55 1276.9 774.02 320.93 555.05
6949352201106_camera0-14.jpg 93 1436.28 1054.36 1282.67 783.66 307.21 541.4
6949352201106_camera0-12.jpg 93 1432.11 1051.55 1271.64 771.39 320.93 560.31
6949352201106_camera0-13.jpg 93 1433.67 1055.1 1283.82 783.14 299.71 543.92
6949352201106_camera0-15.jpg 93 1433.42 1054.18 1276.9 768.76 313.04 570.84
6949352201106_camera0-18.jpg 93 1436.28 1045.55 1285.19 781.14 302.18 528.81
6949352201106_camera0-17.jpg 93 1435.53 1052.33 1291.22 784.99 288.61 534.67
6949352201106_camera0-19.jpg 93 1429.47 1048.91 1274.27 768.76 310.41 560.31
6949352201106_camera0-20.jpg 93 1428.72 1050.58 1282.67 783.66 292.1 533.84
6949352201106_camera0-1.jpg 93 1383.72 1050.48 1232.02 779.44 303.41 542.07
6949352201106_camera0-21.jpg 93 1427.39 1049.88 1273.9 781.28 306.97 537.19
6949352201106_camera0-22.jpg 93 1419.9 1050.58 1267.56 781.14 304.69 538.88
6949352201106_camera0-23.jpg 93 1415.17 1048.62 1265.32 783.14 299.71 530.97
6949352201106_camera0-25.jpg 93 1408.58 1048.06 1260.01 781.14 297.14 533.84
6949352201106_camera0-24.jpg 93 1407.77 1048.62 1261.62 786.84 292.31 523.57
6949352201106_camera0-27.jpg 93 1392.64 1041.03 1234.81 766.13 315.67 549.79
6949352201106_camera0-26.jpg 93 1398.5 1050.58 1247.41 783.66 302.18 533.84
6949352201106_camera0-28.jpg 93 1388.7 1044.97 1232.18 774.02 313.04 541.9
6949352201106_camera0-29.jpg 93 1383.57 1045.55 1236.8 782.22 293.54 526.65
6949352201106_camera0-30.jpg 93 1376.87 1046.28 1221.66 776.65 310.41 539.27
6949352201106_camera0-31.jpg 93 1382.13 1046.8 1239.86 778.62 284.55 536.36
6949352201106_camera0-2.jpg 93 1389.14 1051.67 1239.29 779.71 299.71 543.92
6949352201106_camera0-33.jpg 93 1374.54 1050.16 1222.85 780.34 303.39 539.65
6949352201106_camera0-34.jpg 93 1370.98 1047.7 1223.13 777.9 295.7 539.6
6949352201106_camera0-32.jpg 93 1377.82 1049.75 1231.66 782.42 292.31 534.67
6949352201106_camera0-35.jpg 93 1373.49 1050.61 1222.76 780.21 301.47 540.8
6949352201106_camera0-36.jpg 93 1373.71 1049.39 1222.93 778.36 301.56 542.07
6949352201106_camera0-37.jpg 93 1375.45 1053.82 1222.82 780.93 305.26 545.77
6949352201106_camera0-39.jpg 93 1370.29 1042.34 1211.14 760.87 318.3 562.94
6949352201106_camera0-4.jpg 93 1395.49 1051.66 1248.81 778.12 293.37 547.09
6949352201106_camera0-38.jpg 93 1371.61 1046.28 1213.77 768.76 315.67 555.05
6949352201106_camera0-6.jpg 93 1408.17 1050.87 1256.73 778.12 302.88 545.5
6949352201106_camera0-3.jpg 93 1393.35 1053.81 1241.65 779.95 303.39 547.71
6949352201106_camera0-40.jpg 93 1381.61 1050.33 1231.75 775.99 299.71 548.67
6949352201106_camera0-5.jpg 93 1401.85 1051.55 1240.07 768.76 323.56 565.58
6949352201106_camera0-9.jpg 93 1419.55 1052.28 1270.62 778.47 297.86 547.62
6949352201106_camera0-7.jpg 93 1409.74 1050.24 1247.96 763.5 323.56 573.47
6949352201106_camera1-11.jpg 93 1290.34 999.94 1138.42 736.82 303.83 526.23
6949352201106_camera0-8.jpg 93 1418.36 1051.56 1268.85 778.35 299.03 546.41
6949352201106_camera1-13.jpg 93 1291.37 988.41 1137.48 716.15 307.78 544.53
6949352201106_camera1-10.jpg 93 1285.06 1000.84 1134.28 741.83 301.56 518.02
6949352201106_camera1-12.jpg 93 1287.42 992.36 1132.22 721.41 310.41 541.9
6949352201106_camera1-14.jpg 93 1294.69 987.31 1139.64 727.33 310.1 519.96
6949352201106_camera1-16.jpg 93 1293.99 982.94 1141.83 721.78 304.33 522.33
6949352201106_camera1-17.jpg 93 1288.74 975.26 1134.85 705.63 307.78 539.27
6949352201106_camera1-15.jpg 93 1294.0 983.48 1147.32 727.38 293.37 512.2
6949352201106_camera1-19.jpg 93 1287.53 970.72 1138.6 711.71 297.86 518.02
6949352201106_camera1-18.jpg 93 1291.44 971.91 1139.79 712.45 303.31 518.92
6949352201106_camera1-20.jpg 93 1280.85 966.06 1129.59 700.37 302.52 531.38
6949352201106_camera1-21.jpg 93 1276.07 967.02 1129.91 712.64 292.31 508.77
6949352201106_camera1-1.jpg 93 1241.39 1006.83 1079.61 737.19 323.56 539.27
6949352201106_camera1-22.jpg 93 1274.58 962.6 1124.72 703.59 299.71 518.02
6949352201106_camera1-24.jpg 93 1265.28 958.65 1113.37 698.67 303.83 519.96
6949352201106_camera1-23.jpg 93 1269.01 959.48 1111.17 684.58 315.67 549.79
6949352201106_camera1-28.jpg 93 1245.85 961.73 1094.14 704.57 303.41 514.32
6949352201106_camera1-26.jpg 93 1249.28 959.48 1087.5 695.1 323.56 528.75
6949352201106_camera1-25.jpg 93 1261.61 963.74 1108.12 697.49 306.97 532.49
6949352201106_camera1-27.jpg 93 1253.17 966.65 1101.52 705.37 303.31 522.57
6949352201106_camera1-30.jpg 93 1236.05 969.55 1082.57 708.0 306.97 523.1
6949352201106_camera1-2.jpg 93 1248.99 1009.08 1097.08 745.96 303.83 526.23
6949352201106_camera1-29.jpg 93 1240.19 967.79 1091.26 711.56 297.86 512.47
6949352201106_camera1-33.jpg 93 1231.47 977.19 1077.99 714.07 306.97 526.23
6949352201106_camera1-35.jpg 93 1230.87 984.47 1069.09 716.15 323.56 536.64
6949352201106_camera1-32.jpg 93 1235.33 973.17 1085.47 714.69 299.71 516.96
6949352201106_camera1-31.jpg 93 1234.64 974.01 1087.56 716.85 294.16 514.32
6949352201106_camera1-34.jpg 93 1229.64 983.14 1074.64 725.69 309.99 514.9
6949352201106_camera1-36.jpg 93 1231.82 987.09 1078.33 725.8 306.97 522.57
6949352201106_camera1-37.jpg 93 1234.81 988.41 1074.35 724.04 320.93 528.75
6949352201106_camera1-39.jpg 93 1234.74 998.81 1082.51 737.16 304.47 523.3
6949352201106_camera1-38.jpg 93 1234.89 992.33 1077.27 723.06 315.24 538.54
6949352201106_camera1-40.jpg 93 1242.67 999.69 1092.02 740.42 301.3 518.54
6949352201106_camera1-3.jpg 93 1255.72 1009.4 1103.73 738.07 303.98 542.67
6949352201106_camera1-4.jpg 93 1256.73 1005.68 1107.67 746.41 298.12 518.54
6949352201106_camera1-5.jpg 93 1266.38 1004.19 1108.54 734.56 315.67 539.27
6949352201106_camera1-6.jpg 93 1265.1 1006.78 1111.42 738.82 307.36 535.91
6949352201106_camera1-8.jpg 93 1279.91 1004.54 1128.21 746.45 303.41 516.17
6949352201106_camera1-7.jpg 93 1267.69 1013.4 1105.91 739.82 323.56 547.16
6949352201106_camera2-12.jpg 93 1274.3 812.38 1124.56 660.01 299.48 304.74
6949352201106_camera2-10.jpg 93 1285.28 818.56 1148.9 678.22 272.75 280.68
6949352201106_camera2-13.jpg 93 1270.36 812.38 1124.56 662.64 291.6 299.48
6949352201106_camera2-11.jpg 93 1280.21 816.23 1143.04 677.47 274.34 277.51
6949352201106_camera2-17.jpg 93 1253.81 813.11 1115.98 675.28 275.66 275.66
6949352201106_camera2-14.jpg 93 1270.33 810.86 1119.07 658.28 302.52 305.15
6949352201106_camera1-9.jpg 93 1283.8 1001.26 1131.57 744.37 304.47 513.79
6949352201106_camera2-18.jpg 93 1248.03 818.94 1098.29 667.89 299.48 302.11
6949352201106_camera2-15.jpg 93 1266.38 812.16 1119.07 666.17 294.62 291.99
6949352201106_camera2-16.jpg 93 1257.53 810.63 1118.77 673.46 277.51 274.34
6949352201106_camera2-1.jpg 93 1290.14 859.02 1144.42 711.37 291.44 295.3
6949352201106_camera2-20.jpg 93 1238.76 816.12 1095.39 663.54 286.73 305.15
6949352201106_camera2-19.jpg 93 1245.07 815.05 1105.75 676.41 278.64 277.28
6949352201106_camera2-21.jpg 93 1237.3 822.12 1095.0 681.17 284.59 281.91
6949352201106_camera2-22.jpg 93 1234.44 835.17 1091.34 687.11 286.2 296.13
6949352201106_camera2-24.jpg 93 1233.51 835.44 1096.23 695.44 274.56 280.0
6949352201106_camera2-23.jpg 93 1234.82 829.27 1087.5 681.95 294.63 294.63
6949352201106_camera2-26.jpg 93 1234.17 852.26 1094.24 701.72 279.86 301.09
6949352201106_camera2-28.jpg 93 1235.55 855.15 1097.59 714.47 275.92 281.36
6949352201106_camera2-2.jpg 93 1291.96 856.5 1153.32 718.54 277.28 275.92
6949352201106_camera2-25.jpg 93 1235.13 847.44 1092.31 697.86 285.65 299.16
6949352201106_camera2-27.jpg 93 1233.49 848.99 1087.5 697.73 291.99 302.52
6949352201106_camera2-29.jpg 93 1238.28 856.1 1099.64 716.78 277.28 278.64
6949352201106_camera2-31.jpg 93 1245.62 866.64 1106.01 723.0 279.22 287.28
6949352201106_camera2-30.jpg 93 1240.08 868.72 1092.76 718.78 294.63 299.89
6949352201106_camera2-34.jpg 93 1257.33 875.43 1115.47 722.95 283.72 304.95
6949352201106_camera2-32.jpg 93 1251.44 868.09 1115.07 729.33 272.75 277.51
6949352201106_camera2-36.jpg 93 1269.01 871.36 1124.33 724.04 289.36 294.63
6949352201106_camera2-35.jpg 93 1264.1 871.07 1122.57 730.69 283.06 280.76
6949352201106_camera2-33.jpg 93 1253.9 870.77 1115.26 733.49 277.28 274.56
6949352201106_camera2-39.jpg 93 1282.42 868.67 1138.63 719.09 287.58 299.16
6949352201106_camera2-37.jpg 93 1275.59 871.36 1129.59 721.41 291.99 299.89
6949352201106_camera2-3.jpg 93 1293.2 849.48 1156.83 711.52 272.75 275.92
6949352201106_camera2-38.jpg 93 1277.46 868.26 1134.36 721.85 286.2 292.82
6949352201106_camera2-40.jpg 93 1283.9 864.65 1141.61 721.01 284.59 287.28
6949352201106_camera2-4.jpg 93 1293.18 845.93 1150.9 698.69 284.55 294.47
6949352201106_camera2-5.jpg 93 1294.68 840.87 1153.32 700.87 282.72 280.0
6949352201106_camera2-7.jpg 93 1293.18 834.35 1150.9 687.11 284.55 294.47
6949352201106_camera2-6.jpg 93 1292.7 834.51 1156.78 695.19 271.85 278.64
6949352201106_camera2-8.jpg 93 1290.06 829.27 1142.74 681.95 294.63 294.63
6949352201106_camera2-9.jpg 93 1291.74 830.39 1151.01 675.02 281.47 310.74
6949352201106_camera3-10.jpg 93 1402.62 1215.8 1253.56 928.77 298.12 574.05
6949352201106_camera3-12.jpg 93 1407.32 1215.86 1252.27 932.38 310.1 566.95
6949352201106_camera3-17.jpg 93 1401.7 1209.06 1242.77 922.71 317.87 572.69
6949352201106_camera3-14.jpg 93 1408.24 1211.94 1259.31 931.66 297.86 560.57
6949352201106_camera3-11.jpg 93 1404.97 1218.01 1250.57 927.54 308.81 580.95
6949352201106_camera3-13.jpg 93 1407.02 1211.18 1256.37 931.3 301.3 559.77
6949352201106_camera3-15.jpg 93 1408.42 1213.34 1247.96 926.6 320.93 573.47
6949352201106_camera3-16.jpg 93 1405.01 1208.24 1257.0 931.66 296.01 553.17
6949352201106_camera3-19.jpg 93 1393.07 1204.18 1238.83 918.21 308.49 571.94
6949352201106_camera3-18.jpg 93 1400.43 1209.39 1248.52 925.92 303.83 566.95
6949352201106_camera3-20.jpg 93 1389.89 1204.44 1240.04 926.93 299.71 555.02
6949352201106_camera3-1.jpg 93 1359.62 1219.94 1198.46 927.54 322.32 584.81
6949352201106_camera3-27.jpg 93 1349.24 1196.23 1184.83 908.18 328.82 576.1
6949352201106_camera3-25.jpg 93 1365.75 1206.24 1220.65 928.73 290.19 555.02
6949352201106_camera3-23.jpg 93 1378.42 1203.34 1226.73 925.46 303.39 555.76
6949352201106_camera3-26.jpg 93 1363.61 1206.43 1208.62 922.71 309.99 567.44
6949352201106_camera3-2.jpg 93 1365.79 1220.75 1218.32 936.9 294.95 567.7
6949352201106_camera3-28.jpg 93 1357.13 1208.07 1197.98 918.7 318.3 578.73
6949352201106_camera3-22.jpg 93 1381.92 1203.77 1234.45 925.47 294.95 556.6
6949352201106_camera3-21.jpg 93 1385.95 1205.12 1234.89 922.71 302.11 564.81
6949352201106_camera3-24.jpg 93 1369.75 1202.4 1219.4 925.19 300.7 554.42
6949352201106_camera3-29.jpg 93 1350.91 1204.83 1204.23 928.9 293.37 551.85
6949352201106_camera3-30.jpg 93 1345.23 1207.75 1187.61 920.09 315.24 575.32
6949352201106_camera3-31.jpg 93 1340.03 1210.7 1179.57 923.96 320.93 573.47
6949352201106_camera3-32.jpg 93 1341.29 1210.37 1187.61 922.71 307.36 575.32
6949352201106_camera3-33.jpg 93 1344.83 1208.2 1195.9 925.14 297.86 566.12
6949352201106_camera3-34.jpg 93 1339.97 1214.31 1179.72 922.71 320.5 583.2
6949352201106_camera3-35.jpg 93 1343.59 1212.86 1192.94 929.01 301.3 567.7
6949352201106_camera3-36.jpg 93 1346.54 1214.32 1187.61 925.34 317.87 577.95
6949352201106_camera3-37.jpg 93 1346.88 1215.52 1197.05 932.23 299.66 566.58
6949352201106_camera3-40.jpg 93 1358.07 1218.51 1203.02 931.91 310.1 573.21
6949352201106_camera3-39.jpg 93 1351.91 1221.81 1199.57 939.78 304.69 564.06
6949352201106_camera3-3.jpg 93 1374.12 1220.88 1219.13 933.22 309.99 575.32
6949352201106_camera3-5.jpg 93 1384.65 1220.55 1232.31 937.26 304.69 566.58
6949352201106_camera3-38.jpg 93 1350.49 1220.88 1195.49 930.59 309.99 580.57
6949352201106_camera3-7.jpg 93 1391.85 1218.58 1244.0 932.59 295.7 571.98
6949352201106_camera3-6.jpg 93 1380.69 1222.19 1224.38 930.59 312.62 583.2
6949352201106_camera3-4.jpg 93 1375.84 1220.56 1227.27 934.75 297.14 571.62
6949352201106_camera3-8.jpg 93 1397.77 1220.88 1240.15 930.59 315.24 580.57
6949352201106_camera3-9.jpg 93 1401.46 1217.3 1249.58 931.28 303.77 572.03
