6948960100993_camera0-11.jpg 94 1412.93 932.73 1261.49 538.67 302.88 788.12
6948960100993_camera0-10.jpg 94 1408.43 931.86 1255.86 534.64 305.15 794.44
6948960100993_camera0-12.jpg 94 1417.52 930.43 1260.22 531.88 314.6 797.11
6948960100993_camera0-13.jpg 94 1419.65 932.21 1264.04 537.84 311.23 788.73
6948960100993_camera0-14.jpg 94 1422.9 933.17 1258.49 537.27 328.82 791.81
6948960100993_camera0-15.jpg 94 1423.68 930.97 1270.08 539.4 307.21 783.14
6948960100993_camera0-18.jpg 94 1423.47 931.71 1263.6 535.41 319.75 792.61
6948960100993_camera0-16.jpg 94 1422.9 930.55 1258.49 526.75 328.82 807.59
6948960100993_camera0-17.jpg 94 1429.26 931.15 1276.01 540.48 306.49 781.34
6948960100993_camera0-19.jpg 94 1424.04 927.96 1263.79 533.91 320.5 788.11
6948960100993_camera0-21.jpg 94 1422.9 941.06 1261.12 550.42 323.56 781.28
6948960100993_camera0-24.jpg 94 1423.68 929.71 1270.08 541.92 307.21 775.59
6948960100993_camera0-23.jpg 94 1424.03 934.36 1265.07 541.51 317.93 785.69
6948960100993_camera0-1.jpg 94 1385.67 927.54 1233.2 535.74 304.95 783.6
6948960100993_camera0-27.jpg 94 1416.13 933.49 1267.56 549.47 297.14 768.03
6948960100993_camera0-20.jpg 94 1422.9 935.8 1266.38 542.53 313.04 786.54
6948960100993_camera0-22.jpg 94 1424.59 930.6 1268.1 539.92 312.99 781.35
6948960100993_camera0-25.jpg 94 1417.02 935.46 1264.86 551.27 304.33 768.39
6948960100993_camera0-26.jpg 94 1412.38 934.48 1258.49 542.53 307.78 783.91
6948960100993_camera0-29.jpg 94 1403.02 931.91 1245.4 539.17 315.24 785.48
6948960100993_camera0-28.jpg 94 1407.32 932.23 1257.49 551.99 299.66 760.48
6948960100993_camera0-2.jpg 94 1386.07 925.29 1226.92 526.75 318.3 797.07
6948960100993_camera0-30.jpg 94 1401.49 929.91 1242.53 540.72 317.93 778.38
6948960100993_camera0-31.jpg 94 1399.22 927.91 1237.44 534.64 323.56 786.54
6948960100993_camera0-32.jpg 94 1395.14 927.97 1237.52 539.17 315.24 777.6
6948960100993_camera0-40.jpg 94 1382.49 932.22 1234.64 544.79 295.7 774.87
6948960100993_camera0-33.jpg 94 1392.51 927.97 1237.52 539.17 309.99 777.6
6948960100993_camera0-37.jpg 94 1385.91 927.2 1237.34 544.44 297.14 765.51
6948960100993_camera0-35.jpg 94 1389.34 933.5 1240.12 543.4 298.44 780.21
6948960100993_camera0-34.jpg 94 1389.89 930.6 1234.89 539.17 309.99 782.85
6948960100993_camera0-36.jpg 94 1384.76 929.22 1221.66 537.27 326.19 783.91
6948960100993_camera0-38.jpg 94 1385.91 933.49 1239.86 544.44 292.1 778.1
6948960100993_camera0-4.jpg 94 1389.88 929.28 1232.26 533.91 315.24 790.74
6948960100993_camera0-39.jpg 94 1388.43 928.45 1239.86 539.4 297.14 778.1
6948960100993_camera0-3.jpg 94 1391.33 931.86 1237.44 539.9 307.78 783.91
6948960100993_camera0-5.jpg 94 1395.99 933.49 1244.9 544.44 302.18 778.1
6948960100993_camera0-6.jpg 94 1395.14 931.9 1237.52 533.91 315.24 795.99
6948960100993_camera0-8.jpg 94 1401.85 934.49 1242.7 534.64 318.3 799.7
6948960100993_camera0-7.jpg 94 1401.02 929.71 1249.93 534.36 302.18 790.69
6948960100993_camera1-11.jpg 94 1276.92 903.0 1108.79 541.79 336.26 722.43
6948960100993_camera1-12.jpg 94 1279.53 901.61 1111.17 545.16 336.71 712.89
6948960100993_camera1-10.jpg 94 1277.63 903.27 1113.95 551.99 327.36 702.56
6948960100993_camera0-9.jpg 94 1409.84 936.01 1257.49 541.92 304.69 788.18
6948960100993_camera1-15.jpg 94 1288.74 896.35 1119.07 537.27 339.34 718.15
6948960100993_camera1-17.jpg 94 1290.22 888.16 1126.54 536.88 327.36 702.56
6948960100993_camera1-13.jpg 94 1286.11 904.23 1119.07 542.53 334.08 723.41
6948960100993_camera1-18.jpg 94 1292.74 885.64 1131.58 534.36 322.32 702.56
6948960100993_camera1-19.jpg 94 1294.0 885.64 1134.1 534.36 319.8 702.56
6948960100993_camera1-16.jpg 94 1291.48 893.2 1129.06 541.92 324.84 702.56
6948960100993_camera1-14.jpg 94 1287.24 893.36 1118.84 537.36 336.81 711.99
6948960100993_camera1-1.jpg 94 1243.64 896.98 1081.22 544.44 324.84 705.08
6948960100993_camera1-20.jpg 94 1288.96 888.16 1129.06 539.4 319.8 697.52
6948960100993_camera1-22.jpg 94 1287.43 882.0 1119.3 523.41 336.26 717.18
6948960100993_camera1-21.jpg 94 1288.96 883.13 1131.58 529.33 314.77 707.6
6948960100993_camera1-23.jpg 94 1284.81 876.74 1121.93 518.15 325.75 717.18
6948960100993_camera1-24.jpg 94 1283.92 874.31 1126.54 524.29 314.77 700.04
6948960100993_camera1-27.jpg 94 1274.3 874.11 1114.05 515.52 320.5 717.18
6948960100993_camera1-26.jpg 94 1278.89 876.83 1118.99 521.77 319.8 710.11
6948960100993_camera1-25.jpg 94 1282.39 882.13 1117.01 513.64 330.77 736.98
6948960100993_camera1-2.jpg 94 1242.38 894.45 1081.22 539.4 322.32 710.11
6948960100993_camera1-29.jpg 94 1262.21 870.91 1099.59 520.09 325.24 701.64
6948960100993_camera1-28.jpg 94 1265.05 873.05 1108.92 521.77 312.25 702.56
6948960100993_camera1-30.jpg 94 1260.0 871.8 1098.84 516.74 322.32 710.11
6948960100993_camera1-33.jpg 94 1246.62 876.3 1082.18 521.82 328.89 708.95
6948960100993_camera1-34.jpg 94 1243.64 879.35 1081.22 519.25 324.84 720.19
6948960100993_camera1-31.jpg 94 1254.97 875.57 1093.81 519.25 322.32 712.63
6948960100993_camera1-32.jpg 94 1252.56 877.36 1086.28 519.23 332.55 716.25
6948960100993_camera1-37.jpg 94 1243.64 883.12 1081.22 526.81 324.84 712.63
6948960100993_camera1-35.jpg 94 1243.64 880.61 1081.22 529.33 324.84 702.56
6948960100993_camera1-36.jpg 94 1241.57 883.5 1078.95 527.2 325.24 712.6
6948960100993_camera1-38.jpg 94 1242.38 888.16 1081.22 534.36 322.32 707.6
6948960100993_camera1-40.jpg 94 1238.6 891.94 1078.7 539.4 319.8 705.08
6948960100993_camera1-39.jpg 94 1239.34 887.25 1073.06 529.13 332.55 716.25
6948960100993_camera1-3.jpg 94 1246.15 896.97 1086.25 541.92 319.8 710.11
6948960100993_camera1-4.jpg 94 1251.19 903.27 1088.77 551.99 324.84 702.56
6948960100993_camera1-5.jpg 94 1251.19 904.13 1088.31 548.62 325.76 711.03
6948960100993_camera1-6.jpg 94 1258.75 903.27 1096.33 551.99 324.84 702.56
6948960100993_camera1-7.jpg 94 1263.78 907.05 1101.36 557.03 324.84 700.04
6948960100993_camera1-8.jpg 94 1268.3 906.28 1101.67 545.67 333.26 721.23
6948960100993_camera2-12.jpg 94 1278.88 803.81 1126.54 650.2 304.69 307.21
6948960100993_camera2-11.jpg 94 1290.06 812.16 1126.96 650.38 326.19 323.56
6948960100993_camera2-13.jpg 94 1277.35 799.53 1123.53 644.92 307.64 309.22
6948960100993_camera1-9.jpg 94 1274.25 907.35 1107.97 551.05 332.55 712.6
6948960100993_camera2-10.jpg 94 1286.6 812.75 1135.82 659.19 301.56 307.11
6948960100993_camera2-16.jpg 94 1266.38 795.07 1105.91 629.34 320.93 331.45
6948960100993_camera2-15.jpg 94 1273.18 794.96 1121.48 642.33 303.41 305.26
6948960100993_camera2-14.jpg 94 1278.21 812.16 1111.17 631.97 334.08 360.39
6948960100993_camera2-18.jpg 94 1256.08 788.69 1102.52 635.14 307.11 307.11
6948960100993_camera2-19.jpg 94 1254.8 789.72 1099.75 636.23 310.1 306.97
6948960100993_camera2-17.jpg 94 1264.66 790.81 1112.43 640.16 304.47 301.3
6948960100993_camera2-21.jpg 94 1249.28 791.12 1090.13 634.6 318.3 313.04
6948960100993_camera2-22.jpg 94 1245.57 795.75 1093.33 646.69 304.47 298.12
6948960100993_camera2-28.jpg 94 1230.47 814.49 1075.42 659.44 310.1 310.1
6948960100993_camera2-27.jpg 94 1232.95 811.42 1079.13 657.6 307.64 307.64
6948960100993_camera2-25.jpg 94 1240.07 805.59 1079.61 639.86 320.93 331.45
6948960100993_camera2-20.jpg 94 1251.97 790.81 1099.74 640.16 304.47 301.3
6948960100993_camera2-24.jpg 94 1237.51 800.72 1082.2 645.41 310.62 310.62
6948960100993_camera2-23.jpg 94 1236.8 796.25 1083.56 646.24 306.49 300.02
6948960100993_camera2-26.jpg 94 1232.16 807.58 1079.92 657.38 304.47 300.39
6948960100993_camera2-30.jpg 94 1228.99 822.86 1075.51 667.81 306.97 310.1
6948960100993_camera2-2.jpg 94 1269.16 843.0 1113.76 693.14 310.81 299.71
6948960100993_camera2-29.jpg 94 1226.48 817.37 1072.92 664.74 307.11 305.26
6948960100993_camera2-31.jpg 94 1230.92 826.38 1079.01 672.89 303.83 306.97
6948960100993_camera2-33.jpg 94 1236.23 835.44 1085.36 681.84 301.75 307.19
6948960100993_camera2-32.jpg 94 1234.64 829.0 1082.4 674.39 304.47 309.22
6948960100993_camera2-34.jpg 94 1240.74 840.48 1085.43 681.51 310.62 317.93
6948960100993_camera2-38.jpg 94 1257.17 839.79 1087.5 679.32 339.35 320.93
6948960100993_camera2-35.jpg 94 1243.26 843.14 1091.82 689.32 302.88 307.64
6948960100993_camera2-37.jpg 94 1251.45 847.9 1096.97 696.19 308.96 303.41
6948960100993_camera2-36.jpg 94 1247.78 844.27 1094.87 691.36 305.83 305.83
6948960100993_camera2-4.jpg 94 1276.76 836.81 1121.71 684.9 310.1 303.83
6948960100993_camera2-40.jpg 94 1265.33 845.12 1109.92 694.34 310.81 301.56
6948960100993_camera2-7.jpg 94 1283.69 828.07 1133.04 675.05 301.3 306.05
6948960100993_camera2-3.jpg 94 1274.7 841.65 1117.4 684.35 314.6 314.6
6948960100993_camera2-39.jpg 94 1259.34 846.32 1107.11 694.08 304.47 304.47
6948960100993_camera2-6.jpg 94 1280.49 830.07 1125.12 670.84 310.74 318.46
6948960100993_camera2-5.jpg 94 1280.74 834.71 1131.23 684.52 299.03 300.39
6948960100993_camera2-8.jpg 94 1283.29 821.95 1128.24 665.33 310.1 313.23
6948960100993_camera2-9.jpg 94 1283.12 817.09 1131.57 666.89 303.11 300.39
6948960100993_camera3-10.jpg 94 1388.57 1109.23 1227.01 704.67 323.12 809.12
6948960100993_camera3-11.jpg 94 1394.52 1103.68 1240.61 707.11 307.82 793.15
6948960100993_camera3-12.jpg 94 1394.73 1107.24 1242.38 710.63 304.69 793.21
6948960100993_camera3-13.jpg 94 1399.29 1108.66 1243.67 707.9 311.23 801.52
6948960100993_camera3-15.jpg 94 1403.54 1104.72 1249.93 703.08 307.21 803.29
6948960100993_camera3-1.jpg 94 1350.55 1105.48 1190.09 703.0 320.93 804.96
6948960100993_camera3-19.jpg 94 1402.28 1102.2 1249.93 708.11 304.69 788.18
6948960100993_camera3-16.jpg 94 1395.99 1107.24 1242.38 708.11 307.21 798.25
6948960100993_camera3-17.jpg 94 1388.7 1102.84 1221.66 697.73 334.08 810.22
6948960100993_camera3-18.jpg 94 1397.25 1099.68 1242.38 703.08 309.73 793.21
6948960100993_camera3-14.jpg 94 1397.9 1104.15 1232.18 695.1 331.45 818.11
6948960100993_camera3-24.jpg 94 1387.17 1098.43 1237.34 705.6 299.66 785.66
6948960100993_camera3-20.jpg 94 1394.72 1102.2 1239.86 705.6 309.73 793.21
6948960100993_camera3-22.jpg 94 1394.41 1106.18 1235.45 709.68 317.93 793.0
6948960100993_camera3-21.jpg 94 1391.33 1102.84 1229.55 695.1 323.56 815.48
6948960100993_camera3-23.jpg 94 1390.94 1100.95 1234.82 705.6 312.25 790.69
6948960100993_camera3-25.jpg 94 1375.55 1097.58 1211.14 689.84 328.82 815.48
6948960100993_camera3-26.jpg 94 1380.88 1097.16 1229.79 700.56 302.18 793.21
6948960100993_camera3-27.jpg 94 1377.46 1095.55 1228.53 704.88 297.86 781.34
6948960100993_camera3-28.jpg 94 1368.98 1096.27 1211.14 689.84 315.67 812.85
6948960100993_camera3-34.jpg 94 1355.69 1100.94 1202.09 710.63 307.21 780.62
6948960100993_camera3-29.jpg 94 1369.55 1102.2 1219.72 710.63 299.66 783.14
6948960100993_camera3-32.jpg 94 1359.76 1102.85 1192.72 703.0 334.08 799.7
6948960100993_camera3-30.jpg 94 1365.14 1101.75 1211.65 707.08 306.97 789.34
6948960100993_camera3-31.jpg 94 1360.18 1097.35 1208.02 709.91 304.33 774.87
6948960100993_camera3-35.jpg 94 1356.95 1102.2 1202.09 708.11 309.73 788.18
6948960100993_camera3-2.jpg 94 1358.45 1109.41 1187.46 695.1 341.98 828.63
6948960100993_camera3-33.jpg 94 1354.43 1100.95 1202.09 705.6 304.69 790.69
6948960100993_camera3-37.jpg 94 1354.17 1105.41 1199.12 707.61 310.1 795.61
6948960100993_camera3-38.jpg 94 1351.87 1104.16 1184.83 700.37 334.08 807.59
6948960100993_camera3-36.jpg 94 1350.65 1100.94 1197.05 710.63 307.21 780.62
6948960100993_camera3-39.jpg 94 1350.55 1108.11 1184.83 700.37 331.45 815.48
6948960100993_camera3-40.jpg 94 1353.18 1107.24 1202.09 710.63 302.18 793.21
6948960100993_camera3-5.jpg 94 1367.66 1108.11 1205.88 700.37 323.56 815.48
6948960100993_camera3-3.jpg 94 1361.99 1108.49 1209.64 710.63 304.69 795.73
6948960100993_camera3-4.jpg 94 1367.65 1113.37 1203.24 703.0 328.82 820.74
6948960100993_camera3-6.jpg 94 1376.02 1109.07 1218.88 707.09 314.27 803.96
6948960100993_camera3-8.jpg 94 1383.39 1109.76 1229.79 705.6 307.21 808.32
6948960100993_camera3-7.jpg 94 1376.87 1106.8 1211.14 703.0 331.45 807.59
6948960100993_camera3-9.jpg 94 1386.08 1101.53 1211.14 684.58 349.87 833.89
