8410793186126_camera0-10.jpg 95 1406.2 929.05 1255.33 535.56 301.75 786.99
8410793186126_camera0-11.jpg 95 1405.46 932.84 1250.09 535.41 310.74 794.86
8410793186126_camera0-15.jpg 95 1414.02 925.16 1253.12 530.82 321.8 788.68
8410793186126_camera0-16.jpg 95 1407.12 930.55 1250.6 529.38 313.04 802.33
8410793186126_camera0-14.jpg 95 1405.46 927.21 1245.59 528.66 319.75 797.11
8410793186126_camera0-12.jpg 95 1406.06 932.23 1254.97 541.92 302.18 780.62
8410793186126_camera0-13.jpg 95 1403.16 931.86 1245.33 532.01 315.67 799.7
8410793186126_camera0-18.jpg 95 1412.7 927.8 1250.48 530.82 324.44 793.95
8410793186126_camera0-17.jpg 95 1406.96 930.6 1248.03 531.29 317.87 798.62
8410793186126_camera0-19.jpg 95 1407.12 933.17 1234.81 532.01 344.61 802.33
8410793186126_camera0-1.jpg 95 1403.0 931.87 1256.23 541.2 293.54 781.34
8410793186126_camera0-24.jpg 95 1415.33 921.2 1255.75 525.54 319.16 791.32
8410793186126_camera0-20.jpg 95 1410.9 924.03 1248.03 528.66 325.75 790.74
8410793186126_camera0-22.jpg 95 1413.62 924.67 1260.01 531.84 307.21 785.66
8410793186126_camera0-23.jpg 95 1415.01 922.65 1250.6 526.75 328.82 791.8
8410793186126_camera0-21.jpg 95 1409.59 929.28 1250.65 531.29 317.87 795.99
8410793186126_camera0-26.jpg 95 1416.65 933.08 1255.75 533.46 321.8 799.23
8410793186126_camera0-25.jpg 95 1411.06 929.23 1247.96 529.38 326.19 799.7
8410793186126_camera0-30.jpg 95 1411.1 927.19 1260.01 534.36 302.18 785.66
8410793186126_camera0-29.jpg 95 1411.38 926.48 1250.48 533.46 321.8 786.04
8410793186126_camera0-28.jpg 95 1411.1 927.19 1260.01 539.4 302.18 775.59
8410793186126_camera0-31.jpg 95 1412.7 933.07 1253.12 541.37 319.16 783.4
8410793186126_camera0-32.jpg 95 1411.06 929.22 1250.6 534.64 320.93 789.17
8410793186126_camera0-27.jpg 95 1413.53 927.97 1255.91 528.66 315.24 798.62
8410793186126_camera0-34.jpg 95 1417.98 937.03 1253.12 544.01 329.72 786.04
8410793186126_camera0-2.jpg 95 1402.28 929.71 1247.41 539.4 309.73 780.62
8410793186126_camera0-33.jpg 95 1405.79 929.23 1245.33 529.38 320.93 799.7
8410793186126_camera0-36.jpg 95 1408.27 926.66 1250.65 531.29 315.24 790.74
8410793186126_camera0-35.jpg 95 1400.83 919.88 1253.12 522.91 295.42 793.95
8410793186126_camera0-39.jpg 95 1416.65 927.8 1247.84 530.82 337.63 793.95
8410793186126_camera0-37.jpg 95 1407.32 932.23 1256.23 543.72 302.18 777.02
8410793186126_camera0-38.jpg 95 1399.08 927.96 1242.77 533.91 312.62 788.11
8410793186126_camera0-3.jpg 95 1396.59 929.23 1240.07 526.75 313.04 804.96
8410793186126_camera0-40.jpg 95 1400.82 935.71 1242.56 544.01 316.53 783.4
8410793186126_camera0-6.jpg 95 1403.54 929.71 1252.45 536.88 302.18 785.66
8410793186126_camera0-8.jpg 95 1405.65 927.96 1248.03 533.91 315.24 788.11
8410793186126_camera0-9.jpg 95 1408.74 931.75 1245.2 536.09 327.08 791.32
8410793186126_camera0-7.jpg 95 1403.54 927.19 1254.97 534.36 297.14 785.66
8410793186126_camera1-10.jpg 95 1271.58 885.59 1108.04 514.99 327.08 741.2
8410793186126_camera0-5.jpg 95 1404.33 929.28 1250.65 536.54 307.36 785.48
8410793186126_camera1-12.jpg 95 1267.56 888.16 1106.4 534.36 322.32 707.6
8410793186126_camera0-4.jpg 95 1394.23 926.48 1234.65 522.91 319.16 807.14
8410793186126_camera1-11.jpg 95 1262.43 889.77 1087.5 534.64 349.87 710.26
8410793186126_camera1-13.jpg 95 1271.66 892.5 1108.79 528.66 325.75 727.69
8410793186126_camera1-15.jpg 95 1273.85 891.93 1113.95 534.36 319.8 715.15
8410793186126_camera1-16.jpg 95 1279.49 888.23 1113.32 528.18 332.35 720.1
8410793186126_camera1-14.jpg 95 1271.68 887.25 1106.17 528.66 331.01 717.18
8410793186126_camera1-17.jpg 95 1278.89 886.9 1116.47 534.36 324.84 705.08
8410793186126_camera1-19.jpg 95 1276.86 882.96 1113.32 522.91 327.08 720.1
8410793186126_camera1-18.jpg 95 1275.61 892.5 1108.79 531.29 333.63 722.43
8410793186126_camera1-20.jpg 95 1277.63 889.41 1118.99 531.84 317.28 715.15
8410793186126_camera1-1.jpg 95 1251.8 881.63 1081.66 528.18 340.27 706.91
8410793186126_camera1-22.jpg 95 1275.99 886.68 1110.48 528.66 331.01 716.05
8410793186126_camera1-27.jpg 95 1276.37 884.38 1116.47 526.81 319.8 715.15
8410793186126_camera1-21.jpg 95 1275.54 889.55 1110.68 528.18 329.72 722.74
8410793186126_camera1-23.jpg 95 1280.81 881.64 1115.95 520.27 329.72 722.74
8410793186126_camera1-25.jpg 95 1276.92 887.25 1114.05 528.66 325.75 717.18
8410793186126_camera1-26.jpg 95 1275.59 888.45 1100.65 524.12 349.87 728.67
8410793186126_camera1-24.jpg 95 1277.63 886.9 1116.47 529.33 322.32 715.15
8410793186126_camera1-28.jpg 95 1275.54 882.95 1100.13 517.63 350.82 730.65
8410793186126_camera1-2.jpg 95 1257.48 885.64 1098.84 531.84 317.29 707.6
8410793186126_camera1-30.jpg 95 1269.05 882.0 1103.54 518.15 331.01 727.69
8410793186126_camera1-29.jpg 95 1268.94 886.91 1094.85 522.91 348.18 728.01
8410793186126_camera1-31.jpg 95 1270.08 883.12 1108.92 526.81 322.32 712.63
8410793186126_camera1-32.jpg 95 1267.73 882.0 1100.91 523.41 333.63 717.18
8410793186126_camera1-33.jpg 95 1268.94 884.27 1102.77 525.54 332.35 717.46
8410793186126_camera1-37.jpg 95 1261.26 881.87 1098.84 524.29 324.84 715.15
8410793186126_camera1-34.jpg 95 1265.1 884.62 1103.54 526.03 323.12 717.18
8410793186126_camera1-35.jpg 95 1262.35 884.27 1100.13 528.18 324.44 712.18
8410793186126_camera1-38.jpg 95 1258.49 884.51 1090.13 526.75 336.71 715.52
8410793186126_camera1-39.jpg 95 1257.48 881.86 1098.84 519.25 317.29 725.22
8410793186126_camera1-40.jpg 95 1254.43 889.55 1097.49 528.18 313.89 722.74
8410793186126_camera1-4.jpg 95 1256.23 888.16 1096.33 534.36 319.8 707.6
8410793186126_camera1-3.jpg 95 1258.39 882.96 1097.49 522.91 321.8 720.1
8410793186126_camera1-36.jpg 95 1263.78 878.09 1103.88 519.25 319.8 717.67
8410793186126_camera1-6.jpg 95 1260.0 896.97 1098.84 541.92 322.32 710.11
8410793186126_camera1-5.jpg 95 1257.23 888.56 1090.41 528.66 333.63 719.81
8410793186126_camera1-8.jpg 95 1265.04 889.42 1103.88 536.88 322.32 705.08
8410793186126_camera1-7.jpg 95 1262.52 890.68 1101.36 536.88 322.32 707.6
8410793186126_camera2-12.jpg 95 1263.44 832.26 1108.07 662.42 310.74 339.69
8410793186126_camera2-10.jpg 95 1266.38 834.53 1100.65 663.54 331.45 341.98
8410793186126_camera1-9.jpg 95 1268.94 886.91 1108.04 530.82 321.8 712.18
8410793186126_camera2-11.jpg 95 1262.53 820.17 1108.92 665.31 307.21 309.73
8410793186126_camera2-14.jpg 95 1264.09 829.11 1107.75 659.26 312.67 339.69
8410793186126_camera2-16.jpg 95 1261.12 820.05 1098.02 653.01 326.19 334.08
8410793186126_camera2-18.jpg 95 1260.7 810.98 1107.11 658.74 307.19 304.47
8410793186126_camera2-15.jpg 95 1264.09 827.17 1107.75 655.4 312.67 343.55
8410793186126_camera2-13.jpg 95 1267.17 814.6 1111.77 662.89 310.81 303.41
8410793186126_camera2-17.jpg 95 1269.01 814.8 1100.65 642.49 336.71 344.61
8410793186126_camera2-1.jpg 95 1253.42 827.62 1099.65 668.87 307.54 317.5
8410793186126_camera2-19.jpg 95 1258.3 824.28 1101.96 651.54 312.67 345.48
8410793186126_camera2-21.jpg 95 1256.74 806.66 1102.92 654.43 307.64 304.47
8410793186126_camera2-20.jpg 95 1258.3 825.25 1103.89 651.54 308.81 347.41
8410793186126_camera2-22.jpg 95 1251.98 810.63 1098.16 656.02 307.64 309.22
8410793186126_camera2-23.jpg 95 1254.43 809.1 1097.49 654.79 313.89 308.61
8410793186126_camera2-27.jpg 95 1248.64 823.32 1090.38 653.47 316.53 339.69
8410793186126_camera2-25.jpg 95 1251.51 808.52 1096.64 654.6 309.73 307.84
8410793186126_camera2-26.jpg 95 1250.47 807.78 1092.21 644.24 316.53 327.08
8410793186126_camera2-2.jpg 95 1258.3 831.03 1101.96 668.91 312.67 324.25
8410793186126_camera2-30.jpg 95 1247.22 813.01 1094.99 659.19 304.47 307.64
8410793186126_camera2-28.jpg 95 1249.15 811.25 1095.38 657.48 307.54 307.54
8410793186126_camera2-24.jpg 95 1250.99 821.11 1094.65 654.02 312.67 334.18
8410793186126_camera2-29.jpg 95 1247.96 821.37 1079.61 647.75 336.71 347.24
8410793186126_camera2-31.jpg 95 1247.96 815.59 1093.01 661.32 309.9 308.54
8410793186126_camera2-32.jpg 95 1249.15 817.02 1094.85 662.71 308.61 308.61
8410793186126_camera2-33.jpg 95 1249.34 830.21 1093.0 665.6 312.67 329.21
8410793186126_camera2-34.jpg 95 1247.11 819.12 1090.8 664.17 312.62 309.9
8410793186126_camera2-35.jpg 95 1245.2 820.97 1086.94 657.43 316.53 327.08
8410793186126_camera2-36.jpg 95 1251.91 830.58 1092.76 660.91 318.3 339.34
8410793186126_camera2-37.jpg 95 1249.33 832.68 1094.65 670.56 309.36 324.25
8410793186126_camera2-38.jpg 95 1249.6 824.9 1096.57 670.29 306.05 309.22
8410793186126_camera2-3.jpg 95 1266.38 827.95 1105.91 660.91 320.93 334.08
8410793186126_camera2-40.jpg 95 1253.12 830.2 1097.49 670.62 311.25 319.16
8410793186126_camera2-5.jpg 95 1262.07 825.93 1108.47 672.33 307.19 307.19
8410793186126_camera2-7.jpg 95 1263.0 821.72 1109.86 667.36 306.29 308.72
8410793186126_camera2-4.jpg 95 1267.69 831.89 1100.65 666.17 334.08 331.45
8410793186126_camera2-8.jpg 95 1261.49 819.36 1104.5 667.12 313.98 304.47
8410793186126_camera2-9.jpg 95 1267.62 822.29 1113.32 665.34 308.61 313.89
8410793186126_camera2-6.jpg 95 1264.22 823.6 1109.54 667.26 309.36 312.67
8410793186126_camera2-39.jpg 95 1248.47 823.21 1096.23 670.97 304.47 304.47
8410793186126_camera3-10.jpg 95 1372.92 1098.89 1208.51 692.47 328.82 812.85
8410793186126_camera3-11.jpg 95 1379.72 1099.25 1221.46 697.0 316.53 804.5
8410793186126_camera3-12.jpg 95 1381.82 1101.72 1225.32 697.54 312.99 808.37
8410793186126_camera3-16.jpg 95 1383.56 1101.44 1229.0 704.23 309.11 794.43
8410793186126_camera3-14.jpg 95 1383.68 1101.89 1226.74 697.0 313.89 809.78
8410793186126_camera3-13.jpg 95 1376.87 1096.27 1208.51 695.1 336.71 802.33
8410793186126_camera3-15.jpg 95 1379.59 1101.72 1227.36 704.49 304.47 794.47
8410793186126_camera3-17.jpg 95 1383.32 1101.36 1224.38 699.42 317.87 803.87
8410793186126_camera3-23.jpg 95 1387.64 1096.61 1229.38 694.36 316.53 804.5
8410793186126_camera3-18.jpg 95 1383.44 1094.95 1219.03 692.47 328.82 804.96
8410793186126_camera3-20.jpg 95 1384.63 1100.04 1227.01 699.42 315.24 801.24
8410793186126_camera3-19.jpg 95 1382.59 1099.84 1230.35 704.19 304.47 791.3
8410793186126_camera3-21.jpg 95 1385.01 1101.88 1226.74 702.27 316.53 799.23
8410793186126_camera3-25.jpg 95 1383.44 1102.84 1229.55 692.47 307.78 820.74
8410793186126_camera3-22.jpg 95 1386.1 1103.83 1230.69 704.52 310.81 798.61
8410793186126_camera3-1.jpg 95 1370.18 1098.73 1211.25 691.54 317.87 814.38
8410793186126_camera3-24.jpg 95 1382.37 1104.53 1226.74 704.91 311.25 799.23
8410793186126_camera3-26.jpg 95 1383.32 1103.98 1221.76 704.67 323.12 798.62
8410793186126_camera3-27.jpg 95 1385.01 1100.23 1235.0 706.32 300.02 787.82
8410793186126_camera3-29.jpg 95 1385.01 1100.57 1226.74 697.0 316.53 807.14
8410793186126_camera3-28.jpg 95 1379.5 1094.95 1216.4 689.84 326.19 810.22
8410793186126_camera3-2.jpg 95 1372.81 1102.67 1216.5 699.42 312.62 806.5
8410793186126_camera3-31.jpg 95 1383.93 1102.38 1228.53 706.32 310.81 792.13
8410793186126_camera3-30.jpg 95 1373.13 1095.3 1216.19 694.36 313.89 801.87
8410793186126_camera3-32.jpg 95 1376.75 1100.04 1219.13 699.42 315.24 801.24
8410793186126_camera3-34.jpg 95 1373.86 1094.11 1221.69 694.8 304.33 798.61
8410793186126_camera3-33.jpg 95 1376.87 1101.53 1205.88 692.47 341.98 818.11
8410793186126_camera3-35.jpg 95 1373.12 1097.93 1218.82 697.0 308.61 801.87
8410793186126_camera3-38.jpg 95 1370.19 1101.35 1213.88 702.04 312.62 798.62
8410793186126_camera3-37.jpg 95 1370.26 1099.39 1217.63 704.41 305.26 789.97
8410793186126_camera3-36.jpg 95 1383.45 1094.95 1211.14 687.21 344.61 815.48
8410793186126_camera3-39.jpg 95 1368.87 1096.1 1211.25 696.79 315.24 798.62
8410793186126_camera3-3.jpg 95 1370.49 1103.2 1213.55 699.63 313.89 807.14
8410793186126_camera3-5.jpg 95 1369.55 1103.47 1219.72 703.08 299.66 800.77
8410793186126_camera3-40.jpg 95 1369.81 1097.97 1212.19 702.79 315.24 790.36
8410793186126_camera3-4.jpg 95 1367.66 1100.21 1208.51 695.1 318.3 810.22
8410793186126_camera3-6.jpg 95 1367.86 1103.2 1210.91 699.63 313.89 807.14
8410793186126_camera3-7.jpg 95 1371.7 1101.66 1219.54 702.36 304.33 798.61
8410793186126_camera3-9.jpg 95 1378.41 1096.62 1226.74 697.0 303.34 799.23
8410793186126_camera3-8.jpg 95 1378.53 1098.78 1226.83 701.02 303.41 795.52
