6948960100078_camera0-10.jpg 96 1399.77 934.42 1244.5 540.93 310.54 786.99
6948960100078_camera0-13.jpg 96 1414.14 929.99 1260.9 537.6 306.49 784.78
6948960100078_camera0-11.jpg 96 1406.43 931.11 1250.16 537.26 312.53 787.7
6948960100078_camera0-15.jpg 96 1422.69 931.11 1267.13 538.67 311.12 784.87
6948960100078_camera0-12.jpg 96 1409.4 931.34 1253.83 540.58 311.15 781.52
6948960100078_camera0-19.jpg 96 1438.24 935.35 1281.27 544.33 313.95 782.04
6948960100078_camera0-14.jpg 96 1419.59 931.51 1262.8 537.1 313.58 788.82
6948960100078_camera0-18.jpg 96 1434.59 934.05 1278.4 541.46 312.37 785.17
6948960100078_camera0-17.jpg 96 1431.5 932.13 1277.9 540.74 307.19 782.78
6948960100078_camera0-1.jpg 96 1375.32 928.27 1219.05 538.67 312.53 779.21
6948960100078_camera0-16.jpg 96 1429.87 931.54 1272.29 539.46 315.15 784.16
6948960100078_camera0-20.jpg 96 1439.66 931.82 1279.86 544.33 319.61 774.97
6948960100078_camera0-22.jpg 96 1438.53 931.06 1286.29 545.72 304.47 770.68
6948960100078_camera0-23.jpg 96 1437.64 930.61 1283.09 542.11 309.1 776.99
6948960100078_camera0-21.jpg 96 1438.01 931.04 1282.43 542.1 311.15 777.88
6948960100078_camera0-26.jpg 96 1430.97 931.21 1275.82 545.75 310.31 770.93
6948960100078_camera0-25.jpg 96 1430.41 931.57 1281.02 548.59 298.79 765.96
6948960100078_camera0-28.jpg 96 1421.21 931.91 1268.07 545.41 306.29 773.01
6948960100078_camera0-27.jpg 96 1423.1 927.58 1269.76 540.9 306.68 773.36
6948960100078_camera0-24.jpg 96 1434.68 933.3 1282.64 550.58 304.08 765.44
6948960100078_camera0-29.jpg 96 1414.91 931.11 1258.65 548.57 312.53 765.07
6948960100078_camera0-30.jpg 96 1413.78 931.21 1263.07 548.35 301.43 765.72
6948960100078_camera0-33.jpg 96 1395.05 932.46 1232.4 542.68 325.3 779.57
6948960100078_camera0-38.jpg 96 1380.26 928.99 1226.12 544.33 308.29 769.31
6948960100078_camera0-36.jpg 96 1385.97 930.1 1237.08 545.41 297.78 769.37
6948960100078_camera0-31.jpg 96 1410.45 932.47 1253.58 544.61 313.75 775.72
6948960100078_camera0-32.jpg 96 1401.3 928.38 1252.37 548.19 297.86 760.37
6948960100078_camera0-37.jpg 96 1383.1 927.1 1224.71 539.38 316.78 775.44
6948960100078_camera0-2.jpg 96 1376.5 930.4 1219.76 541.03 313.48 778.74
6948960100078_camera0-40.jpg 96 1377.43 928.99 1223.29 544.33 308.29 769.31
6948960100078_camera0-35.jpg 96 1388.87 931.22 1237.9 542.68 301.93 777.09
6948960100078_camera0-5.jpg 96 1382.62 931.3 1229.48 538.51 306.29 785.57
6948960100078_camera0-6.jpg 96 1383.03 932.05 1230.49 539.46 305.07 785.17
6948960100078_camera0-39.jpg 96 1380.62 928.42 1224.71 541.53 311.83 773.79
6948960100078_camera0-7.jpg 96 1389.3 930.62 1236.15 536.42 306.29 788.41
6948960100078_camera0-3.jpg 96 1378.05 930.91 1231.25 542.95 293.59 775.92
6948960100078_camera0-4.jpg 96 1382.55 934.39 1226.63 540.76 311.83 787.27
6948960100078_camera1-11.jpg 96 1271.38 908.48 1107.33 554.23 328.09 708.5
6948960100078_camera1-13.jpg 96 1284.31 908.79 1119.45 555.44 329.71 706.69
6948960100078_camera0-8.jpg 96 1393.23 931.62 1244.39 541.52 297.67 780.2
6948960100078_camera1-12.jpg 96 1274.9 905.65 1112.98 551.4 323.85 708.5
6948960100078_camera1-19.jpg 96 1307.48 893.09 1147.32 543.43 320.32 699.32
6948960100078_camera1-14.jpg 96 1289.09 904.17 1120.66 549.04 336.85 710.27
6948960100078_camera1-17.jpg 96 1303.52 897.28 1142.45 547.28 322.14 700.0
6948960100078_camera1-16.jpg 96 1298.87 899.5 1135.39 547.03 326.95 704.95
6948960100078_camera0-9.jpg 96 1397.6 931.15 1246.82 538.94 301.56 784.42
6948960100078_camera1-21.jpg 96 1301.42 880.56 1137.26 526.66 328.33 707.8
6948960100078_camera1-10.jpg 96 1267.17 909.88 1104.37 559.29 325.61 701.17
6948960100078_camera1-18.jpg 96 1303.52 895.24 1142.45 544.56 322.14 701.36
6948960100078_camera1-20.jpg 96 1304.77 888.55 1143.12 537.29 323.3 702.52
6948960100078_camera1-1.jpg 96 1228.76 890.48 1069.05 540.48 319.42 700.0
6948960100078_camera1-15.jpg 96 1290.53 902.21 1127.19 545.13 326.68 714.16
6948960100078_camera1-22.jpg 96 1305.2 881.19 1147.32 530.74 315.76 700.91
6948960100078_camera1-28.jpg 96 1281.98 869.59 1120.06 517.46 323.85 704.26
6948960100078_camera1-24.jpg 96 1300.3 877.14 1139.87 522.84 320.87 708.6
6948960100078_camera1-23.jpg 96 1304.61 879.5 1144.1 525.95 321.02 707.09
6948960100078_camera1-26.jpg 96 1292.84 872.14 1134.97 523.79 315.73 696.7
6948960100078_camera1-30.jpg 96 1268.17 868.06 1112.54 518.74 311.26 698.64
6948960100078_camera1-27.jpg 96 1287.2 870.1 1128.85 518.74 316.7 702.72
6948960100078_camera1-25.jpg 96 1294.2 873.83 1135.41 521.7 317.58 704.26
6948960100078_camera1-33.jpg 96 1251.8 870.82 1091.56 517.03 320.47 707.58
6948960100078_camera1-29.jpg 96 1274.37 866.74 1117.38 516.06 313.98 701.36
6948960100078_camera1-2.jpg 96 1232.16 893.88 1071.77 543.2 320.78 701.36
6948960100078_camera1-34.jpg 96 1248.72 870.75 1088.66 518.37 320.11 704.75
6948960100078_camera1-32.jpg 96 1256.21 867.57 1095.0 516.65 322.43 701.84
6948960100078_camera1-36.jpg 96 1240.11 873.85 1083.41 524.91 313.4 697.87
6948960100078_camera1-31.jpg 96 1260.57 867.3 1101.35 514.21 318.44 706.17
6948960100078_camera1-37.jpg 96 1235.33 878.25 1076.98 528.25 316.7 700.0
6948960100078_camera1-38.jpg 96 1231.61 881.88 1070.66 530.21 321.89 703.33
6948960100078_camera1-35.jpg 96 1242.98 871.13 1082.58 519.81 320.81 702.64
6948960100078_camera1-3.jpg 96 1236.12 897.85 1074.37 548.19 323.5 699.32
6948960100078_camera1-39.jpg 96 1232.25 882.62 1070.89 533.11 322.72 699.03
6948960100078_camera1-6.jpg 96 1245.21 902.83 1081.87 549.99 326.68 705.68
6948960100078_camera1-5.jpg 96 1239.65 903.67 1078.69 550.5 321.92 706.34
6948960100078_camera1-7.jpg 96 1248.55 906.97 1085.51 555.44 326.07 703.05
6948960100078_camera1-4.jpg 96 1236.91 900.22 1075.96 549.77 321.91 700.91
6948960100078_camera1-40.jpg 96 1231.31 885.86 1066.32 532.78 329.98 706.15
6948960100078_camera1-9.jpg 96 1260.66 909.92 1098.66 556.23 324.0 707.38
6948960100078_camera1-8.jpg 96 1253.3 908.95 1089.57 559.29 327.46 699.32
6948960100078_camera2-13.jpg 96 1288.72 804.63 1133.91 649.3 309.62 310.66
6948960100078_camera2-11.jpg 96 1291.12 815.71 1138.8 663.01 304.63 305.4
6948960100078_camera2-14.jpg 96 1286.82 798.94 1135.94 647.48 301.75 302.91
6948960100078_camera2-16.jpg 96 1278.81 791.6 1126.56 638.01 304.5 307.18
6948960100078_camera2-12.jpg 96 1289.76 808.78 1134.0 649.99 311.52 317.58
6948960100078_camera2-17.jpg 96 1272.53 786.44 1119.28 634.23 306.5 304.42
6948960100078_camera2-18.jpg 96 1268.31 784.01 1117.52 634.22 301.58 299.58
6948960100078_camera2-10.jpg 96 1291.09 819.17 1138.39 666.86 305.4 304.63
6948960100078_camera2-15.jpg 96 1284.26 794.3 1131.97 641.12 304.57 306.35
6948960100078_camera2-22.jpg 96 1245.07 784.75 1094.19 633.3 301.75 302.91
6948960100078_camera2-23.jpg 96 1241.86 784.79 1085.49 632.06 312.74 305.46
6948960100078_camera2-20.jpg 96 1257.3 781.26 1107.01 630.97 300.58 300.58
6948960100078_camera2-19.jpg 96 1261.86 784.51 1108.39 633.73 306.93 301.57
6948960100078_camera2-24.jpg 96 1236.32 788.84 1084.87 637.96 302.91 301.75
6948960100078_camera2-21.jpg 96 1251.12 782.17 1098.88 631.3 304.47 301.75
6948960100078_camera2-27.jpg 96 1223.68 799.08 1071.8 647.86 303.76 302.44
6948960100078_camera2-28.jpg 96 1222.35 803.98 1070.89 654.27 302.91 299.42
6948960100078_camera2-1.jpg 96 1261.71 855.78 1110.57 703.5 302.28 304.57
6948960100078_camera2-29.jpg 96 1218.74 810.42 1066.5 660.23 304.47 300.39
6948960100078_camera2-25.jpg 96 1231.09 791.16 1079.05 640.29 304.08 301.75
6948960100078_camera2-30.jpg 96 1217.53 815.38 1063.91 663.1 307.24 304.57
6948960100078_camera2-26.jpg 96 1227.06 796.75 1074.14 645.88 305.83 301.75
6948960100078_camera2-2.jpg 96 1264.3 853.63 1107.33 697.26 313.95 312.74
6948960100078_camera2-34.jpg 96 1224.79 839.56 1072.59 686.7 304.41 305.72
6948960100078_camera2-31.jpg 96 1220.22 820.53 1067.05 670.92 306.35 299.23
6948960100078_camera2-36.jpg 96 1232.83 845.34 1082.54 692.72 300.58 305.24
6948960100078_camera2-32.jpg 96 1221.63 826.85 1068.01 673.23 307.24 307.24
6948960100078_camera2-33.jpg 96 1221.97 832.04 1070.41 680.48 303.11 303.11
6948960100078_camera2-37.jpg 96 1235.92 851.22 1083.81 699.95 304.22 302.54
6948960100078_camera2-38.jpg 96 1242.07 853.65 1090.78 700.37 302.58 306.57
6948960100078_camera2-35.jpg 96 1228.34 842.23 1076.55 690.44 303.58 303.58
6948960100078_camera2-40.jpg 96 1252.34 858.05 1097.18 700.47 310.31 315.16
6948960100078_camera2-4.jpg 96 1277.2 848.16 1124.58 695.54 305.24 305.24
6948960100078_camera2-5.jpg 96 1280.6 845.34 1127.98 693.88 305.24 302.91
6948960100078_camera2-39.jpg 96 1247.15 855.7 1094.29 703.49 305.72 304.41
6948960100078_camera2-6.jpg 96 1284.68 840.68 1132.64 688.06 304.08 305.24
6948960100078_camera2-3.jpg 96 1270.53 850.67 1118.74 698.38 303.58 304.58
6948960100078_camera2-9.jpg 96 1292.67 823.75 1141.53 671.84 302.28 303.81
6948960100078_camera2-8.jpg 96 1289.05 832.35 1137.22 678.83 303.66 307.04
6948960100078_camera3-11.jpg 96 1388.58 1108.21 1227.86 706.88 321.45 802.67
6948960100078_camera3-14.jpg 96 1402.2 1104.19 1248.66 705.0 307.07 798.39
6948960100078_camera2-7.jpg 96 1286.76 836.38 1134.47 685.09 304.58 302.58
6948960100078_camera3-13.jpg 96 1397.03 1109.7 1238.64 709.49 316.78 800.43
6948960100078_camera3-10.jpg 96 1383.41 1108.76 1228.01 709.14 310.81 799.23
6948960100078_camera3-12.jpg 96 1391.99 1108.55 1235.62 709.75 312.74 797.6
6948960100078_camera3-15.jpg 96 1403.42 1105.59 1248.81 708.35 309.22 794.47
6948960100078_camera3-16.jpg 96 1405.53 1107.82 1243.88 706.52 323.3 802.59
6948960100078_camera3-17.jpg 96 1409.74 1104.39 1255.45 709.69 308.57 789.41
6948960100078_camera3-18.jpg 96 1414.11 1102.67 1254.1 705.69 320.01 793.96
6948960100078_camera3-19.jpg 96 1409.81 1101.0 1251.97 700.63 315.68 800.74
6948960100078_camera3-20.jpg 96 1411.29 1102.68 1255.11 707.06 312.37 791.25
6948960100078_camera3-1.jpg 96 1345.54 1107.97 1194.89 713.11 301.3 789.71
6948960100078_camera3-30.jpg 96 1375.67 1096.07 1225.02 708.35 301.3 775.44
6948960100078_camera3-22.jpg 96 1408.75 1099.65 1254.14 710.35 309.22 778.61
6948960100078_camera3-24.jpg 96 1402.17 1098.07 1248.42 707.31 307.5 781.52
6948960100078_camera3-26.jpg 96 1395.6 1093.64 1245.74 703.54 299.71 780.2
6948960100078_camera3-25.jpg 96 1398.66 1096.86 1247.22 708.35 302.88 777.02
6948960100078_camera3-21.jpg 96 1410.22 1100.49 1257.98 710.39 304.47 780.2
6948960100078_camera3-27.jpg 96 1390.76 1096.77 1235.79 706.01 309.94 781.52
6948960100078_camera3-29.jpg 96 1375.76 1089.08 1219.85 697.23 311.83 783.69
6948960100078_camera3-2.jpg 96 1348.53 1105.39 1194.71 710.54 307.64 789.71
6948960100078_camera3-23.jpg 96 1405.72 1095.15 1250.16 705.55 311.12 779.21
6948960100078_camera3-28.jpg 96 1385.97 1096.07 1236.12 708.35 299.71 775.44
6948960100078_camera3-33.jpg 96 1360.04 1097.36 1207.34 708.72 305.4 777.27
6948960100078_camera3-32.jpg 96 1360.88 1096.3 1205.32 705.28 311.12 782.04
6948960100078_camera3-31.jpg 96 1369.32 1095.28 1220.26 708.35 298.12 773.85
6948960100078_camera3-39.jpg 96 1347.97 1100.11 1191.0 704.84 313.95 790.53
6948960100078_camera3-34.jpg 96 1359.99 1094.41 1210.13 703.13 299.71 782.57
6948960100078_camera3-37.jpg 96 1348.52 1099.35 1194.16 707.98 308.72 782.74
6948960100078_camera3-35.jpg 96 1351.05 1101.22 1201.19 708.75 299.71 784.95
6948960100078_camera3-38.jpg 96 1346.8 1100.42 1191.71 702.8 310.18 795.24
6948960100078_camera3-36.jpg 96 1350.51 1098.95 1199.63 705.46 301.75 786.99
6948960100078_camera3-3.jpg 96 1354.8 1106.47 1193.59 709.79 322.43 793.36
6948960100078_camera3-4.jpg 96 1353.47 1107.16 1201.23 709.93 304.47 794.47
6948960100078_camera3-40.jpg 96 1345.2 1104.7 1187.2 709.07 316.01 791.25
6948960100078_camera3-7.jpg 96 1370.19 1107.9 1209.47 704.64 321.45 806.52
6948960100078_camera3-6.jpg 96 1365.67 1107.2 1204.81 705.45 321.73 803.49
6948960100078_camera3-5.jpg 96 1359.02 1107.95 1205.99 709.93 306.05 796.05
6948960100078_camera3-8.jpg 96 1372.91 1110.43 1211.22 710.33 323.38 800.19
6948960100078_camera3-9.jpg 96 1374.85 1105.7 1211.23 702.44 327.23 806.52
