6907992510446_camera0-14.jpg 97 1439.01 1110.3 1306.7 899.85 264.62 420.89
6907992510446_camera0-17.jpg 97 1441.59 1110.05 1321.58 897.31 240.01 425.47
6907992510446_camera0-19.jpg 97 1439.08 1109.92 1343.25 902.64 191.65 414.56
6907992510446_camera0-12.jpg 97 1432.45 1109.02 1307.43 900.14 250.03 417.76
6907992510446_camera0-18.jpg 97 1443.67 1110.71 1331.46 898.98 224.42 423.46
6907992510446_camera0-1.jpg 97 1367.95 1112.12 1289.89 907.66 156.12 408.93
6907992510446_camera0-20.jpg 97 1444.38 1111.16 1353.23 903.32 182.31 415.68
6907992510446_camera0-23.jpg 97 1435.65 1107.85 1325.56 903.28 220.19 409.13
6907992510446_camera0-21.jpg 97 1446.47 1107.38 1349.31 898.33 194.32 418.09
6907992510446_camera0-25.jpg 97 1426.84 1107.76 1300.43 902.52 252.82 410.49
6907992510446_camera0-22.jpg 97 1443.27 1108.74 1341.17 902.46 204.19 412.55
6907992510446_camera0-2.jpg 97 1376.84 1112.12 1295.28 904.84 163.11 414.56
6907992510446_camera0-35.jpg 97 1370.62 1105.62 1242.74 898.95 255.76 413.35
6907992510446_camera0-34.jpg 97 1375.98 1105.24 1246.85 899.52 258.26 411.44
6907992510446_camera0-36.jpg 97 1367.3 1107.27 1245.99 905.08 242.62 404.37
6907992510446_camera0-37.jpg 97 1366.96 1108.45 1247.74 900.39 238.45 416.12
6907992510446_camera0-38.jpg 97 1367.94 1109.24 1254.61 903.78 226.67 410.92
6907992510446_camera0-39.jpg 97 1363.32 1109.22 1270.12 903.59 186.41 411.26
6907992510446_camera0-40.jpg 97 1364.2 1110.76 1286.05 905.51 156.31 410.49
6907992510446_camera0-6.jpg 97 1388.52 1110.6 1258.94 898.64 259.15 423.91
6907992510446_camera0-4.jpg 97 1378.98 1113.49 1270.36 906.55 217.25 413.88
6907992510446_camera1-10.jpg 97 1279.41 1051.43 1159.69 873.98 239.44 354.91
6907992510446_camera1-11.jpg 97 1287.63 1053.93 1163.99 867.95 247.28 371.96
6907992510446_camera1-14.jpg 97 1301.93 1044.53 1175.86 841.55 252.14 405.96
6907992510446_camera1-15.jpg 97 1304.19 1040.0 1183.22 832.72 241.94 414.56
6907992510446_camera1-16.jpg 97 1302.49 1036.06 1182.48 825.75 240.01 420.62
6907992510446_camera1-18.jpg 97 1301.14 1028.49 1202.47 819.09 197.35 418.8
6907992510446_camera1-19.jpg 97 1300.07 1020.14 1214.0 820.14 172.13 400.01
6907992510446_camera1-17.jpg 97 1301.84 1029.78 1196.98 822.4 209.71 414.76
6907992510446_camera1-1.jpg 97 1224.7 1039.3 1131.21 833.61 186.99 411.37
6907992510446_camera1-22.jpg 97 1298.76 1011.45 1192.74 806.89 212.04 409.13
6907992510446_camera1-21.jpg 97 1301.34 1018.19 1201.59 816.47 199.49 403.43
6907992510446_camera1-23.jpg 97 1293.33 1011.45 1177.79 804.17 231.07 414.56
6907992510446_camera1-20.jpg 97 1299.08 1021.2 1214.4 822.23 169.36 397.93
6907992510446_camera1-24.jpg 97 1287.62 1009.22 1166.46 803.59 242.33 411.26
6907992510446_camera1-25.jpg 97 1280.29 1007.65 1153.93 802.27 252.71 410.77
6907992510446_camera1-26.jpg 97 1275.69 1006.17 1148.89 803.91 253.6 404.52
6907992510446_camera1-28.jpg 97 1263.71 1003.79 1146.62 815.05 234.18 377.48
6907992510446_camera1-29.jpg 97 1257.03 1006.32 1142.19 827.07 229.68 358.5
6907992510446_camera1-2.jpg 97 1229.16 1044.48 1126.02 833.52 206.28 421.93
6907992510446_camera1-30.jpg 97 1254.91 1005.33 1140.74 829.99 228.35 350.68
6907992510446_camera1-32.jpg 97 1241.77 1010.63 1117.64 816.41 248.25 388.44
6907992510446_camera1-33.jpg 97 1236.23 1014.17 1109.82 815.05 252.82 398.25
6907992510446_camera1-31.jpg 97 1246.72 1010.0 1125.68 823.5 242.08 373.0
6907992510446_camera1-35.jpg 97 1226.44 1020.92 1106.83 811.6 239.22 418.64
6907992510446_camera1-37.jpg 97 1222.28 1030.15 1112.29 817.45 219.99 425.4
6907992510446_camera1-36.jpg 97 1224.21 1025.88 1105.77 813.4 236.89 424.95
6907992510446_camera1-38.jpg 97 1222.89 1033.67 1127.75 827.75 190.29 411.85
6907992510446_camera1-34.jpg 97 1229.87 1016.12 1103.29 807.24 253.16 417.76
6907992510446_camera1-39.jpg 97 1221.78 1034.06 1142.26 832.89 159.03 402.33
6907992510446_camera1-4.jpg 97 1239.63 1051.55 1120.7 840.87 237.86 421.36
6907992510446_camera1-3.jpg 97 1228.24 1038.39 1100.65 831.89 255.17 413.0
6907992510446_camera1-40.jpg 97 1231.08 1039.9 1153.61 839.51 154.95 400.78
6907992510446_camera1-8.jpg 97 1265.62 1056.65 1142.79 865.42 245.66 382.47
6907992510446_camera1-9.jpg 97 1276.54 1052.82 1155.42 870.7 242.23 364.24
6907992510446_camera2-10.jpg 97 1299.26 837.16 1221.66 710.89 155.2 252.54
6907992510446_camera2-11.jpg 97 1296.91 829.02 1217.69 717.18 158.45 223.69
6907992510446_camera2-13.jpg 97 1288.65 824.54 1184.84 698.2 207.63 252.67
6907992510446_camera2-17.jpg 97 1261.11 820.06 1145.37 710.89 231.49 218.34
6907992510446_camera2-12.jpg 97 1292.84 828.77 1201.25 706.37 183.17 244.8
6907992510446_camera2-18.jpg 97 1262.32 819.85 1149.35 719.09 225.95 201.52
6907992510446_camera2-15.jpg 97 1276.89 825.33 1153.26 700.37 247.27 249.91
6907992510446_camera2-14.jpg 97 1284.49 821.84 1175.07 699.51 218.84 244.66
6907992510446_camera2-16.jpg 97 1273.38 820.87 1153.9 700.64 238.95 240.45
6907992510446_camera2-19.jpg 97 1254.48 819.52 1143.41 730.98 222.13 177.09
6907992510446_camera2-1.jpg 97 1276.9 881.87 1163.79 787.17 226.23 189.4
6907992510446_camera2-21.jpg 97 1246.57 821.59 1138.72 728.72 215.7 185.74
6907992510446_camera2-20.jpg 97 1250.76 823.72 1142.84 737.23 215.84 172.98
6907992510446_camera2-22.jpg 97 1238.76 822.69 1113.81 710.89 249.91 223.6
6907992510446_camera2-23.jpg 97 1237.44 824.0 1113.81 708.26 247.27 231.49
6907992510446_camera2-25.jpg 97 1230.28 833.56 1116.51 708.88 227.54 249.36
6907992510446_camera2-24.jpg 97 1236.12 846.37 1111.17 710.89 249.91 270.95
6907992510446_camera2-26.jpg 97 1230.87 845.04 1119.07 721.41 223.6 247.27
6907992510446_camera2-30.jpg 97 1232.74 862.21 1155.26 748.67 154.96 227.09
6907992510446_camera2-27.jpg 97 1226.92 846.37 1121.7 721.41 210.45 249.91
6907992510446_camera2-29.jpg 97 1229.51 855.61 1146.69 743.4 165.64 224.42
6907992510446_camera2-28.jpg 97 1229.06 849.69 1137.24 728.78 183.64 241.82
6907992510446_camera2-2.jpg 97 1286.37 877.7 1170.89 787.73 230.96 179.93
6907992510446_camera2-31.jpg 97 1230.97 860.65 1148.59 750.8 164.77 219.7
6907992510446_camera2-32.jpg 97 1231.2 867.15 1138.08 749.98 186.25 234.35
6907992510446_camera2-37.jpg 97 1258.27 881.65 1143.51 786.12 229.52 191.07
6907992510446_camera2-36.jpg 97 1254.47 882.27 1134.25 772.73 240.45 219.08
6907992510446_camera2-34.jpg 97 1242.08 873.13 1130.73 757.29 222.69 231.68
6907992510446_camera2-33.jpg 97 1238.13 873.56 1133.65 754.16 208.96 238.81
6907992510446_camera2-35.jpg 97 1245.88 876.87 1134.04 765.52 223.69 222.69
6907992510446_camera2-39.jpg 97 1272.35 888.33 1165.08 805.99 214.53 164.67
6907992510446_camera2-38.jpg 97 1265.55 892.85 1150.09 792.84 230.92 200.01
6907992510446_camera2-3.jpg 97 1289.23 874.99 1174.78 776.31 228.91 197.36
6907992510446_camera2-40.jpg 97 1277.52 884.38 1171.24 806.97 212.56 154.83
6907992510446_camera2-4.jpg 97 1292.32 868.38 1177.46 761.68 229.71 213.4
6907992510446_camera2-5.jpg 97 1296.38 865.51 1177.28 747.32 238.19 236.37
6907992510446_camera2-7.jpg 97 1300.24 855.18 1196.79 739.63 206.9 231.11
6907992510446_camera2-6.jpg 97 1298.55 860.39 1186.8 741.76 223.5 237.27
6907992510446_camera2-9.jpg 97 1299.98 840.4 1219.37 721.61 161.22 237.58
6907992510446_camera2-8.jpg 97 1302.84 844.32 1215.11 733.05 175.47 222.55
6907992510446_camera3-14.jpg 97 1412.24 1274.75 1285.14 1051.29 254.2 446.93
6907992510446_camera3-15.jpg 97 1412.93 1273.79 1296.04 1050.19 233.79 447.19
6907992510446_camera3-10.jpg 97 1401.75 1278.32 1276.73 1064.45 250.03 427.73
6907992510446_camera3-16.jpg 97 1414.29 1269.04 1305.55 1047.48 217.48 443.11
6907992510446_camera3-13.jpg 97 1412.25 1277.87 1286.52 1054.27 251.46 447.19
6907992510446_camera3-11.jpg 97 1404.04 1274.43 1271.08 1047.94 265.92 452.98
6907992510446_camera3-17.jpg 97 1413.96 1268.82 1312.14 1046.08 203.64 445.47
6907992510446_camera3-12.jpg 97 1408.98 1277.67 1278.94 1058.84 260.07 437.67
6907992510446_camera3-1.jpg 97 1345.03 1278.77 1238.54 1052.79 212.99 451.96
6907992510446_camera3-18.jpg 97 1416.12 1265.75 1327.04 1044.89 178.15 441.72
6907992510446_camera3-20.jpg 97 1411.7 1262.93 1312.48 1044.78 198.45 436.31
6907992510446_camera3-19.jpg 97 1418.08 1264.26 1334.19 1046.98 167.77 434.56
6907992510446_camera3-22.jpg 97 1403.64 1263.35 1282.43 1040.92 242.43 444.86
6907992510446_camera3-21.jpg 97 1410.37 1261.69 1297.64 1038.05 225.46 447.29
6907992510446_camera3-23.jpg 97 1400.36 1264.47 1270.66 1046.89 259.4 435.16
6907992510446_camera3-31.jpg 97 1355.9 1260.66 1231.53 1049.98 248.74 421.36
6907992510446_camera3-29.jpg 97 1365.65 1255.15 1246.88 1047.54 237.53 415.23
6907992510446_camera3-30.jpg 97 1360.3 1255.58 1240.3 1047.03 240.0 417.09
6907992510446_camera3-32.jpg 97 1346.87 1262.75 1223.18 1047.99 247.38 429.52
6907992510446_camera3-33.jpg 97 1344.44 1265.57 1218.09 1048.13 252.71 434.88
6907992510446_camera3-34.jpg 97 1340.64 1270.53 1216.48 1051.31 248.32 438.45
6907992510446_camera3-37.jpg 97 1339.54 1271.02 1245.08 1052.18 188.93 437.67
6907992510446_camera3-36.jpg 97 1337.0 1272.3 1226.39 1050.48 221.21 443.63
6907992510446_camera3-35.jpg 97 1336.78 1268.38 1222.61 1046.83 228.35 443.11
6907992510446_camera3-38.jpg 97 1333.4 1272.28 1241.88 1052.27 183.04 440.01
6907992510446_camera3-39.jpg 97 1347.12 1272.8 1270.32 1049.2 153.59 447.19
6907992510446_camera3-4.jpg 97 1357.71 1284.69 1228.62 1062.26 258.19 444.86
6907992510446_camera3-40.jpg 97 1347.64 1276.45 1254.54 1055.58 186.21 441.75
6907992510446_camera3-5.jpg 97 1364.67 1283.55 1234.87 1061.31 259.61 444.47
6907992510446_camera3-8.jpg 97 1391.34 1285.68 1263.75 1063.39 255.17 444.57
