6907992511559_camera0-11.jpg 98 1441.39 1110.25 1323.21 899.94 236.37 420.62
6907992511559_camera0-12.jpg 98 1452.92 1110.2 1332.4 901.67 241.04 417.06
6907992511559_camera0-15.jpg 98 1468.05 1109.16 1340.47 901.2 255.15 415.92
6907992511559_camera0-16.jpg 98 1468.3 1110.16 1342.23 898.04 252.13 424.25
6907992511559_camera0-1.jpg 98 1348.85 1112.17 1261.52 899.18 174.65 425.98
6907992511559_camera0-17.jpg 98 1471.26 1108.62 1352.33 901.34 237.86 414.56
6907992511559_camera0-18.jpg 98 1466.67 1108.18 1353.94 897.87 225.46 420.62
6907992511559_camera0-21.jpg 98 1459.72 1102.85 1361.08 887.14 197.29 431.42
6907992511559_camera0-19.jpg 98 1466.11 1108.08 1364.62 898.42 202.98 419.32
6907992511559_camera0-20.jpg 98 1463.67 1105.48 1371.6 889.77 184.14 431.42
6907992511559_camera0-22.jpg 98 1454.32 1104.45 1354.58 901.33 199.49 406.25
6907992511559_camera0-27.jpg 98 1406.53 1101.62 1283.52 901.82 246.02 399.61
6907992511559_camera0-23.jpg 98 1444.38 1101.57 1335.29 898.44 218.19 406.25
6907992511559_camera0-25.jpg 98 1425.63 1104.63 1300.62 899.92 250.03 409.43
6907992511559_camera0-26.jpg 98 1411.06 1100.21 1282.16 892.4 257.8 415.63
6907992511559_camera0-24.jpg 98 1435.92 1104.23 1321.75 903.63 228.35 401.2
6907992511559_camera0-2.jpg 98 1357.95 1113.62 1258.38 899.75 199.13 427.73
6907992511559_camera0-30.jpg 98 1374.94 1102.05 1260.63 896.87 228.61 410.36
6907992511559_camera0-36.jpg 98 1339.46 1105.65 1216.34 897.33 246.24 416.64
6907992511559_camera0-31.jpg 98 1368.93 1100.62 1261.16 901.98 215.53 397.28
6907992511559_camera0-32.jpg 98 1362.07 1101.44 1242.78 898.81 238.57 405.26
6907992511559_camera0-38.jpg 98 1340.22 1109.32 1232.16 902.04 216.12 414.56
6907992511559_camera0-34.jpg 98 1348.45 1105.11 1219.1 897.83 258.71 414.56
6907992511559_camera0-39.jpg 98 1341.34 1108.61 1239.24 896.08 204.19 425.05
6907992511559_camera0-37.jpg 98 1337.4 1109.42 1213.77 897.66 247.27 423.52
6907992511559_camera0-33.jpg 98 1356.52 1101.88 1235.36 899.75 242.33 404.27
6907992511559_camera0-35.jpg 98 1340.04 1100.21 1211.14 895.03 257.8 410.37
6907992511559_camera0-40.jpg 98 1345.27 1109.81 1256.14 901.26 178.25 417.09
6907992511559_camera0-5.jpg 98 1387.39 1112.05 1261.12 897.66 252.54 428.78
6907992511559_camera0-4.jpg 98 1375.55 1113.37 1250.6 895.03 249.91 436.68
6907992511559_camera1-11.jpg 98 1305.84 1068.65 1187.46 884.51 236.75 368.28
6907992511559_camera1-10.jpg 98 1302.27 1066.55 1188.1 890.53 228.35 352.04
6907992511559_camera1-12.jpg 98 1320.3 1056.81 1195.35 863.46 249.91 386.7
6907992511559_camera1-16.jpg 98 1328.2 1031.81 1206.64 820.37 243.12 422.87
6907992511559_camera1-14.jpg 98 1322.99 1044.41 1188.67 835.68 268.64 417.46
6907992511559_camera1-17.jpg 98 1327.65 1022.55 1217.52 812.16 220.27 420.79
6907992511559_camera1-15.jpg 98 1328.67 1037.1 1202.61 827.7 252.12 418.8
6907992511559_camera1-19.jpg 98 1316.36 1010.78 1226.92 800.33 178.88 420.89
6907992511559_camera1-1.jpg 98 1218.56 1061.07 1128.85 853.11 179.42 415.92
6907992511559_camera1-21.jpg 98 1312.12 999.43 1213.41 795.79 197.41 407.28
6907992511559_camera1-18.jpg 98 1321.33 1016.38 1220.28 810.14 202.1 412.49
6907992511559_camera1-22.jpg 98 1305.78 996.38 1202.48 791.13 206.6 410.49
6907992511559_camera1-20.jpg 98 1322.68 1002.26 1233.35 800.5 178.67 403.52
6907992511559_camera1-25.jpg 98 1275.59 988.41 1150.63 781.91 249.91 413.0
6907992511559_camera1-23.jpg 98 1298.22 994.09 1183.07 786.81 230.31 414.56
6907992511559_camera1-24.jpg 98 1289.92 989.71 1172.35 782.43 235.15 414.56
6907992511559_camera1-28.jpg 98 1244.31 987.39 1115.92 800.2 256.77 374.39
6907992511559_camera1-29.jpg 98 1234.88 989.02 1120.7 808.25 228.35 361.55
6907992511559_camera1-26.jpg 98 1266.38 986.97 1139.71 783.33 253.34 407.28
6907992511559_camera1-2.jpg 98 1223.92 1067.81 1117.13 852.16 213.57 431.3
6907992511559_camera1-30.jpg 98 1229.39 990.71 1114.26 813.45 230.26 354.51
6907992511559_camera1-31.jpg 98 1221.1 998.89 1105.76 814.23 230.68 369.32
6907992511559_camera1-27.jpg 98 1257.57 987.44 1133.41 792.11 248.32 390.66
6907992511559_camera1-34.jpg 98 1206.06 1017.35 1076.57 814.42 258.98 405.86
6907992511559_camera1-32.jpg 98 1212.84 1005.02 1092.32 812.35 241.04 385.34
6907992511559_camera1-33.jpg 98 1205.1 1008.65 1080.44 798.96 249.31 419.39
6907992511559_camera1-35.jpg 98 1199.51 1024.9 1074.05 816.41 250.92 416.98
6907992511559_camera1-37.jpg 98 1199.2 1039.88 1089.2 825.36 219.99 429.05
6907992511559_camera1-36.jpg 98 1197.88 1031.75 1082.54 823.2 230.68 417.09
6907992511559_camera1-38.jpg 98 1200.62 1041.02 1095.39 831.89 210.45 418.26
6907992511559_camera1-39.jpg 98 1203.23 1047.9 1114.39 841.66 177.67 412.48
6907992511559_camera1-3.jpg 98 1234.36 1066.9 1117.57 856.52 233.58 420.77
6907992511559_camera1-4.jpg 98 1242.74 1075.53 1121.09 861.45 243.3 428.16
6907992511559_camera1-40.jpg 98 1198.97 1047.29 1113.26 846.76 171.43 401.05
6907992511559_camera1-7.jpg 98 1269.01 1075.22 1142.74 873.98 252.54 402.48
6907992511559_camera1-5.jpg 98 1254.15 1074.12 1127.06 864.8 254.18 418.64
6907992511559_camera1-9.jpg 98 1288.56 1070.22 1163.71 882.34 249.7 375.77
6907992511559_camera2-10.jpg 98 1318.02 820.91 1243.47 705.78 149.09 230.26
6907992511559_camera1-6.jpg 98 1262.55 1076.86 1134.72 871.14 255.65 411.43
6907992511559_camera2-12.jpg 98 1306.42 806.83 1215.31 680.93 182.22 251.8
6907992511559_camera2-11.jpg 98 1312.38 813.35 1238.74 697.63 147.28 231.44
6907992511559_camera1-8.jpg 98 1277.16 1073.68 1150.75 877.27 252.82 392.82
6907992511559_camera2-17.jpg 98 1254.36 797.65 1136.93 686.03 234.85 223.24
6907992511559_camera2-13.jpg 98 1289.03 802.69 1182.18 670.99 213.7 263.4
6907992511559_camera2-14.jpg 98 1283.67 794.39 1175.91 668.38 215.52 252.03
6907992511559_camera2-15.jpg 98 1273.38 795.28 1162.7 672.95 221.36 244.66
6907992511559_camera2-18.jpg 98 1244.3 795.24 1125.86 695.84 236.89 198.79
6907992511559_camera2-16.jpg 98 1263.6 794.16 1145.6 673.05 236.0 242.23
6907992511559_camera2-1.jpg 98 1306.5 890.98 1196.22 806.59 220.56 168.77
6907992511559_camera2-19.jpg 98 1236.91 803.98 1132.64 718.35 208.54 171.26
6907992511559_camera2-20.jpg 98 1225.13 805.29 1112.96 722.22 224.35 166.13
6907992511559_camera2-21.jpg 98 1220.65 812.99 1109.33 719.48 222.64 187.02
6907992511559_camera2-22.jpg 98 1213.57 818.81 1101.87 716.09 223.4 205.43
6907992511559_camera2-26.jpg 98 1201.93 847.67 1082.24 724.04 239.38 247.27
6907992511559_camera2-24.jpg 98 1208.57 830.91 1088.24 711.63 240.66 238.57
6907992511559_camera2-23.jpg 98 1209.75 818.65 1092.35 711.12 234.81 215.07
6907992511559_camera2-27.jpg 98 1201.62 855.33 1104.76 738.99 193.73 232.68
6907992511559_camera2-28.jpg 98 1202.88 863.15 1112.6 743.88 180.57 238.55
6907992511559_camera2-25.jpg 98 1202.17 830.53 1090.85 712.53 222.64 236.0
6907992511559_camera2-29.jpg 98 1213.02 875.08 1130.92 763.45 164.2 223.25
6907992511559_camera2-2.jpg 98 1313.81 880.29 1200.46 789.92 226.69 180.75
6907992511559_camera2-31.jpg 98 1219.45 891.19 1132.84 771.92 173.23 238.55
6907992511559_camera2-30.jpg 98 1219.62 880.55 1144.43 774.82 150.38 211.45
6907992511559_camera2-32.jpg 98 1223.59 897.94 1122.54 775.35 202.1 245.17
6907992511559_camera2-34.jpg 98 1243.38 902.48 1135.53 787.64 215.7 229.68
6907992511559_camera2-35.jpg 98 1251.05 903.71 1135.97 787.57 230.16 232.28
6907992511559_camera2-33.jpg 98 1229.26 896.55 1121.03 779.63 216.46 233.85
6907992511559_camera2-36.jpg 98 1261.85 906.61 1148.01 799.19 227.68 214.84
6907992511559_camera2-38.jpg 98 1283.71 907.75 1170.57 815.17 226.29 185.15
6907992511559_camera2-37.jpg 98 1269.98 912.02 1144.08 810.14 251.8 203.76
6907992511559_camera2-3.jpg 98 1319.57 877.7 1201.0 763.4 237.13 228.61
6907992511559_camera2-39.jpg 98 1287.79 900.97 1177.54 820.82 220.5 160.3
6907992511559_camera2-4.jpg 98 1324.08 865.08 1209.99 757.23 228.17 215.7
6907992511559_camera2-40.jpg 98 1289.03 898.76 1178.87 818.42 220.32 160.69
6907992511559_camera2-5.jpg 98 1327.0 854.51 1209.31 740.12 235.38 228.78
6907992511559_camera2-8.jpg 98 1323.21 833.05 1228.75 719.56 188.93 226.99
6907992511559_camera2-6.jpg 98 1325.23 850.73 1213.77 730.74 222.93 239.97
6907992511559_camera2-7.jpg 98 1325.61 841.46 1220.97 724.8 209.28 233.33
6907992511559_camera3-10.jpg 98 1377.59 1270.27 1278.37 1045.32 198.45 449.9
6907992511559_camera2-9.jpg 98 1321.33 828.36 1230.22 702.46 182.22 251.8
6907992511559_camera3-15.jpg 98 1384.66 1267.38 1256.89 1050.58 255.53 433.59
6907992511559_camera3-14.jpg 98 1382.03 1266.77 1247.85 1044.55 268.37 444.44
6907992511559_camera3-13.jpg 98 1381.13 1267.8 1250.5 1040.61 261.27 454.38
6907992511559_camera3-12.jpg 98 1381.68 1268.35 1263.42 1042.04 236.51 452.62
6907992511559_camera3-17.jpg 98 1384.67 1263.32 1260.53 1048.5 248.28 429.63
6907992511559_camera3-11.jpg 98 1380.77 1267.61 1271.25 1042.75 219.03 449.71
6907992511559_camera3-16.jpg 98 1384.88 1266.77 1253.53 1048.81 262.69 435.92
6907992511559_camera3-1.jpg 98 1355.85 1261.56 1230.8 1043.4 250.1 436.31
6907992511559_camera3-23.jpg 98 1388.98 1260.12 1261.7 1036.73 254.55 446.77
6907992511559_camera3-24.jpg 98 1388.7 1261.99 1255.86 1037.08 265.69 449.83
6907992511559_camera3-25.jpg 98 1375.55 1258.05 1261.12 1029.19 228.86 457.72
6907992511559_camera3-26.jpg 98 1382.6 1260.11 1286.84 1037.68 191.52 444.86
6907992511559_camera3-27.jpg 98 1374.83 1251.44 1282.16 1031.82 185.33 439.24
6907992511559_camera3-2.jpg 98 1355.94 1265.41 1229.53 1044.63 252.82 441.55
6907992511559_camera3-28.jpg 98 1379.59 1252.02 1292.83 1030.19 173.51 443.65
6907992511559_camera3-29.jpg 98 1375.7 1258.41 1280.33 1038.72 190.74 439.39
6907992511559_camera3-32.jpg 98 1361.08 1258.05 1232.18 1031.82 257.8 452.46
6907992511559_camera3-30.jpg 98 1376.87 1259.37 1258.49 1023.93 236.75 470.87
6907992511559_camera3-34.jpg 98 1359.77 1258.05 1221.66 1031.82 276.21 452.46
6907992511559_camera3-35.jpg 98 1358.67 1262.82 1233.62 1046.7 250.1 432.23
6907992511559_camera3-3.jpg 98 1358.45 1265.94 1224.29 1044.97 268.32 441.94
6907992511559_camera3-33.jpg 98 1365.33 1261.97 1243.0 1043.82 244.66 436.31
6907992511559_camera3-36.jpg 98 1358.45 1261.99 1224.29 1037.08 268.32 449.83
6907992511559_camera3-40.jpg 98 1357.68 1260.67 1231.32 1042.48 252.73 436.38
6907992511559_camera3-37.jpg 98 1357.5 1259.52 1237.5 1045.73 240.0 427.57
6907992511559_camera3-39.jpg 98 1355.82 1260.68 1224.29 1037.08 263.06 447.2
6907992511559_camera3-38.jpg 98 1357.13 1259.37 1240.07 1039.71 234.12 439.31
6907992511559_camera3-4.jpg 98 1357.17 1270.07 1237.45 1047.27 239.45 445.6
6907992511559_camera3-6.jpg 98 1358.45 1265.94 1242.7 1034.45 231.49 462.98
6907992511559_camera3-5.jpg 98 1360.15 1268.15 1242.6 1039.23 235.11 457.84
6907992511559_camera3-8.jpg 98 1355.82 1271.2 1255.86 1042.34 199.92 457.72
6907992511559_camera3-9.jpg 98 1371.6 1273.83 1274.27 1044.97 194.66 457.72
6907992511559_camera3-7.jpg 98 1364.57 1267.89 1275.76 1044.3 177.61 447.19
