6902083881085_camera0-32.jpg 99 1391.33 981.84 1274.27 647.75 234.12 668.17
6902083881085_camera1-10.jpg 99 1278.22 951.59 1158.53 666.17 239.38 570.84
6902083881085_camera1-13.jpg 99 1283.09 943.51 1166.2 659.34 233.77 568.33
6902083881085_camera1-25.jpg 99 1267.44 927.29 1147.63 639.75 239.61 575.07
6902083881085_camera1-5.jpg 99 1270.32 955.53 1150.63 663.54 239.38 583.99
6902083881085_camera2-10.jpg 99 1275.39 833.64 1167.19 716.98 216.41 233.33
6902083881085_camera2-11.jpg 99 1272.12 832.8 1163.19 715.67 217.87 234.27
6902083881085_camera2-12.jpg 99 1269.78 832.48 1160.0 716.06 219.56 232.84
6902083881085_camera2-13.jpg 99 1267.01 830.37 1157.09 712.43 219.84 235.87
6902083881085_camera2-17.jpg 99 1258.49 830.59 1137.48 705.63 242.01 249.91
6902083881085_camera2-16.jpg 99 1260.07 829.8 1151.57 711.04 216.99 237.53
6902083881085_camera2-14.jpg 99 1263.75 833.21 1150.63 710.89 226.23 244.64
6902083881085_camera2-15.jpg 99 1263.75 821.38 1150.63 708.26 226.23 226.23
6902083881085_camera2-19.jpg 99 1254.31 832.32 1145.37 718.8 217.88 227.04
6902083881085_camera2-1.jpg 99 1274.33 854.62 1166.91 741.35 214.83 226.53
6902083881085_camera2-20.jpg 99 1253.09 833.12 1143.21 719.58 219.75 227.09
6902083881085_camera2-18.jpg 99 1257.32 828.56 1149.9 710.51 214.83 236.1
6902083881085_camera2-23.jpg 99 1254.54 838.47 1137.48 721.41 234.12 234.12
6902083881085_camera2-21.jpg 99 1249.45 836.34 1141.06 719.55 216.79 233.58
6902083881085_camera2-25.jpg 99 1244.02 842.41 1129.59 726.67 228.86 231.49
6902083881085_camera2-22.jpg 99 1247.12 838.29 1137.28 719.97 219.67 236.64
6902083881085_camera2-24.jpg 99 1241.39 842.41 1129.59 718.78 223.6 247.27
6902083881085_camera2-26.jpg 99 1242.7 846.36 1126.96 734.56 231.49 223.6
6902083881085_camera2-28.jpg 99 1247.8 856.66 1134.76 739.46 226.07 234.4
6902083881085_camera2-27.jpg 99 1244.02 852.93 1129.59 729.3 228.86 247.27
6902083881085_camera2-2.jpg 99 1279.22 850.57 1168.64 739.67 221.15 221.8
6902083881085_camera2-32.jpg 99 1255.86 851.62 1137.48 731.93 236.75 239.38
6902083881085_camera2-30.jpg 99 1249.56 858.31 1139.68 744.43 219.75 227.76
6902083881085_camera2-31.jpg 99 1251.1 861.14 1143.78 743.31 214.63 235.67
6902083881085_camera2-29.jpg 99 1246.9 857.32 1136.6 741.68 220.61 231.29
6902083881085_camera2-34.jpg 99 1259.62 863.29 1147.11 752.12 225.03 222.35
6902083881085_camera2-33.jpg 99 1256.76 861.73 1149.77 752.59 213.99 218.27
6902083881085_camera2-35.jpg 99 1262.92 860.89 1151.86 750.59 222.13 220.61
6902083881085_camera2-36.jpg 99 1262.84 859.5 1151.37 746.98 222.94 225.03
6902083881085_camera2-39.jpg 99 1273.05 856.48 1163.51 747.27 219.08 218.41
6902083881085_camera2-3.jpg 99 1279.42 849.81 1170.55 740.94 217.74 217.74
6902083881085_camera2-38.jpg 99 1269.15 857.96 1161.19 746.73 215.92 222.46
6902083881085_camera2-37.jpg 99 1272.96 860.84 1161.16 747.72 223.6 226.23
6902083881085_camera2-40.jpg 99 1270.24 855.97 1159.97 745.32 220.53 221.3
6902083881085_camera2-6.jpg 99 1278.93 844.08 1168.06 730.42 221.74 227.32
6902083881085_camera2-8.jpg 99 1276.22 838.87 1166.83 722.19 218.78 233.36
6902083881085_camera2-7.jpg 99 1279.88 838.71 1171.67 726.79 216.41 223.85
6902083881085_camera2-4.jpg 99 1282.7 847.95 1175.93 740.6 213.54 214.69
6902083881085_camera2-5.jpg 99 1281.25 845.1 1172.13 734.54 218.24 221.12
6902083881085_camera2-9.jpg 99 1273.58 839.01 1164.51 721.14 218.14 235.74
6902083881085_camera3-27.jpg 99 1362.39 1139.68 1240.07 797.7 244.64 683.95
6902083881085_camera3-29.jpg 99 1362.39 1146.25 1245.33 797.7 234.12 697.1
6902083881085_camera3-30.jpg 99 1366.72 1147.58 1245.51 807.57 242.43 680.02
