6907992100272_camera0-18.jpg 102 1405.81 1067.33 1253.23 816.11 305.15 502.44
6907992100272_camera0-19.jpg 102 1404.49 1067.33 1271.64 816.11 265.69 502.44
6907992100272_camera0-24.jpg 102 1401.85 1064.7 1245.33 810.85 313.04 507.7
6907992100272_camera0-27.jpg 102 1399.22 1072.59 1229.55 813.48 339.35 518.22
6907992100272_camera0-29.jpg 102 1397.91 1063.38 1224.29 813.48 347.24 499.81
6907992100272_camera0-28.jpg 102 1398.76 1072.34 1228.6 818.92 340.32 506.83
6907992100272_camera0-33.jpg 102 1398.17 1069.75 1231.05 819.98 334.24 499.54
6907992100272_camera0-39.jpg 102 1399.23 1067.33 1266.38 810.85 265.69 512.96
6907992100272_camera0-3.jpg 102 1419.64 1077.03 1283.2 822.94 272.88 508.17
6907992100272_camera0-5.jpg 102 1422.9 1071.28 1261.12 808.22 323.56 526.12
6907992100272_camera0-4.jpg 102 1421.54 1074.27 1270.59 819.57 301.9 509.4
6907992100272_camera1-10.jpg 102 1276.77 997.7 1126.98 772.27 299.58 450.87
6907992100272_camera1-11.jpg 102 1281.52 995.46 1124.73 769.28 313.57 452.37
6907992100272_camera1-14.jpg 102 1278.26 997.42 1109.71 737.13 337.09 520.58
6907992100272_camera1-17.jpg 102 1270.33 992.36 1119.07 726.67 302.52 531.38
6907992100272_camera1-16.jpg 102 1270.87 994.86 1109.04 727.58 323.65 534.56
6907992100272_camera1-24.jpg 102 1261.28 997.49 1101.57 729.72 319.42 535.54
6907992100272_camera1-19.jpg 102 1266.04 991.5 1143.89 725.93 244.3 531.14
6907992100272_camera1-26.jpg 102 1261.0 999.02 1093.13 735.33 335.73 527.38
6907992100272_camera1-25.jpg 102 1258.05 999.96 1092.53 733.33 331.04 533.26
6907992100272_camera1-27.jpg 102 1259.1 999.68 1088.24 740.8 341.71 517.77
6907992100272_camera1-28.jpg 102 1259.48 998.75 1092.57 750.95 333.82 495.6
6907992100272_camera1-31.jpg 102 1256.73 1003.13 1097.7 770.38 318.06 465.5
6907992100272_camera1-30.jpg 102 1253.23 1001.57 1100.65 771.39 305.15 460.35
6907992100272_camera1-34.jpg 102 1258.63 1007.05 1087.86 743.91 341.54 526.28
6907992100272_camera1-37.jpg 102 1262.05 1013.31 1120.06 739.26 283.98 548.09
6907992100272_camera1-35.jpg 102 1260.34 1008.03 1093.22 736.99 334.24 542.08
6907992100272_camera1-7.jpg 102 1276.59 1001.76 1104.26 743.05 344.65 517.42
6907992100272_camera1-9.jpg 102 1275.81 999.01 1118.02 765.11 315.57 467.8
6907992100272_camera3-11.jpg 102 1390.76 1229.23 1225.24 964.52 331.04 529.43
6907992100272_camera3-10.jpg 102 1391.71 1228.39 1233.27 969.16 316.89 518.46
6907992100272_camera3-12.jpg 102 1391.4 1230.81 1221.44 966.5 339.93 528.61
6907992100272_camera3-14.jpg 102 1385.27 1232.89 1217.32 963.22 335.91 539.34
6907992100272_camera3-15.jpg 102 1381.3 1232.93 1223.3 960.07 316.01 545.73
6907992100272_camera3-13.jpg 102 1386.8 1230.62 1218.22 963.2 337.16 534.85
6907992100272_camera3-17.jpg 102 1379.19 1232.68 1243.59 953.67 271.21 558.03
6907992100272_camera3-16.jpg 102 1378.95 1233.22 1232.74 961.77 292.43 542.91
6907992100272_camera3-22.jpg 102 1379.27 1236.54 1235.19 963.33 288.16 546.41
6907992100272_camera3-1.jpg 102 1387.71 1240.8 1243.49 963.31 288.45 554.99
6907992100272_camera3-21.jpg 102 1382.54 1235.85 1242.87 962.17 279.35 547.35
6907992100272_camera3-24.jpg 102 1367.89 1231.85 1203.59 959.57 328.61 544.55
6907992100272_camera3-2.jpg 102 1389.12 1238.63 1237.83 963.76 302.58 549.74
6907992100272_camera3-31.jpg 102 1374.59 1232.51 1210.05 965.21 329.07 534.6
6907992100272_camera3-32.jpg 102 1372.44 1236.76 1203.86 967.52 337.16 538.49
6907992100272_camera3-35.jpg 102 1367.22 1235.65 1208.39 957.55 317.66 556.2
6907992100272_camera3-34.jpg 102 1370.41 1239.38 1205.57 964.18 329.68 550.41
6907992100272_camera3-33.jpg 102 1372.1 1236.94 1202.42 960.77 339.36 552.35
6907992100272_camera3-36.jpg 102 1372.87 1239.45 1226.75 962.17 292.23 554.56
6907992100272_camera3-3.jpg 102 1393.59 1238.65 1233.2 964.77 320.78 547.77
6907992100272_camera3-5.jpg 102 1385.57 1234.85 1214.57 962.22 342.0 545.25
6907992100272_camera3-7.jpg 102 1388.0 1232.51 1222.57 967.46 330.87 530.1
6907992100272_camera3-8.jpg 102 1386.58 1230.0 1226.72 965.95 319.71 528.1
