6923523998019_camera2-10.jpg 110 1292.68 841.1 1105.91 650.38 373.54 381.43
6923523998019_camera2-12.jpg 110 1283.49 832.09 1100.91 644.25 365.16 375.67
6923523998019_camera2-13.jpg 110 1279.53 829.26 1098.02 634.6 363.02 389.33
6923523998019_camera2-14.jpg 110 1279.94 826.9 1099.62 637.48 360.65 378.84
6923523998019_camera2-17.jpg 110 1270.38 818.5 1092.26 630.15 356.23 376.71
6923523998019_camera2-23.jpg 110 1245.41 822.61 1070.19 637.07 350.45 371.07
6923523998019_camera2-25.jpg 110 1238.03 831.03 1055.64 641.89 364.78 378.29
6923523998019_camera2-1.jpg 110 1270.84 866.74 1088.45 682.42 364.78 368.64
6923523998019_camera2-24.jpg 110 1245.33 826.63 1061.19 631.97 368.28 389.33
6923523998019_camera2-18.jpg 110 1266.96 816.45 1089.36 631.44 355.21 370.01
6923523998019_camera2-22.jpg 110 1247.53 819.83 1068.03 635.4 359.0 368.86
6923523998019_camera2-20.jpg 110 1258.3 820.42 1078.8 628.38 358.99 384.08
6923523998019_camera2-26.jpg 110 1238.36 831.86 1063.7 649.72 349.32 364.27
6923523998019_camera2-27.jpg 110 1235.87 833.16 1053.65 643.86 364.43 378.61
6923523998019_camera2-2.jpg 110 1278.22 866.09 1090.13 679.32 376.17 373.54
6923523998019_camera2-28.jpg 110 1235.5 835.91 1055.35 652.71 360.3 366.4
6923523998019_camera2-30.jpg 110 1234.9 846.71 1061.6 667.29 346.6 358.84
6923523998019_camera2-38.jpg 110 1254.43 865.77 1073.01 678.56 362.85 374.43
6923523998019_camera2-32.jpg 110 1237.44 850.31 1050.67 660.91 373.54 378.8
6923523998019_camera2-35.jpg 110 1246.03 859.15 1066.53 673.87 358.99 370.57
6923523998019_camera2-29.jpg 110 1236.37 841.76 1055.58 657.86 361.57 367.8
6923523998019_camera2-3.jpg 110 1283.48 866.09 1100.65 679.32 365.65 373.54
6923523998019_camera2-34.jpg 110 1240.92 858.06 1059.5 670.84 362.85 374.43
6923523998019_camera2-39.jpg 110 1266.24 866.42 1086.36 685.19 359.77 362.45
6923523998019_camera2-37.jpg 110 1252.64 865.77 1074.8 680.49 355.68 370.57
6923523998019_camera2-40.jpg 110 1267.78 865.61 1088.77 683.04 358.01 365.13
6923523998019_camera2-4.jpg 110 1279.28 860.8 1103.26 680.03 352.04 361.55
6923523998019_camera2-6.jpg 110 1286.61 851.7 1106.12 669.73 360.97 363.93
6923523998019_camera2-8.jpg 110 1287.24 848.4 1105.82 659.26 362.85 378.29
6923523998019_camera2-5.jpg 110 1283.13 859.23 1107.11 677.77 352.04 362.91
6923523998019_camera2-9.jpg 110 1287.98 842.26 1107.09 652.24 361.78 380.05
6923523998019_camera2-7.jpg 110 1287.5 851.38 1112.84 671.28 349.32 360.2
