6926892501033_camera0-1.jpg 115 1399.46 1074.85 1246.73 823.33 305.46 503.04
6926892501033_camera0-25.jpg 115 1395.95 1070.59 1244.39 820.49 303.11 500.2
6926892501033_camera0-26.jpg 115 1394.31 1072.2 1240.12 818.53 308.39 507.35
6926892501033_camera0-23.jpg 115 1409.96 1071.83 1254.4 822.93 311.12 497.79
6926892501033_camera0-24.jpg 115 1401.82 1067.9 1251.96 819.07 299.71 497.67
6926892501033_camera0-2.jpg 115 1404.08 1078.24 1254.22 823.85 299.71 508.77
6926892501033_camera0-39.jpg 115 1398.18 1073.0 1243.33 814.2 309.71 517.59
6926892501033_camera0-37.jpg 115 1389.28 1074.54 1235.72 822.0 307.11 505.07
6926892501033_camera0-3.jpg 115 1408.27 1078.42 1253.41 823.16 309.71 510.52
6926892501033_camera0-38.jpg 115 1388.43 1077.03 1237.34 826.47 302.18 501.11
6926892501033_camera0-40.jpg 115 1399.36 1074.52 1244.5 815.72 309.71 517.59
6926892501033_camera0-5.jpg 115 1416.11 1076.25 1266.25 825.7 299.71 501.1
6926892501033_camera0-4.jpg 115 1417.03 1074.73 1260.06 816.64 313.95 516.18
6926892501033_camera2-10.jpg 115 1271.64 816.12 1124.33 666.17 294.63 299.89
6926892501033_camera2-11.jpg 115 1270.51 814.06 1123.29 673.1 294.44 281.91
6926892501033_camera2-14.jpg 115 1256.02 813.47 1111.71 672.33 288.61 282.27
6926892501033_camera2-16.jpg 115 1249.28 824.0 1098.02 671.43 302.52 305.15
6926892501033_camera2-12.jpg 115 1263.87 815.39 1120.36 675.05 287.02 280.68
6926892501033_camera2-13.jpg 115 1259.91 817.77 1117.19 675.05 285.44 285.44
6926892501033_camera2-17.jpg 115 1246.12 821.52 1101.27 675.45 289.71 292.13
6926892501033_camera2-21.jpg 115 1237.44 833.21 1084.87 684.58 305.15 297.26
6926892501033_camera2-30.jpg 115 1254.68 862.33 1108.55 719.65 292.26 285.36
6926892501033_camera2-29.jpg 115 1251.91 863.46 1100.65 713.52 302.52 299.89
6926892501033_camera2-2.jpg 115 1286.97 839.66 1144.25 697.53 285.44 284.27
6926892501033_camera2-32.jpg 115 1264.91 863.94 1120.66 720.3 288.49 287.28
6926892501033_camera2-28.jpg 115 1246.42 858.2 1104.5 717.86 283.85 280.68
6926892501033_camera2-31.jpg 115 1257.17 864.78 1100.65 713.52 313.04 302.52
6926892501033_camera2-27.jpg 115 1250.14 857.91 1101.36 713.82 297.57 288.17
6926892501033_camera2-36.jpg 115 1279.68 857.05 1135.97 713.33 287.43 287.43
6926892501033_camera2-37.jpg 115 1274.27 850.31 1124.33 695.1 299.89 310.41
6926892501033_camera2-35.jpg 115 1272.93 861.94 1131.57 719.9 282.72 284.08
6926892501033_camera2-33.jpg 115 1265.95 864.02 1122.57 719.6 286.76 288.84
6926892501033_camera2-34.jpg 115 1270.21 862.16 1129.87 721.03 280.68 282.27
6926892501033_camera2-39.jpg 115 1284.8 847.67 1132.22 697.73 305.15 299.89
6926892501033_camera2-38.jpg 115 1283.27 852.44 1136.94 707.46 292.65 289.96
6926892501033_camera2-40.jpg 115 1288.46 847.9 1144.15 702.01 288.61 291.78
6926892501033_camera2-3.jpg 115 1289.85 835.97 1144.39 691.55 290.92 288.84
6926892501033_camera2-4.jpg 115 1286.11 833.21 1140.11 676.69 291.99 313.04
6926892501033_camera2-6.jpg 115 1282.11 826.49 1140.97 682.98 282.27 287.02
6926892501033_camera2-5.jpg 115 1291.36 827.95 1145.37 679.32 291.99 297.26
6926892501033_camera2-8.jpg 115 1277.38 819.35 1134.0 674.93 286.76 288.84
6926892501033_camera2-9.jpg 115 1275.73 813.64 1127.73 667.47 296.0 292.35
6926892501033_camera2-7.jpg 115 1279.09 822.61 1137.16 681.47 283.85 282.27
