6926892568081_camera0-10.jpg 116 1397.76 1077.71 1232.26 812.38 331.01 530.66
6926892568081_camera0-17.jpg 116 1461.8 1077.2 1306.08 814.09 311.44 526.23
6926892568081_camera0-18.jpg 116 1463.62 1076.13 1312.18 820.82 302.88 510.62
6926892568081_camera0-1.jpg 116 1342.66 1071.28 1187.46 821.37 310.41 499.81
6926892568081_camera0-22.jpg 116 1475.26 1068.51 1313.7 807.12 323.12 522.78
6926892568081_camera0-21.jpg 116 1471.29 1073.84 1321.0 822.77 300.58 502.14
6926892568081_camera0-20.jpg 116 1471.57 1071.28 1313.73 810.85 315.67 520.86
6926892568081_camera0-19.jpg 116 1467.48 1079.05 1308.52 815.93 317.93 526.23
6926892568081_camera0-24.jpg 116 1468.7 1075.09 1311.08 815.01 315.24 520.15
6926892568081_camera0-23.jpg 116 1471.56 1073.91 1311.1 813.48 320.93 520.86
6926892568081_camera0-26.jpg 116 1453.71 1069.22 1306.91 821.84 293.59 494.76
6926892568081_camera0-27.jpg 116 1445.51 1065.55 1289.17 811.74 312.67 507.61
6926892568081_camera0-2.jpg 116 1345.42 1071.62 1198.74 820.28 293.37 502.69
6926892568081_camera0-37.jpg 116 1356.86 1068.43 1205.49 816.15 302.74 504.57
6926892568081_camera0-39.jpg 116 1349.5 1068.82 1202.03 822.23 294.95 493.17
6926892568081_camera0-38.jpg 116 1352.87 1071.34 1196.53 815.6 312.67 511.47
6926892568081_camera0-40.jpg 116 1345.3 1076.54 1187.46 821.37 315.67 510.33
6926892568081_camera0-4.jpg 116 1350.2 1074.33 1200.68 821.51 299.03 505.63
6926892568081_camera0-5.jpg 116 1349.01 1075.18 1184.95 809.8 328.11 530.77
6926892568081_camera0-3.jpg 116 1346.11 1072.29 1186.88 809.8 318.46 524.98
6926892568081_camera1-10.jpg 116 1264.09 1046.23 1103.89 782.78 320.39 526.91
6926892568081_camera1-13.jpg 116 1294.19 1045.4 1140.37 790.89 307.64 509.03
6926892568081_camera1-12.jpg 116 1285.33 1050.54 1128.26 790.11 314.13 520.86
6926892568081_camera1-18.jpg 116 1326.88 1022.61 1166.42 763.5 320.93 518.22
6926892568081_camera1-11.jpg 116 1280.86 1048.82 1119.3 786.11 323.12 525.41
6926892568081_camera1-16.jpg 116 1317.54 1033.47 1166.76 779.08 301.56 508.77
6926892568081_camera1-17.jpg 116 1322.9 1023.86 1161.34 767.72 323.12 512.27
6926892568081_camera1-15.jpg 116 1304.52 1034.45 1145.37 774.02 318.3 520.86
6926892568081_camera1-21.jpg 116 1329.7 1001.85 1169.51 740.32 320.39 523.05
6926892568081_camera1-1.jpg 116 1198.47 1008.6 1040.2 751.9 316.53 513.4
6926892568081_camera1-22.jpg 116 1329.51 992.36 1169.05 724.04 320.93 536.64
6926892568081_camera1-19.jpg 116 1333.19 1014.17 1183.0 763.4 300.39 501.55
6926892568081_camera1-23.jpg 116 1326.81 988.34 1171.44 730.67 310.74 515.33
6926892568081_camera1-25.jpg 116 1316.37 971.31 1161.16 718.78 310.41 505.07
6926892568081_camera1-29.jpg 116 1280.55 959.7 1130.69 708.35 299.71 502.69
6926892568081_camera1-30.jpg 116 1270.84 958.42 1117.4 703.65 306.88 509.54
6926892568081_camera1-24.jpg 116 1323.77 978.8 1174.71 727.45 298.12 502.69
6926892568081_camera1-26.jpg 116 1311.1 964.75 1153.26 703.0 315.67 523.49
6926892568081_camera1-27.jpg 116 1296.63 966.06 1140.32 704.67 312.62 522.78
6926892568081_camera1-2.jpg 116 1204.66 1013.85 1054.47 761.03 300.39 505.63
6926892568081_camera1-28.jpg 116 1286.11 966.06 1124.33 708.26 323.56 515.59
6926892568081_camera1-31.jpg 116 1262.43 960.8 1103.28 700.37 318.3 520.85
6926892568081_camera1-32.jpg 116 1249.39 961.26 1101.39 714.28 296.01 493.97
6926892568081_camera1-33.jpg 116 1244.02 959.48 1076.98 700.37 334.08 518.22
6926892568081_camera1-35.jpg 116 1225.66 973.46 1076.6 726.08 298.12 494.76
6926892568081_camera1-34.jpg 116 1229.54 966.06 1063.82 705.63 331.45 520.86
6926892568081_camera1-38.jpg 116 1203.37 987.08 1045.75 730.94 315.24 512.27
6926892568081_camera1-36.jpg 116 1215.54 978.3 1066.48 730.92 298.12 494.76
6926892568081_camera1-3.jpg 116 1205.88 1023.93 1048.04 755.61 315.67 536.64
6926892568081_camera1-40.jpg 116 1200.74 1002.84 1040.49 744.08 320.5 517.52
6926892568081_camera1-37.jpg 116 1211.0 983.51 1061.94 734.55 298.12 497.93
6926892568081_camera1-7.jpg 116 1233.49 1039.71 1063.82 768.76 339.35 541.9
6926892568081_camera1-39.jpg 116 1203.9 998.65 1047.29 741.8 313.23 513.7
6926892568081_camera1-4.jpg 116 1207.31 1030.42 1045.75 767.72 323.12 525.41
6926892568081_camera1-8.jpg 116 1240.08 1050.23 1076.98 781.91 326.19 536.64
6926892568081_camera1-5.jpg 116 1217.25 1033.43 1058.29 770.32 317.93 526.23
6926892568081_camera1-9.jpg 116 1253.05 1047.7 1099.45 793.53 307.19 508.35
6926892568081_camera1-6.jpg 116 1219.02 1031.82 1058.56 758.24 320.93 547.16
6926892568081_camera2-23.jpg 116 1238.83 780.43 1099.02 640.63 279.61 279.61
6926892568081_camera2-22.jpg 116 1248.33 787.02 1102.15 633.54 292.35 306.97
6926892568081_camera2-26.jpg 116 1212.93 808.7 1071.49 655.68 282.89 306.05
6926892568081_camera2-27.jpg 116 1211.77 818.08 1065.6 662.77 292.35 310.62
6926892568081_camera2-28.jpg 116 1203.24 824.0 1053.3 671.43 299.89 305.15
6926892568081_camera2-30.jpg 116 1200.39 839.72 1051.78 686.28 297.23 306.88
6926892568081_camera2-32.jpg 116 1202.31 852.24 1063.67 712.92 277.28 278.64
6926892568081_camera2-29.jpg 116 1197.99 830.58 1045.41 681.95 305.15 297.26
6926892568081_camera2-31.jpg 116 1203.24 843.73 1053.3 689.84 299.89 307.78
6926892568081_camera2-33.jpg 116 1203.24 863.46 1063.82 721.41 278.84 284.1
6926892568081_camera2-6.jpg 116 1309.79 881.88 1161.16 731.93 297.26 299.89
6926892568081_camera3-12.jpg 116 1409.74 1258.05 1245.33 963.42 328.82 589.25
6926892568081_camera3-10.jpg 116 1390.8 1253.84 1236.98 975.54 307.64 556.6
6926892568081_camera3-16.jpg 116 1432.11 1248.85 1263.75 971.32 336.71 555.05
6926892568081_camera3-17.jpg 116 1439.99 1247.52 1284.79 968.68 310.41 557.68
6926892568081_camera3-18.jpg 116 1443.5 1240.53 1292.72 971.34 301.56 538.37
6926892568081_camera3-19.jpg 116 1445.25 1242.26 1279.53 960.79 331.45 562.94
6926892568081_camera3-1.jpg 116 1311.09 1242.26 1145.37 958.16 331.45 568.21
6926892568081_camera3-28.jpg 116 1392.66 1221.62 1241.01 953.03 303.31 537.19
6926892568081_camera3-2.jpg 116 1317.68 1237.01 1161.16 952.9 313.04 568.21
6926892568081_camera3-29.jpg 116 1384.76 1214.64 1232.18 945.01 305.15 539.27
6926892568081_camera3-30.jpg 116 1371.02 1218.39 1225.13 956.74 291.78 523.3
6926892568081_camera3-31.jpg 116 1363.62 1218.25 1211.25 948.98 304.74 538.54
6926892568081_camera3-35.jpg 116 1330.38 1227.41 1184.49 968.14 291.78 518.54
6926892568081_camera3-32.jpg 116 1351.79 1222.19 1192.86 951.61 317.87 541.17
6926892568081_camera3-36.jpg 116 1325.03 1230.05 1169.41 959.32 311.23 541.45
6926892568081_camera3-34.jpg 116 1334.45 1225.99 1186.98 965.13 294.95 521.72
6926892568081_camera3-38.jpg 116 1315.01 1234.01 1156.08 959.49 317.87 549.05
6926892568081_camera3-37.jpg 116 1318.04 1234.98 1169.88 969.93 296.31 530.1
6926892568081_camera3-39.jpg 116 1318.15 1235.5 1162.54 958.38 311.23 554.24
6926892568081_camera3-40.jpg 116 1315.01 1241.9 1153.45 962.12 323.12 559.56
6926892568081_camera3-4.jpg 116 1330.83 1252.78 1171.68 968.68 318.3 568.21
6926892568081_camera3-3.jpg 116 1324.26 1242.26 1166.42 950.27 315.67 583.99
6926892568081_camera3-5.jpg 116 1340.38 1249.15 1188.14 973.23 304.47 551.85
6926892568081_camera3-6.jpg 116 1347.86 1255.03 1182.35 967.37 331.01 575.32
6926892568081_camera3-8.jpg 116 1368.74 1257.35 1211.67 971.41 314.13 571.87
6926892568081_camera3-7.jpg 116 1357.66 1252.95 1204.63 974.65 306.05 556.6
6926892568081_camera3-9.jpg 116 1374.23 1254.1 1213.77 968.68 320.93 570.84
