6902131110167_camera0-16.jpg 118 1405.8 1108.1 1184.83 879.24 441.94 457.72
6902131110167_camera0-26.jpg 118 1447.88 1102.84 1245.33 873.98 405.11 457.72
6902131110167_camera0-29.jpg 118 1442.8 1107.32 1225.36 886.75 434.88 441.13
6902131110167_camera0-35.jpg 118 1406.43 1103.98 1194.39 889.61 424.08 428.74
6902131110167_camera0-31.jpg 118 1426.85 1098.89 1208.51 871.35 436.68 455.09
6902131110167_camera0-33.jpg 118 1421.96 1096.71 1199.62 880.6 444.69 432.22
6902131110167_camera0-37.jpg 118 1393.2 1106.58 1195.26 886.76 395.88 439.64
6902131110167_camera0-3.jpg 118 1381.55 1111.82 1246.98 891.62 269.13 440.39
6902131110167_camera0-5.jpg 118 1382.12 1114.68 1203.24 884.51 357.76 460.35
6902131110167_camera0-4.jpg 118 1380.81 1110.73 1219.03 879.24 323.56 462.98
6902131110167_camera0-7.jpg 118 1375.55 1112.06 1169.05 884.51 413.0 455.09
6902131110167_camera0-8.jpg 118 1380.81 1108.1 1153.26 873.98 455.09 468.24
6902131110167_camera1-12.jpg 118 1251.9 1038.39 1019.1 810.85 465.61 455.09
6902131110167_camera1-13.jpg 118 1258.49 1039.72 1027.0 795.07 462.98 489.29
6902131110167_camera1-28.jpg 118 1295.9 1011.75 1073.71 757.05 444.39 509.4
6902131110167_camera1-31.jpg 118 1283.89 1001.38 1061.62 783.89 444.54 434.97
6902131110167_camera3-11.jpg 118 1374.23 1269.89 1142.74 1029.19 462.98 481.4
6902131110167_camera3-12.jpg 118 1370.28 1275.15 1134.85 1021.3 470.87 507.7
6902131110167_camera3-24.jpg 118 1418.95 1273.83 1224.29 1005.51 389.33 536.64
6902131110167_camera3-28.jpg 118 1405.8 1261.99 1176.94 1008.14 457.72 507.7
6902131110167_camera3-25.jpg 118 1421.88 1271.62 1219.62 1012.21 404.52 518.82
6902131110167_camera3-30.jpg 118 1397.41 1250.55 1173.23 1011.95 448.37 477.19
6902131110167_camera3-32.jpg 118 1390.02 1251.47 1158.53 1005.51 462.98 491.92
