6901073808347_camera0-13.jpg 120 1401.61 1226.63 1082.12 1119.62 638.98 214.03
6901073808347_camera0-4.jpg 120 1398.59 1232.63 1172.38 1109.73 452.41 245.8
6901073808347_camera0-3.jpg 120 1393.18 1235.18 1196.77 1114.21 392.82 241.94
6901073808347_camera0-5.jpg 120 1402.01 1234.31 1153.95 1114.02 496.12 240.58
6901073808347_camera0-7.jpg 120 1403.56 1230.22 1102.11 1114.0 602.91 232.44
6901073808347_camera0-6.jpg 120 1401.85 1234.03 1128.0 1112.91 547.7 242.23
6901073808347_camera1-11.jpg 120 1260.99 1131.32 960.06 958.97 601.86 344.69
6901073808347_camera1-14.jpg 120 1263.64 1133.86 990.84 915.53 545.6 436.66
6901073808347_camera1-15.jpg 120 1265.13 1138.08 1010.57 902.74 509.13 470.68
6901073808347_camera1-13.jpg 120 1262.35 1130.31 974.7 931.27 575.3 398.08
6901073808347_camera1-18.jpg 120 1270.22 1133.68 1082.69 867.57 375.05 532.21
6901073808347_camera1-17.jpg 120 1269.76 1132.67 1057.63 872.67 424.25 520.01
6901073808347_camera1-19.jpg 120 1275.59 1142.31 1105.91 855.57 339.35 573.47
6901073808347_camera1-21.jpg 120 1283.36 1124.24 1120.76 848.39 325.2 551.7
6901073808347_camera1-1.jpg 120 1238.63 1131.56 1076.56 856.97 324.15 549.18
6901073808347_camera1-22.jpg 120 1282.16 1116.0 1092.76 845.05 378.8 541.9
6901073808347_camera1-23.jpg 120 1290.06 1113.37 1074.35 850.31 431.42 526.12
6901073808347_camera1-24.jpg 120 1285.76 1114.67 1057.33 864.42 456.86 500.5
6901073808347_camera1-26.jpg 120 1274.27 1101.53 1000.69 879.24 547.16 444.57
6901073808347_camera1-20.jpg 120 1279.54 1133.1 1121.7 855.57 315.67 555.05
6901073808347_camera1-25.jpg 120 1282.87 1109.51 1033.06 870.84 499.61 477.34
6901073808347_camera1-27.jpg 120 1275.16 1101.42 992.35 899.14 565.63 404.57
6901073808347_camera1-28.jpg 120 1270.62 1099.36 977.11 911.82 587.03 375.08
6901073808347_camera1-30.jpg 120 1258.47 1096.18 954.79 939.0 607.36 314.37
6901073808347_camera1-29.jpg 120 1263.63 1099.5 967.62 931.15 592.02 336.71
6901073808347_camera1-32.jpg 120 1249.3 1100.65 956.3 918.83 585.99 363.65
6901073808347_camera1-35.jpg 120 1233.51 1112.72 988.85 874.85 489.32 475.73
6901073808347_camera1-2.jpg 120 1245.38 1135.66 1064.6 858.95 361.55 553.43
6901073808347_camera1-31.jpg 120 1252.1 1099.26 951.98 934.95 600.24 328.62
6901073808347_camera1-33.jpg 120 1241.22 1104.35 959.74 898.99 562.95 410.71
6901073808347_camera1-37.jpg 120 1230.82 1118.8 1020.51 862.43 420.62 512.74
6901073808347_camera1-38.jpg 120 1229.15 1124.03 1043.62 854.22 371.07 539.61
6901073808347_camera1-34.jpg 120 1236.5 1107.32 974.68 880.3 523.65 454.04
6901073808347_camera1-3.jpg 120 1249.6 1133.34 1045.83 868.51 407.54 529.65
6901073808347_camera1-39.jpg 120 1230.44 1126.51 1065.24 852.37 330.4 548.28
6901073808347_camera1-40.jpg 120 1231.62 1129.43 1082.0 854.1 299.23 550.67
6901073808347_camera1-5.jpg 120 1249.64 1131.7 998.06 889.02 503.17 485.36
6901073808347_camera1-4.jpg 120 1248.82 1137.86 1022.84 881.23 451.96 513.26
6901073808347_camera1-7.jpg 120 1257.07 1130.77 966.15 929.72 581.83 402.09
6901073808347_camera1-8.jpg 120 1256.89 1129.87 957.14 942.85 599.5 374.04
6901073808347_camera1-6.jpg 120 1254.96 1132.5 983.79 904.07 542.35 456.86
6901073808347_camera2-15.jpg 120 1284.13 850.86 1062.31 615.53 443.65 470.66
6901073808347_camera2-16.jpg 120 1280.38 849.62 1041.07 633.97 478.61 431.29
6901073808347_camera1-9.jpg 120 1258.57 1132.51 956.74 958.82 603.65 347.37
6901073808347_camera2-11.jpg 120 1289.15 860.22 1137.98 586.44 302.35 547.55
6901073808347_camera2-12.jpg 120 1288.85 858.62 1125.88 592.07 325.93 533.1
6901073808347_camera2-14.jpg 120 1287.35 854.01 1083.41 604.65 407.88 498.72
6901073808347_camera2-17.jpg 120 1279.75 849.33 1026.83 652.96 505.84 392.74
6901073808347_camera2-13.jpg 120 1288.64 857.4 1108.39 597.93 360.5 518.94
6901073808347_camera2-19.jpg 120 1273.28 847.64 1004.3 694.45 537.97 306.38
6901073808347_camera2-18.jpg 120 1276.07 847.34 1011.73 673.95 528.67 346.77
6901073808347_camera2-21.jpg 120 1258.49 854.26 974.38 700.37 568.21 307.78
6901073808347_camera2-23.jpg 120 1260.38 848.95 1001.2 665.44 518.37 367.01
6901073808347_camera2-22.jpg 120 1266.38 846.36 990.17 679.32 552.42 334.08
6901073808347_camera2-24.jpg 120 1260.45 847.4 1010.65 639.01 499.61 416.78
6901073808347_camera2-25.jpg 120 1254.54 859.51 1013.84 631.97 481.4 455.09
6901073808347_camera2-26.jpg 120 1251.12 853.88 1039.04 614.11 424.16 479.53
6901073808347_camera2-35.jpg 120 1254.54 879.24 1021.73 653.01 465.61 452.46
6901073808347_camera2-36.jpg 120 1257.12 881.16 1015.55 667.65 483.13 427.03
6901073808347_camera2-38.jpg 120 1258.49 880.57 990.17 705.63 536.64 349.87
6901073808347_camera2-37.jpg 120 1262.73 887.09 1007.88 692.72 509.71 388.74
6901073808347_camera2-39.jpg 120 1263.75 885.82 990.17 731.93 547.16 307.78
6901073808347_camera2-3.jpg 120 1278.86 883.35 1018.92 700.81 519.88 365.09
6901073808347_camera2-5.jpg 120 1282.9 882.78 1050.59 654.43 464.63 456.7
6901073808347_camera2-4.jpg 120 1281.6 882.83 1033.58 679.78 496.04 406.1
6901073808347_camera3-10.jpg 120 1377.75 1388.7 1054.11 1248.09 647.29 281.22
6901073808347_camera3-11.jpg 120 1376.49 1392.7 1061.67 1246.2 629.63 293.0
6901073808347_camera3-15.jpg 120 1380.07 1398.13 1129.69 1221.42 500.75 353.43
6901073808347_camera3-12.jpg 120 1377.91 1393.15 1073.19 1237.92 609.45 310.46
6901073808347_camera3-20.jpg 120 1405.8 1396.16 1224.29 1202.81 363.02 386.7
6901073808347_camera3-14.jpg 120 1380.43 1397.7 1109.27 1229.61 542.33 336.18
6901073808347_camera3-21.jpg 120 1411.2 1393.36 1216.63 1209.87 389.13 366.99
6901073808347_camera3-22.jpg 120 1410.8 1392.18 1188.07 1212.7 445.46 358.97
6901073808347_camera3-25.jpg 120 1403.79 1383.21 1114.69 1220.17 578.2 326.07
6901073808347_camera3-24.jpg 120 1407.11 1388.26 1140.11 1213.33 534.01 349.87
6901073808347_camera3-23.jpg 120 1413.69 1385.63 1169.05 1208.07 489.29 355.13
6901073808347_camera3-27.jpg 120 1390.66 1376.77 1076.88 1232.87 627.55 287.8
6901073808347_camera3-26.jpg 120 1395.4 1380.9 1093.58 1229.1 603.65 303.61
6901073808347_camera3-28.jpg 120 1380.81 1375.11 1055.93 1234.37 649.75 281.47
6901073808347_camera3-29.jpg 120 1377.01 1373.47 1059.24 1245.08 635.55 256.79
6901073808347_camera3-31.jpg 120 1358.45 1379.05 1042.78 1237.0 631.34 284.1
6901073808347_camera3-30.jpg 120 1367.01 1375.31 1048.66 1242.25 636.69 266.11
6901073808347_camera3-32.jpg 120 1361.08 1380.37 1061.19 1229.11 599.77 302.52
6901073808347_camera3-34.jpg 120 1342.52 1388.84 1084.94 1214.86 515.15 347.96
6901073808347_camera3-33.jpg 120 1351.88 1383.0 1071.72 1218.59 560.31 328.82
6901073808347_camera3-36.jpg 120 1340.07 1388.65 1113.39 1209.25 453.35 358.8
6901073808347_camera3-37.jpg 120 1340.03 1393.53 1140.11 1205.44 399.85 376.17
6901073808347_camera3-6.jpg 120 1375.28 1392.93 1069.82 1235.01 610.93 315.85
6901073808347_camera3-9.jpg 120 1377.63 1390.34 1050.81 1256.39 653.65 267.89
