6914973608351-back_camera0-11.jpg 122 1401.12 1092.56 1061.43 1041.41 679.38 102.29
6914973608351-back_camera0-30.jpg 122 1450.52 1094.95 1100.65 1039.71 699.73 110.48
6914973608351-back_camera0-32.jpg 122 1449.99 1096.2 1104.7 1043.74 690.57 104.93
6914973608351-back_camera0-31.jpg 122 1458.49 1097.62 1117.46 1046.57 682.06 102.1
6914973608351-back_camera1-10.jpg 122 1292.68 1160.71 969.12 1055.49 647.12 210.45
6914973608351-back_camera0-6.jpg 122 1427.18 1100.37 1113.93 1035.95 626.51 128.83
6914973608351-back_camera1-11.jpg 122 1302.72 1155.08 993.5 1060.72 618.45 188.71
6914973608351-back_camera1-15.jpg 122 1282.16 1147.57 995.43 929.23 573.47 436.68
6914973608351-back_camera1-14.jpg 122 1291.51 1153.63 983.81 955.11 615.41 397.04
6914973608351-back_camera1-16.jpg 122 1280.85 1147.56 1013.84 910.81 534.01 473.5
6914973608351-back_camera1-12.jpg 122 1302.09 1155.34 989.69 1021.34 624.79 267.99
6914973608351-back_camera1-13.jpg 122 1295.65 1153.63 987.12 973.31 617.07 360.65
6914973608351-back_camera1-17.jpg 122 1274.27 1139.67 1042.78 895.03 462.98 489.29
6914973608351-back_camera1-26.jpg 122 1246.78 1133.62 964.51 931.44 564.53 404.37
6914973608351-back_camera1-25.jpg 122 1261.35 1132.69 1001.06 909.1 520.58 447.19
6914973608351-back_camera1-31.jpg 122 1222.99 1129.41 916.15 1042.99 613.69 172.85
6914973608351-back_camera1-33.jpg 122 1209.95 1146.88 900.05 1002.12 619.81 289.52
6914973608351-back_camera1-34.jpg 122 1203.68 1154.36 895.15 977.38 617.06 353.95
6914973608351-back_camera1-36.jpg 122 1203.25 1167.3 934.93 939.75 536.64 455.09
6914973608351-back_camera1-35.jpg 122 1205.36 1168.37 919.52 969.49 571.67 397.76
6914973608351-back_camera1-37.jpg 122 1200.62 1180.45 961.23 937.12 478.77 486.66
6914973608351-back_camera1-3.jpg 122 1272.73 1203.26 1067.83 955.82 409.8 494.88
6914973608351-back_camera1-4.jpg 122 1280.38 1201.93 1036.06 959.18 488.64 485.51
6914973608351-back_camera1-6.jpg 122 1279.53 1198.86 971.75 987.1 615.56 423.52
6914973608351-back_camera1-5.jpg 122 1286.47 1195.38 1009.86 976.54 553.21 437.67
6914973608351-back_camera1-7.jpg 122 1286.56 1185.88 978.85 998.12 615.41 375.53
6914973608351-back_camera2-11.jpg 122 1280.85 837.15 1176.94 553.05 207.82 568.21
6914973608351-back_camera1-8.jpg 122 1292.59 1177.47 974.43 1023.09 636.31 308.76
6914973608351-back_camera2-10.jpg 122 1286.91 838.84 1172.76 560.2 228.3 557.28
6914973608351-back_camera1-9.jpg 122 1286.5 1173.07 973.2 1048.02 626.6 250.1
6914973608351-back_camera2-17.jpg 122 1250.86 841.16 981.03 626.03 539.65 430.26
6914973608351-back_camera2-1.jpg 122 1310.18 882.44 1033.0 768.6 554.36 227.68
6914973608351-back_camera2-18.jpg 122 1247.1 842.24 969.82 661.46 554.56 361.55
6914973608351-back_camera2-19.jpg 122 1243.69 848.71 960.63 699.79 566.12 297.85
6914973608351-back_camera2-2.jpg 122 1309.59 878.55 1028.12 738.87 562.95 279.35
6914973608351-back_camera2-34.jpg 122 1279.23 909.59 1068.47 638.42 421.52 542.34
6914973608351-back_camera2-33.jpg 122 1272.96 920.02 1090.13 631.97 365.65 576.1
6914973608351-back_camera2-35.jpg 122 1280.4 911.55 1047.3 654.66 466.21 513.79
6914973608351-back_camera2-39.jpg 122 1298.62 896.28 1017.94 751.52 561.36 289.52
6914973608351-back_camera2-38.jpg 122 1300.57 900.29 1021.73 708.26 557.68 384.06
6914973608351-back_camera2-40.jpg 122 1303.14 885.94 1023.58 767.18 559.12 237.53
6914973608351-back_camera2-3.jpg 122 1312.2 869.91 1031.79 693.73 560.82 352.37
6914973608351-back_camera2-4.jpg 122 1311.1 858.2 1037.52 642.49 547.16 431.42
6914973608351-back_camera2-7.jpg 122 1298.69 850.97 1081.0 576.9 435.39 548.15
6914973608351-back_camera2-5.jpg 122 1311.1 858.2 1048.04 610.93 526.12 494.55
6914973608351-back_camera2-6.jpg 122 1303.92 854.43 1072.08 591.39 463.69 526.08
6914973608351-back_camera2-8.jpg 122 1294.0 841.11 1105.91 566.21 376.17 549.79
6914973608351-back_camera3-16.jpg 122 1389.62 1434.9 1142.88 1293.91 493.47 281.98
6914973608351-back_camera3-18.jpg 122 1381.67 1432.0 1219.13 1288.49 325.08 287.02
6914973608351-back_camera3-17.jpg 122 1380.74 1438.43 1166.96 1286.78 427.56 303.31
6914973608351-back_camera3-20.jpg 122 1406.79 1430.96 1270.66 1290.58 272.26 280.76
6914973608351-back_camera3-1.jpg 122 1400.54 1463.23 1192.72 1321.18 415.63 284.1
6914973608351-back_camera3-21.jpg 122 1402.45 1431.43 1219.0 1293.84 366.91 275.18
6914973608351-back_camera3-22.jpg 122 1398.44 1433.11 1169.43 1294.85 458.02 276.51
6914973608351-back_camera3-24.jpg 122 1383.89 1431.48 1101.13 1305.02 565.51 252.92
6914973608351-back_camera3-23.jpg 122 1395.28 1431.67 1134.85 1289.62 520.86 284.1
6914973608351-back_camera3-26.jpg 122 1362.25 1430.67 1035.4 1322.9 653.7 215.54
6914973608351-back_camera3-2.jpg 122 1398.32 1465.57 1179.5 1329.98 437.63 271.17
6914973608351-back_camera3-36.jpg 122 1309.78 1442.19 1048.04 1313.29 523.49 257.8
6914973608351-back_camera3-37.jpg 122 1320.97 1448.1 1101.71 1318.11 438.52 259.98
6914973608351-back_camera3-34.jpg 122 1314.81 1435.24 1003.2 1329.79 623.21 210.91
6914973608351-back_camera3-35.jpg 122 1312.38 1439.25 1024.49 1327.73 575.77 223.04
6914973608351-back_camera3-40.jpg 122 1382.12 1456.65 1242.7 1323.81 278.84 265.69
6914973608351-back_camera3-38.jpg 122 1329.51 1451.39 1145.37 1315.92 368.28 270.95
6914973608351-back_camera3-4.jpg 122 1408.59 1461.55 1113.64 1337.07 589.9 248.97
6914973608351-back_camera3-39.jpg 122 1346.93 1453.8 1221.36 1325.56 251.14 256.48
6914973608351_camera0-12.jpg 122 1418.79 1262.11 1076.34 1201.13 684.9 121.95
6914973608351_camera0-15.jpg 122 1432.11 1250.15 1090.13 1171.24 683.95 157.83
6914973608351_camera0-14.jpg 122 1432.11 1258.05 1090.13 1184.39 683.95 147.31
6914973608351_camera0-13.jpg 122 1434.38 1259.27 1093.35 1196.88 682.06 124.78
6914973608351_camera0-29.jpg 122 1428.63 1258.63 1109.14 1189.02 638.98 139.22
6914973608351_camera0-32.jpg 122 1400.71 1257.85 1073.15 1199.95 655.12 115.8
6914973608351_camera0-30.jpg 122 1416.29 1257.82 1095.67 1193.57 641.23 128.49
6914973608351_camera0-37.jpg 122 1350.66 1274.73 1054.55 1219.96 592.22 109.54
6914973608351_camera0-31.jpg 122 1400.71 1255.38 1081.42 1194.99 638.57 120.77
6914973608351_camera0-36.jpg 122 1363.63 1268.77 1051.24 1214.06 624.79 109.42
6914973608351_camera1-10.jpg 122 1263.75 1165.97 945.45 1052.86 636.6 226.23
6914973608351_camera1-12.jpg 122 1282.66 1149.38 968.57 1028.14 628.18 242.48
6914973608351_camera0-9.jpg 122 1403.69 1280.24 1079.4 1223.94 648.58 112.59
6914973608351_camera1-11.jpg 122 1271.11 1152.84 960.45 1064.52 621.32 176.63
6914973608351_camera1-14.jpg 122 1280.85 1151.5 971.75 966.05 618.19 370.91
6914973608351_camera1-17.jpg 122 1277.69 1157.18 1025.29 916.12 504.81 482.12
6914973608351_camera1-16.jpg 122 1278.71 1156.12 1001.13 934.9 555.17 442.44
6914973608351_camera1-13.jpg 122 1282.16 1148.88 963.86 981.84 636.6 334.08
6914973608351_camera1-15.jpg 122 1275.76 1151.06 980.81 952.84 589.9 396.44
6914973608351_camera1-18.jpg 122 1274.27 1158.09 1050.67 900.29 447.2 515.59
6914973608351_camera1-20.jpg 122 1278.24 1146.76 1137.5 893.44 281.47 506.64
6914973608351_camera1-19.jpg 122 1278.67 1146.1 1096.85 893.97 363.65 504.26
6914973608351_camera1-21.jpg 122 1284.8 1138.36 1176.94 884.51 215.71 507.7
6914973608351_camera1-1.jpg 122 1220.89 1155.41 1117.59 932.5 206.6 445.83
6914973608351_camera1-23.jpg 122 1299.8 1140.4 1107.89 885.63 383.81 509.54
6914973608351_camera1-24.jpg 122 1299.8 1136.27 1084.73 888.94 430.13 494.65
6914973608351_camera1-25.jpg 122 1300.58 1131.79 1053.3 887.14 494.55 489.29
6914973608351_camera1-2.jpg 122 1239.58 1168.01 1111.92 937.68 255.31 460.66
6914973608351_camera1-22.jpg 122 1298.12 1141.18 1152.07 893.16 292.1 496.04
6914973608351_camera1-26.jpg 122 1292.68 1125.2 1016.47 905.55 552.42 439.31
6914973608351_camera1-31.jpg 122 1246.85 1116.4 945.76 1024.59 602.18 183.63
6914973608351_camera1-28.jpg 122 1275.33 1119.17 985.13 937.6 580.39 363.14
6914973608351_camera1-27.jpg 122 1282.16 1119.94 995.43 908.18 573.47 423.52
6914973608351_camera1-30.jpg 122 1256.42 1114.64 954.39 992.69 604.07 243.9
6914973608351_camera1-29.jpg 122 1266.62 1116.03 970.31 965.15 592.62 301.75
6914973608351_camera1-32.jpg 122 1240.21 1123.81 934.11 1024.19 612.2 199.23
6914973608351_camera1-33.jpg 122 1232.17 1123.89 929.66 989.73 605.03 268.32
6914973608351_camera1-34.jpg 122 1223.76 1127.42 915.0 970.36 617.51 314.13
6914973608351_camera1-36.jpg 122 1215.42 1129.64 935.84 935.26 559.17 388.77
6914973608351_camera1-37.jpg 122 1209.95 1129.37 961.78 925.6 496.34 407.54
6914973608351_camera1-38.jpg 122 1208.51 1140.99 979.65 913.44 457.72 455.09
6914973608351_camera1-35.jpg 122 1217.41 1126.79 923.9 951.72 587.03 350.14
6914973608351_camera1-3.jpg 122 1246.72 1171.69 1074.94 935.26 343.55 472.86
6914973608351_camera1-40.jpg 122 1224.29 1155.45 1082.24 923.96 284.1 462.98
6914973608351_camera1-7.jpg 122 1250.33 1172.58 965.57 985.68 569.52 373.79
6914973608351_camera1-5.jpg 122 1247.21 1174.19 1007.77 950.55 478.88 447.28
6914973608351_camera1-6.jpg 122 1254.55 1176.5 987.54 952.9 534.01 447.2
6914973608351_camera1-39.jpg 122 1210.22 1141.73 1026.58 921.12 367.28 441.22
6914973608351_camera1-4.jpg 122 1245.49 1172.45 1042.29 944.1 406.41 456.7
6914973608351_camera1-8.jpg 122 1254.55 1167.29 940.19 1002.88 628.71 328.82
6914973608351_camera1-9.jpg 122 1252.64 1168.51 944.11 1021.28 617.07 294.47
6914973608351_camera2-11.jpg 122 1293.4 859.7 1195.82 590.6 195.16 538.2
6914973608351_camera2-10.jpg 122 1291.37 872.67 1153.26 589.88 276.21 565.58
6914973608351_camera2-14.jpg 122 1295.7 848.24 1114.13 576.28 363.14 543.92
6914973608351_camera2-13.jpg 122 1298.26 851.6 1147.24 570.12 302.03 562.95
6914973608351_camera2-12.jpg 122 1296.08 855.37 1182.31 581.59 227.54 547.55
6914973608351_camera2-15.jpg 122 1294.0 842.35 1085.47 573.56 417.06 537.57
6914973608351_camera2-16.jpg 122 1292.66 842.09 1055.05 587.03 475.22 510.12
6914973608351_camera2-17.jpg 122 1287.25 838.75 1036.34 605.22 501.82 467.07
6914973608351_camera2-22.jpg 122 1252.44 844.45 978.15 721.85 548.59 245.2
6914973608351_camera2-21.jpg 122 1260.26 843.1 991.47 750.33 537.57 185.53
6914973608351_camera2-19.jpg 122 1273.43 842.38 1001.18 672.22 544.51 340.32
6914973608351_camera2-18.jpg 122 1286.69 841.57 1019.92 635.1 533.54 412.94
6914973608351_camera2-23.jpg 122 1248.67 843.27 973.01 679.54 551.32 327.46
6914973608351_camera2-20.jpg 122 1266.71 841.63 996.43 712.95 540.57 257.37
6914973608351_camera2-24.jpg 122 1243.55 846.75 962.31 655.68 562.48 382.15
6914973608351_camera2-1.jpg 122 1280.4 895.25 1010.6 798.74 539.61 193.01
6914973608351_camera2-26.jpg 122 1240.75 853.65 996.43 607.77 488.64 491.77
6914973608351_camera2-25.jpg 122 1241.54 846.63 974.24 633.93 534.59 425.4
6914973608351_camera2-28.jpg 122 1240.14 859.87 1037.02 598.56 406.25 522.61
6914973608351_camera2-27.jpg 122 1244.66 853.25 1018.96 606.26 451.41 493.97
6914973608351_camera2-29.jpg 122 1239.41 862.46 1069.84 592.81 339.14 539.31
6914973608351_camera2-2.jpg 122 1289.78 894.0 1015.48 781.35 548.59 225.31
6914973608351_camera2-31.jpg 122 1244.52 878.69 1154.92 613.87 179.19 529.65
6914973608351_camera2-33.jpg 122 1249.34 893.42 1096.19 612.66 306.29 561.53
6914973608351_camera2-38.jpg 122 1257.98 897.51 990.17 695.48 535.62 404.07
6914973608351_camera2-30.jpg 122 1241.27 873.63 1106.12 603.93 270.31 539.41
6914973608351_camera2-32.jpg 122 1250.6 889.76 1126.96 608.29 247.27 562.94
6914973608351_camera2-35.jpg 122 1249.34 898.39 1038.05 631.1 422.57 534.59
6914973608351_camera2-36.jpg 122 1254.36 897.85 1022.04 648.09 464.63 499.52
6914973608351_camera2-34.jpg 122 1250.59 902.92 1066.45 621.45 368.28 562.94
6914973608351_camera2-37.jpg 122 1254.85 905.34 999.56 673.55 510.57 463.58
6914973608351_camera2-39.jpg 122 1265.76 899.77 995.53 735.65 540.45 328.24
6914973608351_camera2-8.jpg 122 1298.14 876.53 1107.89 607.7 380.5 537.66
6914973608351_camera2-3.jpg 122 1288.74 895.03 1008.58 739.82 560.31 310.41
6914973608351_camera2-4.jpg 122 1296.12 893.65 1023.37 712.08 545.5 363.14
6914973608351_camera2-5.jpg 122 1297.95 892.39 1029.63 684.58 536.64 415.63
6914973608351_camera2-40.jpg 122 1271.49 898.24 998.59 772.29 545.79 251.9
6914973608351_camera2-7.jpg 122 1301.83 886.54 1074.74 626.56 454.18 519.96
6914973608351_camera2-6.jpg 122 1300.12 889.48 1052.74 656.37 494.76 466.21
6914973608351_camera2-9.jpg 122 1299.79 876.54 1127.74 602.74 344.1 547.59
6914973608351_camera3-10.jpg 122 1397.9 1427.73 1058.56 1331.71 678.69 192.03
6914973608351_camera3-13.jpg 122 1395.75 1414.55 1059.09 1298.74 673.32 231.61
6914973608351_camera3-17.jpg 122 1391.74 1420.21 1161.09 1275.27 461.31 289.88
6914973608351_camera3-12.jpg 122 1399.67 1417.11 1051.99 1305.91 695.37 222.39
6914973608351_camera3-14.jpg 122 1390.73 1419.38 1077.54 1293.31 626.38 252.14
6914973608351_camera3-15.jpg 122 1387.38 1417.19 1092.76 1273.83 589.25 286.73
6914973608351_camera3-16.jpg 122 1387.32 1416.7 1118.49 1271.12 537.66 291.16
6914973608351_camera3-18.jpg 122 1391.33 1425.09 1190.09 1271.2 402.48 307.78
6914973608351_camera3-1.jpg 122 1362.66 1447.95 1219.92 1323.9 285.49 248.09
6914973608351_camera3-21.jpg 122 1423.19 1420.73 1263.44 1268.82 319.5 303.83
6914973608351_camera3-23.jpg 122 1418.96 1413.25 1166.42 1263.31 505.07 299.89
6914973608351_camera3-19.jpg 122 1390.43 1415.96 1243.66 1260.69 293.53 310.54
6914973608351_camera3-20.jpg 122 1411.06 1421.14 1284.79 1263.31 252.54 315.67
6914973608351_camera3-22.jpg 122 1428.85 1423.25 1224.05 1277.4 409.6 291.7
6914973608351_camera3-2.jpg 122 1364.72 1450.74 1181.71 1329.18 366.02 243.12
6914973608351_camera3-38.jpg 122 1322.19 1431.23 1121.72 1305.94 400.94 250.58
6914973608351_camera3-3.jpg 122 1366.72 1453.22 1136.5 1324.8 460.45 256.85
6914973608351_camera3-39.jpg 122 1329.52 1434.3 1166.42 1300.14 326.19 268.32
6914973608351_camera3-4.jpg 122 1368.59 1449.52 1114.87 1329.8 507.44 239.45
