6914973105386_camera1-12.jpg 125 1276.17 1171.26 964.23 1033.98 623.89 274.56
6914973105386_camera1-19.jpg 125 1282.88 1167.22 1072.93 923.19 419.89 488.05
6914973105386_camera1-24.jpg 125 1305.58 1155.04 1052.66 913.25 505.84 483.58
6914973105386_camera1-20.jpg 125 1286.23 1162.81 1117.66 925.48 337.13 474.66
6914973105386_camera1-21.jpg 125 1310.95 1160.61 1155.99 925.05 309.92 471.11
6914973105386_camera1-22.jpg 125 1312.35 1163.11 1116.62 922.82 391.46 480.58
6914973105386_camera1-33.jpg 125 1248.23 1122.75 934.14 955.43 628.18 334.65
6914973105386_camera1-32.jpg 125 1259.26 1116.86 953.8 974.52 610.93 284.68
6914973105386_camera2-15.jpg 125 1297.73 856.23 1051.49 582.38 492.48 547.7
6914973105386_camera2-18.jpg 125 1286.2 849.31 1002.21 625.67 567.97 447.28
6914973105386_camera2-14.jpg 125 1299.06 858.79 1070.56 576.81 457.0 563.96
6914973105386_camera2-17.jpg 125 1287.93 849.87 1010.2 605.57 555.45 488.6
6914973105386_camera2-24.jpg 125 1255.22 850.64 973.36 627.0 563.71 447.28
6914973105386_camera2-25.jpg 125 1252.16 850.89 972.82 602.74 558.69 496.3
6914973105386_camera2-37.jpg 125 1253.48 900.91 977.11 654.15 552.74 493.52
6914973105386_camera2-3.jpg 125 1282.01 900.62 998.25 712.85 567.51 375.55
