6914973105379-back_camera1-18.jpg 126 1233.83 1107.72 1008.01 870.74 451.63 473.97
6914973105379-back_camera1-15.jpg 126 1270.45 1102.49 975.5 894.76 589.9 415.47
6914973105379-back_camera1-17.jpg 126 1243.99 1102.05 985.37 869.99 517.25 464.12
6914973105379-back_camera1-25.jpg 126 1208.02 1155.29 924.96 922.97 566.12 464.63
6914973105379-back_camera1-19.jpg 126 1221.66 1106.79 1029.63 876.61 384.06 460.35
6914973105379-back_camera1-26.jpg 126 1203.63 1162.89 893.53 934.68 620.2 456.42
6914973105379-back_camera1-21.jpg 126 1233.23 1130.43 1084.34 894.64 297.78 471.59
6914973105379-back_camera1-27.jpg 126 1199.3 1165.98 877.05 950.27 644.49 431.42
6914973105379-back_camera1-37.jpg 126 1242.0 1207.04 975.42 943.29 533.17 527.5
6914973105379-back_camera1-5.jpg 126 1333.7 1180.1 1036.75 943.53 593.91 473.14
6914973105379-back_camera1-4.jpg 126 1334.73 1189.5 1065.11 942.74 539.24 493.52
6914973105379-back_camera1-8.jpg 126 1324.83 1150.09 1004.22 975.54 641.21 349.1
6914973105379-back_camera1-6.jpg 126 1330.19 1169.36 1012.26 946.96 635.86 444.79
6914973105379-back_camera1-7.jpg 126 1327.93 1163.35 1013.95 962.75 627.96 401.2
6914973105379-back_camera2-15.jpg 126 1217.51 858.83 958.62 587.28 517.79 543.1
6914973105379-back_camera2-29.jpg 126 1286.17 928.38 1106.06 641.78 360.22 573.21
6914973105379-back_camera2-27.jpg 126 1269.25 932.33 1032.85 649.13 472.8 566.39
6914973105379-back_camera2-26.jpg 126 1264.55 929.33 1005.32 652.96 518.46 552.74
6914973105379-back_camera2-28.jpg 126 1269.01 930.54 1050.67 634.6 436.68 591.88
6914973105379-back_camera2-37.jpg 126 1329.57 870.75 1043.37 632.52 572.4 476.45
6914973105379-back_camera2-4.jpg 126 1297.46 818.48 1016.42 593.02 562.09 450.92
6914973105379-back_camera2-5.jpg 126 1279.53 820.05 1005.95 555.68 547.16 528.75
6914973105379-back_camera2-6.jpg 126 1279.11 814.02 1022.45 538.93 513.32 550.19
6914973105379-back_camera2-7.jpg 126 1271.66 814.33 1035.29 532.76 472.74 563.13
6914973105379-back_camera3-20.jpg 126 1348.19 1429.68 1191.99 1302.03 312.4 255.31
6914973105379-back_camera3-19.jpg 126 1323.77 1419.71 1160.3 1295.74 326.95 247.95
6914973105379-back_camera3-23.jpg 126 1333.28 1439.8 1053.93 1302.96 558.69 273.67
6914973105379-back_camera3-22.jpg 126 1338.46 1439.38 1097.42 1303.79 482.07 271.17
6914973105379-back_camera3-36.jpg 126 1352.55 1461.82 1066.82 1318.96 571.45 285.72
6914973105379-back_camera3-38.jpg 126 1370.12 1460.66 1166.35 1316.36 407.54 288.61
6914973105379_camera1-36.jpg 126 1219.73 1095.07 951.67 861.81 536.12 466.51
6914973105379_camera3-12.jpg 126 1382.82 1445.86 1024.39 1325.04 716.85 241.64
6914973105379_camera3-13.jpg 126 1391.34 1447.45 1032.26 1313.29 718.15 268.32
6914973105379_camera3-14.jpg 126 1387.38 1443.51 1055.93 1310.66 662.91 265.69
6914973105379_camera3-29.jpg 126 1418.17 1390.32 1088.13 1312.56 660.08 155.51
6914973105379_camera3-32.jpg 126 1374.24 1390.89 1034.89 1276.46 678.69 228.86
6914973105379_camera3-33.jpg 126 1353.35 1392.38 1028.14 1276.53 650.41 231.7
6914973105379_camera3-34.jpg 126 1336.09 1390.89 1024.37 1260.68 623.45 260.43
6914973105379_camera3-36.jpg 126 1312.93 1394.04 1055.31 1266.56 515.25 254.96
