6942836705916-back_camera3-16.jpg 127 1393.96 1455.35 1095.39 1302.77 597.14 305.15
6942836705916-back_camera3-23.jpg 127 1400.54 1434.29 1095.39 1279.09 610.29 310.41
6942836705916-back_camera3-1.jpg 127 1386.07 1471.12 1171.68 1318.55 428.78 305.15
6942836705916-back_camera3-21.jpg 127 1415.0 1440.88 1203.24 1286.99 423.52 307.78
6942836705916-back_camera3-22.jpg 127 1412.21 1438.93 1135.06 1282.62 554.3 312.62
6942836705916-back_camera3-24.jpg 127 1400.54 1436.93 1082.24 1292.25 636.6 289.36
6942836705916-back_camera3-2.jpg 127 1387.44 1473.26 1133.0 1325.77 508.89 294.98
6942836705916-back_camera3-35.jpg 127 1312.34 1455.41 988.09 1325.13 648.5 260.56
6942836705916-back_camera3-38.jpg 127 1315.39 1468.39 1096.97 1328.78 436.84 279.22
6942836705916-back_camera3-36.jpg 127 1308.37 1460.66 1009.21 1327.49 598.32 266.35
6942836705916-back_camera3-37.jpg 127 1312.41 1464.55 1040.15 1318.55 544.53 291.99
6942836705916-back_camera3-39.jpg 127 1326.47 1471.32 1158.67 1329.02 335.6 284.59
6942836705916-back_camera3-40.jpg 127 1369.03 1472.1 1206.15 1329.58 325.76 285.04
6942836705916_camera3-1.jpg 127 1379.06 1457.45 1140.01 1292.85 478.1 329.21
6942836705916_camera3-37.jpg 127 1304.52 1460.61 1074.35 1294.88 460.35 331.45
