6914973603394-back_camera3-2.jpg 131 1396.84 1347.3 1168.03 1217.68 457.62 259.24
6914973603394-back_camera3-37.jpg 131 1360.94 1340.6 1210.63 1206.72 300.62 267.76
6914973603394~A_camera1-1.jpg 131 1177.89 711.27 974.24 584.47 407.31 253.6
6914973603394~A_camera1-13.jpg 131 1137.21 679.89 929.3 569.11 415.83 221.57
6914973603394~A_camera1-21.jpg 131 1099.99 711.27 897.86 586.59 404.26 249.36
6914973603394~A_camera1-2.jpg 131 1177.2 708.97 989.68 569.71 375.04 278.52
6914973603394~A_camera1-22.jpg 131 1097.22 719.5 909.49 581.82 375.46 275.35
6914973603394~A_camera1-38.jpg 131 1179.87 717.01 959.54 635.1 440.65 163.83
6914973603394~A_camera1-23.jpg 131 1097.08 727.63 928.35 579.96 337.45 295.34
6914973603394~A_camera1-40.jpg 131 1179.11 713.63 967.56 596.68 423.1 233.9
6914973603394~A_camera1-39.jpg 131 1179.62 715.86 960.89 615.88 437.47 199.96
6914973603394~A_camera1-34.jpg 131 1174.81 729.2 944.61 638.09 460.39 182.22
6914973603394~A_camera1-3.jpg 131 1175.46 705.93 1007.49 556.32 335.94 299.22
6914973603394~A_camera2-12.jpg 131 743.76 887.05 512.44 650.08 462.63 473.94
6914973603394~A_camera2-10.jpg 131 722.46 886.12 550.69 623.74 343.53 524.77
6914973603394~A_camera1-4.jpg 131 1174.46 701.81 1031.61 546.79 285.71 310.05
6914973603394~A_camera2-13.jpg 131 753.4 887.98 499.29 672.84 508.22 430.28
6914973603394~A_camera2-17.jpg 131 781.53 877.01 498.65 793.82 565.76 166.38
6914973603394~A_camera2-18.jpg 131 781.44 876.18 502.43 776.47 558.03 199.42
6914973603394~A_camera2-24.jpg 131 782.61 818.87 594.12 552.48 376.98 532.78
6914973603394~A_camera2-11.jpg 131 733.52 887.53 530.21 634.74 406.62 505.58
6914973603394~A_camera2-16.jpg 131 777.9 880.22 491.84 759.58 572.13 241.27
6914973603394~A_camera2-22.jpg 131 782.07 838.97 541.88 610.98 480.37 455.98
6914973603394~A_camera2-15.jpg 131 770.25 883.3 488.65 727.4 563.21 311.8
6914973603394~A_camera2-21.jpg 131 782.41 849.17 526.42 649.95 511.99 398.44
6914973603394~A_camera2-3.jpg 131 686.91 859.38 462.31 610.91 449.2 496.93
6914973603394~A_camera2-26.jpg 131 777.87 801.26 658.35 519.86 239.03 562.8
6914973603394~A_camera2-19.jpg 131 776.82 868.52 504.77 732.55 544.09 271.95
6914973603394~A_camera2-1.jpg 131 687.37 838.18 425.31 641.66 524.12 393.05
6914973603394~A_camera2-14.jpg 131 762.59 885.57 490.92 697.66 543.33 375.83
6914973603394~A_camera2-23.jpg 131 783.11 829.13 566.78 578.63 432.66 501.0
6914973603394~A_camera2-30.jpg 131 750.41 796.66 574.26 535.31 352.3 522.71
6914973603394~A_camera2-31.jpg 131 739.32 793.15 530.76 542.15 417.11 502.0
6914973603394~A_camera2-20.jpg 131 779.55 859.93 512.89 691.59 533.32 336.67
6914973603394~A_camera2-6.jpg 131 698.74 882.68 569.92 600.29 257.65 564.79
6914973603394~A_camera2-36.jpg 131 688.87 800.64 397.13 684.93 583.48 231.43
6914973603394~A_camera2-32.jpg 131 727.32 792.28 489.88 557.47 474.87 469.62
6914973603394~A_camera2-5.jpg 131 695.31 875.07 530.61 596.78 329.39 556.58
6914973603394~A_camera2-38.jpg 131 683.9 815.33 400.63 708.48 566.55 213.69
6914973603394~A_camera2-35.jpg 131 697.38 796.88 408.55 643.86 577.66 306.03
6914973603394~A_camera2-2.jpg 131 686.86 849.22 440.8 623.53 492.11 451.39
6914973603394~A_camera2-39.jpg 131 688.67 823.39 413.88 680.3 549.58 286.18
6914973603394~A_camera2-4.jpg 131 688.4 867.64 491.24 600.95 394.32 533.39
6914973603394~A_camera2-33.jpg 131 716.81 792.58 455.59 580.5 522.44 424.15
6914973603394~A_camera3-1.jpg 131 1068.01 883.34 830.35 770.11 475.31 226.45
6914973603394~A_camera2-28.jpg 131 767.98 793.23 661.91 518.46 212.14 549.54
6914973603394~A_camera2-8.jpg 131 708.27 889.87 607.64 616.51 201.26 546.71
6914973603394~A_camera2-40.jpg 131 684.92 832.0 416.01 656.89 537.82 350.22
6914973603394~A_camera2-34.jpg 131 707.13 793.74 429.28 609.42 555.7 368.64
6914973603394~A_camera2-29.jpg 131 759.26 797.88 616.57 530.88 285.38 534.01
6914973603394~A_camera3-12.jpg 131 1041.35 855.78 819.68 752.89 443.34 205.79
6914973603394~A_camera2-7.jpg 131 703.58 888.17 612.32 608.19 182.51 559.96
6914973603394~A_camera2-25.jpg 131 780.37 809.13 624.62 532.63 311.49 553.0
6914973603394~A_camera2-9.jpg 131 716.22 884.26 578.37 617.19 275.69 534.14
6914973603394~A_camera3-19.jpg 131 983.52 869.47 723.53 781.28 519.99 176.38
6914973603394~A_camera3-20.jpg 131 982.28 873.45 733.26 776.48 498.05 193.93
6914973603394~A_camera3-2.jpg 131 1066.38 882.86 847.39 761.66 437.97 242.4
6914973603394~A_camera3-39.jpg 131 1072.87 883.97 817.38 788.29 510.98 191.37
6914973603394~A_camera3-30.jpg 131 1041.48 908.97 857.44 781.48 368.08 254.98
6914973603394~A_camera3-3.jpg 131 1064.95 880.53 869.37 754.36 391.17 252.35
6914973603394~A_camera3-31.jpg 131 1052.56 904.34 838.34 786.59 428.44 235.49
6914973603394~A_camera3-4.jpg 131 1062.84 879.69 896.07 749.64 333.53 260.1
6914973603394~A_camera3-40.jpg 131 1071.05 883.34 823.99 776.73 494.11 213.22
6914973603394~B_camera0-2.jpg 131 1125.43 1088.38 878.45 1018.85 493.97 139.07
6914973603394~B_camera0-40.jpg 131 1131.32 1087.98 863.28 1025.92 536.08 124.12
6914973603394~B_camera0-3.jpg 131 1122.85 1087.59 896.02 1014.53 453.66 146.12
6914973603394~B_camera0-4.jpg 131 1122.29 1086.97 920.29 1011.52 404.0 150.9
6914973603394~B_camera0-1.jpg 131 1128.73 1088.22 867.62 1022.87 522.22 130.7
6914973603394~B_camera1-2.jpg 131 1149.21 709.23 951.43 575.84 395.57 266.78
6914973603394~B_camera1-3.jpg 131 1148.89 708.04 970.09 565.01 357.6 286.07
6914973603394~B_camera1-22.jpg 131 1122.67 689.7 928.01 549.67 389.33 280.07
6914973603394~B_camera1-27.jpg 131 1125.3 700.56 1059.63 543.44 131.33 314.24
6914973603394~B_camera1-34.jpg 131 1141.65 702.8 915.19 596.78 452.92 212.04
6914973603394~B_camera2-17.jpg 131 728.33 857.2 437.81 754.75 581.04 204.9
6914973603394~B_camera2-14.jpg 131 716.04 855.38 440.35 650.92 551.38 408.93
6914973603394~B_camera2-11.jpg 131 709.03 855.11 508.1 590.43 401.85 529.35
6914973603394~B_camera2-34.jpg 131 742.14 821.59 467.24 622.19 549.8 398.79
6914973603394~B_camera2-20.jpg 131 741.65 867.28 461.84 705.53 559.63 323.5
6914973603394~B_camera2-13.jpg 131 714.22 855.22 457.33 625.02 513.78 460.4
6914973603394~B_camera1-40.jpg 131 1151.56 709.55 934.26 599.39 434.59 220.33
6914973603394~B_camera2-10.jpg 131 708.45 853.97 541.89 581.14 333.12 545.66
6914973603394~B_camera2-12.jpg 131 711.8 854.91 479.87 605.26 463.85 499.31
6914973603394~B_camera2-24.jpg 131 747.45 855.52 538.85 588.8 417.19 533.44
6914973603394~B_camera2-1.jpg 131 713.68 823.96 441.32 634.13 544.73 379.66
6914973603394~B_camera2-15.jpg 131 718.55 856.11 431.13 682.96 574.84 346.3
6914973603394~B_camera2-21.jpg 131 741.78 865.44 470.3 668.64 542.95 393.61
6914973603394~B_camera2-32.jpg 131 749.38 824.0 516.37 575.93 466.01 496.14
6914973603394~B_camera2-40.jpg 131 710.23 823.1 432.5 654.56 555.45 337.08
6914973603394~B_camera2-3.jpg 131 713.13 828.21 475.62 580.41 475.02 495.61
6914973603394~B_camera2-36.jpg 131 731.78 822.88 441.49 689.89 580.58 265.97
6914973603394~B_camera2-29.jpg 131 757.82 829.34 627.68 554.94 260.29 548.79
6914973603394~B_camera2-26.jpg 131 750.53 846.49 608.1 563.1 284.86 566.77
6914973603394~B_camera2-16.jpg 131 722.88 856.14 429.49 716.64 586.78 279.01
6914973603394~B_camera2-31.jpg 131 753.84 824.2 550.19 562.15 407.29 524.1
6914973603394~B_camera2-5.jpg 131 712.74 833.08 531.98 554.51 361.52 557.14
6914973603394~B_camera3-19.jpg 131 1018.32 855.75 760.03 761.88 516.57 187.74
6914973603394~B_camera2-35.jpg 131 738.24 822.36 452.19 654.11 572.1 336.5
6914973603394~B_camera2-22.jpg 131 744.61 862.63 488.84 636.95 511.53 451.37
6914973603394~B_camera2-23.jpg 131 746.14 858.73 510.92 608.99 470.45 499.47
6914973603394~B_camera2-39.jpg 131 713.31 822.42 432.7 689.74 561.21 265.37
6914973603394~B_camera3-21.jpg 131 1007.1 859.56 763.12 745.17 487.95 228.78
6914973603394~B_camera2-2.jpg 131 713.41 825.01 455.72 603.1 515.39 443.83
6914973603394~B_camera2-9.jpg 131 712.09 852.81 583.76 578.3 256.66 549.03
6914973603394~B_camera3-22.jpg 131 1002.52 861.26 773.01 738.17 459.02 246.19
6914973603394~B_camera3-24.jpg 131 999.47 865.0 817.64 731.54 363.66 266.91
6914973603394~B_camera3-20.jpg 131 1011.56 857.23 757.73 753.28 507.65 207.9
6914973603394~B_camera2-25.jpg 131 749.01 851.33 571.65 572.33 354.73 557.99
6914973603394~B_camera2-30.jpg 131 756.87 826.67 588.01 555.29 337.71 542.77
6914973603394~B_camera2-28.jpg 131 757.14 834.64 665.5 562.4 183.29 544.49
6914973603394~B_camera2-6.jpg 131 714.28 836.58 569.72 552.47 289.11 568.21
6914973603394~B_camera3-31.jpg 131 1033.03 873.2 828.92 745.85 408.22 254.7
6914973603394~B_camera3-1.jpg 131 1036.76 881.0 789.21 777.24 495.1 207.51
