6954432710621-back_camera0-24.jpg 137 1415.24 1091.24 1226.64 1032.39 377.19 117.69
6954432710621-back_camera0-26.jpg 137 1412.49 1093.45 1210.25 1038.24 404.49 110.43
6954432710621-back_camera0-36.jpg 137 1432.07 1098.15 1236.23 1040.27 391.68 115.76
6954432710621-back_camera1-10.jpg 137 1284.66 1137.65 1123.71 1044.88 321.91 185.53
6954432710621-back_camera0-6.jpg 137 1453.14 1097.59 1242.7 1031.82 420.89 131.53
6954432710621-back_camera1-11.jpg 137 1282.16 1138.36 1103.28 1018.67 357.76 239.38
6954432710621-back_camera1-12.jpg 137 1275.63 1138.61 1099.61 1011.52 352.04 254.18
6954432710621-back_camera1-15.jpg 137 1263.39 1137.91 1081.42 981.58 363.95 312.67
6954432710621-back_camera1-14.jpg 137 1265.07 1138.36 1071.72 992.36 386.7 291.99
6954432710621-back_camera1-16.jpg 137 1257.97 1137.76 1078.96 981.26 358.03 312.99
6954432710621-back_camera1-13.jpg 137 1273.39 1136.55 1090.24 995.42 366.31 282.27
6954432710621-back_camera1-18.jpg 137 1247.97 1135.73 1095.39 984.47 305.15 302.52
6954432710621-back_camera1-19.jpg 137 1250.39 1139.83 1126.89 1001.17 247.0 277.31
6954432710621-back_camera1-1.jpg 137 1289.75 1158.59 1147.24 1011.12 285.02 294.94
6954432710621-back_camera1-17.jpg 137 1255.86 1130.47 1092.76 976.58 326.19 307.78
6954432710621-back_camera1-22.jpg 137 1254.27 1145.78 1097.57 998.4 313.4 294.76
6954432710621-back_camera1-21.jpg 137 1257.85 1147.61 1114.27 999.78 287.15 295.65
6954432710621-back_camera1-27.jpg 137 1247.96 1160.72 1063.82 1018.67 368.28 284.1
6954432710621-back_camera1-23.jpg 137 1251.05 1150.72 1078.2 998.49 345.7 304.47
6954432710621-back_camera1-20.jpg 137 1259.26 1139.85 1134.77 1002.81 248.98 274.07
6954432710621-back_camera1-24.jpg 137 1249.62 1150.2 1066.17 996.35 366.89 307.71
6954432710621-back_camera1-25.jpg 137 1247.97 1156.77 1050.67 1000.25 394.59 313.04
6954432710621-back_camera1-26.jpg 137 1247.91 1155.05 1059.32 1009.7 377.19 290.69
6954432710621-back_camera1-28.jpg 137 1246.13 1160.0 1070.11 1038.35 352.04 243.3
6954432710621-back_camera1-29.jpg 137 1247.88 1158.39 1081.42 1048.31 332.92 220.16
6954432710621-back_camera1-2.jpg 137 1289.86 1161.08 1129.39 1003.09 320.94 315.98
6954432710621-back_camera1-31.jpg 137 1261.51 1165.37 1086.17 1043.04 350.68 244.66
6954432710621-back_camera1-30.jpg 137 1259.8 1160.71 1092.76 1037.08 334.08 247.27
6954432710621-back_camera1-33.jpg 137 1260.91 1166.05 1068.18 1017.98 385.46 296.13
6954432710621-back_camera1-34.jpg 137 1264.83 1170.65 1078.5 1012.87 372.65 315.57
6954432710621-back_camera1-32.jpg 137 1263.51 1169.23 1080.59 1032.39 365.84 273.67
6954432710621-back_camera1-35.jpg 137 1264.78 1170.49 1085.36 1013.5 358.84 313.98
6954432710621-back_camera1-36.jpg 137 1267.69 1175.18 1092.76 1008.14 349.87 334.08
6954432710621-back_camera1-3.jpg 137 1290.44 1157.22 1117.85 1000.73 345.19 312.98
6954432710621-back_camera1-37.jpg 137 1270.85 1171.0 1111.2 1013.01 319.29 315.98
6954432710621-back_camera1-4.jpg 137 1287.42 1156.77 1100.65 992.36 373.54 328.82
6954432710621-back_camera1-5.jpg 137 1287.38 1156.11 1101.27 1001.43 372.23 309.36
6954432710621-back_camera1-6.jpg 137 1284.8 1148.31 1097.24 1003.33 375.11 289.96
6954432710621-back_camera1-7.jpg 137 1282.16 1143.62 1098.02 1005.51 368.28 276.21
6954432710621-back_camera1-9.jpg 137 1277.95 1142.77 1113.49 1038.11 328.93 209.32
6954432710621-back_camera2-10.jpg 137 1316.33 863.29 1213.76 718.54 205.14 289.51
6954432710621-back_camera2-12.jpg 137 1316.36 854.25 1179.57 692.47 273.58 323.56
6954432710621-back_camera1-8.jpg 137 1278.95 1144.52 1105.65 1026.94 346.6 235.15
6954432710621-back_camera2-14.jpg 137 1303.93 840.96 1145.94 672.22 315.98 337.48
6954432710621-back_camera2-11.jpg 137 1316.55 858.55 1207.13 710.28 218.84 296.54
6954432710621-back_camera2-13.jpg 137 1309.78 843.73 1163.79 679.32 291.99 328.82
6954432710621-back_camera2-15.jpg 137 1297.13 831.29 1132.69 666.84 328.89 328.89
6954432710621-back_camera2-16.jpg 137 1289.03 831.86 1121.12 670.56 335.83 322.6
6954432710621-back_camera2-17.jpg 137 1287.66 829.46 1121.84 682.67 331.65 293.59
6954432710621-back_camera2-19.jpg 137 1268.36 824.41 1116.16 703.65 304.4 241.53
6954432710621-back_camera2-18.jpg 137 1272.95 831.89 1108.54 695.1 328.82 273.58
6954432710621-back_camera2-23.jpg 137 1244.63 832.26 1082.88 690.33 323.5 283.85
6954432710621-back_camera2-20.jpg 137 1264.9 827.68 1126.26 726.24 277.28 202.89
6954432710621-back_camera2-21.jpg 137 1257.29 828.98 1108.45 716.17 297.67 225.63
6954432710621-back_camera2-24.jpg 137 1237.44 839.78 1069.09 674.06 336.71 331.45
6954432710621-back_camera2-26.jpg 137 1230.46 853.25 1071.88 689.13 317.15 328.25
6954432710621-back_camera2-29.jpg 137 1225.35 871.57 1104.58 716.89 241.53 309.36
6954432710621-back_camera2-28.jpg 137 1225.36 866.02 1092.15 709.03 266.41 313.98
6954432710621-back_camera2-25.jpg 137 1232.18 846.36 1069.09 676.69 326.19 339.34
6954432710621-back_camera2-2.jpg 137 1291.33 907.53 1133.54 779.88 315.57 255.31
6954432710621-back_camera2-31.jpg 137 1231.13 883.98 1114.5 731.78 233.26 304.4
6954432710621-back_camera2-32.jpg 137 1235.55 892.79 1105.06 733.08 260.97 319.42
6954432710621-back_camera2-33.jpg 137 1238.95 896.55 1091.29 727.41 295.33 338.29
6954432710621-back_camera2-34.jpg 137 1244.37 902.17 1081.42 731.78 325.9 340.79
6954432710621-back_camera2-35.jpg 137 1245.3 909.71 1082.87 747.96 324.86 323.5
6954432710621-back_camera2-37.jpg 137 1259.97 910.45 1091.93 758.72 336.07 303.45
6954432710621-back_camera2-39.jpg 137 1274.81 916.03 1124.95 797.89 299.71 236.28
6954432710621-back_camera2-38.jpg 137 1264.22 913.48 1105.0 775.53 318.44 275.9
6954432710621-back_camera2-36.jpg 137 1254.58 912.23 1092.15 753.88 324.86 316.7
6954432710621-back_camera2-3.jpg 137 1299.75 905.89 1134.06 759.76 331.39 292.26
6954432710621-back_camera2-6.jpg 137 1309.78 892.4 1150.63 721.41 318.3 341.98
6954432710621-back_camera2-5.jpg 137 1308.89 896.27 1144.4 731.78 328.98 328.98
6954432710621-back_camera2-4.jpg 137 1306.82 904.18 1141.96 750.97 329.71 306.41
6954432710621-back_camera2-8.jpg 137 1315.93 878.05 1179.67 718.3 272.51 319.5
6954432710621-back_camera2-7.jpg 137 1313.74 884.51 1161.16 713.52 305.15 341.98
6954432710621-back_camera2-9.jpg 137 1316.1 867.53 1196.89 715.5 238.42 304.06
6954432710621-back_camera3-25.jpg 137 1392.32 1411.7 1198.07 1325.28 388.51 172.85
6954432710621-back_camera3-27.jpg 137 1371.97 1408.14 1190.52 1334.74 362.91 146.8
6954432710621-back_camera3-26.jpg 137 1384.91 1409.43 1190.48 1324.89 388.87 169.07
6954432710621-back_camera3-29.jpg 137 1368.23 1408.01 1200.14 1342.2 336.18 131.62
6954432710621-back_camera3-30.jpg 137 1362.74 1408.31 1186.72 1338.31 352.04 140.0
6954432710621-back_camera3-28.jpg 137 1363.71 1404.04 1184.83 1323.81 357.76 160.47
6954432710621-back_camera3-32.jpg 137 1344.58 1413.53 1150.79 1327.94 387.57 171.17
6954432710621-back_camera3-31.jpg 137 1352.99 1409.64 1160.84 1329.1 384.31 161.09
6954432710621-back_camera3-33.jpg 137 1330.83 1418.51 1126.96 1321.18 407.74 194.66
6954432710621-back_camera3-3.jpg 137 1346.61 1444.83 1148.0 1336.97 397.22 215.71
6954432710621-back_camera3-5.jpg 137 1358.21 1450.3 1151.59 1351.85 413.25 196.9
6954432710621-back_camera3-4.jpg 137 1353.18 1447.45 1148.0 1342.23 410.37 210.45
6954432710621-back_camera3-6.jpg 137 1360.81 1449.34 1158.76 1352.97 404.09 192.74
6954432710621-back_camera3-8.jpg 137 1375.55 1443.51 1182.2 1355.38 386.7 176.25
6954432710621_camera0-25.jpg 137 1432.11 1263.32 1229.55 1200.18 405.11 126.27
6954432710621_camera1-11.jpg 137 1265.37 1158.37 1093.54 1044.26 343.66 228.21
6954432710621_camera1-12.jpg 137 1270.67 1160.41 1095.45 1035.13 350.45 250.55
6954432710621_camera1-13.jpg 137 1274.26 1161.35 1089.52 1023.39 369.48 275.92
6954432710621_camera1-15.jpg 137 1279.53 1155.45 1095.39 992.36 368.28 326.19
6954432710621_camera1-17.jpg 137 1276.55 1156.22 1107.4 1000.5 338.29 311.44
6954432710621_camera1-14.jpg 137 1272.96 1158.09 1076.98 1008.14 391.96 299.89
6954432710621_camera1-16.jpg 137 1275.59 1157.67 1107.04 1004.08 337.09 307.19
6954432710621_camera1-18.jpg 137 1277.46 1152.81 1124.43 999.78 306.05 306.05
6954432710621_camera1-20.jpg 137 1285.58 1141.94 1172.99 1013.5 225.18 256.89
6954432710621_camera1-1.jpg 137 1251.91 1144.93 1119.07 1000.25 265.69 289.36
6954432710621_camera1-19.jpg 137 1278.8 1147.33 1144.18 1000.4 269.24 293.85
6954432710621_camera1-22.jpg 137 1287.35 1134.32 1138.29 993.98 298.12 280.68
6954432710621_camera1-23.jpg 137 1286.11 1142.31 1116.44 984.47 339.34 315.67
6954432710621_camera1-24.jpg 137 1281.42 1138.59 1105.79 984.84 351.26 307.5
6954432710621_camera1-21.jpg 137 1289.24 1141.95 1162.83 1006.7 252.82 270.49
6954432710621_camera1-25.jpg 137 1276.9 1133.82 1097.71 984.76 358.38 298.12
6954432710621_camera1-2.jpg 137 1246.85 1150.32 1097.96 998.12 297.78 304.4
6954432710621_camera1-27.jpg 137 1270.34 1126.65 1088.88 993.45 362.91 266.41
6954432710621_camera1-28.jpg 137 1262.36 1126.37 1090.75 1010.55 343.22 231.63
6954432710621_camera1-29.jpg 137 1259.26 1126.34 1096.31 1022.94 325.9 206.79
6954432710621_camera1-30.jpg 137 1262.43 1123.89 1098.02 1016.04 328.82 215.71
6954432710621_camera1-31.jpg 137 1264.65 1130.4 1097.35 1014.64 334.6 231.52
6954432710621_camera1-32.jpg 137 1255.95 1132.12 1071.49 996.47 368.92 271.31
6954432710621_camera1-33.jpg 137 1254.51 1130.57 1073.06 998.04 362.91 265.05
6954432710621_camera1-36.jpg 137 1238.58 1138.74 1054.95 979.93 367.26 317.63
6954432710621_camera1-35.jpg 137 1251.91 1143.62 1069.09 976.58 365.65 334.08
6954432710621_camera1-34.jpg 137 1249.47 1132.88 1068.69 986.77 361.55 292.23
6954432710621_camera1-38.jpg 137 1236.24 1142.53 1081.86 990.83 308.76 303.39
6954432710621_camera1-37.jpg 137 1242.22 1137.76 1074.46 983.51 335.51 308.49
6954432710621_camera1-39.jpg 137 1236.62 1138.98 1105.79 998.64 261.65 280.68
6954432710621_camera1-3.jpg 137 1248.62 1155.05 1083.43 996.94 330.39 316.21
6954432710621_camera1-40.jpg 137 1238.01 1145.46 1122.19 1011.05 231.63 268.83
6954432710621_camera1-4.jpg 137 1247.21 1159.31 1066.41 998.36 361.59 321.89
6954432710621_camera1-6.jpg 137 1247.91 1156.87 1064.41 1008.71 366.99 296.31
6954432710621_camera1-5.jpg 137 1249.03 1160.22 1066.11 1001.6 365.84 317.23
6954432710621_camera1-7.jpg 137 1251.44 1158.99 1063.5 1016.69 375.88 284.59
6954432710621_camera1-9.jpg 137 1256.77 1158.6 1088.03 1041.14 337.48 234.92
6954432710621_camera1-8.jpg 137 1251.38 1156.56 1074.57 1027.32 353.63 258.48
6954432710621_camera2-15.jpg 137 1288.87 858.12 1124.21 694.39 329.31 327.46
6954432710621_camera2-14.jpg 137 1291.52 865.77 1134.36 697.03 314.32 337.49
6954432710621_camera2-17.jpg 137 1283.48 855.58 1111.17 703.0 344.61 305.15
6954432710621_camera2-16.jpg 137 1283.79 856.42 1121.37 702.15 324.85 308.54
6954432710621_camera2-18.jpg 137 1277.69 855.83 1116.62 719.9 322.14 271.85
6954432710621_camera2-24.jpg 137 1260.91 855.02 1089.69 695.38 342.45 319.29
6954432710621_camera2-25.jpg 137 1267.69 859.51 1105.91 692.47 323.56 334.08
6954432710621_camera2-33.jpg 137 1256.72 877.96 1114.0 716.02 285.44 323.88
6954432710621_camera2-8.jpg 137 1286.2 878.54 1145.82 713.34 280.76 330.39
6954432710621_camera2-7.jpg 137 1284.9 878.18 1134.36 710.27 301.09 335.83
6954432710621_camera3-24.jpg 137 1397.9 1425.1 1195.35 1331.71 405.11 186.77
6954432710621_camera3-25.jpg 137 1392.45 1424.76 1191.09 1332.71 402.73 184.1
6954432710621_camera3-23.jpg 137 1401.06 1426.59 1211.05 1331.59 380.02 190.01
6954432710621_camera3-26.jpg 137 1386.02 1422.04 1192.56 1337.99 386.93 168.09
6954432710621_camera3-27.jpg 137 1380.81 1419.84 1182.2 1331.71 397.22 176.25
6954432710621_camera3-28.jpg 137 1374.24 1417.49 1198.88 1345.53 350.72 143.93
6954432710621_camera3-29.jpg 137 1380.85 1418.37 1206.87 1349.05 347.96 138.64
6954432710621_camera3-30.jpg 137 1375.54 1415.89 1184.83 1331.71 381.43 168.36
6954432710621_camera3-31.jpg 137 1370.1 1424.11 1175.71 1335.61 388.77 177.01
