6907992632483-back_camera1-13.jpg 149 1307.12 1187.01 1008.93 883.97 596.38 606.08
6907992632483-back_camera1-14.jpg 149 1314.13 1179.0 987.28 881.22 653.7 595.56
6907992632483-back_camera1-24.jpg 149 1279.07 1128.53 925.51 897.29 707.12 462.49
6907992632483-back_camera1-27.jpg 149 1253.76 1121.64 976.18 863.45 555.17 516.38
6907992632483-back_camera1-25.jpg 149 1272.83 1126.1 939.14 883.48 667.38 485.24
6907992632483-back_camera1-26.jpg 149 1258.51 1119.1 951.09 868.48 614.83 501.23
6907992632483-back_camera1-23.jpg 149 1288.42 1130.35 921.75 918.22 733.35 424.25
6907992632483-back_camera1-2.jpg 149 1224.35 1162.43 857.17 945.24 734.36 434.39
6907992632483-back_camera1-4.jpg 149 1212.35 1173.76 847.43 889.77 729.84 567.97
6907992632483-back_camera1-5.jpg 149 1219.9 1192.19 873.91 899.37 691.99 585.64
6907992632483-back_camera1-3.jpg 149 1218.51 1176.83 850.61 918.35 735.79 516.96
6907992632483-back_camera1-6.jpg 149 1225.13 1192.93 921.27 891.19 607.73 603.47
6907992632483-back_camera2-12.jpg 149 1305.36 851.44 979.49 631.35 651.74 440.18
6907992632483-back_camera2-14.jpg 149 1298.85 837.88 981.26 563.93 635.17 547.89
6907992632483-back_camera2-19.jpg 149 1270.4 835.05 1093.77 528.0 353.27 614.09
6907992632483-back_camera2-13.jpg 149 1302.86 844.98 974.69 594.95 656.33 500.06
6907992632483-back_camera2-17.jpg 149 1281.92 828.72 1030.6 513.49 502.65 630.45
6907992632483-back_camera2-16.jpg 149 1289.72 831.05 1006.61 524.83 566.21 612.44
6907992632483-back_camera2-15.jpg 149 1293.38 836.0 986.91 540.7 612.93 590.6
6907992632483-back_camera2-18.jpg 149 1276.33 834.07 1060.89 522.81 430.87 622.53
6907992632483-back_camera2-1.jpg 149 1288.55 908.75 1109.05 591.6 358.99 634.3
6907992632483-back_camera2-22.jpg 149 1246.64 845.05 1021.73 521.49 449.83 647.12
6907992632483-back_camera2-23.jpg 149 1247.74 842.22 993.1 520.13 509.27 644.18
6907992632483-back_camera2-2.jpg 149 1296.13 908.23 1076.04 580.23 440.18 656.0
6907992632483-back_camera2-24.jpg 149 1242.6 846.12 963.4 530.97 558.4 630.29
6907992632483-back_camera2-32.jpg 149 1239.95 891.11 914.44 663.74 651.03 454.73
6907992632483-back_camera2-34.jpg 149 1246.89 905.7 928.15 627.74 637.48 555.92
6907992632483-back_camera2-31.jpg 149 1238.07 885.53 922.93 698.54 630.29 373.98
6907992632483-back_camera2-35.jpg 149 1251.4 910.37 946.83 608.63 609.15 603.47
6907992632483-back_camera2-33.jpg 149 1238.69 897.14 909.54 640.31 658.31 513.67
6907992632483-back_camera2-36.jpg 149 1254.54 910.81 966.49 595.14 576.1 631.34
6907992632483-back_camera2-4.jpg 149 1309.81 898.52 1026.0 577.65 567.61 641.75
6907992632483-back_camera2-3.jpg 149 1305.78 902.33 1039.37 578.83 532.82 646.99
6907992632483-back_camera2-5.jpg 149 1313.47 896.1 1014.89 594.52 597.17 603.16
6907992632483-back_camera2-8.jpg 149 1314.86 877.32 997.11 660.1 635.5 434.43
6907992632483-back_camera2-7.jpg 149 1316.49 882.49 996.83 632.11 639.32 500.76
6907992632483-back_camera2-6.jpg 149 1314.71 889.65 999.96 619.63 629.5 540.04
