6907376820598_camera0-10.jpg 164 1414.0 893.63 1291.4 652.59 245.2 482.09
6907376820598_camera0-16.jpg 164 1423.56 895.78 1318.63 654.68 209.85 482.2
6907376820598_camera0-15.jpg 164 1418.95 892.39 1303.21 645.12 231.49 494.55
6907376820598_camera0-1.jpg 164 1414.02 894.4 1345.38 657.22 137.28 474.37
6907376820598_camera0-14.jpg 164 1419.46 891.21 1308.55 652.42 221.82 477.59
6907376820598_camera0-25.jpg 164 1442.59 894.33 1339.9 653.23 205.38 482.2
6907376820598_camera0-19.jpg 164 1433.32 895.92 1349.05 656.02 168.54 479.81
6907376820598_camera0-11.jpg 164 1414.91 893.63 1292.59 653.22 244.65 480.82
6907376820598_camera0-12.jpg 164 1419.9 892.14 1293.17 647.8 253.46 488.69
6907376820598_camera0-17.jpg 164 1427.0 897.15 1328.55 654.93 196.9 484.44
6907376820598_camera0-24.jpg 164 1444.52 893.68 1348.44 647.07 192.16 493.21
6907376820598_camera0-13.jpg 164 1418.44 890.81 1298.24 648.98 240.41 483.65
6907376820598_camera0-18.jpg 164 1429.37 896.76 1338.21 656.11 182.31 481.31
6907376820598_camera0-20.jpg 164 1432.11 895.02 1347.93 642.49 168.36 505.07
6907376820598_camera0-26.jpg 164 1446.57 895.02 1329.51 647.75 234.12 494.55
6907376820598_camera0-27.jpg 164 1442.84 893.88 1331.38 657.38 222.91 473.01
6907376820598_camera0-31.jpg 164 1437.37 895.02 1313.73 647.75 247.27 494.55
6907376820598_camera0-28.jpg 164 1443.58 893.97 1326.77 655.27 233.62 477.4
6907376820598_camera0-2.jpg 164 1421.59 896.34 1340.04 650.38 163.1 491.92
6907376820598_camera0-33.jpg 164 1430.37 888.18 1310.97 653.63 238.79 469.1
6907376820598_camera0-29.jpg 164 1440.76 894.02 1322.51 656.16 236.51 475.73
6907376820598_camera0-30.jpg 164 1441.34 893.64 1320.34 655.67 241.99 475.95
6907376820598_camera0-35.jpg 164 1429.47 893.71 1318.99 647.75 220.97 491.92
6907376820598_camera0-34.jpg 164 1431.58 887.57 1317.03 651.2 229.1 472.74
6907376820598_camera0-38.jpg 164 1421.77 891.16 1336.82 653.3 169.9 475.73
6907376820598_camera0-39.jpg 164 1417.64 893.71 1332.14 642.49 170.99 502.44
6907376820598_camera0-37.jpg 164 1422.89 893.71 1321.62 647.75 202.55 491.92
6907376820598_camera0-36.jpg 164 1425.38 892.44 1324.19 653.34 202.37 478.19
6907376820598_camera0-40.jpg 164 1418.37 891.16 1346.33 653.3 144.08 475.73
6907376820598_camera0-6.jpg 164 1407.11 897.65 1287.42 653.01 239.38 489.29
6907376820598_camera0-5.jpg 164 1411.58 894.57 1316.43 657.38 190.29 474.37
6907376820598_camera0-9.jpg 164 1411.06 891.08 1269.01 642.49 284.1 497.18
6907376820598_camera0-7.jpg 164 1413.61 893.2 1308.27 657.38 210.68 471.65
6907376820598_camera0-8.jpg 164 1413.68 900.28 1292.68 653.01 242.01 494.55
6907376820598_camera1-21.jpg 164 1253.22 1020.1 1181.57 812.72 143.3 414.76
6907376820598_camera1-27.jpg 164 1257.7 1015.44 1141.38 817.63 232.63 395.63
6907376820598_camera1-28.jpg 164 1262.18 1015.08 1147.63 820.45 229.1 389.25
6907376820598_camera1-38.jpg 164 1276.27 1018.84 1202.36 810.89 147.83 415.89
6907376820598_camera3-12.jpg 164 1371.31 1233.82 1252.45 984.5 237.72 498.63
6907376820598_camera3-11.jpg 164 1374.18 1229.08 1256.78 986.47 234.81 485.21
6907376820598_camera3-27.jpg 164 1379.67 1235.12 1259.89 991.11 239.56 488.03
6907376820598_camera3-31.jpg 164 1383.88 1237.6 1272.43 993.62 222.91 487.96
6907376820598_camera3-34.jpg 164 1383.44 1234.38 1266.38 981.84 234.12 505.07
6907376820598_camera3-33.jpg 164 1384.76 1238.32 1271.64 987.1 226.23 502.44
6907376820598_camera3-32.jpg 164 1384.88 1236.38 1276.25 992.96 217.25 486.83
6907376820598_camera3-8.jpg 164 1380.52 1229.08 1261.5 985.68 238.04 486.8
