6940477401396-back_camera0-18.jpg 173 1554.34 1195.31 1127.05 1041.37 854.57 307.89
6940477401396-back_camera0-19.jpg 173 1550.89 1189.59 1086.63 1042.92 928.51 293.34
6940477401396-back_camera0-24.jpg 173 1470.14 1175.01 973.35 1056.76 993.59 236.51
6940477401396-back_camera0-20.jpg 173 1544.05 1186.53 1058.8 1050.22 970.49 272.62
6940477401396-back_camera0-23.jpg 173 1490.47 1173.69 980.66 1051.37 1019.63 244.65
6940477401396-back_camera0-28.jpg 173 1354.63 1188.73 953.85 1054.75 801.56 267.96
6940477401396-back_camera0-25.jpg 173 1438.78 1181.32 950.88 1053.34 975.79 255.97
6940477401396-back_camera0-30.jpg 173 1315.83 1195.68 1010.0 1052.28 611.65 286.8
6940477401396-back_camera0-29.jpg 173 1331.66 1190.03 969.83 1045.78 723.66 288.49
6940477401396_camera0-40.jpg 173 1401.65 1077.81 879.11 997.2 1045.08 161.22
6940477401396_camera1-14.jpg 173 1318.03 1271.49 957.42 915.11 721.23 712.75
6940477401396_camera1-10.jpg 173 1216.2 1294.94 1071.89 892.55 288.61 804.78
6940477401396_camera1-12.jpg 173 1288.24 1294.84 1040.03 904.17 496.43 781.34
6940477401396_camera1-13.jpg 173 1304.62 1284.41 995.3 908.24 618.65 752.35
6940477401396_camera1-15.jpg 173 1337.94 1259.99 934.63 939.01 806.63 641.97
6940477401396_camera1-16.jpg 173 1346.32 1241.08 905.09 953.8 882.45 574.56
6940477401396_camera1-19.jpg 173 1370.64 1192.68 884.04 1044.53 973.21 296.31
6940477401396_camera1-17.jpg 173 1358.18 1221.88 889.08 975.21 938.21 493.35
6940477401396_camera1-18.jpg 173 1363.72 1207.49 880.06 1008.48 967.32 398.03
6940477401396_camera1-21.jpg 173 1370.58 1172.87 898.64 1029.1 943.87 287.54
6940477401396_camera1-22.jpg 173 1357.52 1168.01 898.7 980.23 917.63 375.56
6940477401396_camera1-20.jpg 173 1374.74 1177.37 892.51 1075.55 964.47 203.64
6940477401396_camera1-23.jpg 173 1343.7 1162.15 900.61 933.67 886.18 456.96
6940477401396_camera1-30.jpg 173 1288.63 1107.76 1149.34 757.05 278.59 701.43
6940477401396_camera1-27.jpg 173 1293.29 1134.03 999.74 793.01 587.09 682.05
6940477401396_camera1-24.jpg 173 1327.83 1155.88 914.53 882.83 826.59 546.11
6940477401396_camera1-32.jpg 173 1285.05 1113.42 1045.0 764.59 480.1 697.66
6940477401396_camera1-33.jpg 173 1271.89 1119.97 982.49 780.62 578.8 678.71
6940477401396_camera1-25.jpg 173 1319.66 1147.86 937.83 852.29 763.66 591.13
6940477401396_camera1-28.jpg 173 1287.98 1126.95 1047.1 773.05 481.76 707.8
6940477401396_camera1-26.jpg 173 1303.56 1140.92 961.21 815.07 684.7 651.7
6940477401396_camera1-37.jpg 173 1195.17 1119.5 758.56 890.09 873.23 458.81
6940477401396_camera1-31.jpg 173 1295.21 1114.71 1112.06 761.88 366.31 705.67
6940477401396_camera1-35.jpg 173 1238.56 1119.13 861.15 824.18 754.82 589.9
6940477401396_camera1-39.jpg 173 1151.09 1127.29 686.74 981.29 928.69 292.0
6940477401396_camera1-5.jpg 173 1134.85 1215.7 720.96 908.06 827.77 615.28
6940477401396_camera1-4.jpg 173 1130.62 1183.51 670.51 931.69 920.21 503.64
6940477401396_camera1-38.jpg 173 1174.99 1122.86 722.37 934.6 905.24 376.51
6940477401396_camera1-8.jpg 173 1168.81 1275.06 901.17 888.7 535.28 772.71
6940477401396_camera2-10.jpg 173 1381.57 902.42 960.68 781.24 841.78 242.36
6940477401396_camera2-14.jpg 173 1360.66 854.24 977.28 554.2 766.76 600.08
6940477401396_camera1-6.jpg 173 1145.48 1238.62 772.69 899.13 745.57 678.97
6940477401396_camera2-13.jpg 173 1368.5 866.46 964.28 611.22 808.44 510.48
6940477401396_camera2-17.jpg 173 1333.03 815.14 1058.55 421.05 548.95 788.18
6940477401396_camera2-20.jpg 173 1299.91 778.93 1182.43 363.59 234.96 830.68
6940477401396_camera2-26.jpg 173 1224.7 808.0 856.65 493.09 736.1 629.82
6940477401396_camera2-24.jpg 173 1256.59 795.78 960.58 417.45 592.02 756.67
6940477401396_camera2-15.jpg 173 1352.62 840.2 997.36 503.7 710.51 673.0
6940477401396_camera2-16.jpg 173 1344.72 826.47 1025.28 456.3 638.89 740.33
6940477401396_camera2-19.jpg 173 1311.63 791.21 1134.1 370.68 355.06 841.06
6940477401396_camera2-1.jpg 173 1252.45 982.59 1131.58 559.54 241.74 846.09
6940477401396_camera2-21.jpg 173 1293.89 777.04 1142.19 358.92 303.41 836.23
6940477401396_camera2-27.jpg 173 1212.13 819.17 819.92 548.14 784.42 542.07
6940477401396_camera2-23.jpg 173 1270.78 789.17 1020.0 388.88 501.55 800.58
6940477401396_camera2-25.jpg 173 1241.71 801.43 905.3 454.15 672.82 694.56
6940477401396_camera2-28.jpg 173 1199.95 826.0 789.84 603.02 820.21 445.97
6940477401396_camera2-36.jpg 173 1203.59 929.51 888.02 555.27 631.13 748.48
6940477401396_camera2-32.jpg 173 1175.92 871.72 755.2 664.54 841.44 414.36
6940477401396_camera2-38.jpg 173 1221.79 964.4 995.16 549.06 453.26 830.68
6940477401396_camera2-33.jpg 173 1179.87 887.08 770.7 631.35 818.34 511.46
6940477401396_camera2-37.jpg 173 1211.68 943.49 936.94 552.2 549.47 782.57
6940477401396_camera2-34.jpg 173 1186.56 901.56 803.7 601.0 765.72 601.12
6940477401396_camera2-40.jpg 173 1249.47 985.11 1135.3 565.67 228.35 838.87
6940477401396_camera2-35.jpg 173 1194.1 914.5 841.66 574.09 704.87 680.82
6940477401396_camera2-4.jpg 173 1292.63 976.05 1013.8 576.78 557.66 798.54
6940477401396_camera2-9.jpg 173 1370.78 914.97 948.96 737.36 843.63 355.21
6940477401396_camera2-6.jpg 173 1331.26 950.97 958.61 630.65 745.31 640.65
6940477401396_camera2-7.jpg 173 1344.87 939.48 948.96 657.34 791.82 564.27
6940477401396_camera2-5.jpg 173 1314.92 959.47 979.1 599.54 671.64 719.86
6940477401396_camera3-10.jpg 173 1396.98 1511.62 1188.45 1261.86 417.06 499.52
6940477401396_camera3-24.jpg 173 1428.5 1456.47 1016.47 1289.26 824.06 334.42
6940477401396_camera3-22.jpg 173 1462.57 1452.88 975.85 1310.99 973.43 283.78
6940477401396_camera3-21.jpg 173 1483.5 1446.42 981.92 1325.18 1003.16 242.48
6940477401396_camera3-23.jpg 173 1445.55 1459.85 994.97 1309.83 901.16 300.04
6940477401396_camera3-26.jpg 173 1399.99 1452.78 1086.51 1259.74 626.95 386.07
6940477401396_camera3-28.jpg 173 1389.87 1438.81 1202.49 1243.65 374.76 390.31
6940477401396_camera3-20.jpg 173 1501.66 1444.69 984.7 1344.79 1033.92 199.81
6940477401396_camera3-25.jpg 173 1416.73 1454.6 1051.87 1272.88 729.72 363.44
6940477401396_camera3-32.jpg 173 1404.26 1438.52 1074.75 1247.61 659.01 381.83
6940477401396_camera3-27.jpg 173 1396.61 1448.56 1146.12 1254.58 500.97 387.96
6940477401396_camera3-29.jpg 173 1419.29 1437.36 1262.5 1245.67 313.58 383.38
6940477401396_camera3-30.jpg 173 1430.28 1437.19 1220.58 1240.22 419.41 393.95
6940477401396_camera3-31.jpg 173 1420.45 1441.67 1152.19 1249.98 536.53 383.38
6940477401396_camera3-35.jpg 173 1347.12 1426.22 903.1 1266.85 888.03 318.74
6940477401396_camera3-34.jpg 173 1369.47 1433.59 957.96 1263.25 823.02 340.67
6940477401396_camera3-37.jpg 173 1293.82 1416.61 802.15 1281.32 983.33 270.58
6940477401396_camera3-36.jpg 173 1318.48 1423.52 842.61 1278.57 951.74 289.91
6940477401396_camera3-33.jpg 173 1388.54 1435.43 1020.19 1254.65 736.7 361.55
6940477401396_camera3-38.jpg 173 1267.54 1416.21 761.97 1305.19 1011.14 222.03
6940477401396_camera3-39.jpg 173 1255.14 1408.9 731.9 1312.28 1046.49 193.25
6940477401396_camera3-40.jpg 173 1243.44 1412.26 714.59 1304.43 1057.7 215.66
6940477401396_camera3-9.jpg 173 1340.89 1508.77 1170.21 1257.12 341.36 503.3
6940477401396~B_camera0-11.jpg 173 1082.85 1103.78 776.28 992.92 613.14 221.72
6940477401396~B_camera0-2.jpg 173 1198.21 1089.36 742.39 1010.54 911.65 157.64
6940477401396~B_camera0-19.jpg 173 1145.81 1100.67 792.49 996.6 706.64 208.14
6940477401396~B_camera0-22.jpg 173 1099.38 1090.49 667.27 1008.98 864.23 163.01
6940477401396~B_camera0-18.jpg 173 1152.97 1103.23 840.58 993.91 624.78 218.65
6940477401396~B_camera0-24.jpg 173 1074.52 1080.5 611.31 1014.06 926.42 132.88
6940477401396~B_camera0-20.jpg 173 1134.26 1096.91 747.28 998.51 773.95 196.81
6940477401396~B_camera0-8.jpg 173 1118.99 1097.47 712.11 1003.96 813.77 187.02
6940477401396~B_camera0-7.jpg 173 1138.24 1093.74 711.67 1009.01 853.15 169.46
6940477401396~B_camera1-10.jpg 173 1135.44 728.89 866.74 506.54 537.41 444.7
6940477401396~B_camera0-9.jpg 173 1102.25 1100.63 721.64 1000.19 761.22 200.88
6940477401396~B_camera0-26.jpg 173 1058.28 1089.63 590.34 1001.44 935.87 176.39
6940477401396~B_camera1-24.jpg 173 1106.31 715.21 739.09 622.65 734.44 185.13
6940477401396~B_camera1-18.jpg 173 1151.35 732.67 889.21 516.51 524.27 432.32
6940477401396~B_camera1-12.jpg 173 1126.45 728.13 935.58 488.01 381.75 480.25
6940477401396~B_camera1-2.jpg 173 1197.99 726.91 835.26 609.56 725.47 234.7
6940477401396~B_camera1-16.jpg 173 1156.1 731.43 974.08 492.38 364.03 478.1
6940477401396~B_camera1-22.jpg 173 1119.63 726.97 766.66 610.42 705.95 233.11
6940477401396~B_camera1-3.jpg 173 1196.53 720.6 826.66 636.45 739.73 168.3
6940477401396~B_camera1-11.jpg 173 1130.35 729.1 898.01 495.41 464.68 467.38
6940477401396~B_camera1-28.jpg 173 1107.38 748.28 775.75 545.16 663.25 406.25
6940477401396~B_camera1-26.jpg 173 1105.76 729.16 740.64 577.46 730.25 303.4
6940477401396~B_camera1-4.jpg 173 1194.64 719.64 825.86 646.27 737.56 146.75
6940477401396~B_camera1-9.jpg 173 1143.68 728.0 845.23 521.68 596.9 412.64
6940477401396~B_camera1-5.jpg 173 1191.4 719.8 831.07 616.15 720.67 207.3
6940477401396~B_camera2-16.jpg 173 753.6 887.19 556.36 449.82 394.48 874.74
6940477401396~B_camera2-23.jpg 173 780.34 835.33 336.08 638.37 888.52 393.92
6940477401396~B_camera2-8.jpg 173 701.43 867.53 279.58 575.88 843.71 583.3
6940477401396~B_camera1-17.jpg 173 1155.0 732.75 931.22 503.16 447.56 459.19
6940477401396~B_camera3-11.jpg 173 1002.54 917.99 723.35 723.84 558.38 388.29
6940477401396~B_camera1-6.jpg 173 1178.12 721.44 823.67 587.6 708.91 267.68
6940477401396~B_camera2-15.jpg 173 752.53 895.65 613.12 457.19 278.82 876.93
6940477401396~B_camera3-16.jpg 173 1057.45 918.71 846.28 721.78 422.35 393.86
6940477401396~B_camera3-12.jpg 173 1000.09 917.05 768.52 718.6 463.14 396.89
6940477401396~B_camera2-34.jpg 173 737.96 785.31 600.11 348.41 275.69 873.8
6940477401396~B_camera3-18.jpg 173 1053.17 916.86 748.72 739.97 608.91 353.77
6940477401396~B_camera3-10.jpg 173 1007.53 917.12 687.32 731.84 640.42 370.56
6940477401396~B_camera3-2.jpg 173 1097.06 893.75 665.73 794.85 862.65 197.8
6940477401396~B_camera2-26.jpg 173 777.68 835.56 331.88 637.99 891.6 395.14
6940477401396~B_camera1-8.jpg 173 1154.26 725.84 830.62 539.99 647.29 371.69
6940477401396~B_camera3-26.jpg 173 974.28 897.45 535.05 751.88 878.47 291.15
6940477401396~B_camera3-21.jpg 173 1021.28 897.43 623.3 769.43 795.96 256.0
6940477401396~B_camera3-23.jpg 173 988.11 881.77 562.65 795.32 850.91 172.9
6940477401396~B_camera3-15.jpg 173 1054.72 917.65 897.62 716.85 314.21 401.6
6940477401396~B_camera3-20.jpg 173 1034.86 905.46 660.53 758.66 748.66 293.6
6940477401396~B_camera3-24.jpg 173 984.06 880.99 545.77 784.1 876.57 193.78
6940477401396~B_camera3-19.jpg 173 1045.31 911.76 701.95 749.11 686.71 325.3
6940477401396~B_camera3-31.jpg 173 983.67 943.51 699.36 708.58 568.63 469.86
6940477401396~B_camera3-7.jpg 173 1046.02 907.1 643.44 770.37 805.16 273.45
6940477401396~B_camera2-35.jpg 173 736.43 788.92 585.66 347.17 301.54 883.51
6940477401396~B_camera3-5.jpg 173 1078.7 896.09 652.3 800.11 852.8 191.96
6940477401396~B_camera3-30.jpg 173 976.27 936.17 647.13 712.83 658.29 446.68
6940477401396~B_camera3-39.jpg 173 1105.29 916.67 737.22 752.06 736.13 329.23
6940477401396~B_camera3-8.jpg 173 1030.53 911.3 647.84 755.09 765.37 312.42
6940477401396~B_camera3-1.jpg 173 1102.01 902.31 688.13 777.3 827.77 250.03
6940477401396~B_camera3-6.jpg 173 1065.14 901.89 649.65 785.34 830.99 233.11
6940477401396~B~back_camera0-29.jpg 173 1147.65 1084.35 742.99 984.95 809.33 198.79
6940477401396~B~back_camera0-27.jpg 173 1152.24 1085.77 825.1 973.19 654.27 225.15
6940477401396~B~back_camera0-35.jpg 173 1100.7 1068.35 641.07 981.04 919.25 174.62
6940477401396~B~back_camera0-37.jpg 173 1093.57 1065.01 686.14 966.62 814.85 196.77
6940477401396~B~back_camera0-33.jpg 173 1112.94 1070.86 641.93 997.96 942.03 145.8
6940477401396~B~back_camera1-32.jpg 173 1135.87 737.03 758.8 683.7 754.13 106.66
6940477401396~B~back_camera1-33.jpg 173 1137.97 729.11 756.19 655.06 763.56 148.1
6940477401396~B_camera1-25.jpg 173 1106.58 722.97 736.35 599.74 740.46 246.45
6940477401396~B_camera0-21.jpg 173 1118.87 1093.89 705.43 1004.29 826.87 179.21
6940477401396~B_camera2-18.jpg 173 759.72 868.74 458.79 462.55 601.85 812.38
6940477401396~B_camera1-15.jpg 173 1155.0 728.81 1018.08 485.43 273.83 486.76
6940477401396~B_camera1-21.jpg 173 1130.65 728.94 790.81 582.42 679.69 293.05
6940477401396~B_camera3-22.jpg 173 1004.44 890.02 590.62 782.43 827.65 215.19
6940477401396~B_camera0-5.jpg 173 1171.35 1085.63 715.72 1017.63 911.25 136.01
6940477401396~B_camera2-14.jpg 173 749.52 895.03 598.15 455.24 302.75 879.57
6940477401396~B~back_camera0-30.jpg 173 1139.33 1082.89 709.96 991.37 858.73 183.05
6940477401396~B~back_camera0-34.jpg 173 1106.97 1070.05 636.77 989.45 940.41 161.19
6940477401396~B_camera1-23.jpg 173 1109.76 719.72 751.7 629.62 716.12 180.2
6940477401396~B~back_camera1-31.jpg 173 1135.4 735.92 767.66 649.15 735.49 173.54
6940477401396~B_camera2-11.jpg 173 726.96 883.77 411.79 480.7 630.33 806.14
6940477401396~B~back_camera1-30.jpg 173 1140.82 733.73 783.75 614.78 714.14 237.9
6940477401396~B_camera3-40.jpg 173 1103.73 907.48 704.69 767.71 798.07 279.54
6940477401396~B~back_camera0-28.jpg 173 1152.92 1085.45 782.45 979.87 740.94 211.17
6940477401396~B~back_camera0-36.jpg 173 1095.72 1067.13 657.13 973.58 877.18 187.11
6940477401396~B_camera2-27.jpg 173 770.73 831.44 335.91 581.4 869.63 500.08
6940477401396~B_camera3-3.jpg 173 1091.23 888.64 652.68 813.97 877.11 149.35
6940477401396~B_camera3-27.jpg 173 971.84 907.15 547.46 738.34 848.75 337.63
6940477401396~B_camera3-25.jpg 173 978.61 888.98 534.51 767.58 888.2 242.79
6940477401396~B_camera2-33.jpg 173 741.82 793.13 542.98 356.78 397.68 872.71
6940477401396~B_camera3-9.jpg 173 1017.35 914.77 661.27 742.36 712.15 344.82
6940477401396~B_camera3-17.jpg 173 1057.64 918.23 797.16 729.2 520.96 378.05
6940477401396~B_camera3-37.jpg 173 1094.75 935.86 811.2 728.68 567.1 414.36
6940477401396~B~back_camera0-31.jpg 173 1126.35 1079.15 681.44 997.06 889.82 164.19
6940477401396~B~back_camera0-32.jpg 173 1117.17 1076.1 657.35 1002.97 919.64 146.26
6940477401396~B~back_camera0-39.jpg 173 1098.91 1070.17 778.1 955.56 641.63 229.23
6940477401396~B_camera3-38.jpg 173 1100.14 926.94 771.41 740.18 657.46 373.52
6940477401396~B~back_camera3-31.jpg 173 1023.14 900.78 589.69 822.61 866.9 156.35
6940477401396~B_camera0-3.jpg 173 1189.87 1085.25 724.64 1014.84 930.45 140.81
6940477401396~B_camera1-19.jpg 173 1147.5 731.84 853.55 534.61 587.91 394.45
6940477401396~B_camera1-20.jpg 173 1140.1 730.84 820.17 557.11 639.86 347.45
6940477401396~B_camera0-10.jpg 173 1090.75 1098.62 744.19 987.35 693.11 222.54
6940477401396~B_camera1-27.jpg 173 1105.92 738.46 754.26 559.47 703.33 357.98
6940477401396~B_camera1-14.jpg 173 1136.3 723.53 1031.05 482.32 210.51 482.43
6940477401396~B_camera2-9.jpg 173 709.22 872.94 315.72 536.45 786.99 672.97
6940477401396~B~back_camera3-28.jpg 173 1046.11 896.64 680.22 745.63 731.77 302.02
6940477401396~B~back_camera3-30.jpg 173 1033.22 899.38 613.86 794.0 838.73 210.76
6940477401396~B~back_camera3-33.jpg 173 1018.08 885.07 563.82 803.44 908.52 163.26
6940477401396~B~back_camera3-34.jpg 173 1015.39 875.61 565.27 774.36 900.24 202.5
6940477401396~B~back_camera3-29.jpg 173 1042.32 898.48 645.8 768.59 793.05 259.78
