6953631801604-back_camera0-10.jpg 176 1402.39 1142.41 1118.4 942.61 567.97 399.61
6953631801604-back_camera0-15.jpg 176 1429.47 1146.25 1079.61 945.01 699.73 402.48
6953631801604-back_camera0-14.jpg 176 1438.68 1139.67 1111.17 931.86 655.01 415.63
6953631801604-back_camera0-18.jpg 176 1403.02 1143.38 1032.61 941.1 740.82 404.56
6953631801604-back_camera0-17.jpg 176 1396.59 1137.05 1016.47 934.49 760.24 405.11
6953631801604-back_camera0-19.jpg 176 1385.62 1136.0 1025.79 943.59 719.67 384.81
6953631801604-back_camera0-20.jpg 176 1371.61 1135.73 1027.0 937.12 689.21 397.22
6953631801604-back_camera0-1.jpg 176 1419.56 1145.45 1076.57 946.55 685.98 397.8
6953631801604-back_camera0-16.jpg 176 1421.7 1146.26 1064.49 952.01 714.43 388.51
6953631801604-back_camera0-21.jpg 176 1376.75 1136.82 1040.49 941.1 672.52 391.43
6953631801604-back_camera0-23.jpg 176 1396.59 1133.1 1050.67 934.49 691.84 397.22
6953631801604-back_camera0-22.jpg 176 1395.27 1139.67 1058.56 939.75 673.43 399.85
6953631801604-back_camera0-24.jpg 176 1394.72 1142.26 1033.04 952.63 723.37 379.26
6953631801604-back_camera0-25.jpg 176 1384.63 1143.39 1011.59 938.48 746.08 409.82
6953631801604-back_camera0-27.jpg 176 1375.45 1146.62 1018.39 948.67 714.12 395.91
6953631801604-back_camera0-2.jpg 176 1445.05 1140.76 1108.79 943.73 672.52 394.05
6953631801604-back_camera0-34.jpg 176 1423.25 1155.15 1092.79 946.85 660.92 416.6
6953631801604-back_camera0-35.jpg 176 1420.1 1154.64 1072.2 949.73 695.79 409.82
6953631801604-back_camera0-36.jpg 176 1418.96 1142.31 1040.15 929.23 757.61 426.15
6953631801604-back_camera0-37.jpg 176 1416.13 1147.53 1043.45 944.82 745.37 405.42
6953631801604-back_camera0-38.jpg 176 1418.95 1147.57 1037.52 945.01 762.87 405.11
6953631801604-back_camera0-39.jpg 176 1405.64 1149.95 1037.86 948.98 735.57 401.94
6953631801604-back_camera0-40.jpg 176 1410.34 1148.38 1059.97 948.36 700.74 400.04
6953631801604-back_camera0-8.jpg 176 1409.84 1143.39 1068.81 945.9 682.05 394.99
6953631801604-back_camera0-9.jpg 176 1409.12 1140.51 1093.99 945.18 630.25 390.67
6953631801604-back_camera1-15.jpg 176 1288.75 1061.95 938.04 717.81 701.42 688.28
6953631801604-back_camera1-17.jpg 176 1266.38 1056.8 916.51 731.93 699.73 649.75
6953631801604-back_camera1-20.jpg 176 1243.34 1047.68 923.59 792.11 639.49 511.14
6953631801604-back_camera1-18.jpg 176 1262.43 1054.18 908.62 750.35 707.63 607.66
6953631801604-back_camera1-19.jpg 176 1245.34 1052.86 905.99 771.39 678.69 562.94
6953631801604-back_camera1-22.jpg 176 1262.43 1048.92 932.29 763.5 660.28 570.84
6953631801604-back_camera1-26.jpg 176 1241.12 1075.76 897.39 723.22 687.45 705.08
6953631801604-back_camera1-23.jpg 176 1259.8 1056.82 911.25 745.09 697.1 623.45
6953631801604-back_camera1-27.jpg 176 1233.57 1080.8 904.95 728.26 657.23 705.08
6953631801604-back_camera3-12.jpg 176 1406.96 1251.09 1085.15 993.64 643.62 514.9
6953631801604-back_camera3-10.jpg 176 1427.65 1237.36 1162.97 993.04 529.36 488.64
6953631801604-back_camera3-14.jpg 176 1379.62 1250.77 1028.34 1005.25 702.56 491.04
6953631801604-back_camera3-11.jpg 176 1408.42 1240.95 1108.54 987.1 599.77 507.7
6953631801604-back_camera3-13.jpg 176 1391.2 1256.35 1043.12 998.9 696.16 514.9
6953631801604-back_camera3-16.jpg 176 1350.65 1249.51 995.6 1020.36 710.11 458.3
6953631801604-back_camera3-17.jpg 176 1332.09 1245.84 985.32 1014.66 693.54 462.36
6953631801604-back_camera3-15.jpg 176 1359.77 1244.89 1000.69 1000.25 718.15 489.29
6953631801604-back_camera3-18.jpg 176 1322.96 1245.74 1003.16 1035.47 639.61 420.53
6953631801604-back_camera3-19.jpg 176 1334.72 1247.15 1006.34 1033.05 656.76 428.21
6953631801604-back_camera3-1.jpg 176 1458.41 1256.73 1103.28 1026.56 710.26 460.35
6953631801604-back_camera3-21.jpg 176 1344.2 1267.07 990.25 1019.62 707.9 494.9
6953631801604-back_camera3-20.jpg 176 1353.12 1251.09 1019.48 1022.54 667.27 457.1
6953631801604-back_camera3-22.jpg 176 1348.13 1267.55 990.56 1020.36 715.15 494.37
6953631801604-back_camera3-27.jpg 176 1334.78 1283.03 1032.26 1013.4 605.03 539.27
6953631801604-back_camera3-25.jpg 176 1333.45 1277.78 977.01 1010.77 712.89 534.01
6953631801604-back_camera3-26.jpg 176 1334.72 1282.62 1001.09 1017.29 667.27 530.66
6953631801604-back_camera3-2.jpg 176 1445.09 1255.82 1093.81 1030.44 702.56 450.75
6953631801604-back_camera3-30.jpg 176 1406.96 1287.87 1129.81 1030.42 554.3 514.9
6953631801604-back_camera3-33.jpg 176 1421.58 1285.67 1058.56 1029.19 726.04 512.96
6953631801604-back_camera3-34.jpg 176 1426.62 1286.7 1052.05 1043.68 749.14 486.03
6953631801604-back_camera3-31.jpg 176 1414.85 1286.56 1098.29 1025.17 633.11 522.78
6953631801604-back_camera3-37.jpg 176 1424.03 1270.8 1066.76 1051.44 714.55 438.71
6953631801604-back_camera3-35.jpg 176 1424.94 1282.25 1053.52 1050.58 742.85 463.34
6953631801604-back_camera3-36.jpg 176 1428.33 1276.48 1057.41 1049.91 741.83 453.14
6953631801604-back_camera3-3.jpg 176 1437.17 1258.97 1074.64 1017.29 725.06 483.37
6953631801604-back_camera3-5.jpg 176 1415.01 1254.1 1069.09 1002.88 691.84 502.44
6953631801604-back_camera3-38.jpg 176 1427.46 1260.84 1091.29 1053.1 672.34 415.49
6953631801604-back_camera3-40.jpg 176 1459.5 1253.72 1119.3 1033.05 680.4 441.34
6953631801604-back_camera3-6.jpg 176 1399.22 1248.85 1074.35 987.1 649.75 523.49
6953631801604-back_camera3-4.jpg 176 1426.2 1254.55 1076.18 1007.77 700.04 493.55
6953631801604-back_camera3-7.jpg 176 1393.83 1243.21 1100.91 993.64 585.83 499.14
6953631801604-back_camera3-9.jpg 176 1409.74 1240.95 1155.89 989.73 507.7 502.44
6953631801604-back_camera3-8.jpg 176 1389.69 1243.21 1139.13 1007.77 501.11 470.89
6953631801604_camera0-16.jpg 176 1403.17 966.06 1037.52 763.5 731.3 405.11
6953631801604_camera0-15.jpg 176 1425.35 966.06 1077.27 765.09 696.16 401.94
6953631801604_camera0-19.jpg 176 1365.03 960.8 995.43 755.61 739.19 410.37
6953631801604_camera0-18.jpg 176 1380.87 963.7 1018.26 766.03 725.22 395.35
6953631801604_camera0-17.jpg 176 1399.08 966.06 1029.98 762.46 738.19 407.19
6953631801604_camera0-20.jpg 176 1360.74 956.14 1013.23 760.99 695.01 390.31
6953631801604_camera0-21.jpg 176 1342.66 966.05 1005.95 768.76 673.43 394.59
6953631801604_camera0-1.jpg 176 1492.95 969.27 1149.75 775.29 686.41 387.97
6953631801604_camera0-22.jpg 176 1368.28 958.66 1033.37 766.03 669.82 385.27
6953631801604_camera0-24.jpg 176 1386.07 963.42 1019.1 768.76 733.93 389.33
6953631801604_camera0-25.jpg 176 1374.13 959.5 993.21 759.84 761.84 399.31
6953631801604_camera0-23.jpg 176 1382.13 962.11 1029.63 774.02 705.0 376.17
6953631801604_camera0-27.jpg 176 1368.29 971.27 1003.16 773.59 730.26 395.35
6953631801604_camera0-2.jpg 176 1509.71 958.16 1166.42 763.5 686.58 389.33
6953631801604_camera0-26.jpg 176 1368.28 963.71 990.56 773.59 755.44 380.24
6953631801604_camera0-36.jpg 176 1475.26 980.51 1100.91 770.35 748.7 420.32
6953631801604_camera0-35.jpg 176 1470.01 979.2 1114.05 767.72 711.92 422.95
6953631801604_camera0-37.jpg 176 1474.2 980.52 1090.13 771.39 768.13 418.26
6953631801604_camera0-3.jpg 176 1512.04 956.87 1150.83 765.09 722.43 383.55
6953631801604_camera0-6.jpg 176 1480.77 967.37 1100.65 766.13 760.24 402.48
6953631801604_camera0-39.jpg 176 1476.58 968.69 1103.54 765.09 746.08 407.19
6953631801604_camera0-38.jpg 176 1474.2 973.94 1095.39 774.02 757.61 399.85
6953631801604_camera0-40.jpg 176 1475.27 964.75 1116.68 767.72 717.18 394.05
6953631801604_camera0-4.jpg 176 1495.24 959.48 1111.17 766.13 768.13 386.7
6953631801604_camera0-5.jpg 176 1492.34 962.12 1111.42 767.72 761.84 388.8
6953631801604_camera0-7.jpg 176 1466.3 964.74 1098.02 768.76 736.56 391.96
6953631801604_camera0-8.jpg 176 1450.31 970.0 1103.54 767.72 693.54 404.56
6953631801604_camera1-19.jpg 176 1266.42 1073.77 922.28 778.23 688.28 591.08
6953631801604_camera1-1.jpg 176 1283.93 1068.2 972.94 831.5 621.98 473.41
6953631801604_camera1-29.jpg 176 1249.34 1071.14 972.19 749.33 554.3 643.62
6953631801604_camera1-39.jpg 176 1254.59 1063.26 914.39 788.74 680.4 549.05
6953631801604_camera1-7.jpg 176 1265.04 1088.35 930.13 753.44 669.82 669.82
6953631801604_camera2-10.jpg 176 1177.1 776.91 877.62 533.91 598.96 486.0
6953631801604_camera2-11.jpg 176 1176.01 774.82 887.84 549.3 576.34 451.05
6953631801604_camera2-31.jpg 176 1176.91 793.73 892.36 579.69 569.1 428.08
6953631801604_camera2-30.jpg 176 1171.67 792.43 874.42 560.94 594.51 462.98
6953631801604_camera2-36.jpg 176 1181.03 798.24 852.74 459.3 656.57 677.88
6953631801604_camera3-11.jpg 176 1413.61 1241.96 1141.65 1000.22 543.92 483.48
6953631801604_camera3-13.jpg 176 1388.7 1246.21 1061.19 994.99 655.01 502.44
6953631801604_camera3-14.jpg 176 1371.49 1255.03 1022.1 1001.52 698.79 507.02
6953631801604_camera3-15.jpg 176 1365.76 1257.07 1020.78 1017.84 689.97 478.45
6953631801604_camera3-19.jpg 176 1309.78 1248.84 982.28 1034.45 655.01 428.78
6953631801604_camera3-21.jpg 176 1345.62 1252.03 1018.26 1037.99 654.72 428.08
6953631801604_camera3-22.jpg 176 1339.97 1262.91 982.7 1030.42 714.55 464.98
6953631801604_camera3-29.jpg 176 1348.14 1283.51 1088.77 1035.47 518.74 496.07
6953631801604_camera3-28.jpg 176 1334.62 1278.39 1024.16 1025.96 620.92 504.86
6953631801604_camera3-30.jpg 176 1401.86 1279.1 1129.59 1018.67 544.53 520.86
6953631801604_camera3-31.jpg 176 1412.22 1282.62 1116.68 1022.54 591.08 520.15
6953631801604_camera3-32.jpg 176 1421.16 1283.51 1101.36 1032.95 639.61 501.11
6953631801604_camera3-33.jpg 176 1430.6 1285.24 1082.52 1027.79 696.16 514.9
6953631801604_camera3-37.jpg 176 1432.62 1264.4 1071.9 1033.12 721.45 462.56
6953631801604_camera3-36.jpg 176 1431.23 1268.39 1061.07 1032.95 740.33 470.89
6953631801604_camera3-39.jpg 176 1442.62 1254.11 1111.17 1034.45 662.91 439.31
6953631801604_camera3-6.jpg 176 1414.87 1246.99 1088.77 995.18 652.2 503.63
6953631801604_camera3-3.jpg 176 1455.78 1252.79 1084.87 1008.14 741.82 489.29
6953631801604_camera3-4.jpg 176 1442.43 1253.71 1085.15 1001.52 714.55 504.39
6953631801604_camera3-7.jpg 176 1406.06 1243.22 1103.88 1002.74 604.35 480.96
6953631801604_camera3-5.jpg 176 1434.74 1248.84 1076.98 994.99 715.52 507.7
6953631801604_camera3-8.jpg 176 1390.94 1241.89 1115.04 993.4 551.81 496.99
