6901236378823-back_camera0-11.jpg 177 1431.88 926.16 1043.69 706.96 776.39 438.4
6901236378823-back_camera0-12.jpg 177 1447.62 925.34 1065.79 712.0 763.66 426.68
6901236378823-back_camera0-15.jpg 177 1407.12 935.8 998.06 713.52 818.11 444.57
6901236378823-back_camera0-17.jpg 177 1376.87 947.64 987.54 716.15 778.65 462.98
6901236378823-back_camera0-13.jpg 177 1440.45 933.81 1043.01 720.5 794.89 426.62
6901236378823-back_camera0-18.jpg 177 1383.43 948.95 1016.47 716.15 733.93 465.61
6901236378823-back_camera0-19.jpg 177 1368.98 960.79 1029.63 731.93 678.69 457.72
6901236378823-back_camera0-22.jpg 177 1437.37 950.27 1166.42 724.04 541.9 452.46
6901236378823-back_camera0-21.jpg 177 1383.45 956.85 1116.44 726.67 534.01 460.35
6901236378823-back_camera0-24.jpg 177 1440.66 955.01 1091.83 725.9 697.66 458.22
6901236378823-back_camera0-25.jpg 177 1439.99 947.64 1058.56 710.89 762.87 473.5
6901236378823-back_camera0-29.jpg 177 1412.38 951.59 992.8 713.52 839.16 476.14
6901236378823-back_camera0-30.jpg 177 1415.01 943.69 1024.37 726.67 781.28 434.05
6901236378823-back_camera0-28.jpg 177 1420.27 954.21 992.8 726.67 854.94 455.09
6901236378823-back_camera0-2.jpg 177 1501.11 950.95 1214.43 724.89 573.35 452.13
6901236378823-back_camera0-33.jpg 177 1464.99 939.75 1055.93 718.78 818.11 441.94
6901236378823-back_camera0-27.jpg 177 1431.58 950.61 1015.2 716.66 832.75 467.89
6901236378823-back_camera0-32.jpg 177 1463.67 948.95 1069.09 726.67 789.17 444.57
6901236378823-back_camera0-34.jpg 177 1464.86 948.14 1046.05 730.41 837.61 435.47
6901236378823-back_camera0-31.jpg 177 1437.37 946.32 1040.15 731.93 794.44 428.78
6901236378823-back_camera0-36.jpg 177 1457.34 952.32 1040.86 726.76 832.95 451.12
6901236378823-back_camera0-35.jpg 177 1459.46 949.39 1040.66 729.99 837.6 438.8
6901236378823-back_camera0-39.jpg 177 1442.23 954.16 1111.83 727.79 660.8 452.74
6901236378823-back_camera0-37.jpg 177 1442.62 960.79 1053.3 729.3 778.65 462.98
6901236378823-back_camera0-38.jpg 177 1447.34 951.2 1075.81 725.14 743.05 452.13
6901236378823-back_camera0-3.jpg 177 1489.98 952.9 1171.68 718.78 636.6 468.24
6901236378823-back_camera0-40.jpg 177 1434.73 958.16 1140.11 731.93 589.25 452.46
6901236378823-back_camera0-7.jpg 177 1457.41 949.59 1055.1 721.69 804.62 455.79
6901236378823-back_camera0-5.jpg 177 1478.14 951.59 1100.65 721.41 754.98 460.35
6901236378823-back_camera0-8.jpg 177 1443.7 942.12 1032.17 710.6 823.05 463.04
6901236378823-back_camera0-6.jpg 177 1468.93 950.27 1079.61 721.41 778.65 457.72
6901236378823-back_camera0-9.jpg 177 1429.76 941.01 1029.55 719.69 800.43 442.64
6901236378823-back_camera1-11.jpg 177 1270.32 1035.76 990.17 674.06 560.31 723.41
6901236378823-back_camera1-10.jpg 177 1260.06 1035.06 1016.82 685.75 486.48 698.61
6901236378823-back_camera1-12.jpg 177 1262.43 1044.97 953.34 666.17 618.19 757.61
6901236378823-back_camera1-13.jpg 177 1259.97 1052.04 909.32 672.22 701.3 759.64
6901236378823-back_camera1-18.jpg 177 1225.6 1068.65 832.33 758.24 786.54 620.82
6901236378823-back_camera1-19.jpg 177 1222.88 1064.32 851.56 784.16 742.63 560.31
6901236378823-back_camera1-20.jpg 177 1241.28 1062.32 870.06 780.19 742.45 564.26
6901236378823-back_camera1-1.jpg 177 1308.47 1029.2 940.19 745.09 736.56 568.21
6901236378823-back_camera1-26.jpg 177 1256.4 1092.46 888.01 685.89 736.79 813.15
6901236378823-back_camera1-22.jpg 177 1249.45 1078.89 851.83 732.42 795.24 692.95
6901236378823-back_camera1-28.jpg 177 1264.47 1086.86 963.25 692.3 602.44 789.11
6901236378823-back_camera1-2.jpg 177 1305.26 1033.78 918.16 727.04 774.21 613.47
6901236378823-back_camera1-29.jpg 177 1272.0 1081.39 1014.62 699.56 514.76 763.66
6901236378823-back_camera1-30.jpg 177 1321.62 1102.85 1082.24 718.78 478.77 768.13
6901236378823-back_camera1-32.jpg 177 1328.74 1095.14 1002.6 693.14 652.28 804.01
6901236378823-back_camera1-35.jpg 177 1313.72 1071.28 919.14 687.21 789.17 768.13
6901236378823-back_camera1-31.jpg 177 1325.82 1093.04 1036.62 701.31 578.4 783.46
6901236378823-back_camera1-33.jpg 177 1322.93 1084.43 966.49 681.95 712.89 804.96
6901236378823-back_camera1-37.jpg 177 1302.12 1054.75 910.14 708.96 783.95 691.58
6901236378823-back_camera1-34.jpg 177 1322.94 1072.59 937.56 681.95 770.76 781.28
6901236378823-back_camera1-5.jpg 177 1266.42 1044.24 883.89 677.26 765.07 733.96
6901236378823-back_camera1-39.jpg 177 1290.05 1037.09 924.4 745.09 731.3 583.99
6901236378823-back_camera1-36.jpg 177 1312.41 1071.28 919.14 697.73 786.54 747.09
6901236378823-back_camera1-40.jpg 177 1316.36 1027.87 955.97 768.76 720.78 518.22
6901236378823-back_camera1-4.jpg 177 1283.87 1039.07 891.43 689.76 784.87 698.61
6901236378823-back_camera1-6.jpg 177 1253.39 1047.98 887.93 677.67 730.93 740.63
6901236378823-back_camera1-8.jpg 177 1234.24 1046.2 934.33 683.19 599.82 726.02
6901236378823-back_camera1-9.jpg 177 1231.03 1041.03 972.23 688.19 517.59 705.68
6901236378823-back_camera1-7.jpg 177 1246.65 1042.34 908.62 674.06 676.06 736.56
6901236378823-back_camera2-10.jpg 177 1144.06 804.27 808.66 581.99 670.8 444.57
6901236378823-back_camera2-13.jpg 177 1154.33 808.26 769.04 475.23 770.58 666.06
6901236378823-back_camera2-1.jpg 177 1144.68 742.87 884.83 377.42 519.71 730.9
6901236378823-back_camera2-15.jpg 177 1175.63 806.9 800.77 426.78 749.72 760.24
6901236378823-back_camera2-19.jpg 177 1192.73 802.96 942.82 455.72 499.81 694.47
6901236378823-back_camera2-18.jpg 177 1177.22 809.39 884.49 440.29 585.47 738.2
6901236378823-back_camera2-17.jpg 177 1190.09 809.54 874.42 432.05 631.34 754.98
6901236378823-back_camera2-14.jpg 177 1165.1 808.22 792.87 450.46 744.45 715.52
6901236378823-back_camera2-20.jpg 177 1199.13 815.74 972.27 473.39 453.72 684.7
6901236378823-back_camera2-21.jpg 177 1203.25 809.53 934.93 445.2 536.64 728.67
6901236378823-back_camera2-22.jpg 177 1196.68 802.95 887.58 421.52 618.19 762.87
6901236378823-back_camera2-23.jpg 177 1207.19 801.64 877.05 413.63 660.28 776.02
6901236378823-back_camera2-24.jpg 177 1211.14 789.81 848.12 400.48 726.04 778.65
6901236378823-back_camera2-29.jpg 177 1202.29 756.17 849.64 509.79 705.3 492.77
6901236378823-back_camera2-27.jpg 177 1208.51 766.13 829.7 442.57 757.61 647.12
6901236378823-back_camera2-25.jpg 177 1211.13 783.22 837.59 416.26 747.09 733.93
6901236378823-back_camera2-28.jpg 177 1207.18 764.82 837.59 476.77 739.19 576.1
6901236378823-back_camera2-26.jpg 177 1199.3 784.55 819.18 429.42 760.24 710.26
6901236378823-back_camera2-30.jpg 177 1211.48 752.18 870.29 531.32 682.38 441.72
6901236378823-back_camera2-32.jpg 177 1195.36 745.09 816.55 442.57 757.61 605.03
6901236378823-back_camera2-33.jpg 177 1190.96 745.76 811.56 412.41 758.81 666.69
6901236378823-back_camera2-31.jpg 177 1200.61 754.29 832.33 482.03 736.56 544.53
6901236378823-back_camera2-35.jpg 177 1171.68 745.08 806.03 374.17 731.3 741.82
6901236378823-back_camera2-36.jpg 177 1165.07 745.62 821.43 368.03 687.29 755.17
6901236378823-back_camera2-34.jpg 177 1182.2 742.46 800.77 387.33 762.87 710.26
6901236378823-back_camera2-37.jpg 177 1164.31 743.38 838.84 365.18 650.93 756.39
6901236378823-back_camera2-3.jpg 177 1126.95 758.24 784.98 374.17 683.95 768.13
6901236378823-back_camera2-4.jpg 177 1143.73 774.36 793.15 390.47 701.17 767.77
6901236378823-back_camera2-40.jpg 177 1142.73 742.45 929.66 411.0 426.15 662.91
6901236378823-back_camera2-7.jpg 177 1135.71 789.2 757.38 466.37 756.67 645.67
6901236378823-back_camera2-6.jpg 177 1139.72 778.06 766.01 428.4 747.42 699.32
6901236378823-back_camera3-10.jpg 177 1378.85 1289.57 1086.72 1006.53 584.26 566.08
6901236378823-back_camera2-9.jpg 177 1141.38 800.19 790.94 554.45 700.87 491.47
6901236378823-back_camera3-11.jpg 177 1371.68 1293.8 1048.19 1013.12 646.99 561.36
6901236378823-back_camera3-12.jpg 177 1368.61 1293.61 1009.81 1008.14 717.6 570.93
6901236378823-back_camera3-14.jpg 177 1347.78 1297.53 945.47 1016.76 804.62 561.53
6901236378823-back_camera3-13.jpg 177 1360.0 1298.87 981.0 1013.43 758.0 570.87
6901236378823-back_camera3-16.jpg 177 1330.41 1291.27 918.89 1027.02 823.05 528.5
6901236378823-back_camera3-15.jpg 177 1340.3 1296.6 933.01 1023.86 814.57 545.47
6901236378823-back_camera3-18.jpg 177 1319.95 1286.0 939.77 1040.87 760.37 490.27
6901236378823-back_camera3-19.jpg 177 1357.13 1276.47 963.86 1029.19 786.54 494.55
6901236378823-back_camera3-21.jpg 177 1369.51 1297.56 957.4 1018.39 824.21 558.34
6901236378823-back_camera3-1.jpg 177 1418.91 1275.16 1026.44 1023.03 784.95 504.27
6901236378823-back_camera3-20.jpg 177 1368.41 1287.44 973.43 1022.88 789.97 529.12
6901236378823-back_camera3-23.jpg 177 1362.29 1307.63 946.0 1009.85 832.57 595.56
6901236378823-back_camera3-24.jpg 177 1357.63 1308.25 952.17 1002.79 810.93 610.93
6901236378823-back_camera3-25.jpg 177 1361.22 1314.12 985.66 1007.93 751.12 612.37
6901236378823-back_camera3-22.jpg 177 1365.02 1303.48 949.85 1013.78 830.33 579.41
6901236378823-back_camera3-28.jpg 177 1371.6 1309.34 1098.02 1005.51 547.16 607.66
6901236378823-back_camera3-2.jpg 177 1400.18 1282.86 994.31 1019.82 811.74 526.08
6901236378823-back_camera3-29.jpg 177 1430.34 1307.07 1169.17 1005.97 522.33 602.19
6901236378823-back_camera3-33.jpg 177 1438.68 1310.66 1050.67 1002.88 776.02 615.56
6901236378823-back_camera3-30.jpg 177 1447.45 1314.16 1147.74 1011.68 599.42 604.97
6901236378823-back_camera3-31.jpg 177 1440.0 1317.23 1090.13 1013.4 699.73 607.66
6901236378823-back_camera3-32.jpg 177 1445.11 1315.17 1069.54 1007.06 751.14 616.22
6901236378823-back_camera3-37.jpg 177 1409.0 1283.13 1015.15 1016.56 787.7 533.15
6901236378823-back_camera3-36.jpg 177 1418.95 1286.98 1005.95 1013.4 826.0 547.16
6901236378823-back_camera3-34.jpg 177 1427.2 1307.33 1029.44 1011.32 795.53 592.02
6901236378823-back_camera3-38.jpg 177 1408.72 1280.55 1026.9 1029.99 763.64 501.11
6901236378823-back_camera3-39.jpg 177 1426.68 1269.1 1048.35 1032.29 756.67 473.61
6901236378823-back_camera3-5.jpg 177 1354.05 1289.34 981.42 1007.92 745.27 562.84
6901236378823-back_camera3-7.jpg 177 1334.3 1289.7 1033.8 1009.02 601.0 561.36
6901236378823-back_camera3-3.jpg 177 1381.29 1288.42 979.46 1021.75 803.66 533.35
6901236378823-back_camera3-4.jpg 177 1370.26 1287.72 979.5 1010.6 781.52 554.24
6901236378823-back_camera3-6.jpg 177 1344.88 1288.11 1006.32 1007.82 677.12 560.57
6901236378823-back_camera3-9.jpg 177 1367.47 1286.88 1111.1 1008.09 512.74 557.59
6901236378823_camera0-13.jpg 177 1507.13 1122.22 1146.52 892.52 721.23 459.41
6901236378823_camera0-11.jpg 177 1512.69 1126.72 1238.36 892.82 548.67 467.8
6901236378823_camera0-12.jpg 177 1514.68 1120.62 1189.65 887.16 650.05 466.92
6901236378823_camera0-16.jpg 177 1480.33 1119.85 1079.13 897.05 802.4 445.6
6901236378823_camera0-19.jpg 177 1427.53 1112.44 1045.18 898.93 764.7 427.03
6901236378823_camera0-1.jpg 177 1412.72 1116.77 1014.49 886.9 796.45 459.74
6901236378823_camera0-20.jpg 177 1437.78 1107.8 1052.92 898.09 769.72 419.41
6901236378823_camera0-18.jpg 177 1444.41 1113.63 1051.28 897.18 786.27 432.91
6901236378823_camera0-23.jpg 177 1392.65 1109.41 979.65 879.24 826.0 460.35
6901236378823_camera0-25.jpg 177 1359.7 1122.16 967.86 897.78 783.69 448.77
6901236378823_camera0-26.jpg 177 1345.63 1123.76 969.46 900.73 752.35 446.06
6901236378823_camera0-27.jpg 177 1336.1 1119.94 982.28 895.03 707.63 449.83
6901236378823_camera0-28.jpg 177 1320.32 1124.52 1004.25 898.25 632.14 452.54
6901236378823_camera0-31.jpg 177 1373.86 1131.16 1098.66 902.37 550.39 457.58
6901236378823_camera0-2.jpg 177 1422.78 1117.1 1005.02 892.07 835.52 450.06
6901236378823_camera0-32.jpg 177 1370.28 1127.84 1048.04 897.66 644.49 460.35
6901236378823_camera0-39.jpg 177 1362.39 1121.26 966.49 889.77 791.81 462.98
6901236378823_camera0-38.jpg 177 1355.82 1125.2 940.19 892.4 831.26 465.61
6901236378823_camera0-3.jpg 177 1429.47 1117.31 992.8 879.24 873.35 476.14
6901236378823_camera0-5.jpg 177 1431.84 1123.56 1008.17 890.45 847.33 466.21
6901236378823_camera0-4.jpg 177 1427.88 1119.68 997.61 890.49 860.53 458.39
6901236378823_camera0-6.jpg 177 1422.89 1135.73 1013.84 897.66 818.11 476.14
6901236378823_camera0-8.jpg 177 1431.01 1124.73 1095.22 889.78 671.57 469.91
6901236378823_camera0-9.jpg 177 1438.3 1130.16 1142.56 893.88 591.49 472.56
6901236378823_camera0-7.jpg 177 1427.66 1124.47 1052.1 889.52 751.12 469.91
6901236378823_camera1-10.jpg 177 1357.32 1079.72 1106.94 714.95 500.75 729.54
6901236378823_camera1-15.jpg 177 1328.11 1049.12 940.38 680.85 775.45 736.55
6901236378823_camera1-16.jpg 177 1304.52 1041.03 911.25 687.21 786.54 707.63
6901236378823_camera1-17.jpg 177 1299.26 1025.24 913.88 697.73 770.76 655.01
6901236378823_camera1-19.jpg 177 1276.9 1010.78 919.14 745.09 715.52 531.38
6901236378823_camera1-20.jpg 177 1291.37 1012.09 929.66 726.67 723.41 570.84
6901236378823_camera1-21.jpg 177 1275.2 1008.63 900.68 700.26 749.05 616.74
6901236378823_camera1-1.jpg 177 1280.85 1094.95 890.21 789.81 781.28 610.29
6901236378823_camera1-25.jpg 177 1216.39 1035.76 840.22 653.01 752.35 765.5
6901236378823_camera1-29.jpg 177 1199.3 1038.39 961.23 674.06 476.14 728.67
6901236378823_camera1-23.jpg 177 1242.7 1016.03 848.12 668.8 789.17 694.47
6901236378823_camera1-27.jpg 177 1186.43 1044.15 875.36 668.81 622.15 750.68
6901236378823_camera1-28.jpg 177 1187.46 1046.29 913.88 676.69 547.16 739.19
6901236378823_camera1-33.jpg 177 1227.71 1074.79 847.3 690.84 760.83 767.9
6901236378823_camera1-31.jpg 177 1222.97 1052.87 916.51 674.06 612.93 757.61
6901236378823_camera1-35.jpg 177 1227.04 1086.3 819.1 719.06 815.88 734.47
6901236378823_camera1-32.jpg 177 1226.09 1066.8 878.91 680.73 694.36 772.14
6901236378823_camera1-34.jpg 177 1222.47 1082.99 825.24 701.61 794.47 762.75
6901236378823_camera1-40.jpg 177 1276.9 1094.95 887.58 795.07 778.65 599.77
6901236378823_camera1-38.jpg 177 1239.66 1096.17 860.45 804.47 758.43 583.41
6901236378823_camera1-39.jpg 177 1271.64 1094.95 908.62 824.0 726.04 541.9
6901236378823_camera1-6.jpg 177 1309.79 1105.48 945.45 705.63 728.67 799.7
6901236378823_camera1-7.jpg 177 1311.1 1096.9 982.12 699.86 657.95 794.08
6901236378823_camera1-9.jpg 177 1326.88 1083.12 1082.24 716.15 489.29 733.93
6901236378823_camera2-10.jpg 177 1182.84 716.03 843.97 487.24 677.74 457.58
6901236378823_camera2-12.jpg 177 1165.94 717.53 794.87 406.72 742.14 621.62
6901236378823_camera2-11.jpg 177 1176.88 716.75 820.74 448.49 712.27 536.52
6901236378823_camera2-16.jpg 177 1124.33 734.57 784.98 358.39 678.69 752.35
6901236378823_camera2-1.jpg 177 1239.86 778.62 967.9 413.49 543.92 730.26
6901236378823_camera2-15.jpg 177 1131.75 729.74 770.69 356.89 722.12 745.69
6901236378823_camera2-22.jpg 177 1113.05 789.77 809.64 416.06 606.82 747.42
6901236378823_camera2-23.jpg 177 1114.46 803.89 779.52 426.76 669.88 754.26
6901236378823_camera2-21.jpg 177 1112.49 772.7 834.96 411.0 555.05 723.41
6901236378823_camera2-20.jpg 177 1112.33 771.79 871.67 426.44 481.32 690.69
6901236378823_camera2-25.jpg 177 1130.32 816.39 751.34 463.85 757.96 705.08
6901236378823_camera2-24.jpg 177 1122.68 810.11 760.46 434.68 724.45 750.86
6901236378823_camera2-27.jpg 177 1149.2 840.32 776.52 549.47 745.37 581.69
6901236378823_camera2-28.jpg 177 1153.27 845.04 800.77 589.88 705.0 510.33
6901236378823_camera2-26.jpg 177 1140.39 831.09 756.51 511.03 767.77 640.12
6901236378823_camera2-29.jpg 177 1163.79 838.47 829.7 631.97 668.17 413.0
6901236378823_camera2-30.jpg 177 1169.99 842.62 821.73 588.12 696.52 508.99
6901236378823_camera2-32.jpg 177 1190.81 839.62 817.1 514.01 747.42 651.22
6901236378823_camera2-37.jpg 177 1228.23 800.33 932.29 429.42 591.88 741.82
6901236378823_camera2-34.jpg 177 1215.94 832.76 849.55 461.34 732.78 742.85
6901236378823_camera2-33.jpg 177 1204.61 839.06 831.92 481.48 745.37 715.15
6901236378823_camera2-31.jpg 177 1182.38 841.42 821.62 551.89 721.52 579.07
6901236378823_camera2-3.jpg 177 1226.01 750.92 894.88 373.2 662.27 755.44
6901236378823_camera2-39.jpg 177 1234.99 784.62 1020.9 451.24 428.18 666.75
6901236378823_camera2-40.jpg 177 1236.09 786.17 985.53 438.67 501.11 695.01
6901236378823_camera2-4.jpg 177 1225.75 747.29 867.8 370.72 715.91 753.14
6901236378823_camera2-6.jpg 177 1206.95 732.22 832.46 390.11 748.97 684.21
6901236378823_camera2-7.jpg 177 1201.37 723.35 824.76 404.56 753.22 637.58
6901236378823_camera2-5.jpg 177 1217.1 739.41 842.24 377.76 749.71 723.31
6901236378823_camera3-13.jpg 177 1422.84 1235.57 1024.78 955.41 796.11 560.31
6901236378823_camera3-10.jpg 177 1447.88 1233.06 1058.56 976.58 778.65 512.96
6901236378823_camera3-12.jpg 177 1426.38 1231.16 1024.92 954.89 802.93 552.55
6901236378823_camera2-8.jpg 177 1193.33 722.36 826.77 440.88 733.11 562.95
6901236378823_camera2-9.jpg 177 1178.25 717.47 837.59 476.77 681.32 481.4
6901236378823_camera3-14.jpg 177 1406.6 1236.2 1025.64 949.14 761.92 574.13
6901236378823_camera3-15.jpg 177 1393.96 1238.32 1037.52 942.38 712.89 591.88
6901236378823_camera3-16.jpg 177 1398.5 1233.14 1076.18 944.82 644.64 576.65
6901236378823_camera3-18.jpg 177 1399.47 1221.87 1148.21 940.22 502.51 563.3
6901236378823_camera3-17.jpg 177 1399.23 1235.69 1113.81 942.38 570.84 586.62
6901236378823_camera3-19.jpg 177 1445.09 1216.78 1197.05 937.26 496.07 559.03
6901236378823_camera3-22.jpg 177 1427.2 1216.61 1068.44 937.97 717.51 557.28
6901236378823_camera3-1.jpg 177 1404.8 1259.59 1066.11 962.45 677.38 594.28
6901236378823_camera3-20.jpg 177 1436.05 1218.6 1134.85 934.49 602.4 568.21
6901236378823_camera3-24.jpg 177 1402.28 1211.74 1010.71 942.3 783.14 538.88
6901236378823_camera3-21.jpg 177 1434.73 1223.86 1103.28 934.49 662.91 578.73
6901236378823_camera3-25.jpg 177 1390.02 1212.01 990.17 945.01 799.7 534.01
6901236378823_camera3-28.jpg 177 1370.81 1207.96 1010.71 972.52 720.19 470.89
6901236378823_camera3-31.jpg 177 1374.58 1224.33 985.53 970.0 778.1 508.66
6901236378823_camera3-2.jpg 177 1412.38 1264.62 1048.04 966.05 728.67 597.14
6901236378823_camera3-33.jpg 177 1348.14 1236.91 960.35 949.85 775.59 574.13
6901236378823_camera3-32.jpg 177 1350.56 1226.48 955.97 947.64 789.17 557.68
6901236378823_camera3-37.jpg 177 1340.04 1238.32 1069.09 958.16 541.9 560.31
6901236378823_camera3-35.jpg 177 1333.03 1239.43 988.05 952.37 689.97 574.13
6901236378823_camera3-36.jpg 177 1330.61 1243.53 1015.81 954.96 629.59 577.13
6901236378823_camera3-39.jpg 177 1401.02 1253.29 1129.06 967.48 543.92 571.62
6901236378823_camera3-34.jpg 177 1341.85 1240.7 972.94 954.89 737.81 571.62
6901236378823_camera3-38.jpg 177 1370.18 1245.58 1112.52 960.89 515.33 569.37
6901236378823_camera3-9.jpg 177 1436.27 1223.07 1058.55 980.07 755.44 486.0
6901236378823_camera3-40.jpg 177 1408.58 1259.59 1091.29 967.48 634.57 584.21
6901236378823_camera3-3.jpg 177 1416.13 1264.62 1025.82 967.48 780.62 594.28
6901236378823_camera3-4.jpg 177 1407.6 1262.26 1004.18 972.99 806.84 578.55
6901236378823_camera3-6.jpg 177 1394.83 1249.36 998.92 979.25 791.82 540.22
6901236378823_camera3-5.jpg 177 1399.04 1253.47 993.26 973.96 811.56 559.03
6901236378823_camera3-7.jpg 177 1393.47 1243.22 1010.71 985.11 765.51 516.22
