6907777830523-back_camera3-14.jpg 17 1462.36 1485.6 929.66 1244.9 1065.39 481.4
6907777830523-back_camera3-20.jpg 17 1430.85 1432.06 919.66 1277.5 1022.38 309.12
6907777830523-back_camera3-17.jpg 17 1408.62 1464.51 867.6 1258.19 1082.04 412.64
6907777830523_camera0-13.jpg 17 1540.1 1283.95 1064.93 1186.37 950.33 195.16
6907777830523_camera0-38.jpg 17 1311.84 1256.95 768.08 1177.76 1087.51 158.39
6907777830523_camera0-39.jpg 17 1279.08 1255.61 759.74 1177.11 1038.68 156.99
6907777830523_camera0-7.jpg 17 1321.62 1272.52 753.42 1171.24 1136.41 202.55
6907777830523_camera1-11.jpg 17 1349.26 1255.62 988.38 885.52 721.76 740.2
6907777830523_camera1-10.jpg 17 1279.53 1247.53 913.88 887.14 731.3 720.78
6907777830523_camera1-13.jpg 17 1374.58 1260.31 914.84 846.97 919.48 826.67
6907777830523_camera1-14.jpg 17 1384.75 1254.1 882.31 826.63 1004.88 854.94
6907777830523_camera1-12.jpg 17 1368.44 1261.16 937.49 855.85 861.91 810.63
6907777830523_camera1-17.jpg 17 1379.49 1212.01 877.05 845.05 1004.88 733.93
6907777830523_camera1-15.jpg 17 1377.82 1241.96 857.95 826.62 1039.73 830.68
6907777830523_camera1-16.jpg 17 1380.81 1234.37 863.9 829.26 1033.82 810.22
6907777830523_camera1-21.jpg 17 1425.04 1127.51 957.81 857.38 934.46 540.26
6907777830523_camera1-20.jpg 17 1411.1 1146.26 962.87 909.56 896.46 473.41
6907777830523_camera1-19.jpg 17 1366.35 1175.18 898.1 863.46 936.49 623.45
6907777830523_camera1-18.jpg 17 1374.86 1200.44 874.94 850.43 999.83 700.02
6907777830523_camera1-22.jpg 17 1409.74 1112.05 921.77 816.11 975.95 591.88
6907777830523_camera1-25.jpg 17 1357.96 1108.32 863.79 744.6 988.35 727.44
6907777830523_camera1-23.jpg 17 1389.69 1118.93 891.1 786.54 997.18 664.79
6907777830523_camera1-24.jpg 17 1382.06 1115.4 875.34 767.48 1013.44 695.84
6907777830523_camera1-26.jpg 17 1335.1 1099.79 854.16 731.04 961.88 737.5
6907777830523_camera1-31.jpg 17 1313.72 1088.38 971.75 763.5 683.95 649.75
6907777830523_camera1-2.jpg 17 1213.16 1178.85 726.6 849.54 973.13 658.62
6907777830523_camera1-27.jpg 17 1313.35 1095.1 868.09 727.83 890.51 734.53
6907777830523_camera1-29.jpg 17 1278.21 1081.8 913.88 742.45 728.67 678.69
6907777830523_camera1-30.jpg 17 1290.4 1074.68 964.48 764.95 651.84 619.46
6907777830523_camera1-28.jpg 17 1290.06 1081.8 905.99 742.45 768.13 678.69
6907777830523_camera1-32.jpg 17 1297.79 1099.74 903.58 753.75 788.41 691.99
6907777830523_camera1-33.jpg 17 1271.09 1108.13 825.22 744.6 891.73 727.07
6907777830523_camera1-34.jpg 17 1244.02 1114.68 763.94 737.19 960.16 754.98
6907777830523_camera1-36.jpg 17 1216.4 1123.89 713.96 760.87 1004.88 726.04
6907777830523_camera1-37.jpg 17 1185.06 1127.72 678.41 786.78 1013.3 681.88
6907777830523_camera1-35.jpg 17 1231.61 1118.65 740.98 749.97 981.26 737.36
6907777830523_camera1-38.jpg 17 1168.92 1128.87 669.72 811.38 998.41 634.97
6907777830523_camera1-3.jpg 17 1204.56 1192.28 692.91 829.26 1023.3 726.04
6907777830523_camera1-39.jpg 17 1149.32 1137.04 682.39 860.83 933.86 552.42
6907777830523_camera1-6.jpg 17 1201.55 1240.92 692.43 816.49 1018.25 848.86
6907777830523_camera1-8.jpg 17 1213.88 1252.41 770.76 836.23 886.25 832.37
6907777830523_camera1-4.jpg 17 1204.37 1213.48 681.73 825.9 1045.28 775.17
6907777830523_camera1-7.jpg 17 1207.2 1237.01 716.59 802.96 981.21 868.09
6907777830523_camera1-5.jpg 17 1202.3 1226.1 679.62 808.87 1045.36 834.45
6907777830523_camera1-9.jpg 17 1220.35 1246.21 819.18 852.94 802.33 786.54
6907777830523_camera2-11.jpg 17 1362.64 855.83 967.11 555.44 791.07 600.78
6907777830523_camera2-10.jpg 17 1355.96 876.41 967.63 590.79 776.66 571.25
6907777830523_camera2-13.jpg 17 1347.93 817.42 898.1 416.26 899.66 802.33
6907777830523_camera2-14.jpg 17 1351.31 813.45 885.94 377.89 930.74 871.13
6907777830523_camera2-15.jpg 17 1331.92 798.87 882.36 346.53 899.13 904.68
6907777830523_camera2-12.jpg 17 1358.44 841.1 921.77 466.24 873.35 749.72
6907777830523_camera2-16.jpg 17 1324.61 796.29 879.59 338.04 890.03 916.5
6907777830523_camera2-18.jpg 17 1290.06 781.91 892.84 329.45 794.44 904.92
6907777830523_camera2-17.jpg 17 1307.75 776.78 895.11 318.29 825.28 916.98
6907777830523_camera2-1.jpg 17 1272.95 970.0 955.97 560.94 633.97 818.11
6907777830523_camera2-22.jpg 17 1235.86 782.12 865.05 347.5 741.62 869.24
6907777830523_camera2-21.jpg 17 1251.91 775.34 921.77 366.28 660.28 818.11
6907777830523_camera2-23.jpg 17 1213.77 791.12 800.77 339.98 826.0 902.29
6907777830523_camera2-25.jpg 17 1200.92 803.89 749.29 348.95 903.27 909.89
6907777830523_camera2-24.jpg 17 1213.77 795.12 785.08 332.04 857.38 926.15
6907777830523_camera2-2.jpg 17 1298.25 961.49 921.77 519.07 752.96 884.83
6907777830523_camera2-28.jpg 17 1168.33 841.5 733.83 482.33 869.0 718.35
6907777830523_camera2-29.jpg 17 1170.2 854.72 743.81 510.85 852.79 687.74
6907777830523_camera2-31.jpg 17 1174.88 879.45 779.26 571.34 791.25 616.22
6907777830523_camera2-30.jpg 17 1164.38 863.19 779.83 582.51 769.1 561.36
6907777830523_camera2-32.jpg 17 1177.09 895.98 739.23 529.19 875.72 733.58
6907777830523_camera2-38.jpg 17 1224.62 963.53 843.51 520.44 762.22 886.18
6907777830523_camera2-39.jpg 17 1242.38 970.0 920.06 557.03 644.64 825.95
6907777830523_camera2-36.jpg 17 1204.6 948.71 757.57 478.76 894.06 939.91
6907777830523_camera2-37.jpg 17 1211.98 955.82 792.02 498.85 839.93 913.93
6907777830523_camera2-34.jpg 17 1190.76 931.11 729.74 489.18 922.05 883.86
6907777830523_camera2-3.jpg 17 1305.46 958.2 895.11 501.68 820.7 913.05
6907777830523_camera2-5.jpg 17 1329.57 946.84 877.93 486.93 903.27 919.81
6907777830523_camera2-40.jpg 17 1265.38 966.43 988.1 587.79 554.56 757.28
6907777830523_camera2-4.jpg 17 1321.9 952.68 887.85 492.64 868.11 920.08
6907777830523_camera2-7.jpg 17 1347.88 922.5 886.32 496.39 923.12 852.22
6907777830523_camera2-6.jpg 17 1341.16 936.03 877.43 482.13 927.46 907.81
6907777830523_camera2-8.jpg 17 1353.56 909.73 904.76 520.49 897.6 778.48
6907777830523_camera3-10.jpg 17 1487.25 1492.47 1070.19 1279.98 834.11 424.98
6907777830523_camera3-11.jpg 17 1503.06 1493.25 1038.15 1271.43 929.81 443.63
6907777830523_camera3-14.jpg 17 1510.96 1491.39 942.99 1255.05 1135.94 472.69
6907777830523_camera3-12.jpg 17 1512.37 1496.57 991.44 1265.84 1041.85 461.46
6907777830523_camera2-9.jpg 17 1357.2 894.64 928.76 547.03 856.88 695.23
6907777830523_camera3-13.jpg 17 1515.82 1496.52 975.07 1264.2 1081.49 464.63
6907777830523_camera3-15.jpg 17 1497.52 1472.31 931.61 1251.67 1131.82 441.27
6907777830523_camera3-16.jpg 17 1495.82 1467.15 946.5 1257.79 1098.63 418.73
6907777830523_camera3-17.jpg 17 1477.48 1451.07 962.72 1274.29 1029.52 353.55
6907777830523_camera3-21.jpg 17 1538.31 1402.37 1002.72 1244.05 1071.18 316.64
6907777830523_camera3-19.jpg 17 1525.8 1426.47 1022.32 1289.3 1006.96 274.34
6907777830523_camera3-1.jpg 17 1328.84 1422.92 810.81 1255.71 1036.07 334.42
6907777830523_camera3-22.jpg 17 1514.22 1395.33 975.42 1234.12 1077.61 322.43
6907777830523_camera3-23.jpg 17 1483.01 1395.88 955.63 1230.05 1054.76 331.65
6907777830523_camera3-20.jpg 17 1553.13 1402.51 1039.2 1268.25 1027.87 268.52
6907777830523_camera3-24.jpg 17 1468.24 1390.89 942.16 1217.65 1052.15 346.47
6907777830523_camera3-27.jpg 17 1384.44 1389.23 953.14 1213.42 862.61 351.61
6907777830523_camera3-2.jpg 17 1316.66 1444.28 769.05 1250.95 1095.23 386.66
6907777830523_camera3-25.jpg 17 1438.42 1393.96 939.22 1217.18 998.41 353.55
6907777830523_camera3-26.jpg 17 1415.32 1390.24 942.76 1214.22 945.12 352.04
6907777830523_camera3-31.jpg 17 1419.82 1403.75 1002.22 1225.08 835.2 357.34
6907777830523_camera3-28.jpg 17 1368.87 1387.84 1004.61 1226.01 728.51 323.65
6907777830523_camera3-32.jpg 17 1395.28 1398.79 934.93 1215.96 920.7 365.65
6907777830523_camera3-33.jpg 17 1361.14 1419.58 854.42 1226.13 1013.44 386.9
6907777830523_camera3-35.jpg 17 1309.78 1415.88 779.72 1231.74 1060.12 368.28
6907777830523_camera3-38.jpg 17 1236.9 1415.77 734.61 1265.91 1004.58 299.71
6907777830523_camera3-37.jpg 17 1258.01 1411.61 734.06 1247.56 1047.91 328.09
6907777830523_camera3-36.jpg 17 1285.78 1414.76 750.99 1238.52 1069.58 352.48
6907777830523_camera3-34.jpg 17 1324.24 1413.25 795.5 1229.11 1057.49 368.28
6907777830523_camera3-39.jpg 17 1283.13 1416.34 770.93 1268.87 1024.4 294.95
6907777830523_camera3-40.jpg 17 1318.99 1419.83 798.14 1255.42 1041.71 328.82
6907777830523_camera3-5.jpg 17 1288.95 1468.12 737.42 1239.02 1103.06 458.19
6907777830523_camera3-3.jpg 17 1310.38 1451.78 744.47 1236.19 1131.82 431.17
6907777830523_camera3-4.jpg 17 1299.49 1460.24 737.02 1234.42 1124.95 451.63
6907777830523_camera3-8.jpg 17 1312.41 1472.44 879.68 1258.05 865.46 428.78
6907777830523_camera3-6.jpg 17 1294.39 1476.38 770.44 1241.62 1047.91 469.51
6907777830523_camera3-7.jpg 17 1300.57 1473.76 816.55 1252.79 968.05 441.94
6907777830523_camera3-9.jpg 17 1378.21 1470.89 959.67 1264.93 837.09 411.93
