6923589421131-back_camera0-10.jpg 181 1297.95 1209.38 1000.69 1047.6 594.51 323.56
6923589421131-back_camera0-5.jpg 181 1355.88 1197.86 917.75 1043.45 876.25 308.81
6923589421131-back_camera0-9.jpg 181 1316.89 1206.81 975.75 1042.43 682.28 328.75
6923589421131-back_camera1-11.jpg 181 1240.15 1136.82 966.94 783.48 546.42 706.67
6923589421131-back_camera1-14.jpg 181 1249.28 1160.81 863.94 796.08 770.68 729.45
6923589421131-back_camera1-17.jpg 181 1244.02 1147.56 808.66 826.63 870.72 641.86
6923589421131-back_camera1-16.jpg 181 1250.65 1163.09 827.7 812.38 845.9 701.42
6923589421131-back_camera1-18.jpg 181 1249.83 1150.23 833.23 856.06 833.19 588.35
6923589421131-back_camera1-19.jpg 181 1259.8 1150.2 840.22 887.14 839.16 526.12
6923589421131-back_camera1-22.jpg 181 1308.21 1150.94 890.4 850.37 835.63 601.14
6923589421131-back_camera1-27.jpg 181 1294.79 1138.89 950.68 773.37 688.22 731.04
6923589421131-back_camera1-26.jpg 181 1292.68 1139.67 903.36 763.5 778.65 752.35
6923589421131-back_camera1-35.jpg 181 1304.56 1084.49 902.57 747.52 803.98 673.95
6923589421131-back_camera1-37.jpg 181 1271.06 1067.1 858.99 766.97 824.14 600.25
6923589421131-back_camera1-33.jpg 181 1332.5 1094.01 978.6 731.04 707.8 725.95
6923589421131-back_camera1-38.jpg 181 1261.12 1060.75 869.16 787.17 783.91 547.16
6923589421131-back_camera1-36.jpg 181 1290.09 1074.55 884.92 762.15 810.33 624.79
6923589421131-back_camera1-4.jpg 181 1217.71 1094.95 795.5 763.5 844.42 662.91
6923589421131-back_camera1-3.jpg 181 1238.96 1082.24 831.02 775.74 815.88 612.99
6923589421131-back_camera2-10.jpg 181 1185.75 840.26 839.63 614.74 692.24 451.05
6923589421131-back_camera2-13.jpg 181 1208.89 826.62 826.86 496.39 764.07 660.47
6923589421131-back_camera2-16.jpg 181 1219.69 812.69 856.84 419.93 725.7 785.53
6923589421131-back_camera2-21.jpg 181 1226.6 770.99 983.98 407.05 485.24 727.87
6923589421131-back_camera2-20.jpg 181 1221.66 771.39 1000.69 416.26 441.94 710.26
6923589421131-back_camera2-37.jpg 181 1127.8 774.66 818.07 385.07 619.46 779.18
6923589421131-back_camera2-35.jpg 181 1138.51 755.99 765.88 374.16 745.27 763.66
6923589421131-back_camera2-40.jpg 181 1125.64 799.01 895.47 437.31 460.35 723.41
6923589421131-back_camera2-7.jpg 181 1167.74 833.21 771.83 495.18 791.81 676.06
6923589421131-back_camera2-9.jpg 181 1174.0 830.54 806.71 577.03 734.57 507.03
6923589421131-back_camera3-10.jpg 181 1436.06 1280.4 1032.26 1089.69 807.59 381.43
6923589421131-back_camera3-18.jpg 181 1349.17 1295.75 1064.14 1059.32 570.06 472.86
6923589421131-back_camera3-20.jpg 181 1414.66 1299.57 1119.71 1070.42 589.9 458.29
6923589421131-back_camera3-19.jpg 181 1371.5 1297.07 1098.29 1061.95 546.42 470.24
6923589421131-back_camera3-22.jpg 181 1407.27 1302.21 1047.3 1071.48 719.94 461.46
6923589421131-back_camera3-23.jpg 181 1395.98 1299.62 1008.69 1066.88 774.57 465.47
6923589421131-back_camera3-2.jpg 181 1443.95 1314.61 1069.09 1068.65 749.72 491.92
6923589421131-back_camera3-39.jpg 181 1441.11 1319.39 1177.1 1077.71 528.03 483.37
6923589421131-back_camera3-33.jpg 181 1379.26 1316.99 963.92 1082.96 830.68 468.06
6923589421131-back_camera3-36.jpg 181 1367.65 1323.82 1000.69 1071.28 733.93 505.07
6923589421131-back_camera3-37.jpg 181 1371.5 1324.65 1064.14 1075.08 614.72 499.14
6923589421131-back_camera3-8.jpg 181 1402.45 1290.92 1007.59 1118.07 789.71 345.7
6923589421131_camera0-11.jpg 181 1425.88 1198.4 1122.23 1037.19 607.29 322.43
6923589421131_camera0-10.jpg 181 1415.29 1196.78 1141.64 1034.86 547.29 323.85
6923589421131_camera0-34.jpg 181 1445.26 1202.81 1008.58 1031.82 873.35 341.98
6923589421131_camera0-8.jpg 181 1362.3 1198.55 1040.49 1038.3 643.62 320.5
6923589421131_camera0-9.jpg 181 1356.03 1199.19 1081.96 1036.1 548.14 326.18
6923589421131_camera3-28.jpg 181 1397.58 1296.13 988.89 1123.87 817.38 344.52
