6951481302241-back_camera0-10.jpg 185 1363.74 1120.57 1097.33 912.44 532.82 416.26
6951481302241-back_camera0-12.jpg 185 1403.17 1123.89 1158.53 897.66 489.29 452.46
6951481302241-back_camera0-13.jpg 185 1404.08 1122.53 1139.67 911.0 528.81 423.05
6951481302241-back_camera0-11.jpg 185 1367.56 1123.67 1127.18 904.32 480.75 438.71
6951481302241-back_camera0-16.jpg 185 1396.45 1125.38 1056.44 913.71 680.02 423.33
6951481302241-back_camera0-17.jpg 185 1389.94 1124.25 1052.17 914.93 675.54 418.64
6951481302241-back_camera0-21.jpg 185 1389.89 1122.94 1085.56 918.51 608.67 408.86
6951481302241-back_camera0-24.jpg 185 1425.35 1131.57 1085.15 912.21 680.4 438.71
6951481302241-back_camera0-26.jpg 185 1423.34 1137.96 1085.57 923.88 675.54 428.16
6951481302241-back_camera0-27.jpg 185 1417.47 1128.93 1074.64 904.32 685.65 449.22
6951481302241-back_camera0-28.jpg 185 1413.48 1131.78 1093.42 910.7 640.12 442.16
6951481302241-back_camera0-30.jpg 185 1407.12 1131.78 1124.33 895.03 565.57 473.5
6951481302241-back_camera0-29.jpg 185 1412.21 1138.13 1108.79 912.21 606.84 451.85
6951481302241-back_camera0-32.jpg 185 1458.79 1132.06 1217.75 915.6 482.07 432.91
6951481302241-back_camera0-31.jpg 185 1420.27 1130.46 1166.42 897.66 507.7 465.61
6951481302241-back_camera0-34.jpg 185 1447.89 1125.2 1126.96 895.03 641.86 460.35
6951481302241-back_camera0-33.jpg 185 1458.82 1127.61 1183.69 910.36 550.26 434.5
6951481302241-back_camera0-35.jpg 185 1452.93 1127.62 1121.93 906.95 662.01 441.34
6951481302241-back_camera0-36.jpg 185 1443.94 1125.2 1095.39 897.66 697.1 455.09
6951481302241-back_camera0-37.jpg 185 1438.49 1126.31 1090.41 901.7 696.16 449.22
6951481302241-back_camera0-38.jpg 185 1422.94 1123.45 1082.53 905.15 680.82 436.61
6951481302241-back_camera0-4.jpg 185 1407.11 1116.0 1066.45 897.66 681.32 436.68
6951481302241-back_camera0-7.jpg 185 1379.38 1122.37 1043.12 906.95 672.52 430.83
6951481302241-back_camera0-5.jpg 185 1399.86 1120.27 1065.0 918.61 669.72 403.31
6951481302241-back_camera0-6.jpg 185 1393.96 1119.94 1042.78 897.66 702.37 444.57
6951481302241-back_camera1-14.jpg 185 1253.56 1059.88 952.0 726.87 603.12 666.02
6951481302241-back_camera1-17.jpg 185 1246.71 1068.51 903.89 754.58 685.65 627.86
6951481302241-back_camera1-15.jpg 185 1255.85 1064.76 932.35 735.71 646.99 658.09
6951481302241-back_camera1-18.jpg 185 1242.7 1066.01 900.73 766.13 683.95 599.77
6951481302241-back_camera1-19.jpg 185 1248.06 1064.46 933.55 794.35 629.02 540.22
6951481302241-back_camera1-16.jpg 185 1249.35 1064.57 911.77 738.82 675.15 651.5
6951481302241-back_camera1-1.jpg 185 1286.3 1028.69 1000.46 786.33 571.67 484.72
6951481302241-back_camera1-25.jpg 185 1286.11 1066.01 948.08 721.41 676.06 689.21
6951481302241-back_camera1-20.jpg 185 1245.4 1064.57 943.29 809.75 604.22 509.64
6951481302241-back_camera1-22.jpg 185 1280.52 1066.74 974.47 784.47 612.1 564.53
6951481302241-back_camera1-26.jpg 185 1283.48 1059.44 940.19 700.37 686.58 718.15
6951481302241-back_camera1-23.jpg 185 1284.29 1069.8 957.75 770.09 653.07 599.42
6951481302241-back_camera1-24.jpg 185 1288.74 1064.57 951.17 730.94 675.15 667.26
6951481302241-back_camera1-27.jpg 185 1291.38 1065.88 972.19 712.55 638.37 706.67
6951481302241-back_camera1-2.jpg 185 1282.9 1033.83 980.42 773.89 604.97 519.87
6951481302241-back_camera1-28.jpg 185 1287.43 1061.94 995.83 709.92 583.2 704.04
6951481302241-back_camera1-33.jpg 185 1321.58 1052.75 1029.98 712.55 583.2 680.4
6951481302241-back_camera1-36.jpg 185 1303.66 1049.86 977.13 713.15 653.07 673.42
6951481302241-back_camera1-37.jpg 185 1290.06 1043.66 945.45 710.89 689.21 665.54
6951481302241-back_camera1-34.jpg 185 1315.02 1056.69 1001.09 709.92 627.86 693.54
6951481302241-back_camera1-35.jpg 185 1310.37 1051.84 985.53 713.15 649.68 677.38
6951481302241-back_camera1-38.jpg 185 1291.37 1040.93 961.68 725.69 659.38 630.49
6951481302241-back_camera1-39.jpg 185 1283.83 1032.9 976.72 747.99 614.22 569.82
6951481302241-back_camera1-3.jpg 185 1274.3 1036.99 948.55 746.7 651.5 580.57
6951481302241-back_camera1-40.jpg 185 1270.32 1031.82 969.12 760.87 602.4 541.9
6951481302241-back_camera1-4.jpg 185 1268.82 1035.47 940.2 733.3 657.23 604.35
6951481302241-back_camera1-5.jpg 185 1258.53 1042.25 927.53 717.81 662.01 648.88
6951481302241-back_camera1-8.jpg 185 1228.24 1048.92 934.93 710.89 586.62 676.06
6951481302241-back_camera1-9.jpg 185 1222.23 1043.03 965.38 730.78 513.7 624.5
6951481302241-back_camera1-6.jpg 185 1245.4 1040.92 919.65 709.92 651.5 662.01
6951481302241-back_camera1-7.jpg 185 1236.09 1048.06 932.65 723.22 606.87 649.68
6951481302241-back_camera2-12.jpg 185 1173.15 811.07 872.36 565.44 601.59 491.25
6951481302241-back_camera2-11.jpg 185 1164.32 803.8 892.36 602.35 543.92 402.9
6951481302241-back_camera2-16.jpg 185 1187.16 804.53 875.27 486.16 623.78 636.73
6951481302241-back_camera2-14.jpg 185 1181.04 808.44 861.85 510.27 638.37 596.34
6951481302241-back_camera2-13.jpg 185 1176.94 813.48 863.9 539.9 626.08 547.16
6951481302241-back_camera2-17.jpg 185 1194.54 806.32 894.88 484.0 599.32 644.64
6951481302241-back_camera2-1.jpg 185 1142.74 767.45 927.03 476.77 431.42 581.36
6951481302241-back_camera2-27.jpg 185 1200.74 749.33 874.99 447.22 651.5 604.22
6951481302241-back_camera2-26.jpg 185 1202.09 755.96 884.8 446.23 634.57 619.46
6951481302241-back_camera2-32.jpg 185 1175.79 748.02 874.99 497.14 601.59 501.76
6951481302241-back_camera2-28.jpg 185 1194.53 749.66 882.28 473.93 624.5 551.47
6951481302241-back_camera2-31.jpg 185 1174.31 750.35 895.47 539.9 557.68 420.89
6951481302241-back_camera2-33.jpg 185 1169.22 745.39 853.97 465.61 630.49 559.56
6951481302241-back_camera2-35.jpg 185 1159.84 754.3 840.22 434.68 639.23 639.23
6951481302241-back_camera2-34.jpg 185 1158.01 742.12 841.99 448.75 632.05 586.73
6951481302241-back_camera2-38.jpg 185 1142.94 751.96 861.85 434.09 562.18 635.74
6951481302241-back_camera2-37.jpg 185 1152.99 755.96 859.62 438.67 586.73 634.57
6951481302241-back_camera2-39.jpg 185 1137.47 756.92 879.68 450.46 515.59 612.93
6951481302241-back_camera2-36.jpg 185 1148.2 746.7 830.33 423.58 635.74 646.25
6951481302241-back_camera2-6.jpg 185 1148.0 792.43 821.81 468.87 652.38 647.12
6951481302241-back_camera2-5.jpg 185 1140.33 786.11 825.08 460.36 630.49 651.5
6951481302241-back_camera2-4.jpg 185 1145.42 781.13 857.1 466.37 576.65 629.53
6951481302241-back_camera2-8.jpg 185 1145.38 797.69 816.55 505.7 657.65 583.99
6951481302241-back_camera2-7.jpg 185 1142.95 799.24 819.82 489.25 646.25 619.98
6951481302241-back_camera2-9.jpg 185 1149.21 798.76 849.55 549.47 599.32 498.59
6951481302241-back_camera3-10.jpg 185 1372.92 1284.36 1126.96 1023.93 491.92 520.86
6951481302241-back_camera3-12.jpg 185 1375.44 1294.44 1074.64 1035.68 601.59 517.52
6951481302241-back_camera3-11.jpg 185 1372.91 1279.09 1095.39 1013.4 555.05 531.38
6951481302241-back_camera3-13.jpg 185 1369.18 1292.68 1047.58 1042.31 643.2 500.75
6951481302241-back_camera3-14.jpg 185 1363.62 1295.75 1024.73 1038.3 677.77 514.9
6951481302241-back_camera3-17.jpg 185 1346.61 1288.3 998.06 1037.08 697.1 502.44
6951481302241-back_camera3-15.jpg 185 1359.11 1294.12 1018.08 1043.75 682.05 500.75
6951481302241-back_camera3-16.jpg 185 1353.11 1294.44 1003.71 1043.56 698.79 501.76
6951481302241-back_camera3-18.jpg 185 1349.24 1284.36 1016.47 1031.82 665.54 505.07
6951481302241-back_camera3-21.jpg 185 1391.33 1284.36 1061.19 1021.3 660.28 526.12
6951481302241-back_camera3-23.jpg 185 1393.65 1293.3 1056.94 1027.81 673.42 530.97
6951481302241-back_camera3-24.jpg 185 1392.51 1293.12 1048.37 1014.66 688.28 556.93
6951481302241-back_camera3-22.jpg 185 1390.02 1283.03 1045.41 1010.77 689.21 544.53
6951481302241-back_camera3-26.jpg 185 1385.95 1297.06 1061.51 1012.03 648.88 570.06
6951481302241-back_camera3-28.jpg 185 1384.24 1290.72 1121.53 1017.84 525.42 545.77
6951481302241-back_camera3-30.jpg 185 1424.89 1285.8 1186.23 1018.46 477.32 534.67
6951481302241-back_camera3-2.jpg 185 1379.49 1279.1 1042.78 1034.45 673.43 489.29
6951481302241-back_camera3-29.jpg 185 1393.82 1285.25 1156.08 1009.41 475.49 551.68
6951481302241-back_camera3-27.jpg 185 1371.6 1297.51 1063.82 1008.14 615.56 578.73
6951481302241-back_camera3-25.jpg 185 1392.93 1298.03 1059.92 1019.59 666.02 556.87
6951481302241-back_camera3-31.jpg 185 1427.98 1286.56 1148.2 1009.41 559.56 554.3
6951481302241-back_camera3-32.jpg 185 1424.22 1289.62 1116.44 1005.51 615.56 568.21
6951481302241-back_camera3-33.jpg 185 1420.27 1293.4 1101.9 1021.44 636.73 543.92
6951481302241-back_camera3-34.jpg 185 1408.42 1288.3 1063.82 1002.88 689.21 570.84
6951481302241-back_camera3-38.jpg 185 1384.74 1280.24 1069.97 1038.41 629.55 483.66
6951481302241-back_camera3-36.jpg 185 1400.54 1283.03 1055.93 1010.77 689.21 544.53
6951481302241-back_camera3-37.jpg 185 1389.89 1283.93 1053.63 1022.54 672.52 522.78
6951481302241-back_camera3-40.jpg 185 1398.43 1269.91 1104.27 1049.76 588.32 440.31
6951481302241-back_camera3-4.jpg 185 1363.7 1284.36 1016.47 1029.19 694.47 510.33
6951481302241-back_camera3-3.jpg 185 1371.49 1278.67 1032.61 1033.05 677.77 491.25
6951481302241-back_camera3-7.jpg 185 1329.51 1285.67 1032.26 1023.93 594.51 523.49
6951481302241-back_camera3-9.jpg 185 1329.52 1283.05 1082.24 1016.04 494.55 534.01
6951481302241-back_camera3-8.jpg 185 1330.85 1285.9 1066.29 1037.99 529.12 495.82
6951481302241_camera0-10.jpg 185 1313.7 1113.17 1032.61 880.68 562.18 464.98
6951481302241_camera0-12.jpg 185 1341.35 1112.05 1090.13 871.35 502.44 481.4
6951481302241_camera0-11.jpg 185 1307.85 1109.76 1066.11 876.83 483.48 465.85
6951481302241_camera0-23.jpg 185 1458.38 1110.73 1130.75 882.18 655.26 457.1
6951481302241_camera0-25.jpg 185 1462.36 1115.99 1105.91 879.24 712.89 473.5
6951481302241_camera0-27.jpg 185 1467.64 1116.15 1131.86 885.82 671.57 460.66
6951481302241_camera0-26.jpg 185 1470.83 1119.7 1128.57 889.37 684.52 460.66
6951481302241_camera0-2.jpg 185 1382.12 1108.1 1079.61 879.24 605.03 457.72
6951481302241_camera0-30.jpg 185 1463.02 1120.05 1193.84 888.8 538.37 462.51
6951481302241_camera0-33.jpg 185 1500.5 1105.47 1224.29 871.35 552.42 468.24
6951481302241_camera0-36.jpg 185 1462.36 1109.41 1134.85 873.98 655.01 470.87
6951481302241_camera0-38.jpg 185 1426.23 1109.32 1095.07 886.39 662.32 445.86
6951481302241_camera0-39.jpg 185 1412.4 1109.37 1093.27 891.99 638.27 434.76
6951481302241_camera0-6.jpg 185 1343.98 1098.89 1000.69 871.35 686.58 455.09
6951481302241_camera0-4.jpg 185 1375.55 1102.84 1050.67 873.98 649.75 457.72
6951481302241_camera1-13.jpg 185 1220.94 1103.18 945.02 765.41 551.85 675.54
6951481302241_camera1-16.jpg 185 1236.09 1114.8 902.43 781.14 667.31 667.31
6951481302241_camera1-15.jpg 185 1228.32 1115.8 898.63 765.09 659.38 701.42
6951481302241_camera1-14.jpg 185 1234.81 1106.79 929.66 760.87 610.3 691.84
6951481302241_camera1-17.jpg 185 1244.97 1121.45 911.04 793.99 667.87 654.92
6951481302241_camera1-21.jpg 185 1292.31 1105.78 1007.4 862.49 569.82 486.57
6951481302241_camera1-20.jpg 185 1257.18 1108.11 945.45 834.53 623.45 547.16
6951481302241_camera1-24.jpg 185 1323.28 1106.23 988.89 789.86 668.77 632.74
6951481302241_camera1-27.jpg 185 1338.72 1087.99 1025.13 754.06 627.17 667.87
6951481302241_camera1-26.jpg 185 1329.47 1096.1 998.46 757.21 662.01 677.77
6951481302241_camera1-23.jpg 185 1320.27 1108.14 1000.82 812.44 638.89 591.4
6951481302241_camera1-25.jpg 185 1330.79 1101.35 993.21 767.72 675.15 667.26
6951481302241_camera1-28.jpg 185 1336.81 1084.57 1045.96 748.4 581.69 672.34
6951481302241_camera1-29.jpg 185 1336.61 1070.58 1074.82 744.04 523.57 653.07
6951481302241_camera1-32.jpg 185 1359.68 1047.5 1106.17 730.94 507.02 633.11
6951481302241_camera1-35.jpg 185 1328.2 1034.45 1000.69 700.37 655.01 668.17
6951481302241_camera1-34.jpg 185 1338.66 1038.3 1035.24 709.92 606.84 656.76
6951481302241_camera1-36.jpg 185 1317.64 1027.8 987.95 699.42 659.38 656.76
6951481302241_camera1-33.jpg 185 1353.94 1043.45 1073.26 723.13 561.36 640.65
6951481302241_camera1-37.jpg 185 1291.37 1016.04 953.34 687.21 676.06 657.65
6951481302241_camera1-3.jpg 185 1244.46 1014.66 941.05 731.6 606.82 566.12
6951481302241_camera1-4.jpg 185 1229.83 1022.91 910.08 715.55 639.49 614.72
6951481302241_camera1-6.jpg 185 1200.61 1038.4 877.05 705.63 647.12 665.54
6951481302241_camera1-40.jpg 185 1251.55 1000.21 968.8 740.13 565.5 520.17
6951481302241_camera1-7.jpg 185 1194.03 1050.24 877.05 705.63 633.97 689.21
6951481302241_camera1-8.jpg 185 1186.3 1056.69 885.5 720.43 601.59 672.52
6951481302241_camera1-5.jpg 185 1219.04 1037.09 887.58 708.26 662.91 657.65
6951481302241_camera1-9.jpg 185 1178.16 1059.39 909.98 725.74 536.36 667.31
6951481302241_camera2-14.jpg 185 1268.82 1019.1 990.56 710.63 556.51 616.94
6951481302241_camera2-13.jpg 185 1261.12 1021.3 990.17 700.37 541.9 641.86
6951481302241_camera2-15.jpg 185 1259.81 1019.99 950.71 710.89 618.19 618.19
6951481302241_camera2-17.jpg 185 1263.06 1016.82 959.65 741.16 606.82 551.32
6951481302241_camera2-16.jpg 185 1265.07 1014.73 950.71 700.37 628.71 628.71
6951481302241_camera2-19.jpg 185 1256.37 1011.49 972.65 780.85 567.44 461.28
6951481302241_camera2-27.jpg 185 1259.8 1026.56 982.28 710.89 555.05 631.34
6951481302241_camera2-26.jpg 185 1247.84 1022.91 941.6 713.3 612.47 619.23
6951481302241_camera2-28.jpg 185 1249.28 1030.5 992.8 724.04 512.96 612.93
6951481302241_camera2-32.jpg 185 1269.01 1025.24 1021.73 724.04 494.55 602.4
6951481302241_camera2-34.jpg 185 1267.7 1034.45 982.28 721.41 570.84 626.08
6951481302241_camera2-33.jpg 185 1264.09 1025.01 988.09 717.16 552.0 615.69
6951481302241_camera2-35.jpg 185 1263.78 1021.62 965.38 715.67 596.8 611.91
6951481302241_camera2-36.jpg 185 1263.75 1025.24 953.34 729.3 620.82 591.88
6951481302241_camera2-6.jpg 185 1259.81 1019.99 950.71 703.0 618.19 633.97
6951481302241_camera3-11.jpg 185 1332.15 1309.35 1069.09 1034.45 526.12 549.79
6951481302241_camera3-12.jpg 185 1334.29 1316.24 1051.0 1048.06 566.58 536.36
6951481302241_camera3-13.jpg 185 1337.53 1321.82 1025.64 1048.78 623.78 546.08
6951481302241_camera3-17.jpg 185 1358.29 1324.13 1013.25 1068.82 690.07 510.62
6951481302241_camera3-16.jpg 185 1349.24 1330.38 998.06 1055.49 702.37 549.79
6951481302241_camera3-24.jpg 185 1438.49 1311.51 1087.78 1030.42 701.42 562.18
6951481302241_camera3-22.jpg 185 1435.53 1306.71 1098.82 1045.85 673.42 521.72
6951481302241_camera3-23.jpg 185 1436.04 1308.2 1090.08 1040.87 691.92 534.67
6951481302241_camera3-26.jpg 185 1439.8 1302.32 1108.79 1022.54 662.01 559.56
6951481302241_camera3-27.jpg 185 1437.17 1302.32 1135.06 1019.91 604.22 564.81
6951481302241_camera3-28.jpg 185 1436.49 1295.38 1171.66 1024.21 529.65 542.33
6951481302241_camera3-2.jpg 185 1343.91 1273.42 1022.1 1033.05 643.62 480.75
6951481302241_camera3-30.jpg 185 1472.68 1278.76 1241.43 1012.35 462.51 532.82
6951481302241_camera3-29.jpg 185 1442.42 1289.18 1200.74 1012.03 483.37 554.3
6951481302241_camera3-31.jpg 185 1469.88 1276.48 1209.82 1010.07 520.13 532.82
6951481302241_camera3-32.jpg 185 1462.36 1276.46 1161.16 1002.88 602.4 547.16
6951481302241_camera3-34.jpg 185 1437.84 1275.98 1115.93 1007.72 643.82 536.52
6951481302241_camera3-33.jpg 185 1451.62 1283.93 1135.06 1004.15 633.11 559.56
6951481302241_camera3-35.jpg 185 1415.01 1269.88 1079.61 994.99 670.8 549.79
6951481302241_camera3-36.jpg 185 1392.64 1271.2 1045.41 1002.88 694.47 536.64
6951481302241_camera3-37.jpg 185 1384.63 1270.8 1056.25 1014.66 656.76 512.27
6951481302241_camera3-3.jpg 185 1328.15 1277.36 993.21 1030.42 669.89 493.88
6951481302241_camera3-6.jpg 185 1286.11 1293.57 958.6 1026.56 655.01 534.01
6951481302241_camera3-8.jpg 185 1278.24 1298.38 990.58 1033.05 575.32 530.66
6951481302241_camera3-9.jpg 185 1274.3 1301.01 1019.48 1030.42 509.64 541.17
6951481302241_camera3-7.jpg 185 1286.94 1294.06 986.44 1030.03 601.0 528.06
