6914068018171-back_camera0-10.jpg 187 1322.52 1135.01 1033.79 937.85 577.46 394.32
6914068018171-back_camera0-16.jpg 187 1388.53 1146.26 1015.9 944.74 745.27 403.04
6914068018171-back_camera0-15.jpg 187 1387.39 1135.73 1029.63 934.49 715.52 402.48
6914068018171-back_camera0-14.jpg 187 1388.72 1144.12 1063.26 944.72 650.93 398.8
6914068018171-back_camera0-17.jpg 187 1389.12 1148.4 1005.88 943.35 766.49 410.11
6914068018171-back_camera0-18.jpg 187 1386.07 1135.73 998.06 934.49 776.02 402.48
6914068018171-back_camera0-2.jpg 187 1429.47 1131.79 1108.54 934.49 641.86 394.59
6914068018171-back_camera0-29.jpg 187 1443.76 1153.22 1117.09 941.8 653.35 422.84
6914068018171-back_camera0-34.jpg 187 1481.14 1144.56 1150.93 944.45 660.42 400.21
6914068018171-back_camera0-35.jpg 187 1473.13 1146.35 1122.42 944.83 701.43 403.04
6914068018171-back_camera0-33.jpg 187 1481.24 1146.16 1182.1 947.48 598.29 397.37
6914068018171-back_camera0-38.jpg 187 1408.43 1137.05 1045.41 934.49 726.04 405.11
6914068018171-back_camera0-3.jpg 187 1408.42 1138.36 1058.56 942.38 699.73 391.96
6914068018171-back_camera1-30.jpg 187 1257.85 1049.96 933.6 787.75 648.5 524.43
6914068018171-back_camera3-39.jpg 187 1371.09 1291.37 1041.38 1076.21 659.41 430.32
6914068018171_camera0-14.jpg 187 1409.91 1153.92 1077.49 944.26 664.84 419.32
6914068018171_camera0-13.jpg 187 1402.78 1151.9 1101.96 945.89 601.64 412.03
6914068018171_camera0-17.jpg 187 1410.63 1158.6 1025.17 946.84 770.92 423.51
6914068018171_camera0-15.jpg 187 1405.45 1153.9 1041.2 944.2 728.51 419.41
6914068018171_camera0-16.jpg 187 1409.49 1159.64 1028.37 949.28 762.24 420.72
6914068018171_camera0-19.jpg 187 1417.6 1150.3 1049.91 940.29 735.37 420.01
6914068018171_camera0-21.jpg 187 1439.43 1144.53 1099.32 950.08 680.22 388.9
6914068018171_camera0-25.jpg 187 1465.42 1151.77 1090.08 946.36 750.69 410.82
6914068018171_camera0-26.jpg 187 1456.26 1152.92 1087.98 949.34 736.55 407.17
6914068018171_camera0-35.jpg 187 1438.5 1143.75 1095.32 948.57 686.37 390.36
6914068018171_camera0-36.jpg 187 1428.09 1145.05 1061.81 947.06 732.55 395.97
6914068018171_camera0-40.jpg 187 1367.8 1136.35 1038.49 948.57 658.62 375.56
6914068018171_camera0-3.jpg 187 1376.81 1133.03 1031.75 945.65 690.12 374.76
6914068018171_camera0-5.jpg 187 1353.97 1139.22 985.81 948.67 736.32 381.11
6914068018171_camera1-13.jpg 187 1261.26 1113.54 950.27 755.96 621.98 715.15
6914068018171_camera1-16.jpg 187 1268.82 1117.31 902.43 763.51 732.78 707.6
6914068018171_camera1-15.jpg 187 1261.27 1126.12 907.47 760.99 707.6 730.26
6914068018171_camera1-19.jpg 187 1279.82 1101.88 947.3 809.77 665.04 584.22
6914068018171_camera1-18.jpg 187 1273.86 1109.76 920.06 781.14 707.6 657.23
6914068018171_camera1-21.jpg 187 1323.73 1095.36 999.53 821.48 648.4 547.76
6914068018171_camera1-17.jpg 187 1270.08 1111.02 904.95 771.07 730.26 679.9
6914068018171_camera1-1.jpg 187 1244.55 1029.71 931.9 779.76 625.3 499.91
6914068018171_camera1-20.jpg 187 1299.04 1092.13 985.53 834.02 627.02 516.22
6914068018171_camera1-22.jpg 187 1326.97 1093.9 981.86 795.59 690.21 596.63
6914068018171_camera1-27.jpg 187 1312.89 1071.98 988.05 723.22 649.68 697.52
6914068018171_camera1-37.jpg 187 1271.34 1034.21 915.02 715.67 712.63 637.09
6914068018171_camera1-36.jpg 187 1292.68 1041.03 927.03 708.26 731.3 665.54
6914068018171_camera1-38.jpg 187 1260.01 1029.17 915.02 720.7 689.97 616.94
6914068018171_camera1-35.jpg 187 1294.71 1038.77 940.21 697.74 709.0 682.06
6914068018171_camera1-3.jpg 187 1237.35 1048.06 892.36 748.4 689.97 599.32
6914068018171_camera1-40.jpg 187 1237.55 1027.69 926.12 780.16 622.86 495.06
6914068018171_camera1-4.jpg 187 1220.53 1060.75 857.08 722.76 726.89 675.98
6914068018171_camera1-5.jpg 187 1221.66 1064.7 861.27 708.26 720.78 712.89
6914068018171_camera2-10.jpg 187 1198.6 816.7 906.33 582.89 584.53 467.63
6914068018171_camera2-12.jpg 187 1216.42 811.2 901.26 549.38 630.32 523.65
6914068018171_camera1-6.jpg 187 1210.9 1078.28 857.1 725.74 707.6 705.08
6914068018171_camera2-11.jpg 187 1208.38 814.19 911.67 576.5 593.43 475.39
6914068018171_camera2-13.jpg 187 1217.16 799.36 886.24 504.5 661.84 589.71
6914068018171_camera2-14.jpg 187 1218.45 798.77 874.73 481.48 687.45 634.57
6914068018171_camera2-16.jpg 187 1223.81 781.41 889.16 432.58 669.3 697.66
6914068018171_camera2-17.jpg 187 1223.5 774.85 904.95 433.64 637.09 682.41
6914068018171_camera2-18.jpg 187 1223.27 768.76 923.82 433.08 598.9 671.37
6914068018171_camera2-19.jpg 187 1213.77 759.56 948.08 434.68 531.38 649.75
6914068018171_camera2-15.jpg 187 1224.74 793.73 882.28 461.34 684.93 664.79
6914068018171_camera2-20.jpg 187 1210.9 747.14 985.53 458.82 450.75 576.65
6914068018171_camera2-1.jpg 187 1135.81 810.57 916.19 522.09 439.23 576.95
6914068018171_camera2-22.jpg 187 1207.12 737.07 937.68 416.01 538.88 642.12
6914068018171_camera2-21.jpg 187 1210.14 743.92 967.66 442.5 484.96 602.85
6914068018171_camera2-24.jpg 187 1197.05 729.52 869.69 385.79 654.71 687.45
6914068018171_camera2-26.jpg 187 1178.16 723.23 831.92 393.35 692.49 659.75
6914068018171_camera2-23.jpg 187 1201.12 737.44 897.67 398.54 606.91 677.81
6914068018171_camera2-27.jpg 187 1169.35 728.26 829.4 416.01 679.9 624.5
6914068018171_camera2-28.jpg 187 1163.05 729.53 829.4 436.16 667.31 586.73
6914068018171_camera2-25.jpg 187 1188.28 731.31 847.48 383.9 681.59 694.82
6914068018171_camera2-2.jpg 187 1148.0 808.22 871.79 484.66 552.42 647.12
6914068018171_camera2-30.jpg 187 1145.42 738.34 857.1 514.22 576.65 448.23
6914068018171_camera2-31.jpg 187 1141.72 740.69 844.14 501.29 595.17 478.8
6914068018171_camera2-33.jpg 187 1129.59 749.04 790.24 429.42 678.69 639.23
6914068018171_camera2-34.jpg 187 1127.44 759.31 784.29 433.88 686.31 650.86
6914068018171_camera2-32.jpg 187 1137.16 743.0 826.35 482.92 621.62 520.17
6914068018171_camera2-35.jpg 187 1124.33 772.7 774.46 421.52 699.73 702.37
6914068018171_camera2-37.jpg 187 1119.35 776.26 793.38 428.37 651.94 695.78
6914068018171_camera2-36.jpg 187 1125.29 769.81 786.6 428.6 677.38 682.41
6914068018171_camera2-39.jpg 187 1129.59 792.44 871.79 476.77 515.59 631.34
6914068018171_camera2-38.jpg 187 1121.51 782.4 821.85 446.23 599.32 672.34
6914068018171_camera2-40.jpg 187 1134.42 799.6 907.14 511.1 454.56 576.99
6914068018171_camera2-3.jpg 187 1145.43 820.17 854.59 489.04 581.69 662.27
6914068018171_camera2-5.jpg 187 1160.51 828.67 818.77 484.81 683.48 687.73
6914068018171_camera2-7.jpg 187 1174.31 821.38 829.7 482.03 689.21 678.69
6914068018171_camera2-6.jpg 187 1166.41 826.81 816.4 492.35 700.02 668.91
6914068018171_camera2-4.jpg 187 1154.24 822.68 831.92 481.48 644.64 682.41
6914068018171_camera2-9.jpg 187 1188.78 822.68 856.01 547.79 665.54 549.79
6914068018171_camera2-8.jpg 187 1180.58 829.68 842.69 525.22 675.78 608.93
6914068018171_camera3-10.jpg 187 1364.19 1330.88 1093.35 1069.26 541.68 523.24
6914068018171_camera3-18.jpg 187 1382.08 1321.46 1027.12 1074.68 709.92 493.55
6914068018171_camera3-17.jpg 187 1381.04 1327.53 1011.94 1070.15 738.2 514.76
6914068018171_camera3-19.jpg 187 1409.22 1318.22 1077.13 1090.66 664.17 455.11
6914068018171_camera3-22.jpg 187 1437.31 1322.1 1062.95 1070.4 748.71 503.39
6914068018171_camera3-21.jpg 187 1438.62 1317.86 1084.64 1079.36 707.96 477.01
6914068018171_camera3-23.jpg 187 1424.21 1321.19 1053.3 1063.39 741.82 515.59
6914068018171_camera3-25.jpg 187 1421.58 1320.87 1065.2 1057.22 712.75 527.29
6914068018171_camera3-27.jpg 187 1409.17 1310.52 1109.46 1057.06 599.42 506.92
6914068018171_camera3-29.jpg 187 1418.79 1301.81 1160.0 1052.24 517.57 499.14
6914068018171_camera3-24.jpg 187 1427.8 1316.77 1056.58 1056.56 742.45 520.42
6914068018171_camera3-30.jpg 187 1441.67 1300.59 1170.63 1055.08 542.08 491.03
6914068018171_camera3-2.jpg 187 1336.6 1297.06 973.56 1057.66 726.08 478.8
6914068018171_camera3-26.jpg 187 1413.99 1314.32 1085.61 1056.23 656.77 516.17
6914068018171_camera3-33.jpg 187 1412.99 1304.54 1064.12 1047.64 697.74 513.79
6914068018171_camera3-31.jpg 187 1436.98 1301.42 1133.53 1048.31 606.91 506.23
6914068018171_camera3-32.jpg 187 1429.7 1301.06 1104.24 1047.12 650.93 507.89
6914068018171_camera3-34.jpg 187 1406.18 1294.43 1045.42 1042.82 721.52 503.22
6914068018171_camera3-37.jpg 187 1358.45 1292.24 998.06 1050.23 720.78 484.03
6914068018171_camera3-38.jpg 187 1340.97 1285.69 1003.34 1062.76 675.27 445.86
6914068018171_camera3-35.jpg 187 1379.63 1296.47 1014.07 1041.91 731.13 509.11
6914068018171_camera3-40.jpg 187 1353.19 1286.99 1024.37 1060.76 657.65 452.46
6914068018171_camera3-3.jpg 187 1333.86 1300.94 969.92 1055.94 727.87 490.0
6914068018171_camera3-5.jpg 187 1307.4 1316.65 945.37 1051.49 724.06 530.32
6914068018171_camera3-4.jpg 187 1316.66 1309.95 952.79 1053.1 727.74 513.7
6914068018171_camera3-8.jpg 187 1295.64 1321.12 992.39 1059.8 606.5 522.64
6914068018171_camera3-7.jpg 187 1294.05 1321.98 961.01 1051.87 666.08 540.22
6914068018171_camera3-9.jpg 187 1306.91 1318.83 1040.5 1063.52 532.82 510.62
