6901236344033-back_camera0-13.jpg 188 1461.05 1048.92 1205.88 852.94 510.33 391.96
6901236344033-back_camera0-16.jpg 188 1432.11 1058.12 1124.33 863.46 615.56 389.33
6901236344033-back_camera0-26.jpg 188 1351.88 1058.12 1024.37 860.83 655.01 394.59
6901236344033-back_camera0-40.jpg 188 1422.89 1058.12 1100.65 855.57 644.49 405.11
6901236344033-back_camera0-3.jpg 188 1459.72 1056.81 1137.48 860.83 644.49 391.96
6901236344033-back_camera0-7.jpg 188 1453.15 1046.29 1134.85 839.79 636.6 413.0
6901236344033-back_camera0-9.jpg 188 1446.57 1059.44 1148.0 860.83 597.14 397.22
6901236344033-back_camera3-10.jpg 188 1301.89 1140.2 936.24 856.1 731.3 568.21
6901236344033-back_camera3-19.jpg 188 1322.93 1136.26 928.35 856.1 789.17 560.31
6901236344033-back_camera3-22.jpg 188 1313.73 1119.16 938.87 858.73 749.72 520.86
6901236344033-back_camera3-3.jpg 188 1308.47 1123.1 959.92 877.14 697.1 491.92
6901236344033_camera0-14.jpg 188 1432.1 1049.44 1128.27 848.2 607.66 402.48
6901236344033_camera0-15.jpg 188 1421.59 1053.39 1104.6 853.47 633.97 399.85
6901236344033_camera0-26.jpg 188 1374.23 1063.91 1049.36 863.99 649.75 399.85
6901236344033_camera0-28.jpg 188 1370.29 1059.97 1070.4 858.73 599.77 402.48
6901236344033_camera0-40.jpg 188 1409.74 1054.71 1112.49 861.36 594.51 386.7
6901236344033_camera0-8.jpg 188 1413.69 1056.02 1112.49 850.83 602.4 410.37
6901236344033_camera1-10.jpg 188 1399.22 829.79 991.48 390.48 815.48 878.61
6901236344033_camera1-13.jpg 188 1400.53 799.54 1083.55 387.85 633.97 823.37
6901236344033_camera1-17.jpg 188 1346.61 816.63 902.04 379.96 889.14 873.35
6901236344033_camera1-18.jpg 188 1325.57 820.58 865.22 385.22 920.7 870.72
6901236344033_camera1-19.jpg 188 1301.89 823.22 833.65 403.64 936.49 839.16
6901236344033_camera1-1.jpg 188 1436.05 879.76 973.07 490.44 925.96 778.65
6901236344033_camera1-25.jpg 188 1291.38 867.93 828.39 472.03 925.97 791.81
6901236344033_camera1-24.jpg 188 1301.89 848.2 870.48 482.55 862.83 731.3
6901236344033_camera1-26.jpg 188 1301.89 879.77 823.13 458.88 957.53 841.79
6901236344033_camera1-28.jpg 188 1291.37 911.34 815.23 456.25 952.27 910.18
6901236344033_camera1-29.jpg 188 1296.63 912.65 833.65 443.09 925.96 939.12
6901236344033_camera1-30.jpg 188 1294.0 917.92 852.06 448.36 883.88 939.12
6901236344033_camera1-31.jpg 188 1303.21 924.49 909.94 472.03 786.54 904.92
6901236344033_camera1-33.jpg 188 1380.8 916.61 1044.09 493.08 673.43 847.05
6901236344033_camera1-32.jpg 188 1316.37 917.91 962.55 477.29 707.63 881.24
6901236344033_camera1-34.jpg 188 1408.43 920.55 1033.57 477.29 749.72 886.51
6901236344033_camera1-35.jpg 188 1434.73 935.01 1020.42 479.92 828.63 910.18
6901236344033_camera1-37.jpg 188 1440.0 931.07 962.55 469.4 954.9 923.33
6901236344033_camera1-36.jpg 188 1446.57 925.81 999.37 461.51 894.4 928.6
6901236344033_camera1-38.jpg 188 1442.63 916.6 957.29 456.25 970.68 920.7
6901236344033_camera1-39.jpg 188 1441.31 908.71 944.13 466.77 994.36 883.88
6901236344033_camera1-3.jpg 188 1483.4 850.84 1049.36 511.49 868.09 678.69
6901236344033_camera1-40.jpg 188 1440.0 895.56 962.55 477.29 954.9 836.53
6901236344033_camera1-7.jpg 188 1451.84 844.26 980.96 424.68 941.75 839.16
6901236344033_camera1-8.jpg 188 1433.42 839.0 970.44 403.64 925.96 870.72
6901236344033_camera1-9.jpg 188 1413.69 833.74 975.7 387.85 875.98 891.77
6901236344033_camera2-23.jpg 188 1301.89 983.67 928.35 574.62 747.09 818.11
6901236344033_camera2-24.jpg 188 1325.57 978.41 930.98 574.62 789.17 807.59
6901236344033_camera2-35.jpg 188 1313.73 1013.93 930.98 600.93 765.5 826.0
6901236344033_camera2-3.jpg 188 1363.7 1004.72 994.11 603.56 739.19 802.33
6901236344033_camera2-4.jpg 188 1357.14 1006.04 959.92 603.56 794.44 804.96
6901236344033_camera2-6.jpg 188 1361.08 998.15 952.02 627.24 818.11 741.82
6901236344033_camera2-5.jpg 188 1351.87 994.2 952.02 600.93 799.7 786.54
