6901687353417-back_camera0-18.jpg 194 1423.51 1123.61 885.14 1032.95 1076.73 181.31
6901687353417-back_camera0-31.jpg 194 1423.91 1119.03 1047.43 1036.7 752.97 164.66
6901687353417-back_camera0-32.jpg 194 1474.1 1124.08 1066.11 1034.98 815.98 178.19
6901687353417-back_camera0-30.jpg 194 1351.88 1124.73 976.05 1042.27 751.65 164.92
6901687353417-back_camera0-29.jpg 194 1348.42 1127.01 917.12 1038.45 862.61 177.11
6901687353417-back_camera0-33.jpg 194 1471.65 1131.04 1007.21 1032.87 928.88 196.34
6901687353417-back_camera1-12.jpg 194 1267.49 1201.1 875.71 826.71 783.56 748.77
6901687353417-back_camera1-15.jpg 194 1240.05 1218.88 747.33 824.85 985.43 788.06
6901687353417-back_camera1-14.jpg 194 1254.22 1220.53 772.28 826.47 963.88 788.12
6901687353417-back_camera1-1.jpg 194 1311.49 1157.34 868.46 900.88 886.05 512.91
6901687353417-back_camera1-40.jpg 194 1280.7 1150.55 829.07 908.78 903.27 483.54
6901687353417_camera0-11.jpg 194 1483.68 1123.24 1096.04 1025.5 775.28 195.48
6901687353417_camera0-12.jpg 194 1528.27 1121.06 1134.32 1026.51 787.9 189.1
6901687353417_camera0-10.jpg 194 1401.26 1128.49 1010.86 1021.22 780.8 214.53
6901687353417_camera0-14.jpg 194 1515.69 1122.17 1027.28 1025.44 976.83 193.46
6901687353417_camera0-13.jpg 194 1514.57 1111.94 1054.55 988.02 920.03 247.85
6901687353417_camera0-16.jpg 194 1476.36 1123.37 939.14 1023.09 1074.44 200.55
6901687353417_camera0-17.jpg 194 1451.51 1119.0 917.11 1021.47 1068.81 195.05
6901687353417_camera0-15.jpg 194 1496.66 1122.35 964.45 1007.56 1064.43 229.58
6901687353417_camera0-18.jpg 194 1434.01 1116.96 900.4 1022.61 1067.22 188.71
6901687353417_camera0-20.jpg 194 1400.62 1112.35 900.31 1030.68 1000.62 163.33
6901687353417_camera0-26.jpg 194 1358.03 1120.87 788.54 1010.55 1138.97 220.64
6901687353417_camera0-24.jpg 194 1428.18 1112.47 888.97 1027.15 1078.43 170.63
6901687353417_camera0-22.jpg 194 1466.46 1107.09 968.31 1043.88 996.31 126.41
6901687353417_camera0-23.jpg 194 1449.1 1111.44 926.12 1041.96 1045.96 138.96
6901687353417_camera0-29.jpg 194 1355.04 1125.34 898.85 1022.47 912.37 205.73
6901687353417_camera0-25.jpg 194 1406.8 1115.31 865.15 1032.39 1083.3 165.83
6901687353417_camera0-28.jpg 194 1354.47 1121.58 869.09 1018.87 970.75 205.42
6901687353417_camera0-27.jpg 194 1367.15 1120.83 857.33 1028.06 1019.65 185.53
6901687353417_camera0-30.jpg 194 1342.14 1122.04 946.52 1026.02 791.25 192.04
6901687353417_camera0-31.jpg 194 1428.89 1118.38 1034.86 1024.67 788.06 187.43
6901687353417_camera0-32.jpg 194 1463.53 1124.78 1052.82 1037.57 821.43 174.43
6901687353417_camera0-34.jpg 194 1456.52 1124.51 957.11 1028.14 998.82 192.73
6901687353417_camera0-33.jpg 194 1461.72 1125.58 998.04 1030.77 927.37 189.61
6901687353417_camera0-35.jpg 194 1443.09 1126.54 912.16 1022.18 1061.87 208.73
6901687353417_camera0-3.jpg 194 1483.42 1129.02 939.51 1048.14 1087.83 161.75
6901687353417_camera0-8.jpg 194 1416.88 1128.87 928.8 1027.29 976.17 203.15
6901687353417_camera0-9.jpg 194 1408.03 1129.44 970.28 1023.15 875.5 212.59
6901687353417_camera1-10.jpg 194 1209.26 1199.0 874.4 863.21 669.72 671.57
6901687353417_camera1-12.jpg 194 1264.16 1232.1 858.98 839.43 810.37 785.34
6901687353417_camera1-13.jpg 194 1262.53 1241.96 814.3 836.54 896.46 810.84
6901687353417_camera1-16.jpg 194 1242.7 1237.01 727.11 855.57 1031.19 762.87
6901687353417_camera1-19.jpg 194 1262.43 1215.96 792.87 945.01 939.12 541.9
6901687353417_camera1-22.jpg 194 1317.9 1220.58 823.01 891.27 989.78 658.62
6901687353417_camera1-20.jpg 194 1304.35 1212.04 839.08 953.95 930.53 516.18
6901687353417_camera1-1.jpg 194 1272.7 1142.53 819.04 874.16 907.33 536.73
6901687353417_camera1-21.jpg 194 1321.25 1218.36 845.26 929.63 951.98 577.46
6901687353417_camera1-27.jpg 194 1281.19 1216.03 852.22 815.93 857.94 800.19
6901687353417_camera1-28.jpg 194 1276.01 1203.83 890.74 823.95 770.55 759.76
6901687353417_camera1-24.jpg 194 1307.39 1230.65 797.52 841.11 1019.75 779.09
6901687353417_camera1-30.jpg 194 1330.17 1178.06 996.43 845.02 667.49 666.08
6901687353417_camera1-32.jpg 194 1345.62 1182.78 935.17 801.28 820.91 762.99
6901687353417_camera1-31.jpg 194 1347.93 1181.76 990.17 818.74 715.52 726.04
6901687353417_camera1-37.jpg 194 1250.68 1153.66 752.76 813.76 995.85 679.8
6901687353417_camera1-38.jpg 194 1243.9 1143.17 772.14 841.08 943.53 604.18
6901687353417_camera1-40.jpg 194 1252.88 1124.45 802.47 898.18 900.83 452.54
6901687353417_camera1-39.jpg 194 1228.63 1134.04 785.41 872.39 886.44 523.3
6901687353417_camera1-9.jpg 194 1179.03 1198.94 810.64 832.67 736.79 732.55
6901687353417_camera1-8.jpg 194 1174.26 1198.84 777.42 823.28 793.68 751.12
6901687353417_camera1-7.jpg 194 1182.2 1200.17 716.59 808.22 931.23 783.91
6901687353417_camera2-10.jpg 194 1195.48 836.23 807.9 556.87 775.17 558.72
6901687353417_camera2-15.jpg 194 1222.36 816.74 758.72 348.63 927.28 936.22
6901687353417_camera2-13.jpg 194 1215.88 828.68 753.37 424.44 925.03 808.48
6901687353417_camera2-20.jpg 194 1229.82 773.52 925.69 375.47 608.25 796.09
6901687353417_camera2-18.jpg 194 1224.3 792.44 842.86 345.24 762.87 894.4
6901687353417_camera2-17.jpg 194 1228.53 806.32 821.85 345.5 813.36 921.64
6901687353417_camera2-19.jpg 194 1224.83 786.23 925.12 380.14 599.42 812.18
6901687353417_camera2-22.jpg 194 1219.28 769.42 850.89 319.01 736.79 900.83
6901687353417_camera2-21.jpg 194 1225.13 773.34 902.54 352.1 645.19 842.47
6901687353417_camera2-24.jpg 194 1213.35 755.08 772.12 284.86 882.45 940.43
6901687353417_camera2-28.jpg 194 1178.88 748.5 738.57 386.82 880.63 723.37
6901687353417_camera2-27.jpg 194 1186.54 747.72 729.19 350.33 914.7 794.79
6901687353417_camera2-30.jpg 194 1165.1 747.71 771.83 471.5 786.54 552.42
6901687353417_camera2-31.jpg 194 1163.89 753.63 742.47 431.2 842.85 644.87
6901687353417_camera2-32.jpg 194 1151.94 756.92 700.8 376.8 902.29 760.24
6901687353417_camera2-34.jpg 194 1141.65 771.07 670.76 332.91 941.78 876.31
6901687353417_camera2-35.jpg 194 1137.29 772.71 679.57 314.99 915.44 915.44
6901687353417_camera2-33.jpg 194 1149.29 767.99 690.47 355.42 917.63 825.13
6901687353417_camera2-36.jpg 194 1134.85 781.5 700.35 315.06 868.99 932.89
6901687353417_camera2-39.jpg 194 1135.89 788.42 803.44 360.56 664.9 855.72
6901687353417_camera2-40.jpg 194 1137.88 807.59 867.18 421.05 541.4 773.07
6901687353417_camera2-37.jpg 194 1125.64 787.17 721.85 332.08 807.59 910.18
6901687353417_camera2-5.jpg 194 1159.75 833.14 681.2 366.52 957.09 933.24
6901687353417_camera2-7.jpg 194 1172.73 843.78 709.94 423.89 925.58 839.79
6901687353417_camera2-6.jpg 194 1168.5 839.57 702.29 402.03 932.43 875.08
6901687353417_camera2-9.jpg 194 1187.59 838.83 757.79 503.08 859.59 671.5
6901687353417_camera3-12.jpg 194 1470.84 1398.09 997.33 1183.56 947.01 429.05
6901687353417_camera3-11.jpg 194 1481.61 1399.74 1050.13 1190.68 862.96 418.12
6901687353417_camera3-15.jpg 194 1419.32 1395.12 896.7 1193.96 1045.24 402.33
6901687353417_camera3-17.jpg 194 1372.76 1383.59 868.5 1213.28 1008.51 340.62
6901687353417_camera3-19.jpg 194 1395.23 1369.31 910.52 1244.43 969.43 249.76
6901687353417_camera3-18.jpg 194 1364.88 1377.07 884.86 1231.61 960.03 290.92
6901687353417_camera3-27.jpg 194 1311.99 1407.8 887.86 1202.75 848.25 410.1
6901687353417_camera3-30.jpg 194 1426.32 1404.1 1059.09 1206.14 734.47 395.91
6901687353417_camera3-31.jpg 194 1421.57 1414.22 974.38 1198.56 894.37 431.33
6901687353417_camera3-33.jpg 194 1408.04 1417.5 893.26 1197.35 1029.56 440.31
6901687353417_camera3-38.jpg 194 1358.1 1395.34 864.75 1246.85 986.69 296.98
6901687353417_camera3-34.jpg 194 1394.52 1419.56 864.48 1205.88 1060.08 427.36
6901687353417_camera3-36.jpg 194 1365.51 1410.66 836.92 1216.42 1057.17 388.47
6901687353417_camera3-35.jpg 194 1386.76 1414.78 853.02 1206.65 1067.48 416.26
6901687353417_camera3-3.jpg 194 1419.14 1413.07 876.06 1193.71 1086.16 438.72
6901687353417_camera3-4.jpg 194 1400.84 1418.38 882.82 1195.45 1036.03 445.86
6901687353417_camera3-8.jpg 194 1365.24 1405.69 986.71 1209.38 757.06 392.61
6901687353417_camera3-6.jpg 194 1385.37 1412.84 910.52 1189.44 949.7 446.79
6901687353417_camera3-7.jpg 194 1370.34 1404.85 937.42 1183.56 865.84 442.58
