6930114504085-back_camera0-12.jpg 195 1383.44 1243.58 1279.53 1150.19 207.82 186.77
6930114504085-back_camera0-10.jpg 195 1375.55 1242.27 1282.16 1152.83 186.77 178.88
6930114504085-back_camera0-13.jpg 195 1390.02 1238.32 1253.23 1142.3 273.58 192.03
6930114504085-back_camera0-18.jpg 195 1412.37 1242.27 1197.98 1152.83 428.78 178.88
6930114504085-back_camera0-1.jpg 195 1396.45 1236.64 1190.23 1156.52 412.44 160.25
6930114504085-back_camera0-29.jpg 195 1426.61 1243.2 1308.77 1156.82 235.67 172.76
6930114504085-back_camera0-34.jpg 195 1436.52 1242.54 1281.21 1147.52 310.62 190.03
6930114504085-back_camera0-2.jpg 195 1393.96 1231.74 1174.31 1144.93 439.31 173.62
6930114504085-back_camera0-33.jpg 195 1437.15 1241.23 1313.07 1154.43 248.16 173.59
6930114504085-back_camera0-32.jpg 195 1432.11 1239.63 1318.99 1142.3 226.23 194.66
6930114504085-back_camera0-36.jpg 195 1430.79 1238.32 1232.18 1139.67 397.22 197.29
6930114504085-back_camera0-39.jpg 195 1405.13 1236.89 1202.61 1159.42 405.05 154.95
6930114504085-back_camera0-40.jpg 195 1395.28 1234.37 1174.31 1144.93 441.94 178.88
6930114504085-back_camera0-3.jpg 195 1390.99 1235.3 1183.45 1162.81 415.08 144.98
6930114504085-back_camera0-7.jpg 195 1371.32 1240.83 1206.17 1164.03 330.29 153.59
6930114504085-back_camera0-5.jpg 195 1376.87 1233.06 1171.68 1150.19 410.37 165.73
6930114504085-back_camera0-6.jpg 195 1376.86 1244.9 1190.09 1152.83 373.54 184.14
6930114504085-back_camera0-4.jpg 195 1383.44 1231.74 1174.31 1150.19 418.26 163.1
6930114504085-back_camera0-8.jpg 195 1369.66 1242.0 1224.03 1162.78 291.26 158.45
6930114504085-back_camera0-9.jpg 195 1368.97 1231.74 1232.18 1131.78 273.58 199.92
6930114504085-back_camera1-13.jpg 195 1255.1 1150.23 1114.4 976.65 281.39 347.16
6930114504085-back_camera1-12.jpg 195 1251.04 1145.9 1138.45 971.47 225.18 348.87
6930114504085-back_camera1-15.jpg 195 1263.75 1155.45 1082.24 989.73 363.02 331.45
6930114504085-back_camera1-14.jpg 195 1255.78 1150.81 1102.87 986.34 305.83 328.93
6930114504085-back_camera1-16.jpg 195 1265.07 1154.14 1076.98 1000.25 376.17 307.78
6930114504085-back_camera1-1.jpg 195 1258.03 1122.67 1073.29 1048.28 369.49 148.79
6930114504085-back_camera1-20.jpg 195 1278.22 1155.46 1084.87 1073.91 386.7 163.1
6930114504085-back_camera1-2.jpg 195 1257.22 1125.0 1061.51 1025.17 391.43 199.65
6930114504085-back_camera1-32.jpg 195 1295.31 1127.62 1177.1 946.36 236.43 362.53
6930114504085-back_camera1-35.jpg 195 1286.12 1121.25 1113.81 958.16 344.61 326.19
6930114504085-back_camera1-34.jpg 195 1286.97 1120.55 1136.1 957.44 301.75 326.21
6930114504085-back_camera1-38.jpg 195 1270.51 1122.05 1079.44 1013.98 382.14 216.13
6930114504085-back_camera1-33.jpg 195 1294.0 1123.68 1153.45 943.73 281.09 359.9
6930114504085-back_camera1-36.jpg 195 1275.59 1113.37 1082.24 963.42 386.7 299.89
6930114504085-back_camera1-39.jpg 195 1262.14 1120.9 1076.89 1038.18 370.49 165.44
6930114504085-back_camera1-3.jpg 195 1250.66 1124.99 1058.88 1004.15 383.55 241.69
6930114504085-back_camera1-37.jpg 195 1271.64 1118.63 1084.87 989.73 373.54 257.8
6930114504085-back_camera1-5.jpg 195 1241.0 1129.71 1073.13 984.95 335.73 289.52
6930114504085-back_camera1-4.jpg 195 1246.71 1126.31 1061.51 988.39 370.41 275.84
6930114504085-back_camera1-40.jpg 195 1255.86 1123.89 1058.56 1039.71 394.59 168.36
6930114504085-back_camera1-6.jpg 195 1237.91 1130.93 1084.32 975.98 307.19 309.9
6930114504085-back_camera2-11.jpg 195 1192.72 814.79 1011.21 726.67 363.02 176.25
6930114504085-back_camera2-10.jpg 195 1190.09 814.79 1013.84 739.82 352.5 149.94
6930114504085-back_camera2-18.jpg 195 1208.74 794.59 1095.45 611.87 226.57 365.44
6930114504085-back_camera2-16.jpg 195 1200.62 800.33 1053.3 631.97 294.63 336.71
6930114504085-back_camera2-19.jpg 195 1207.19 784.54 1113.81 595.14 186.77 378.8
6930114504085-back_camera2-1.jpg 195 1164.2 801.45 1090.8 627.47 146.8 347.96
6930114504085-back_camera2-21.jpg 195 1205.99 784.79 1119.3 604.84 173.38 359.9
6930114504085-back_camera2-22.jpg 195 1204.68 778.23 1098.29 594.34 212.79 367.78
6930114504085-back_camera2-23.jpg 195 1202.02 777.33 1082.3 606.86 239.45 340.94
6930114504085-back_camera2-25.jpg 195 1193.04 770.68 1034.86 609.37 316.36 322.63
6930114504085-back_camera2-24.jpg 195 1196.81 774.29 1053.63 602.22 286.35 344.14
6930114504085-back_camera2-2.jpg 195 1169.21 804.5 1066.76 620.61 204.91 367.78
6930114504085-back_camera2-30.jpg 195 1174.31 767.44 995.43 695.1 357.76 144.68
6930114504085-back_camera2-3.jpg 195 1170.54 808.44 1045.75 628.49 249.57 359.9
6930114504085-back_camera2-4.jpg 195 1170.53 813.69 1027.36 636.37 286.35 354.65
6930114504085-back_camera2-7.jpg 195 1175.62 817.43 998.06 679.32 355.13 276.21
6930114504085-back_camera3-16.jpg 195 1374.12 1407.4 1163.96 1295.75 420.32 223.3
6930114504085-back_camera3-1.jpg 195 1361.27 1385.16 1160.3 1304.19 401.94 161.94
6930114504085-back_camera3-24.jpg 195 1393.96 1397.47 1208.51 1268.57 370.91 257.8
6930114504085-back_camera3-2.jpg 195 1353.18 1388.27 1142.74 1286.99 420.89 202.55
6930114504085-back_camera3-26.jpg 195 1396.07 1400.62 1252.24 1270.6 287.66 260.05
6930114504085-back_camera3-27.jpg 195 1395.28 1392.21 1271.64 1247.53 247.27 289.36
6930114504085-back_camera3-30.jpg 195 1406.8 1391.61 1306.61 1264.03 200.39 255.15
6930114504085-back_camera3-32.jpg 195 1404.34 1390.33 1248.03 1256.35 312.62 267.96
6930114504085-back_camera3-31.jpg 195 1403.17 1390.89 1269.01 1252.79 268.32 276.21
6930114504085-back_camera3-33.jpg 195 1401.71 1389.01 1229.64 1258.97 344.14 260.08
6930114504085-back_camera3-35.jpg 195 1391.2 1385.08 1184.98 1264.23 412.44 241.69
6930114504085-back_camera3-3.jpg 195 1350.87 1394.75 1157.4 1291.67 386.93 206.15
6930114504085-back_camera3-40.jpg 195 1363.62 1385.07 1158.71 1298.38 409.82 173.38
6930114504085-back_camera3-4.jpg 195 1345.7 1393.09 1163.57 1284.35 364.27 217.48
6930114504085-back_camera3-5.jpg 195 1338.72 1396.15 1169.05 1273.83 339.35 244.64
6930114504085-back_camera3-7.jpg 195 1339.97 1395.58 1211.25 1264.23 257.45 262.7
6930114504085-back_camera3-8.jpg 195 1338.72 1394.84 1229.55 1260.68 218.34 268.32
6930114504085-back_camera3-6.jpg 195 1340.07 1394.4 1193.95 1275.47 292.23 237.86
6930114504085_camera0-10.jpg 195 1380.7 1247.15 1266.42 1156.52 228.55 181.26
6930114504085_camera0-13.jpg 195 1412.89 1250.49 1300.08 1164.18 225.63 172.62
6930114504085_camera0-15.jpg 195 1430.61 1249.78 1263.79 1153.89 333.63 191.77
6930114504085_camera0-16.jpg 195 1438.22 1247.04 1251.82 1159.59 372.81 174.9
6930114504085_camera0-14.jpg 195 1422.55 1248.82 1286.24 1162.02 272.62 173.59
6930114504085_camera0-18.jpg 195 1446.37 1247.15 1237.52 1161.77 417.7 170.76
6930114504085_camera0-21.jpg 195 1450.16 1239.92 1247.44 1171.77 405.44 136.31
6930114504085_camera0-17.jpg 195 1445.06 1248.46 1240.15 1156.52 409.82 183.89
6930114504085_camera0-19.jpg 195 1447.89 1243.59 1232.18 1155.46 431.42 176.25
6930114504085_camera0-20.jpg 195 1449.33 1244.88 1239.91 1165.67 418.83 158.41
6930114504085_camera0-22.jpg 195 1458.53 1240.18 1258.05 1174.93 400.97 130.49
6930114504085_camera0-23.jpg 195 1455.56 1237.95 1242.77 1161.77 425.58 152.37
6930114504085_camera0-24.jpg 195 1451.5 1238.67 1248.2 1167.6 406.6 142.14
6930114504085_camera0-27.jpg 195 1436.99 1240.05 1260.02 1153.91 353.95 172.28
6930114504085_camera0-26.jpg 195 1441.11 1239.27 1250.65 1153.89 380.92 170.76
6930114504085_camera0-28.jpg 195 1425.89 1238.28 1279.68 1154.98 292.43 166.6
6930114504085_camera0-29.jpg 195 1421.41 1236.64 1290.06 1146.01 262.7 181.26
6930114504085_camera0-25.jpg 195 1443.94 1237.0 1237.44 1150.19 413.0 173.62
6930114504085_camera0-33.jpg 195 1409.15 1237.01 1297.31 1150.63 223.69 172.76
6930114504085_camera0-34.jpg 195 1404.34 1235.34 1263.79 1140.76 281.09 189.15
6930114504085_camera0-9.jpg 195 1369.32 1245.95 1231.26 1161.49 276.12 168.93
6930114504085_camera0-4.jpg 195 1360.03 1243.34 1141.36 1163.82 437.34 159.03
6930114504085_camera0-8.jpg 195 1363.61 1245.84 1198.11 1153.89 331.01 183.89
6930114504085_camera1-13.jpg 195 1282.16 1175.18 1148.0 989.73 268.32 370.91
6930114504085_camera1-12.jpg 195 1276.92 1167.03 1171.84 985.76 210.16 362.53
6930114504085_camera1-14.jpg 195 1290.26 1166.28 1143.46 996.37 293.59 339.81
6930114504085_camera1-15.jpg 195 1295.2 1166.5 1128.36 1003.11 333.69 326.78
6930114504085_camera1-19.jpg 195 1306.37 1152.96 1116.08 1059.17 380.58 187.57
6930114504085_camera1-20.jpg 195 1312.42 1150.2 1119.07 1066.02 386.7 168.36
6930114504085_camera1-17.jpg 195 1304.51 1160.46 1111.42 1030.42 386.17 260.08
6930114504085_camera1-18.jpg 195 1305.38 1159.42 1117.23 1048.16 376.31 222.52
6930114504085_camera1-16.jpg 195 1297.94 1164.66 1111.17 1010.77 373.54 307.78
6930114504085_camera1-21.jpg 195 1315.02 1143.38 1121.93 1059.32 386.17 168.13
6930114504085_camera1-23.jpg 195 1309.78 1130.46 1119.07 1010.77 381.43 239.38
6930114504085_camera1-27.jpg 195 1289.42 1111.52 1148.74 947.06 281.36 328.93
6930114504085_camera1-26.jpg 195 1297.95 1118.42 1132.44 959.49 331.01 317.87
6930114504085_camera1-28.jpg 195 1280.85 1108.11 1153.26 931.86 255.17 352.5
6930114504085_camera1-34.jpg 195 1254.79 1105.83 1113.26 939.32 283.06 333.01
6930114504085_camera1-36.jpg 195 1246.71 1110.55 1072.02 962.12 349.39 296.85
6930114504085_camera1-35.jpg 195 1250.38 1108.69 1090.77 954.32 319.22 308.74
6930114504085_camera1-33.jpg 195 1266.41 1102.66 1137.69 927.97 257.45 349.39
6930114504085_camera1-37.jpg 195 1241.47 1118.42 1053.63 985.76 375.67 265.33
6930114504085_camera2-11.jpg 195 1269.01 1016.04 1092.76 934.49 352.5 163.1
6930114504085_camera2-17.jpg 195 1254.54 1018.67 1124.33 845.05 260.43 347.24
6930114504085_camera2-10.jpg 195 1273.15 1014.08 1103.51 951.94 339.28 124.27
6930114504085_camera2-16.jpg 195 1256.53 1017.93 1118.47 860.65 276.12 314.56
6930114504085_camera2-1.jpg 195 1283.47 1030.5 1200.61 847.68 165.73 365.65
6930114504085_camera2-22.jpg 195 1250.59 1027.88 1150.63 845.05 199.92 365.65
6930114504085_camera2-21.jpg 195 1250.6 1023.93 1166.42 845.05 168.36 357.76
6930114504085_camera2-30.jpg 195 1255.72 1039.8 1085.71 974.5 340.01 130.6
6930114504085_camera2-2.jpg 195 1274.28 1031.82 1171.68 847.68 205.19 368.28
6930114504085_camera2-26.jpg 195 1252.58 1033.83 1093.79 893.78 317.58 280.1
6930114504085_camera2-27.jpg 195 1250.58 1034.66 1082.66 910.17 335.83 248.98
6930114504085_camera2-3.jpg 195 1274.27 1029.19 1150.63 850.31 247.27 357.76
6930114504085_camera2-4.jpg 195 1278.78 1026.12 1148.29 863.01 260.97 326.21
6930114504085_camera2-40.jpg 195 1275.26 1032.84 1214.11 860.24 122.3 345.19
6930114504085_camera3-10.jpg 195 1376.19 1411.34 1288.37 1273.98 175.64 274.71
6930114504085_camera3-12.jpg 195 1395.28 1417.19 1242.7 1281.72 305.15 270.95
6930114504085_camera3-11.jpg 195 1389.37 1415.2 1268.2 1285.3 242.33 259.81
6930114504085_camera2-9.jpg 195 1272.11 1018.09 1103.28 932.65 337.66 170.87
6930114504085_camera3-13.jpg 195 1397.9 1410.62 1234.81 1284.35 326.19 252.54
6930114504085_camera3-14.jpg 195 1408.28 1412.65 1227.01 1285.24 362.53 254.82
6930114504085_camera3-15.jpg 195 1409.75 1407.99 1208.51 1286.99 402.48 242.01
6930114504085_camera3-16.jpg 195 1418.96 1415.89 1205.88 1294.88 426.15 242.01
6930114504085_camera3-19.jpg 195 1420.4 1401.14 1221.28 1327.06 398.25 148.16
6930114504085_camera3-21.jpg 195 1425.35 1398.21 1216.5 1301.01 417.7 194.4
6930114504085_camera3-24.jpg 195 1408.35 1388.6 1224.27 1281.41 368.16 214.37
6930114504085_camera3-27.jpg 195 1393.83 1387.7 1261.16 1253.72 265.33 267.96
6930114504085_camera3-26.jpg 195 1401.7 1385.07 1242.77 1256.35 317.87 257.45
6930114504085_camera3-2.jpg 195 1328.2 1405.37 1116.44 1300.14 423.52 210.45
6930114504085_camera3-30.jpg 195 1384.79 1379.57 1291.59 1256.08 186.41 246.99
6930114504085_camera3-31.jpg 195 1378.07 1378.5 1263.79 1243.21 228.55 270.58
6930114504085_camera3-8.jpg 195 1353.18 1409.3 1237.44 1273.83 231.49 270.95
6930114504085_camera3-6.jpg 195 1336.03 1413.97 1166.59 1282.62 338.89 262.7
6930114504085_camera3-7.jpg 195 1338.66 1415.29 1195.49 1274.74 286.35 281.09
