6933631504811-back_camera1-10.jpg 197 1257.35 1105.49 1025.6 916.56 463.5 377.86
6933631504811-back_camera1-11.jpg 197 1276.45 1105.12 1058.4 912.45 436.09 385.34
6933631504811-back_camera1-14.jpg 197 1286.62 1116.09 995.74 878.9 581.75 474.37
6933631504811-back_camera1-13.jpg 197 1289.68 1110.73 1024.86 882.38 529.65 456.7
6933631504811-back_camera1-1.jpg 197 1265.26 1100.96 1004.29 946.69 521.94 308.54
6933631504811-back_camera1-21.jpg 197 1274.13 1091.73 1013.16 922.51 521.94 338.45
6933631504811-back_camera1-17.jpg 197 1277.07 1110.15 963.49 872.54 627.16 475.23
6933631504811-back_camera1-24.jpg 197 1275.72 1104.07 968.87 867.0 613.69 474.14
6933631504811-back_camera1-23.jpg 197 1280.29 1100.87 986.13 885.2 588.32 431.33
6933631504811-back_camera1-25.jpg 197 1269.36 1106.97 956.17 860.39 626.38 493.17
6933631504811-back_camera1-22.jpg 197 1288.41 1101.08 1014.87 903.65 547.09 394.86
6933631504811-back_camera1-28.jpg 197 1254.82 1102.82 977.54 856.8 554.56 492.04
6933631504811-back_camera1-29.jpg 197 1249.7 1104.49 988.84 870.46 521.72 468.06
6933631504811-back_camera1-2.jpg 197 1276.67 1108.14 1002.68 949.27 547.99 317.75
6933631504811-back_camera1-34.jpg 197 1268.91 1110.85 977.92 879.33 581.98 463.04
6933631504811-back_camera1-32.jpg 197 1277.62 1103.94 1032.95 898.56 489.35 410.77
6933631504811-back_camera1-26.jpg 197 1263.65 1108.66 956.01 856.53 615.28 504.27
6933631504811-back_camera1-30.jpg 197 1250.62 1097.88 1015.14 874.28 470.97 447.19
6933631504811-back_camera1-31.jpg 197 1279.13 1092.91 1058.71 901.04 440.84 383.75
6933631504811-back_camera1-27.jpg 197 1259.12 1107.96 960.2 857.41 597.83 501.1
6933631504811-back_camera1-33.jpg 197 1273.21 1104.86 1006.01 887.61 534.4 434.5
6933631504811-back_camera1-35.jpg 197 1266.03 1113.9 963.6 882.15 604.86 463.5
6933631504811-back_camera1-36.jpg 197 1259.12 1112.85 949.21 881.78 619.81 462.14
6933631504811-back_camera1-39.jpg 197 1252.92 1107.81 962.73 912.08 580.39 391.46
6933631504811-back_camera1-4.jpg 197 1273.8 1113.48 964.84 915.53 617.92 395.91
6933631504811-back_camera1-6.jpg 197 1264.55 1118.62 954.67 900.31 619.77 436.61
6933631504811-back_camera1-37.jpg 197 1258.93 1114.68 947.33 890.3 623.21 448.77
6933631504811-back_camera1-38.jpg 197 1253.36 1110.93 951.61 898.89 603.5 424.08
6933631504811-back_camera1-7.jpg 197 1263.37 1117.83 958.9 900.58 608.93 434.5
6933631504811-back_camera1-5.jpg 197 1264.02 1114.28 945.83 898.61 636.38 431.33
6933631504811-back_camera2-14.jpg 197 1182.89 779.89 899.04 513.48 567.7 532.82
6933631504811-back_camera1-8.jpg 197 1259.97 1115.33 969.06 896.53 581.83 437.59
6933631504811-back_camera2-12.jpg 197 1185.92 779.95 936.16 561.91 499.52 436.09
6933631504811-back_camera2-13.jpg 197 1184.38 781.14 912.25 533.26 544.26 495.77
6933631504811-back_camera1-9.jpg 197 1259.73 1113.68 991.12 907.06 537.22 413.25
6933631504811-back_camera2-11.jpg 197 1184.71 785.22 950.81 591.75 467.8 386.93
6933631504811-back_camera2-16.jpg 197 1173.11 777.23 876.13 481.08 593.96 592.31
6933631504811-back_camera2-15.jpg 197 1181.41 778.13 888.84 492.69 585.15 570.88
6933631504811-back_camera2-17.jpg 197 1178.03 776.64 891.91 483.73 572.23 585.83
6933631504811-back_camera2-18.jpg 197 1174.83 779.67 902.87 493.44 543.92 572.46
6933631504811-back_camera2-20.jpg 197 1169.83 780.67 947.1 522.35 445.46 516.65
6933631504811-back_camera2-22.jpg 197 1171.65 785.17 952.02 530.66 439.26 509.03
6933631504811-back_camera2-23.jpg 197 1169.55 781.35 922.17 512.56 494.76 537.57
6933631504811-back_camera2-19.jpg 197 1173.19 779.2 922.64 504.07 501.1 550.26
6933631504811-back_camera2-25.jpg 197 1169.22 786.64 882.46 494.33 573.52 584.62
6933631504811-back_camera2-24.jpg 197 1170.66 787.4 899.14 495.27 543.05 584.26
6933631504811-back_camera2-26.jpg 197 1166.66 786.94 874.88 499.13 583.56 575.63
6933631504811-back_camera2-28.jpg 197 1167.07 791.78 883.42 531.17 567.29 521.23
6933631504811-back_camera2-30.jpg 197 1170.92 792.09 913.76 570.08 514.32 444.01
6933631504811-back_camera2-2.jpg 197 1186.65 788.89 973.37 535.96 426.57 505.86
6933631504811-back_camera2-27.jpg 197 1169.15 789.8 880.05 507.97 578.2 563.65
6933631504811-back_camera2-31.jpg 197 1173.14 793.6 929.73 592.21 486.83 402.78
6933631504811-back_camera2-36.jpg 197 1183.36 800.44 899.11 515.58 568.5 569.71
6933631504811-back_camera2-4.jpg 197 1189.99 786.74 927.28 501.83 525.42 569.82
6933631504811-back_camera2-34.jpg 197 1178.52 796.96 891.43 527.29 574.18 539.35
6933631504811-back_camera2-35.jpg 197 1184.4 795.16 897.32 514.45 574.16 561.43
6933631504811-back_camera2-39.jpg 197 1179.91 795.89 931.08 522.08 497.67 547.62
6933631504811-back_camera2-37.jpg 197 1181.1 797.07 898.96 506.61 564.27 580.92
6933631504811-back_camera2-5.jpg 197 1191.66 788.64 913.5 495.38 556.32 586.53
6933631504811-back_camera2-33.jpg 197 1176.88 795.38 903.07 550.24 547.62 490.27
6933631504811-back_camera2-38.jpg 197 1178.05 794.45 908.47 510.6 539.16 567.7
6933631504811-back_camera2-8.jpg 197 1184.97 787.26 898.85 514.06 572.23 546.41
6933631504811-back_camera2-6.jpg 197 1192.34 786.02 906.11 495.03 572.46 581.98
6933631504811-back_camera2-7.jpg 197 1188.1 787.62 899.26 502.19 577.67 570.87
6933631504811-back_camera2-3.jpg 197 1187.55 788.36 943.34 517.98 488.42 540.75
6933631504811-back_camera3-14.jpg 197 1373.46 1297.66 1053.13 1174.77 640.65 245.79
6933631504811-back_camera3-12.jpg 197 1382.49 1294.74 1067.61 1167.64 629.76 254.19
6933631504811-back_camera2-9.jpg 197 1187.75 783.13 911.82 532.36 551.85 501.55
6933631504811-back_camera3-13.jpg 197 1376.15 1294.76 1055.55 1168.3 641.21 252.92
6933631504811-back_camera3-11.jpg 197 1387.16 1294.35 1097.65 1170.66 579.03 247.38
6933631504811-back_camera3-21.jpg 197 1393.33 1300.32 1077.14 1164.37 632.37 271.91
6933631504811-back_camera3-20.jpg 197 1392.99 1302.11 1084.7 1171.3 616.58 261.62
6933631504811-back_camera3-28.jpg 197 1391.59 1295.79 1154.71 1170.63 473.75 250.31
6933631504811-back_camera3-27.jpg 197 1379.32 1295.72 1129.62 1162.99 499.41 265.46
6933631504811-back_camera3-30.jpg 197 1424.16 1300.1 1145.37 1183.73 557.59 232.73
6933631504811-back_camera3-26.jpg 197 1378.45 1299.25 1097.34 1160.94 562.22 276.62
6933631504811-back_camera3-29.jpg 197 1423.2 1297.16 1170.97 1187.07 504.47 220.19
6933631504811-back_camera3-31.jpg 197 1421.06 1300.0 1124.08 1183.63 593.96 232.73
6933631504811-back_camera3-32.jpg 197 1418.7 1300.88 1107.72 1187.33 621.95 227.11
6933631504811-back_camera3-34.jpg 197 1407.14 1299.14 1086.37 1189.05 641.55 220.19
6933631504811-back_camera3-33.jpg 197 1412.04 1297.72 1093.98 1188.2 636.12 219.03
6933631504811-back_camera3-6.jpg 197 1364.56 1289.38 1080.48 1193.55 568.16 191.65
6933631504811-back_camera3-5.jpg 197 1372.77 1291.65 1069.89 1194.92 605.76 193.46
6933631504811_camera0-1.jpg 197 1439.09 1063.7 1154.4 979.02 569.37 169.36
6933631504811_camera0-25.jpg 197 1429.37 1074.42 1094.42 992.29 669.9 164.27
6933631504811_camera0-22.jpg 197 1440.66 1069.32 1142.41 990.68 596.51 157.28
6933631504811_camera0-2.jpg 197 1443.41 1060.26 1149.82 974.63 587.19 171.26
6933631504811_camera0-21.jpg 197 1431.05 1068.3 1146.19 989.66 569.71 157.28
6933631504811_camera0-26.jpg 197 1427.22 1075.38 1097.71 989.27 659.01 172.22
6933631504811_camera0-3.jpg 197 1437.87 1061.74 1122.9 973.33 629.93 176.81
6933631504811_camera0-5.jpg 197 1420.3 1063.29 1084.43 976.32 671.74 173.94
6933631504811_camera0-7.jpg 197 1403.38 1065.79 1090.08 976.08 626.6 179.42
6933631504811_camera0-4.jpg 197 1428.89 1062.87 1102.29 975.36 653.21 175.02
6933631504811_camera0-36.jpg 197 1441.39 1072.82 1110.47 985.54 661.84 174.55
6933631504811_camera0-6.jpg 197 1410.88 1064.18 1088.16 976.8 645.44 174.76
6933631504811_camera0-40.jpg 197 1417.65 1062.89 1137.64 977.7 560.02 170.39
6933631504811_camera0-39.jpg 197 1416.27 1067.58 1115.05 980.91 602.44 173.34
6933631504811_camera0-8.jpg 197 1395.66 1065.91 1100.07 977.04 591.18 177.75
6933631504811_camera0-9.jpg 197 1388.65 1064.77 1115.31 973.86 546.68 181.82
6933631504811_camera1-11.jpg 197 1298.14 1160.9 1075.41 957.26 445.47 407.28
6933631504811~B_camera1-18.jpg 197 1160.89 741.38 964.51 620.79 392.76 241.17
6933631504811~B_camera1-19.jpg 197 1183.03 748.03 983.09 618.59 399.87 258.87
6933631504811~C_camera0-21.jpg 197 1123.61 1091.57 848.91 998.0 549.4 187.14
6933631504811~C_camera0-35.jpg 197 1148.8 1078.98 863.25 995.08 571.09 167.79
6933631504811~C_camera1-23.jpg 197 1142.69 749.11 908.55 586.37 468.28 325.47
6933631504811~C_camera1-1.jpg 197 1162.85 717.75 941.59 578.13 442.51 279.23
6933631504811~C_camera1-2.jpg 197 1156.59 719.06 927.83 571.07 457.51 295.98
6933631504811~C_camera1-15.jpg 197 1122.54 731.54 891.5 581.02 462.07 301.04
6933631504811~C_camera1-22.jpg 197 1143.06 748.5 910.08 590.43 465.96 316.15
6933631504811~C_camera1-17.jpg 197 1119.19 733.77 906.38 607.08 425.62 253.37
6933631504811~C_camera1-27.jpg 197 1147.2 744.43 959.59 600.93 375.22 287.0
6933631504811~C_camera1-24.jpg 197 1144.38 749.83 914.5 586.19 459.76 327.27
6933631504811~C_camera1-30.jpg 197 1175.6 735.86 984.05 587.83 383.1 296.06
6933631504811~C_camera1-28.jpg 197 1150.94 740.36 985.95 610.28 329.98 260.16
6933631504811~C_camera1-31.jpg 197 1176.28 735.03 966.66 581.39 419.25 307.28
6933631504811~C_camera1-21.jpg 197 1141.72 746.26 916.22 597.92 451.0 296.68
6933631504811~C_camera1-29.jpg 197 1173.23 736.49 1003.15 597.68 340.16 277.63
6933631504811~C_camera1-37.jpg 197 1157.68 711.1 949.93 590.27 415.5 241.65
6933631504811~C_camera1-4.jpg 197 1144.31 720.18 916.91 565.58 454.79 309.19
6933631504811~C_camera1-25.jpg 197 1145.42 747.95 922.95 586.6 444.95 322.69
6933631504811~C_camera1-35.jpg 197 1167.4 725.01 937.67 584.66 459.47 280.71
6933631504811~C_camera1-40.jpg 197 1165.8 717.34 951.35 584.64 428.89 265.39
6933631504811~C_camera1-39.jpg 197 1170.74 711.19 972.11 586.3 397.25 249.79
6933631504811~C_camera1-33.jpg 197 1173.02 731.37 942.92 576.76 460.2 309.21
6933631504811~C_camera1-32.jpg 197 1175.23 733.0 952.28 577.5 445.91 311.0
6933631504811~C_camera1-5.jpg 197 1137.74 720.14 918.43 568.59 438.62 303.1
6933631504811~C_camera2-16.jpg 197 763.45 837.65 480.35 573.91 566.2 527.48
6933631504811~C_camera2-28.jpg 197 722.27 816.86 505.7 571.09 433.14 491.53
6933631504811~C_camera2-12.jpg 197 763.79 856.66 500.91 579.59 525.76 554.15
6933631504811~C_camera2-14.jpg 197 764.1 843.31 477.69 561.59 572.81 563.44
6933631504811~C_camera2-26.jpg 197 728.31 813.66 462.87 537.01 530.88 553.31
6933631504811~C_camera2-21.jpg 197 749.64 821.07 478.69 582.08 541.9 477.97
6933631504811~C_camera2-19.jpg 197 759.21 824.8 527.48 634.87 463.45 379.85
6933631504811~C_camera2-29.jpg 197 719.82 823.88 526.2 596.56 387.23 454.64
6933631504811~C_camera2-22.jpg 197 749.22 819.16 469.47 561.13 559.49 516.06
6933631504811~C_camera2-15.jpg 197 763.94 839.23 474.67 564.84 578.55 548.78
6933631504811~C_camera2-11.jpg 197 763.55 858.7 521.99 595.2 483.11 527.0
6933631504811~C_camera2-9.jpg 197 756.21 861.44 562.56 634.01 387.31 454.87
6933631504811~C_camera2-40.jpg 197 718.98 866.93 458.51 647.02 520.94 439.82
6933631504811~C_camera2-4.jpg 197 732.78 870.09 442.59 590.44 580.38 559.3
6933631504811~C_camera2-10.jpg 197 761.0 863.9 543.98 619.39 434.03 489.02
6933631504811~C_camera2-7.jpg 197 747.13 864.94 497.43 598.5 499.4 532.89
6933631504811~C_camera3-15.jpg 197 1004.38 907.42 731.52 778.25 545.72 258.35
6933631504811~C_camera3-1.jpg 197 1057.55 889.29 800.51 762.22 514.07 254.14
6933631504811~C_camera3-25.jpg 197 1028.4 923.32 766.56 787.41 523.68 271.82
6933631504811~C_camera3-34.jpg 197 1062.62 898.15 790.72 773.43 543.8 249.44
6933631504811~C_camera3-22.jpg 197 1031.08 921.85 757.51 784.71 547.13 274.27
6933631504811~C_camera2-32.jpg 197 710.84 834.19 442.76 554.11 536.16 560.16
6933631504811~C_camera2-30.jpg 197 716.98 827.68 494.55 576.08 444.86 503.19
6933631504811~C_camera3-3.jpg 197 1040.19 897.82 772.43 768.17 535.52 259.3
6933631504811~C_camera3-33.jpg 197 1067.86 903.97 798.02 777.89 539.68 252.15
6933631504811~C_camera3-31.jpg 197 1074.82 912.32 827.69 788.47 494.25 247.7
6933631504811~C_camera3-36.jpg 197 1050.46 882.0 791.26 764.29 518.41 235.42
6933631504811~C_camera3-20.jpg 197 1031.9 910.25 782.76 783.38 498.29 253.74
6933631504811~C_camera3-5.jpg 197 1023.08 901.23 766.72 776.85 512.71 248.76
6933631504811~C_camera3-35.jpg 197 1057.08 890.84 787.78 768.56 538.59 244.56
6933631504811~C_camera1-19.jpg 197 1139.4 740.17 942.61 618.63 393.58 243.08
6933631504811~C_camera1-20.jpg 197 1141.23 743.73 928.52 607.33 425.42 272.8
6933631504811~C_camera1-18.jpg 197 1120.0 730.57 923.2 617.44 393.6 226.26
6933631504811~C_camera1-3.jpg 197 1150.04 720.01 919.24 567.38 461.6 305.27
6933631504811~C_camera1-38.jpg 197 1158.83 703.8 965.69 587.9 386.27 231.8
6933631504811~C_camera2-17.jpg 197 762.72 829.54 490.44 588.75 544.56 481.58
6933631504811~C_camera2-13.jpg 197 763.82 848.75 485.93 567.79 555.78 561.92
6933631504811~C_camera2-34.jpg 197 708.03 840.32 419.21 558.86 577.65 562.91
6933631504811~C_camera2-20.jpg 197 755.09 823.1 503.5 611.08 503.17 424.03
6933631504811~C_camera1-34.jpg 197 1170.38 727.95 938.64 579.04 463.49 297.83
6933631504811~C_camera0-20.jpg 197 1123.87 1088.8 868.32 999.75 511.1 178.1
6933631504811~C_camera2-31.jpg 197 712.93 830.44 465.07 562.37 495.73 536.14
6933631504811~C_camera2-27.jpg 197 725.32 814.53 481.38 550.7 487.87 527.66
6933631504811~C_camera2-2.jpg 197 725.88 869.77 440.59 614.09 570.57 511.35
6933631504811~C_camera2-23.jpg 197 740.55 816.31 451.97 543.78 577.15 545.06
6933631504811~C_camera2-35.jpg 197 708.75 843.88 419.49 570.51 578.53 546.74
6933631504811~C_camera1-36.jpg 197 1161.08 720.16 938.13 590.94 445.9 258.43
6933631504811~C_camera2-5.jpg 197 737.1 869.14 454.28 586.55 565.63 565.19
6933631504811~C_camera3-30.jpg 197 1073.82 911.16 849.22 790.46 449.19 241.4
6933631504811~C_camera1-16.jpg 197 1119.97 733.64 895.63 593.33 448.68 280.63
6933631504811~C_camera2-25.jpg 197 731.79 815.64 452.93 532.71 557.71 565.87
6933631504811~C_camera1-26.jpg 197 1146.08 747.64 939.78 594.38 412.6 306.53
6933631504811~C_camera2-1.jpg 197 722.04 867.74 449.06 632.94 545.95 469.59
6933631504811~C_camera2-36.jpg 197 710.08 847.38 426.87 588.16 566.41 518.43
6933631504811~C_camera2-8.jpg 197 751.63 862.77 527.85 613.37 447.57 498.81
6933631504811~C_camera2-24.jpg 197 735.94 816.66 448.61 534.91 574.66 563.51
6933631504811~C_camera2-33.jpg 197 709.19 837.57 428.31 552.84 561.76 569.46
6933631504811~C_camera2-18.jpg 197 760.1 824.88 506.4 609.71 507.4 430.34
6933631504811~C_camera3-24.jpg 197 1028.64 924.33 756.31 785.43 544.66 277.81
6933631504811~C_camera2-3.jpg 197 729.45 869.86 438.99 598.72 580.93 542.27
6933631504811~C_camera2-38.jpg 197 714.04 853.45 464.8 643.07 498.47 420.76
6933631504811~C_camera2-37.jpg 197 711.71 850.65 442.6 613.28 538.21 474.74
6933631504811~C_camera2-6.jpg 197 741.61 868.44 472.54 591.07 538.14 554.74
6933631504811~C_camera3-4.jpg 197 1029.79 901.04 763.45 773.17 532.67 255.74
6933631504811~C_camera3-32.jpg 197 1072.2 909.57 812.77 783.68 518.86 251.79
6933631504811~C_camera3-23.jpg 197 1029.62 924.12 753.8 784.95 551.64 278.35
6933631504811~C_camera3-14.jpg 197 1008.52 910.46 735.78 778.05 545.49 264.82
6933631504811~C_camera2-39.jpg 197 715.72 863.72 478.57 671.78 474.3 383.88
