6909409012031-back_camera0-15.jpg 1 1483.4 1181.76 927.03 997.62 1112.74 368.28
6909409012031-back_camera0-16.jpg 1 1468.0 1180.24 894.77 1000.74 1146.46 358.99
6909409012031-back_camera0-17.jpg 1 1460.2 1180.27 889.84 1000.22 1140.71 360.09
6909409012031-back_camera0-18.jpg 1 1455.16 1175.23 894.88 1000.22 1120.57 350.02
6909409012031-back_camera0-19.jpg 1 1445.25 1169.37 899.32 1000.63 1091.86 337.48
6909409012031-back_camera0-1.jpg 1 1382.13 1166.41 864.66 1000.22 1034.95 332.39
6909409012031-back_camera0-20.jpg 1 1490.41 1167.67 942.72 1000.22 1095.39 334.91
6909409012031-back_camera0-21.jpg 1 1530.9 1166.05 990.04 997.1 1081.73 337.89
6909409012031-back_camera0-25.jpg 1 1463.97 1171.45 930.13 997.7 1067.69 347.5
6909409012031-back_camera0-23.jpg 1 1504.45 1176.5 945.45 992.36 1118.0 368.28
6909409012031-back_camera0-22.jpg 1 1537.01 1163.89 1003.16 995.18 1067.69 337.43
6909409012031-back_camera0-28.jpg 1 1405.67 1175.96 955.69 999.78 899.96 352.37
6909409012031-back_camera0-27.jpg 1 1422.89 1177.82 921.77 992.36 1002.25 370.91
6909409012031-back_camera0-2.jpg 1 1403.54 1160.12 879.77 1005.25 1047.54 309.73
6909409012031-back_camera0-24.jpg 1 1498.9 1167.82 948.72 994.11 1100.37 347.41
6909409012031-back_camera0-30.jpg 1 1413.69 1171.24 1011.21 987.1 804.96 368.28
6909409012031-back_camera0-29.jpg 1 1390.95 1168.93 985.53 995.18 810.84 347.5
6909409012031-back_camera0-32.jpg 1 1506.24 1169.32 1080.25 996.44 851.98 345.76
6909409012031-back_camera0-34.jpg 1 1480.34 1166.41 977.97 995.18 1004.74 342.47
6909409012031-back_camera0-33.jpg 1 1492.61 1167.29 1016.47 997.62 952.27 339.34
6909409012031-back_camera0-37.jpg 1 1392.21 1167.67 852.07 995.18 1080.28 344.98
6909409012031-back_camera0-35.jpg 1 1452.61 1172.84 911.96 994.31 1081.29 357.06
6909409012031-back_camera0-38.jpg 1 1371.4 1169.98 828.78 1000.41 1085.25 339.14
6909409012031-back_camera0-5.jpg 1 1351.88 1169.92 774.46 992.36 1154.83 355.13
6909409012031-back_camera0-40.jpg 1 1359.47 1163.89 841.99 997.7 1034.95 332.39
6909409012031-back_camera0-36.jpg 1 1403.17 1162.04 848.12 987.1 1110.11 349.87
6909409012031-back_camera0-39.jpg 1 1351.91 1165.15 831.92 997.7 1039.99 334.91
6909409012031-back_camera0-3.jpg 1 1393.72 1161.18 841.72 1002.92 1103.99 316.53
6909409012031-back_camera1-10.jpg 1 1259.81 1080.48 900.73 742.45 718.15 676.06
6909409012031-back_camera1-11.jpg 1 1302.68 1078.08 930.18 730.67 745.0 694.82
6909409012031-back_camera1-12.jpg 1 1291.37 1087.07 874.42 708.26 833.89 757.61
6909409012031-back_camera1-19.jpg 1 1197.96 1092.58 713.53 807.39 968.87 570.38
6909409012031-back_camera1-18.jpg 1 1204.61 1094.64 700.98 766.03 1007.25 657.23
6909409012031-back_camera1-14.jpg 1 1268.78 1097.72 762.15 698.84 1013.26 797.77
6909409012031-back_camera1-15.jpg 1 1249.28 1096.27 732.37 710.89 1033.82 770.76
6909409012031-back_camera1-13.jpg 1 1283.93 1090.87 824.37 708.11 919.12 765.51
6909409012031-back_camera1-16.jpg 1 1234.82 1107.24 711.05 733.3 1047.54 747.89
6909409012031-back_camera1-17.jpg 1 1217.71 1088.38 690.28 729.3 1054.86 718.15
6909409012031-back_camera1-1.jpg 1 1336.81 1104.72 862.14 841.58 949.34 526.29
6909409012031-back_camera1-22.jpg 1 1270.6 1140.16 760.12 791.33 1020.96 697.66
6909409012031-back_camera1-21.jpg 1 1265.06 1116.0 782.35 802.96 965.42 626.08
6909409012031-back_camera1-23.jpg 1 1261.07 1157.14 731.09 768.64 1059.96 777.0
6909409012031-back_camera1-24.jpg 1 1256.01 1164.62 717.61 753.95 1076.8 821.35
6909409012031-back_camera1-26.jpg 1 1241.38 1176.5 742.89 734.56 996.99 883.88
6909409012031-back_camera1-31.jpg 1 1331.78 1139.97 947.76 758.48 768.03 762.99
6909409012031-back_camera1-28.jpg 1 1224.3 1173.87 800.77 755.61 847.05 836.52
6909409012031-back_camera1-2.jpg 1 1320.43 1112.28 816.81 806.32 1007.25 611.91
6909409012031-back_camera1-29.jpg 1 1246.86 1169.12 891.18 779.53 711.36 779.19
6909409012031-back_camera1-37.jpg 1 1301.49 1108.56 770.95 736.34 1061.08 744.44
6909409012031-back_camera1-30.jpg 1 1310.58 1141.69 966.99 769.23 687.17 744.92
6909409012031-back_camera1-36.jpg 1 1307.85 1118.58 781.56 718.19 1052.58 800.77
6909409012031-back_camera1-35.jpg 1 1318.99 1129.15 787.61 713.52 1062.76 831.26
6909409012031-back_camera1-32.jpg 1 1334.05 1139.05 875.66 720.22 916.78 837.65
6909409012031-back_camera1-34.jpg 1 1322.96 1134.93 814.3 708.11 1017.33 853.65
6909409012031-back_camera1-38.jpg 1 1288.74 1092.33 784.98 752.98 1007.51 678.69
6909409012031-back_camera1-33.jpg 1 1329.37 1141.7 847.95 709.41 962.83 864.58
6909409012031-back_camera1-39.jpg 1 1286.2 1082.02 809.75 789.91 952.9 584.22
6909409012031-back_camera1-4.jpg 1 1291.48 1114.79 781.56 766.03 1019.84 697.52
6909409012031-back_camera1-40.jpg 1 1311.1 1075.22 829.7 829.26 962.79 491.92
6909409012031-back_camera1-3.jpg 1 1298.13 1108.96 773.71 779.75 1048.85 658.43
6909409012031-back_camera1-6.jpg 1 1253.7 1113.53 763.93 730.78 979.55 765.51
6909409012031-back_camera1-5.jpg 1 1269.01 1118.62 753.42 737.19 1031.19 762.87
6909409012031-back_camera1-7.jpg 1 1241.28 1111.47 775.91 730.93 930.74 761.09
6909409012031-back_camera1-8.jpg 1 1231.05 1099.68 809.26 728.26 843.57 742.85
6909409012031-back_camera2-11.jpg 1 1320.3 867.4 871.79 513.59 897.03 707.63
6909409012031-back_camera1-9.jpg 1 1221.77 1102.62 848.71 756.04 746.11 693.17
6909409012031-back_camera2-15.jpg 1 1307.85 849.13 849.55 368.17 916.6 961.93
6909409012031-back_camera2-16.jpg 1 1288.74 838.48 850.75 345.24 875.98 986.47
6909409012031-back_camera2-10.jpg 1 1312.07 886.82 889.99 588.8 844.16 596.04
6909409012031-back_camera2-17.jpg 1 1282.66 834.02 869.69 350.54 825.95 966.96
6909409012031-back_camera2-18.jpg 1 1280.85 825.32 913.88 363.65 733.93 923.33
6909409012031-back_camera2-12.jpg 1 1322.95 866.61 858.08 470.39 929.74 792.43
6909409012031-back_camera2-13.jpg 1 1316.66 860.46 844.51 418.53 944.3 883.87
6909409012031-back_camera2-14.jpg 1 1315.05 847.67 845.49 363.65 939.12 968.05
6909409012031-back_camera2-19.jpg 1 1265.05 828.55 950.72 387.67 628.65 881.76
6909409012031-back_camera2-1.jpg 1 1254.97 918.38 915.02 473.93 679.9 888.9
6909409012031-back_camera2-20.jpg 1 1280.85 808.22 963.86 379.43 633.97 857.57
6909409012031-back_camera2-22.jpg 1 1267.15 812.0 859.56 338.73 815.18 946.55
6909409012031-back_camera2-21.jpg 1 1276.37 815.13 927.61 363.13 697.52 904.01
6909409012031-back_camera2-23.jpg 1 1261.12 821.38 803.4 339.98 915.44 962.79
6909409012031-back_camera2-25.jpg 1 1243.54 831.04 755.51 374.44 976.06 913.19
6909409012031-back_camera2-24.jpg 1 1262.52 818.91 801.7 335.43 921.64 966.96
6909409012031-back_camera2-26.jpg 1 1244.01 839.79 750.78 400.48 986.47 878.61
6909409012031-back_camera2-27.jpg 1 1231.09 844.44 745.42 443.86 971.33 801.17
6909409012031-back_camera2-2.jpg 1 1247.97 925.28 842.86 458.35 810.22 933.86
6909409012031-back_camera2-28.jpg 1 1221.92 847.82 754.69 491.19 934.46 713.26
6909409012031-back_camera2-30.jpg 1 1222.98 830.58 800.77 539.9 844.42 581.36
6909409012031-back_camera2-32.jpg 1 1219.58 856.85 766.96 460.29 905.24 793.11
6909409012031-back_camera2-29.jpg 1 1222.24 856.15 780.89 539.38 882.69 633.55
6909409012031-back_camera2-31.jpg 1 1204.56 838.47 735.0 495.18 939.12 686.58
6909409012031-back_camera2-33.jpg 1 1214.81 859.46 744.59 430.49 940.43 857.94
6909409012031-back_camera2-34.jpg 1 1219.53 871.79 749.0 413.13 941.06 917.32
6909409012031-back_camera2-37.jpg 1 1230.87 900.29 827.07 408.37 807.59 983.84
6909409012031-back_camera2-38.jpg 1 1242.86 897.4 899.68 445.34 686.35 904.13
6909409012031-back_camera2-39.jpg 1 1253.7 902.0 950.27 463.85 606.87 876.31
6909409012031-back_camera2-40.jpg 1 1248.67 913.34 955.31 491.55 586.73 843.58
6909409012031-back_camera2-7.jpg 1 1293.22 893.42 810.34 496.5 965.75 793.85
6909409012031-back_camera2-4.jpg 1 1271.08 912.36 789.66 426.36 962.83 972.0
6909409012031-back_camera2-8.jpg 1 1294.7 884.44 817.42 511.81 954.57 745.27
6909409012031-back_camera2-6.jpg 1 1293.99 905.78 804.22 468.89 979.55 873.79
6909409012031-back_camera2-9.jpg 1 1300.88 873.38 849.26 531.81 903.23 683.15
6909409012031-back_camera3-16.jpg 1 1399.22 1356.69 834.96 1131.78 1128.52 449.83
6909409012031-back_camera3-15.jpg 1 1427.3 1363.37 843.1 1128.53 1168.39 469.67
6909409012031-back_camera3-13.jpg 1 1447.6 1380.02 863.02 1114.1 1169.15 531.85
6909409012031-back_camera3-14.jpg 1 1438.8 1364.08 864.66 1126.12 1148.27 475.93
6909409012031-back_camera3-19.jpg 1 1496.56 1326.44 937.56 1113.37 1118.0 426.15
6909409012031-back_camera3-17.jpg 1 1400.45 1342.86 847.07 1129.45 1106.75 426.82
6909409012031-back_camera3-1.jpg 1 1357.53 1332.75 803.17 1139.71 1108.72 386.07
6909409012031-back_camera3-18.jpg 1 1452.18 1333.52 872.19 1127.2 1159.98 412.64
6909409012031-back_camera3-20.jpg 1 1501.82 1343.55 955.97 1121.26 1091.69 444.57
6909409012031-back_camera3-26.jpg 1 1370.8 1341.42 917.54 1100.94 906.53 480.96
6909409012031-back_camera3-24.jpg 1 1416.33 1342.23 887.58 1094.95 1057.49 494.55
6909409012031-back_camera3-21.jpg 1 1480.85 1345.38 932.26 1118.52 1097.17 453.72
6909409012031-back_camera3-22.jpg 1 1456.81 1349.22 901.66 1118.8 1110.3 460.85
6909409012031-back_camera3-23.jpg 1 1429.97 1347.72 897.39 1111.02 1065.17 473.41
6909409012031-back_camera3-2.jpg 1 1351.88 1333.02 766.57 1118.63 1170.61 428.78
6909409012031-back_camera3-30.jpg 1 1479.09 1325.06 1071.15 1095.91 815.88 458.3
6909409012031-back_camera3-33.jpg 1 1420.27 1331.7 884.94 1092.32 1070.65 478.77
6909409012031-back_camera3-35.jpg 1 1346.62 1335.64 798.14 1105.47 1096.95 460.35
6909409012031-back_camera3-32.jpg 1 1447.55 1331.63 930.48 1090.78 1034.13 481.7
6909409012031-back_camera3-37.jpg 1 1322.95 1331.35 789.11 1126.12 1067.69 410.46
6909409012031-back_camera3-3.jpg 1 1331.22 1340.3 760.47 1131.86 1141.49 416.89
6909409012031-back_camera3-39.jpg 1 1358.45 1322.5 819.18 1134.41 1078.54 376.17
6909409012031-back_camera3-36.jpg 1 1320.31 1325.13 766.57 1116.0 1107.48 418.26
6909409012031-back_camera3-40.jpg 1 1374.58 1320.03 841.99 1136.2 1065.17 367.65
6909409012031-back_camera3-38.jpg 1 1332.67 1328.02 813.67 1137.81 1038.01 380.42
6909409012031-back_camera3-4.jpg 1 1317.41 1349.42 764.39 1131.05 1106.04 436.75
6909409012031-back_camera3-6.jpg 1 1317.67 1361.95 840.22 1126.52 954.9 470.87
6909409012031_camera0-15.jpg 1 1528.12 1184.39 950.71 1000.25 1154.83 368.28
6909409012031_camera0-14.jpg 1 1524.42 1187.66 985.58 1005.45 1077.68 364.43
6909409012031_camera0-17.jpg 1 1528.12 1171.24 929.66 1000.25 1196.91 341.98
6909409012031_camera0-1.jpg 1 1329.61 1170.13 781.99 1001.71 1095.24 336.85
6909409012031_camera0-16.jpg 1 1529.45 1182.78 945.24 1005.25 1168.41 355.06
6909409012031_camera0-21.jpg 1 1556.23 1172.22 1021.64 1009.86 1069.18 324.72
6909409012031_camera0-18.jpg 1 1512.18 1179.85 930.39 1000.84 1163.58 358.02
6909409012031_camera0-20.jpg 1 1508.39 1169.92 955.97 994.99 1104.84 349.87
6909409012031_camera0-23.jpg 1 1557.14 1172.71 1005.67 1007.77 1102.94 329.88
6909409012031_camera0-25.jpg 1 1504.36 1168.65 950.15 1004.05 1108.41 329.21
6909409012031_camera0-22.jpg 1 1571.53 1160.71 1029.63 994.99 1083.8 331.45
6909409012031_camera0-24.jpg 1 1534.22 1167.07 975.53 999.6 1117.38 334.93
6909409012031_camera0-28.jpg 1 1414.87 1165.15 955.31 1007.77 919.12 314.77
6909409012031_camera0-26.jpg 1 1471.56 1169.92 921.77 1000.25 1099.58 339.34
6909409012031_camera0-27.jpg 1 1446.35 1170.19 940.2 1007.77 1012.29 324.84
6909409012031_camera0-2.jpg 1 1354.51 1168.61 816.55 1002.88 1075.91 331.45
6909409012031_camera0-30.jpg 1 1404.22 1171.17 1020.27 1009.25 767.9 323.85
6909409012031_camera0-31.jpg 1 1460.52 1170.97 1072.33 1007.23 776.39 327.49
6909409012031_camera0-32.jpg 1 1492.93 1175.22 1093.81 1005.25 798.25 339.95
6909409012031_camera0-34.jpg 1 1446.58 1168.61 948.08 987.1 996.99 363.02
6909409012031_camera0-38.jpg 1 1326.73 1172.71 789.11 1000.22 1075.24 344.98
6909409012031_camera0-5.jpg 1 1348.44 1173.71 772.64 1008.72 1151.61 329.98
6909409012031_camera0-3.jpg 1 1365.03 1165.97 798.14 997.62 1133.78 336.71
6909409012031_camera0-39.jpg 1 1299.79 1171.83 767.09 1003.09 1065.39 337.48
6909409012031_camera0-4.jpg 1 1359.47 1167.67 789.11 1005.25 1140.72 324.84
6909409012031_camera0-40.jpg 1 1300.58 1152.83 766.57 984.47 1068.02 336.71
6909409012031_camera0-8.jpg 1 1328.0 1186.56 814.3 1010.29 1027.4 352.54
6909409012031_camera0-7.jpg 1 1328.91 1181.22 772.07 1004.27 1113.67 353.9
6909409012031_camera1-10.jpg 1 1259.8 1172.56 916.51 800.33 686.58 744.45
6909409012031_camera0-9.jpg 1 1338.71 1179.13 879.68 997.62 918.07 363.02
6909409012031_camera1-11.jpg 1 1329.25 1201.67 955.31 811.36 747.89 780.62
6909409012031_camera1-12.jpg 1 1350.56 1204.12 905.99 795.07 889.14 818.11
6909409012031_camera1-15.jpg 1 1377.18 1188.2 826.99 777.53 1100.38 821.35
6909409012031_camera1-14.jpg 1 1364.51 1195.38 844.51 783.66 1039.99 823.43
6909409012031_camera1-1.jpg 1 1219.89 1076.72 729.05 805.32 981.68 542.81
6909409012031_camera1-16.jpg 1 1372.91 1180.44 819.18 779.28 1107.47 802.33
6909409012031_camera1-20.jpg 1 1402.28 1094.65 925.09 854.17 954.37 480.96
6909409012031_camera1-18.jpg 1 1368.45 1147.26 845.2 815.44 1046.49 663.63
6909409012031_camera1-17.jpg 1 1366.64 1164.7 818.06 795.95 1097.17 737.5
6909409012031_camera1-19.jpg 1 1374.23 1119.95 884.94 837.16 978.58 565.58
6909409012031_camera1-21.jpg 1 1412.45 1085.63 918.97 817.84 986.97 535.59
6909409012031_camera1-23.jpg 1 1390.95 1085.84 874.73 753.44 1032.44 664.79
6909409012031_camera1-22.jpg 1 1413.69 1083.12 903.36 763.5 1020.67 639.23
6909409012031_camera1-25.jpg 1 1346.88 1078.28 844.51 703.08 1004.74 750.4
6909409012031_camera1-2.jpg 1 1229.79 1090.87 721.12 781.14 1017.33 619.46
6909409012031_camera1-37.jpg 1 1199.57 1102.2 683.35 745.89 1032.44 712.63
6909409012031_camera1-38.jpg 1 1179.14 1097.62 665.12 765.81 1028.05 663.63
6909409012031_camera1-3.jpg 1 1214.81 1111.7 684.51 745.97 1060.6 731.45
6909409012031_camera1-39.jpg 1 1161.88 1089.94 658.29 786.78 1007.18 606.33
6909409012031_camera1-7.jpg 1 1208.18 1175.1 723.12 750.67 970.13 848.86
6909409012031_camera1-4.jpg 1 1208.39 1131.16 678.32 753.44 1060.13 755.44
6909409012031_camera1-6.jpg 1 1206.8 1160.72 690.64 737.45 1032.31 846.55
6909409012031_camera1-5.jpg 1 1212.13 1148.25 673.73 731.68 1076.8 833.14
6909409012031_camera2-12.jpg 1 1346.12 851.71 879.59 467.08 933.05 769.27
6909409012031_camera2-14.jpg 1 1330.51 820.17 857.1 360.61 946.82 919.12
6909409012031_camera1-9.jpg 1 1233.32 1178.9 867.59 783.34 731.45 791.12
6909409012031_camera1-8.jpg 1 1221.57 1177.52 780.3 761.51 882.55 832.02
6909409012031_camera2-13.jpg 1 1338.72 841.1 869.16 416.26 939.12 849.68
6909409012031_camera2-17.jpg 1 1305.16 786.75 878.79 306.74 852.75 960.03
6909409012031_camera2-16.jpg 1 1310.27 805.4 855.32 319.85 909.89 971.1
6909409012031_camera2-21.jpg 1 1277.15 782.81 953.78 348.27 646.75 869.07
6909409012031_camera2-23.jpg 1 1246.64 789.81 832.33 313.67 828.63 952.27
6909409012031_camera2-24.jpg 1 1244.02 796.38 811.29 318.93 865.46 954.9
6909409012031_camera2-22.jpg 1 1256.23 781.14 889.84 325.36 732.78 911.56
6909409012031_camera2-27.jpg 1 1189.23 823.16 701.69 404.09 975.08 838.14
6909409012031_camera2-29.jpg 1 1159.41 853.01 720.31 545.43 878.21 615.17
6909409012031_camera2-3.jpg 1 1287.38 945.19 863.04 465.43 848.68 959.52
6909409012031_camera2-6.jpg 1 1327.99 922.15 847.03 458.82 961.93 926.67
6909409012031_camera2-7.jpg 1 1333.6 908.96 843.58 481.64 980.03 854.64
6909409012031_camera3-10.jpg 1 1458.41 1385.63 1055.93 1131.78 804.96 507.7
6909409012031_camera3-13.jpg 1 1487.97 1381.1 926.32 1124.4 1123.3 513.4
6909409012031_camera3-11.jpg 1 1481.6 1385.49 1010.71 1143.75 941.78 483.48
6909409012031_camera3-16.jpg 1 1472.89 1356.78 895.91 1126.97 1153.97 459.61
6909409012031_camera3-14.jpg 1 1487.89 1374.16 912.5 1128.64 1150.79 491.04
6909409012031_camera3-15.jpg 1 1487.35 1361.96 903.36 1129.15 1167.98 465.61
6909409012031_camera3-18.jpg 1 1475.12 1336.33 943.03 1137.52 1064.17 397.62
6909409012031_camera3-12.jpg 1 1485.53 1389.79 954.49 1130.88 1062.08 517.81
6909409012031_camera3-1.jpg 1 1338.07 1340.17 796.67 1136.2 1082.8 407.94
6909409012031_camera3-20.jpg 1 1529.43 1334.34 998.06 1137.04 1062.75 394.59
6909409012031_camera3-21.jpg 1 1518.74 1326.35 976.4 1123.41 1084.68 405.87
6909409012031_camera3-19.jpg 1 1528.18 1325.06 1008.19 1133.68 1039.99 382.76
6909409012031_camera3-22.jpg 1 1496.56 1317.23 940.19 1102.84 1112.74 428.78
6909409012031_camera3-25.jpg 1 1415.05 1312.2 911.86 1090.69 1006.38 443.02
6909409012031_camera3-23.jpg 1 1472.81 1322.38 922.62 1097.72 1100.38 449.32
6909409012031_camera3-24.jpg 1 1447.24 1315.7 913.5 1097.91 1067.47 435.57
6909409012031_camera3-26.jpg 1 1393.47 1306.17 925.09 1088.35 936.75 435.64
6909409012031_camera3-28.jpg 1 1382.13 1302.39 1008.19 1075.76 747.89 453.26
6909409012031_camera3-32.jpg 1 1422.42 1336.38 950.27 1100.94 944.3 470.89
6909409012031_camera3-29.jpg 1 1442.58 1309.95 1071.15 1083.32 742.85 453.26
6909409012031_camera3-33.jpg 1 1385.53 1341.2 872.68 1105.46 1025.69 471.49
6909409012031_camera3-30.jpg 1 1458.5 1319.51 1066.24 1084.4 784.52 470.22
6909409012031_camera3-2.jpg 1 1329.49 1346.72 769.35 1128.11 1120.27 437.22
6909409012031_camera3-35.jpg 1 1320.45 1342.68 784.08 1116.05 1072.73 453.26
6909409012031_camera3-31.jpg 1 1441.97 1325.38 1011.6 1093.53 860.73 463.69
6909409012031_camera3-34.jpg 1 1357.13 1340.91 821.81 1110.74 1070.65 460.35
6909409012031_camera3-36.jpg 1 1305.33 1338.91 766.45 1123.61 1077.76 430.6
6909409012031_camera3-37.jpg 1 1265.66 1332.72 741.0 1121.54 1049.32 422.37
6909409012031_camera3-38.jpg 1 1251.91 1336.96 716.59 1137.04 1070.65 399.85
6909409012031_camera3-40.jpg 1 1321.51 1328.13 784.95 1128.37 1073.11 399.52
6909409012031_camera3-3.jpg 1 1312.88 1360.31 751.34 1133.68 1123.09 453.26
6909409012031_camera3-5.jpg 1 1295.31 1371.16 745.52 1121.26 1099.58 499.81
6909409012031_camera3-39.jpg 1 1289.91 1326.1 753.19 1132.54 1073.43 387.12
6909409012031_camera3-6.jpg 1 1297.94 1367.22 787.61 1105.47 1020.67 523.49
6909409012031_camera3-8.jpg 1 1314.14 1379.19 912.5 1126.12 803.28 506.15
6909409012031_camera3-4.jpg 1 1302.52 1365.7 732.68 1114.19 1139.68 503.03
6909409012031_camera3-9.jpg 1 1409.74 1375.11 1019.1 1129.15 781.28 491.92
