6925792550042_camera0-21.jpg 200 1418.24 1075.69 1349.48 844.93 137.52 461.52
6925792550042_camera0-25.jpg 200 1415.62 1076.93 1353.77 849.26 123.69 455.34
6925792550042_camera0-3.jpg 200 1400.98 1075.47 1333.79 845.24 134.39 460.47
6925792550042_camera0-6.jpg 200 1404.64 1076.7 1346.44 851.16 116.41 451.09
6925792550042_camera0-4.jpg 200 1402.11 1076.94 1337.0 848.79 130.22 456.31
6925792550042_camera1-10.jpg 200 1271.17 999.58 1211.75 816.33 118.84 366.49
6925792550042_camera1-11.jpg 200 1265.33 1000.51 1210.12 816.05 110.42 368.92
6925792550042_camera1-13.jpg 200 1261.47 1001.41 1203.65 813.37 115.64 376.09
6925792550042_camera1-12.jpg 200 1262.98 1000.44 1206.2 812.4 113.56 376.09
6925792550042_camera1-19.jpg 200 1252.35 1010.75 1193.71 828.01 117.27 365.49
6925792550042_camera1-14.jpg 200 1260.84 1000.78 1202.13 812.72 117.41 376.11
6925792550042_camera1-1.jpg 200 1293.5 1010.95 1224.6 828.2 137.81 365.49
6925792550042_camera1-21.jpg 200 1248.79 1017.4 1180.73 838.18 136.11 358.45
6925792550042_camera1-28.jpg 200 1263.62 1024.36 1201.13 847.6 124.97 353.51
6925792550042_camera1-20.jpg 200 1251.65 1014.22 1187.53 832.98 128.24 362.48
6925792550042_camera1-24.jpg 200 1253.89 1023.13 1188.26 843.94 131.27 358.38
6925792550042_camera1-23.jpg 200 1252.78 1022.73 1189.87 846.83 125.83 351.8
6925792550042_camera1-25.jpg 200 1256.06 1023.98 1189.65 845.74 132.82 356.48
6925792550042_camera1-29.jpg 200 1269.69 1025.91 1207.1 844.81 125.19 362.2
6925792550042_camera1-22.jpg 200 1250.59 1020.66 1186.82 844.34 127.54 352.65
6925792550042_camera1-2.jpg 200 1295.18 1011.5 1223.94 827.6 142.49 367.8
6925792550042_camera1-33.jpg 200 1279.12 1021.69 1218.44 841.93 121.37 359.53
6925792550042_camera1-35.jpg 200 1282.65 1019.63 1220.97 835.29 123.37 368.68
6925792550042_camera1-39.jpg 200 1291.71 1014.0 1223.56 832.25 136.31 363.5
6925792550042_camera1-4.jpg 200 1289.26 1007.11 1220.68 822.76 137.15 368.69
6925792550042_camera1-8.jpg 200 1282.51 1003.95 1218.6 823.2 127.82 361.5
6925792550042_camera1-36.jpg 200 1283.02 1019.6 1222.01 837.03 122.01 365.13
6925792550042_camera1-3.jpg 200 1294.45 1006.09 1226.89 821.74 135.11 368.69
6925792550042_camera1-34.jpg 200 1282.02 1022.1 1219.51 839.78 125.02 364.63
6925792550042_camera1-40.jpg 200 1293.64 1013.11 1226.07 829.61 135.15 366.99
6925792550042_camera1-9.jpg 200 1278.95 1002.46 1212.71 818.32 132.48 368.28
6925792550042_camera1-38.jpg 200 1286.72 1016.67 1221.27 833.03 130.91 367.28
6925792550042_camera1-5.jpg 200 1287.88 1008.51 1221.21 820.99 133.35 375.05
6925792550042_camera1-6.jpg 200 1288.22 1005.69 1223.6 823.8 129.25 363.78
6925792550042_camera1-7.jpg 200 1284.86 1003.92 1218.77 821.05 132.17 365.75
6925792550042_camera3-23.jpg 200 1361.43 1235.99 1295.28 1003.67 132.31 464.64
6925792550042_camera3-25.jpg 200 1364.35 1237.02 1301.43 1007.34 125.83 459.36
6925792550042_camera3-2.jpg 200 1397.86 1230.21 1331.52 1000.39 132.67 459.65
6925792550042_camera3-33.jpg 200 1382.69 1234.06 1319.46 1000.28 126.46 467.55
6925792550042_camera3-3.jpg 200 1394.53 1228.97 1329.12 1002.29 130.82 453.37
