6934848931155-back_camera0-14.jpg 26 1631.45 1376.72 813.58 1109.34 1635.73 534.76
6934848931155-back_camera0-15.jpg 26 1598.74 1361.42 748.89 1093.47 1699.69 535.91
6934848931155-back_camera0-17.jpg 26 1527.89 1369.21 673.08 1109.14 1709.63 520.14
6934848931155-back_camera0-18.jpg 26 1502.85 1337.78 683.22 1098.72 1639.26 478.12
6934848931155-back_camera0-1.jpg 26 1349.16 1253.72 473.05 1093.47 1752.23 320.5
6934848931155-back_camera0-22.jpg 26 1599.42 1276.24 804.3 1092.91 1590.25 366.65
6934848931155-back_camera0-28.jpg 26 1320.44 1236.93 655.65 1093.39 1329.58 287.07
6934848931155-back_camera0-27.jpg 26 1350.48 1231.38 628.05 1082.96 1444.86 296.85
6934848931155-back_camera0-21.jpg 26 1592.4 1291.07 794.15 1105.98 1596.5 370.17
6934848931155-back_camera0-26.jpg 26 1401.71 1220.88 646.44 1075.08 1510.54 291.6
6934848931155-back_camera0-24.jpg 26 1499.0 1257.41 691.08 1097.53 1615.84 319.76
6934848931155-back_camera0-23.jpg 26 1556.7 1256.34 756.77 1090.84 1599.86 331.01
6934848931155-back_camera0-2.jpg 26 1397.61 1272.9 554.75 1107.78 1685.71 330.24
6934848931155-back_camera0-25.jpg 26 1464.76 1232.7 691.1 1088.22 1547.32 288.97
6934848931155-back_camera0-32.jpg 26 1522.07 1259.58 892.9 1100.94 1258.35 317.28
6934848931155-back_camera0-30.jpg 26 1381.88 1251.14 765.1 1082.03 1233.55 338.23
6934848931155-back_camera0-33.jpg 26 1491.03 1264.23 793.55 1088.22 1394.95 352.02
6934848931155-back_camera0-31.jpg 26 1479.26 1255.62 880.31 1099.14 1197.91 312.97
6934848931155-back_camera0-34.jpg 26 1458.2 1269.48 701.61 1085.59 1513.17 367.78
6934848931155-back_camera0-35.jpg 26 1411.1 1274.69 625.44 1100.94 1571.32 347.5
6934848931155-back_camera0-37.jpg 26 1318.96 1266.85 488.82 1090.84 1660.28 352.02
6934848931155-back_camera0-36.jpg 26 1368.61 1272.45 545.77 1095.52 1645.68 353.86
6934848931155-back_camera0-40.jpg 26 1304.08 1255.82 444.13 1111.02 1719.89 289.59
6934848931155-back_camera0-3.jpg 26 1415.03 1297.57 586.86 1098.61 1656.34 397.92
6934848931155-back_camera0-4.jpg 26 1367.66 1302.76 532.45 1092.32 1670.42 420.89
6934848931155-back_camera0-39.jpg 26 1263.8 1264.22 417.89 1098.72 1691.81 331.01
6934848931155-back_camera1-13.jpg 26 1418.64 1322.28 695.94 700.56 1445.41 1243.44
6934848931155-back_camera1-18.jpg 26 1317.64 1234.01 586.02 754.58 1463.25 958.86
6934848931155-back_camera1-16.jpg 26 1364.93 1291.81 586.02 702.04 1557.83 1179.54
6934848931155-back_camera1-23.jpg 26 1342.6 1169.65 607.03 660.01 1471.14 1019.29
6934848931155-back_camera1-24.jpg 26 1304.51 1173.6 575.51 633.74 1458.0 1079.71
6934848931155-back_camera1-25.jpg 26 1274.3 1178.85 567.63 617.98 1413.34 1121.74
6934848931155-back_camera1-26.jpg 26 1242.2 1172.89 578.49 624.66 1327.42 1096.47
6934848931155-back_camera1-29.jpg 26 1241.46 1146.01 717.37 660.01 1048.18 972.0
6934848931155-back_camera1-27.jpg 26 1227.27 1166.47 606.35 623.89 1241.84 1085.16
6934848931155-back_camera1-2.jpg 26 1268.82 1260.84 532.26 708.11 1473.11 1105.46
6934848931155-back_camera1-30.jpg 26 1328.15 1180.16 804.06 683.65 1048.18 993.02
6934848931155-back_camera1-31.jpg 26 1334.78 1206.76 756.05 674.06 1157.46 1065.39
6934848931155-back_camera1-35.jpg 26 1234.89 1234.01 478.31 665.26 1513.17 1137.5
6934848931155-back_camera1-33.jpg 26 1295.32 1237.95 601.78 657.38 1387.07 1161.15
6934848931155-back_camera1-39.jpg 26 1162.47 1192.29 421.96 808.22 1481.02 768.13
6934848931155-back_camera1-37.jpg 26 1169.23 1224.5 397.44 722.54 1543.59 1003.92
6934848931155-back_camera1-34.jpg 26 1267.56 1238.18 539.82 667.82 1455.48 1140.72
6934848931155-back_camera1-36.jpg 26 1203.37 1230.07 436.28 694.16 1534.18 1071.83
6934848931155-back_camera1-4.jpg 26 1224.66 1295.26 453.53 658.28 1542.27 1273.95
6934848931155-back_camera1-3.jpg 26 1246.71 1289.18 483.56 675.77 1526.3 1226.82
6934848931155-back_camera1-7.jpg 26 1208.62 1294.12 559.75 644.25 1297.75 1299.75
6934848931155-back_camera1-5.jpg 26 1207.38 1295.88 456.16 647.75 1502.44 1296.25
6934848931155-back_camera1-6.jpg 26 1208.93 1282.53 496.09 623.89 1425.68 1317.28
6934848931155-back_camera2-16.jpg 26 1272.99 812.38 656.95 118.84 1232.08 1387.07
6934848931155-back_camera2-15.jpg 26 1282.16 814.8 629.78 116.38 1304.77 1396.84
6934848931155-back_camera2-12.jpg 26 1316.33 834.7 670.08 250.19 1292.5 1169.03
6934848931155-back_camera2-10.jpg 26 1331.78 841.58 758.9 418.53 1145.75 846.09
6934848931155-back_camera2-11.jpg 26 1331.78 836.54 716.09 332.91 1231.37 1007.25
6934848931155-back_camera2-13.jpg 26 1311.07 828.13 643.81 197.65 1334.53 1260.97
6934848931155-back_camera2-17.jpg 26 1262.52 803.8 698.46 128.94 1128.12 1349.72
6934848931155-back_camera2-14.jpg 26 1300.57 821.58 638.56 158.25 1324.02 1326.65
6934848931155-back_camera2-19.jpg 26 1243.64 803.81 811.78 201.97 863.72 1203.67
6934848931155-back_camera2-18.jpg 26 1251.96 805.81 741.01 152.99 1021.91 1305.63
6934848931155-back_camera2-1.jpg 26 1304.52 931.86 782.35 284.73 1044.34 1294.25
6934848931155-back_camera2-22.jpg 26 1238.83 836.02 659.57 184.52 1158.52 1303.01
6934848931155-back_camera2-23.jpg 26 1223.49 841.57 597.74 181.82 1251.51 1319.5
6934848931155-back_camera2-21.jpg 26 1246.65 825.32 729.74 205.82 1033.82 1239.0
6934848931155-back_camera2-26.jpg 26 1201.98 876.8 498.16 255.05 1407.64 1243.5
6934848931155-back_camera2-28.jpg 26 1188.93 879.37 533.48 371.04 1310.89 1016.66
6934848931155-back_camera2-24.jpg 26 1220.97 855.42 565.0 196.93 1311.95 1316.98
6934848931155-back_camera2-27.jpg 26 1187.47 870.04 492.99 292.63 1388.95 1154.83
6934848931155-back_camera2-25.jpg 26 1207.31 862.29 517.71 213.42 1379.19 1297.75
6934848931155-back_camera2-2.jpg 26 1312.41 929.22 732.37 266.32 1160.09 1325.81
6934848931155-back_camera2-31.jpg 26 1217.82 897.76 588.64 368.41 1258.35 1058.69
6934848931155-back_camera2-33.jpg 26 1233.58 918.77 565.0 276.46 1337.16 1284.62
6934848931155-back_camera2-35.jpg 26 1244.09 948.98 599.15 247.57 1289.87 1402.83
6934848931155-back_camera2-37.jpg 26 1260.01 948.59 698.46 262.4 1123.09 1372.38
6934848931155-back_camera2-34.jpg 26 1234.89 939.79 567.63 250.19 1334.53 1379.19
6934848931155-back_camera2-7.jpg 26 1336.04 884.62 646.44 310.62 1379.19 1148.01
6934848931155-back_camera2-4.jpg 26 1320.12 906.16 646.97 235.92 1346.29 1340.49
6934848931155-back_camera2-6.jpg 26 1332.09 889.88 620.17 263.33 1423.85 1253.09
6934848931155-back_camera2-40.jpg 26 1291.48 936.0 847.03 345.5 888.9 1181.01
6934848931155-back_camera2-3.jpg 26 1320.26 921.4 685.84 234.43 1268.85 1373.94
6934848931155-back_camera2-8.jpg 26 1340.42 871.36 670.18 357.79 1340.49 1027.13
6934848931155-back_camera3-10.jpg 26 1611.83 1569.05 927.61 1194.11 1368.43 749.89
6934848931155-back_camera2-5.jpg 26 1329.47 900.38 638.56 244.94 1381.82 1310.89
6934848931155-back_camera3-11.jpg 26 1607.93 1563.7 848.72 1188.04 1518.42 751.33
6934848931155-back_camera3-15.jpg 26 1490.41 1569.32 658.17 1196.63 1664.49 745.37
6934848931155-back_camera3-12.jpg 26 1591.07 1556.06 782.27 1173.2 1617.59 765.72
6934848931155-back_camera3-13.jpg 26 1564.7 1566.8 738.75 1191.6 1651.9 750.4
6934848931155-back_camera3-14.jpg 26 1530.43 1556.83 683.22 1169.65 1694.43 774.35
6934848931155-back_camera3-19.jpg 26 1535.74 1448.45 741.27 1191.6 1588.94 513.7
6934848931155-back_camera3-20.jpg 26 1560.64 1410.03 785.67 1172.28 1549.95 475.49
6934848931155-back_camera3-1.jpg 26 1389.69 1515.18 580.11 1179.01 1619.16 672.34
6934848931155-back_camera3-21.jpg 26 1513.36 1396.89 725.25 1159.15 1576.22 475.49
6934848931155-back_camera3-25.jpg 26 1326.74 1400.6 620.4 1133.68 1412.67 533.84
6934848931155-back_camera3-26.jpg 26 1296.62 1411.34 633.3 1122.37 1326.65 577.95
6934848931155-back_camera3-24.jpg 26 1368.28 1403.12 620.4 1141.23 1495.77 523.77
6934848931155-back_camera3-23.jpg 26 1414.84 1404.78 635.93 1130.25 1557.83 549.05
6934848931155-back_camera3-22.jpg 26 1464.18 1400.11 660.53 1148.57 1607.31 503.08
6934848931155-back_camera3-28.jpg 26 1350.66 1423.26 756.38 1148.79 1188.56 548.95
6934848931155-back_camera3-27.jpg 26 1269.05 1417.9 672.71 1135.5 1192.67 564.81
6934848931155-back_camera3-31.jpg 26 1455.15 1479.93 776.52 1161.38 1357.27 637.09
6934848931155-back_camera3-32.jpg 26 1422.9 1486.9 685.02 1147.56 1475.76 678.69
6934848931155-back_camera3-30.jpg 26 1483.14 1465.19 853.97 1146.01 1258.35 638.37
6934848931155-back_camera3-34.jpg 26 1339.33 1488.74 539.82 1168.93 1599.02 639.61
6934848931155-back_camera3-33.jpg 26 1384.63 1488.84 599.15 1146.01 1570.96 685.65
6934848931155-back_camera3-35.jpg 26 1292.74 1483.7 486.94 1179.01 1611.61 609.39
6934848931155-back_camera3-38.jpg 26 1270.36 1442.87 420.51 1201.18 1699.69 483.37
6934848931155-back_camera3-37.jpg 26 1231.04 1459.78 423.98 1201.67 1614.12 516.22
6934848931155-back_camera3-3.jpg 26 1325.48 1550.17 502.05 1156.34 1646.86 787.66
6934848931155-back_camera3-40.jpg 26 1370.18 1490.15 541.36 1167.03 1657.65 646.25
6934848931155-back_camera3-9.jpg 26 1531.75 1559.77 867.11 1177.54 1329.28 764.46
6934848931155-back_camera3-4.jpg 26 1294.0 1550.17 489.46 1156.34 1609.09 787.66
6934848931155-back_camera3-7.jpg 26 1266.41 1548.95 622.79 1153.89 1287.24 790.11
6934848931155-back_camera3-5.jpg 26 1272.6 1546.65 502.05 1151.31 1541.1 790.69
6934848931155-back_camera3-8.jpg 26 1403.61 1552.62 752.93 1170.31 1301.36 764.63
6934848931155_camera0-17.jpg 26 1468.09 1224.51 617.95 1035.91 1700.27 377.19
6934848931155_camera0-18.jpg 26 1440.0 1219.9 619.26 1029.19 1641.48 381.43
6934848931155_camera0-19.jpg 26 1405.64 1211.68 588.64 1027.79 1634.01 367.78
6934848931155_camera0-20.jpg 26 1443.82 1209.22 587.66 1035.47 1712.33 347.5
6934848931155_camera0-24.jpg 26 1517.6 1193.6 677.13 1005.51 1680.94 376.17
6934848931155_camera0-23.jpg 26 1576.69 1187.89 754.46 1012.48 1644.46 350.82
6934848931155_camera0-25.jpg 26 1493.66 1198.56 654.32 1009.41 1678.67 378.29
6934848931155_camera0-21.jpg 26 1503.01 1204.18 638.03 1035.47 1729.96 337.43
6934848931155_camera0-22.jpg 26 1547.07 1194.12 695.94 1025.4 1702.26 337.43
6934848931155_camera0-26.jpg 26 1436.5 1196.88 608.79 1008.68 1655.42 376.4
6934848931155_camera0-27.jpg 26 1395.14 1201.18 601.78 1009.41 1586.72 383.55
6934848931155_camera0-31.jpg 26 1458.19 1194.62 814.57 998.9 1287.24 391.43
6934848931155_camera0-28.jpg 26 1353.69 1203.88 605.46 1005.63 1496.46 396.5
6934848931155_camera0-30.jpg 26 1347.85 1199.86 719.99 1001.52 1255.72 396.68
6934848931155_camera0-33.jpg 26 1575.67 1192.32 902.25 1015.33 1346.84 353.98
6934848931155_camera0-32.jpg 26 1575.38 1192.39 948.66 1000.54 1253.44 383.71
6934848931155_camera0-37.jpg 26 1428.9 1194.84 619.5 1026.48 1618.8 336.71
6934848931155_camera0-36.jpg 26 1477.89 1198.55 662.2 1014.66 1631.38 367.78
6934848931155_camera0-35.jpg 26 1519.32 1195.47 743.88 1025.0 1550.88 340.94
6934848931155_camera0-38.jpg 26 1386.26 1199.26 567.68 1022.33 1637.15 353.86
6934848931155_camera0-3.jpg 26 1473.95 1184.1 670.08 1012.03 1607.74 344.14
6934848931155_camera0-40.jpg 26 1370.26 1196.64 555.47 1043.39 1629.59 306.49
6934848931155_camera0-4.jpg 26 1440.05 1201.67 612.84 1055.62 1654.41 292.1
6934848931155_camera0-6.jpg 26 1352.28 1211.38 509.42 1062.45 1685.71 297.86
6934848931155_camera1-10.jpg 26 1234.82 1172.71 668.24 677.9 1133.16 989.63
6934848931155_camera0-5.jpg 26 1401.76 1206.78 538.78 1046.36 1725.97 320.85
6934848931155_camera0-8.jpg 26 1284.8 1208.07 490.36 1037.08 1588.87 341.98
6934848931155_camera1-12.jpg 26 1383.43 1230.43 748.15 639.86 1270.57 1181.13
6934848931155_camera1-14.jpg 26 1375.84 1238.18 630.47 632.57 1490.74 1211.22
6934848931155_camera1-16.jpg 26 1328.19 1229.11 524.55 639.86 1607.29 1178.5
6934848931155_camera1-15.jpg 26 1361.09 1234.38 574.54 613.56 1573.09 1241.63
6934848931155_camera1-11.jpg 26 1363.63 1221.6 792.04 676.12 1143.19 1090.96
6934848931155_camera1-17.jpg 26 1317.92 1209.22 524.71 665.31 1586.42 1087.83
6934848931155_camera1-13.jpg 26 1382.12 1234.38 695.54 618.82 1373.16 1231.11
6934848931155_camera1-18.jpg 26 1288.97 1190.34 514.64 693.01 1548.65 994.66
6934848931155_camera1-1.jpg 26 1273.69 1088.13 519.3 734.15 1508.78 707.96
6934848931155_camera1-21.jpg 26 1392.21 1112.28 635.51 685.45 1513.4 853.65
6934848931155_camera1-20.jpg 26 1340.59 1128.64 570.04 748.4 1541.1 760.48
6934848931155_camera1-23.jpg 26 1383.95 1137.46 577.33 577.47 1613.23 1119.98
6934848931155_camera1-27.jpg 26 1262.48 1151.27 549.24 505.02 1426.48 1292.5
6934848931155_camera1-24.jpg 26 1349.4 1146.28 554.93 557.03 1588.94 1178.49
6934848931155_camera1-22.jpg 26 1401.71 1123.68 635.93 625.86 1531.56 995.64
6934848931155_camera1-31.jpg 26 1383.32 1136.81 840.84 560.18 1084.96 1153.26
6934848931155_camera1-30.jpg 26 1291.48 1116.06 753.86 567.1 1075.24 1097.91
6934848931155_camera1-29.jpg 26 1227.01 1126.3 659.57 526.03 1134.88 1200.55
6934848931155_camera1-26.jpg 26 1285.18 1156.35 532.26 516.74 1505.84 1279.21
6934848931155_camera1-32.jpg 26 1376.76 1152.57 754.15 533.91 1245.21 1237.33
6934848931155_camera1-33.jpg 26 1358.36 1157.83 670.08 526.03 1376.56 1263.6
6934848931155_camera1-37.jpg 26 1238.61 1141.23 461.76 577.17 1553.69 1128.12
6934848931155_camera1-35.jpg 26 1305.61 1160.67 536.71 519.44 1537.79 1282.46
6934848931155_camera1-36.jpg 26 1269.04 1159.14 483.56 547.05 1570.96 1224.19
6934848931155_camera1-34.jpg 26 1338.07 1160.12 612.84 526.81 1450.45 1266.62
6934848931155_camera1-38.jpg 26 1205.99 1125.0 433.65 594.34 1544.69 1061.32
6934848931155_camera1-3.jpg 26 1268.82 1151.31 486.94 677.9 1563.76 946.82
6934848931155_camera1-39.jpg 26 1188.92 1113.17 444.16 646.88 1489.52 932.59
6934848931155_camera1-7.jpg 26 1163.96 1190.68 420.51 610.1 1486.9 1161.15
6934848931155_camera1-40.jpg 26 1234.83 1095.9 484.42 710.63 1500.81 770.55
6934848931155_camera1-4.jpg 26 1234.88 1172.28 428.39 644.25 1612.99 1056.06
6934848931155_camera1-6.jpg 26 1183.2 1190.34 406.36 622.5 1553.69 1135.68
6934848931155_camera1-5.jpg 26 1209.93 1185.42 407.38 620.61 1605.11 1129.62
6934848931155_camera2-10.jpg 26 1302.7 894.14 670.18 435.71 1265.05 916.87
6934848931155_camera1-8.jpg 26 1158.01 1186.56 479.38 632.57 1357.27 1107.98
6934848931155_camera2-14.jpg 26 1322.97 847.87 597.74 181.82 1450.45 1332.09
6934848931155_camera2-13.jpg 26 1321.59 857.04 604.41 239.69 1434.36 1234.7
6934848931155_camera2-12.jpg 26 1324.21 860.46 640.54 322.84 1367.35 1075.24
6934848931155_camera2-16.jpg 26 1311.41 834.46 606.35 114.89 1410.13 1439.14
6934848931155_camera2-21.jpg 26 1273.86 811.36 821.85 171.75 904.01 1279.21
6934848931155_camera2-20.jpg 26 1277.63 825.21 839.48 207.01 876.31 1236.4
6934848931155_camera2-25.jpg 26 1241.78 819.95 536.71 85.87 1410.13 1468.16
6934848931155_camera2-23.jpg 26 1262.47 817.63 654.32 89.95 1216.31 1455.37
6934848931155_camera2-26.jpg 26 1236.08 827.73 519.67 139.02 1432.82 1377.42
6934848931155_camera2-24.jpg 26 1250.66 824.2 578.14 87.32 1345.04 1473.76
6934848931155_camera2-28.jpg 26 1212.76 831.98 496.09 222.66 1433.34 1218.63
6934848931155_camera2-2.jpg 26 1276.38 924.67 753.86 249.81 1045.03 1349.72
6934848931155_camera2-27.jpg 26 1223.08 829.46 496.7 168.76 1452.75 1321.39
6934848931155_camera2-30.jpg 26 1211.25 850.47 591.27 405.19 1239.96 890.56
6934848931155_camera2-29.jpg 26 1217.19 841.58 552.41 327.88 1329.57 1027.4
6934848931155_camera2-32.jpg 26 1216.39 872.67 514.03 313.67 1404.73 1118.0
6934848931155_camera2-33.jpg 26 1212.57 885.94 486.19 258.08 1452.75 1255.72
6934848931155_camera2-34.jpg 26 1200.62 883.19 464.05 216.34 1473.13 1333.7
6934848931155_camera2-35.jpg 26 1215.65 895.81 484.48 187.84 1462.35 1415.93
6934848931155_camera2-36.jpg 26 1210.9 904.53 524.71 196.93 1372.38 1415.19
6934848931155_camera2-38.jpg 26 1213.87 912.2 614.91 210.79 1197.92 1402.83
6934848931155_camera2-37.jpg 26 1203.37 908.27 543.98 187.15 1318.77 1442.24
6934848931155_camera2-3.jpg 26 1269.01 934.49 671.87 213.71 1194.28 1441.56
6934848931155_camera2-4.jpg 26 1287.43 926.65 628.05 197.65 1318.77 1458.0
6934848931155_camera2-6.jpg 26 1299.8 924.83 571.53 216.86 1456.55 1415.93
6934848931155_camera2-5.jpg 26 1290.22 923.41 602.77 204.49 1374.9 1437.85
6934848931155_camera2-7.jpg 26 1297.94 920.09 575.51 252.82 1444.86 1334.53
6934848931155_camera2-8.jpg 26 1300.57 909.59 596.52 302.74 1408.09 1213.69
6934848931155_camera2-9.jpg 26 1301.56 900.75 632.99 375.72 1337.13 1050.06
6934848931155_camera3-12.jpg 26 1518.61 1440.24 783.04 1132.88 1471.14 614.72
6934848931155_camera3-13.jpg 26 1502.9 1444.06 714.53 1150.6 1576.75 586.93
6934848931155_camera3-11.jpg 26 1533.22 1438.38 867.18 1151.31 1332.09 574.13
6934848931155_camera3-10.jpg 26 1475.26 1437.61 827.7 1156.52 1295.12 562.18
6934848931155_camera3-15.jpg 26 1435.01 1433.34 615.36 1156.34 1639.31 553.99
6934848931155_camera3-14.jpg 26 1472.63 1433.67 649.06 1143.38 1647.15 580.57
6934848931155_camera3-16.jpg 26 1406.75 1421.97 573.25 1157.64 1667.0 528.66
6934848931155_camera3-19.jpg 26 1462.13 1352.23 599.15 1093.47 1725.96 517.52
6934848931155_camera3-20.jpg 26 1513.08 1342.68 675.8 1080.8 1674.56 523.77
6934848931155_camera3-21.jpg 26 1543.57 1348.29 722.62 1056.69 1641.89 583.2
6934848931155_camera3-1.jpg 26 1427.98 1360.11 635.93 1143.38 1584.1 433.46
6934848931155_camera3-23.jpg 26 1460.2 1365.35 635.51 1037.99 1649.38 654.71
6934848931155_camera3-25.jpg 26 1367.55 1374.56 583.39 1022.54 1568.33 704.04
6934848931155_camera3-26.jpg 26 1331.77 1375.43 600.25 1027.92 1463.04 695.01
6934848931155_camera3-30.jpg 26 1530.7 1365.34 917.54 1058.13 1226.33 614.42
6934848931155_camera3-29.jpg 26 1409.59 1349.61 785.67 1030.42 1247.84 638.37
6934848931155_camera3-2.jpg 26 1409.23 1383.79 573.6 1154.98 1671.26 457.61
6934848931155_camera3-31.jpg 26 1539.63 1382.44 867.11 1048.81 1345.04 667.26
6934848931155_camera3-34.jpg 26 1437.17 1390.32 630.68 1056.69 1612.99 667.26
6934848931155_camera3-33.jpg 26 1479.09 1391.79 716.09 1058.13 1525.99 667.31
6934848931155_camera3-36.jpg 26 1336.09 1384.32 514.03 1079.17 1644.11 610.29
6934848931155_camera3-37.jpg 26 1308.45 1362.74 515.09 1085.59 1586.72 554.3
6934848931155_camera3-35.jpg 26 1398.51 1386.75 592.7 1073.24 1611.61 627.02
6934848931155_camera3-40.jpg 26 1407.11 1377.74 585.06 1139.67 1644.11 476.14
6934848931155_camera3-38.jpg 26 1321.59 1356.18 504.58 1106.61 1634.01 499.14
6934848931155_camera3-39.jpg 26 1371.61 1359.33 540.34 1131.78 1662.53 455.09
6934848931155_camera3-5.jpg 26 1280.15 1405.64 471.83 1133.68 1616.64 543.92
6934848931155_camera3-4.jpg 26 1317.64 1402.14 483.56 1130.25 1668.16 543.79
6934848931155_camera3-7.jpg 26 1233.57 1406.89 522.19 1141.23 1422.75 531.33
6934848931155_camera3-8.jpg 26 1232.18 1417.2 598.21 1144.93 1267.94 544.53
6934848931155_camera3-9.jpg 26 1346.61 1415.88 700.8 1147.56 1291.62 536.64
