6907777815186-back_camera0-14.jpg 28 1488.63 1062.83 882.87 913.77 1211.52 298.12
6907777815186-back_camera0-15.jpg 28 1459.2 1063.59 818.26 904.77 1281.88 317.63
6907777815186-back_camera0-17.jpg 28 1393.97 1047.6 716.59 868.72 1354.75 357.76
6907777815186-back_camera0-16.jpg 28 1420.98 1059.22 761.59 902.73 1318.78 312.97
6907777815186-back_camera0-18.jpg 28 1334.7 1052.22 659.9 890.53 1349.6 323.38
6907777815186-back_camera0-1.jpg 28 1547.93 1055.9 854.76 897.09 1386.34 317.63
6907777815186-back_camera0-19.jpg 28 1322.32 1042.31 647.97 881.35 1348.69 321.91
6907777815186-back_camera0-21.jpg 28 1373.93 1036.14 655.96 868.68 1435.94 334.93
6907777815186-back_camera0-20.jpg 28 1336.4 1037.12 638.93 877.09 1394.94 320.06
6907777815186-back_camera0-24.jpg 28 1391.34 1069.96 663.98 858.2 1454.71 423.52
6907777815186-back_camera0-27.jpg 28 1308.04 1090.87 623.82 848.05 1368.43 485.64
6907777815186-back_camera0-26.jpg 28 1329.51 1084.43 606.1 845.05 1446.82 478.77
6907777815186-back_camera0-2.jpg 28 1562.32 1051.55 866.53 897.66 1391.58 307.78
6907777815186-back_camera0-3.jpg 28 1532.07 1050.23 811.29 910.81 1441.56 278.84
6907777815186-back_camera0-40.jpg 28 1491.7 1060.7 810.88 893.27 1361.64 334.86
6907777815186-back_camera0-5.jpg 28 1473.4 1058.18 762.06 923.13 1422.69 270.11
6907777815186-back_camera0-4.jpg 28 1501.82 1052.87 777.09 905.55 1449.45 294.63
6907777815186-back_camera0-6.jpg 28 1439.99 1054.17 750.78 916.07 1378.43 276.21
6907777815186-back_camera2-39.jpg 28 1195.79 941.04 748.82 410.97 893.94 1060.13
6907777815186-back_camera2-3.jpg 28 1277.62 976.3 801.7 390.83 951.85 1170.93
6907777815186-back_camera3-18.jpg 28 1457.67 1432.08 763.93 1151.31 1387.49 561.54
6907777815186-back_camera3-1.jpg 28 1346.07 1435.31 690.24 1261.25 1311.65 348.12
6907777815186-back_camera3-19.jpg 28 1535.74 1375.42 829.4 1116.05 1412.67 518.74
6907777815186-back_camera3-25.jpg 28 1454.84 1425.34 810.01 1049.03 1289.66 752.62
6907777815186-back_camera3-38.jpg 28 1284.28 1393.54 676.3 1183.13 1215.96 420.82
6907777815186-back_camera3-37.jpg 28 1317.38 1387.29 689.29 1169.29 1256.19 436.0
6907777815186-back_camera3-40.jpg 28 1344.34 1411.0 701.98 1232.33 1284.71 357.34
6907777815186-back_camera3-39.jpg 28 1317.07 1399.89 687.47 1208.46 1259.19 382.86
6907777815186_camera0-11.jpg 28 1468.88 1352.39 938.84 1135.94 1060.08 432.91
6907777815186_camera0-12.jpg 28 1612.72 1364.72 1075.28 1133.47 1074.88 462.51
6907777815186_camera0-19.jpg 28 1504.6 1357.16 823.96 1130.28 1361.28 453.76
6907777815186_camera0-18.jpg 28 1537.0 1361.57 831.92 1128.64 1410.16 465.85
6907777815186_camera0-20.jpg 28 1494.38 1339.8 840.38 1129.36 1307.99 420.89
6907777815186_camera0-1.jpg 28 1295.87 1239.54 590.41 1134.63 1410.92 209.81
6907777815186_camera0-27.jpg 28 1400.08 1267.0 774.74 1140.09 1250.68 253.82
6907777815186_camera0-26.jpg 28 1444.87 1282.16 791.88 1150.29 1305.98 263.75
6907777815186_camera0-29.jpg 28 1345.23 1243.09 817.04 1141.34 1056.38 203.51
6907777815186_camera0-28.jpg 28 1380.18 1260.87 777.99 1143.39 1204.39 234.96
6907777815186_camera0-2.jpg 28 1343.11 1270.92 635.51 1133.68 1415.19 274.48
6907777815186_camera0-33.jpg 28 1456.27 1243.32 912.45 1142.26 1087.64 202.11
6907777815186_camera0-30.jpg 28 1330.69 1246.63 821.31 1144.11 1018.77 205.05
6907777815186_camera0-35.jpg 28 1421.43 1242.92 798.52 1138.39 1245.82 209.05
6907777815186_camera0-36.jpg 28 1390.01 1231.75 727.11 1118.63 1325.81 226.23
6907777815186_camera0-37.jpg 28 1346.61 1254.1 653.45 1139.67 1386.32 228.86
6907777815186_camera0-38.jpg 28 1317.38 1238.37 623.46 1138.0 1387.85 200.73
6907777815186_camera0-3.jpg 28 1392.68 1274.07 690.25 1127.17 1404.87 293.79
6907777815186_camera0-40.jpg 28 1258.07 1255.57 575.39 1139.92 1365.37 231.3
6907777815186_camera0-39.jpg 28 1288.74 1244.89 592.95 1129.15 1391.58 231.49
6907777815186_camera0-7.jpg 28 1369.55 1321.28 706.02 1128.64 1327.06 385.27
6907777815186_camera0-5.jpg 28 1395.28 1297.51 692.91 1105.47 1404.73 384.07
6907777815186_camera0-4.jpg 28 1420.01 1291.42 726.84 1123.99 1386.34 334.86
6907777815186_camera0-8.jpg 28 1350.55 1326.44 700.8 1116.0 1299.51 420.89
6907777815186_camera0-6.jpg 28 1399.22 1306.74 691.84 1123.88 1414.77 365.72
6907777815186_camera1-11.jpg 28 1390.05 1272.17 946.5 762.79 887.1 1018.77
6907777815186_camera1-14.jpg 28 1415.01 1265.95 811.29 703.0 1207.44 1125.89
6907777815186_camera1-10.jpg 28 1298.6 1290.49 856.84 786.18 883.51 1008.63
6907777815186_camera1-13.jpg 28 1415.01 1280.41 861.27 726.67 1107.47 1107.48
6907777815186_camera1-12.jpg 28 1417.38 1273.43 897.39 738.33 1039.99 1070.21
6907777815186_camera1-16.jpg 28 1397.89 1250.05 752.7 699.98 1290.38 1100.13
6907777815186_camera1-15.jpg 28 1398.51 1255.81 756.38 705.6 1284.25 1100.42
6907777815186_camera1-17.jpg 28 1384.95 1227.93 730.98 705.33 1307.94 1045.2
6907777815186_camera1-20.jpg 28 1341.84 1166.41 776.52 788.69 1130.64 755.44
6907777815186_camera1-1.jpg 28 1215.12 1185.57 596.87 848.08 1236.5 674.97
6907777815186_camera1-18.jpg 28 1361.99 1205.44 736.23 728.26 1251.51 954.37
6907777815186_camera1-21.jpg 28 1370.8 1122.34 824.37 801.28 1092.87 642.12
6907777815186_camera1-19.jpg 28 1349.24 1188.34 753.42 750.35 1191.65 875.98
6907777815186_camera1-23.jpg 28 1328.0 1136.19 733.72 725.74 1188.56 820.91
6907777815186_camera1-24.jpg 28 1320.44 1129.9 723.64 703.08 1193.6 853.65
6907777815186_camera1-26.jpg 28 1265.12 1140.03 677.08 670.36 1176.09 939.33
6907777815186_camera1-25.jpg 28 1288.97 1142.49 688.39 690.49 1201.15 904.01
6907777815186_camera1-28.jpg 28 1224.29 1140.99 690.28 674.06 1068.02 933.86
6907777815186_camera1-29.jpg 28 1214.62 1132.32 760.9 692.62 907.43 879.39
6907777815186_camera1-2.jpg 28 1263.74 1226.48 645.56 824.0 1236.37 804.96
6907777815186_camera1-32.jpg 28 1303.94 1154.98 848.05 750.85 911.78 808.26
6907777815186_camera1-34.jpg 28 1265.95 1179.53 690.14 730.77 1151.62 897.53
6907777815186_camera1-33.jpg 28 1272.95 1164.66 724.48 713.52 1096.95 902.29
6907777815186_camera1-30.jpg 28 1211.31 1129.42 790.42 710.38 841.78 838.08
6907777815186_camera1-35.jpg 28 1245.65 1184.17 636.62 730.41 1218.07 907.52
6907777815186_camera1-36.jpg 28 1220.8 1181.3 590.41 727.04 1260.78 908.53
6907777815186_camera1-39.jpg 28 1158.4 1157.84 535.71 801.74 1245.38 712.2
6907777815186_camera1-40.jpg 28 1171.7 1153.47 557.63 840.5 1228.13 625.94
6907777815186_camera1-5.jpg 28 1267.99 1310.24 641.83 762.65 1252.33 1095.17
6907777815186_camera1-4.jpg 28 1274.27 1293.56 645.56 784.54 1257.42 1018.04
6907777815186_camera1-7.jpg 28 1254.97 1316.24 683.35 758.48 1143.23 1115.53
6907777815186_camera1-8.jpg 28 1254.97 1316.24 706.02 755.96 1097.91 1120.57
6907777815186_camera2-10.jpg 28 1338.91 845.37 829.15 478.2 1019.53 734.33
6907777815186_camera2-11.jpg 28 1313.73 833.2 806.03 471.5 1015.4 723.41
6907777815186_camera1-9.jpg 28 1257.18 1310.66 763.94 768.76 986.47 1083.8
6907777815186_camera2-15.jpg 28 1264.88 803.55 713.16 244.39 1103.44 1118.33
6907777815186_camera2-17.jpg 28 1252.45 793.73 746.31 227.15 1012.29 1133.16
6907777815186_camera2-14.jpg 28 1278.22 809.53 724.48 284.73 1107.48 1049.6
6907777815186_camera2-16.jpg 28 1261.92 803.61 722.0 240.59 1079.85 1126.04
6907777815186_camera2-21.jpg 28 1234.82 822.68 858.64 318.93 752.35 1007.51
6907777815186_camera2-19.jpg 28 1238.71 798.43 810.43 262.35 856.56 1072.15
6907777815186_camera2-23.jpg 28 1214.68 862.99 726.16 327.88 977.04 1070.21
6907777815186_camera2-22.jpg 28 1228.43 842.83 822.17 339.44 812.52 1006.78
6907777815186_camera2-24.jpg 28 1208.93 865.73 697.88 318.11 1022.1 1095.24
6907777815186_camera2-18.jpg 28 1243.63 794.99 763.93 232.19 959.41 1125.61
6907777815186_camera2-26.jpg 28 1194.76 880.28 628.85 342.28 1131.82 1076.0
6907777815186_camera2-28.jpg 28 1183.2 886.9 610.33 408.46 1145.75 956.89
6907777815186_camera2-27.jpg 28 1186.86 883.99 613.27 379.18 1147.17 1009.62
6907777815186_camera2-25.jpg 28 1200.82 871.79 655.65 327.88 1090.35 1087.83
6907777815186_camera2-2.jpg 28 1319.18 905.79 907.47 388.31 823.43 1034.95
6907777815186_camera2-30.jpg 28 1198.3 895.75 700.04 512.98 996.53 765.54
6907777815186_camera2-32.jpg 28 1239.95 912.49 728.76 499.85 1022.38 825.28
6907777815186_camera2-33.jpg 28 1256.23 929.71 716.09 431.12 1080.28 997.18
6907777815186_camera2-31.jpg 28 1232.95 904.0 741.29 534.43 983.33 739.15
6907777815186_camera2-36.jpg 28 1267.56 951.12 728.68 378.24 1077.76 1145.75
6907777815186_camera2-35.jpg 28 1260.68 934.88 708.25 390.14 1104.87 1089.47
6907777815186_camera2-37.jpg 28 1273.86 959.92 753.86 385.79 1039.99 1148.27
6907777815186_camera2-34.jpg 28 1259.19 931.83 705.64 417.57 1107.11 1028.52
6907777815186_camera2-38.jpg 28 1276.37 956.15 801.7 388.31 949.34 1135.68
6907777815186_camera2-40.jpg 28 1282.61 952.88 904.59 435.07 756.03 1035.62
6907777815186_camera2-39.jpg 28 1282.45 939.47 850.18 410.69 864.54 1057.57
6907777815186_camera2-3.jpg 28 1331.77 895.72 874.73 353.06 914.08 1085.32
6907777815186_camera2-4.jpg 28 1343.11 885.64 826.89 327.88 1032.44 1115.53
6907777815186_camera2-5.jpg 28 1343.91 877.91 778.95 320.4 1129.91 1115.02
6907777815186_camera2-6.jpg 28 1345.59 872.53 776.8 323.94 1137.59 1097.17
6907777815186_camera3-10.jpg 28 1540.78 1556.73 1013.23 1199.15 1055.1 715.15
6907777815186_camera2-9.jpg 28 1346.99 851.2 794.68 409.49 1104.62 883.42
6907777815186_camera2-8.jpg 28 1349.4 859.21 774.01 368.17 1150.79 982.07
6907777815186_camera2-7.jpg 28 1345.62 866.76 776.52 355.58 1138.2 1022.36
6907777815186_camera3-12.jpg 28 1578.37 1560.44 928.32 1176.88 1300.1 767.12
6907777815186_camera3-13.jpg 28 1572.25 1560.24 909.98 1176.49 1324.54 767.51
6907777815186_camera3-14.jpg 28 1548.13 1559.86 849.73 1175.85 1396.81 768.02
6907777815186_camera3-17.jpg 28 1465.23 1517.7 801.7 1191.6 1327.06 652.2
6907777815186_camera3-15.jpg 28 1518.11 1546.65 819.33 1176.49 1397.56 740.33
6907777815186_camera3-16.jpg 28 1500.85 1536.03 803.77 1168.93 1394.15 734.2
6907777815186_camera3-19.jpg 28 1468.13 1484.96 836.18 1212.0 1263.91 545.93
6907777815186_camera3-18.jpg 28 1452.64 1505.11 806.74 1201.67 1291.8 606.87
6907777815186_camera3-25.jpg 28 1374.12 1420.58 746.93 1173.8 1254.38 493.55
6907777815186_camera3-24.jpg 28 1410.91 1418.94 767.71 1182.6 1286.41 472.69
6907777815186_camera3-23.jpg 28 1425.66 1416.43 779.22 1189.8 1292.88 453.26
6907777815186_camera3-28.jpg 28 1300.61 1416.01 790.09 1179.84 1021.04 472.34
6907777815186_camera3-26.jpg 28 1343.88 1423.12 742.87 1179.71 1202.01 486.83
6907777815186_camera3-29.jpg 28 1365.57 1407.89 894.53 1195.88 942.08 424.02
6907777815186_camera3-2.jpg 28 1388.55 1500.07 708.61 1207.25 1359.87 585.64
6907777815186_camera3-31.jpg 28 1429.82 1417.55 909.29 1202.24 1041.07 430.62
6907777815186_camera3-35.jpg 28 1325.47 1419.49 653.13 1201.67 1344.68 435.64
6907777815186_camera3-34.jpg 28 1353.56 1417.02 698.08 1199.23 1310.95 435.57
6907777815186_camera3-32.jpg 28 1416.3 1419.31 857.28 1201.31 1118.05 436.0
6907777815186_camera3-33.jpg 28 1369.94 1417.39 732.26 1198.78 1275.36 437.22
6907777815186_camera3-36.jpg 28 1293.63 1411.39 613.74 1203.11 1359.79 416.57
6907777815186_camera3-37.jpg 28 1260.71 1407.35 580.96 1214.31 1359.5 386.07
6907777815186_camera3-39.jpg 28 1281.41 1411.93 590.18 1229.37 1382.46 365.13
6907777815186_camera3-3.jpg 28 1383.61 1518.43 698.36 1197.94 1370.5 640.98
6907777815186_camera3-40.jpg 28 1316.87 1448.49 618.47 1213.54 1396.79 469.91
6907777815186_camera3-4.jpg 28 1358.52 1545.1 675.04 1204.07 1366.96 682.06
6907777815186_camera3-5.jpg 28 1341.99 1558.25 684.52 1205.17 1314.95 706.15
6907777815186_camera3-6.jpg 28 1334.78 1564.51 690.28 1202.81 1288.99 723.41
6907777815186_camera3-38.jpg 28 1237.97 1398.71 571.0 1220.66 1333.93 356.1
6907777815186_camera3-9.jpg 28 1398.59 1541.79 880.78 1215.06 1035.62 653.46
6907777815186_camera3-8.jpg 28 1329.26 1552.95 796.67 1216.78 1065.17 672.34
