6924187829428-back_camera2-10.jpg 29 1258.49 931.86 842.86 629.34 831.26 605.03
6924187829428-back_camera2-28.jpg 29 1275.59 810.85 811.29 426.78 928.6 768.13
6924187829428-back_camera2-9.jpg 29 1255.91 924.03 814.57 583.83 882.68 680.4
6924187829428_camera0-7.jpg 29 1419.72 1075.88 932.18 927.39 975.08 296.98
6924187829428_camera1-10.jpg 29 1251.97 1184.11 922.28 793.99 659.38 780.23
6924187829428_camera1-15.jpg 29 1326.84 1195.93 867.11 788.74 919.46 814.38
6924187829428_camera1-16.jpg 29 1321.09 1184.08 837.67 793.06 966.83 782.04
6924187829428_camera1-17.jpg 29 1316.33 1178.85 822.45 804.5 987.76 748.7
6924187829428_camera1-1.jpg 29 1259.81 1101.53 798.14 855.57 923.33 491.92
6924187829428_camera1-19.jpg 29 1299.49 1154.02 817.11 843.4 964.75 621.24
6924187829428_camera1-2.jpg 29 1288.75 1126.31 825.08 849.16 927.34 554.3
6924187829428_camera1-32.jpg 29 1334.72 1134.19 1006.34 796.62 656.76 675.15
6924187829428_camera1-31.jpg 29 1305.84 1123.89 998.06 810.85 615.56 626.08
6924187829428_camera1-3.jpg 29 1282.16 1150.2 795.5 834.53 973.32 631.34
6924187829428_camera1-39.jpg 29 1253.49 1118.61 771.73 818.04 963.53 601.14
6924187829428_camera1-40.jpg 29 1242.78 1114.48 788.3 846.53 908.95 535.91
6924187829428_camera1-9.jpg 29 1242.78 1189.36 856.6 778.23 772.35 822.26
6924187829428_camera2-18.jpg 29 1278.33 856.16 894.73 415.64 767.19 881.04
6924187829428_camera2-17.jpg 29 1280.87 859.67 864.48 415.7 832.77 887.94
6924187829428_camera2-23.jpg 29 1266.45 844.89 928.22 412.62 676.45 864.54
6924187829428_camera2-33.jpg 29 1236.12 867.41 790.24 518.86 891.77 697.1
6924187829428_camera2-2.jpg 29 1261.43 895.5 978.48 481.38 565.91 828.24
6924187829428_camera2-36.jpg 29 1245.21 882.33 816.01 451.0 858.41 862.65
6924187829428_camera2-37.jpg 29 1241.38 891.09 824.44 429.42 833.89 923.33
6924187829428_camera2-38.jpg 29 1250.6 885.83 861.27 439.94 778.65 891.77
6924187829428_camera2-39.jpg 29 1251.96 891.18 909.14 455.1 685.65 872.17
6924187829428_camera2-3.jpg 29 1267.84 897.88 933.38 463.72 668.91 868.31
6924187829428_camera2-4.jpg 29 1272.55 896.58 891.43 446.99 762.24 899.18
6924187829428_camera3-14.jpg 29 1400.4 1341.72 896.01 1117.11 1008.78 449.22
6924187829428_camera3-13.jpg 29 1416.32 1344.86 927.03 1113.37 978.58 462.98
6924187829428_camera3-16.jpg 29 1357.05 1328.59 846.09 1130.25 1021.91 396.68
6924187829428_camera3-12.jpg 29 1441.32 1347.6 989.4 1108.85 903.84 477.5
6924187829428_camera3-15.jpg 29 1379.68 1335.18 869.87 1123.17 1019.63 424.02
6924187829428_camera3-1.jpg 29 1445.06 1349.61 922.28 1130.25 1045.56 438.71
6924187829428_camera3-22.jpg 29 1367.9 1343.52 842.53 1146.24 1050.74 394.56
6924187829428_camera3-21.jpg 29 1383.33 1339.1 869.74 1143.38 1027.17 391.43
6924187829428_camera3-2.jpg 29 1437.37 1342.22 905.99 1102.84 1062.75 478.77
6924187829428_camera3-34.jpg 29 1434.76 1349.93 913.54 1174.78 1042.45 350.31
6924187829428_camera3-3.jpg 29 1417.47 1361.42 896.01 1117.11 1042.93 488.63
6924187829428_camera3-40.jpg 29 1458.18 1348.3 951.17 1140.76 1014.03 415.07
6924187829428_camera3-4.jpg 29 1399.63 1367.09 894.42 1117.68 1010.43 498.82
6924187829428_camera3-5.jpg 29 1387.74 1367.81 919.64 1125.28 936.19 485.06
