6924743921436-back_camera0-10.jpg 39 1483.12 1257.12 1129.04 1154.5 708.16 205.24
6924743921436-back_camera0-11.jpg 39 1495.9 1262.06 1097.44 1157.13 796.92 209.86
6924743921436-back_camera0-15.jpg 39 1472.62 1264.69 1030.19 1148.33 884.87 232.73
6924743921436-back_camera0-14.jpg 39 1484.41 1264.53 1040.91 1156.68 887.01 215.7
6924743921436-back_camera0-22.jpg 39 1505.91 1248.9 1092.06 1156.53 827.71 184.75
6924743921436-back_camera0-16.jpg 39 1463.11 1264.06 1032.19 1152.54 861.84 223.04
6924743921436-back_camera0-17.jpg 39 1456.5 1262.38 1045.34 1154.32 822.33 216.12
6924743921436-back_camera0-20.jpg 39 1512.54 1252.0 1143.65 1157.19 737.77 189.61
6924743921436-back_camera0-23.jpg 39 1487.54 1246.69 1062.08 1158.89 850.93 175.59
6924743921436-back_camera0-13.jpg 39 1486.24 1266.18 1044.49 1156.76 883.5 218.84
6924743921436-back_camera0-12.jpg 39 1497.81 1265.21 1087.13 1153.95 821.36 222.52
6924743921436-back_camera0-1.jpg 39 1409.83 1255.23 1015.27 1159.07 789.11 192.33
6924743921436-back_camera0-25.jpg 39 1462.09 1246.91 1037.9 1163.66 848.38 166.51
6924743921436-back_camera0-21.jpg 39 1516.09 1251.0 1124.89 1158.8 782.39 184.4
6924743921436-back_camera0-24.jpg 39 1478.96 1248.14 1047.63 1162.58 862.65 171.12
6924743921436-back_camera0-27.jpg 39 1426.11 1247.93 1040.09 1167.74 772.04 160.39
6924743921436-back_camera0-26.jpg 39 1442.59 1247.7 1031.77 1163.23 821.63 168.95
6924743921436-back_camera0-2.jpg 39 1417.16 1256.84 1005.32 1165.77 823.69 182.14
6924743921436-back_camera0-32.jpg 39 1436.73 1251.74 1032.98 1169.01 807.5 165.46
6924743921436-back_camera0-36.jpg 39 1385.71 1251.12 964.55 1171.89 842.33 158.45
6924743921436-back_camera0-33.jpg 39 1423.49 1251.38 999.91 1169.34 847.16 164.08
6924743921436-back_camera0-37.jpg 39 1371.24 1249.21 966.19 1169.69 810.1 159.03
6924743921436-back_camera0-35.jpg 39 1390.69 1250.5 957.25 1163.53 866.89 173.94
6924743921436-back_camera0-38.jpg 39 1362.15 1248.45 982.35 1165.73 759.61 165.44
6924743921436-back_camera0-34.jpg 39 1404.46 1251.75 969.51 1171.56 869.9 160.39
6924743921436-back_camera0-40.jpg 39 1396.85 1250.12 1037.69 1161.4 718.32 177.45
6924743921436-back_camera0-39.jpg 39 1376.99 1247.9 1017.57 1162.85 718.84 170.1
6924743921436-back_camera0-3.jpg 39 1409.84 1259.03 980.89 1167.85 857.9 182.36
6924743921436-back_camera0-6.jpg 39 1388.83 1258.82 960.39 1156.72 856.88 204.19
6924743921436-back_camera0-4.jpg 39 1397.01 1257.14 961.86 1161.28 870.29 191.73
6924743921436-back_camera0-8.jpg 39 1389.57 1259.13 1013.39 1155.82 752.35 206.62
6924743921436-back_camera0-7.jpg 39 1388.96 1257.33 982.39 1154.8 813.15 205.06
6924743921436-back_camera0-5.jpg 39 1394.22 1258.35 957.6 1157.52 873.23 201.66
6924743921436-back_camera0-9.jpg 39 1416.07 1261.42 1055.45 1160.31 721.23 202.23
6924743921436-back_camera1-10.jpg 39 1335.88 1173.47 995.74 878.52 680.29 589.9
6924743921436-back_camera1-11.jpg 39 1334.72 1181.51 956.72 857.59 756.0 647.83
6924743921436-back_camera1-12.jpg 39 1333.67 1178.9 945.95 849.06 775.44 659.68
6924743921436-back_camera1-16.jpg 39 1315.89 1157.62 937.56 845.89 756.67 623.47
6924743921436-back_camera1-13.jpg 39 1327.93 1174.95 923.56 831.63 808.74 686.64
6924743921436-back_camera1-15.jpg 39 1320.61 1164.36 923.57 834.67 794.08 659.37
6924743921436-back_camera1-19.jpg 39 1358.09 1123.61 1033.4 903.45 649.37 440.31
6924743921436-back_camera1-14.jpg 39 1325.32 1168.97 920.48 830.78 809.68 676.39
6924743921436-back_camera1-17.jpg 39 1313.93 1145.07 963.25 856.92 701.36 576.31
6924743921436-back_camera1-21.jpg 39 1346.82 1128.57 979.83 865.56 733.98 526.02
6924743921436-back_camera1-18.jpg 39 1308.82 1135.87 986.68 874.22 644.27 523.3
6924743921436-back_camera1-23.jpg 39 1323.79 1128.95 933.01 832.64 781.56 592.62
6924743921436-back_camera1-1.jpg 39 1273.05 1172.01 894.5 860.07 757.09 623.88
6924743921436-back_camera1-24.jpg 39 1309.76 1122.03 926.01 831.04 767.51 581.98
6924743921436-back_camera1-20.jpg 39 1355.98 1121.87 1011.41 887.29 689.15 469.16
6924743921436-back_camera1-22.jpg 39 1335.03 1126.04 953.08 846.04 763.89 560.0
6924743921436-back_camera1-25.jpg 39 1294.57 1118.34 924.3 833.69 740.55 569.29
6924743921436-back_camera1-2.jpg 39 1267.59 1173.03 874.4 853.98 786.38 638.1
6924743921436-back_camera1-26.jpg 39 1288.12 1115.36 931.61 843.9 713.01 542.91
6924743921436-back_camera1-27.jpg 39 1275.68 1112.81 944.91 858.09 661.54 509.44
6924743921436-back_camera1-30.jpg 39 1296.53 1103.0 957.97 871.48 677.12 463.04
6924743921436-back_camera1-29.jpg 39 1305.11 1105.1 1006.72 896.04 596.78 418.11
6924743921436-back_camera1-28.jpg 39 1286.45 1105.9 992.86 893.28 587.19 425.24
6924743921436-back_camera1-32.jpg 39 1276.31 1118.12 891.02 850.72 770.58 534.79
6924743921436-back_camera1-31.jpg 39 1287.98 1114.41 926.43 860.92 723.11 506.99
6924743921436-back_camera1-33.jpg 39 1264.74 1122.86 867.5 843.76 794.47 558.19
6924743921436-back_camera1-34.jpg 39 1251.97 1129.16 851.0 852.56 801.94 553.21
6924743921436-back_camera1-35.jpg 39 1245.4 1133.44 851.23 869.75 788.35 527.38
6924743921436-back_camera1-38.jpg 39 1232.14 1137.24 908.13 913.91 648.03 446.67
6924743921436-back_camera1-36.jpg 39 1239.96 1133.99 862.78 871.66 754.37 524.66
6924743921436-back_camera1-37.jpg 39 1229.95 1136.91 873.57 893.88 712.75 486.07
6924743921436-back_camera1-40.jpg 39 1270.59 1154.93 927.27 879.8 686.64 550.26
6924743921436-back_camera1-3.jpg 39 1262.26 1176.61 859.22 849.33 806.08 654.56
6924743921436-back_camera1-39.jpg 39 1271.49 1150.23 946.81 888.44 649.37 523.57
6924743921436-back_camera1-5.jpg 39 1256.99 1184.95 861.02 852.62 791.94 664.67
6924743921436-back_camera1-9.jpg 39 1322.39 1170.01 1017.13 904.39 610.52 531.23
6924743921436-back_camera1-4.jpg 39 1263.4 1178.24 862.2 848.4 802.4 659.68
6924743921436-back_camera1-7.jpg 39 1262.97 1175.6 921.24 879.85 683.46 591.49
6924743921436-back_camera2-11.jpg 39 1290.46 847.68 951.77 511.81 677.39 671.74
6924743921436-back_camera1-6.jpg 39 1261.92 1178.31 891.65 858.78 740.55 639.06
6924743921436-back_camera2-10.jpg 39 1299.45 856.66 984.9 555.44 629.11 602.44
6924743921436-back_camera2-14.jpg 39 1283.54 843.75 926.74 482.99 713.59 721.52
6924743921436-back_camera1-8.jpg 39 1272.78 1170.4 960.05 899.49 625.47 541.83
6924743921436-back_camera2-15.jpg 39 1278.13 836.42 929.3 482.73 697.66 707.38
6924743921436-back_camera2-17.jpg 39 1269.59 836.9 965.91 514.99 607.35 643.82
6924743921436-back_camera2-12.jpg 39 1297.15 849.25 949.26 507.73 695.78 683.05
6924743921436-back_camera2-13.jpg 39 1288.35 846.56 927.59 488.97 721.52 715.18
6924743921436-back_camera2-16.jpg 39 1271.61 837.96 939.65 497.17 663.92 681.58
6924743921436-back_camera2-1.jpg 39 1282.44 903.31 943.88 561.58 677.12 683.46
6924743921436-back_camera2-18.jpg 39 1262.28 838.96 985.76 549.53 553.04 578.87
6924743921436-back_camera2-22.jpg 39 1243.49 841.04 901.76 494.55 683.46 692.98
6924743921436-back_camera2-20.jpg 39 1255.21 832.41 958.84 525.74 592.74 613.35
6924743921436-back_camera2-23.jpg 39 1236.86 847.19 883.23 494.36 707.25 705.67
6924743921436-back_camera2-24.jpg 39 1232.78 846.97 874.59 493.62 716.38 706.69
6924743921436-back_camera2-25.jpg 39 1231.48 856.5 877.06 511.6 708.84 689.81
6924743921436-back_camera2-27.jpg 39 1227.53 862.32 904.49 549.58 646.08 625.47
6924743921436-back_camera2-21.jpg 39 1250.87 837.07 923.48 504.73 654.77 664.67
6924743921436-back_camera2-19.jpg 39 1255.26 829.32 977.98 541.84 554.56 574.95
6924743921436-back_camera2-28.jpg 39 1227.88 872.42 955.01 619.01 545.73 506.83
6924743921436-back_camera2-26.jpg 39 1229.76 859.69 889.14 527.56 681.23 664.26
6924743921436-back_camera2-2.jpg 39 1285.67 901.55 936.01 553.74 699.32 695.62
6924743921436-back_camera2-29.jpg 39 1229.08 876.38 951.96 611.76 554.24 529.23
6924743921436-back_camera2-31.jpg 39 1237.08 891.63 907.93 562.48 658.3 658.3
6924743921436-back_camera2-34.jpg 39 1244.97 898.67 893.46 534.21 703.02 728.92
6924743921436-back_camera2-35.jpg 39 1248.99 904.47 901.99 544.09 694.01 720.75
6924743921436-back_camera2-32.jpg 39 1239.63 891.27 889.97 539.76 699.32 703.02
6924743921436-back_camera2-33.jpg 39 1241.63 900.93 887.35 536.47 708.57 728.92
6924743921436-back_camera2-30.jpg 39 1233.45 885.6 921.74 579.05 623.42 613.09
6924743921436-back_camera2-39.jpg 39 1279.89 902.37 997.63 609.0 564.53 586.73
6924743921436-back_camera2-37.jpg 39 1257.41 905.66 949.38 583.75 616.07 643.82
6924743921436-back_camera2-38.jpg 39 1264.37 904.63 991.84 611.72 545.05 585.83
6924743921436-back_camera2-36.jpg 39 1250.76 903.68 923.3 562.74 654.92 681.88
6924743921436-back_camera2-7.jpg 39 1296.38 876.43 972.88 564.04 646.99 624.79
6924743921436-back_camera2-40.jpg 39 1285.33 906.45 984.89 594.45 600.88 623.99
6924743921436-back_camera2-5.jpg 39 1295.59 889.91 941.17 538.67 708.84 702.49
6924743921436-back_camera2-3.jpg 39 1291.84 899.84 933.45 533.53 716.77 732.62
6924743921436-back_camera2-6.jpg 39 1296.09 880.64 952.77 547.63 686.64 666.02
6924743921436-back_camera2-8.jpg 39 1301.13 869.3 1010.94 594.17 580.39 550.26
6924743921436-back_camera2-4.jpg 39 1297.69 893.22 934.16 531.54 727.07 723.37
6924743921436-back_camera3-15.jpg 39 1419.2 1422.88 1018.8 1237.34 800.81 371.07
6924743921436-back_camera3-10.jpg 39 1460.54 1437.28 1052.55 1249.9 815.98 374.76
6924743921436-back_camera3-14.jpg 39 1430.07 1433.83 1006.67 1236.4 846.8 394.86
6924743921436-back_camera2-9.jpg 39 1300.16 857.22 1025.1 592.77 550.12 528.9
6924743921436-back_camera3-13.jpg 39 1446.72 1436.14 1025.7 1239.51 842.04 393.27
6924743921436-back_camera3-11.jpg 39 1451.95 1441.8 1024.06 1237.55 855.78 408.5
6924743921436-back_camera3-16.jpg 39 1414.44 1417.49 1044.05 1245.55 740.78 343.88
6924743921436-back_camera3-12.jpg 39 1449.3 1439.74 1016.56 1237.31 865.48 404.86
6924743921436-back_camera3-17.jpg 39 1435.12 1406.21 1079.01 1247.18 712.23 318.06
6924743921436-back_camera3-18.jpg 39 1468.96 1405.02 1111.03 1259.56 715.86 290.92
6924743921436-back_camera3-21.jpg 39 1448.57 1401.97 1040.23 1272.73 816.67 258.48
6924743921436-back_camera3-1.jpg 39 1371.23 1435.97 943.34 1247.48 855.78 376.98
6924743921436-back_camera3-19.jpg 39 1472.75 1400.38 1083.04 1270.68 779.42 259.4
6924743921436-back_camera3-20.jpg 39 1465.26 1396.8 1069.05 1275.83 792.43 241.94
6924743921436-back_camera3-23.jpg 39 1415.35 1399.96 1003.11 1266.32 824.47 267.28
6924743921436-back_camera3-24.jpg 39 1401.71 1398.0 1005.27 1268.76 792.88 258.48
6924743921436-back_camera3-29.jpg 39 1415.96 1405.38 1056.99 1300.96 717.94 208.84
6924743921436-back_camera3-27.jpg 39 1377.22 1397.23 1055.49 1289.75 643.45 214.96
6924743921436-back_camera3-26.jpg 39 1380.69 1396.52 1031.82 1287.89 697.74 217.25
6924743921436-back_camera3-22.jpg 39 1435.87 1401.27 1021.92 1269.75 827.9 263.04
6924743921436-back_camera3-25.jpg 39 1388.19 1398.44 1015.41 1279.11 745.57 238.66
6924743921436-back_camera3-28.jpg 39 1417.63 1402.39 1077.02 1299.97 681.23 204.85
6924743921436-back_camera3-30.jpg 39 1403.27 1405.49 1013.17 1290.63 780.2 229.71
6924743921436-back_camera3-2.jpg 39 1361.14 1434.99 931.94 1246.9 858.41 376.17
6924743921436-back_camera3-33.jpg 39 1369.56 1407.73 935.85 1276.11 867.41 263.24
6924743921436-back_camera3-32.jpg 39 1373.63 1403.62 956.04 1272.71 835.18 261.83
6924743921436-back_camera3-34.jpg 39 1345.33 1409.4 933.09 1271.52 824.47 275.77
6924743921436-back_camera3-31.jpg 39 1391.62 1406.12 982.5 1284.02 818.25 244.21
6924743921436-back_camera3-38.jpg 39 1369.7 1406.41 1013.32 1257.1 712.75 298.63
6924743921436-back_camera3-40.jpg 39 1378.9 1424.65 974.66 1253.52 808.48 342.26
6924743921436-back_camera3-35.jpg 39 1336.87 1408.72 939.0 1277.65 795.73 262.14
6924743921436-back_camera3-3.jpg 39 1362.45 1435.33 935.66 1246.4 853.59 377.86
6924743921436-back_camera3-37.jpg 39 1329.99 1404.82 982.03 1271.62 695.92 266.41
6924743921436-back_camera3-5.jpg 39 1353.72 1437.71 953.85 1254.79 799.75 365.84
6924743921436-back_camera3-39.jpg 39 1378.5 1420.62 993.84 1256.16 769.32 328.93
6924743921436-back_camera3-4.jpg 39 1357.38 1440.59 935.96 1255.33 842.85 370.52
6924743921436-back_camera3-7.jpg 39 1386.06 1429.39 1038.54 1269.86 695.04 319.06
6924743921436-back_camera3-9.jpg 39 1459.51 1433.82 1086.16 1252.1 746.69 363.44
6924743921436_camera0-11.jpg 39 1394.38 1245.49 1034.98 1146.7 718.81 197.58
6924743921436-back_camera3-8.jpg 39 1438.82 1431.27 1084.26 1262.78 709.11 336.98
6924743921436_camera0-12.jpg 39 1437.89 1248.61 1089.93 1148.7 695.92 199.81
6924743921436_camera0-10.jpg 39 1394.28 1244.35 1024.57 1145.8 739.42 197.09
6924743921436_camera0-14.jpg 39 1487.75 1259.95 1100.16 1149.87 775.17 220.16
6924743921436_camera0-17.jpg 39 1461.92 1265.5 1019.49 1148.53 884.87 233.95
6924743921436_camera0-1.jpg 39 1361.53 1247.52 1005.16 1163.88 712.75 167.28
6924743921436_camera0-15.jpg 39 1482.68 1264.12 1059.64 1147.76 846.08 232.73
6924743921436_camera0-18.jpg 39 1450.94 1266.88 1016.99 1152.93 867.9 227.89
6924743921436_camera0-13.jpg 39 1486.01 1257.06 1112.66 1148.57 746.69 216.98
6924743921436_camera0-2.jpg 39 1399.39 1245.01 1041.91 1154.62 714.95 180.78
6924743921436_camera0-36.jpg 39 1417.6 1240.05 994.88 1162.58 845.44 154.95
6924743921436_camera0-39.jpg 39 1377.37 1236.99 959.12 1154.49 836.49 164.99
6924743921436_camera0-35.jpg 39 1432.28 1240.5 1023.16 1165.17 818.25 150.65
6924743921436_camera0-4.jpg 39 1433.86 1248.45 1038.6 1154.4 790.53 188.09
6924743921436_camera0-3.jpg 39 1443.74 1248.06 1081.91 1155.93 723.66 184.25
6924743921436_camera0-37.jpg 39 1411.24 1238.51 980.87 1156.27 860.73 164.49
6924743921436_camera0-38.jpg 39 1393.32 1241.37 965.18 1151.45 856.29 179.84
6924743921436_camera0-40.jpg 39 1365.27 1243.94 988.65 1155.93 753.24 176.02
6924743921436_camera0-8.jpg 39 1403.68 1245.92 981.07 1147.61 845.21 196.63
6924743921436_camera1-11.jpg 39 1290.02 1156.91 987.14 906.36 605.76 501.1
6924743921436_camera0-9.jpg 39 1394.99 1243.45 980.87 1138.68 828.24 209.53
6924743921436_camera1-10.jpg 39 1270.26 1167.13 958.52 903.5 623.47 527.27
6924743921436_camera1-34.jpg 39 1288.56 1139.45 920.21 875.76 736.7 527.38
6924743921436_camera1-33.jpg 39 1293.99 1129.57 943.28 885.62 701.43 487.89
6924743921436_camera1-35.jpg 39 1278.91 1145.79 886.44 868.28 784.95 555.02
6924743921436_camera1-36.jpg 39 1265.68 1144.53 869.77 866.09 791.82 556.87
6924743921436_camera1-31.jpg 39 1279.43 1119.57 980.44 896.1 597.99 446.93
6924743921436_camera1-38.jpg 39 1247.3 1143.12 868.6 885.28 757.39 515.69
6924743921436_camera1-5.jpg 39 1286.28 1172.32 882.58 856.65 807.39 631.33
6924743921436_camera1-37.jpg 39 1259.72 1145.72 859.85 865.57 799.75 560.31
6924743921436_camera1-39.jpg 39 1243.37 1143.69 880.45 895.63 725.83 496.12
6924743921436_camera1-7.jpg 39 1282.38 1177.1 885.49 859.04 793.79 636.12
6924743921436_camera1-3.jpg 39 1295.86 1155.21 929.4 876.27 732.91 557.88
6924743921436_camera1-6.jpg 39 1286.85 1175.41 884.86 854.3 803.98 642.23
6924743921436_camera1-9.jpg 39 1271.53 1177.25 907.93 878.22 727.19 598.06
6924743921436_camera2-34.jpg 39 1254.58 889.69 911.26 555.09 686.64 669.19
6924743921436_camera3-11.jpg 39 1403.6 1331.06 1024.8 1177.72 757.6 306.68
6924743921436_camera2-7.jpg 39 1286.93 876.67 924.9 511.81 724.06 729.72
6924743921436_camera2-9.jpg 39 1285.67 871.02 948.96 540.79 673.42 660.47
6924743921436_camera3-10.jpg 39 1417.4 1319.58 1067.7 1172.3 699.41 294.55
6924743921436_camera3-12.jpg 39 1391.0 1325.41 992.2 1157.83 797.6 335.16
6924743921436_camera3-14.jpg 39 1358.3 1331.69 945.73 1158.71 825.13 345.96
6924743921436_camera3-13.jpg 39 1376.15 1331.94 964.05 1164.06 824.21 335.76
6924743921436_camera3-1.jpg 39 1459.04 1352.88 1070.98 1197.25 776.12 311.26
6924743921436_camera3-28.jpg 39 1390.68 1350.89 1056.27 1219.63 668.83 262.53
6924743921436_camera3-27.jpg 39 1349.05 1352.57 1009.93 1222.76 678.25 259.61
6924743921436_camera3-2.jpg 39 1443.74 1354.29 1036.99 1188.58 813.5 331.42
6924743921436_camera3-31.jpg 39 1431.25 1361.61 1027.6 1211.3 807.3 300.61
6924743921436_camera3-32.jpg 39 1430.02 1359.42 1006.23 1207.38 847.57 304.08
6924743921436_camera3-30.jpg 39 1435.57 1356.34 1053.4 1217.59 764.34 277.51
6924743921436_camera3-33.jpg 39 1423.67 1363.96 993.76 1205.57 859.82 316.78
6924743921436_camera3-35.jpg 39 1410.66 1351.5 1003.12 1201.64 815.08 299.71
6924743921436_camera3-37.jpg 39 1402.22 1340.51 1039.25 1194.49 725.95 292.03
6924743921436_camera3-34.jpg 39 1418.95 1358.43 995.55 1203.03 846.8 310.81
6924743921436_camera3-36.jpg 39 1407.05 1348.16 1021.71 1204.76 770.68 286.8
6924743921436_camera3-38.jpg 39 1416.16 1347.71 1070.47 1204.99 691.39 285.44
6924743921436_camera3-40.jpg 39 1464.39 1350.61 1097.29 1195.2 734.21 310.81
6924743921436_camera3-39.jpg 39 1459.56 1347.95 1116.24 1203.64 686.64 288.61
6924743921436_camera3-5.jpg 39 1399.35 1349.8 995.6 1178.68 807.5 342.23
6924743921436_camera3-4.jpg 39 1417.78 1352.32 1007.86 1177.1 819.84 350.45
6924743921436_camera3-3.jpg 39 1431.87 1352.17 1021.95 1180.91 819.84 342.52
