6909409012024-back_camera1-16.jpg 3 1313.72 1163.35 792.87 737.19 1041.71 852.31
6909409012024-back_camera1-14.jpg 3 1321.62 1196.23 800.77 758.24 1041.71 875.98
6909409012024-back_camera1-30.jpg 3 1296.3 1047.29 890.53 694.25 811.53 706.08
6909409012024-back_camera1-9.jpg 3 1247.4 1157.32 831.39 790.15 832.02 734.33
6909409012024-back_camera2-36.jpg 3 1220.25 896.83 735.54 438.01 969.43 917.63
6909409012024-back_camera2-39.jpg 3 1257.31 923.59 904.41 531.84 705.8 783.5
6909409012024-back_camera2-40.jpg 3 1270.32 942.38 921.77 508.33 697.1 868.09
6909409012024-back_camera3-11.jpg 3 1432.7 1328.45 943.36 1100.89 978.68 455.11
6909409012024-back_camera3-14.jpg 3 1372.91 1335.65 787.61 1084.43 1170.61 502.44
6909409012024-back_camera3-16.jpg 3 1321.7 1341.6 757.28 1113.89 1128.84 455.42
6909409012024-back_camera3-2.jpg 3 1425.53 1335.65 829.7 1097.58 1191.65 476.14
6909409012024-back_camera3-3.jpg 3 1412.51 1346.56 816.91 1109.8 1191.21 473.52
6909409012024-back_camera3-8.jpg 3 1299.26 1327.76 821.81 1087.06 954.9 481.4
