6953787800124-back_camera1-11.jpg 40 1317.31 1176.83 1066.53 940.32 501.55 473.01
6953787800124-back_camera1-12.jpg 40 1317.74 1175.12 1050.99 933.63 533.49 482.97
6953787800124-back_camera1-13.jpg 40 1315.75 1173.88 1022.83 926.5 585.83 494.76
6953787800124-back_camera1-10.jpg 40 1317.23 1167.61 1113.52 949.41 407.43 436.39
6953787800124-back_camera1-16.jpg 40 1299.23 1156.49 994.29 935.7 609.89 441.57
6953787800124-back_camera1-15.jpg 40 1310.32 1164.36 1001.74 925.24 617.16 478.23
6953787800124-back_camera1-14.jpg 40 1309.16 1168.99 1003.7 921.71 610.93 494.56
6953787800124-back_camera1-19.jpg 40 1311.98 1136.7 1041.11 986.41 541.75 300.58
6953787800124-back_camera1-22.jpg 40 1311.35 1136.48 1001.73 942.71 619.24 387.54
6953787800124-back_camera1-21.jpg 40 1315.31 1138.42 1020.36 962.4 589.9 352.04
6953787800124-back_camera1-25.jpg 40 1286.89 1143.05 995.98 919.67 581.83 446.77
6953787800124-back_camera1-20.jpg 40 1320.67 1135.92 1039.06 977.14 563.22 317.56
6953787800124-back_camera1-24.jpg 40 1296.07 1139.85 986.97 919.84 618.2 440.01
6953787800124-back_camera1-23.jpg 40 1302.19 1138.03 992.2 929.46 619.98 417.14
6953787800124-back_camera1-26.jpg 40 1282.98 1138.32 1005.27 913.74 555.43 449.16
6953787800124-back_camera1-34.jpg 40 1285.3 1162.59 985.59 924.04 599.42 477.09
6953787800124-back_camera1-32.jpg 40 1291.65 1158.24 1016.62 918.93 550.07 478.63
6953787800124-back_camera1-2.jpg 40 1281.84 1158.41 976.89 940.22 609.89 436.38
6953787800124-back_camera1-33.jpg 40 1287.34 1159.19 995.78 917.93 583.11 482.53
6953787800124-back_camera1-5.jpg 40 1278.47 1164.01 985.48 909.97 585.99 508.07
6953787800124-back_camera1-4.jpg 40 1282.14 1164.66 972.0 919.98 620.28 489.36
6953787800124-back_camera1-3.jpg 40 1280.89 1161.87 969.2 923.94 623.39 475.86
6953787800124-back_camera2-10.jpg 40 1284.51 860.49 1040.85 682.23 487.32 356.51
6953787800124-back_camera1-7.jpg 40 1281.04 1161.88 1016.09 909.93 529.89 503.91
6953787800124-back_camera1-9.jpg 40 1286.06 1156.06 1092.37 933.14 387.38 445.83
6953787800124-back_camera2-14.jpg 40 1274.15 856.38 999.41 586.98 549.48 538.79
6953787800124-back_camera2-13.jpg 40 1278.58 857.35 1000.46 599.21 556.23 516.28
6953787800124-back_camera2-22.jpg 40 1255.27 859.03 1017.3 583.1 475.95 551.86
6953787800124-back_camera2-23.jpg 40 1252.76 862.83 992.49 582.31 520.53 561.05
6953787800124-back_camera2-20.jpg 40 1259.05 855.83 1068.56 605.34 380.97 500.97
6953787800124-back_camera2-1.jpg 40 1276.17 886.87 1068.89 628.61 414.56 516.51
6953787800124-back_camera2-17.jpg 40 1263.24 857.61 1034.77 592.78 456.95 529.66
6953787800124-back_camera2-16.jpg 40 1266.64 855.54 1018.32 583.32 496.64 544.43
6953787800124-back_camera2-24.jpg 40 1252.55 863.98 982.06 585.34 540.97 557.28
6953787800124-back_camera2-21.jpg 40 1256.63 856.63 1037.34 589.12 438.58 535.02
6953787800124-back_camera2-18.jpg 40 1260.7 856.5 1055.46 605.73 410.49 501.55
6953787800124-back_camera2-27.jpg 40 1250.85 871.48 982.57 639.18 536.55 464.6
6953787800124-back_camera2-25.jpg 40 1251.18 867.38 973.9 604.37 554.56 526.02
6953787800124-back_camera2-29.jpg 40 1252.1 875.89 1016.55 705.45 471.09 340.89
6953787800124-back_camera2-26.jpg 40 1250.95 868.03 977.07 616.57 547.77 502.91
6953787800124-back_camera2-28.jpg 40 1251.92 876.32 1004.12 682.55 495.6 387.54
6953787800124-back_camera2-30.jpg 40 1250.34 879.03 993.74 677.25 513.2 403.56
6953787800124-back_camera2-31.jpg 40 1252.54 879.61 988.85 664.17 527.38 430.87
6953787800124-back_camera2-32.jpg 40 1255.27 882.33 979.34 635.63 551.85 493.4
6953787800124-back_camera2-38.jpg 40 1268.02 883.51 1062.89 627.1 410.26 512.82
6953787800124-back_camera2-37.jpg 40 1265.92 884.18 1045.06 621.47 441.72 525.43
6953787800124-back_camera2-34.jpg 40 1257.98 879.61 979.34 609.8 557.28 539.61
6953787800124-back_camera2-2.jpg 40 1276.52 884.37 1040.6 612.33 471.85 544.08
6953787800124-back_camera2-36.jpg 40 1262.17 882.32 1011.16 607.97 502.03 548.7
6953787800124-back_camera2-35.jpg 40 1259.34 882.33 990.21 604.37 538.25 555.92
6953787800124-back_camera2-33.jpg 40 1255.82 885.75 976.42 623.32 558.8 524.86
6953787800124-back_camera2-39.jpg 40 1271.28 882.04 1096.52 647.28 349.52 469.52
6953787800124-back_camera2-4.jpg 40 1278.42 882.72 1010.36 605.31 536.12 554.82
6953787800124-back_camera2-3.jpg 40 1274.97 883.58 1014.11 600.52 521.72 566.12
6953787800124-back_camera2-40.jpg 40 1275.23 884.92 1079.09 632.07 392.28 505.69
6953787800124-back_camera2-5.jpg 40 1277.03 876.66 1000.66 612.41 552.74 528.5
6953787800124-back_camera2-8.jpg 40 1277.01 868.06 1018.76 658.74 516.51 418.64
6953787800124-back_camera2-7.jpg 40 1275.36 872.72 1004.48 637.96 541.75 469.52
6953787800124-back_camera2-9.jpg 40 1275.68 863.83 1037.3 685.79 476.77 356.08
6953787800124-back_camera2-6.jpg 40 1278.26 874.46 1002.15 618.15 552.23 512.62
6953787800124-back_camera3-13.jpg 40 1428.57 1377.22 1116.33 1235.09 624.47 284.27
6953787800124_camera2-10.jpg 40 1307.16 858.47 1069.23 680.81 475.86 355.33
6953787800124_camera2-29.jpg 40 1218.67 871.3 962.56 680.12 512.22 382.35
6953787800124_camera2-28.jpg 40 1219.24 862.62 953.51 653.3 531.46 418.64
6953787800124_camera2-31.jpg 40 1222.84 880.99 967.07 670.68 511.53 420.62
6953787800124_camera2-27.jpg 40 1219.45 853.03 936.41 611.2 566.08 483.65
6953787800124_camera2-5.jpg 40 1303.4 897.09 1019.01 630.67 568.78 532.83
6953787800124_camera2-6.jpg 40 1306.12 890.0 1016.42 629.38 579.41 521.23
6953787800124_camera3-27.jpg 40 1385.62 1389.62 1138.05 1257.81 495.15 263.61
