6920152497029_camera0-18.jpg 49 1469.01 1082.06 1164.32 813.88 609.39 536.36
6920152497029_camera0-17.jpg 49 1457.09 1081.8 1134.85 802.96 644.49 557.68
6920152497029_camera0-19.jpg 49 1466.49 1079.54 1161.8 811.36 609.39 536.36
6920152497029_camera0-20.jpg 49 1480.11 1081.67 1170.75 812.84 618.72 537.66
6920152497029_camera0-27.jpg 49 1490.93 1073.36 1194.66 813.15 592.54 520.42
6920152497029_camera0-29.jpg 49 1479.46 1075.98 1178.89 813.78 601.14 524.4
6920152497029_camera0-31.jpg 49 1463.85 1072.3 1161.79 811.74 604.11 521.12
6920152497029_camera1-19.jpg 49 1349.82 1022.55 1027.22 673.48 645.19 698.13
6920152497029_camera1-18.jpg 49 1340.59 1031.7 1025.82 687.97 629.53 687.45
6920152497029_camera1-25.jpg 49 1368.28 977.37 1057.87 640.09 620.83 674.56
6920152497029_camera3-13.jpg 49 1389.95 1262.82 1063.22 946.84 653.46 631.96
6920152497029_camera3-15.jpg 49 1422.43 1258.32 1106.4 949.85 632.05 616.94
6920152497029_camera3-19.jpg 49 1460.2 1253.29 1146.69 949.85 627.02 606.87
6920152497029_camera3-22.jpg 49 1470.76 1237.95 1151.01 931.72 639.49 612.47
6920152497029_camera3-21.jpg 49 1472.88 1242.27 1153.26 934.49 639.23 615.56
6920152497029_camera3-23.jpg 49 1464.72 1233.1 1159.26 933.7 610.93 598.8
6920152497029_camera3-20.jpg 49 1464.99 1250.15 1150.63 945.01 628.71 610.29
6920152497029_camera3-25.jpg 49 1461.45 1231.89 1159.28 934.75 604.35 594.28
6920152497029_camera3-24.jpg 49 1464.76 1236.64 1153.45 930.59 622.61 612.1
6920152497029_camera3-27.jpg 49 1450.65 1223.47 1147.31 930.03 606.68 586.89
6920152497029_camera3-28.jpg 49 1440.0 1221.22 1134.85 926.6 610.3 589.25
6920152497029_camera3-29.jpg 49 1432.96 1219.81 1132.7 926.99 600.52 585.64
6920152497029_camera3-30.jpg 49 1421.9 1218.8 1114.94 920.36 613.93 596.88
