6920152485095-back_camera0-17.jpg 51 1359.56 1044.88 872.88 934.58 973.36 220.61
6920152485095-back_camera0-1.jpg 51 1550.98 1064.43 1070.09 931.86 961.79 265.15
6920152485095-back_camera0-21.jpg 51 1349.5 1042.48 881.32 918.41 936.35 248.15
6920152485095-back_camera0-22.jpg 51 1367.03 1044.29 902.43 919.64 929.19 249.3
6920152485095-back_camera0-2.jpg 51 1576.79 1060.76 1076.98 934.49 999.62 252.54
6920152485095-back_camera0-27.jpg 51 1303.24 1055.01 785.23 903.66 1036.01 302.7
6920152485095-back_camera0-28.jpg 51 1294.0 1059.44 808.66 908.18 970.68 302.52
6920152485095-back_camera0-29.jpg 51 1300.3 1058.13 859.62 909.56 881.35 297.14
6920152485095-back_camera0-32.jpg 51 1463.11 1064.74 1034.61 921.2 856.99 287.08
6920152485095-back_camera0-30.jpg 51 1333.57 1056.86 920.53 910.17 826.07 293.37
6920152485095-back_camera0-34.jpg 51 1482.08 1068.64 974.38 916.07 1015.4 305.15
6920152485095-back_camera0-31.jpg 51 1414.87 1060.65 1005.67 914.6 818.39 292.1
6920152485095-back_camera0-33.jpg 51 1479.45 1058.12 1005.95 910.81 947.01 294.62
6920152485095-back_camera0-36.jpg 51 1485.4 1066.83 950.61 918.21 1069.58 297.23
6920152485095-back_camera0-35.jpg 51 1487.32 1068.61 959.36 921.77 1055.92 293.68
6920152485095-back_camera0-37.jpg 51 1487.99 1063.19 952.93 916.1 1070.12 294.18
6920152485095-back_camera0-3.jpg 51 1567.22 1059.39 1051.0 937.26 1032.44 244.26
6920152485095-back_camera0-38.jpg 51 1479.21 1061.95 966.94 920.09 1024.54 283.72
6920152485095-back_camera0-39.jpg 51 1482.09 1066.01 1003.32 921.33 957.53 289.36
6920152485095-back_camera0-40.jpg 51 1531.96 1063.17 1058.55 929.71 946.82 266.92
6920152485095-back_camera1-10.jpg 51 1301.71 1124.13 964.92 800.85 673.59 646.57
6920152485095-back_camera0-8.jpg 51 1458.41 1054.18 1003.32 926.6 910.18 255.17
6920152485095-back_camera1-12.jpg 51 1343.82 1105.53 961.99 783.8 763.66 643.45
6920152485095-back_camera1-11.jpg 51 1337.4 1102.85 992.8 805.59 689.21 594.51
6920152485095-back_camera1-15.jpg 51 1315.4 1103.47 857.1 755.96 916.6 695.01
6920152485095-back_camera1-13.jpg 51 1333.41 1102.66 911.77 757.21 843.28 690.91
6920152485095-back_camera1-14.jpg 51 1326.09 1106.17 874.17 750.18 903.84 711.99
6920152485095-back_camera1-18.jpg 51 1261.12 1096.26 806.03 787.17 910.18 618.19
6920152485095-back_camera1-16.jpg 51 1296.51 1094.64 831.92 748.4 929.19 692.49
6920152485095-back_camera1-17.jpg 51 1281.6 1095.72 815.07 758.24 933.05 674.97
6920152485095-back_camera1-19.jpg 51 1259.8 1089.7 832.33 802.96 854.94 573.47
6920152485095-back_camera1-20.jpg 51 1249.97 1083.35 849.88 827.62 800.19 511.46
6920152485095-back_camera1-1.jpg 51 1310.37 1146.27 899.91 876.83 820.91 538.88
6920152485095-back_camera1-21.jpg 51 1281.43 1094.33 873.97 836.7 814.92 515.26
6920152485095-back_camera1-23.jpg 51 1265.32 1103.22 823.33 785.73 883.97 634.99
6920152485095-back_camera1-22.jpg 51 1280.15 1107.24 867.18 826.47 825.95 561.54
6920152485095-back_camera1-24.jpg 51 1252.45 1113.65 797.09 780.61 910.73 666.08
6920152485095-back_camera1-25.jpg 51 1239.87 1117.31 786.6 763.51 906.53 707.6
6920152485095-back_camera1-27.jpg 51 1217.9 1120.55 780.33 766.52 875.14 708.06
6920152485095-back_camera1-26.jpg 51 1228.53 1119.83 779.04 763.51 898.97 712.63
6920152485095-back_camera1-28.jpg 51 1206.7 1125.52 798.36 780.69 816.69 689.65
6920152485095-back_camera1-29.jpg 51 1213.12 1126.55 831.54 789.74 763.15 673.62
6920152485095-back_camera1-2.jpg 51 1324.03 1154.54 893.62 849.59 860.81 609.9
6920152485095-back_camera1-30.jpg 51 1220.97 1118.57 882.28 808.84 677.38 619.46
6920152485095-back_camera1-33.jpg 51 1275.08 1145.74 859.31 791.01 831.54 709.45
6920152485095-back_camera1-34.jpg 51 1273.86 1157.6 824.37 788.69 898.97 737.81
6920152485095-back_camera1-32.jpg 51 1277.46 1134.03 894.48 797.37 765.96 673.32
6920152485095-back_camera1-31.jpg 51 1266.29 1124.76 920.95 807.14 690.67 635.25
6920152485095-back_camera1-37.jpg 51 1258.75 1157.6 784.08 808.84 949.34 697.52
6920152485095-back_camera1-36.jpg 51 1265.67 1160.56 787.21 793.46 956.93 734.2
6920152485095-back_camera1-35.jpg 51 1271.76 1160.38 802.75 778.23 938.01 764.3
6920152485095-back_camera1-4.jpg 51 1321.7 1161.38 859.62 803.8 924.16 715.15
6920152485095-back_camera1-38.jpg 51 1258.05 1156.13 801.67 825.21 912.75 661.84
6920152485095-back_camera1-39.jpg 51 1257.76 1145.73 818.63 834.5 878.26 622.46
6920152485095-back_camera1-40.jpg 51 1270.08 1137.45 867.18 869.27 805.8 536.36
6920152485095-back_camera1-3.jpg 51 1324.22 1161.77 867.11 825.51 914.21 672.52
6920152485095-back_camera1-7.jpg 51 1309.11 1156.35 879.77 783.66 858.68 745.37
6920152485095-back_camera1-5.jpg 51 1313.02 1158.98 851.06 791.88 923.93 734.2
6920152485095-back_camera1-6.jpg 51 1306.01 1166.28 851.16 778.98 909.7 774.6
6920152485095-back_camera1-9.jpg 51 1290.68 1134.0 910.5 785.29 760.37 697.42
6920152485095-back_camera1-8.jpg 51 1304.07 1142.49 899.91 778.62 808.32 727.74
6920152485095-back_camera2-11.jpg 51 1254.38 835.97 909.04 541.8 690.67 588.35
6920152485095-back_camera2-10.jpg 51 1251.11 832.24 888.13 531.13 725.95 602.21
6920152485095-back_camera2-12.jpg 51 1247.96 837.15 877.05 497.81 741.82 678.69
6920152485095-back_camera2-16.jpg 51 1229.79 860.46 824.37 441.19 810.84 838.54
6920152485095-back_camera2-15.jpg 51 1232.99 852.38 818.99 434.52 828.0 835.72
6920152485095-back_camera2-13.jpg 51 1241.77 837.71 828.93 459.69 825.68 756.05
6920152485095-back_camera2-17.jpg 51 1226.92 858.19 829.7 426.78 794.44 862.83
6920152485095-back_camera2-18.jpg 51 1229.79 860.46 859.62 448.75 740.33 823.43
6920152485095-back_camera2-21.jpg 51 1239.2 879.26 944.69 537.6 589.01 683.32
6920152485095-back_camera2-14.jpg 51 1233.49 841.11 821.81 437.31 823.37 807.59
6920152485095-back_camera2-19.jpg 51 1227.41 871.56 887.72 477.83 679.38 787.46
6920152485095-back_camera2-1.jpg 51 1299.03 845.36 1005.67 504.15 586.73 682.41
6920152485095-back_camera2-20.jpg 51 1224.37 874.67 922.61 506.18 603.51 736.98
6920152485095-back_camera2-22.jpg 51 1237.45 877.93 895.47 497.81 683.95 760.24
6920152485095-back_camera2-24.jpg 51 1244.51 896.0 849.24 485.88 790.53 820.23
6920152485095-back_camera2-25.jpg 51 1245.75 902.44 831.75 479.76 828.0 845.37
6920152485095-back_camera2-23.jpg 51 1245.34 888.46 871.79 489.92 747.09 797.07
6920152485095-back_camera2-26.jpg 51 1256.28 909.48 818.16 500.37 876.25 818.22
6920152485095-back_camera2-28.jpg 51 1265.52 905.76 855.2 538.47 820.63 734.57
6920152485095-back_camera2-29.jpg 51 1261.12 918.71 871.79 576.73 778.65 683.95
6920152485095-back_camera2-27.jpg 51 1258.43 911.27 834.92 513.4 847.02 795.74
6920152485095-back_camera2-30.jpg 51 1267.88 894.98 905.2 593.22 725.37 603.51
6920152485095-back_camera2-2.jpg 51 1293.99 847.68 966.49 487.29 655.01 720.78
6920152485095-back_camera2-32.jpg 51 1285.31 895.69 905.09 555.04 760.44 681.31
6920152485095-back_camera2-33.jpg 51 1289.05 896.47 882.47 525.95 813.15 741.03
6920152485095-back_camera2-35.jpg 51 1290.05 895.02 869.16 468.87 841.79 852.31
6920152485095-back_camera2-31.jpg 51 1279.71 895.42 928.29 600.92 702.85 589.01
6920152485095-back_camera2-36.jpg 51 1304.52 883.19 884.94 453.09 839.16 860.2
6920152485095-back_camera2-34.jpg 51 1294.97 890.87 874.21 481.69 841.51 818.35
6920152485095-back_camera2-37.jpg 51 1302.7 877.57 899.4 453.95 806.61 847.24
6920152485095-back_camera2-38.jpg 51 1296.63 866.09 921.77 453.09 749.72 826.0
6920152485095-back_camera2-3.jpg 51 1299.04 841.58 932.65 453.78 732.78 775.59
6920152485095-back_camera2-39.jpg 51 1305.62 866.14 971.17 477.95 668.91 776.39
6920152485095-back_camera2-6.jpg 51 1281.6 832.69 856.43 424.07 850.33 817.24
6920152485095-back_camera2-7.jpg 51 1273.69 834.05 841.37 436.54 864.64 795.01
6920152485095-back_camera2-4.jpg 51 1287.43 833.2 890.21 426.78 794.44 812.85
6920152485095-back_camera2-5.jpg 51 1286.44 830.24 877.25 418.53 818.39 823.43
6920152485095-back_camera2-40.jpg 51 1286.11 863.46 977.01 500.44 618.19 726.04
6920152485095-back_camera2-8.jpg 51 1265.05 831.86 849.81 460.46 830.48 742.8
6920152485095-back_camera2-9.jpg 51 1270.8 836.95 876.19 488.77 789.21 696.36
6920152485095-back_camera3-14.jpg 51 1356.87 1315.3 885.95 1137.82 941.84 354.96
6920152485095-back_camera3-12.jpg 51 1413.61 1309.95 970.42 1133.68 886.38 352.54
6920152485095-back_camera3-11.jpg 51 1429.47 1311.98 1005.95 1123.89 847.05 376.17
6920152485095-back_camera3-10.jpg 51 1454.19 1305.29 1068.18 1130.62 772.02 349.34
6920152485095-back_camera3-13.jpg 51 1370.29 1313.29 900.73 1123.89 939.12 378.8
6920152485095-back_camera3-15.jpg 51 1330.51 1313.73 859.62 1138.72 941.78 350.02
6920152485095-back_camera3-16.jpg 51 1303.9 1315.41 843.45 1140.0 920.9 350.82
6920152485095-back_camera3-18.jpg 51 1284.55 1312.71 842.62 1150.08 883.86 325.26
6920152485095-back_camera3-17.jpg 51 1272.95 1315.91 827.07 1150.19 891.77 331.45
6920152485095-back_camera3-23.jpg 51 1295.26 1356.53 791.63 1141.23 1007.25 430.6
6920152485095-back_camera3-19.jpg 51 1312.87 1329.47 864.13 1148.05 897.48 362.85
6920152485095-back_camera3-20.jpg 51 1337.13 1330.82 882.47 1151.22 909.32 359.2
6920152485095-back_camera3-1.jpg 51 1524.18 1335.65 1032.26 1155.46 983.84 360.39
6920152485095-back_camera3-24.jpg 51 1276.37 1365.35 779.04 1141.23 994.66 448.23
6920152485095-back_camera3-21.jpg 51 1321.29 1356.1 829.78 1144.14 983.02 423.91
6920152485095-back_camera3-27.jpg 51 1269.07 1366.68 833.84 1151.48 870.46 430.4
6920152485095-back_camera3-25.jpg 51 1276.9 1363.27 782.35 1139.67 989.1 447.2
6920152485095-back_camera3-29.jpg 51 1373.64 1373.0 981.91 1164.41 783.46 417.18
6920152485095-back_camera3-26.jpg 51 1270.08 1369.12 804.22 1156.34 931.71 425.56
6920152485095-back_camera3-22.jpg 51 1297.94 1346.18 792.87 1123.89 1010.14 444.57
6920152485095-back_camera3-28.jpg 51 1295.5 1365.93 900.32 1154.27 790.36 423.33
6920152485095-back_camera3-2.jpg 51 1508.04 1338.9 1005.67 1156.34 1004.74 365.13
6920152485095-back_camera3-30.jpg 51 1418.95 1372.48 1003.32 1152.83 831.26 439.31
6920152485095-back_camera3-35.jpg 51 1445.73 1380.48 941.69 1161.87 1008.08 437.22
6920152485095-back_camera3-31.jpg 51 1439.07 1381.18 969.03 1140.36 940.08 481.65
6920152485095-back_camera3-33.jpg 51 1450.12 1385.49 950.27 1148.79 999.7 473.41
6920152485095-back_camera3-32.jpg 51 1432.11 1384.32 937.56 1139.67 989.1 489.29
6920152485095-back_camera3-36.jpg 51 1443.73 1370.62 959.05 1159.15 969.37 422.95
6920152485095-back_camera3-34.jpg 51 1445.93 1387.68 936.12 1155.76 1019.63 463.85
6920152485095-back_camera3-39.jpg 51 1529.44 1351.5 1073.66 1176.49 911.56 350.02
6920152485095-back_camera3-37.jpg 51 1447.78 1357.97 986.44 1157.77 922.67 400.41
6920152485095-back_camera3-40.jpg 51 1534.38 1341.72 1045.75 1167.03 977.25 349.39
6920152485095-back_camera3-3.jpg 51 1492.61 1336.96 984.91 1142.3 1015.4 389.33
6920152485095-back_camera3-4.jpg 51 1470.26 1326.32 980.49 1136.2 979.55 380.24
6920152485095-back_camera3-5.jpg 51 1455.98 1318.62 991.42 1136.9 929.12 363.44
6920152485095-back_camera3-6.jpg 51 1441.32 1322.5 998.06 1129.15 886.51 386.7
6920152485095-back_camera3-9.jpg 51 1453.98 1296.54 1098.82 1138.36 710.32 316.37
6920152485095_camera0-10.jpg 51 1404.26 1062.35 1003.85 926.3 800.81 272.09
6920152485095_camera0-11.jpg 51 1454.46 1052.87 1063.82 926.6 781.28 252.54
6920152485095_camera0-12.jpg 51 1463.67 1044.97 1024.37 910.81 878.61 268.32
6920152485095_camera0-13.jpg 51 1458.19 1055.97 991.51 929.4 933.36 253.14
6920152485095_camera0-28.jpg 51 1391.58 1055.74 951.77 922.1 879.62 267.28
6920152485095_camera0-29.jpg 51 1386.07 1048.91 992.8 918.7 786.54 260.43
6920152485095_camera0-31.jpg 51 1489.15 1044.29 1098.84 927.19 780.62 234.19
6920152485095_camera0-32.jpg 51 1487.89 1055.62 1058.55 932.23 858.68 246.78
6920152485095_camera0-33.jpg 51 1483.14 1056.69 1006.34 920.09 953.61 273.21
6920152485095_camera1-10.jpg 51 1296.51 1181.53 955.31 879.35 682.41 604.35
6920152485095_camera1-11.jpg 51 1319.57 1189.47 945.87 861.15 747.4 656.65
6920152485095_camera1-13.jpg 51 1320.28 1189.36 877.62 817.63 885.31 743.45
6920152485095_camera1-12.jpg 51 1320.44 1190.34 912.5 839.06 815.88 702.56
6920152485095_camera0-9.jpg 51 1371.49 1056.69 961.68 920.09 819.63 273.21
6920152485095_camera1-14.jpg 51 1317.92 1187.82 867.18 818.91 901.49 737.81
6920152485095_camera1-19.jpg 51 1304.66 1135.43 891.11 860.44 827.1 549.98
6920152485095_camera1-15.jpg 51 1318.99 1183.08 848.12 813.48 941.75 739.19
6920152485095_camera1-18.jpg 51 1301.69 1146.46 873.9 844.53 855.58 603.86
6920152485095_camera1-16.jpg 51 1311.08 1168.34 840.84 809.75 940.48 717.18
6920152485095_camera1-17.jpg 51 1310.37 1157.61 862.14 826.47 896.46 662.27
6920152485095_camera1-21.jpg 51 1344.9 1121.27 908.51 832.54 872.79 577.46
6920152485095_camera1-20.jpg 51 1341.85 1116.05 942.72 871.79 798.25 488.52
6920152485095_camera1-1.jpg 51 1263.33 1144.79 845.51 842.08 835.63 605.41
6920152485095_camera1-22.jpg 51 1341.85 1138.72 892.36 826.47 898.97 624.5
6920152485095_camera1-23.jpg 51 1325.53 1131.56 859.23 791.36 932.59 680.4
6920152485095_camera1-24.jpg 51 1321.7 1127.38 854.59 788.69 934.23 677.38
6920152485095_camera1-25.jpg 51 1303.12 1129.26 840.54 773.27 925.16 711.99
6920152485095_camera1-34.jpg 51 1265.04 1123.61 821.85 766.03 886.38 715.15
6920152485095_camera1-36.jpg 51 1238.03 1128.86 779.83 783.09 916.39 691.53
6920152485095_camera1-38.jpg 51 1215.19 1119.74 785.67 817.63 859.04 604.22
6920152485095_camera1-37.jpg 51 1222.23 1122.35 776.52 796.25 891.42 652.2
6920152485095_camera1-39.jpg 51 1221.29 1119.56 812.0 853.09 818.58 532.93
6920152485095_camera1-4.jpg 51 1241.12 1176.49 771.49 811.36 939.26 730.26
6920152485095_camera1-40.jpg 51 1250.1 1120.87 842.53 861.92 815.13 517.9
6920152485095_camera1-5.jpg 51 1237.35 1177.75 774.01 806.32 926.67 742.85
6920152485095_camera1-6.jpg 51 1227.45 1188.0 771.38 810.42 912.15 755.17
6920152485095_camera1-7.jpg 51 1235.97 1183.88 800.75 815.39 870.45 736.98
6920152485095_camera1-8.jpg 51 1233.2 1186.17 833.68 829.11 799.05 714.12
6920152485095_camera1-9.jpg 51 1242.38 1180.27 894.88 854.17 695.01 652.2
6920152485095_camera2-12.jpg 51 1308.03 855.75 905.69 497.96 804.67 715.58
6920152485095_camera2-10.jpg 51 1309.28 861.14 961.81 577.63 694.94 567.03
6920152485095_camera2-11.jpg 51 1310.55 859.16 935.84 531.6 749.42 655.12
6920152485095_camera2-13.jpg 51 1307.85 851.65 892.36 461.34 830.98 780.62
6920152485095_camera2-15.jpg 51 1296.47 843.11 876.58 428.16 839.79 829.89
6920152485095_camera2-17.jpg 51 1284.07 829.38 901.09 422.41 765.96 813.93
6920152485095_camera2-14.jpg 51 1301.55 847.87 882.28 443.71 838.54 808.32
6920152485095_camera2-16.jpg 51 1289.91 837.89 886.87 425.66 806.08 824.47
6920152485095_camera2-19.jpg 51 1267.89 832.8 957.43 467.21 620.92 731.18
6920152485095_camera2-18.jpg 51 1275.11 834.02 925.09 453.78 700.04 760.48
6920152485095_camera2-21.jpg 51 1257.61 829.38 917.64 442.27 679.93 774.23
6920152485095_camera2-1.jpg 51 1277.63 908.3 957.83 539.4 639.61 737.81
6920152485095_camera2-20.jpg 51 1264.07 828.82 984.77 488.0 558.6 681.64
6920152485095_camera2-22.jpg 51 1252.64 833.51 891.17 429.03 722.95 808.97
6920152485095_camera2-23.jpg 51 1244.67 832.81 852.97 414.99 783.4 835.63
6920152485095_camera2-24.jpg 51 1243.64 836.54 839.48 413.49 808.32 846.09
6920152485095_camera2-2.jpg 51 1283.34 909.7 923.08 506.81 720.52 805.79
6920152485095_camera2-3.jpg 51 1290.46 909.9 902.27 496.25 776.39 827.3
6920152485095_camera2-40.jpg 51 1273.7 911.14 974.84 560.06 597.71 702.16
6920152485095_camera2-4.jpg 51 1290.22 905.79 887.32 489.04 805.8 833.5
6920152485095_camera2-5.jpg 51 1295.26 913.34 882.28 494.07 825.95 838.54
6920152485095_camera2-6.jpg 51 1299.67 898.39 880.65 492.13 838.04 812.52
6920152485095_camera3-11.jpg 51 1443.59 1425.48 1002.25 1214.3 882.68 422.37
6920152485095_camera2-8.jpg 51 1304.07 880.6 920.06 531.84 768.03 697.52
6920152485095_camera2-7.jpg 51 1299.81 893.73 881.99 502.03 835.63 783.4
6920152485095_camera3-12.jpg 51 1443.26 1430.37 967.5 1211.31 951.52 438.12
6920152485095_camera3-14.jpg 51 1431.24 1418.22 940.2 1209.22 982.07 418.01
6920152485095_camera3-13.jpg 51 1442.62 1425.23 950.61 1204.56 984.01 441.34
6920152485095_camera2-9.jpg 51 1307.86 875.57 947.76 564.58 720.19 621.98
6920152485095_camera3-10.jpg 51 1441.57 1425.94 1034.41 1210.63 814.31 430.61
6920152485095_camera3-17.jpg 51 1400.88 1395.53 944.8 1210.98 912.15 369.1
6920152485095_camera3-16.jpg 51 1414.88 1408.15 932.65 1211.74 964.45 392.83
6920152485095_camera3-15.jpg 51 1427.47 1418.9 911.0 1204.19 1032.93 429.42
6920152485095_camera3-19.jpg 51 1463.06 1385.97 1016.18 1224.05 893.76 323.85
6920152485095_camera3-18.jpg 51 1419.91 1390.53 975.46 1226.85 888.9 327.36
6920152485095_camera3-20.jpg 51 1471.14 1383.29 1006.58 1215.71 929.12 335.16
6920152485095_camera3-21.jpg 51 1459.83 1394.48 966.49 1201.85 986.68 385.27
6920152485095_camera3-29.jpg 51 1405.34 1391.11 1038.07 1204.99 734.53 372.23
6920152485095_camera3-2.jpg 51 1363.28 1426.05 853.8 1204.35 1018.96 443.4
6920152485095_camera3-31.jpg 51 1408.58 1391.79 975.46 1191.6 866.24 400.38
6920152485095_camera3-33.jpg 51 1376.03 1406.94 896.41 1195.6 959.24 422.68
6920152485095_camera3-32.jpg 51 1394.72 1400.6 940.2 1196.63 909.05 407.94
6920152485095_camera3-35.jpg 51 1338.37 1405.3 851.17 1201.82 974.4 406.97
6920152485095_camera3-34.jpg 51 1347.93 1390.89 853.38 1179.13 989.1 423.52
6920152485095_camera3-4.jpg 51 1326.88 1425.09 832.33 1194.91 989.1 460.35
6920152485095_camera3-38.jpg 51 1319.68 1394.03 869.98 1222.25 899.41 343.55
6920152485095_camera3-7.jpg 51 1325.78 1428.01 902.58 1210.22 846.39 435.57
6920152485095_camera3-9.jpg 51 1409.84 1414.45 1023.3 1216.78 773.07 395.35
6920152485095_camera3-5.jpg 51 1329.41 1430.9 839.12 1202.81 980.59 456.19
6920152485095_camera3-8.jpg 51 1343.98 1414.57 953.34 1200.18 781.28 428.78
6920152485095_camera3-6.jpg 51 1321.7 1435.86 862.14 1214.26 919.12 443.19
