6936986841044-back_camera0-12.jpg 52 1406.95 1222.2 1037.86 1069.83 738.19 304.74
6936986841044-back_camera0-14.jpg 52 1404.34 1215.62 964.31 1072.45 880.05 286.35
6936986841044-back_camera0-13.jpg 52 1408.43 1217.28 1000.69 1071.28 815.48 291.99
6936986841044-back_camera0-18.jpg 52 1368.87 1215.63 888.12 1080.34 961.49 270.58
6936986841044-back_camera0-28.jpg 52 1419.61 1203.35 980.35 1076.49 878.51 253.72
6936986841044-back_camera0-2.jpg 52 1415.01 1197.55 979.65 1044.97 870.72 305.15
6936986841044-back_camera0-29.jpg 52 1408.63 1206.32 998.71 1079.46 819.84 253.72
6936986841044-back_camera0-31.jpg 52 1460.82 1207.75 1074.64 1056.69 772.35 302.11
6936986841044-back_camera0-30.jpg 52 1400.54 1212.02 1005.95 1063.39 789.17 297.26
6936986841044-back_camera0-32.jpg 52 1507.52 1209.17 1136.59 1066.72 741.87 284.91
6936986841044-back_camera0-33.jpg 52 1502.3 1219.39 1087.53 1065.91 829.54 306.97
6936986841044-back_camera0-39.jpg 52 1392.83 1216.98 964.54 1070.83 856.58 292.31
6936986841044-back_camera0-3.jpg 52 1401.86 1204.12 937.56 1052.86 928.6 302.52
6936986841044-back_camera0-40.jpg 52 1378.07 1209.05 974.82 1054.06 806.5 309.99
6936986841044-back_camera0-4.jpg 52 1380.81 1201.49 884.94 1044.97 991.73 313.04
6936986841044-back_camera0-7.jpg 52 1346.79 1219.13 853.45 1062.0 986.68 314.27
6936986841044-back_camera0-6.jpg 52 1363.62 1218.25 867.11 1059.32 993.02 317.87
6936986841044-back_camera1-10.jpg 52 1228.24 1134.41 908.62 824.0 639.23 620.82
6936986841044-back_camera0-9.jpg 52 1329.62 1220.37 902.25 1072.52 854.73 295.7
6936986841044-back_camera0-5.jpg 52 1375.44 1209.05 877.62 1054.06 995.64 309.99
6936986841044-back_camera0-8.jpg 52 1330.83 1217.27 858.64 1058.12 944.38 318.3
6936986841044-back_camera1-12.jpg 52 1247.96 1189.65 871.79 860.83 752.35 657.65
6936986841044-back_camera1-11.jpg 52 1255.91 1182.78 901.26 862.29 709.3 640.99
6936986841044-back_camera1-18.jpg 52 1247.96 1183.08 816.55 876.61 862.83 612.93
6936986841044-back_camera1-15.jpg 52 1240.04 1203.88 798.8 856.07 882.48 695.62
6936986841044-back_camera1-16.jpg 52 1233.49 1193.6 787.61 858.2 891.77 670.8
6936986841044-back_camera1-17.jpg 52 1242.71 1183.08 800.77 863.46 883.88 639.23
6936986841044-back_camera1-19.jpg 52 1262.93 1166.81 846.34 894.56 833.19 544.5
6936986841044-back_camera1-22.jpg 52 1337.35 1143.38 898.63 859.66 877.43 567.44
6936986841044-back_camera1-21.jpg 52 1337.4 1133.09 924.4 876.61 826.0 512.96
6936986841044-back_camera1-20.jpg 52 1307.16 1143.62 887.58 900.29 839.16 486.66
6936986841044-back_camera1-27.jpg 52 1292.68 1134.19 861.85 809.75 861.67 648.88
6936986841044-back_camera1-23.jpg 52 1338.77 1152.72 878.32 843.62 920.9 618.2
6936986841044-back_camera1-28.jpg 52 1286.36 1125.34 904.98 820.08 762.75 610.52
6936986841044-back_camera1-29.jpg 52 1280.85 1101.53 924.4 802.96 712.89 597.14
6936986841044-back_camera1-2.jpg 52 1255.9 1098.72 838.21 778.23 835.39 640.99
6936986841044-back_camera1-30.jpg 52 1332.37 1116.48 993.43 813.78 677.88 605.41
6936986841044-back_camera1-32.jpg 52 1353.12 1123.68 966.94 775.6 772.35 696.16
6936986841044-back_camera1-31.jpg 52 1355.88 1123.25 1014.54 803.19 682.67 640.12
6936986841044-back_camera1-33.jpg 52 1342.66 1126.52 932.29 766.13 820.74 720.78
6936986841044-back_camera1-36.jpg 52 1305.83 1121.06 867.11 751.96 877.43 738.19
6936986841044-back_camera1-34.jpg 52 1329.51 1127.84 903.36 755.61 852.31 744.45
6936986841044-back_camera1-35.jpg 52 1319.8 1126.31 883.71 756.82 872.17 738.97
6936986841044-back_camera1-37.jpg 52 1287.43 1119.74 851.35 767.72 872.17 704.04
6936986841044-back_camera1-38.jpg 52 1275.59 1112.05 869.16 776.65 812.85 670.8
6936986841044-back_camera1-39.jpg 52 1257.76 1110.09 874.05 805.25 767.42 609.67
6936986841044-back_camera1-3.jpg 52 1248.03 1101.36 804.06 759.84 887.94 683.03
6936986841044-back_camera1-4.jpg 52 1236.12 1119.95 774.46 750.35 923.33 739.19
6936986841044-back_camera1-5.jpg 52 1220.44 1114.49 756.77 741.45 927.34 746.08
6936986841044-back_camera1-6.jpg 52 1209.82 1121.25 756.05 731.93 907.55 778.65
6936986841044-back_camera1-7.jpg 52 1209.46 1125.35 781.17 757.19 856.58 736.32
6936986841044-back_camera1-8.jpg 52 1206.61 1131.4 801.58 758.35 810.05 746.1
6936986841044-back_camera2-10.jpg 52 1288.75 903.01 948.55 625.86 680.4 554.3
6936986841044-back_camera1-9.jpg 52 1213.58 1129.01 850.04 789.52 727.07 678.97
6936986841044-back_camera2-13.jpg 52 1307.14 914.83 903.89 552.3 806.5 725.06
6936986841044-back_camera2-12.jpg 52 1304.78 912.67 926.75 579.42 756.05 666.51
6936986841044-back_camera2-11.jpg 52 1307.13 913.52 940.66 607.47 732.94 612.1
6936986841044-back_camera2-14.jpg 52 1311.99 910.29 905.13 528.25 813.72 764.07
6936986841044-back_camera2-15.jpg 52 1304.52 901.61 884.94 495.18 839.16 812.85
6936986841044-back_camera2-17.jpg 52 1299.26 896.44 922.28 505.02 753.96 782.85
6936986841044-back_camera2-16.jpg 52 1306.02 900.62 915.66 511.19 780.72 778.87
6936986841044-back_camera2-1.jpg 52 1219.15 907.1 927.11 557.5 584.09 699.2
6936986841044-back_camera2-19.jpg 52 1292.68 871.49 972.19 505.02 640.99 732.94
6936986841044-back_camera2-18.jpg 52 1301.88 884.62 943.29 505.02 717.18 759.21
6936986841044-back_camera2-20.jpg 52 1293.87 852.0 1019.53 518.99 548.67 666.02
6936986841044-back_camera2-21.jpg 52 1316.33 833.4 1016.85 478.75 598.96 709.3
6936986841044-back_camera2-23.jpg 52 1312.86 827.97 942.58 427.57 740.55 800.81
6936986841044-back_camera2-22.jpg 52 1315.02 832.08 974.82 449.85 680.4 764.46
6936986841044-back_camera2-24.jpg 52 1308.8 831.25 926.76 424.23 764.07 814.03
6936986841044-back_camera2-25.jpg 52 1306.03 833.14 911.96 429.83 788.13 806.63
6936986841044-back_camera2-28.jpg 52 1278.24 833.39 898.63 473.49 759.21 719.81
6936986841044-back_camera2-29.jpg 52 1271.64 826.63 908.62 487.29 726.04 678.69
6936986841044-back_camera2-30.jpg 52 1234.89 832.08 898.63 541.79 672.52 580.57
6936986841044-back_camera2-2.jpg 52 1221.85 909.88 895.31 538.94 653.07 741.87
6936986841044-back_camera2-31.jpg 52 1232.26 824.19 880.24 515.52 704.04 617.35
6936986841044-back_camera2-34.jpg 52 1227.01 833.39 811.94 431.46 830.14 803.87
6936986841044-back_camera2-32.jpg 52 1229.91 824.72 855.28 488.93 749.27 671.57
6936986841044-back_camera2-33.jpg 52 1227.02 820.26 825.08 441.97 803.87 756.58
6936986841044-back_camera2-35.jpg 52 1226.73 830.79 820.95 434.72 811.56 792.13
6936986841044-back_camera2-36.jpg 52 1229.63 834.71 827.7 426.21 803.87 817.01
6936986841044-back_camera2-37.jpg 52 1223.49 845.35 844.51 451.26 757.96 788.18
6936986841044-back_camera2-3.jpg 52 1217.82 913.52 848.72 505.02 738.19 817.01
6936986841044-back_camera2-38.jpg 52 1231.51 853.13 878.15 478.5 706.72 749.27
6936986841044-back_camera2-5.jpg 52 1221.76 914.83 819.82 499.76 803.87 830.14
6936986841044-back_camera2-40.jpg 52 1232.27 885.93 948.55 541.79 567.44 688.28
6936986841044-back_camera2-4.jpg 52 1226.47 913.58 849.06 505.64 754.82 815.88
6936986841044-back_camera2-8.jpg 52 1241.45 904.32 861.85 533.91 759.21 740.82
6936986841044-back_camera2-39.jpg 52 1229.24 863.15 909.8 504.86 638.89 716.59
6936986841044-back_camera2-9.jpg 52 1262.48 904.32 896.01 568.06 732.94 672.52
6936986841044-back_camera2-6.jpg 52 1233.8 915.06 835.77 513.86 796.05 802.4
6936986841044-back_camera2-7.jpg 52 1237.52 909.58 835.58 515.52 803.87 788.11
6936986841044-back_camera3-12.jpg 52 1368.87 1425.79 927.53 1232.7 882.68 386.17
6936986841044-back_camera3-13.jpg 52 1363.42 1432.41 904.61 1246.48 917.63 371.86
6936986841044-back_camera3-14.jpg 52 1351.87 1421.14 874.42 1223.85 954.9 394.59
6936986841044-back_camera3-16.jpg 52 1346.75 1406.32 888.46 1242.98 916.57 326.67
6936986841044-back_camera3-20.jpg 52 1459.72 1392.21 1011.21 1215.96 897.03 352.5
6936986841044-back_camera3-18.jpg 52 1366.24 1392.95 909.14 1219.57 914.21 346.77
6936986841044-back_camera3-24.jpg 52 1418.78 1383.76 932.78 1177.54 972.0 412.44
6936986841044-back_camera3-25.jpg 52 1399.08 1382.45 927.53 1185.42 943.1 394.05
6936986841044-back_camera3-27.jpg 52 1372.91 1376.43 961.23 1179.13 823.37 394.59
6936986841044-back_camera3-26.jpg 52 1393.83 1374.57 948.55 1177.54 890.56 394.05
6936986841044-back_camera3-32.jpg 52 1459.59 1402.29 1024.82 1166.41 869.53 471.76
6936986841044-back_camera3-28.jpg 52 1367.65 1367.22 995.43 1163.35 744.45 407.74
6936986841044-back_camera3-34.jpg 52 1424.22 1393.52 958.6 1147.56 931.23 491.92
6936986841044-back_camera3-30.jpg 52 1472.64 1386.39 1085.15 1159.15 774.97 454.48
6936986841044-back_camera3-31.jpg 52 1467.62 1393.53 1053.3 1160.72 828.63 465.61
6936986841044-back_camera3-33.jpg 52 1437.18 1395.58 982.7 1156.52 908.95 478.12
6936986841044-back_camera3-35.jpg 52 1401.71 1394.26 938.04 1156.52 927.34 475.49
6936986841044_camera0-10.jpg 52 1407.12 1222.54 1032.26 1089.69 749.72 265.69
6936986841044_camera0-11.jpg 52 1459.68 1221.36 1079.5 1099.25 760.37 244.21
6936986841044_camera0-12.jpg 52 1455.78 1223.85 1021.73 1092.32 868.09 263.06
6936986841044_camera0-27.jpg 52 1347.93 1229.11 858.64 1084.43 978.58 289.36
6936986841044_camera0-2.jpg 52 1481.78 1230.86 1024.82 1110.6 913.93 240.51
6936986841044_camera0-37.jpg 52 1390.58 1225.85 896.5 1106.24 988.16 239.22
6936986841044_camera0-39.jpg 52 1375.44 1224.82 911.77 1090.84 927.34 267.96
6936986841044_camera0-40.jpg 52 1419.14 1225.62 952.0 1107.21 934.28 236.81
6936986841044_camera0-6.jpg 52 1418.95 1229.11 911.25 1089.69 1015.4 278.84
6936986841044_camera0-9.jpg 52 1382.75 1229.38 980.25 1099.39 805.0 259.98
6936986841044_camera1-38.jpg 52 1232.17 1118.63 795.5 763.5 873.35 710.26
6936986841044_camera1-40.jpg 52 1244.67 1098.49 832.66 805.44 824.02 586.1
6936986841044_camera1-9.jpg 52 1242.28 1135.08 879.14 835.37 726.28 599.42
6936986841044_camera2-13.jpg 52 1262.8 877.96 877.99 509.8 769.62 736.32
6936986841044_camera2-34.jpg 52 1263.79 859.67 859.23 460.36 809.12 798.62
6936986841044_camera2-35.jpg 52 1265.1 874.12 853.97 460.36 822.26 827.51
6936986841044_camera3-1.jpg 52 1429.29 1392.95 932.78 1188.04 993.02 409.82
6936986841044_camera3-2.jpg 52 1420.06 1387.75 923.32 1188.87 993.48 397.76
6936986841044_camera3-3.jpg 52 1408.09 1390.58 902.1 1188.92 1011.98 403.31
6936986841044_camera3-38.jpg 52 1379.38 1398.2 909.14 1216.94 940.48 362.53
6936986841044_camera3-40.jpg 52 1439.64 1388.06 966.95 1202.13 945.38 371.86
