6920152439005-back_camera0-12.jpg 53 1380.85 1233.02 1015.24 1110.6 731.22 244.84
6920152439005-back_camera0-13.jpg 53 1424.28 1229.29 1055.96 1107.73 736.64 243.12
6920152439005-back_camera0-14.jpg 53 1418.94 1234.14 1011.27 1105.1 815.35 258.08
6920152439005-back_camera0-10.jpg 53 1328.79 1230.9 908.85 1108.32 839.88 245.17
6920152439005-back_camera0-1.jpg 53 1364.12 1218.67 958.96 1099.88 810.33 237.58
6920152439005-back_camera0-11.jpg 53 1337.4 1233.06 955.97 1108.11 762.87 249.91
6920152439005-back_camera0-22.jpg 53 1458.83 1219.32 994.99 1088.45 927.68 261.74
6920152439005-back_camera0-21.jpg 53 1425.1 1224.47 963.36 1091.9 923.47 265.13
6920152439005-back_camera0-25.jpg 53 1468.65 1222.75 983.75 1087.14 969.81 271.21
6920152439005-back_camera0-20.jpg 53 1381.76 1229.85 927.81 1095.3 907.9 269.1
6920152439005-back_camera0-23.jpg 53 1489.95 1209.97 1037.7 1077.2 904.49 265.53
6920152439005-back_camera0-26.jpg 53 1457.7 1220.96 968.6 1084.6 978.21 272.73
6920152439005-back_camera0-29.jpg 53 1416.06 1218.28 982.6 1086.32 866.91 263.93
6920152439005-back_camera0-30.jpg 53 1402.33 1214.2 1003.84 1084.5 796.98 259.41
6920152439005-back_camera0-31.jpg 53 1395.38 1211.25 1034.87 1083.81 721.01 254.88
6920152439005-back_camera0-24.jpg 53 1482.03 1219.31 1009.9 1090.1 944.25 258.43
6920152439005-back_camera0-33.jpg 53 1470.43 1211.86 1089.41 1085.13 762.03 253.46
6920152439005-back_camera0-32.jpg 53 1445.32 1210.55 1077.05 1085.36 736.55 250.38
6920152439005-back_camera0-36.jpg 53 1446.13 1207.33 990.34 1091.1 911.59 232.46
6920152439005-back_camera0-35.jpg 53 1458.99 1215.6 1020.71 1091.79 876.56 247.62
6920152439005-back_camera0-40.jpg 53 1380.97 1215.45 950.95 1096.59 860.04 237.72
6920152439005-back_camera0-34.jpg 53 1466.84 1211.04 1055.34 1085.76 823.01 250.55
6920152439005-back_camera0-39.jpg 53 1404.63 1218.78 962.75 1100.44 883.77 236.67
6920152439005-back_camera0-5.jpg 53 1375.17 1221.41 893.78 1099.65 962.79 243.52
6920152439005-back_camera0-9.jpg 53 1333.76 1227.26 878.39 1100.69 910.73 253.14
6920152439005-back_camera0-4.jpg 53 1386.76 1225.45 920.23 1112.01 933.05 226.88
6920152439005-back_camera0-8.jpg 53 1341.43 1237.86 866.97 1117.65 948.92 240.41
6920152439005-back_camera0-6.jpg 53 1360.67 1235.74 871.71 1113.98 977.93 243.52
6920152439005-back_camera0-7.jpg 53 1350.55 1237.3 865.59 1116.77 969.91 241.06
6920152439005-back_camera1-13.jpg 53 1256.86 1181.82 884.73 836.96 744.26 689.72
6920152439005-back_camera1-12.jpg 53 1259.92 1170.92 926.95 848.6 665.94 644.64
6920152439005-back_camera1-10.jpg 53 1207.11 1152.65 852.25 836.67 709.71 631.96
6920152439005-back_camera1-14.jpg 53 1254.29 1181.76 854.77 821.11 799.04 721.29
6920152439005-back_camera1-15.jpg 53 1243.47 1185.91 827.99 820.23 830.97 731.36
6920152439005-back_camera1-16.jpg 53 1241.82 1174.59 816.08 813.45 851.48 722.27
6920152439005-back_camera1-25.jpg 53 1305.36 1156.01 854.53 823.04 901.65 665.94
6920152439005-back_camera1-19.jpg 53 1239.33 1153.88 819.39 848.24 839.88 611.28
6920152439005-back_camera1-23.jpg 53 1323.93 1146.58 887.9 848.09 872.07 596.98
6920152439005-back_camera1-18.jpg 53 1238.5 1172.19 807.96 839.97 861.07 664.44
6920152439005-back_camera1-20.jpg 53 1270.33 1144.93 856.01 868.72 828.63 552.42
6920152439005-back_camera1-21.jpg 53 1309.74 1121.58 902.22 864.81 815.04 513.54
6920152439005-back_camera1-24.jpg 53 1313.76 1155.36 861.93 835.75 903.66 639.21
6920152439005-back_camera1-17.jpg 53 1234.37 1182.04 792.89 830.02 882.96 704.04
6920152439005-back_camera1-1.jpg 53 1242.47 1112.72 872.98 874.85 738.97 475.73
6920152439005-back_camera1-29.jpg 53 1265.84 1128.2 885.65 798.54 760.37 659.32
6920152439005-back_camera1-28.jpg 53 1277.26 1142.43 866.15 797.5 822.21 689.86
6920152439005-back_camera1-26.jpg 53 1297.32 1154.7 850.87 808.48 892.89 692.45
6920152439005-back_camera1-30.jpg 53 1253.22 1119.95 921.77 795.07 662.91 649.75
6920152439005-back_camera1-22.jpg 53 1332.93 1139.8 920.44 861.49 824.97 556.61
6920152439005-back_camera1-27.jpg 53 1286.37 1151.05 852.93 802.81 866.87 696.48
6920152439005-back_camera1-31.jpg 53 1286.11 1105.47 961.23 805.59 649.75 599.77
6920152439005-back_camera1-33.jpg 53 1310.07 1103.88 931.86 773.25 756.41 661.26
6920152439005-back_camera1-32.jpg 53 1307.49 1092.83 965.29 787.54 684.4 610.57
6920152439005-back_camera1-2.jpg 53 1235.15 1126.05 816.84 843.86 836.62 564.37
6920152439005-back_camera1-35.jpg 53 1296.63 1104.16 871.79 758.24 849.68 691.84
6920152439005-back_camera1-34.jpg 53 1306.88 1107.67 902.77 765.96 808.22 683.42
6920152439005-back_camera1-37.jpg 53 1280.85 1108.11 856.01 776.65 849.68 662.91
6920152439005-back_camera1-36.jpg 53 1289.69 1108.05 858.74 766.43 861.91 683.24
6920152439005-back_camera1-6.jpg 53 1209.74 1138.52 755.87 799.24 907.74 678.56
6920152439005-back_camera1-39.jpg 53 1238.76 1108.11 832.33 818.74 812.85 578.73
6920152439005-back_camera1-4.jpg 53 1223.85 1136.91 774.9 819.63 897.89 634.57
6920152439005-back_camera1-7.jpg 53 1202.42 1144.3 756.13 799.47 892.58 689.65
6920152439005-back_camera1-5.jpg 53 1218.13 1135.91 760.12 801.26 916.03 669.3
6920152439005-back_camera1-40.jpg 53 1229.56 1102.85 848.12 842.42 762.87 520.86
6920152439005-back_camera1-38.jpg 53 1269.01 1106.8 845.49 789.81 847.05 633.97
6920152439005-back_camera1-3.jpg 53 1232.62 1130.89 796.28 831.9 872.68 597.99
6920152439005-back_camera2-11.jpg 53 1294.83 883.86 955.23 609.69 679.2 548.33
6920152439005-back_camera2-12.jpg 53 1302.28 885.51 937.01 593.13 730.55 584.77
6920152439005-back_camera2-13.jpg 53 1311.18 889.74 920.76 557.22 780.85 665.04
6920152439005-back_camera2-16.jpg 53 1311.1 897.65 905.99 508.33 810.22 778.65
6920152439005-back_camera1-9.jpg 53 1199.93 1148.67 805.73 816.86 788.41 663.63
6920152439005-back_camera2-10.jpg 53 1268.52 892.52 915.8 578.54 705.44 627.96
6920152439005-back_camera2-14.jpg 53 1310.41 892.74 906.28 536.82 808.26 711.84
6920152439005-back_camera2-17.jpg 53 1304.17 891.38 908.26 503.79 791.82 775.17
6920152439005-back_camera2-15.jpg 53 1304.53 888.45 890.21 508.33 828.63 760.24
6920152439005-back_camera2-23.jpg 53 1295.64 824.81 960.72 438.74 669.85 772.14
6920152439005-back_camera2-21.jpg 53 1287.39 832.0 1014.46 488.35 545.87 687.29
6920152439005-back_camera2-22.jpg 53 1294.88 831.94 994.29 466.7 601.17 730.49
6920152439005-back_camera2-18.jpg 53 1299.77 884.72 924.0 499.73 751.54 769.98
6920152439005-back_camera2-25.jpg 53 1294.01 828.86 916.39 415.34 755.23 827.04
6920152439005-back_camera2-26.jpg 53 1291.76 834.06 904.17 426.25 775.18 815.62
6920152439005-back_camera2-28.jpg 53 1278.72 834.4 895.47 461.06 766.49 746.69
6920152439005-back_camera2-27.jpg 53 1289.99 833.16 901.45 438.96 777.07 788.41
6920152439005-back_camera2-24.jpg 53 1293.18 829.43 935.59 428.23 715.18 802.4
6920152439005-back_camera2-1.jpg 53 1248.81 900.23 979.23 562.46 539.16 675.54
6920152439005-back_camera2-31.jpg 53 1239.4 849.47 901.92 580.05 674.97 538.84
6920152439005-back_camera2-29.jpg 53 1274.86 840.25 904.76 492.13 740.2 696.24
6920152439005-back_camera2-2.jpg 53 1247.6 912.8 934.63 536.16 625.94 753.28
6920152439005-back_camera2-30.jpg 53 1264.28 848.32 912.67 537.03 703.23 622.58
6920152439005-back_camera2-34.jpg 53 1228.07 847.35 825.35 489.3 805.43 716.09
6920152439005-back_camera2-38.jpg 53 1231.05 857.94 852.07 473.93 757.96 768.03
6920152439005-back_camera2-36.jpg 53 1227.73 849.83 823.51 463.76 808.44 772.14
6920152439005-back_camera2-33.jpg 53 1227.43 847.12 837.83 509.63 779.19 674.97
6920152439005-back_camera2-5.jpg 53 1246.85 908.79 872.97 496.86 747.76 823.86
6920152439005-back_camera2-4.jpg 53 1246.23 909.78 884.91 506.03 722.65 807.5
6920152439005-back_camera2-37.jpg 53 1231.78 853.1 837.22 462.78 789.11 780.63
6920152439005-back_camera2-3.jpg 53 1248.61 909.62 913.96 520.38 669.3 778.48
6920152439005-back_camera2-32.jpg 53 1228.06 846.95 865.91 546.67 724.3 600.56
6920152439005-back_camera2-9.jpg 53 1255.82 897.88 882.47 547.16 746.69 701.43
6920152439005-back_camera2-6.jpg 53 1234.61 912.01 857.02 500.49 755.17 823.05
6920152439005-back_camera3-13.jpg 53 1379.91 1420.45 945.35 1204.68 869.12 431.53
6920152439005-back_camera3-10.jpg 53 1348.72 1409.46 985.58 1222.34 726.28 374.24
6920152439005-back_camera2-7.jpg 53 1244.27 924.75 851.83 546.45 784.87 756.59
6920152439005-back_camera3-12.jpg 53 1385.0 1418.26 987.3 1210.42 795.4 415.67
6920152439005-back_camera2-8.jpg 53 1252.99 903.81 870.95 526.09 764.07 755.44
6920152439005-back_camera3-11.jpg 53 1392.41 1416.46 1025.74 1214.03 733.35 404.86
6920152439005-back_camera3-17.jpg 53 1351.76 1410.64 884.75 1205.29 934.02 410.71
6920152439005-back_camera3-15.jpg 53 1364.67 1419.22 898.6 1200.63 932.14 437.18
6920152439005-back_camera3-14.jpg 53 1370.12 1419.97 920.55 1205.37 899.13 429.21
6920152439005-back_camera3-20.jpg 53 1428.2 1391.89 972.83 1202.39 910.73 379.0
6920152439005-back_camera3-18.jpg 53 1350.53 1400.2 897.8 1205.15 905.47 390.1
6920152439005-back_camera3-1.jpg 53 1364.85 1402.06 926.39 1231.66 876.91 340.79
6920152439005-back_camera3-16.jpg 53 1359.02 1414.01 888.84 1204.69 940.36 418.64
6920152439005-back_camera3-19.jpg 53 1379.49 1398.79 919.14 1205.44 920.7 386.7
6920152439005-back_camera3-22.jpg 53 1450.48 1388.73 981.03 1193.39 938.9 390.67
6920152439005-back_camera3-27.jpg 53 1382.64 1378.95 943.84 1176.52 877.6 404.86
6920152439005-back_camera3-26.jpg 53 1399.22 1388.26 942.82 1176.5 912.81 423.52
6920152439005-back_camera3-24.jpg 53 1428.44 1389.55 944.65 1185.12 967.58 408.86
6920152439005-back_camera3-28.jpg 53 1371.07 1378.93 969.24 1180.13 803.66 397.59
6920152439005-back_camera3-29.jpg 53 1359.76 1371.16 995.43 1176.5 728.67 389.33
6920152439005-back_camera3-21.jpg 53 1461.04 1392.21 1011.21 1189.65 899.66 405.11
6920152439005-back_camera3-23.jpg 53 1439.9 1390.28 959.81 1186.77 960.18 407.01
6920152439005-back_camera3-2.jpg 53 1351.02 1413.8 879.39 1230.66 943.26 366.27
6920152439005-back_camera3-25.jpg 53 1409.74 1390.89 929.66 1171.24 960.16 439.31
6920152439005-back_camera3-32.jpg 53 1438.83 1376.03 1029.96 1196.58 817.73 358.91
6920152439005-back_camera3-30.jpg 53 1409.75 1369.85 1040.15 1187.02 739.19 365.65
6920152439005-back_camera3-34.jpg 53 1415.01 1384.31 958.6 1192.28 912.81 384.06
6920152439005-back_camera3-31.jpg 53 1445.25 1369.2 1072.46 1186.05 745.57 366.31
6920152439005-back_camera3-33.jpg 53 1429.48 1379.05 982.28 1194.91 894.4 368.28
6920152439005-back_camera3-35.jpg 53 1404.49 1380.37 942.82 1189.65 923.33 381.43
6920152439005-back_camera3-5.jpg 53 1318.36 1419.05 835.49 1222.94 965.73 392.21
6920152439005-back_camera3-3.jpg 53 1340.04 1415.88 850.75 1226.48 978.58 378.8
6920152439005-back_camera3-4.jpg 53 1334.28 1415.7 844.51 1221.81 979.55 387.79
6920152439005-back_camera3-36.jpg 53 1392.91 1384.02 934.01 1206.54 917.8 354.96
6920152439005-back_camera3-9.jpg 53 1303.46 1412.0 923.67 1224.09 759.58 375.83
6920152439005-back_camera3-38.jpg 53 1357.14 1383.77 927.01 1221.64 860.26 324.25
6920152439005-back_camera3-39.jpg 53 1335.94 1383.29 935.4 1229.73 801.08 307.11
6920152439005-back_camera3-37.jpg 53 1375.4 1379.07 930.46 1213.49 889.88 331.16
6920152439005_camera0-10.jpg 53 1407.63 1229.08 1064.48 1107.13 686.31 243.9
6920152439005_camera0-14.jpg 53 1462.75 1229.35 1017.94 1110.42 889.61 237.86
6920152439005-back_camera3-7.jpg 53 1304.86 1419.24 852.12 1225.3 905.48 387.89
6920152439005_camera0-12.jpg 53 1478.46 1226.65 1097.96 1107.54 761.0 238.22
6920152439005-back_camera3-6.jpg 53 1310.94 1420.21 837.16 1223.84 947.56 392.74
6920152439005_camera0-13.jpg 53 1471.25 1226.76 1051.31 1108.32 839.88 236.89
6920152439005-back_camera3-8.jpg 53 1300.82 1419.54 876.2 1224.61 849.23 389.87
6920152439005_camera0-11.jpg 53 1449.2 1223.85 1098.02 1100.21 702.37 247.27
6920152439005_camera0-1.jpg 53 1423.8 1219.32 964.19 1098.41 919.22 241.82
6920152439005_camera0-26.jpg 53 1340.03 1227.8 879.68 1094.95 920.7 265.69
6920152439005_camera0-2.jpg 53 1463.18 1218.57 1006.59 1095.32 913.19 246.5
6920152439005_camera0-29.jpg 53 1328.98 1217.29 924.12 1094.86 809.72 244.86
6920152439005_camera0-30.jpg 53 1345.36 1219.86 968.36 1096.94 753.99 245.83
6920152439005_camera0-31.jpg 53 1393.03 1222.09 1029.43 1100.44 727.19 243.3
6920152439005_camera0-32.jpg 53 1420.27 1225.16 1037.52 1094.95 765.5 260.43
6920152439005_camera0-37.jpg 53 1394.65 1223.44 900.4 1091.22 988.51 264.45
6920152439005_camera0-34.jpg 53 1422.45 1219.9 971.3 1091.46 902.3 256.89
6920152439005_camera0-33.jpg 53 1428.88 1218.86 1004.03 1090.17 849.69 257.38
6920152439005_camera0-40.jpg 53 1391.61 1215.66 935.84 1089.11 911.54 253.11
6920152439005_camera0-38.jpg 53 1380.81 1225.16 900.73 1087.06 960.16 276.21
6920152439005_camera0-35.jpg 53 1418.76 1225.84 943.03 1091.85 951.46 267.99
6920152439005_camera0-3.jpg 53 1472.88 1218.59 1008.58 1097.58 928.6 242.01
6920152439005_camera1-10.jpg 53 1292.0 1131.72 973.26 823.85 637.48 615.73
6920152439005_camera0-4.jpg 53 1475.37 1221.45 1012.32 1097.21 926.09 248.49
6920152439005_camera0-7.jpg 53 1436.05 1235.69 995.43 1110.74 881.24 249.91
6920152439005_camera0-39.jpg 53 1375.66 1215.38 917.38 1091.69 916.57 247.38
6920152439005_camera1-12.jpg 53 1299.19 1109.47 907.46 805.42 783.46 608.1
6920152439005_camera0-8.jpg 53 1429.47 1227.79 1016.47 1102.84 826.0 249.91
6920152439005_camera1-11.jpg 53 1304.73 1114.48 954.02 821.04 701.43 586.89
6920152439005_camera0-9.jpg 53 1415.01 1226.48 1027.0 1097.58 776.02 257.8
6920152439005_camera1-13.jpg 53 1300.61 1105.3 885.14 794.49 830.94 621.62
6920152439005_camera1-16.jpg 53 1263.59 1098.28 812.06 795.24 903.06 606.08
6920152439005_camera1-17.jpg 53 1249.28 1097.59 803.4 810.85 891.77 573.47
6920152439005_camera1-14.jpg 53 1290.5 1104.3 857.58 791.91 865.83 624.79
6920152439005_camera1-20.jpg 53 1235.67 1098.81 856.44 868.15 758.46 461.31
6920152439005_camera1-18.jpg 53 1245.24 1086.61 817.87 830.37 854.73 512.47
6920152439005_camera1-23.jpg 53 1217.27 1115.22 790.45 813.31 853.64 603.83
6920152439005_camera1-15.jpg 53 1276.89 1098.58 830.65 788.44 892.49 620.28
6920152439005_camera1-27.jpg 53 1199.38 1132.12 790.2 801.12 818.35 662.01
6920152439005_camera1-1.jpg 53 1301.89 1133.1 900.73 837.16 802.33 591.88
6920152439005_camera1-22.jpg 53 1231.7 1108.66 824.95 835.91 813.5 545.5
6920152439005_camera1-24.jpg 53 1208.51 1119.95 774.46 802.96 868.09 633.97
6920152439005_camera1-21.jpg 53 1244.78 1109.47 853.71 855.14 782.13 508.66
6920152439005_camera1-26.jpg 53 1204.56 1131.79 774.46 795.07 860.2 673.43
6920152439005_camera1-28.jpg 53 1198.31 1130.18 817.2 813.82 762.22 632.72
6920152439005_camera1-31.jpg 53 1272.72 1147.45 920.48 812.59 704.47 669.73
6920152439005_camera1-29.jpg 53 1202.51 1127.1 857.6 828.18 689.81 597.83
6920152439005_camera1-2.jpg 53 1300.58 1143.62 866.53 821.37 868.09 644.49
6920152439005_camera1-30.jpg 53 1253.1 1139.58 918.54 827.45 669.11 624.26
6920152439005_camera1-36.jpg 53 1252.88 1155.77 791.32 795.59 923.12 720.35
6920152439005_camera1-37.jpg 53 1241.38 1154.14 790.24 813.48 902.29 681.32
6920152439005_camera1-34.jpg 53 1259.75 1171.08 817.11 798.44 885.28 745.27
6920152439005_camera1-38.jpg 53 1242.11 1138.98 810.78 823.42 862.66 631.13
6920152439005_camera1-33.jpg 53 1263.79 1161.77 838.21 791.36 851.16 740.82
6920152439005_camera1-3.jpg 53 1317.72 1154.94 886.16 804.74 863.12 700.4
6920152439005_camera1-32.jpg 53 1266.82 1160.62 878.93 806.67 775.78 707.9
6920152439005_camera1-40.jpg 53 1277.35 1126.3 869.81 863.85 815.08 524.89
6920152439005_camera1-5.jpg 53 1307.43 1156.32 881.06 782.97 852.75 746.69
6920152439005_camera1-39.jpg 53 1237.27 1126.21 833.52 843.38 807.5 565.67
6920152439005_camera1-8.jpg 53 1275.37 1144.81 911.41 784.99 727.91 719.64
6920152439005_camera1-6.jpg 53 1297.17 1153.55 884.87 780.1 824.6 746.9
6920152439005_camera1-9.jpg 53 1268.51 1137.41 939.01 804.37 659.01 666.08
6920152439005_camera1-4.jpg 53 1311.99 1157.14 881.37 790.87 861.24 732.55
6920152439005_camera1-7.jpg 53 1281.84 1148.17 885.87 782.72 791.94 730.9
6920152439005_camera2-10.jpg 53 1261.08 849.06 919.46 572.09 683.24 553.93
6920152439005_camera2-11.jpg 53 1242.26 848.32 896.5 548.51 691.53 599.61
6920152439005_camera2-13.jpg 53 1225.13 849.49 844.52 480.99 761.23 736.99
6920152439005_camera2-12.jpg 53 1232.02 853.45 869.41 518.59 725.22 669.72
6920152439005_camera2-20.jpg 53 1245.08 872.87 968.57 537.51 553.02 670.72
6920152439005_camera2-16.jpg 53 1221.47 862.52 840.25 452.21 762.45 820.63
6920152439005_camera2-14.jpg 53 1220.54 854.84 835.91 468.56 769.26 772.56
6920152439005_camera2-17.jpg 53 1228.65 869.09 866.35 467.08 724.6 804.01
6920152439005_camera2-15.jpg 53 1219.7 862.35 832.72 457.03 773.95 810.63
6920152439005_camera2-1.jpg 53 1281.97 833.52 977.22 487.76 609.51 691.53
6920152439005_camera2-27.jpg 53 1266.35 902.88 864.34 538.46 804.01 728.85
6920152439005_camera2-21.jpg 53 1251.93 896.58 945.88 542.68 612.1 707.8
6920152439005_camera2-18.jpg 53 1231.13 869.91 892.82 480.32 676.62 779.19
6920152439005_camera2-25.jpg 53 1266.42 914.85 858.43 524.53 815.98 780.63
6920152439005_camera2-22.jpg 53 1253.22 912.13 916.51 534.64 673.43 754.98
6920152439005_camera2-19.jpg 53 1236.93 869.91 932.53 503.48 608.8 732.87
6920152439005_camera2-26.jpg 53 1262.11 905.25 850.45 516.79 823.32 776.93
6920152439005_camera2-28.jpg 53 1268.54 899.29 875.4 558.47 786.28 681.64
6920152439005_camera2-23.jpg 53 1255.85 917.39 884.94 524.12 741.82 786.54
6920152439005_camera2-2.jpg 53 1284.1 828.87 944.86 468.17 678.47 721.39
6920152439005_camera2-29.jpg 53 1269.26 892.93 900.86 583.93 736.79 618.0
6920152439005_camera2-24.jpg 53 1258.49 912.12 858.64 516.22 799.7 791.81
6920152439005_camera2-32.jpg 53 1306.4 879.01 934.18 534.91 744.45 688.2
6920152439005_camera2-30.jpg 53 1275.59 879.24 940.19 603.03 670.8 552.42
6920152439005_camera2-31.jpg 53 1298.49 879.0 946.86 572.3 703.27 613.4
6920152439005_camera2-33.jpg 53 1315.84 879.49 926.94 500.49 777.8 758.0
6920152439005_camera2-35.jpg 53 1315.04 876.61 921.77 471.5 786.54 810.22
6920152439005_camera2-37.jpg 53 1302.26 869.91 939.14 465.43 726.25 808.97
6920152439005_camera2-38.jpg 53 1296.38 869.3 963.37 478.41 666.02 781.78
6920152439005_camera2-4.jpg 53 1279.53 825.32 884.94 432.05 789.17 786.54
6920152439005_camera2-5.jpg 53 1275.59 826.63 874.42 442.57 802.33 768.13
6920152439005_camera2-39.jpg 53 1290.04 865.34 988.74 499.03 602.59 732.62
6920152439005_camera2-36.jpg 53 1303.55 872.68 921.01 460.45 765.07 824.47
6920152439005_camera2-34.jpg 53 1315.18 878.82 924.76 483.43 780.85 790.77
6920152439005_camera2-3.jpg 53 1279.54 825.32 903.36 442.57 752.35 765.5
6920152439005_camera2-40.jpg 53 1284.11 861.81 1012.58 520.29 543.05 683.05
6920152439005_camera2-7.jpg 53 1259.81 827.94 853.38 468.87 812.85 718.15
6920152439005_camera2-8.jpg 53 1265.29 833.08 877.22 497.11 776.13 671.93
6920152439005_camera3-11.jpg 53 1406.93 1336.82 940.72 1149.92 932.43 373.79
6920152439005_camera3-10.jpg 53 1417.63 1319.87 977.01 1137.04 881.24 365.65
6920152439005_camera3-17.jpg 53 1293.96 1360.05 870.92 1163.68 846.08 392.74
6920152439005_camera3-15.jpg 53 1322.31 1364.73 841.72 1151.32 961.17 426.82
6920152439005_camera3-12.jpg 53 1386.07 1342.23 900.73 1144.93 970.68 394.59
6920152439005_camera3-21.jpg 53 1387.83 1367.87 964.28 1176.95 847.09 381.83
6920152439005_camera3-13.jpg 53 1362.39 1350.12 866.53 1147.56 991.73 405.11
6920152439005_camera3-14.jpg 53 1342.67 1359.33 842.86 1139.67 999.62 439.31
6920152439005_camera3-16.jpg 53 1305.58 1366.68 847.19 1159.2 916.78 414.96
6920152439005_camera3-19.jpg 53 1338.5 1356.65 960.92 1179.17 755.17 354.96
6920152439005_camera2-9.jpg 53 1265.07 843.74 890.21 534.64 749.72 618.19
6920152439005_camera3-20.jpg 53 1392.78 1365.3 1015.9 1177.21 753.76 376.17
6920152439005_camera3-1.jpg 53 1483.4 1369.86 1053.3 1152.83 860.2 434.05
6920152439005_camera3-22.jpg 53 1380.81 1369.85 916.51 1168.61 928.6 402.48
6920152439005_camera3-23.jpg 53 1376.44 1382.32 895.62 1185.75 961.64 393.14
6920152439005_camera3-25.jpg 53 1343.99 1385.63 842.86 1181.76 1002.25 407.74
6920152439005_camera3-2.jpg 53 1474.19 1358.01 1019.1 1137.04 910.18 441.94
6920152439005_camera3-24.jpg 53 1365.03 1377.74 871.79 1179.13 986.47 397.22
6920152439005_camera3-18.jpg 53 1290.06 1368.53 905.99 1173.87 768.13 389.33
6920152439005_camera3-26.jpg 53 1350.65 1369.95 852.86 1193.88 995.58 352.13
6920152439005_camera3-28.jpg 53 1350.55 1359.32 882.31 1173.87 936.49 370.91
6920152439005_camera3-27.jpg 53 1351.87 1377.74 869.16 1194.91 965.42 365.65
6920152439005_camera3-35.jpg 53 1413.69 1379.06 924.4 1163.35 978.58 431.42
6920152439005_camera3-32.jpg 53 1443.65 1367.54 930.68 1172.16 1025.95 390.75
6920152439005_camera3-33.jpg 53 1436.05 1379.06 919.14 1171.24 1033.82 415.63
6920152439005_camera3-34.jpg 53 1417.63 1375.11 919.14 1160.72 996.99 428.78
6920152439005_camera3-36.jpg 53 1401.86 1381.68 940.19 1173.87 923.33 415.63
6920152439005_camera3-37.jpg 53 1404.48 1375.11 990.17 1181.76 828.63 386.7
6920152439005_camera3-39.jpg 53 1459.72 1361.96 1087.5 1155.46 744.45 413.0
6920152439005_camera3-40.jpg 53 1488.66 1369.85 1103.28 1155.46 770.76 428.78
6920152439005_camera3-5.jpg 53 1427.86 1347.85 938.17 1132.78 979.37 430.13
6920152439005_camera3-3.jpg 53 1458.4 1356.7 974.38 1129.15 968.05 455.09
6920152439005_camera3-38.jpg 53 1402.18 1359.43 1033.79 1165.68 736.79 387.49
6920152439005_camera3-4.jpg 53 1447.07 1354.13 955.73 1135.76 982.68 436.75
6920152439005_camera3-7.jpg 53 1384.05 1332.83 925.15 1139.79 917.8 386.07
6920152439005_camera3-6.jpg 53 1408.57 1339.39 929.28 1134.49 958.57 409.8
6920152439005_camera3-8.jpg 53 1374.24 1329.07 945.45 1139.67 857.57 378.8
6920152439005_camera3-9.jpg 53 1404.72 1313.52 966.56 1144.58 876.33 337.89
