6922907011511-back_camera0-12.jpg 57 1469.96 1028.88 1167.08 884.57 605.76 288.61
6922907011511-back_camera0-10.jpg 57 1420.27 1023.93 1155.89 860.83 528.75 326.19
6922907011511-back_camera0-13.jpg 57 1463.15 1024.57 1123.4 868.72 679.5 311.7
6922907011511-back_camera0-14.jpg 57 1449.21 1037.08 1071.72 876.61 754.98 320.93
6922907011511-back_camera0-11.jpg 57 1474.03 1027.19 1221.49 873.64 505.07 307.11
6922907011511-back_camera0-16.jpg 57 1403.16 1026.56 974.38 866.09 857.57 320.93
6922907011511-back_camera0-15.jpg 57 1440.11 1028.68 1050.67 875.13 778.87 307.11
6922907011511-back_camera0-22.jpg 57 1410.86 1011.68 1016.8 871.07 788.12 281.21
6922907011511-back_camera0-23.jpg 57 1384.76 1017.35 961.23 863.46 847.05 307.78
6922907011511-back_camera0-24.jpg 57 1382.7 1031.73 975.69 885.57 814.03 292.31
6922907011511-back_camera0-25.jpg 57 1378.05 1033.62 970.59 876.49 814.92 314.27
6922907011511-back_camera0-26.jpg 57 1367.77 1038.53 981.09 886.4 773.36 304.25
6922907011511-back_camera0-31.jpg 57 1441.64 1038.4 1185.41 889.47 512.47 297.86
6922907011511-back_camera0-30.jpg 57 1375.05 1038.36 1115.04 883.2 520.01 310.31
6922907011511-back_camera0-32.jpg 57 1454.38 1034.06 1153.09 891.34 602.59 285.44
6922907011511-back_camera0-8.jpg 57 1428.33 1033.99 1099.28 879.38 658.09 309.22
6922907011511-back_camera0-9.jpg 57 1422.72 1035.68 1127.18 875.43 591.08 320.5
6922907011511-back_camera3-11.jpg 57 1384.34 1386.53 1106.15 1147.73 556.38 477.59
6922907011511-back_camera3-10.jpg 57 1339.33 1384.23 1088.77 1153.82 501.11 460.82
6922907011511_camera0-1.jpg 57 1331.22 1209.79 1063.41 1061.0 535.62 297.57
6922907011511_camera0-19.jpg 57 1421.49 1215.75 1091.26 1061.27 660.47 308.96
6922907011511_camera0-20.jpg 57 1419.18 1216.51 1126.45 1056.51 585.47 320.01
6922907011511_camera0-21.jpg 57 1428.36 1215.63 1169.45 1060.12 517.81 311.02
6922907011511_camera0-25.jpg 57 1462.87 1203.57 1099.33 1061.12 727.07 284.91
6922907011511_camera0-22.jpg 57 1482.09 1209.38 1216.4 1052.86 531.38 313.04
6922907011511_camera0-23.jpg 57 1483.09 1206.75 1179.11 1052.35 607.97 308.81
6922907011511_camera0-26.jpg 57 1449.17 1202.4 1055.32 1052.5 787.7 299.81
6922907011511_camera0-28.jpg 57 1418.12 1200.23 1016.65 1059.93 802.93 280.59
6922907011511_camera0-29.jpg 57 1393.96 1205.43 984.91 1055.49 818.11 299.89
6922907011511_camera0-24.jpg 57 1475.56 1205.81 1128.39 1048.67 694.33 314.27
6922907011511_camera0-2.jpg 57 1380.45 1209.69 1119.84 1062.41 521.23 294.55
6922907011511_camera0-31.jpg 57 1383.69 1197.26 997.68 1056.37 772.02 281.79
6922907011511_camera0-30.jpg 57 1385.04 1195.87 1000.49 1059.49 769.1 272.75
6922907011511_camera0-27.jpg 57 1434.74 1209.39 1027.0 1060.76 815.48 297.26
6922907011511_camera0-32.jpg 57 1400.38 1190.47 1016.49 1061.89 767.77 257.16
6922907011511_camera0-33.jpg 57 1401.1 1194.96 1004.42 1056.37 793.36 277.18
6922907011511_camera0-35.jpg 57 1351.87 1205.43 927.03 1055.49 849.68 299.89
6922907011511_camera0-34.jpg 57 1384.72 1199.67 972.65 1064.57 824.14 270.21
6922907011511_camera0-36.jpg 57 1360.1 1201.61 956.78 1062.86 806.63 277.51
6922907011511_camera0-39.jpg 57 1323.87 1210.87 988.71 1061.77 670.32 298.19
6922907011511_camera0-38.jpg 57 1334.69 1209.73 960.06 1063.58 749.27 292.31
6922907011511_camera0-40.jpg 57 1326.92 1211.92 1020.87 1057.24 612.1 309.36
6922907011511_camera0-4.jpg 57 1404.7 1211.05 1063.62 1057.06 682.17 307.97
6922907011511_camera0-5.jpg 57 1404.91 1213.19 1031.57 1065.31 746.69 295.77
6922907011511_camera0-3.jpg 57 1398.22 1210.7 1097.96 1065.95 600.52 289.51
6922907011511_camera0-37.jpg 57 1345.7 1204.86 953.49 1060.55 784.42 288.61
6922907011511_camera3-33.jpg 57 1342.24 1368.57 935.49 1161.63 813.5 413.88
