6902227014829-back_camera0-10.jpg 58 1436.27 1217.41 1280.64 1087.61 311.26 259.61
6902227014829-back_camera0-11.jpg 58 1442.62 1221.22 1229.55 1081.8 426.15 278.84
6902227014829-back_camera0-13.jpg 58 1443.85 1220.12 1157.21 1082.41 573.27 275.43
6902227014829-back_camera0-12.jpg 58 1443.72 1212.18 1200.42 1086.45 486.6 251.46
6902227014829-back_camera0-16.jpg 58 1418.95 1213.33 1063.82 1081.8 710.26 263.06
6902227014829-back_camera0-18.jpg 58 1407.51 1210.6 1056.27 1092.46 702.49 236.28
6902227014829-back_camera0-15.jpg 58 1435.84 1208.91 1093.16 1072.8 685.36 272.22
6902227014829-back_camera0-14.jpg 58 1436.06 1210.7 1121.7 1081.8 628.71 257.8
6902227014829-back_camera0-19.jpg 58 1395.28 1209.38 1032.26 1087.06 726.04 244.64
6902227014829-back_camera0-17.jpg 58 1414.7 1212.85 1063.44 1092.26 702.53 241.17
6902227014829-back_camera0-1.jpg 58 1418.23 1204.11 1051.53 1076.0 733.4 256.21
6902227014829-back_camera0-20.jpg 58 1413.69 1208.07 1048.04 1087.06 731.3 242.01
6902227014829-back_camera0-21.jpg 58 1413.14 1207.88 1061.31 1095.36 703.66 225.03
6902227014829-back_camera0-22.jpg 58 1404.16 1208.25 1045.9 1097.57 716.51 221.36
6902227014829-back_camera0-24.jpg 58 1379.49 1213.33 1019.1 1087.06 720.78 252.54
6902227014829-back_camera0-23.jpg 58 1388.89 1209.3 1028.21 1094.87 721.36 228.87
6902227014829-back_camera0-27.jpg 58 1363.79 1220.12 1099.57 1082.41 528.44 275.43
6902227014829-back_camera0-25.jpg 58 1371.61 1217.27 1040.15 1097.58 662.91 239.38
6902227014829-back_camera0-28.jpg 58 1358.72 1218.82 1143.96 1097.17 429.52 243.3
6902227014829-back_camera0-29.jpg 58 1363.78 1218.93 1191.9 1097.37 343.76 243.12
6902227014829-back_camera0-26.jpg 58 1366.99 1216.91 1064.34 1088.81 605.3 256.21
6902227014829-back_camera0-30.jpg 58 1392.83 1221.71 1239.01 1099.61 307.64 244.21
6902227014829-back_camera0-2.jpg 58 1417.54 1206.72 1049.98 1086.23 735.11 240.98
6902227014829-back_camera0-32.jpg 58 1418.23 1224.92 1186.04 1088.81 464.38 272.22
6902227014829-back_camera0-31.jpg 58 1409.77 1220.72 1232.1 1102.46 355.34 236.51
6902227014829-back_camera0-33.jpg 58 1416.59 1221.15 1151.13 1094.92 530.92 252.47
6902227014829-back_camera0-34.jpg 58 1418.8 1223.16 1123.17 1101.51 591.26 243.3
6902227014829-back_camera0-35.jpg 58 1418.23 1218.53 1077.15 1092.02 682.16 253.01
6902227014829-back_camera0-36.jpg 58 1411.4 1217.11 1064.12 1094.21 694.56 245.79
6902227014829-back_camera0-38.jpg 58 1401.66 1214.03 1041.65 1090.99 720.02 246.07
6902227014829-back_camera0-40.jpg 58 1423.03 1207.32 1064.34 1082.41 717.39 249.81
6902227014829-back_camera0-37.jpg 58 1408.09 1215.8 1052.24 1091.67 711.7 248.25
6902227014829-back_camera0-39.jpg 58 1405.7 1209.34 1053.66 1092.78 704.08 233.11
6902227014829-back_camera0-3.jpg 58 1410.09 1211.9 1044.36 1090.34 731.45 243.12
6902227014829-back_camera0-5.jpg 58 1405.42 1215.32 1054.73 1082.41 701.38 265.82
6902227014829-back_camera0-9.jpg 58 1404.17 1216.5 1241.07 1090.77 326.21 251.46
6902227014829-back_camera0-7.jpg 58 1393.9 1214.61 1117.98 1090.24 551.85 248.74
6902227014829-back_camera0-4.jpg 58 1404.6 1211.56 1050.09 1088.33 709.02 246.46
6902227014829-back_camera0-6.jpg 58 1394.97 1216.29 1077.04 1088.49 635.86 255.59
6902227014829-back_camera0-8.jpg 58 1405.42 1218.52 1189.24 1079.2 432.36 278.63
6902227014829-back_camera1-12.jpg 58 1297.09 1178.1 1077.46 906.14 439.26 543.92
6902227014829-back_camera1-14.jpg 58 1319.52 1157.82 1019.13 897.53 600.78 520.58
6902227014829-back_camera1-11.jpg 58 1281.43 1181.53 1103.77 908.79 355.33 545.47
6902227014829-back_camera1-10.jpg 58 1261.31 1180.09 1112.38 906.26 297.85 547.65
6902227014829-back_camera1-15.jpg 58 1318.68 1154.23 1006.29 907.65 624.79 493.17
6902227014829-back_camera1-13.jpg 58 1307.11 1173.68 1053.39 900.93 507.44 545.5
6902227014829-back_camera1-16.jpg 58 1320.67 1138.58 988.71 911.04 663.92 455.08
6902227014829-back_camera1-18.jpg 58 1323.21 1111.2 995.75 932.01 654.92 358.38
6902227014829-back_camera1-17.jpg 58 1322.83 1129.36 991.98 919.51 661.69 419.7
6902227014829-back_camera1-1.jpg 58 1192.44 1101.62 862.57 928.68 659.74 345.88
6902227014829-back_camera1-19.jpg 58 1320.75 1104.57 999.7 944.27 642.1 320.6
6902227014829-back_camera1-21.jpg 58 1334.89 1088.57 1012.76 928.18 644.27 320.78
6902227014829-back_camera1-22.jpg 58 1328.62 1087.91 1001.73 911.21 653.79 353.4
6902227014829-back_camera1-23.jpg 58 1317.35 1087.22 990.68 877.44 653.34 419.55
6902227014829-back_camera1-20.jpg 58 1339.26 1092.79 1019.04 948.13 640.44 289.31
6902227014829-back_camera1-26.jpg 58 1280.82 1087.47 1031.86 848.81 497.93 477.32
6902227014829-back_camera1-24.jpg 58 1307.74 1090.41 1000.29 864.63 614.91 451.57
6902227014829-back_camera1-25.jpg 58 1297.34 1090.1 1011.87 859.79 570.93 460.62
6902227014829-back_camera1-29.jpg 58 1255.87 1078.4 1098.08 844.5 315.57 467.8
6902227014829-back_camera1-28.jpg 58 1267.2 1081.62 1071.2 836.95 392.01 489.35
6902227014829-back_camera1-27.jpg 58 1277.35 1081.0 1047.41 838.38 459.87 485.24
6902227014829-back_camera1-2.jpg 58 1190.84 1112.84 852.96 912.67 675.76 400.33
6902227014829-back_camera1-30.jpg 58 1269.66 1079.63 1122.87 843.81 293.59 471.65
6902227014829-back_camera1-31.jpg 58 1267.7 1087.21 1083.55 842.21 368.3 490.0
6902227014829-back_camera1-32.jpg 58 1252.95 1083.87 1037.52 838.53 430.87 490.68
6902227014829-back_camera1-33.jpg 58 1244.88 1086.11 993.74 838.98 502.28 494.26
6902227014829-back_camera1-37.jpg 58 1199.31 1083.99 874.79 890.74 649.04 386.51
6902227014829-back_camera1-38.jpg 58 1185.44 1090.03 861.15 923.52 648.58 333.01
6902227014829-back_camera1-34.jpg 58 1231.71 1089.47 955.34 850.68 552.74 477.59
6902227014829-back_camera1-36.jpg 58 1208.45 1088.81 884.99 867.83 646.93 441.96
6902227014829-back_camera1-35.jpg 58 1221.54 1089.14 925.23 864.19 592.62 449.9
6902227014829-back_camera1-39.jpg 58 1182.01 1091.8 862.78 935.97 638.47 311.65
6902227014829-back_camera1-40.jpg 58 1188.47 1096.52 871.32 948.25 634.31 296.54
6902227014829-back_camera1-4.jpg 58 1189.24 1138.45 852.96 899.86 672.55 477.19
6902227014829-back_camera1-3.jpg 58 1189.12 1123.08 860.87 913.76 656.51 418.64
6902227014829-back_camera1-6.jpg 58 1202.06 1170.47 929.83 896.65 544.45 547.65
6902227014829-back_camera1-5.jpg 58 1192.7 1151.19 894.58 900.64 596.25 501.1
6902227014829-back_camera1-8.jpg 58 1212.93 1172.53 998.68 902.42 428.5 540.22
6902227014829-back_camera1-9.jpg 58 1231.72 1178.42 1062.95 917.68 337.54 521.49
6902227014829-back_camera1-7.jpg 58 1205.98 1165.29 962.69 898.88 486.57 532.82
6902227014829-back_camera2-10.jpg 58 1334.95 867.83 1048.32 742.93 573.27 249.81
6902227014829-back_camera2-13.jpg 58 1326.09 842.39 1030.46 622.2 591.26 440.39
6902227014829-back_camera2-12.jpg 58 1330.15 851.82 1022.7 653.25 614.91 397.13
6902227014829-back_camera2-11.jpg 58 1335.47 859.87 1045.28 711.6 580.39 296.54
6902227014829-back_camera2-16.jpg 58 1304.72 815.77 1065.11 525.63 479.23 580.28
6902227014829-back_camera2-17.jpg 58 1296.66 818.75 1077.14 526.52 439.03 584.47
6902227014829-back_camera2-14.jpg 58 1315.75 829.39 1025.91 553.97 579.68 550.85
6902227014829-back_camera2-15.jpg 58 1314.03 825.79 1047.62 551.45 532.82 548.67
6902227014829-back_camera2-19.jpg 58 1274.11 808.59 1118.78 509.14 310.66 598.89
6902227014829-back_camera2-1.jpg 58 1274.58 934.78 1124.39 643.95 300.37 581.66
6902227014829-back_camera2-18.jpg 58 1285.58 808.43 1103.75 513.88 363.65 589.11
6902227014829-back_camera2-20.jpg 58 1268.4 800.69 1145.39 521.37 246.02 558.64
6902227014829-back_camera2-21.jpg 58 1260.05 805.84 1101.61 514.4 316.89 582.87
6902227014829-back_camera2-23.jpg 58 1240.49 808.59 1000.29 509.14 480.4 598.89
6902227014829-back_camera2-25.jpg 58 1223.53 820.75 949.98 555.93 547.09 529.65
6902227014829-back_camera2-22.jpg 58 1252.26 808.19 1062.24 511.83 380.03 592.73
6902227014829-back_camera2-24.jpg 58 1234.26 816.74 981.26 534.66 505.99 564.17
6902227014829-back_camera2-28.jpg 58 1209.43 844.49 915.83 658.27 587.19 372.43
6902227014829-back_camera2-26.jpg 58 1216.46 832.61 917.02 586.0 598.89 493.21
6902227014829-back_camera2-27.jpg 58 1212.07 837.97 917.6 620.07 588.94 435.8
6902227014829-back_camera2-2.jpg 58 1284.75 933.33 1100.58 637.7 368.35 591.26
6902227014829-back_camera2-30.jpg 58 1202.22 864.0 915.98 729.97 572.48 268.06
6902227014829-back_camera2-31.jpg 58 1203.07 872.49 914.13 717.54 577.87 309.9
6902227014829-back_camera2-29.jpg 58 1202.06 853.43 904.21 691.69 595.69 323.47
6902227014829-back_camera2-33.jpg 58 1208.16 893.43 913.27 667.36 589.79 452.14
6902227014829-back_camera2-32.jpg 58 1206.11 885.21 911.35 690.65 589.52 389.13
6902227014829-back_camera2-35.jpg 58 1219.08 911.57 946.19 637.76 545.77 547.62
6902227014829-back_camera2-34.jpg 58 1214.86 904.66 923.42 640.44 582.88 528.44
6902227014829-back_camera2-3.jpg 58 1292.92 929.58 1072.06 633.19 441.72 592.78
6902227014829-back_camera2-36.jpg 58 1223.52 915.66 973.76 629.43 499.52 572.46
6902227014829-back_camera2-38.jpg 58 1249.79 930.8 1082.06 636.36 335.46 588.88
6902227014829-back_camera2-39.jpg 58 1252.6 929.88 1109.09 642.86 287.02 574.05
6902227014829-back_camera2-37.jpg 58 1226.07 919.07 997.08 614.82 457.98 608.5
6902227014829-back_camera2-40.jpg 58 1264.71 935.87 1139.25 650.4 250.92 570.93
6902227014829-back_camera2-5.jpg 58 1312.94 915.43 1037.02 650.38 551.85 530.1
6902227014829-back_camera2-4.jpg 58 1302.92 925.05 1053.93 635.43 497.98 579.24
6902227014829-back_camera2-6.jpg 58 1319.97 903.5 1026.98 666.61 585.99 473.78
6902227014829-back_camera2-8.jpg 58 1325.67 890.05 1029.36 702.47 592.62 375.15
6902227014829-back_camera2-9.jpg 58 1323.76 882.24 1025.91 723.71 595.69 317.06
6902227014829-back_camera2-7.jpg 58 1321.63 899.43 1024.64 682.64 593.98 433.59
6902227014829-back_camera3-13.jpg 58 1442.95 1391.27 1129.03 1220.72 627.85 341.09
6902227014829-back_camera3-12.jpg 58 1442.25 1407.48 1150.81 1213.72 582.88 387.52
6902227014829-back_camera3-10.jpg 58 1408.38 1402.06 1209.91 1224.95 396.93 354.21
6902227014829-back_camera3-11.jpg 58 1424.03 1398.61 1182.09 1225.99 483.88 345.24
6902227014829-back_camera3-14.jpg 58 1447.31 1389.66 1098.44 1223.95 697.74 331.42
6902227014829-back_camera3-16.jpg 58 1451.86 1375.45 1089.96 1213.72 723.8 323.47
6902227014829-back_camera3-17.jpg 58 1443.76 1376.93 1091.67 1230.36 704.17 293.15
6902227014829-back_camera3-15.jpg 58 1447.08 1384.43 1092.66 1221.89 708.84 325.08
6902227014829-back_camera3-18.jpg 58 1451.83 1372.47 1103.28 1234.37 697.1 276.21
6902227014829-back_camera3-1.jpg 58 1301.16 1373.7 944.49 1222.75 713.34 301.9
6902227014829-back_camera3-19.jpg 58 1461.22 1365.52 1115.3 1235.71 691.85 259.61
6902227014829-back_camera3-21.jpg 58 1450.58 1361.47 1100.52 1218.5 700.11 285.95
6902227014829-back_camera3-22.jpg 58 1429.48 1361.96 1074.35 1200.18 710.26 323.56
6902227014829-back_camera3-23.jpg 58 1419.84 1361.04 1086.76 1200.91 666.15 320.26
6902227014829-back_camera3-20.jpg 58 1459.08 1363.57 1104.78 1223.82 708.59 279.49
6902227014829-back_camera3-24.jpg 58 1407.47 1361.9 1104.06 1200.02 606.82 323.76
6902227014829-back_camera3-26.jpg 58 1382.12 1364.59 1153.26 1200.18 457.72 328.82
6902227014829-back_camera3-2.jpg 58 1291.37 1377.74 932.29 1210.7 718.15 334.08
6902227014829-back_camera3-25.jpg 58 1397.06 1359.39 1128.72 1196.87 536.68 325.04
6902227014829-back_camera3-30.jpg 58 1384.49 1360.6 1179.92 1200.89 409.13 319.42
6902227014829-back_camera3-29.jpg 58 1392.61 1365.84 1240.48 1194.5 304.25 342.68
6902227014829-back_camera3-31.jpg 58 1378.71 1360.03 1147.61 1197.5 462.2 325.06
6902227014829-back_camera3-33.jpg 58 1353.18 1358.01 1050.67 1189.65 605.03 336.71
6902227014829-back_camera3-27.jpg 58 1373.38 1360.63 1173.57 1196.17 399.61 328.93
6902227014829-back_camera3-28.jpg 58 1366.34 1365.9 1197.98 1194.91 336.71 341.98
6902227014829-back_camera3-32.jpg 58 1367.15 1361.36 1098.81 1199.73 536.68 323.26
6902227014829-back_camera3-34.jpg 58 1343.55 1363.19 1025.61 1203.03 635.89 320.32
6902227014829-back_camera3-35.jpg 58 1322.94 1359.33 990.17 1208.07 665.54 302.52
6902227014829-back_camera3-37.jpg 58 1302.01 1363.48 954.69 1221.88 694.64 283.2
6902227014829-back_camera3-36.jpg 58 1318.95 1364.24 961.85 1207.31 714.19 313.86
6902227014829-back_camera3-38.jpg 58 1295.29 1364.51 956.84 1233.35 676.89 262.33
6902227014829-back_camera3-39.jpg 58 1305.59 1365.27 965.31 1232.05 680.56 266.44
6902227014829-back_camera3-40.jpg 58 1304.76 1370.06 958.54 1220.97 692.45 298.18
6902227014829-back_camera3-3.jpg 58 1294.72 1384.37 946.66 1217.09 696.12 334.55
6902227014829-back_camera3-4.jpg 58 1300.06 1390.33 972.6 1218.27 654.92 344.11
6902227014829-back_camera3-6.jpg 58 1322.15 1402.67 1073.95 1210.51 496.41 384.32
6902227014829-back_camera3-8.jpg 58 1341.75 1401.88 1162.71 1221.5 358.08 360.76
6902227014829-back_camera3-9.jpg 58 1382.73 1398.69 1226.53 1225.05 312.4 347.28
6902227014829-back_camera3-7.jpg 58 1325.3 1393.05 1102.66 1219.39 445.28 347.32
6902227014829-back_camera3-5.jpg 58 1303.94 1391.01 1005.05 1210.68 597.79 360.66
6902227014829_camera0-10.jpg 58 1370.97 1208.31 1175.13 1088.59 391.68 239.45
6902227014829_camera0-12.jpg 58 1406.08 1208.82 1238.2 1085.14 335.76 247.35
6902227014829_camera0-14.jpg 58 1407.11 1215.96 1155.89 1079.17 502.44 273.58
6902227014829_camera0-11.jpg 58 1373.95 1205.54 1215.61 1085.81 316.68 239.47
6902227014829_camera0-13.jpg 58 1408.62 1207.31 1192.44 1079.2 432.36 256.21
6902227014829_camera0-15.jpg 58 1410.05 1210.17 1117.47 1084.89 585.15 250.55
6902227014829_camera0-17.jpg 58 1393.96 1202.81 1053.3 1063.39 681.32 278.84
6902227014829_camera0-19.jpg 58 1392.41 1210.84 1036.41 1089.53 712.01 242.62
6902227014829_camera0-16.jpg 58 1412.38 1202.81 1092.76 1066.02 639.23 273.58
6902227014829_camera0-18.jpg 58 1397.95 1215.21 1044.17 1087.41 707.55 255.59
6902227014829_camera0-20.jpg 58 1388.43 1209.91 1032.58 1089.36 711.7 241.1
6902227014829_camera0-21.jpg 58 1396.6 1208.07 1045.41 1084.43 702.37 247.27
6902227014829_camera0-1.jpg 58 1415.29 1208.89 1067.33 1099.47 695.92 218.84
6902227014829_camera0-24.jpg 58 1392.65 1212.01 1037.52 1092.32 710.26 239.38
6902227014829_camera0-23.jpg 58 1408.62 1210.52 1041.92 1092.02 733.4 237.0
6902227014829_camera0-27.jpg 58 1388.7 1210.7 1071.72 1076.54 633.97 268.32
6902227014829_camera0-22.jpg 58 1407.48 1209.01 1063.37 1094.84 688.22 228.35
6902227014829_camera0-25.jpg 58 1394.11 1219.95 1043.97 1097.35 700.28 245.2
6902227014829_camera0-28.jpg 58 1390.63 1221.81 1112.03 1098.58 557.21 246.46
6902227014829_camera0-2.jpg 58 1420.26 1209.38 1063.82 1089.69 712.89 239.38
6902227014829_camera0-29.jpg 58 1394.21 1220.12 1144.4 1088.81 499.61 262.62
6902227014829_camera0-26.jpg 58 1389.89 1219.22 1067.19 1099.5 645.41 239.45
6902227014829_camera0-30.jpg 58 1396.59 1218.59 1195.35 1087.06 402.48 263.06
6902227014829_camera0-32.jpg 58 1444.92 1217.47 1269.04 1095.47 351.77 244.01
6902227014829_camera0-31.jpg 58 1413.69 1221.22 1253.23 1084.43 320.93 273.58
6902227014829_camera0-33.jpg 58 1453.02 1219.84 1232.91 1096.17 440.22 247.33
6902227014829_camera0-35.jpg 58 1449.2 1221.22 1145.37 1094.95 607.66 252.54
6902227014829_camera0-34.jpg 58 1451.86 1226.53 1186.04 1095.22 531.64 262.62
6902227014829_camera0-40.jpg 58 1411.46 1213.53 1064.86 1100.71 693.21 225.63
6902227014829_camera0-37.jpg 58 1440.73 1220.43 1095.63 1096.2 690.19 248.47
6902227014829_camera0-3.jpg 58 1418.95 1212.01 1071.72 1094.95 694.47 234.12
6902227014829_camera0-39.jpg 58 1417.63 1213.32 1063.82 1092.32 707.63 242.01
6902227014829_camera0-36.jpg 58 1446.69 1220.33 1126.37 1097.1 640.64 246.46
6902227014829_camera0-38.jpg 58 1429.6 1218.16 1075.15 1097.49 708.89 241.34
6902227014829_camera0-6.jpg 58 1388.7 1205.43 1053.3 1084.43 670.8 242.01
6902227014829_camera0-8.jpg 58 1372.91 1210.7 1095.39 1081.8 555.05 257.8
6902227014829_camera0-9.jpg 58 1373.43 1208.23 1135.57 1088.51 475.73 239.45
6902227014829_camera0-7.jpg 58 1383.0 1205.7 1067.54 1079.2 630.92 253.01
6902227014829_camera1-11.jpg 58 1254.3 1095.68 1105.72 852.56 297.15 486.25
6902227014829_camera1-13.jpg 58 1253.23 1093.64 1024.37 834.53 457.72 518.22
6902227014829_camera1-14.jpg 58 1256.65 1104.22 991.83 851.29 529.65 505.86
6902227014829_camera1-15.jpg 58 1261.12 1104.16 963.86 858.2 594.51 491.92
6902227014829_camera1-17.jpg 58 1248.49 1103.22 910.61 883.84 675.76 438.76
6902227014829_camera1-12.jpg 58 1256.86 1100.61 1061.01 843.98 391.7 513.26
6902227014829_camera1-18.jpg 58 1245.24 1106.17 908.26 920.64 673.95 371.07
6902227014829_camera1-19.jpg 58 1240.48 1107.12 905.28 937.18 670.4 339.89
6902227014829_camera1-16.jpg 58 1247.86 1099.22 932.63 872.74 630.45 452.96
6902227014829_camera1-20.jpg 58 1238.69 1110.97 919.95 962.14 637.48 297.67
6902227014829_camera1-1.jpg 58 1274.7 1081.62 951.43 927.1 646.55 309.03
6902227014829_camera1-21.jpg 58 1256.5 1112.84 917.02 938.29 678.96 349.09
6902227014829_camera1-22.jpg 58 1253.84 1120.22 917.92 942.35 671.83 355.73
6902227014829_camera1-24.jpg 58 1249.57 1122.32 924.82 900.7 649.49 443.24
6902227014829_camera1-23.jpg 58 1250.48 1124.07 918.15 927.66 664.66 392.82
6902227014829_camera1-26.jpg 58 1251.9 1118.62 971.75 871.35 560.31 494.55
6902227014829_camera1-25.jpg 58 1249.15 1121.88 935.96 891.95 626.38 459.87
6902227014829_camera1-27.jpg 58 1247.62 1122.4 981.74 861.49 531.76 521.82
6902227014829_camera1-29.jpg 58 1257.88 1112.66 1070.86 857.52 374.04 510.29
6902227014829_camera1-2.jpg 58 1265.01 1080.99 933.69 907.88 662.63 346.22
6902227014829_camera1-28.jpg 58 1254.89 1119.24 1016.3 855.02 477.19 528.44
6902227014829_camera1-30.jpg 58 1265.29 1107.86 1124.13 867.41 282.31 480.9
6902227014829_camera1-32.jpg 58 1293.47 1110.11 1102.38 866.69 382.17 486.83
6902227014829_camera1-31.jpg 58 1290.28 1106.32 1133.73 864.04 313.09 484.55
6902227014829_camera1-34.jpg 58 1293.33 1114.43 1016.3 864.63 554.06 499.61
6902227014829_camera1-33.jpg 58 1297.72 1112.73 1061.22 866.71 473.01 492.04
6902227014829_camera1-38.jpg 58 1269.86 1098.5 934.05 908.23 671.62 380.54
6902227014829_camera1-37.jpg 58 1279.07 1104.66 950.0 898.5 658.13 412.33
6902227014829_camera1-39.jpg 58 1264.12 1093.47 934.62 920.49 659.01 345.96
6902227014829_camera1-3.jpg 58 1259.72 1080.69 931.34 890.14 656.77 381.11
6902227014829_camera1-35.jpg 58 1291.37 1102.85 992.8 860.83 597.14 484.03
6902227014829_camera1-36.jpg 58 1279.53 1106.79 958.6 876.61 641.86 460.35
6902227014829_camera1-40.jpg 58 1265.02 1088.96 943.11 935.41 643.82 307.11
6902227014829_camera1-6.jpg 58 1240.49 1088.81 942.64 845.41 595.69 486.8
6902227014829_camera1-5.jpg 58 1248.86 1079.5 935.82 858.64 626.07 441.72
6902227014829_camera1-7.jpg 58 1238.74 1085.91 973.97 836.77 529.53 498.28
6902227014829_camera1-4.jpg 58 1256.67 1078.81 934.76 877.42 643.82 402.78
6902227014829_camera2-11.jpg 58 1249.27 881.37 958.54 745.53 581.46 271.68
6902227014829_camera2-12.jpg 58 1259.65 879.54 961.95 706.65 595.41 345.79
6902227014829_camera1-8.jpg 58 1232.7 1088.45 1003.27 831.68 458.87 513.54
6902227014829_camera1-9.jpg 58 1232.79 1091.05 1040.91 840.5 383.75 501.1
6902227014829_camera2-10.jpg 58 1255.08 876.13 961.55 738.36 587.06 275.54
6902227014829_camera2-18.jpg 58 1274.11 880.64 1057.93 569.99 432.36 621.31
6902227014829_camera2-14.jpg 58 1261.12 880.56 966.49 639.86 589.25 481.4
6902227014829_camera2-15.jpg 58 1266.92 884.64 985.71 620.08 562.42 529.12
6902227014829_camera2-16.jpg 58 1267.51 880.65 998.93 593.89 537.16 573.52
6902227014829_camera2-13.jpg 58 1261.14 879.16 960.61 673.33 601.06 411.66
6902227014829_camera2-19.jpg 58 1276.2 876.6 1099.38 576.1 353.63 601.0
6902227014829_camera2-17.jpg 58 1268.6 880.96 1027.94 582.48 481.31 596.95
6902227014829_camera2-20.jpg 58 1277.32 874.24 1134.8 576.39 285.03 595.69
6902227014829_camera2-1.jpg 58 1251.8 854.01 1118.66 568.58 266.28 570.85
6902227014829_camera2-21.jpg 58 1283.48 870.04 1126.96 574.1 313.04 591.88
6902227014829_camera2-23.jpg 58 1287.65 875.64 1082.3 576.73 410.71 597.83
6902227014829_camera2-22.jpg 58 1282.16 868.73 1098.02 574.1 368.28 589.25
6902227014829_camera2-25.jpg 58 1284.74 867.14 1022.2 582.28 525.07 569.73
6902227014829_camera2-24.jpg 58 1285.69 868.17 1040.49 574.14 490.4 588.07
6902227014829_camera2-27.jpg 58 1283.3 861.41 989.14 621.96 588.32 478.9
6902227014829_camera2-26.jpg 58 1283.71 858.23 984.27 595.61 598.89 525.23
6902227014829_camera2-28.jpg 58 1278.22 856.88 969.12 645.12 618.19 423.52
6902227014829_camera2-29.jpg 58 1274.26 854.25 969.12 671.43 610.29 365.65
6902227014829_camera2-33.jpg 58 1271.66 844.51 972.82 635.0 597.69 419.02
6902227014829_camera2-2.jpg 58 1246.88 856.62 1070.74 550.77 352.29 611.7
6902227014829_camera2-32.jpg 58 1271.63 842.42 971.75 666.17 599.77 352.5
6902227014829_camera2-38.jpg 58 1251.14 852.37 1046.71 548.96 408.86 606.82
6902227014829_camera2-35.jpg 58 1262.44 841.11 979.65 574.1 565.58 534.01
6902227014829_camera2-34.jpg 58 1271.66 846.88 976.59 605.83 590.15 482.09
6902227014829_camera2-36.jpg 58 1261.3 847.01 984.27 560.38 554.06 573.27
6902227014829_camera2-37.jpg 58 1258.72 851.4 1020.85 554.07 475.73 594.66
6902227014829_camera2-39.jpg 58 1254.12 854.61 1079.7 555.23 348.83 598.75
6902227014829_camera2-4.jpg 58 1250.59 864.78 1013.84 566.21 473.5 597.14
6902227014829_camera2-40.jpg 58 1252.18 852.42 1116.42 562.11 271.52 580.62
6902227014829_camera2-3.jpg 58 1251.69 861.42 1032.31 553.97 438.76 614.91
6902227014829_camera2-6.jpg 58 1253.28 868.1 971.8 599.31 562.95 537.57
6902227014829_camera2-7.jpg 58 1249.28 867.41 948.08 618.82 602.4 497.18
6902227014829_camera2-5.jpg 58 1248.26 864.18 988.24 578.63 520.05 571.1
6902227014829_camera2-8.jpg 58 1251.91 868.72 948.08 647.75 607.66 441.94
6902227014829_camera3-10.jpg 58 1373.39 1365.84 1202.05 1184.89 342.68 361.9
6902227014829_camera2-9.jpg 58 1252.14 875.32 953.23 697.71 597.83 355.21
6902227014829_camera3-13.jpg 58 1374.34 1361.78 1089.41 1187.84 569.86 347.88
6902227014829_camera3-11.jpg 58 1378.34 1359.74 1169.89 1192.62 416.89 334.24
6902227014829_camera3-14.jpg 58 1376.77 1361.46 1063.47 1192.24 626.6 338.45
6902227014829_camera3-12.jpg 58 1376.59 1367.44 1118.78 1184.89 515.62 365.1
6902227014829_camera3-15.jpg 58 1370.29 1365.9 1034.89 1197.55 670.8 336.71
6902227014829_camera3-16.jpg 58 1369.04 1368.52 1013.7 1204.36 710.67 328.32
6902227014829_camera3-17.jpg 58 1364.88 1368.34 1009.44 1215.42 710.88 305.83
6902227014829_camera3-19.jpg 58 1354.51 1361.95 1003.32 1218.59 702.37 286.73
6902227014829_camera3-18.jpg 58 1356.31 1367.56 1004.44 1221.1 703.73 292.92
6902227014829_camera3-20.jpg 58 1376.6 1370.65 1025.91 1226.53 701.38 288.24
6902227014829_camera3-21.jpg 58 1364.4 1375.87 1008.24 1222.63 712.33 306.47
6902227014829_camera3-23.jpg 58 1367.3 1384.32 1024.78 1221.78 685.05 325.08
6902227014829_camera3-25.jpg 58 1359.02 1388.87 1048.63 1214.76 620.78 348.22
6902227014829_camera3-22.jpg 58 1370.49 1380.43 1019.24 1222.64 702.49 315.57
6902227014829_camera3-24.jpg 58 1357.14 1384.32 1027.0 1205.44 660.28 357.76
6902227014829_camera3-27.jpg 58 1358.35 1390.12 1116.56 1215.57 483.58 349.1
6902227014829_camera3-26.jpg 58 1365.38 1389.86 1096.36 1210.51 538.04 358.7
6902227014829_camera3-28.jpg 58 1366.35 1383.0 1158.53 1202.81 415.63 360.39
6902227014829_camera3-29.jpg 58 1378.03 1383.6 1228.97 1214.71 298.12 337.77
6902227014829_camera3-30.jpg 58 1416.68 1379.32 1241.66 1209.5 350.04 339.63
6902227014829_camera3-2.jpg 58 1378.18 1358.02 1027.0 1205.44 702.37 305.15
6902227014829_camera3-32.jpg 58 1424.49 1382.28 1169.91 1206.33 509.15 351.9
6902227014829_camera3-34.jpg 58 1415.62 1382.08 1104.01 1207.64 623.21 348.87
6902227014829_camera3-33.jpg 58 1421.43 1381.86 1125.19 1200.91 592.49 361.9
6902227014829_camera3-36.jpg 58 1395.28 1371.16 1045.41 1208.07 699.74 326.19
6902227014829_camera3-35.jpg 58 1409.52 1374.84 1071.53 1207.86 675.98 333.97
6902227014829_camera3-37.jpg 58 1392.93 1367.49 1040.19 1216.32 705.47 302.35
6902227014829_camera3-31.jpg 58 1422.34 1380.18 1206.67 1206.54 431.33 347.28
6902227014829_camera3-38.jpg 58 1375.55 1360.64 1027.0 1210.7 697.1 299.89
6902227014829_camera3-39.jpg 58 1391.01 1362.63 1035.51 1220.12 710.99 285.03
6902227014829_camera3-3.jpg 58 1366.61 1358.52 1028.43 1202.05 676.35 312.94
6902227014829_camera3-40.jpg 58 1391.33 1358.01 1042.78 1215.96 697.1 284.1
6902227014829_camera3-4.jpg 58 1360.93 1359.61 1033.29 1199.17 655.29 320.87
6902227014829_camera3-8.jpg 58 1340.52 1357.48 1142.3 1194.94 396.44 325.08
6902227014829_camera3-6.jpg 58 1346.61 1364.59 1063.82 1192.28 565.58 344.61
6902227014829_camera3-5.jpg 58 1353.89 1359.65 1047.05 1197.9 613.69 323.5
6902227014829_camera3-7.jpg 58 1344.56 1359.43 1096.36 1188.09 496.41 342.68
6902227014829_camera3-9.jpg 58 1342.66 1363.27 1179.57 1192.28 326.19 341.98
