6902227014843-back_camera0-19.jpg 59 1466.27 1220.12 1125.19 1088.81 682.16 262.62
6902227014843-back_camera0-1.jpg 59 1332.91 1194.83 1015.91 1076.06 634.01 237.53
6902227014843-back_camera0-33.jpg 59 1425.53 1198.87 1216.4 1066.02 418.26 265.69
6902227014843-back_camera0-35.jpg 59 1404.48 1197.55 1124.33 1066.02 560.31 263.06
6902227014843-back_camera0-3.jpg 59 1339.16 1198.47 1014.87 1079.54 648.58 237.86
6902227014843-back_camera0-38.jpg 59 1349.24 1196.24 1027.0 1068.65 644.49 255.17
6902227014843-back_camera0-39.jpg 59 1341.8 1195.47 1019.41 1075.25 644.77 240.45
6902227014843-back_camera0-40.jpg 59 1330.55 1194.97 1017.93 1075.36 625.24 239.22
6902227014843-back_camera0-4.jpg 59 1326.88 1198.87 990.17 1071.28 673.43 255.17
6902227014843-back_camera0-5.jpg 59 1326.39 1205.76 998.67 1078.96 655.44 253.6
6902227014843-back_camera0-6.jpg 59 1322.93 1213.79 1013.83 1081.84 618.2 263.9
6902227014843-back_camera0-8.jpg 59 1321.62 1215.96 1048.04 1079.17 547.16 273.58
6902227014843-back_camera0-7.jpg 59 1321.15 1215.04 1031.75 1084.21 578.8 261.65
6902227014843-back_camera1-10.jpg 59 1224.3 1175.19 1076.98 929.23 294.63 491.92
6902227014843-back_camera1-13.jpg 59 1282.9 1185.33 1046.41 924.88 472.98 520.9
6902227014843-back_camera1-11.jpg 59 1255.74 1183.41 1103.5 936.83 304.47 493.17
6902227014843-back_camera1-14.jpg 59 1291.38 1180.45 1029.63 918.7 523.49 523.49
6902227014843-back_camera1-12.jpg 59 1264.5 1188.1 1067.54 922.28 393.92 531.64
6902227014843-back_camera1-15.jpg 59 1296.91 1175.15 1010.68 923.81 572.46 502.69
6902227014843-back_camera1-17.jpg 59 1313.99 1147.02 1001.84 938.4 624.3 417.24
6902227014843-back_camera1-16.jpg 59 1303.2 1165.97 1003.32 923.96 599.77 484.03
6902227014843-back_camera1-18.jpg 59 1314.59 1139.58 1006.95 946.91 615.28 385.34
6902227014843-back_camera1-19.jpg 59 1316.36 1125.2 1003.32 950.27 626.08 349.87
6902227014843-back_camera1-1.jpg 59 1195.08 1081.99 897.77 929.63 594.61 304.73
6902227014843-back_camera1-20.jpg 59 1323.75 1119.24 1019.5 963.91 608.5 310.66
6902227014843-back_camera1-21.jpg 59 1326.88 1110.74 1021.73 937.12 610.29 347.24
6902227014843-back_camera1-22.jpg 59 1325.12 1101.59 1022.24 919.22 605.76 364.73
6902227014843-back_camera1-24.jpg 59 1317.67 1096.27 1013.84 871.35 607.66 449.83
6902227014843-back_camera1-23.jpg 59 1320.93 1098.89 1019.64 889.57 602.59 418.64
6902227014843-back_camera1-26.jpg 59 1302.88 1091.92 1038.12 849.03 529.53 485.78
6902227014843-back_camera1-27.jpg 59 1295.31 1085.74 1058.56 829.26 473.5 512.96
6902227014843-back_camera1-28.jpg 59 1286.24 1081.36 1078.51 836.36 415.47 490.0
6902227014843-back_camera1-29.jpg 59 1278.91 1076.0 1105.97 822.99 345.88 506.02
6902227014843-back_camera1-25.jpg 59 1301.89 1088.38 1016.47 855.57 570.84 465.61
6902227014843-back_camera1-2.jpg 59 1196.2 1093.74 894.64 917.99 603.12 351.51
6902227014843-back_camera1-31.jpg 59 1280.85 1067.33 1100.65 821.37 360.39 491.92
6902227014843-back_camera1-30.jpg 59 1287.95 1070.33 1150.43 836.82 275.03 467.02
6902227014843-back_camera1-32.jpg 59 1278.22 1071.28 1084.87 821.37 386.7 499.81
6902227014843-back_camera1-33.jpg 59 1266.18 1070.15 1048.93 824.36 434.5 491.59
6902227014843-back_camera1-35.jpg 59 1242.09 1069.59 958.65 835.8 566.87 467.58
6902227014843-back_camera1-34.jpg 59 1253.89 1071.06 1005.94 826.23 495.9 489.65
6902227014843-back_camera1-36.jpg 59 1226.91 1066.02 929.66 839.79 594.51 452.46
6902227014843-back_camera1-37.jpg 59 1211.61 1066.06 911.9 861.49 599.42 409.13
6902227014843-back_camera1-38.jpg 59 1196.67 1069.96 892.84 887.14 607.66 365.65
6902227014843-back_camera1-39.jpg 59 1189.24 1074.4 881.79 899.86 614.91 349.09
6902227014843-back_camera1-6.jpg 59 1191.9 1143.58 925.46 903.7 532.88 479.75
6902227014843-back_camera1-3.jpg 59 1190.86 1105.38 884.01 911.12 613.69 388.51
6902227014843-back_camera1-40.jpg 59 1190.1 1081.81 887.58 931.86 605.03 299.89
6902227014843-back_camera1-9.jpg 59 1203.24 1167.29 1013.84 913.44 378.8 507.7
6902227014843-back_camera1-5.jpg 59 1186.78 1126.36 894.2 901.97 585.15 448.77
6902227014843-back_camera1-7.jpg 59 1195.65 1154.47 942.64 899.86 506.02 509.22
6902227014843-back_camera2-11.jpg 59 1325.47 879.37 1061.6 746.76 527.75 265.21
6902227014843-back_camera1-8.jpg 59 1192.72 1159.4 963.86 905.55 457.72 507.7
6902227014843-back_camera1-4.jpg 59 1189.45 1114.29 885.78 903.38 607.35 421.81
6902227014843-back_camera2-10.jpg 59 1326.88 896.35 1061.19 763.5 531.38 265.69
6902227014843-back_camera2-12.jpg 59 1328.45 868.59 1057.29 705.48 542.33 326.21
6902227014843-back_camera2-15.jpg 59 1322.86 840.56 1058.05 589.42 529.62 502.28
6902227014843-back_camera2-13.jpg 59 1330.15 859.83 1045.12 646.85 570.07 425.95
6902227014843-back_camera2-14.jpg 59 1322.93 855.57 1045.41 621.45 555.05 468.24
6902227014843-back_camera2-16.jpg 59 1317.68 829.27 1069.09 563.58 497.18 531.38
6902227014843-back_camera2-21.jpg 59 1282.45 808.25 1143.81 544.56 277.28 527.38
6902227014843-back_camera2-18.jpg 59 1305.31 816.75 1113.62 537.02 383.38 559.45
6902227014843-back_camera2-1.jpg 59 1247.97 926.6 1113.81 658.28 268.32 536.64
6902227014843-back_camera2-20.jpg 59 1290.12 806.99 1154.01 534.76 272.22 544.45
6902227014843-back_camera2-22.jpg 59 1273.86 809.92 1105.5 539.81 336.71 540.22
6902227014843-back_camera2-23.jpg 59 1254.54 810.85 1045.41 534.64 418.26 552.42
6902227014843-back_camera2-19.jpg 59 1299.55 809.05 1141.37 537.09 316.36 543.92
6902227014843-back_camera2-25.jpg 59 1242.7 813.48 987.54 550.42 510.33 526.12
6902227014843-back_camera2-17.jpg 59 1307.74 814.98 1086.76 531.55 441.96 566.87
6902227014843-back_camera2-27.jpg 59 1224.26 822.85 951.34 603.07 545.84 439.56
6902227014843-back_camera2-24.jpg 59 1250.59 810.85 1021.73 534.64 457.72 552.42
6902227014843-back_camera2-2.jpg 59 1262.63 931.89 1102.47 663.11 320.32 537.57
6902227014843-back_camera2-28.jpg 59 1215.24 829.16 937.74 635.65 554.99 387.03
6902227014843-back_camera2-26.jpg 59 1232.47 818.19 961.85 563.58 541.25 509.22
6902227014843-back_camera2-30.jpg 59 1205.19 842.35 942.75 722.62 524.89 239.45
6902227014843-back_camera2-29.jpg 59 1208.27 836.19 934.8 675.63 546.94 321.13
6902227014843-back_camera2-31.jpg 59 1208.81 854.27 936.89 703.76 543.83 301.02
6902227014843-back_camera2-34.jpg 59 1208.89 880.27 937.86 657.34 542.07 445.86
6902227014843-back_camera2-32.jpg 59 1205.26 858.22 933.03 688.48 544.45 339.48
6902227014843-back_camera2-33.jpg 59 1208.19 872.02 927.05 673.64 562.29 396.77
6902227014843-back_camera2-36.jpg 59 1215.07 901.94 969.28 640.08 491.57 523.72
6902227014843-back_camera2-37.jpg 59 1217.58 911.84 997.16 643.05 440.84 537.57
6902227014843-back_camera2-38.jpg 59 1228.56 920.3 1046.34 647.8 364.45 545.01
6902227014843-back_camera2-35.jpg 59 1212.32 894.52 954.25 643.59 516.14 501.85
6902227014843-back_camera2-39.jpg 59 1235.68 923.88 1077.15 646.85 317.06 554.06
6902227014843-back_camera2-40.jpg 59 1244.38 929.23 1128.85 670.97 231.07 516.51
6902227014843-back_camera2-3.jpg 59 1275.54 929.53 1077.46 652.65 396.16 553.77
6902227014843-back_camera2-5.jpg 59 1292.82 922.41 1049.4 659.18 486.83 526.47
6902227014843-back_camera2-4.jpg 59 1282.45 927.32 1059.2 654.52 446.49 545.6
6902227014843-back_camera2-6.jpg 59 1309.34 915.87 1029.11 675.67 560.46 480.4
6902227014843-back_camera2-7.jpg 59 1313.16 913.91 1036.28 698.08 553.77 431.66
6902227014843-back_camera2-8.jpg 59 1315.74 906.79 1040.5 707.67 550.49 398.25
6902227014843-back_camera2-9.jpg 59 1322.99 899.46 1049.52 733.25 546.95 332.42
6902227014843-back_camera3-11.jpg 59 1403.82 1308.2 1154.01 1133.65 499.61 349.09
6902227014843-back_camera3-10.jpg 59 1409.27 1301.77 1209.46 1141.61 399.61 320.32
6902227014843-back_camera3-16.jpg 59 1380.97 1305.32 1045.65 1154.57 670.64 301.5
6902227014843-back_camera3-14.jpg 59 1403.82 1304.99 1083.55 1136.85 640.53 336.28
6902227014843-back_camera3-19.jpg 59 1402.33 1296.17 1067.02 1155.6 670.61 281.14
6902227014843-back_camera3-17.jpg 59 1379.77 1300.51 1048.35 1166.52 662.85 267.99
6902227014843-back_camera3-18.jpg 59 1390.44 1295.93 1052.89 1167.79 675.09 256.28
6902227014843-back_camera3-20.jpg 59 1396.23 1299.42 1050.48 1146.78 691.5 305.28
6902227014843-back_camera3-22.jpg 59 1390.69 1304.44 1057.68 1142.69 666.02 323.5
6902227014843-back_camera3-1.jpg 59 1395.52 1298.0 1049.06 1146.78 692.92 302.44
6902227014843-back_camera3-21.jpg 59 1395.44 1304.55 1052.1 1148.28 686.69 312.54
6902227014843-back_camera3-23.jpg 59 1383.79 1305.27 1065.05 1140.35 637.48 329.84
6902227014843-back_camera3-26.jpg 59 1376.0 1312.08 1142.42 1138.14 467.15 347.88
6902227014843-back_camera3-24.jpg 59 1378.34 1306.08 1082.6 1137.19 591.49 337.77
6902227014843-back_camera3-25.jpg 59 1376.84 1307.11 1107.64 1133.17 538.39 347.88
6902227014843-back_camera3-2.jpg 59 1385.09 1301.07 1048.07 1142.19 674.04 317.75
6902227014843-back_camera3-29.jpg 59 1419.51 1308.96 1257.76 1133.74 323.5 350.45
6902227014843-back_camera3-27.jpg 59 1376.83 1310.42 1185.49 1139.8 382.67 341.25
6902227014843-back_camera3-28.jpg 59 1386.6 1307.35 1241.5 1141.64 290.19 331.42
6902227014843-back_camera3-31.jpg 59 1429.01 1309.6 1180.52 1126.55 496.97 366.1
6902227014843-back_camera3-30.jpg 59 1424.12 1310.15 1215.16 1132.96 417.91 354.38
6902227014843-back_camera3-33.jpg 59 1426.34 1308.62 1125.7 1138.41 601.27 340.41
6902227014843-back_camera3-32.jpg 59 1425.7 1308.78 1144.08 1131.52 563.24 354.51
6902227014843-back_camera3-35.jpg 59 1417.46 1301.46 1086.11 1140.57 662.71 321.79
6902227014843-back_camera3-38.jpg 59 1407.32 1294.79 1085.41 1163.43 643.82 262.71
6902227014843-back_camera3-3.jpg 59 1376.82 1304.62 1051.31 1133.17 651.03 342.91
6902227014843-back_camera3-34.jpg 59 1422.18 1305.53 1100.33 1137.9 643.7 335.25
6902227014843-back_camera3-37.jpg 59 1405.13 1293.73 1072.71 1152.64 664.84 282.17
6902227014843-back_camera3-36.jpg 59 1412.05 1298.05 1082.21 1146.61 659.68 302.88
6902227014843-back_camera3-40.jpg 59 1396.59 1297.51 1055.93 1152.83 681.32 289.36
6902227014843-back_camera3-39.jpg 59 1407.06 1296.12 1074.05 1161.99 666.02 268.26
6902227014843-back_camera3-6.jpg 59 1365.06 1303.48 1130.78 1134.84 468.55 337.28
6902227014843-back_camera3-8.jpg 59 1373.49 1302.82 1224.65 1143.79 297.67 318.06
6902227014843-back_camera3-4.jpg 59 1372.05 1303.33 1071.56 1135.9 600.97 334.86
6902227014843-back_camera3-5.jpg 59 1367.08 1302.5 1100.67 1135.07 532.82 334.86
6902227014843-back_camera3-7.jpg 59 1364.55 1301.46 1173.21 1129.45 382.67 344.02
6902227014843_camera0-10.jpg 59 1387.7 1220.31 1209.55 1097.08 356.3 246.46
6902227014843-back_camera3-9.jpg 59 1406.09 1305.32 1240.85 1139.11 330.49 332.42
6902227014843_camera0-12.jpg 59 1434.76 1218.37 1254.38 1093.49 360.76 249.76
6902227014843_camera0-14.jpg 59 1443.99 1217.7 1176.32 1094.01 535.35 247.38
6902227014843_camera0-16.jpg 59 1440.32 1216.81 1129.73 1093.8 621.17 246.02
6902227014843_camera0-13.jpg 59 1442.16 1219.04 1196.43 1094.81 491.47 248.47
6902227014843_camera0-15.jpg 59 1439.99 1213.33 1148.0 1081.8 583.99 263.06
6902227014843_camera0-17.jpg 59 1435.98 1215.91 1109.54 1093.45 652.89 244.93
6902227014843_camera0-19.jpg 59 1425.9 1207.88 1094.45 1081.61 662.91 252.54
6902227014843_camera0-18.jpg 59 1430.41 1215.55 1097.84 1093.85 665.14 243.4
6902227014843_camera0-1.jpg 59 1385.02 1201.88 1066.65 1086.56 636.73 230.64
6902227014843_camera0-20.jpg 59 1424.45 1200.96 1097.83 1073.4 653.24 255.11
6902227014843_camera0-24.jpg 59 1421.59 1208.07 1092.76 1081.8 657.65 252.54
6902227014843_camera0-23.jpg 59 1433.69 1204.17 1107.48 1089.32 652.43 229.71
6902227014843_camera0-22.jpg 59 1442.62 1198.87 1111.17 1073.91 662.91 249.91
6902227014843_camera0-26.jpg 59 1407.42 1208.07 1110.83 1081.78 593.19 252.58
6902227014843_camera0-27.jpg 59 1398.99 1206.99 1127.83 1081.71 542.33 250.55
6902227014843_camera0-30.jpg 59 1387.81 1204.11 1211.66 1072.8 352.29 262.62
6902227014843_camera0-25.jpg 59 1415.65 1206.51 1103.03 1084.18 625.24 244.66
6902227014843_camera0-28.jpg 59 1394.98 1206.91 1152.36 1077.67 485.24 258.48
6902227014843_camera0-31.jpg 59 1412.06 1204.16 1260.51 1076.72 303.1 254.88
6902227014843_camera0-29.jpg 59 1382.13 1205.44 1166.42 1066.02 431.42 278.84
6902227014843_camera0-33.jpg 59 1416.95 1202.39 1197.32 1077.12 439.26 250.55
6902227014843_camera0-32.jpg 59 1418.23 1204.11 1211.66 1072.8 413.14 262.62
6902227014843_camera0-38.jpg 59 1388.7 1197.55 1055.93 1071.28 665.54 252.54
6902227014843_camera0-34.jpg 59 1417.46 1202.88 1158.98 1079.99 516.96 245.79
6902227014843_camera0-36.jpg 59 1406.68 1204.56 1098.61 1078.65 616.15 251.82
6902227014843_camera0-35.jpg 59 1405.81 1202.81 1121.7 1068.65 568.21 268.32
6902227014843_camera0-37.jpg 59 1391.01 1202.5 1061.14 1072.8 659.74 259.41
6902227014843_camera0-39.jpg 59 1382.07 1204.32 1053.02 1079.84 658.09 248.97
6902227014843_camera0-40.jpg 59 1379.8 1205.71 1057.93 1085.61 643.73 240.2
6902227014843_camera0-9.jpg 59 1380.75 1218.57 1164.3 1098.85 432.91 239.45
6902227014843_camera0-8.jpg 59 1379.82 1217.88 1139.58 1098.95 480.49 237.86
6902227014843_camera1-11.jpg 59 1281.6 1121.07 1107.98 869.66 347.24 502.82
6902227014843_camera1-15.jpg 59 1285.41 1111.5 996.58 875.68 577.67 471.65
6902227014843_camera1-13.jpg 59 1289.17 1118.81 1034.06 860.8 510.23 516.02
6902227014843_camera1-14.jpg 59 1287.63 1118.23 1021.22 868.47 532.82 499.52
6902227014843_camera1-17.jpg 59 1281.43 1102.39 968.34 899.46 626.19 405.86
6902227014843_camera1-19.jpg 59 1269.31 1096.83 961.85 922.28 614.91 349.09
6902227014843_camera1-12.jpg 59 1285.37 1123.28 1081.6 867.18 407.54 512.2
6902227014843_camera1-18.jpg 59 1277.43 1103.35 965.17 914.5 624.53 377.7
6902227014843_camera1-22.jpg 59 1285.32 1085.61 971.46 896.65 627.72 377.91
6902227014843_camera1-20.jpg 59 1281.38 1090.94 983.25 948.22 596.25 285.44
6902227014843_camera1-24.jpg 59 1264.05 1077.26 964.48 853.07 599.13 448.38
6902227014843_camera1-1.jpg 59 1241.84 1100.94 937.5 939.99 608.67 321.91
6902227014843_camera1-16.jpg 59 1283.05 1107.53 976.95 886.63 612.19 441.8
6902227014843_camera1-23.jpg 59 1273.94 1083.95 970.16 883.46 607.57 400.97
6902227014843_camera1-21.jpg 59 1281.58 1084.3 973.45 916.16 616.25 336.28
6902227014843_camera1-25.jpg 59 1259.83 1072.17 982.47 840.14 554.71 464.06
6902227014843_camera1-26.jpg 59 1256.5 1074.4 997.08 826.2 518.83 496.41
6902227014843_camera1-28.jpg 59 1245.96 1066.08 1043.03 823.39 405.86 485.38
6902227014843_camera1-29.jpg 59 1248.6 1066.09 1087.82 832.49 321.55 467.19
6902227014843_camera1-27.jpg 59 1254.89 1074.39 1022.7 822.99 464.38 502.81
6902227014843_camera1-30.jpg 59 1258.49 1075.22 1113.81 839.79 289.36 470.87
6902227014843_camera1-2.jpg 59 1242.34 1102.38 933.11 920.24 618.45 364.27
6902227014843_camera1-31.jpg 59 1263.56 1072.6 1089.94 838.1 347.24 469.0
6902227014843_camera1-32.jpg 59 1263.35 1080.16 1041.37 844.93 443.96 470.47
6902227014843_camera1-33.jpg 59 1258.1 1087.21 1016.3 839.01 483.6 496.41
6902227014843_camera1-36.jpg 59 1236.13 1097.58 934.93 868.72 602.4 457.72
6902227014843_camera1-34.jpg 59 1258.06 1084.53 988.48 849.83 539.16 469.39
6902227014843_camera1-35.jpg 59 1251.62 1089.34 963.01 861.78 577.22 455.11
6902227014843_camera1-37.jpg 59 1240.48 1095.22 923.42 890.25 634.12 409.94
6902227014843_camera1-39.jpg 59 1230.11 1097.19 924.62 925.58 610.97 343.22
6902227014843_camera1-38.jpg 59 1236.47 1093.7 924.87 908.96 623.21 369.48
6902227014843_camera1-40.jpg 59 1234.09 1097.56 929.69 943.91 608.79 307.29
6902227014843_camera1-3.jpg 59 1238.88 1108.03 926.62 906.26 624.51 403.53
6902227014843_camera1-7.jpg 59 1238.82 1111.28 997.55 873.42 482.53 475.73
6902227014843_camera1-6.jpg 59 1239.07 1110.15 984.56 872.29 509.03 475.73
6902227014843_camera1-5.jpg 59 1237.28 1109.63 942.64 874.24 589.29 470.79
6902227014843_camera2-10.jpg 59 1285.32 863.03 1016.3 733.32 538.04 259.41
6902227014843_camera2-12.jpg 59 1285.3 853.07 1003.13 671.4 564.34 363.34
6902227014843_camera2-11.jpg 59 1288.38 855.66 1019.6 712.94 537.57 285.44
6902227014843_camera1-8.jpg 59 1244.39 1111.75 1051.14 871.09 386.51 481.31
6902227014843_camera2-14.jpg 59 1277.68 848.6 997.95 608.63 559.45 479.93
6902227014843_camera2-15.jpg 59 1278.68 845.32 1021.79 587.63 513.79 515.37
6902227014843_camera2-13.jpg 59 1275.71 850.22 990.68 621.23 570.07 457.98
6902227014843_camera2-16.jpg 59 1275.04 846.87 1034.0 575.7 482.07 542.33
6902227014843_camera2-17.jpg 59 1270.32 850.5 1051.61 563.01 437.43 574.97
6902227014843_camera2-18.jpg 59 1266.1 839.01 1070.74 553.97 390.72 570.07
6902227014843_camera2-1.jpg 59 1271.59 886.64 1126.36 617.46 290.46 538.37
6902227014843_camera2-21.jpg 59 1261.82 846.0 1108.0 578.8 307.64 534.4
6902227014843_camera2-22.jpg 59 1261.3 851.82 1070.74 569.99 381.11 563.66
6902227014843_camera2-29.jpg 59 1246.43 864.6 970.06 711.45 552.75 306.29
6902227014843_camera2-26.jpg 59 1244.39 860.64 965.93 614.87 556.93 491.54
6902227014843_camera2-24.jpg 59 1253.3 856.62 1000.29 582.8 506.02 547.65
6902227014843_camera2-27.jpg 59 1247.9 861.75 965.96 650.29 563.89 422.91
6902227014843_camera2-2.jpg 59 1274.85 883.5 1091.93 604.33 365.84 558.34
6902227014843_camera2-25.jpg 59 1251.7 858.23 981.07 595.61 541.25 525.23
6902227014843_camera2-23.jpg 59 1255.72 851.95 1043.55 575.44 424.34 553.02
6902227014843_camera2-28.jpg 59 1238.51 863.15 946.95 670.99 583.11 384.33
6902227014843_camera2-31.jpg 59 1241.38 870.04 961.23 710.89 560.31 318.3
6902227014843_camera2-30.jpg 59 1245.07 868.74 982.06 749.81 526.02 237.86
6902227014843_camera2-32.jpg 59 1244.02 870.04 961.23 663.54 565.58 413.0
6902227014843_camera2-33.jpg 59 1251.53 873.62 975.15 660.2 552.75 426.84
6902227014843_camera2-34.jpg 59 1254.9 871.03 977.87 627.63 554.06 486.8
6902227014843_camera2-3.jpg 59 1276.53 882.62 1067.4 603.01 418.25 559.22
6902227014843_camera2-36.jpg 59 1255.86 881.87 1008.58 603.03 494.55 557.68
6902227014843_camera2-35.jpg 59 1254.9 875.84 990.68 611.62 528.44 528.44
6902227014843_camera2-38.jpg 59 1263.14 881.33 1079.64 599.97 366.99 562.72
6902227014843_camera2-5.jpg 59 1284.79 872.66 1021.73 605.66 526.12 534.01
6902227014843_camera2-37.jpg 59 1260.62 881.35 1055.24 599.17 410.77 564.36
6902227014843_camera2-4.jpg 59 1280.85 880.55 1040.15 603.03 481.4 555.05
6902227014843_camera2-6.jpg 59 1285.85 872.14 1009.24 639.71 553.21 464.86
6902227014843_camera2-40.jpg 59 1270.09 884.65 1142.84 618.1 254.5 533.1
6902227014843_camera2-7.jpg 59 1286.92 874.24 993.88 643.65 586.08 461.18
6902227014843_camera3-10.jpg 59 1404.99 1380.11 1225.29 1212.2 359.4 335.81
6902227014843_camera2-8.jpg 59 1282.16 871.35 998.06 689.84 568.21 363.02
6902227014843_camera2-39.jpg 59 1262.43 881.87 1105.91 600.4 313.04 562.94
6902227014843_camera2-9.jpg 59 1284.21 864.13 1007.98 704.92 552.46 318.42
6902227014843_camera3-11.jpg 59 1407.04 1380.12 1182.53 1205.1 449.02 350.04
6902227014843_camera3-12.jpg 59 1418.23 1385.06 1154.01 1204.11 528.44 361.9
6902227014843_camera3-17.jpg 59 1389.26 1366.75 1062.91 1211.03 652.69 311.44
6902227014843_camera3-13.jpg 59 1414.99 1380.37 1117.9 1207.36 594.18 346.02
6902227014843_camera3-16.jpg 59 1399.28 1371.57 1069.33 1209.94 659.91 323.26
6902227014843_camera3-20.jpg 59 1411.83 1353.03 1086.76 1204.11 650.14 297.84
6902227014843_camera3-21.jpg 59 1399.32 1357.5 1076.57 1193.22 645.51 328.55
6902227014843_camera3-18.jpg 59 1393.13 1367.08 1074.39 1226.74 637.48 280.68
6902227014843_camera3-15.jpg 59 1403.26 1374.33 1079.09 1209.18 648.35 330.29
6902227014843_camera3-14.jpg 59 1404.16 1376.68 1091.07 1201.09 626.19 351.19
6902227014843_camera3-24.jpg 59 1379.8 1361.04 1083.55 1181.69 592.49 358.7
6902227014843_camera3-22.jpg 59 1391.74 1356.81 1071.19 1192.81 641.1 328.0
6902227014843_camera3-19.jpg 59 1402.99 1358.27 1082.12 1223.88 641.75 268.78
6902227014843_camera3-23.jpg 59 1384.6 1357.83 1067.54 1184.89 634.12 345.88
6902227014843_camera3-26.jpg 59 1363.21 1354.69 1128.07 1182.07 470.29 345.24
6902227014843_camera3-25.jpg 59 1366.89 1355.98 1092.73 1177.9 548.33 356.16
6902227014843_camera3-30.jpg 59 1388.59 1352.16 1207.13 1185.66 362.91 333.01
6902227014843_camera3-27.jpg 59 1361.15 1357.02 1153.98 1179.32 414.34 355.4
6902227014843_camera3-28.jpg 59 1359.16 1352.78 1194.7 1180.84 328.93 343.88
6902227014843_camera3-29.jpg 59 1378.61 1351.29 1227.55 1182.0 302.12 338.58
6902227014843_camera3-31.jpg 59 1381.81 1362.61 1155.68 1177.9 452.25 369.42
6902227014843_camera3-32.jpg 59 1383.24 1356.44 1121.59 1187.56 523.3 337.77
6902227014843_camera3-36.jpg 59 1365.38 1365.84 1032.31 1194.5 666.15 342.68
6902227014843_camera3-35.jpg 59 1361.92 1360.12 1038.06 1187.84 647.72 344.57
6902227014843_camera3-34.jpg 59 1375.8 1358.84 1068.17 1188.73 615.26 340.22
6902227014843_camera3-38.jpg 59 1347.97 1359.83 1033.99 1217.11 627.96 285.44
6902227014843_camera3-33.jpg 59 1377.38 1357.09 1096.59 1180.66 561.58 352.85
6902227014843_camera3-37.jpg 59 1355.78 1364.24 1025.91 1204.11 659.74 320.26
6902227014843_camera3-39.jpg 59 1354.14 1359.82 1039.48 1225.25 629.32 269.13
6902227014843_camera3-40.jpg 59 1356.81 1364.26 1032.12 1220.28 649.38 287.97
6902227014843_camera3-3.jpg 59 1348.6 1377.06 1027.89 1216.71 641.41 320.7
6902227014843_camera3-7.jpg 59 1353.89 1381.7 1135.74 1210.44 436.31 342.52
6902227014843_camera3-5.jpg 59 1345.12 1379.65 1067.52 1206.42 555.19 346.46
6902227014843_camera3-9.jpg 59 1381.4 1381.86 1224.47 1207.31 313.86 349.09
6902227014843_camera3-4.jpg 59 1348.26 1378.77 1041.08 1212.23 614.36 333.08
6902227014843_camera3-6.jpg 59 1351.15 1382.6 1113.29 1210.54 475.73 344.11
6902227014843_camera3-8.jpg 59 1361.08 1377.74 1190.09 1202.81 341.98 349.87
