8993175540629-back_camera2-10.jpg 65 1303.23 896.14 1036.82 712.82 532.82 366.64
8993175540629-back_camera2-14.jpg 65 1313.79 876.37 1028.91 591.49 569.75 569.75
8993175540629-back_camera2-15.jpg 65 1300.07 868.66 1027.18 574.5 545.77 588.32
8993175540629-back_camera2-22.jpg 65 1296.63 830.2 1060.56 565.11 472.15 530.18
8993175540629-back_camera2-24.jpg 65 1280.15 836.38 999.47 558.08 561.36 556.6
8993175540629-back_camera2-23.jpg 65 1284.77 836.79 1028.91 559.83 511.72 553.92
8993175540629-back_camera2-28.jpg 65 1237.29 840.75 947.14 625.78 580.3 429.95
8993175540629-back_camera2-27.jpg 65 1250.48 832.84 947.14 586.21 606.68 493.25
8993175540629-back_camera2-29.jpg 65 1237.29 846.02 965.6 657.43 543.37 377.19
8993175540629-back_camera2-26.jpg 65 1257.07 836.8 955.05 570.39 604.04 532.82
8993175540629-back_camera2-31.jpg 65 1238.61 838.12 981.43 636.33 514.36 403.57
8993175540629-back_camera2-38.jpg 65 1239.93 896.14 1007.81 594.12 464.24 604.04
8993175540629-back_camera2-3.jpg 65 1254.44 911.97 997.26 625.78 514.36 572.39
8993175540629-back_camera2-40.jpg 65 1239.92 917.25 1050.01 646.88 379.83 540.73
8993175540629-back_camera2-5.jpg 65 1263.66 915.93 965.6 633.69 596.12 564.47
8993175540629-back_camera2-6.jpg 65 1280.81 902.74 970.88 636.33 619.86 532.82
8993175540629-back_camera2-7.jpg 65 1287.4 889.55 978.79 644.24 617.23 490.62
8993175540629-back_camera2-9.jpg 65 1296.64 897.47 1007.81 670.62 577.66 453.69
8993175540629-back_camera3-34.jpg 65 1375.55 1390.89 1016.47 1226.48 718.15 328.82
8993175540629-back_camera3-9.jpg 65 1350.71 1431.6 1118.59 1258.83 464.24 345.54
