6911988005397-back_camera0-28.jpg 69 1420.67 1046.22 1143.78 950.12 553.78 192.21
6911988005397-back_camera0-36.jpg 69 1429.4 1043.69 1153.48 949.34 551.85 188.71
6911988005397-back_camera0-38.jpg 69 1418.95 1042.35 1163.79 939.75 510.33 205.19
6911988005397-back_camera0-39.jpg 69 1423.08 1041.75 1204.89 950.46 436.38 182.57
6911988005397-back_camera0-4.jpg 69 1464.98 1047.61 1184.83 939.75 560.31 215.71
6911988005397-back_camera3-17.jpg 69 1419.95 1390.16 1147.44 1275.73 545.02 228.87
6911988005397-back_camera3-16.jpg 69 1420.27 1393.53 1126.96 1260.68 586.62 265.69
6911988005397-back_camera3-22.jpg 69 1426.29 1385.36 1133.62 1254.1 585.34 262.53
6911988005397_camera0-10.jpg 69 1421.59 1039.71 1166.42 926.6 510.33 226.23
6911988005397_camera0-23.jpg 69 1447.29 1039.45 1214.41 936.15 465.76 206.61
6911988005397_camera0-7.jpg 69 1449.33 1038.39 1160.23 931.72 578.2 213.34
6911988005397_camera0-5.jpg 69 1453.15 1033.13 1179.57 913.44 547.16 239.38
6911988005397_camera0-9.jpg 69 1436.1 1035.46 1157.91 934.25 556.38 202.43
6911988005397_camera0-6.jpg 69 1467.62 1033.13 1182.2 916.07 570.84 234.12
6911988005397_camera0-8.jpg 69 1446.57 1033.13 1153.26 918.7 586.62 228.86
