6920912342002-back_camera0-10.jpg 6 1335.45 1160.79 830.59 949.39 1009.72 422.79
6920912342002-back_camera0-12.jpg 6 1508.61 1161.48 1008.17 955.2 1000.88 412.56
6920912342002-back_camera0-13.jpg 6 1555.28 1160.62 986.07 952.74 1138.42 415.77
6920912342002-back_camera0-11.jpg 6 1461.05 1155.46 945.45 934.49 1031.19 441.94
6920912342002-back_camera1-34.jpg 6 1262.53 1063.16 733.72 627.53 1057.62 871.27
6920912342002-back_camera3-26.jpg 6 1412.12 1293.14 874.26 1060.51 1075.72 465.27
6920912342002-back_camera3-5.jpg 6 1296.63 1389.57 679.76 1097.58 1233.74 583.99
6920912342002-back_camera3-7.jpg 6 1284.88 1397.88 727.79 1104.42 1114.17 586.93
6920912342002-back_camera3-6.jpg 6 1283.3 1395.93 691.41 1103.35 1183.79 585.16
6920912342002_camera0-13.jpg 6 1509.7 1152.83 961.23 939.75 1096.95 426.15
6920912342002_camera0-14.jpg 6 1510.56 1156.35 925.09 957.41 1170.93 397.87
6920912342002_camera0-12.jpg 6 1509.3 1153.83 993.08 954.89 1032.44 397.87
6920912342002_camera0-15.jpg 6 1506.38 1157.24 886.57 958.02 1239.61 398.45
6920912342002_camera0-16.jpg 6 1502.91 1146.16 864.58 948.86 1276.66 394.6
6920912342002_camera0-17.jpg 6 1486.64 1152.57 854.59 959.93 1264.1 385.27
6920912342002_camera0-18.jpg 6 1476.82 1148.88 861.27 945.01 1231.11 407.74
6920912342002_camera0-19.jpg 6 1450.93 1152.93 880.07 963.19 1141.72 379.47
6920912342002_camera0-22.jpg 6 1584.68 1139.67 1021.73 934.49 1125.89 410.37
6920912342002_camera0-20.jpg 6 1485.63 1150.83 912.02 957.38 1147.22 386.9
6920912342002_camera0-21.jpg 6 1545.22 1143.62 969.12 937.12 1152.19 413.0
6920912342002_camera1-10.jpg 6 1263.78 1147.53 821.85 803.8 883.86 687.45
6920912342002_camera1-18.jpg 6 1346.23 1143.26 783.34 786.38 1125.78 713.77
6920912342002_camera1-11.jpg 6 1326.88 1158.09 879.68 813.48 894.4 689.21
6920912342002_camera1-16.jpg 6 1352.04 1176.54 742.72 756.24 1218.63 840.6
6920912342002_camera1-17.jpg 6 1347.46 1165.15 762.31 778.26 1170.31 773.79
6920912342002_camera1-19.jpg 6 1354.5 1118.63 832.33 810.85 1044.34 615.56
6920912342002_camera1-20.jpg 6 1387.26 1090.07 867.55 787.31 1039.42 605.51
6920912342002_camera1-22.jpg 6 1425.53 1089.68 884.94 695.1 1081.17 789.17
6920912342002_camera1-21.jpg 6 1444.09 1088.67 931.8 732.3 1024.57 712.75
6920912342002_camera1-35.jpg 6 1253.38 1057.16 681.37 584.63 1144.02 945.06
6920912342002_camera1-3.jpg 6 1217.2 1105.98 663.21 713.15 1107.98 785.66
6920912342002_camera1-5.jpg 6 1196.23 1144.12 607.88 705.6 1176.7 877.05
6920912342002_camera1-6.jpg 6 1190.97 1165.39 619.67 711.34 1142.6 908.11
6920912342002_camera2-11.jpg 6 1362.39 870.04 916.51 484.66 891.77 770.76
6920912342002_camera2-12.jpg 6 1359.45 855.47 862.83 388.69 993.23 933.56
6920912342002_camera2-16.jpg 6 1336.81 803.81 826.89 269.96 1019.84 1067.69
6920912342002_camera2-13.jpg 6 1360.32 844.93 843.03 362.46 1034.59 964.95
6920912342002_camera2-15.jpg 6 1348.86 824.67 822.41 294.37 1052.9 1060.6
6920912342002_camera2-14.jpg 6 1354.44 839.06 839.48 327.88 1029.92 1022.36
6920912342002_camera2-17.jpg 6 1330.83 795.07 845.49 271.58 970.68 1046.97
6920912342002_camera2-20.jpg 6 1290.22 782.4 945.24 353.06 689.97 858.68
6920912342002_camera2-1.jpg 6 1251.1 960.1 866.68 526.18 768.84 867.84
6920912342002_camera2-21.jpg 6 1272.95 763.5 871.79 305.78 802.33 915.44
6920912342002_camera2-18.jpg 6 1315.28 795.53 858.13 279.67 914.31 1031.72
6920912342002_camera2-22.jpg 6 1265.03 761.0 829.4 272.48 871.27 977.04
6920912342002_camera2-25.jpg 6 1219.03 780.6 690.28 242.64 1057.49 1075.91
6920912342002_camera2-23.jpg 6 1247.41 767.29 771.49 257.37 951.85 1019.84
6920912342002_camera2-19.jpg 6 1294.27 787.13 903.25 325.17 782.04 923.93
6920912342002_camera2-24.jpg 6 1233.07 777.67 719.5 246.7 1027.13 1061.95
6920912342002_camera2-27.jpg 6 1195.8 802.55 665.73 307.73 1060.13 989.63
6920912342002_camera2-28.jpg 6 1185.72 808.85 688.39 368.17 994.66 881.35
6920912342002_camera2-29.jpg 6 1180.85 827.0 707.9 420.79 945.89 812.42
6920912342002_camera2-30.jpg 6 1166.41 829.27 742.89 487.29 847.05 683.95
6920912342002_camera2-31.jpg 6 1169.85 867.01 708.84 452.21 922.01 829.61
6920912342002_camera2-32.jpg 6 1171.88 871.8 675.8 421.05 992.15 901.49
6920912342002_camera2-39.jpg 6 1214.68 946.08 814.3 476.45 800.77 939.26
6920912342002_camera2-33.jpg 6 1165.1 887.14 645.56 395.22 1039.08 983.84
6920912342002_camera2-40.jpg 6 1220.43 944.77 847.58 510.85 745.69 867.84
6920912342002_camera2-6.jpg 6 1322.05 948.55 785.84 437.09 1072.42 1022.92
6920912342002_camera2-5.jpg 6 1309.78 948.95 779.72 426.78 1060.12 1044.34
6920912342002_camera2-8.jpg 6 1329.47 923.81 825.43 475.04 1008.08 897.53
6920912342002_camera3-11.jpg 6 1480.78 1355.38 934.93 1108.11 1091.69 494.55
6920912342002_camera2-9.jpg 6 1338.07 907.05 862.14 501.63 951.85 810.84
6920912342002_camera3-16.jpg 6 1440.99 1349.36 828.88 1113.56 1224.21 471.59
6920912342002_camera3-10.jpg 6 1461.04 1350.12 963.86 1108.11 994.36 484.03
6920912342002_camera3-12.jpg 6 1484.12 1361.57 884.8 1128.64 1198.63 465.85
6920912342002_camera3-14.jpg 6 1465.18 1363.78 835.56 1117.15 1259.25 493.25
6920912342002_camera3-13.jpg 6 1476.58 1362.52 864.94 1124.23 1223.27 476.58
6920912342002_camera3-19.jpg 6 1520.63 1325.06 957.83 1105.98 1125.61 438.16
6920912342002_camera3-15.jpg 6 1455.16 1356.53 826.89 1121.09 1256.55 470.89
6920912342002_camera3-18.jpg 6 1442.57 1332.62 879.77 1108.5 1125.61 448.23
6920912342002_camera3-17.jpg 6 1436.47 1341.02 850.25 1104.4 1172.44 473.24
6920912342002_camera3-21.jpg 6 1544.93 1328.06 971.59 1094.6 1146.67 466.92
6920912342002_camera3-9.jpg 6 1366.34 1346.17 866.53 1092.32 999.62 507.7
