6928804010114_camera0-11.jpg 73 1401.02 757.21 1254.97 196.93 292.1 1120.57
6928804010114_camera0-10.jpg 73 1397.9 755.61 1245.33 187.4 305.15 1136.41
6928804010114_camera0-13.jpg 73 1410.9 761.15 1253.28 195.03 315.24 1132.25
6928804010114_camera0-14.jpg 73 1409.75 758.24 1255.86 187.4 307.78 1141.67
6928804010114_camera0-12.jpg 73 1402.29 757.21 1257.49 194.41 289.59 1125.61
6928804010114_camera0-15.jpg 73 1405.92 761.21 1246.75 194.18 318.34 1134.07
6928804010114_camera0-16.jpg 73 1406.96 755.89 1248.03 189.77 317.87 1132.25
6928804010114_camera0-18.jpg 73 1422.9 752.98 1263.75 187.4 318.3 1131.15
6928804010114_camera0-17.jpg 73 1417.38 757.21 1265.04 194.41 304.69 1125.61
6928804010114_camera0-21.jpg 73 1422.72 759.84 1263.79 192.4 317.87 1134.88
6928804010114_camera0-20.jpg 73 1425.53 760.87 1266.38 192.66 318.3 1136.41
6928804010114_camera0-1.jpg 73 1392.65 757.37 1238.87 200.28 307.56 1114.17
6928804010114_camera0-19.jpg 73 1423.68 758.47 1275.11 194.41 297.14 1128.12
6928804010114_camera0-22.jpg 73 1422.72 761.14 1261.16 197.65 323.12 1126.99
6928804010114_camera0-24.jpg 73 1430.79 760.87 1274.27 197.92 313.04 1125.89
6928804010114_camera0-23.jpg 73 1425.36 761.15 1266.42 192.4 317.87 1137.5
6928804010114_camera0-25.jpg 73 1429.47 759.55 1274.27 200.55 310.41 1118.0
6928804010114_camera0-29.jpg 73 1426.2 764.77 1277.63 209.52 297.14 1110.5
6928804010114_camera0-26.jpg 73 1427.98 763.77 1274.3 197.65 307.36 1132.25
6928804010114_camera0-27.jpg 73 1425.53 760.87 1269.01 195.29 313.04 1131.15
6928804010114_camera0-28.jpg 73 1424.57 763.17 1273.69 200.28 301.76 1125.78
6928804010114_camera0-2.jpg 73 1388.7 758.24 1232.18 192.66 313.04 1131.15
6928804010114_camera0-32.jpg 73 1414.87 762.25 1267.56 209.52 294.62 1105.46
6928804010114_camera0-30.jpg 73 1421.41 761.15 1261.16 205.54 320.5 1111.23
6928804010114_camera0-35.jpg 73 1410.06 763.17 1256.28 200.28 307.56 1125.78
6928804010114_camera0-31.jpg 73 1419.9 766.03 1275.11 212.04 289.59 1107.98
6928804010114_camera0-34.jpg 73 1413.69 754.29 1253.23 200.55 320.93 1107.48
6928804010114_camera0-33.jpg 73 1414.85 763.78 1258.54 202.91 312.62 1121.74
6928804010114_camera0-38.jpg 73 1399.22 766.13 1242.7 205.82 313.04 1120.63
6928804010114_camera0-36.jpg 73 1410.06 763.17 1256.28 200.28 307.56 1125.78
6928804010114_camera0-37.jpg 73 1401.71 759.84 1245.4 202.91 312.62 1113.86
6928804010114_camera0-40.jpg 73 1393.47 761.0 1252.45 207.01 282.03 1107.98
6928804010114_camera0-7.jpg 73 1387.38 760.87 1232.18 192.66 310.41 1136.41
6928804010114_camera0-3.jpg 73 1392.52 758.52 1240.15 197.65 304.73 1121.74
6928804010114_camera0-39.jpg 73 1397.9 760.87 1245.33 200.55 305.15 1120.63
6928804010114_camera0-5.jpg 73 1389.69 761.0 1247.41 207.01 284.55 1107.98
6928804010114_camera0-6.jpg 73 1392.51 762.47 1237.52 195.03 309.99 1134.88
6928804010114_camera0-4.jpg 73 1395.55 760.26 1244.67 194.47 301.76 1131.58
6928804010114_camera0-8.jpg 73 1391.33 759.55 1234.81 190.03 313.04 1139.04
6928804010114_camera0-9.jpg 73 1387.38 759.55 1224.29 192.66 326.19 1133.78
6928804010114_camera1-24.jpg 73 1288.75 712.55 1124.56 208.16 328.38 1008.78
6928804010114_camera1-25.jpg 73 1288.2 712.41 1124.06 212.53 328.28 999.77
6928804010114_camera1-29.jpg 73 1263.79 719.12 1100.91 205.54 325.75 1027.17
6928804010114_camera1-28.jpg 73 1271.34 715.66 1116.47 212.04 309.73 1007.25
6928804010114_camera1-2.jpg 73 1238.87 747.83 1070.58 240.07 336.57 1015.52
6928804010114_camera1-30.jpg 73 1260.01 713.15 1106.4 212.04 307.21 1002.22
6928804010114_camera1-33.jpg 73 1245.4 720.43 1085.15 210.79 320.5 1019.29
6928804010114_camera1-37.jpg 73 1227.68 732.2 1066.03 224.85 323.31 1014.69
6928804010114_camera1-3.jpg 73 1244.09 754.58 1079.9 242.31 328.38 1024.54
6928804010114_camera1-38.jpg 73 1230.95 732.25 1069.39 226.55 323.12 1011.41
6928804010114_camera1-39.jpg 73 1223.95 730.6 1062.25 220.81 323.41 1019.57
6928804010114_camera1-36.jpg 73 1232.3 729.51 1073.66 224.63 317.28 1009.77
6928804010114_camera1-40.jpg 73 1226.91 745.09 1061.19 234.75 331.45 1020.67
6928804010114_camera1-5.jpg 73 1246.71 753.26 1082.52 250.19 328.38 1006.15
6928804010114_camera1-6.jpg 73 1249.28 755.61 1079.61 258.43 339.34 994.36
6928804010114_camera1-4.jpg 73 1243.63 752.18 1086.25 247.3 314.77 1009.77
6928804010114_camera1-7.jpg 73 1258.48 759.55 1092.76 253.17 331.45 1012.77
6928804010114_camera1-8.jpg 73 1266.3 754.7 1106.4 259.89 319.8 989.63
6928804010114_camera1-9.jpg 73 1265.07 756.92 1087.5 250.54 355.13 1012.77
6928804010114_camera3-10.jpg 73 1390.02 925.28 1226.92 345.24 326.19 1160.09
6928804010114_camera3-13.jpg 73 1404.27 928.55 1255.49 355.12 297.55 1146.87
6928804010114_camera3-14.jpg 73 1407.12 920.02 1255.86 342.61 302.52 1154.83
6928804010114_camera3-15.jpg 73 1405.65 927.97 1253.28 350.02 304.74 1155.89
6928804010114_camera3-17.jpg 73 1404.34 922.72 1245.4 344.77 317.87 1155.89
6928804010114_camera3-18.jpg 73 1405.8 916.08 1250.6 345.24 310.41 1141.67
6928804010114_camera3-1.jpg 73 1354.42 933.22 1198.11 347.39 312.62 1171.65
6928804010114_camera3-16.jpg 73 1409.48 922.51 1259.47 351.62 300.02 1141.79
6928804010114_camera3-22.jpg 73 1395.14 921.39 1234.89 347.39 320.5 1148.01
6928804010114_camera3-21.jpg 73 1404.84 921.84 1256.0 356.06 297.67 1131.56
6928804010114_camera3-24.jpg 73 1392.57 920.0 1243.64 359.89 297.86 1120.21
6928804010114_camera3-2.jpg 73 1357.04 931.9 1198.11 347.39 317.87 1169.03
6928804010114_camera3-35.jpg 73 1345.66 925.47 1198.19 353.4 294.95 1144.13
6928804010114_camera3-37.jpg 73 1341.85 927.19 1197.05 355.58 289.59 1143.23
6928804010114_camera3-38.jpg 73 1343.32 923.99 1180.84 343.69 324.97 1160.6
6928804010114_camera3-36.jpg 73 1343.11 924.67 1199.57 353.06 287.07 1143.23
6928804010114_camera3-3.jpg 73 1360.99 931.9 1203.37 347.39 315.24 1169.03
6928804010114_camera3-39.jpg 73 1343.1 923.42 1197.05 353.06 292.1 1140.72
6928804010114_camera3-4.jpg 73 1363.61 929.28 1205.99 344.77 315.24 1169.03
6928804010114_camera3-40.jpg 73 1343.32 926.89 1186.64 343.69 313.36 1166.4
6928804010114_camera3-6.jpg 73 1372.06 927.19 1224.75 350.54 294.62 1153.31
6928804010114_camera3-7.jpg 73 1379.38 933.22 1221.76 347.39 315.24 1171.65
6928804010114_camera3-5.jpg 73 1367.02 926.83 1220.25 349.46 293.54 1154.74
6928804010114_camera3-9.jpg 73 1389.75 929.8 1233.07 349.5 313.36 1160.6
6928804010114_camera3-8.jpg 73 1382.13 930.97 1234.82 353.06 294.62 1155.82
