6935145301030_camera0-16.jpg 88 1396.59 833.22 1247.96 342.61 297.26 981.21
6935145301030_camera0-1.jpg 88 1384.75 837.16 1245.33 339.98 278.84 994.36
6935145301030_camera0-21.jpg 88 1431.24 832.75 1295.26 342.98 271.96 979.55
6935145301030_camera0-23.jpg 88 1439.08 835.7 1296.9 339.55 284.35 992.31
6935145301030_camera0-19.jpg 88 1416.32 833.2 1271.64 334.71 289.36 996.99
6935145301030_camera0-20.jpg 88 1427.98 836.02 1284.81 339.51 286.35 993.02
6935145301030_camera0-22.jpg 88 1435.02 834.02 1297.78 342.98 274.48 982.07
6935145301030_camera0-24.jpg 88 1437.37 838.48 1295.32 345.24 284.1 986.47
6935145301030_camera0-2.jpg 88 1380.81 835.85 1242.7 347.87 276.21 975.95
6935145301030_camera0-36.jpg 88 1409.74 831.89 1269.01 347.87 281.47 968.05
6935145301030_camera0-39.jpg 88 1388.7 834.52 1247.96 350.5 281.47 968.05
6935145301030_camera0-38.jpg 88 1397.91 834.52 1261.12 353.13 273.58 962.79
6935145301030_camera0-3.jpg 88 1375.44 832.08 1234.89 342.14 281.09 979.88
6935145301030_camera0-37.jpg 88 1404.8 837.81 1267.56 355.58 274.48 964.45
6935145301030_camera0-4.jpg 88 1376.22 836.87 1237.36 352.67 277.73 968.4
6935145301030_camera0-6.jpg 88 1371.6 833.21 1226.92 350.5 289.36 965.42
6935145301030_camera0-5.jpg 88 1373.87 835.31 1238.81 354.29 270.11 962.03
6935145301030_camera0-8.jpg 88 1376.86 837.16 1232.18 342.61 289.36 989.1
6935145301030_camera0-7.jpg 88 1371.49 833.39 1232.26 339.51 278.46 987.76
6935145301030_camera3-13.jpg 88 1395.28 997.62 1247.96 495.18 294.63 1004.88
