6906151601353_camera0-10.jpg 90 1449.56 1022.73 1291.38 731.34 316.36 582.77
6906151601353_camera0-13.jpg 90 1449.33 1015.37 1284.39 720.73 329.87 589.28
6906151601353_camera0-12.jpg 90 1451.41 1018.66 1292.84 731.64 317.15 574.05
6906151601353_camera0-14.jpg 90 1436.52 1018.58 1277.99 720.73 317.06 595.69
6906151601353_camera0-17.jpg 90 1412.38 1023.92 1282.16 729.3 260.43 589.25
6906151601353_camera0-19.jpg 90 1403.85 1023.35 1297.08 732.73 213.54 581.23
6906151601353_camera0-15.jpg 90 1420.27 1025.24 1269.01 734.56 302.52 581.36
6906151601353_camera0-18.jpg 90 1410.89 1023.38 1294.0 727.13 233.79 592.49
6906151601353_camera0-21.jpg 90 1393.62 1019.4 1321.49 732.12 144.25 574.56
6906151601353_camera0-25.jpg 90 1376.86 1025.24 1255.86 729.3 242.01 591.88
6906151601353_camera0-24.jpg 90 1374.24 1025.24 1266.38 734.56 215.71 581.36
6906151601353_camera0-26.jpg 90 1364.45 1021.77 1226.74 723.93 275.43 595.69
6906151601353_camera0-27.jpg 90 1365.11 1021.93 1223.29 729.19 283.64 585.47
6906151601353_camera0-28.jpg 90 1358.44 1030.5 1200.61 734.56 315.67 591.88
6906151601353_camera0-29.jpg 90 1359.81 1022.34 1205.99 732.94 307.64 578.8
6906151601353_camera0-33.jpg 90 1362.39 1016.03 1200.61 721.41 323.56 589.25
6906151601353_camera0-34.jpg 90 1363.28 1022.57 1212.63 729.2 301.3 586.73
6906151601353_camera0-31.jpg 90 1359.66 1023.38 1191.52 727.13 336.28 592.49
6906151601353_camera0-32.jpg 90 1355.22 1017.55 1195.21 725.42 320.01 584.26
6906151601353_camera0-39.jpg 90 1399.1 1029.97 1307.52 730.26 183.16 599.42
6906151601353_camera0-36.jpg 90 1374.23 1026.56 1219.03 718.78 310.41 615.56
6906151601353_camera0-37.jpg 90 1377.03 1026.97 1245.51 729.39 263.04 595.17
6906151601353_camera1-10.jpg 90 1307.57 957.57 1154.94 720.76 305.26 473.61
6906151601353_camera0-6.jpg 90 1447.73 1032.99 1300.41 730.34 294.64 605.3
6906151601353_camera0-9.jpg 90 1457.77 1024.53 1303.95 731.17 307.64 586.73
6906151601353_camera1-13.jpg 90 1298.24 951.21 1146.12 706.96 304.25 488.5
6906151601353_camera1-11.jpg 90 1307.15 958.16 1145.37 716.15 323.56 484.03
6906151601353_camera1-14.jpg 90 1291.81 952.81 1152.26 702.26 279.09 501.1
6906151601353_camera1-12.jpg 90 1297.94 955.53 1132.22 710.89 331.45 489.29
6906151601353_camera1-15.jpg 90 1285.63 951.01 1151.08 698.88 269.1 504.26
6906151601353_camera1-16.jpg 90 1279.41 953.14 1162.07 695.46 234.69 515.37
6906151601353_camera1-22.jpg 90 1242.76 960.92 1146.68 691.9 192.16 538.04
6906151601353_camera1-23.jpg 90 1238.95 964.57 1143.81 696.8 190.29 535.54
6906151601353_camera1-24.jpg 90 1236.35 965.74 1117.85 695.11 237.0 541.25
6906151601353_camera1-33.jpg 90 1222.97 996.31 1061.19 745.09 323.56 502.44
6906151601353_camera1-35.jpg 90 1233.15 1013.77 1085.83 739.94 294.64 547.65
6906151601353_camera1-34.jpg 90 1217.71 1001.56 1061.19 742.45 313.04 518.22
6906151601353_camera1-9.jpg 90 1311.62 970.53 1146.68 723.93 329.87 493.21
6906151601353_camera3-10.jpg 90 1428.16 1177.81 1258.49 876.61 339.34 602.4
6906151601353_camera3-15.jpg 90 1389.91 1182.83 1271.66 884.48 236.51 596.7
6906151601353_camera3-19.jpg 90 1364.79 1181.02 1290.85 881.01 147.88 600.02
6906151601353_camera3-23.jpg 90 1343.89 1187.59 1222.68 882.73 242.43 609.71
6906151601353_camera3-22.jpg 90 1342.66 1183.08 1226.92 873.98 231.49 618.19
6906151601353_camera3-28.jpg 90 1318.99 1190.97 1142.74 889.77 352.5 602.4
6906151601353_camera3-29.jpg 90 1322.94 1188.35 1150.63 881.88 344.61 612.93
6906151601353_camera3-37.jpg 90 1362.97 1212.32 1256.3 894.13 213.34 636.38
6906151601353_camera3-36.jpg 90 1355.06 1211.64 1242.2 897.13 225.71 629.02
6906151601353_camera3-39.jpg 90 1389.59 1214.75 1317.88 895.09 143.42 639.32
6906151601353_camera3-5.jpg 90 1428.16 1196.22 1271.64 879.24 313.04 633.97
6906151601353_camera3-8.jpg 90 1423.66 1185.08 1266.67 890.92 313.98 588.32
6906151601353_camera3-6.jpg 90 1420.27 1189.65 1261.12 879.24 318.3 620.82
6906151601353_camera3-7.jpg 90 1426.91 1180.31 1258.77 877.66 336.28 605.3
6906151601353_camera3-9.jpg 90 1425.54 1182.04 1269.34 889.46 312.4 585.15
