6907992510446_camera0-11.jpg 97 1424.02 1109.31 1305.68 903.59 236.67 411.43
6907992510446_camera0-10.jpg 97 1417.46 1110.75 1295.12 899.57 244.68 422.35
6907992510446_camera0-15.jpg 97 1440.37 1111.4 1313.28 902.08 254.18 418.64
6907992510446_camera0-13.jpg 97 1438.85 1111.25 1306.12 902.76 265.46 416.98
6907992510446_camera0-16.jpg 97 1441.71 1108.57 1318.02 899.25 247.38 418.64
6907992510446_camera0-26.jpg 97 1419.98 1106.62 1293.12 902.05 253.72 409.13
6907992510446_camera0-24.jpg 97 1431.47 1105.61 1313.22 901.04 236.51 409.13
6907992510446_camera0-29.jpg 97 1399.3 1104.44 1280.37 900.56 237.86 407.77
6907992510446_camera0-27.jpg 97 1411.84 1104.05 1283.52 895.73 256.63 416.64
6907992510446_camera0-30.jpg 97 1397.33 1103.99 1275.75 897.04 243.15 413.91
6907992510446_camera0-31.jpg 97 1396.41 1100.99 1278.86 897.94 235.11 406.1
6907992510446_camera0-28.jpg 97 1407.39 1104.3 1284.48 902.74 245.83 403.11
6907992510446_camera0-32.jpg 97 1386.49 1104.2 1266.65 903.48 239.67 401.44
6907992510446_camera0-33.jpg 97 1381.06 1104.62 1254.26 901.92 253.6 405.41
6907992510446_camera0-3.jpg 97 1377.03 1113.59 1272.09 903.19 209.88 420.79
6907992510446_camera0-5.jpg 97 1384.26 1111.99 1259.77 901.55 248.99 420.89
6907992510446_camera0-8.jpg 97 1403.35 1110.51 1269.38 893.24 267.93 434.53
6907992510446_camera0-7.jpg 97 1396.94 1110.64 1265.51 898.69 262.86 423.91
6907992510446_camera1-13.jpg 97 1298.46 1048.72 1172.63 848.92 251.65 399.61
6907992510446_camera1-12.jpg 97 1295.36 1048.84 1169.63 854.47 251.46 388.74
6907992510446_camera0-9.jpg 97 1412.23 1112.27 1287.03 903.95 250.4 416.64
6907992510446_camera1-27.jpg 97 1270.52 1005.75 1147.19 809.52 246.66 392.46
6907992510446_camera1-5.jpg 97 1250.6 1055.49 1121.7 842.42 257.8 426.15
6907992510446_camera1-6.jpg 97 1250.5 1055.29 1121.84 848.49 257.32 413.59
6907992510446_camera1-7.jpg 97 1255.86 1060.76 1121.7 855.57 268.32 410.37
6907992510446_camera3-26.jpg 97 1380.03 1258.82 1250.85 1044.21 258.37 429.22
6907992510446_camera3-25.jpg 97 1386.22 1262.64 1256.87 1046.53 258.71 432.22
6907992510446_camera3-24.jpg 97 1392.46 1261.17 1265.6 1045.51 253.72 431.33
6907992510446_camera3-28.jpg 97 1368.25 1258.14 1246.98 1047.78 242.53 420.72
6907992510446_camera3-27.jpg 97 1372.92 1259.11 1249.28 1048.19 247.28 421.83
6907992510446_camera3-2.jpg 97 1348.73 1280.74 1237.04 1055.28 223.38 450.92
6907992510446_camera3-3.jpg 97 1353.03 1281.43 1227.53 1056.5 250.99 449.86
6907992510446_camera3-6.jpg 97 1369.72 1283.74 1238.97 1061.84 261.49 443.81
6907992510446_camera3-7.jpg 97 1370.15 1277.74 1239.23 1062.32 261.85 430.84
6907992510446_camera3-9.jpg 97 1392.68 1278.83 1271.99 1064.42 241.39 428.82
