6907992511559_camera0-10.jpg 98 1430.31 1110.97 1310.89 900.1 238.84 421.75
6907992511559_camera0-13.jpg 98 1459.72 1113.37 1324.25 902.92 270.95 420.89
6907992511559_camera0-14.jpg 98 1462.31 1110.3 1329.25 900.9 266.11 418.8
6907992511559_camera0-28.jpg 98 1397.11 1101.65 1274.78 902.43 244.66 398.45
6907992511559_camera0-29.jpg 98 1387.35 1099.25 1264.23 897.17 246.24 404.17
6907992511559_camera0-6.jpg 98 1396.2 1114.96 1264.41 899.83 263.57 430.26
6907992511559_camera0-3.jpg 98 1370.28 1110.74 1247.96 887.14 244.64 447.2
6907992511559_camera0-7.jpg 98 1404.91 1116.57 1276.47 901.81 256.89 429.52
6907992511559_camera0-8.jpg 98 1408.92 1106.94 1273.87 893.4 270.11 427.08
6907992511559_camera0-9.jpg 98 1420.43 1113.57 1290.21 897.92 260.45 431.3
6907992511559_camera1-13.jpg 98 1321.81 1052.41 1193.07 852.61 257.48 399.61
6907992511559_camera3-18.jpg 98 1389.59 1260.57 1273.22 1051.73 232.73 417.67
6907992511559_camera3-19.jpg 98 1393.7 1261.76 1272.79 1048.57 241.82 426.38
6907992511559_camera3-20.jpg 98 1391.58 1262.29 1262.48 1047.74 258.19 429.1
6907992511559_camera3-22.jpg 98 1386.07 1254.11 1250.6 1031.82 270.95 444.57
6907992511559_camera3-21.jpg 98 1392.85 1262.34 1269.16 1045.88 247.38 432.91
6907992511559_camera3-31.jpg 98 1367.65 1259.37 1237.44 1037.08 260.43 444.57
